,datetime,trading_date,high,total_turnover,volume,open_interest,open,close,low,sid,de_listed_date,maturity_date,option_type,strike_price,listed_date
0,2015-04-08 09:31:00,2015-04-08,0.0004,0.0,0.0,0.0,0.0004,0.0004,0.0004,10000018,2015-04-22,2015-04-22,P,2.3,2015-02-09
1,2015-04-08 09:32:00,2015-04-08,0.0004,0.0,0.0,0.0,0.0004,0.0004,0.0004,10000018,2015-04-22,2015-04-22,P,2.3,2015-02-09
2,2015-04-08 09:33:00,2015-04-08,0.0004,0.0,0.0,0.0,0.0004,0.0004,0.0004,10000018,2015-04-22,2015-04-22,P,2.3,2015-02-09
3,2015-04-08 09:34:00,2015-04-08,0.0004,-304.0,-98.0,1659.0,0.0004,0.0004,0.0004,10000018,2015-04-22,2015-04-22,P,2.3,2015-02-09
4,2015-04-08 09:35:00,2015-04-08,0.0004,0.0,0.0,1659.0,0.0004,0.0004,0.0004,10000018,2015-04-22,2015-04-22,P,2.3,2015-02-09
5,2015-04-08 09:36:00,2015-04-08,0.0004,0.0,0.0,1659.0,0.0004,0.0004,0.0004,10000018,2015-04-22,2015-04-22,P,2.3,2015-02-09
6,2015-04-08 09:37:00,2015-04-08,0.0004,0.0,0.0,1659.0,0.0004,0.0004,0.0004,10000018,2015-04-22,2015-04-22,P,2.3,2015-02-09
7,2015-04-08 09:38:00,2015-04-08,0.0004,0.0,0.0,1659.0,0.0004,0.0004,0.0004,10000018,2015-04-22,2015-04-22,P,2.3,2015-02-09
8,2015-04-08 09:39:00,2015-04-08,0.0004,0.0,0.0,1659.0,0.0004,0.0004,0.0004,10000018,2015-04-22,2015-04-22,P,2.3,2015-02-09
9,2015-04-08 09:40:00,2015-04-08,0.0004,0.0,0.0,1659.0,0.0004,0.0004,0.0004,10000018,2015-04-22,2015-04-22,P,2.3,2015-02-09
10,2015-04-08 09:41:00,2015-04-08,0.0004,0.0,0.0,1659.0,0.0004,0.0004,0.0004,10000018,2015-04-22,2015-04-22,P,2.3,2015-02-09
11,2015-04-08 09:42:00,2015-04-08,0.0004,0.0,0.0,1659.0,0.0004,0.0004,0.0004,10000018,2015-04-22,2015-04-22,P,2.3,2015-02-09
12,2015-04-08 09:43:00,2015-04-08,0.0004,0.0,0.0,1659.0,0.0004,0.0004,0.0004,10000018,2015-04-22,2015-04-22,P,2.3,2015-02-09
13,2015-04-08 09:44:00,2015-04-08,0.0004,0.0,0.0,1659.0,0.0004,0.0004,0.0004,10000018,2015-04-22,2015-04-22,P,2.3,2015-02-09
14,2015-04-08 09:45:00,2015-04-08,0.0004,0.0,0.0,1659.0,0.0004,0.0004,0.0004,10000018,2015-04-22,2015-04-22,P,2.3,2015-02-09
15,2015-04-08 09:46:00,2015-04-08,0.0004,0.0,0.0,1659.0,0.0004,0.0004,0.0004,10000018,2015-04-22,2015-04-22,P,2.3,2015-02-09
16,2015-04-08 09:47:00,2015-04-08,0.0004,0.0,0.0,1659.0,0.0004,0.0004,0.0004,10000018,2015-04-22,2015-04-22,P,2.3,2015-02-09
17,2015-04-08 09:48:00,2015-04-08,0.0004,0.0,0.0,1659.0,0.0004,0.0004,0.0004,10000018,2015-04-22,2015-04-22,P,2.3,2015-02-09
18,2015-04-08 09:49:00,2015-04-08,0.0004,0.0,0.0,1659.0,0.0004,0.0004,0.0004,10000018,2015-04-22,2015-04-22,P,2.3,2015-02-09
19,2015-04-08 09:50:00,2015-04-08,0.0004,0.0,0.0,1659.0,0.0004,0.0004,0.0004,10000018,2015-04-22,2015-04-22,P,2.3,2015-02-09
20,2015-04-08 09:51:00,2015-04-08,0.0004,0.0,0.0,1659.0,0.0004,0.0004,0.0004,10000018,2015-04-22,2015-04-22,P,2.3,2015-02-09
21,2015-04-08 09:52:00,2015-04-08,0.0004,0.0,0.0,1659.0,0.0004,0.0004,0.0004,10000018,2015-04-22,2015-04-22,P,2.3,2015-02-09
22,2015-04-08 09:53:00,2015-04-08,0.0004,0.0,0.0,1659.0,0.0004,0.0004,0.0004,10000018,2015-04-22,2015-04-22,P,2.3,2015-02-09
23,2015-04-08 09:54:00,2015-04-08,0.0004,0.0,0.0,1659.0,0.0004,0.0004,0.0004,10000018,2015-04-22,2015-04-22,P,2.3,2015-02-09
24,2015-04-08 09:55:00,2015-04-08,0.0004,0.0,0.0,1659.0,0.0004,0.0004,0.0004,10000018,2015-04-22,2015-04-22,P,2.3,2015-02-09
25,2015-04-08 09:56:00,2015-04-08,0.0004,0.0,0.0,1659.0,0.0004,0.0004,0.0004,10000018,2015-04-22,2015-04-22,P,2.3,2015-02-09
26,2015-04-08 09:57:00,2015-04-08,0.0004,0.0,0.0,1659.0,0.0004,0.0004,0.0004,10000018,2015-04-22,2015-04-22,P,2.3,2015-02-09
27,2015-04-08 09:58:00,2015-04-08,0.0004,0.0,0.0,1659.0,0.0004,0.0004,0.0004,10000018,2015-04-22,2015-04-22,P,2.3,2015-02-09
28,2015-04-08 09:59:00,2015-04-08,0.0004,0.0,0.0,1659.0,0.0004,0.0004,0.0004,10000018,2015-04-22,2015-04-22,P,2.3,2015-02-09
29,2015-04-08 10:00:00,2015-04-08,0.0004,0.0,0.0,1659.0,0.0004,0.0004,0.0004,10000018,2015-04-22,2015-04-22,P,2.3,2015-02-09
30,2015-04-08 10:01:00,2015-04-08,0.0004,0.0,0.0,1659.0,0.0004,0.0004,0.0004,10000018,2015-04-22,2015-04-22,P,2.3,2015-02-09
31,2015-04-08 10:02:00,2015-04-08,0.0004,0.0,0.0,1659.0,0.0004,0.0004,0.0004,10000018,2015-04-22,2015-04-22,P,2.3,2015-02-09
32,2015-04-08 10:03:00,2015-04-08,0.0004,0.0,0.0,1659.0,0.0004,0.0004,0.0004,10000018,2015-04-22,2015-04-22,P,2.3,2015-02-09
33,2015-04-08 10:04:00,2015-04-08,0.0004,0.0,0.0,1659.0,0.0004,0.0004,0.0004,10000018,2015-04-22,2015-04-22,P,2.3,2015-02-09
34,2015-04-08 10:05:00,2015-04-08,0.0004,0.0,0.0,1659.0,0.0004,0.0004,0.0004,10000018,2015-04-22,2015-04-22,P,2.3,2015-02-09
35,2015-04-08 10:06:00,2015-04-08,0.0004,0.0,0.0,1659.0,0.0004,0.0004,0.0004,10000018,2015-04-22,2015-04-22,P,2.3,2015-02-09
36,2015-04-08 10:07:00,2015-04-08,0.0004,0.0,0.0,1659.0,0.0004,0.0004,0.0004,10000018,2015-04-22,2015-04-22,P,2.3,2015-02-09
37,2015-04-08 10:08:00,2015-04-08,0.0004,0.0,0.0,1659.0,0.0004,0.0004,0.0004,10000018,2015-04-22,2015-04-22,P,2.3,2015-02-09
38,2015-04-08 10:09:00,2015-04-08,0.0004,0.0,0.0,1659.0,0.0004,0.0004,0.0004,10000018,2015-04-22,2015-04-22,P,2.3,2015-02-09
39,2015-04-08 10:10:00,2015-04-08,0.0004,0.0,0.0,1659.0,0.0004,0.0004,0.0004,10000018,2015-04-22,2015-04-22,P,2.3,2015-02-09
40,2015-04-08 10:11:00,2015-04-08,0.0004,0.0,0.0,1659.0,0.0004,0.0004,0.0004,10000018,2015-04-22,2015-04-22,P,2.3,2015-02-09
41,2015-04-08 10:12:00,2015-04-08,0.0004,0.0,0.0,1659.0,0.0004,0.0004,0.0004,10000018,2015-04-22,2015-04-22,P,2.3,2015-02-09
42,2015-04-08 10:13:00,2015-04-08,0.0004,0.0,0.0,1659.0,0.0004,0.0004,0.0004,10000018,2015-04-22,2015-04-22,P,2.3,2015-02-09
43,2015-04-08 10:14:00,2015-04-08,0.0004,0.0,0.0,1659.0,0.0004,0.0004,0.0004,10000018,2015-04-22,2015-04-22,P,2.3,2015-02-09
44,2015-04-08 10:15:00,2015-04-08,0.0004,0.0,0.0,1659.0,0.0004,0.0004,0.0004,10000018,2015-04-22,2015-04-22,P,2.3,2015-02-09
45,2015-04-08 10:16:00,2015-04-08,0.0003,30.0,10.0,1659.0,0.0003,0.0003,0.0003,10000018,2015-04-22,2015-04-22,P,2.3,2015-02-09
46,2015-04-08 10:17:00,2015-04-08,0.0003,0.0,0.0,1659.0,0.0003,0.0003,0.0003,10000018,2015-04-22,2015-04-22,P,2.3,2015-02-09
47,2015-04-08 10:18:00,2015-04-08,0.0003,0.0,0.0,1659.0,0.0003,0.0003,0.0003,10000018,2015-04-22,2015-04-22,P,2.3,2015-02-09
48,2015-04-08 10:19:00,2015-04-08,0.0003,0.0,0.0,1659.0,0.0003,0.0003,0.0003,10000018,2015-04-22,2015-04-22,P,2.3,2015-02-09
49,2015-04-08 10:20:00,2015-04-08,0.0004,20.0,5.0,1659.0,0.0004,0.0004,0.0004,10000018,2015-04-22,2015-04-22,P,2.3,2015-02-09
50,2015-04-08 10:21:00,2015-04-08,0.0004,0.0,0.0,1659.0,0.0004,0.0004,0.0004,10000018,2015-04-22,2015-04-22,P,2.3,2015-02-09
51,2015-04-08 10:22:00,2015-04-08,0.0004,0.0,0.0,1659.0,0.0004,0.0004,0.0004,10000018,2015-04-22,2015-04-22,P,2.3,2015-02-09
52,2015-04-08 10:23:00,2015-04-08,0.0004,8.0,2.0,1661.0,0.0004,0.0004,0.0004,10000018,2015-04-22,2015-04-22,P,2.3,2015-02-09
53,2015-04-08 10:24:00,2015-04-08,0.0004,0.0,0.0,1661.0,0.0004,0.0004,0.0004,10000018,2015-04-22,2015-04-22,P,2.3,2015-02-09
54,2015-04-08 10:25:00,2015-04-08,0.0004,0.0,0.0,1661.0,0.0004,0.0004,0.0004,10000018,2015-04-22,2015-04-22,P,2.3,2015-02-09
55,2015-04-08 10:26:00,2015-04-08,0.0004,0.0,0.0,1661.0,0.0004,0.0004,0.0004,10000018,2015-04-22,2015-04-22,P,2.3,2015-02-09
56,2015-04-08 10:27:00,2015-04-08,0.0004,0.0,0.0,1661.0,0.0004,0.0004,0.0004,10000018,2015-04-22,2015-04-22,P,2.3,2015-02-09
57,2015-04-08 10:28:00,2015-04-08,0.0004,0.0,0.0,1661.0,0.0004,0.0004,0.0004,10000018,2015-04-22,2015-04-22,P,2.3,2015-02-09
58,2015-04-08 10:29:00,2015-04-08,0.0004,0.0,0.0,1661.0,0.0004,0.0004,0.0004,10000018,2015-04-22,2015-04-22,P,2.3,2015-02-09
59,2015-04-08 10:30:00,2015-04-08,0.0004,0.0,0.0,1661.0,0.0004,0.0004,0.0004,10000018,2015-04-22,2015-04-22,P,2.3,2015-02-09
60,2015-04-08 10:31:00,2015-04-08,0.0004,0.0,0.0,1661.0,0.0004,0.0004,0.0004,10000018,2015-04-22,2015-04-22,P,2.3,2015-02-09
61,2015-04-08 10:32:00,2015-04-08,0.0004,0.0,0.0,1661.0,0.0004,0.0004,0.0004,10000018,2015-04-22,2015-04-22,P,2.3,2015-02-09
62,2015-04-08 10:33:00,2015-04-08,0.0004,0.0,0.0,1661.0,0.0004,0.0004,0.0004,10000018,2015-04-22,2015-04-22,P,2.3,2015-02-09
63,2015-04-08 10:34:00,2015-04-08,0.0004,0.0,0.0,1661.0,0.0004,0.0004,0.0004,10000018,2015-04-22,2015-04-22,P,2.3,2015-02-09
64,2015-04-08 10:35:00,2015-04-08,0.0004,0.0,0.0,1661.0,0.0004,0.0004,0.0004,10000018,2015-04-22,2015-04-22,P,2.3,2015-02-09
65,2015-04-08 10:36:00,2015-04-08,0.0004,0.0,0.0,1661.0,0.0004,0.0004,0.0004,10000018,2015-04-22,2015-04-22,P,2.3,2015-02-09
66,2015-04-08 10:37:00,2015-04-08,0.0004,0.0,0.0,1661.0,0.0004,0.0004,0.0004,10000018,2015-04-22,2015-04-22,P,2.3,2015-02-09
67,2015-04-08 10:38:00,2015-04-08,0.0004,0.0,0.0,1661.0,0.0004,0.0004,0.0004,10000018,2015-04-22,2015-04-22,P,2.3,2015-02-09
68,2015-04-08 10:39:00,2015-04-08,0.0004,0.0,0.0,1661.0,0.0004,0.0004,0.0004,10000018,2015-04-22,2015-04-22,P,2.3,2015-02-09
69,2015-04-08 10:40:00,2015-04-08,0.0004,0.0,0.0,1661.0,0.0004,0.0004,0.0004,10000018,2015-04-22,2015-04-22,P,2.3,2015-02-09
70,2015-04-08 10:41:00,2015-04-08,0.0004,0.0,0.0,1661.0,0.0004,0.0004,0.0004,10000018,2015-04-22,2015-04-22,P,2.3,2015-02-09
71,2015-04-08 10:42:00,2015-04-08,0.0004,0.0,0.0,1661.0,0.0004,0.0004,0.0004,10000018,2015-04-22,2015-04-22,P,2.3,2015-02-09
72,2015-04-08 10:43:00,2015-04-08,0.0004,0.0,0.0,1661.0,0.0004,0.0004,0.0004,10000018,2015-04-22,2015-04-22,P,2.3,2015-02-09
73,2015-04-08 10:44:00,2015-04-08,0.0004,0.0,0.0,1661.0,0.0004,0.0004,0.0004,10000018,2015-04-22,2015-04-22,P,2.3,2015-02-09
74,2015-04-08 10:45:00,2015-04-08,0.0004,0.0,0.0,1661.0,0.0004,0.0004,0.0004,10000018,2015-04-22,2015-04-22,P,2.3,2015-02-09
75,2015-04-08 10:46:00,2015-04-08,0.0004,0.0,0.0,1661.0,0.0004,0.0004,0.0004,10000018,2015-04-22,2015-04-22,P,2.3,2015-02-09
76,2015-04-08 10:47:00,2015-04-08,0.0004,0.0,0.0,1661.0,0.0004,0.0004,0.0004,10000018,2015-04-22,2015-04-22,P,2.3,2015-02-09
77,2015-04-08 10:48:00,2015-04-08,0.0004,0.0,0.0,1661.0,0.0004,0.0004,0.0004,10000018,2015-04-22,2015-04-22,P,2.3,2015-02-09
78,2015-04-08 10:49:00,2015-04-08,0.0004,0.0,0.0,1661.0,0.0004,0.0004,0.0004,10000018,2015-04-22,2015-04-22,P,2.3,2015-02-09
79,2015-04-08 10:50:00,2015-04-08,0.0004,0.0,0.0,1661.0,0.0004,0.0004,0.0004,10000018,2015-04-22,2015-04-22,P,2.3,2015-02-09
80,2015-04-08 10:51:00,2015-04-08,0.0004,0.0,0.0,1661.0,0.0004,0.0004,0.0004,10000018,2015-04-22,2015-04-22,P,2.3,2015-02-09
81,2015-04-08 10:52:00,2015-04-08,0.0004,0.0,0.0,1661.0,0.0004,0.0004,0.0004,10000018,2015-04-22,2015-04-22,P,2.3,2015-02-09
82,2015-04-08 10:53:00,2015-04-08,0.0004,4.0,1.0,1661.0,0.0004,0.0004,0.0004,10000018,2015-04-22,2015-04-22,P,2.3,2015-02-09
83,2015-04-08 10:54:00,2015-04-08,0.0004,0.0,0.0,1661.0,0.0004,0.0004,0.0004,10000018,2015-04-22,2015-04-22,P,2.3,2015-02-09
84,2015-04-08 10:55:00,2015-04-08,0.0004,0.0,0.0,1661.0,0.0004,0.0004,0.0004,10000018,2015-04-22,2015-04-22,P,2.3,2015-02-09
85,2015-04-08 10:56:00,2015-04-08,0.0004,0.0,0.0,1661.0,0.0004,0.0004,0.0004,10000018,2015-04-22,2015-04-22,P,2.3,2015-02-09
86,2015-04-08 10:57:00,2015-04-08,0.0004,0.0,0.0,1661.0,0.0004,0.0004,0.0004,10000018,2015-04-22,2015-04-22,P,2.3,2015-02-09
87,2015-04-08 10:58:00,2015-04-08,0.0004,4.0,1.0,1661.0,0.0004,0.0004,0.0004,10000018,2015-04-22,2015-04-22,P,2.3,2015-02-09
88,2015-04-08 10:59:00,2015-04-08,0.0004,0.0,0.0,1661.0,0.0004,0.0004,0.0004,10000018,2015-04-22,2015-04-22,P,2.3,2015-02-09
89,2015-04-08 11:00:00,2015-04-08,0.0004,0.0,0.0,1661.0,0.0004,0.0004,0.0004,10000018,2015-04-22,2015-04-22,P,2.3,2015-02-09
90,2015-04-08 11:01:00,2015-04-08,0.0004,0.0,0.0,1661.0,0.0004,0.0004,0.0004,10000018,2015-04-22,2015-04-22,P,2.3,2015-02-09
91,2015-04-08 11:02:00,2015-04-08,0.0004,0.0,0.0,1661.0,0.0004,0.0004,0.0004,10000018,2015-04-22,2015-04-22,P,2.3,2015-02-09
92,2015-04-08 11:03:00,2015-04-08,0.0004,0.0,0.0,1661.0,0.0004,0.0004,0.0004,10000018,2015-04-22,2015-04-22,P,2.3,2015-02-09
93,2015-04-08 11:04:00,2015-04-08,0.0004,0.0,0.0,1661.0,0.0004,0.0004,0.0004,10000018,2015-04-22,2015-04-22,P,2.3,2015-02-09
94,2015-04-08 11:05:00,2015-04-08,0.0004,0.0,0.0,1661.0,0.0004,0.0004,0.0004,10000018,2015-04-22,2015-04-22,P,2.3,2015-02-09
95,2015-04-08 11:06:00,2015-04-08,0.0004,0.0,0.0,1661.0,0.0004,0.0004,0.0004,10000018,2015-04-22,2015-04-22,P,2.3,2015-02-09
96,2015-04-08 11:07:00,2015-04-08,0.0004,0.0,0.0,1661.0,0.0004,0.0004,0.0004,10000018,2015-04-22,2015-04-22,P,2.3,2015-02-09
97,2015-04-08 11:08:00,2015-04-08,0.0004,0.0,0.0,1661.0,0.0004,0.0004,0.0004,10000018,2015-04-22,2015-04-22,P,2.3,2015-02-09
98,2015-04-08 11:09:00,2015-04-08,0.0004,0.0,0.0,1661.0,0.0004,0.0004,0.0004,10000018,2015-04-22,2015-04-22,P,2.3,2015-02-09
99,2015-04-08 11:10:00,2015-04-08,0.0004,0.0,0.0,1661.0,0.0004,0.0004,0.0004,10000018,2015-04-22,2015-04-22,P,2.3,2015-02-09
100,2015-04-08 11:11:00,2015-04-08,0.0004,0.0,0.0,1661.0,0.0004,0.0004,0.0004,10000018,2015-04-22,2015-04-22,P,2.3,2015-02-09
101,2015-04-08 11:12:00,2015-04-08,0.0004,0.0,0.0,1661.0,0.0004,0.0004,0.0004,10000018,2015-04-22,2015-04-22,P,2.3,2015-02-09
102,2015-04-08 11:13:00,2015-04-08,0.0004,0.0,0.0,1661.0,0.0004,0.0004,0.0004,10000018,2015-04-22,2015-04-22,P,2.3,2015-02-09
103,2015-04-08 11:14:00,2015-04-08,0.0003,6.0,2.0,1661.0,0.0003,0.0003,0.0003,10000018,2015-04-22,2015-04-22,P,2.3,2015-02-09
104,2015-04-08 11:15:00,2015-04-08,0.0003,0.0,0.0,1661.0,0.0003,0.0003,0.0003,10000018,2015-04-22,2015-04-22,P,2.3,2015-02-09
105,2015-04-08 11:16:00,2015-04-08,0.0003,0.0,0.0,1661.0,0.0003,0.0003,0.0003,10000018,2015-04-22,2015-04-22,P,2.3,2015-02-09
106,2015-04-08 11:17:00,2015-04-08,0.0003,0.0,0.0,1661.0,0.0003,0.0003,0.0003,10000018,2015-04-22,2015-04-22,P,2.3,2015-02-09
107,2015-04-08 11:18:00,2015-04-08,0.0003,0.0,0.0,1661.0,0.0003,0.0003,0.0003,10000018,2015-04-22,2015-04-22,P,2.3,2015-02-09
108,2015-04-08 11:19:00,2015-04-08,0.0003,0.0,0.0,1661.0,0.0003,0.0003,0.0003,10000018,2015-04-22,2015-04-22,P,2.3,2015-02-09
109,2015-04-08 11:20:00,2015-04-08,0.0003,0.0,0.0,1661.0,0.0003,0.0003,0.0003,10000018,2015-04-22,2015-04-22,P,2.3,2015-02-09
110,2015-04-08 11:21:00,2015-04-08,0.0003,0.0,0.0,1661.0,0.0003,0.0003,0.0003,10000018,2015-04-22,2015-04-22,P,2.3,2015-02-09
111,2015-04-08 11:22:00,2015-04-08,0.0003,0.0,0.0,1661.0,0.0003,0.0003,0.0003,10000018,2015-04-22,2015-04-22,P,2.3,2015-02-09
112,2015-04-08 11:23:00,2015-04-08,0.0003,0.0,0.0,1661.0,0.0003,0.0003,0.0003,10000018,2015-04-22,2015-04-22,P,2.3,2015-02-09
113,2015-04-08 11:24:00,2015-04-08,0.0003,0.0,0.0,1661.0,0.0003,0.0003,0.0003,10000018,2015-04-22,2015-04-22,P,2.3,2015-02-09
114,2015-04-08 11:25:00,2015-04-08,0.0003,0.0,0.0,1661.0,0.0003,0.0003,0.0003,10000018,2015-04-22,2015-04-22,P,2.3,2015-02-09
115,2015-04-08 11:26:00,2015-04-08,0.0003,0.0,0.0,1661.0,0.0003,0.0003,0.0003,10000018,2015-04-22,2015-04-22,P,2.3,2015-02-09
116,2015-04-08 11:27:00,2015-04-08,0.0003,0.0,0.0,1661.0,0.0003,0.0003,0.0003,10000018,2015-04-22,2015-04-22,P,2.3,2015-02-09
117,2015-04-08 11:28:00,2015-04-08,0.0003,0.0,0.0,1661.0,0.0003,0.0003,0.0003,10000018,2015-04-22,2015-04-22,P,2.3,2015-02-09
118,2015-04-08 11:29:00,2015-04-08,0.0003,0.0,0.0,1661.0,0.0003,0.0003,0.0003,10000018,2015-04-22,2015-04-22,P,2.3,2015-02-09
119,2015-04-08 11:30:00,2015-04-08,0.0003,0.0,0.0,1661.0,0.0003,0.0003,0.0003,10000018,2015-04-22,2015-04-22,P,2.3,2015-02-09
120,2015-04-08 13:01:00,2015-04-08,0.0003,0.0,0.0,1661.0,0.0003,0.0003,0.0003,10000018,2015-04-22,2015-04-22,P,2.3,2015-02-09
121,2015-04-08 13:02:00,2015-04-08,0.0003,0.0,0.0,1661.0,0.0003,0.0003,0.0003,10000018,2015-04-22,2015-04-22,P,2.3,2015-02-09
122,2015-04-08 13:03:00,2015-04-08,0.0003,0.0,0.0,1661.0,0.0003,0.0003,0.0003,10000018,2015-04-22,2015-04-22,P,2.3,2015-02-09
123,2015-04-08 13:04:00,2015-04-08,0.0003,0.0,0.0,1661.0,0.0003,0.0003,0.0003,10000018,2015-04-22,2015-04-22,P,2.3,2015-02-09
124,2015-04-08 13:05:00,2015-04-08,0.0003,0.0,0.0,1661.0,0.0003,0.0003,0.0003,10000018,2015-04-22,2015-04-22,P,2.3,2015-02-09
125,2015-04-08 13:06:00,2015-04-08,0.0003,0.0,0.0,1661.0,0.0003,0.0003,0.0003,10000018,2015-04-22,2015-04-22,P,2.3,2015-02-09
126,2015-04-08 13:07:00,2015-04-08,0.0003,0.0,0.0,1661.0,0.0003,0.0003,0.0003,10000018,2015-04-22,2015-04-22,P,2.3,2015-02-09
127,2015-04-08 13:08:00,2015-04-08,0.0003,0.0,0.0,1661.0,0.0003,0.0003,0.0003,10000018,2015-04-22,2015-04-22,P,2.3,2015-02-09
128,2015-04-08 13:09:00,2015-04-08,0.0003,0.0,0.0,1661.0,0.0003,0.0003,0.0003,10000018,2015-04-22,2015-04-22,P,2.3,2015-02-09
129,2015-04-08 13:10:00,2015-04-08,0.0003,0.0,0.0,1661.0,0.0003,0.0003,0.0003,10000018,2015-04-22,2015-04-22,P,2.3,2015-02-09
130,2015-04-08 13:11:00,2015-04-08,0.0003,0.0,0.0,1661.0,0.0003,0.0003,0.0003,10000018,2015-04-22,2015-04-22,P,2.3,2015-02-09
131,2015-04-08 13:12:00,2015-04-08,0.0003,0.0,0.0,1661.0,0.0003,0.0003,0.0003,10000018,2015-04-22,2015-04-22,P,2.3,2015-02-09
132,2015-04-08 13:13:00,2015-04-08,0.0003,0.0,0.0,1661.0,0.0003,0.0003,0.0003,10000018,2015-04-22,2015-04-22,P,2.3,2015-02-09
133,2015-04-08 13:14:00,2015-04-08,0.0004,44.0,16.0,1665.0,0.0004,0.0002,0.0001,10000018,2015-04-22,2015-04-22,P,2.3,2015-02-09
134,2015-04-08 13:15:00,2015-04-08,0.0004,40.0,16.0,1673.0,0.0004,0.0001,0.0001,10000018,2015-04-22,2015-04-22,P,2.3,2015-02-09
135,2015-04-08 13:16:00,2015-04-08,0.0005,48.0,16.0,1677.0,0.0005,0.0001,0.0001,10000018,2015-04-22,2015-04-22,P,2.3,2015-02-09
136,2015-04-08 13:17:00,2015-04-08,0.0008,34.0,9.0,1677.0,0.0006,0.0008,0.0001,10000018,2015-04-22,2015-04-22,P,2.3,2015-02-09
137,2015-04-08 13:18:00,2015-04-08,0.0008,0.0,0.0,1677.0,0.0008,0.0008,0.0008,10000018,2015-04-22,2015-04-22,P,2.3,2015-02-09
138,2015-04-08 13:19:00,2015-04-08,0.0008,0.0,0.0,1677.0,0.0008,0.0008,0.0008,10000018,2015-04-22,2015-04-22,P,2.3,2015-02-09
139,2015-04-08 13:20:00,2015-04-08,0.0003,3.0,1.0,1678.0,0.0003,0.0003,0.0003,10000018,2015-04-22,2015-04-22,P,2.3,2015-02-09
140,2015-04-08 13:21:00,2015-04-08,0.0003,0.0,0.0,1678.0,0.0003,0.0003,0.0003,10000018,2015-04-22,2015-04-22,P,2.3,2015-02-09
141,2015-04-08 13:22:00,2015-04-08,0.0003,0.0,0.0,1678.0,0.0003,0.0003,0.0003,10000018,2015-04-22,2015-04-22,P,2.3,2015-02-09
142,2015-04-08 13:23:00,2015-04-08,0.0003,0.0,0.0,1678.0,0.0003,0.0003,0.0003,10000018,2015-04-22,2015-04-22,P,2.3,2015-02-09
143,2015-04-08 13:24:00,2015-04-08,0.0003,0.0,0.0,1678.0,0.0003,0.0003,0.0003,10000018,2015-04-22,2015-04-22,P,2.3,2015-02-09
144,2015-04-08 13:25:00,2015-04-08,0.0003,0.0,0.0,1678.0,0.0003,0.0003,0.0003,10000018,2015-04-22,2015-04-22,P,2.3,2015-02-09
145,2015-04-08 13:26:00,2015-04-08,0.0003,0.0,0.0,1678.0,0.0003,0.0003,0.0003,10000018,2015-04-22,2015-04-22,P,2.3,2015-02-09
146,2015-04-08 13:27:00,2015-04-08,0.0003,0.0,0.0,1678.0,0.0003,0.0003,0.0003,10000018,2015-04-22,2015-04-22,P,2.3,2015-02-09
147,2015-04-08 13:28:00,2015-04-08,0.0001,1.0,1.0,1678.0,0.0001,0.0001,0.0001,10000018,2015-04-22,2015-04-22,P,2.3,2015-02-09
148,2015-04-08 13:29:00,2015-04-08,0.0001,0.0,0.0,1678.0,0.0001,0.0001,0.0001,10000018,2015-04-22,2015-04-22,P,2.3,2015-02-09
149,2015-04-08 13:30:00,2015-04-08,0.0001,0.0,0.0,1678.0,0.0001,0.0001,0.0001,10000018,2015-04-22,2015-04-22,P,2.3,2015-02-09
150,2015-04-08 13:31:00,2015-04-08,0.0001,0.0,0.0,1678.0,0.0001,0.0001,0.0001,10000018,2015-04-22,2015-04-22,P,2.3,2015-02-09
151,2015-04-08 13:32:00,2015-04-08,0.0001,0.0,0.0,1678.0,0.0001,0.0001,0.0001,10000018,2015-04-22,2015-04-22,P,2.3,2015-02-09
152,2015-04-08 13:33:00,2015-04-08,0.0001,0.0,0.0,1678.0,0.0001,0.0001,0.0001,10000018,2015-04-22,2015-04-22,P,2.3,2015-02-09
153,2015-04-08 13:34:00,2015-04-08,0.0004,12.0,3.0,1681.0,0.0004,0.0004,0.0004,10000018,2015-04-22,2015-04-22,P,2.3,2015-02-09
154,2015-04-08 13:35:00,2015-04-08,0.0004,0.0,0.0,1681.0,0.0004,0.0004,0.0004,10000018,2015-04-22,2015-04-22,P,2.3,2015-02-09
155,2015-04-08 13:36:00,2015-04-08,0.0002,2.0,1.0,1681.0,0.0002,0.0002,0.0002,10000018,2015-04-22,2015-04-22,P,2.3,2015-02-09
156,2015-04-08 13:37:00,2015-04-08,0.0002,0.0,0.0,1681.0,0.0002,0.0002,0.0002,10000018,2015-04-22,2015-04-22,P,2.3,2015-02-09
157,2015-04-08 13:38:00,2015-04-08,0.0002,0.0,0.0,1681.0,0.0002,0.0002,0.0002,10000018,2015-04-22,2015-04-22,P,2.3,2015-02-09
158,2015-04-08 13:39:00,2015-04-08,0.0002,0.0,0.0,1681.0,0.0002,0.0002,0.0002,10000018,2015-04-22,2015-04-22,P,2.3,2015-02-09
159,2015-04-08 13:40:00,2015-04-08,0.0002,0.0,0.0,1681.0,0.0002,0.0002,0.0002,10000018,2015-04-22,2015-04-22,P,2.3,2015-02-09
160,2015-04-08 13:41:00,2015-04-08,0.0002,0.0,0.0,1681.0,0.0002,0.0002,0.0002,10000018,2015-04-22,2015-04-22,P,2.3,2015-02-09
161,2015-04-08 13:42:00,2015-04-08,0.0002,0.0,0.0,1681.0,0.0002,0.0002,0.0002,10000018,2015-04-22,2015-04-22,P,2.3,2015-02-09
162,2015-04-08 13:43:00,2015-04-08,0.0002,0.0,0.0,1681.0,0.0002,0.0002,0.0002,10000018,2015-04-22,2015-04-22,P,2.3,2015-02-09
163,2015-04-08 13:44:00,2015-04-08,0.0002,0.0,0.0,1681.0,0.0002,0.0002,0.0002,10000018,2015-04-22,2015-04-22,P,2.3,2015-02-09
164,2015-04-08 13:45:00,2015-04-08,0.0002,0.0,0.0,1681.0,0.0002,0.0002,0.0002,10000018,2015-04-22,2015-04-22,P,2.3,2015-02-09
165,2015-04-08 13:46:00,2015-04-08,0.0002,0.0,0.0,1681.0,0.0002,0.0002,0.0002,10000018,2015-04-22,2015-04-22,P,2.3,2015-02-09
166,2015-04-08 13:47:00,2015-04-08,0.0002,0.0,0.0,1681.0,0.0002,0.0002,0.0002,10000018,2015-04-22,2015-04-22,P,2.3,2015-02-09
167,2015-04-08 13:48:00,2015-04-08,0.0002,0.0,0.0,1681.0,0.0002,0.0002,0.0002,10000018,2015-04-22,2015-04-22,P,2.3,2015-02-09
168,2015-04-08 13:49:00,2015-04-08,0.0002,0.0,0.0,1681.0,0.0002,0.0002,0.0002,10000018,2015-04-22,2015-04-22,P,2.3,2015-02-09
169,2015-04-08 13:50:00,2015-04-08,0.0002,0.0,0.0,1681.0,0.0002,0.0002,0.0002,10000018,2015-04-22,2015-04-22,P,2.3,2015-02-09
170,2015-04-08 13:51:00,2015-04-08,0.0002,0.0,0.0,1681.0,0.0002,0.0002,0.0002,10000018,2015-04-22,2015-04-22,P,2.3,2015-02-09
171,2015-04-08 13:52:00,2015-04-08,0.0002,0.0,0.0,1681.0,0.0002,0.0002,0.0002,10000018,2015-04-22,2015-04-22,P,2.3,2015-02-09
172,2015-04-08 13:53:00,2015-04-08,0.0002,0.0,0.0,1681.0,0.0002,0.0002,0.0002,10000018,2015-04-22,2015-04-22,P,2.3,2015-02-09
173,2015-04-08 13:54:00,2015-04-08,0.0002,0.0,0.0,1681.0,0.0002,0.0002,0.0002,10000018,2015-04-22,2015-04-22,P,2.3,2015-02-09
174,2015-04-08 13:55:00,2015-04-08,0.0002,0.0,0.0,1681.0,0.0002,0.0002,0.0002,10000018,2015-04-22,2015-04-22,P,2.3,2015-02-09
175,2015-04-08 13:56:00,2015-04-08,0.0002,0.0,0.0,1681.0,0.0002,0.0002,0.0002,10000018,2015-04-22,2015-04-22,P,2.3,2015-02-09
176,2015-04-08 13:57:00,2015-04-08,0.0002,0.0,0.0,1681.0,0.0002,0.0002,0.0002,10000018,2015-04-22,2015-04-22,P,2.3,2015-02-09
177,2015-04-08 13:58:00,2015-04-08,0.0002,0.0,0.0,1681.0,0.0002,0.0002,0.0002,10000018,2015-04-22,2015-04-22,P,2.3,2015-02-09
178,2015-04-08 13:59:00,2015-04-08,0.0002,0.0,0.0,1681.0,0.0002,0.0002,0.0002,10000018,2015-04-22,2015-04-22,P,2.3,2015-02-09
179,2015-04-08 14:00:00,2015-04-08,0.0002,0.0,0.0,1681.0,0.0002,0.0002,0.0002,10000018,2015-04-22,2015-04-22,P,2.3,2015-02-09
180,2015-04-08 14:01:00,2015-04-08,0.0002,0.0,0.0,1681.0,0.0002,0.0002,0.0002,10000018,2015-04-22,2015-04-22,P,2.3,2015-02-09
181,2015-04-08 14:02:00,2015-04-08,0.0002,0.0,0.0,1681.0,0.0002,0.0002,0.0002,10000018,2015-04-22,2015-04-22,P,2.3,2015-02-09
182,2015-04-08 14:03:00,2015-04-08,0.0002,0.0,0.0,1681.0,0.0002,0.0002,0.0002,10000018,2015-04-22,2015-04-22,P,2.3,2015-02-09
183,2015-04-08 14:04:00,2015-04-08,0.0002,0.0,0.0,1681.0,0.0002,0.0002,0.0002,10000018,2015-04-22,2015-04-22,P,2.3,2015-02-09
184,2015-04-08 14:05:00,2015-04-08,0.0002,0.0,0.0,1681.0,0.0002,0.0002,0.0002,10000018,2015-04-22,2015-04-22,P,2.3,2015-02-09
185,2015-04-08 14:06:00,2015-04-08,0.0002,0.0,0.0,1681.0,0.0002,0.0002,0.0002,10000018,2015-04-22,2015-04-22,P,2.3,2015-02-09
186,2015-04-08 14:07:00,2015-04-08,0.0002,0.0,0.0,1681.0,0.0002,0.0002,0.0002,10000018,2015-04-22,2015-04-22,P,2.3,2015-02-09
187,2015-04-08 14:08:00,2015-04-08,0.0002,0.0,0.0,1681.0,0.0002,0.0002,0.0002,10000018,2015-04-22,2015-04-22,P,2.3,2015-02-09
188,2015-04-08 14:09:00,2015-04-08,0.0002,0.0,0.0,1681.0,0.0002,0.0002,0.0002,10000018,2015-04-22,2015-04-22,P,2.3,2015-02-09
189,2015-04-08 14:10:00,2015-04-08,0.0002,0.0,0.0,1681.0,0.0002,0.0002,0.0002,10000018,2015-04-22,2015-04-22,P,2.3,2015-02-09
190,2015-04-08 14:11:00,2015-04-08,0.0002,0.0,0.0,1681.0,0.0002,0.0002,0.0002,10000018,2015-04-22,2015-04-22,P,2.3,2015-02-09
191,2015-04-08 14:12:00,2015-04-08,0.0002,0.0,0.0,1681.0,0.0002,0.0002,0.0002,10000018,2015-04-22,2015-04-22,P,2.3,2015-02-09
192,2015-04-08 14:13:00,2015-04-08,0.0002,0.0,0.0,1681.0,0.0002,0.0002,0.0002,10000018,2015-04-22,2015-04-22,P,2.3,2015-02-09
193,2015-04-08 14:14:00,2015-04-08,0.0002,0.0,0.0,1681.0,0.0002,0.0002,0.0002,10000018,2015-04-22,2015-04-22,P,2.3,2015-02-09
194,2015-04-08 14:15:00,2015-04-08,0.0002,0.0,0.0,1681.0,0.0002,0.0002,0.0002,10000018,2015-04-22,2015-04-22,P,2.3,2015-02-09
195,2015-04-08 14:16:00,2015-04-08,0.0002,0.0,0.0,1681.0,0.0002,0.0002,0.0002,10000018,2015-04-22,2015-04-22,P,2.3,2015-02-09
196,2015-04-08 14:17:00,2015-04-08,0.0002,0.0,0.0,1681.0,0.0002,0.0002,0.0002,10000018,2015-04-22,2015-04-22,P,2.3,2015-02-09
197,2015-04-08 14:18:00,2015-04-08,0.0002,0.0,0.0,1681.0,0.0002,0.0002,0.0002,10000018,2015-04-22,2015-04-22,P,2.3,2015-02-09
198,2015-04-08 14:19:00,2015-04-08,0.0002,0.0,0.0,1681.0,0.0002,0.0002,0.0002,10000018,2015-04-22,2015-04-22,P,2.3,2015-02-09
199,2015-04-08 14:20:00,2015-04-08,0.0002,0.0,0.0,1681.0,0.0002,0.0002,0.0002,10000018,2015-04-22,2015-04-22,P,2.3,2015-02-09
200,2015-04-08 14:21:00,2015-04-08,0.0002,0.0,0.0,1681.0,0.0002,0.0002,0.0002,10000018,2015-04-22,2015-04-22,P,2.3,2015-02-09
201,2015-04-08 14:22:00,2015-04-08,0.0002,0.0,0.0,1681.0,0.0002,0.0002,0.0002,10000018,2015-04-22,2015-04-22,P,2.3,2015-02-09
202,2015-04-08 14:23:00,2015-04-08,0.0002,0.0,0.0,1681.0,0.0002,0.0002,0.0002,10000018,2015-04-22,2015-04-22,P,2.3,2015-02-09
203,2015-04-08 14:24:00,2015-04-08,0.0002,0.0,0.0,1681.0,0.0002,0.0002,0.0002,10000018,2015-04-22,2015-04-22,P,2.3,2015-02-09
204,2015-04-08 14:25:00,2015-04-08,0.0002,0.0,0.0,1681.0,0.0002,0.0002,0.0002,10000018,2015-04-22,2015-04-22,P,2.3,2015-02-09
205,2015-04-08 14:26:00,2015-04-08,0.0002,0.0,0.0,1681.0,0.0002,0.0002,0.0002,10000018,2015-04-22,2015-04-22,P,2.3,2015-02-09
206,2015-04-08 14:27:00,2015-04-08,0.0002,0.0,0.0,1681.0,0.0002,0.0002,0.0002,10000018,2015-04-22,2015-04-22,P,2.3,2015-02-09
207,2015-04-08 14:28:00,2015-04-08,0.0002,0.0,0.0,1681.0,0.0002,0.0002,0.0002,10000018,2015-04-22,2015-04-22,P,2.3,2015-02-09
208,2015-04-08 14:29:00,2015-04-08,0.0002,0.0,0.0,1681.0,0.0002,0.0002,0.0002,10000018,2015-04-22,2015-04-22,P,2.3,2015-02-09
209,2015-04-08 14:30:00,2015-04-08,0.0002,0.0,0.0,1681.0,0.0002,0.0002,0.0002,10000018,2015-04-22,2015-04-22,P,2.3,2015-02-09
210,2015-04-08 14:31:00,2015-04-08,0.0002,0.0,0.0,1681.0,0.0002,0.0002,0.0002,10000018,2015-04-22,2015-04-22,P,2.3,2015-02-09
211,2015-04-08 14:32:00,2015-04-08,0.0002,0.0,0.0,1681.0,0.0002,0.0002,0.0002,10000018,2015-04-22,2015-04-22,P,2.3,2015-02-09
212,2015-04-08 14:33:00,2015-04-08,0.0002,0.0,0.0,1681.0,0.0002,0.0002,0.0002,10000018,2015-04-22,2015-04-22,P,2.3,2015-02-09
213,2015-04-08 14:34:00,2015-04-08,0.0002,0.0,0.0,1681.0,0.0002,0.0002,0.0002,10000018,2015-04-22,2015-04-22,P,2.3,2015-02-09
214,2015-04-08 14:35:00,2015-04-08,0.0002,0.0,0.0,1681.0,0.0002,0.0002,0.0002,10000018,2015-04-22,2015-04-22,P,2.3,2015-02-09
215,2015-04-08 14:36:00,2015-04-08,0.0002,0.0,0.0,1681.0,0.0002,0.0002,0.0002,10000018,2015-04-22,2015-04-22,P,2.3,2015-02-09
216,2015-04-08 14:37:00,2015-04-08,0.0002,0.0,0.0,1681.0,0.0002,0.0002,0.0002,10000018,2015-04-22,2015-04-22,P,2.3,2015-02-09
217,2015-04-08 14:38:00,2015-04-08,0.0002,0.0,0.0,1681.0,0.0002,0.0002,0.0002,10000018,2015-04-22,2015-04-22,P,2.3,2015-02-09
218,2015-04-08 14:39:00,2015-04-08,0.0002,0.0,0.0,1681.0,0.0002,0.0002,0.0002,10000018,2015-04-22,2015-04-22,P,2.3,2015-02-09
219,2015-04-08 14:40:00,2015-04-08,0.0002,0.0,0.0,1681.0,0.0002,0.0002,0.0002,10000018,2015-04-22,2015-04-22,P,2.3,2015-02-09
220,2015-04-08 14:41:00,2015-04-08,0.0002,0.0,0.0,1681.0,0.0002,0.0002,0.0002,10000018,2015-04-22,2015-04-22,P,2.3,2015-02-09
221,2015-04-08 14:42:00,2015-04-08,0.0002,0.0,0.0,1681.0,0.0002,0.0002,0.0002,10000018,2015-04-22,2015-04-22,P,2.3,2015-02-09
222,2015-04-08 14:43:00,2015-04-08,0.0002,0.0,0.0,1681.0,0.0002,0.0002,0.0002,10000018,2015-04-22,2015-04-22,P,2.3,2015-02-09
223,2015-04-08 14:44:00,2015-04-08,0.0002,0.0,0.0,1681.0,0.0002,0.0002,0.0002,10000018,2015-04-22,2015-04-22,P,2.3,2015-02-09
224,2015-04-08 14:45:00,2015-04-08,0.0002,0.0,0.0,1681.0,0.0002,0.0002,0.0002,10000018,2015-04-22,2015-04-22,P,2.3,2015-02-09
225,2015-04-08 14:46:00,2015-04-08,0.0002,0.0,0.0,1681.0,0.0002,0.0002,0.0002,10000018,2015-04-22,2015-04-22,P,2.3,2015-02-09
226,2015-04-08 14:47:00,2015-04-08,0.0002,0.0,0.0,1681.0,0.0002,0.0002,0.0002,10000018,2015-04-22,2015-04-22,P,2.3,2015-02-09
227,2015-04-08 14:48:00,2015-04-08,0.0002,0.0,0.0,1681.0,0.0002,0.0002,0.0002,10000018,2015-04-22,2015-04-22,P,2.3,2015-02-09
228,2015-04-08 14:49:00,2015-04-08,0.0002,0.0,0.0,1681.0,0.0002,0.0002,0.0002,10000018,2015-04-22,2015-04-22,P,2.3,2015-02-09
229,2015-04-08 14:50:00,2015-04-08,0.0002,0.0,0.0,1681.0,0.0002,0.0002,0.0002,10000018,2015-04-22,2015-04-22,P,2.3,2015-02-09
230,2015-04-08 14:51:00,2015-04-08,0.0002,0.0,0.0,1681.0,0.0002,0.0002,0.0002,10000018,2015-04-22,2015-04-22,P,2.3,2015-02-09
231,2015-04-08 14:52:00,2015-04-08,0.0004,40.0,10.0,1691.0,0.0004,0.0004,0.0004,10000018,2015-04-22,2015-04-22,P,2.3,2015-02-09
232,2015-04-08 14:53:00,2015-04-08,0.0002,8.0,4.0,1691.0,0.0002,0.0002,0.0002,10000018,2015-04-22,2015-04-22,P,2.3,2015-02-09
233,2015-04-08 14:54:00,2015-04-08,0.0002,0.0,0.0,1691.0,0.0002,0.0002,0.0002,10000018,2015-04-22,2015-04-22,P,2.3,2015-02-09
234,2015-04-08 14:55:00,2015-04-08,0.0002,0.0,0.0,1691.0,0.0002,0.0002,0.0002,10000018,2015-04-22,2015-04-22,P,2.3,2015-02-09
235,2015-04-08 14:56:00,2015-04-08,0.0002,0.0,0.0,1691.0,0.0002,0.0002,0.0002,10000018,2015-04-22,2015-04-22,P,2.3,2015-02-09
236,2015-04-08 14:57:00,2015-04-08,0.0002,0.0,0.0,1691.0,0.0002,0.0002,0.0002,10000018,2015-04-22,2015-04-22,P,2.3,2015-02-09
237,2015-04-08 14:58:00,2015-04-08,0.0002,0.0,0.0,1691.0,0.0002,0.0002,0.0002,10000018,2015-04-22,2015-04-22,P,2.3,2015-02-09
238,2015-04-08 14:59:00,2015-04-08,0.0002,0.0,0.0,1691.0,0.0002,0.0002,0.0002,10000018,2015-04-22,2015-04-22,P,2.3,2015-02-09
239,2015-04-08 15:00:00,2015-04-08,0.0002,0.0,0.0,1691.0,0.0002,0.0002,0.0002,10000018,2015-04-22,2015-04-22,P,2.3,2015-02-09
240,2015-04-08 09:31:00,2015-04-08,0.6823,0.0,0.0,0.0,0.6823,0.6823,0.6823,10000031,2015-09-23,2015-09-23,C,2.2,2015-02-09
241,2015-04-08 09:32:00,2015-04-08,0.6912,-63878.0,-9.0,884.0,0.6912,0.6912,0.6912,10000031,2015-09-23,2015-09-23,C,2.2,2015-02-09
242,2015-04-08 09:33:00,2015-04-08,0.6912,0.0,0.0,884.0,0.6912,0.6912,0.6912,10000031,2015-09-23,2015-09-23,C,2.2,2015-02-09
243,2015-04-08 09:34:00,2015-04-08,0.6912,0.0,0.0,884.0,0.6912,0.6912,0.6912,10000031,2015-09-23,2015-09-23,C,2.2,2015-02-09
244,2015-04-08 09:35:00,2015-04-08,0.6912,0.0,0.0,884.0,0.6912,0.6912,0.6912,10000031,2015-09-23,2015-09-23,C,2.2,2015-02-09
245,2015-04-08 09:36:00,2015-04-08,0.6912,0.0,0.0,884.0,0.6912,0.6912,0.6912,10000031,2015-09-23,2015-09-23,C,2.2,2015-02-09
246,2015-04-08 09:37:00,2015-04-08,0.6912,0.0,0.0,884.0,0.6912,0.6912,0.6912,10000031,2015-09-23,2015-09-23,C,2.2,2015-02-09
247,2015-04-08 09:38:00,2015-04-08,0.6912,0.0,0.0,884.0,0.6912,0.6912,0.6912,10000031,2015-09-23,2015-09-23,C,2.2,2015-02-09
248,2015-04-08 09:39:00,2015-04-08,0.6912,0.0,0.0,884.0,0.6912,0.6912,0.6912,10000031,2015-09-23,2015-09-23,C,2.2,2015-02-09
249,2015-04-08 09:40:00,2015-04-08,0.6912,0.0,0.0,884.0,0.6912,0.6912,0.6912,10000031,2015-09-23,2015-09-23,C,2.2,2015-02-09
250,2015-04-08 09:41:00,2015-04-08,0.6912,0.0,0.0,884.0,0.6912,0.6912,0.6912,10000031,2015-09-23,2015-09-23,C,2.2,2015-02-09
251,2015-04-08 09:42:00,2015-04-08,0.6912,0.0,0.0,884.0,0.6912,0.6912,0.6912,10000031,2015-09-23,2015-09-23,C,2.2,2015-02-09
252,2015-04-08 09:43:00,2015-04-08,0.6912,0.0,0.0,884.0,0.6912,0.6912,0.6912,10000031,2015-09-23,2015-09-23,C,2.2,2015-02-09
253,2015-04-08 09:44:00,2015-04-08,0.6912,0.0,0.0,884.0,0.6912,0.6912,0.6912,10000031,2015-09-23,2015-09-23,C,2.2,2015-02-09
254,2015-04-08 09:45:00,2015-04-08,0.6912,0.0,0.0,884.0,0.6912,0.6912,0.6912,10000031,2015-09-23,2015-09-23,C,2.2,2015-02-09
255,2015-04-08 09:46:00,2015-04-08,0.6912,0.0,0.0,884.0,0.6912,0.6912,0.6912,10000031,2015-09-23,2015-09-23,C,2.2,2015-02-09
256,2015-04-08 09:47:00,2015-04-08,0.6912,0.0,0.0,884.0,0.6912,0.6912,0.6912,10000031,2015-09-23,2015-09-23,C,2.2,2015-02-09
257,2015-04-08 09:48:00,2015-04-08,0.6912,0.0,0.0,884.0,0.6912,0.6912,0.6912,10000031,2015-09-23,2015-09-23,C,2.2,2015-02-09
258,2015-04-08 09:49:00,2015-04-08,0.6912,0.0,0.0,884.0,0.6912,0.6912,0.6912,10000031,2015-09-23,2015-09-23,C,2.2,2015-02-09
259,2015-04-08 09:50:00,2015-04-08,0.6912,0.0,0.0,884.0,0.6912,0.6912,0.6912,10000031,2015-09-23,2015-09-23,C,2.2,2015-02-09
260,2015-04-08 09:51:00,2015-04-08,0.6912,0.0,0.0,884.0,0.6912,0.6912,0.6912,10000031,2015-09-23,2015-09-23,C,2.2,2015-02-09
261,2015-04-08 09:52:00,2015-04-08,0.6912,0.0,0.0,884.0,0.6912,0.6912,0.6912,10000031,2015-09-23,2015-09-23,C,2.2,2015-02-09
262,2015-04-08 09:53:00,2015-04-08,0.6912,0.0,0.0,884.0,0.6912,0.6912,0.6912,10000031,2015-09-23,2015-09-23,C,2.2,2015-02-09
263,2015-04-08 09:54:00,2015-04-08,0.6912,0.0,0.0,884.0,0.6912,0.6912,0.6912,10000031,2015-09-23,2015-09-23,C,2.2,2015-02-09
264,2015-04-08 09:55:00,2015-04-08,0.6912,0.0,0.0,884.0,0.6912,0.6912,0.6912,10000031,2015-09-23,2015-09-23,C,2.2,2015-02-09
265,2015-04-08 09:56:00,2015-04-08,0.7079,7079.0,1.0,884.0,0.7079,0.7079,0.7079,10000031,2015-09-23,2015-09-23,C,2.2,2015-02-09
266,2015-04-08 09:57:00,2015-04-08,0.7079,0.0,0.0,884.0,0.7079,0.7079,0.7079,10000031,2015-09-23,2015-09-23,C,2.2,2015-02-09
267,2015-04-08 09:58:00,2015-04-08,0.7079,0.0,0.0,884.0,0.7079,0.7079,0.7079,10000031,2015-09-23,2015-09-23,C,2.2,2015-02-09
268,2015-04-08 09:59:00,2015-04-08,0.7079,0.0,0.0,884.0,0.7079,0.7079,0.7079,10000031,2015-09-23,2015-09-23,C,2.2,2015-02-09
269,2015-04-08 10:00:00,2015-04-08,0.7171,7171.0,1.0,884.0,0.7171,0.7171,0.7171,10000031,2015-09-23,2015-09-23,C,2.2,2015-02-09
270,2015-04-08 10:01:00,2015-04-08,0.7171,0.0,0.0,884.0,0.7171,0.7171,0.7171,10000031,2015-09-23,2015-09-23,C,2.2,2015-02-09
271,2015-04-08 10:02:00,2015-04-08,0.7171,0.0,0.0,884.0,0.7171,0.7171,0.7171,10000031,2015-09-23,2015-09-23,C,2.2,2015-02-09
272,2015-04-08 10:03:00,2015-04-08,0.7194,7194.0,1.0,884.0,0.7194,0.7194,0.7194,10000031,2015-09-23,2015-09-23,C,2.2,2015-02-09
273,2015-04-08 10:04:00,2015-04-08,0.7194,0.0,0.0,884.0,0.7194,0.7194,0.7194,10000031,2015-09-23,2015-09-23,C,2.2,2015-02-09
274,2015-04-08 10:05:00,2015-04-08,0.7194,0.0,0.0,884.0,0.7194,0.7194,0.7194,10000031,2015-09-23,2015-09-23,C,2.2,2015-02-09
275,2015-04-08 10:06:00,2015-04-08,0.7194,0.0,0.0,884.0,0.7194,0.7194,0.7194,10000031,2015-09-23,2015-09-23,C,2.2,2015-02-09
276,2015-04-08 10:07:00,2015-04-08,0.7073,7073.0,1.0,884.0,0.7073,0.7073,0.7073,10000031,2015-09-23,2015-09-23,C,2.2,2015-02-09
277,2015-04-08 10:08:00,2015-04-08,0.7073,0.0,0.0,884.0,0.7073,0.7073,0.7073,10000031,2015-09-23,2015-09-23,C,2.2,2015-02-09
278,2015-04-08 10:09:00,2015-04-08,0.7073,0.0,0.0,884.0,0.7073,0.7073,0.7073,10000031,2015-09-23,2015-09-23,C,2.2,2015-02-09
279,2015-04-08 10:10:00,2015-04-08,0.7073,0.0,0.0,884.0,0.7073,0.7073,0.7073,10000031,2015-09-23,2015-09-23,C,2.2,2015-02-09
280,2015-04-08 10:11:00,2015-04-08,0.7073,0.0,0.0,884.0,0.7073,0.7073,0.7073,10000031,2015-09-23,2015-09-23,C,2.2,2015-02-09
281,2015-04-08 10:12:00,2015-04-08,0.7073,0.0,0.0,884.0,0.7073,0.7073,0.7073,10000031,2015-09-23,2015-09-23,C,2.2,2015-02-09
282,2015-04-08 10:13:00,2015-04-08,0.6981,20943.0,3.0,884.0,0.6981,0.6981,0.6981,10000031,2015-09-23,2015-09-23,C,2.2,2015-02-09
283,2015-04-08 10:14:00,2015-04-08,0.6981,0.0,0.0,884.0,0.6981,0.6981,0.6981,10000031,2015-09-23,2015-09-23,C,2.2,2015-02-09
284,2015-04-08 10:15:00,2015-04-08,0.6981,0.0,0.0,884.0,0.6981,0.6981,0.6981,10000031,2015-09-23,2015-09-23,C,2.2,2015-02-09
285,2015-04-08 10:16:00,2015-04-08,0.6981,0.0,0.0,884.0,0.6981,0.6981,0.6981,10000031,2015-09-23,2015-09-23,C,2.2,2015-02-09
286,2015-04-08 10:17:00,2015-04-08,0.6981,0.0,0.0,884.0,0.6981,0.6981,0.6981,10000031,2015-09-23,2015-09-23,C,2.2,2015-02-09
287,2015-04-08 10:18:00,2015-04-08,0.6981,0.0,0.0,884.0,0.6981,0.6981,0.6981,10000031,2015-09-23,2015-09-23,C,2.2,2015-02-09
288,2015-04-08 10:19:00,2015-04-08,0.6981,0.0,0.0,884.0,0.6981,0.6981,0.6981,10000031,2015-09-23,2015-09-23,C,2.2,2015-02-09
289,2015-04-08 10:20:00,2015-04-08,0.6981,0.0,0.0,884.0,0.6981,0.6981,0.6981,10000031,2015-09-23,2015-09-23,C,2.2,2015-02-09
290,2015-04-08 10:21:00,2015-04-08,0.6981,0.0,0.0,884.0,0.6981,0.6981,0.6981,10000031,2015-09-23,2015-09-23,C,2.2,2015-02-09
291,2015-04-08 10:22:00,2015-04-08,0.6981,0.0,0.0,884.0,0.6981,0.6981,0.6981,10000031,2015-09-23,2015-09-23,C,2.2,2015-02-09
292,2015-04-08 10:23:00,2015-04-08,0.6981,0.0,0.0,884.0,0.6981,0.6981,0.6981,10000031,2015-09-23,2015-09-23,C,2.2,2015-02-09
293,2015-04-08 10:24:00,2015-04-08,0.6981,0.0,0.0,884.0,0.6981,0.6981,0.6981,10000031,2015-09-23,2015-09-23,C,2.2,2015-02-09
294,2015-04-08 10:25:00,2015-04-08,0.6981,0.0,0.0,884.0,0.6981,0.6981,0.6981,10000031,2015-09-23,2015-09-23,C,2.2,2015-02-09
295,2015-04-08 10:26:00,2015-04-08,0.6981,0.0,0.0,884.0,0.6981,0.6981,0.6981,10000031,2015-09-23,2015-09-23,C,2.2,2015-02-09
296,2015-04-08 10:27:00,2015-04-08,0.6981,0.0,0.0,884.0,0.6981,0.6981,0.6981,10000031,2015-09-23,2015-09-23,C,2.2,2015-02-09
297,2015-04-08 10:28:00,2015-04-08,0.6981,0.0,0.0,884.0,0.6981,0.6981,0.6981,10000031,2015-09-23,2015-09-23,C,2.2,2015-02-09
298,2015-04-08 10:29:00,2015-04-08,0.6981,0.0,0.0,884.0,0.6981,0.6981,0.6981,10000031,2015-09-23,2015-09-23,C,2.2,2015-02-09
299,2015-04-08 10:30:00,2015-04-08,0.6981,0.0,0.0,884.0,0.6981,0.6981,0.6981,10000031,2015-09-23,2015-09-23,C,2.2,2015-02-09
300,2015-04-08 10:31:00,2015-04-08,0.6981,0.0,0.0,884.0,0.6981,0.6981,0.6981,10000031,2015-09-23,2015-09-23,C,2.2,2015-02-09
301,2015-04-08 10:32:00,2015-04-08,0.6981,0.0,0.0,884.0,0.6981,0.6981,0.6981,10000031,2015-09-23,2015-09-23,C,2.2,2015-02-09
302,2015-04-08 10:33:00,2015-04-08,0.6981,0.0,0.0,884.0,0.6981,0.6981,0.6981,10000031,2015-09-23,2015-09-23,C,2.2,2015-02-09
303,2015-04-08 10:34:00,2015-04-08,0.6981,0.0,0.0,884.0,0.6981,0.6981,0.6981,10000031,2015-09-23,2015-09-23,C,2.2,2015-02-09
304,2015-04-08 10:35:00,2015-04-08,0.6981,0.0,0.0,884.0,0.6981,0.6981,0.6981,10000031,2015-09-23,2015-09-23,C,2.2,2015-02-09
305,2015-04-08 10:36:00,2015-04-08,0.6981,0.0,0.0,884.0,0.6981,0.6981,0.6981,10000031,2015-09-23,2015-09-23,C,2.2,2015-02-09
306,2015-04-08 10:37:00,2015-04-08,0.6981,0.0,0.0,884.0,0.6981,0.6981,0.6981,10000031,2015-09-23,2015-09-23,C,2.2,2015-02-09
307,2015-04-08 10:38:00,2015-04-08,0.6981,0.0,0.0,884.0,0.6981,0.6981,0.6981,10000031,2015-09-23,2015-09-23,C,2.2,2015-02-09
308,2015-04-08 10:39:00,2015-04-08,0.6981,0.0,0.0,884.0,0.6981,0.6981,0.6981,10000031,2015-09-23,2015-09-23,C,2.2,2015-02-09
309,2015-04-08 10:40:00,2015-04-08,0.6981,0.0,0.0,884.0,0.6981,0.6981,0.6981,10000031,2015-09-23,2015-09-23,C,2.2,2015-02-09
310,2015-04-08 10:41:00,2015-04-08,0.6981,0.0,0.0,884.0,0.6981,0.6981,0.6981,10000031,2015-09-23,2015-09-23,C,2.2,2015-02-09
311,2015-04-08 10:42:00,2015-04-08,0.6981,0.0,0.0,884.0,0.6981,0.6981,0.6981,10000031,2015-09-23,2015-09-23,C,2.2,2015-02-09
312,2015-04-08 10:43:00,2015-04-08,0.6981,0.0,0.0,884.0,0.6981,0.6981,0.6981,10000031,2015-09-23,2015-09-23,C,2.2,2015-02-09
313,2015-04-08 10:44:00,2015-04-08,0.6981,0.0,0.0,884.0,0.6981,0.6981,0.6981,10000031,2015-09-23,2015-09-23,C,2.2,2015-02-09
314,2015-04-08 10:45:00,2015-04-08,0.6981,0.0,0.0,884.0,0.6981,0.6981,0.6981,10000031,2015-09-23,2015-09-23,C,2.2,2015-02-09
315,2015-04-08 10:46:00,2015-04-08,0.6981,0.0,0.0,884.0,0.6981,0.6981,0.6981,10000031,2015-09-23,2015-09-23,C,2.2,2015-02-09
316,2015-04-08 10:47:00,2015-04-08,0.6981,0.0,0.0,884.0,0.6981,0.6981,0.6981,10000031,2015-09-23,2015-09-23,C,2.2,2015-02-09
317,2015-04-08 10:48:00,2015-04-08,0.6981,0.0,0.0,884.0,0.6981,0.6981,0.6981,10000031,2015-09-23,2015-09-23,C,2.2,2015-02-09
318,2015-04-08 10:49:00,2015-04-08,0.6981,0.0,0.0,884.0,0.6981,0.6981,0.6981,10000031,2015-09-23,2015-09-23,C,2.2,2015-02-09
319,2015-04-08 10:50:00,2015-04-08,0.6981,0.0,0.0,884.0,0.6981,0.6981,0.6981,10000031,2015-09-23,2015-09-23,C,2.2,2015-02-09
320,2015-04-08 10:51:00,2015-04-08,0.6981,0.0,0.0,884.0,0.6981,0.6981,0.6981,10000031,2015-09-23,2015-09-23,C,2.2,2015-02-09
321,2015-04-08 10:52:00,2015-04-08,0.6981,0.0,0.0,884.0,0.6981,0.6981,0.6981,10000031,2015-09-23,2015-09-23,C,2.2,2015-02-09
322,2015-04-08 10:53:00,2015-04-08,0.6981,0.0,0.0,884.0,0.6981,0.6981,0.6981,10000031,2015-09-23,2015-09-23,C,2.2,2015-02-09
323,2015-04-08 10:54:00,2015-04-08,0.6981,0.0,0.0,884.0,0.6981,0.6981,0.6981,10000031,2015-09-23,2015-09-23,C,2.2,2015-02-09
324,2015-04-08 10:55:00,2015-04-08,0.6981,0.0,0.0,884.0,0.6981,0.6981,0.6981,10000031,2015-09-23,2015-09-23,C,2.2,2015-02-09
325,2015-04-08 10:56:00,2015-04-08,0.6981,0.0,0.0,884.0,0.6981,0.6981,0.6981,10000031,2015-09-23,2015-09-23,C,2.2,2015-02-09
326,2015-04-08 10:57:00,2015-04-08,0.6981,0.0,0.0,884.0,0.6981,0.6981,0.6981,10000031,2015-09-23,2015-09-23,C,2.2,2015-02-09
327,2015-04-08 10:58:00,2015-04-08,0.6981,0.0,0.0,884.0,0.6981,0.6981,0.6981,10000031,2015-09-23,2015-09-23,C,2.2,2015-02-09
328,2015-04-08 10:59:00,2015-04-08,0.6981,0.0,0.0,884.0,0.6981,0.6981,0.6981,10000031,2015-09-23,2015-09-23,C,2.2,2015-02-09
329,2015-04-08 11:00:00,2015-04-08,0.6981,0.0,0.0,884.0,0.6981,0.6981,0.6981,10000031,2015-09-23,2015-09-23,C,2.2,2015-02-09
330,2015-04-08 11:01:00,2015-04-08,0.6981,0.0,0.0,884.0,0.6981,0.6981,0.6981,10000031,2015-09-23,2015-09-23,C,2.2,2015-02-09
331,2015-04-08 11:02:00,2015-04-08,0.6981,0.0,0.0,884.0,0.6981,0.6981,0.6981,10000031,2015-09-23,2015-09-23,C,2.2,2015-02-09
332,2015-04-08 11:03:00,2015-04-08,0.6981,0.0,0.0,884.0,0.6981,0.6981,0.6981,10000031,2015-09-23,2015-09-23,C,2.2,2015-02-09
333,2015-04-08 11:04:00,2015-04-08,0.6981,0.0,0.0,884.0,0.6981,0.6981,0.6981,10000031,2015-09-23,2015-09-23,C,2.2,2015-02-09
334,2015-04-08 11:05:00,2015-04-08,0.6981,0.0,0.0,884.0,0.6981,0.6981,0.6981,10000031,2015-09-23,2015-09-23,C,2.2,2015-02-09
335,2015-04-08 11:06:00,2015-04-08,0.6981,0.0,0.0,884.0,0.6981,0.6981,0.6981,10000031,2015-09-23,2015-09-23,C,2.2,2015-02-09
336,2015-04-08 11:07:00,2015-04-08,0.6981,0.0,0.0,884.0,0.6981,0.6981,0.6981,10000031,2015-09-23,2015-09-23,C,2.2,2015-02-09
337,2015-04-08 11:08:00,2015-04-08,0.6981,0.0,0.0,884.0,0.6981,0.6981,0.6981,10000031,2015-09-23,2015-09-23,C,2.2,2015-02-09
338,2015-04-08 11:09:00,2015-04-08,0.6981,0.0,0.0,884.0,0.6981,0.6981,0.6981,10000031,2015-09-23,2015-09-23,C,2.2,2015-02-09
339,2015-04-08 11:10:00,2015-04-08,0.6981,0.0,0.0,884.0,0.6981,0.6981,0.6981,10000031,2015-09-23,2015-09-23,C,2.2,2015-02-09
340,2015-04-08 11:11:00,2015-04-08,0.6981,0.0,0.0,884.0,0.6981,0.6981,0.6981,10000031,2015-09-23,2015-09-23,C,2.2,2015-02-09
341,2015-04-08 11:12:00,2015-04-08,0.6981,0.0,0.0,884.0,0.6981,0.6981,0.6981,10000031,2015-09-23,2015-09-23,C,2.2,2015-02-09
342,2015-04-08 11:13:00,2015-04-08,0.6981,0.0,0.0,884.0,0.6981,0.6981,0.6981,10000031,2015-09-23,2015-09-23,C,2.2,2015-02-09
343,2015-04-08 11:14:00,2015-04-08,0.6981,0.0,0.0,884.0,0.6981,0.6981,0.6981,10000031,2015-09-23,2015-09-23,C,2.2,2015-02-09
344,2015-04-08 11:15:00,2015-04-08,0.6981,0.0,0.0,884.0,0.6981,0.6981,0.6981,10000031,2015-09-23,2015-09-23,C,2.2,2015-02-09
345,2015-04-08 11:16:00,2015-04-08,0.6981,0.0,0.0,884.0,0.6981,0.6981,0.6981,10000031,2015-09-23,2015-09-23,C,2.2,2015-02-09
346,2015-04-08 11:17:00,2015-04-08,0.6981,0.0,0.0,884.0,0.6981,0.6981,0.6981,10000031,2015-09-23,2015-09-23,C,2.2,2015-02-09
347,2015-04-08 11:18:00,2015-04-08,0.6981,0.0,0.0,884.0,0.6981,0.6981,0.6981,10000031,2015-09-23,2015-09-23,C,2.2,2015-02-09
348,2015-04-08 11:19:00,2015-04-08,0.6981,0.0,0.0,884.0,0.6981,0.6981,0.6981,10000031,2015-09-23,2015-09-23,C,2.2,2015-02-09
349,2015-04-08 11:20:00,2015-04-08,0.6981,0.0,0.0,884.0,0.6981,0.6981,0.6981,10000031,2015-09-23,2015-09-23,C,2.2,2015-02-09
350,2015-04-08 11:21:00,2015-04-08,0.6981,0.0,0.0,884.0,0.6981,0.6981,0.6981,10000031,2015-09-23,2015-09-23,C,2.2,2015-02-09
351,2015-04-08 11:22:00,2015-04-08,0.6981,0.0,0.0,884.0,0.6981,0.6981,0.6981,10000031,2015-09-23,2015-09-23,C,2.2,2015-02-09
352,2015-04-08 11:23:00,2015-04-08,0.6981,0.0,0.0,884.0,0.6981,0.6981,0.6981,10000031,2015-09-23,2015-09-23,C,2.2,2015-02-09
353,2015-04-08 11:24:00,2015-04-08,0.6981,0.0,0.0,884.0,0.6981,0.6981,0.6981,10000031,2015-09-23,2015-09-23,C,2.2,2015-02-09
354,2015-04-08 11:25:00,2015-04-08,0.6981,0.0,0.0,884.0,0.6981,0.6981,0.6981,10000031,2015-09-23,2015-09-23,C,2.2,2015-02-09
355,2015-04-08 11:26:00,2015-04-08,0.6981,0.0,0.0,884.0,0.6981,0.6981,0.6981,10000031,2015-09-23,2015-09-23,C,2.2,2015-02-09
356,2015-04-08 11:27:00,2015-04-08,0.6981,0.0,0.0,884.0,0.6981,0.6981,0.6981,10000031,2015-09-23,2015-09-23,C,2.2,2015-02-09
357,2015-04-08 11:28:00,2015-04-08,0.6981,0.0,0.0,884.0,0.6981,0.6981,0.6981,10000031,2015-09-23,2015-09-23,C,2.2,2015-02-09
358,2015-04-08 11:29:00,2015-04-08,0.6981,0.0,0.0,884.0,0.6981,0.6981,0.6981,10000031,2015-09-23,2015-09-23,C,2.2,2015-02-09
359,2015-04-08 11:30:00,2015-04-08,0.6981,0.0,0.0,884.0,0.6981,0.6981,0.6981,10000031,2015-09-23,2015-09-23,C,2.2,2015-02-09
360,2015-04-08 13:01:00,2015-04-08,0.7209,14418.0,2.0,884.0,0.7209,0.7209,0.7209,10000031,2015-09-23,2015-09-23,C,2.2,2015-02-09
361,2015-04-08 13:02:00,2015-04-08,0.7209,0.0,0.0,884.0,0.7209,0.7209,0.7209,10000031,2015-09-23,2015-09-23,C,2.2,2015-02-09
362,2015-04-08 13:03:00,2015-04-08,0.7209,0.0,0.0,884.0,0.7209,0.7209,0.7209,10000031,2015-09-23,2015-09-23,C,2.2,2015-02-09
363,2015-04-08 13:04:00,2015-04-08,0.7209,0.0,0.0,884.0,0.7209,0.7209,0.7209,10000031,2015-09-23,2015-09-23,C,2.2,2015-02-09
364,2015-04-08 13:05:00,2015-04-08,0.7209,0.0,0.0,884.0,0.7209,0.7209,0.7209,10000031,2015-09-23,2015-09-23,C,2.2,2015-02-09
365,2015-04-08 13:06:00,2015-04-08,0.7209,0.0,0.0,884.0,0.7209,0.7209,0.7209,10000031,2015-09-23,2015-09-23,C,2.2,2015-02-09
366,2015-04-08 13:07:00,2015-04-08,0.7209,0.0,0.0,884.0,0.7209,0.7209,0.7209,10000031,2015-09-23,2015-09-23,C,2.2,2015-02-09
367,2015-04-08 13:08:00,2015-04-08,0.7209,0.0,0.0,884.0,0.7209,0.7209,0.7209,10000031,2015-09-23,2015-09-23,C,2.2,2015-02-09
368,2015-04-08 13:09:00,2015-04-08,0.7209,0.0,0.0,884.0,0.7209,0.7209,0.7209,10000031,2015-09-23,2015-09-23,C,2.2,2015-02-09
369,2015-04-08 13:10:00,2015-04-08,0.7209,0.0,0.0,884.0,0.7209,0.7209,0.7209,10000031,2015-09-23,2015-09-23,C,2.2,2015-02-09
370,2015-04-08 13:11:00,2015-04-08,0.7209,0.0,0.0,884.0,0.7209,0.7209,0.7209,10000031,2015-09-23,2015-09-23,C,2.2,2015-02-09
371,2015-04-08 13:12:00,2015-04-08,0.7209,0.0,0.0,884.0,0.7209,0.7209,0.7209,10000031,2015-09-23,2015-09-23,C,2.2,2015-02-09
372,2015-04-08 13:13:00,2015-04-08,0.7209,0.0,0.0,884.0,0.7209,0.7209,0.7209,10000031,2015-09-23,2015-09-23,C,2.2,2015-02-09
373,2015-04-08 13:14:00,2015-04-08,0.7209,0.0,0.0,884.0,0.7209,0.7209,0.7209,10000031,2015-09-23,2015-09-23,C,2.2,2015-02-09
374,2015-04-08 13:15:00,2015-04-08,0.7209,0.0,0.0,884.0,0.7209,0.7209,0.7209,10000031,2015-09-23,2015-09-23,C,2.2,2015-02-09
375,2015-04-08 13:16:00,2015-04-08,0.7209,0.0,0.0,884.0,0.7209,0.7209,0.7209,10000031,2015-09-23,2015-09-23,C,2.2,2015-02-09
376,2015-04-08 13:17:00,2015-04-08,0.7209,0.0,0.0,884.0,0.7209,0.7209,0.7209,10000031,2015-09-23,2015-09-23,C,2.2,2015-02-09
377,2015-04-08 13:18:00,2015-04-08,0.7209,0.0,0.0,884.0,0.7209,0.7209,0.7209,10000031,2015-09-23,2015-09-23,C,2.2,2015-02-09
378,2015-04-08 13:19:00,2015-04-08,0.7209,0.0,0.0,884.0,0.7209,0.7209,0.7209,10000031,2015-09-23,2015-09-23,C,2.2,2015-02-09
379,2015-04-08 13:20:00,2015-04-08,0.7209,0.0,0.0,884.0,0.7209,0.7209,0.7209,10000031,2015-09-23,2015-09-23,C,2.2,2015-02-09
380,2015-04-08 13:21:00,2015-04-08,0.7209,0.0,0.0,884.0,0.7209,0.7209,0.7209,10000031,2015-09-23,2015-09-23,C,2.2,2015-02-09
381,2015-04-08 13:22:00,2015-04-08,0.7209,0.0,0.0,884.0,0.7209,0.7209,0.7209,10000031,2015-09-23,2015-09-23,C,2.2,2015-02-09
382,2015-04-08 13:23:00,2015-04-08,0.7209,0.0,0.0,884.0,0.7209,0.7209,0.7209,10000031,2015-09-23,2015-09-23,C,2.2,2015-02-09
383,2015-04-08 13:24:00,2015-04-08,0.7209,0.0,0.0,884.0,0.7209,0.7209,0.7209,10000031,2015-09-23,2015-09-23,C,2.2,2015-02-09
384,2015-04-08 13:25:00,2015-04-08,0.7209,0.0,0.0,884.0,0.7209,0.7209,0.7209,10000031,2015-09-23,2015-09-23,C,2.2,2015-02-09
385,2015-04-08 13:26:00,2015-04-08,0.7209,0.0,0.0,884.0,0.7209,0.7209,0.7209,10000031,2015-09-23,2015-09-23,C,2.2,2015-02-09
386,2015-04-08 13:27:00,2015-04-08,0.7209,0.0,0.0,884.0,0.7209,0.7209,0.7209,10000031,2015-09-23,2015-09-23,C,2.2,2015-02-09
387,2015-04-08 13:28:00,2015-04-08,0.7209,0.0,0.0,884.0,0.7209,0.7209,0.7209,10000031,2015-09-23,2015-09-23,C,2.2,2015-02-09
388,2015-04-08 13:29:00,2015-04-08,0.7209,0.0,0.0,884.0,0.7209,0.7209,0.7209,10000031,2015-09-23,2015-09-23,C,2.2,2015-02-09
389,2015-04-08 13:30:00,2015-04-08,0.7209,0.0,0.0,884.0,0.7209,0.7209,0.7209,10000031,2015-09-23,2015-09-23,C,2.2,2015-02-09
390,2015-04-08 13:31:00,2015-04-08,0.7209,0.0,0.0,884.0,0.7209,0.7209,0.7209,10000031,2015-09-23,2015-09-23,C,2.2,2015-02-09
391,2015-04-08 13:32:00,2015-04-08,0.7209,0.0,0.0,884.0,0.7209,0.7209,0.7209,10000031,2015-09-23,2015-09-23,C,2.2,2015-02-09
392,2015-04-08 13:33:00,2015-04-08,0.7209,0.0,0.0,884.0,0.7209,0.7209,0.7209,10000031,2015-09-23,2015-09-23,C,2.2,2015-02-09
393,2015-04-08 13:34:00,2015-04-08,0.7209,0.0,0.0,884.0,0.7209,0.7209,0.7209,10000031,2015-09-23,2015-09-23,C,2.2,2015-02-09
394,2015-04-08 13:35:00,2015-04-08,0.7209,0.0,0.0,884.0,0.7209,0.7209,0.7209,10000031,2015-09-23,2015-09-23,C,2.2,2015-02-09
395,2015-04-08 13:36:00,2015-04-08,0.7209,0.0,0.0,884.0,0.7209,0.7209,0.7209,10000031,2015-09-23,2015-09-23,C,2.2,2015-02-09
396,2015-04-08 13:37:00,2015-04-08,0.7209,0.0,0.0,884.0,0.7209,0.7209,0.7209,10000031,2015-09-23,2015-09-23,C,2.2,2015-02-09
397,2015-04-08 13:38:00,2015-04-08,0.7209,0.0,0.0,884.0,0.7209,0.7209,0.7209,10000031,2015-09-23,2015-09-23,C,2.2,2015-02-09
398,2015-04-08 13:39:00,2015-04-08,0.7209,0.0,0.0,884.0,0.7209,0.7209,0.7209,10000031,2015-09-23,2015-09-23,C,2.2,2015-02-09
399,2015-04-08 13:40:00,2015-04-08,0.7209,0.0,0.0,884.0,0.7209,0.7209,0.7209,10000031,2015-09-23,2015-09-23,C,2.2,2015-02-09
400,2015-04-08 13:41:00,2015-04-08,0.7209,0.0,0.0,884.0,0.7209,0.7209,0.7209,10000031,2015-09-23,2015-09-23,C,2.2,2015-02-09
401,2015-04-08 13:42:00,2015-04-08,0.7209,0.0,0.0,884.0,0.7209,0.7209,0.7209,10000031,2015-09-23,2015-09-23,C,2.2,2015-02-09
402,2015-04-08 13:43:00,2015-04-08,0.7209,0.0,0.0,884.0,0.7209,0.7209,0.7209,10000031,2015-09-23,2015-09-23,C,2.2,2015-02-09
403,2015-04-08 13:44:00,2015-04-08,0.7209,0.0,0.0,884.0,0.7209,0.7209,0.7209,10000031,2015-09-23,2015-09-23,C,2.2,2015-02-09
404,2015-04-08 13:45:00,2015-04-08,0.7209,0.0,0.0,884.0,0.7209,0.7209,0.7209,10000031,2015-09-23,2015-09-23,C,2.2,2015-02-09
405,2015-04-08 13:46:00,2015-04-08,0.7209,0.0,0.0,884.0,0.7209,0.7209,0.7209,10000031,2015-09-23,2015-09-23,C,2.2,2015-02-09
406,2015-04-08 13:47:00,2015-04-08,0.7209,0.0,0.0,884.0,0.7209,0.7209,0.7209,10000031,2015-09-23,2015-09-23,C,2.2,2015-02-09
407,2015-04-08 13:48:00,2015-04-08,0.7209,0.0,0.0,884.0,0.7209,0.7209,0.7209,10000031,2015-09-23,2015-09-23,C,2.2,2015-02-09
408,2015-04-08 13:49:00,2015-04-08,0.7209,0.0,0.0,884.0,0.7209,0.7209,0.7209,10000031,2015-09-23,2015-09-23,C,2.2,2015-02-09
409,2015-04-08 13:50:00,2015-04-08,0.7209,0.0,0.0,884.0,0.7209,0.7209,0.7209,10000031,2015-09-23,2015-09-23,C,2.2,2015-02-09
410,2015-04-08 13:51:00,2015-04-08,0.7209,0.0,0.0,884.0,0.7209,0.7209,0.7209,10000031,2015-09-23,2015-09-23,C,2.2,2015-02-09
411,2015-04-08 13:52:00,2015-04-08,0.7209,0.0,0.0,884.0,0.7209,0.7209,0.7209,10000031,2015-09-23,2015-09-23,C,2.2,2015-02-09
412,2015-04-08 13:53:00,2015-04-08,0.7209,0.0,0.0,884.0,0.7209,0.7209,0.7209,10000031,2015-09-23,2015-09-23,C,2.2,2015-02-09
413,2015-04-08 13:54:00,2015-04-08,0.7209,0.0,0.0,884.0,0.7209,0.7209,0.7209,10000031,2015-09-23,2015-09-23,C,2.2,2015-02-09
414,2015-04-08 13:55:00,2015-04-08,0.7209,0.0,0.0,884.0,0.7209,0.7209,0.7209,10000031,2015-09-23,2015-09-23,C,2.2,2015-02-09
415,2015-04-08 13:56:00,2015-04-08,0.7209,0.0,0.0,884.0,0.7209,0.7209,0.7209,10000031,2015-09-23,2015-09-23,C,2.2,2015-02-09
416,2015-04-08 13:57:00,2015-04-08,0.7209,0.0,0.0,884.0,0.7209,0.7209,0.7209,10000031,2015-09-23,2015-09-23,C,2.2,2015-02-09
417,2015-04-08 13:58:00,2015-04-08,0.7209,0.0,0.0,884.0,0.7209,0.7209,0.7209,10000031,2015-09-23,2015-09-23,C,2.2,2015-02-09
418,2015-04-08 13:59:00,2015-04-08,0.7209,0.0,0.0,884.0,0.7209,0.7209,0.7209,10000031,2015-09-23,2015-09-23,C,2.2,2015-02-09
419,2015-04-08 14:00:00,2015-04-08,0.7209,0.0,0.0,884.0,0.7209,0.7209,0.7209,10000031,2015-09-23,2015-09-23,C,2.2,2015-02-09
420,2015-04-08 14:01:00,2015-04-08,0.7209,0.0,0.0,884.0,0.7209,0.7209,0.7209,10000031,2015-09-23,2015-09-23,C,2.2,2015-02-09
421,2015-04-08 14:02:00,2015-04-08,0.7209,0.0,0.0,884.0,0.7209,0.7209,0.7209,10000031,2015-09-23,2015-09-23,C,2.2,2015-02-09
422,2015-04-08 14:03:00,2015-04-08,0.7209,0.0,0.0,884.0,0.7209,0.7209,0.7209,10000031,2015-09-23,2015-09-23,C,2.2,2015-02-09
423,2015-04-08 14:04:00,2015-04-08,0.7209,0.0,0.0,884.0,0.7209,0.7209,0.7209,10000031,2015-09-23,2015-09-23,C,2.2,2015-02-09
424,2015-04-08 14:05:00,2015-04-08,0.7209,0.0,0.0,884.0,0.7209,0.7209,0.7209,10000031,2015-09-23,2015-09-23,C,2.2,2015-02-09
425,2015-04-08 14:06:00,2015-04-08,0.7209,0.0,0.0,884.0,0.7209,0.7209,0.7209,10000031,2015-09-23,2015-09-23,C,2.2,2015-02-09
426,2015-04-08 14:07:00,2015-04-08,0.7209,0.0,0.0,884.0,0.7209,0.7209,0.7209,10000031,2015-09-23,2015-09-23,C,2.2,2015-02-09
427,2015-04-08 14:08:00,2015-04-08,0.7209,0.0,0.0,884.0,0.7209,0.7209,0.7209,10000031,2015-09-23,2015-09-23,C,2.2,2015-02-09
428,2015-04-08 14:09:00,2015-04-08,0.7209,0.0,0.0,884.0,0.7209,0.7209,0.7209,10000031,2015-09-23,2015-09-23,C,2.2,2015-02-09
429,2015-04-08 14:10:00,2015-04-08,0.7209,0.0,0.0,884.0,0.7209,0.7209,0.7209,10000031,2015-09-23,2015-09-23,C,2.2,2015-02-09
430,2015-04-08 14:11:00,2015-04-08,0.7209,0.0,0.0,884.0,0.7209,0.7209,0.7209,10000031,2015-09-23,2015-09-23,C,2.2,2015-02-09
431,2015-04-08 14:12:00,2015-04-08,0.7209,0.0,0.0,884.0,0.7209,0.7209,0.7209,10000031,2015-09-23,2015-09-23,C,2.2,2015-02-09
432,2015-04-08 14:13:00,2015-04-08,0.7209,0.0,0.0,884.0,0.7209,0.7209,0.7209,10000031,2015-09-23,2015-09-23,C,2.2,2015-02-09
433,2015-04-08 14:14:00,2015-04-08,0.7209,0.0,0.0,884.0,0.7209,0.7209,0.7209,10000031,2015-09-23,2015-09-23,C,2.2,2015-02-09
434,2015-04-08 14:15:00,2015-04-08,0.7209,0.0,0.0,884.0,0.7209,0.7209,0.7209,10000031,2015-09-23,2015-09-23,C,2.2,2015-02-09
435,2015-04-08 14:16:00,2015-04-08,0.7209,0.0,0.0,884.0,0.7209,0.7209,0.7209,10000031,2015-09-23,2015-09-23,C,2.2,2015-02-09
436,2015-04-08 14:17:00,2015-04-08,0.7209,0.0,0.0,884.0,0.7209,0.7209,0.7209,10000031,2015-09-23,2015-09-23,C,2.2,2015-02-09
437,2015-04-08 14:18:00,2015-04-08,0.7209,0.0,0.0,884.0,0.7209,0.7209,0.7209,10000031,2015-09-23,2015-09-23,C,2.2,2015-02-09
438,2015-04-08 14:19:00,2015-04-08,0.7209,0.0,0.0,884.0,0.7209,0.7209,0.7209,10000031,2015-09-23,2015-09-23,C,2.2,2015-02-09
439,2015-04-08 14:20:00,2015-04-08,0.7209,0.0,0.0,884.0,0.7209,0.7209,0.7209,10000031,2015-09-23,2015-09-23,C,2.2,2015-02-09
440,2015-04-08 14:21:00,2015-04-08,0.7209,0.0,0.0,884.0,0.7209,0.7209,0.7209,10000031,2015-09-23,2015-09-23,C,2.2,2015-02-09
441,2015-04-08 14:22:00,2015-04-08,0.7209,0.0,0.0,884.0,0.7209,0.7209,0.7209,10000031,2015-09-23,2015-09-23,C,2.2,2015-02-09
442,2015-04-08 14:23:00,2015-04-08,0.7209,0.0,0.0,884.0,0.7209,0.7209,0.7209,10000031,2015-09-23,2015-09-23,C,2.2,2015-02-09
443,2015-04-08 14:24:00,2015-04-08,0.7209,0.0,0.0,884.0,0.7209,0.7209,0.7209,10000031,2015-09-23,2015-09-23,C,2.2,2015-02-09
444,2015-04-08 14:25:00,2015-04-08,0.7209,0.0,0.0,884.0,0.7209,0.7209,0.7209,10000031,2015-09-23,2015-09-23,C,2.2,2015-02-09
445,2015-04-08 14:26:00,2015-04-08,0.7209,0.0,0.0,884.0,0.7209,0.7209,0.7209,10000031,2015-09-23,2015-09-23,C,2.2,2015-02-09
446,2015-04-08 14:27:00,2015-04-08,0.7209,0.0,0.0,884.0,0.7209,0.7209,0.7209,10000031,2015-09-23,2015-09-23,C,2.2,2015-02-09
447,2015-04-08 14:28:00,2015-04-08,0.7209,0.0,0.0,884.0,0.7209,0.7209,0.7209,10000031,2015-09-23,2015-09-23,C,2.2,2015-02-09
448,2015-04-08 14:29:00,2015-04-08,0.7209,0.0,0.0,884.0,0.7209,0.7209,0.7209,10000031,2015-09-23,2015-09-23,C,2.2,2015-02-09
449,2015-04-08 14:30:00,2015-04-08,0.7209,0.0,0.0,884.0,0.7209,0.7209,0.7209,10000031,2015-09-23,2015-09-23,C,2.2,2015-02-09
450,2015-04-08 14:31:00,2015-04-08,0.7209,0.0,0.0,884.0,0.7209,0.7209,0.7209,10000031,2015-09-23,2015-09-23,C,2.2,2015-02-09
451,2015-04-08 14:32:00,2015-04-08,0.7209,0.0,0.0,884.0,0.7209,0.7209,0.7209,10000031,2015-09-23,2015-09-23,C,2.2,2015-02-09
452,2015-04-08 14:33:00,2015-04-08,0.7209,0.0,0.0,884.0,0.7209,0.7209,0.7209,10000031,2015-09-23,2015-09-23,C,2.2,2015-02-09
453,2015-04-08 14:34:00,2015-04-08,0.7209,0.0,0.0,884.0,0.7209,0.7209,0.7209,10000031,2015-09-23,2015-09-23,C,2.2,2015-02-09
454,2015-04-08 14:35:00,2015-04-08,0.7209,0.0,0.0,884.0,0.7209,0.7209,0.7209,10000031,2015-09-23,2015-09-23,C,2.2,2015-02-09
455,2015-04-08 14:36:00,2015-04-08,0.7209,0.0,0.0,884.0,0.7209,0.7209,0.7209,10000031,2015-09-23,2015-09-23,C,2.2,2015-02-09
456,2015-04-08 14:37:00,2015-04-08,0.7209,0.0,0.0,884.0,0.7209,0.7209,0.7209,10000031,2015-09-23,2015-09-23,C,2.2,2015-02-09
457,2015-04-08 14:38:00,2015-04-08,0.7209,0.0,0.0,884.0,0.7209,0.7209,0.7209,10000031,2015-09-23,2015-09-23,C,2.2,2015-02-09
458,2015-04-08 14:39:00,2015-04-08,0.7209,0.0,0.0,884.0,0.7209,0.7209,0.7209,10000031,2015-09-23,2015-09-23,C,2.2,2015-02-09
459,2015-04-08 14:40:00,2015-04-08,0.7209,0.0,0.0,884.0,0.7209,0.7209,0.7209,10000031,2015-09-23,2015-09-23,C,2.2,2015-02-09
460,2015-04-08 14:41:00,2015-04-08,0.7209,0.0,0.0,884.0,0.7209,0.7209,0.7209,10000031,2015-09-23,2015-09-23,C,2.2,2015-02-09
461,2015-04-08 14:42:00,2015-04-08,0.7209,0.0,0.0,884.0,0.7209,0.7209,0.7209,10000031,2015-09-23,2015-09-23,C,2.2,2015-02-09
462,2015-04-08 14:43:00,2015-04-08,0.7209,0.0,0.0,884.0,0.7209,0.7209,0.7209,10000031,2015-09-23,2015-09-23,C,2.2,2015-02-09
463,2015-04-08 14:44:00,2015-04-08,0.7209,0.0,0.0,884.0,0.7209,0.7209,0.7209,10000031,2015-09-23,2015-09-23,C,2.2,2015-02-09
464,2015-04-08 14:45:00,2015-04-08,0.7209,0.0,0.0,884.0,0.7209,0.7209,0.7209,10000031,2015-09-23,2015-09-23,C,2.2,2015-02-09
465,2015-04-08 14:46:00,2015-04-08,0.7209,0.0,0.0,884.0,0.7209,0.7209,0.7209,10000031,2015-09-23,2015-09-23,C,2.2,2015-02-09
466,2015-04-08 14:47:00,2015-04-08,0.7209,0.0,0.0,884.0,0.7209,0.7209,0.7209,10000031,2015-09-23,2015-09-23,C,2.2,2015-02-09
467,2015-04-08 14:48:00,2015-04-08,0.7209,0.0,0.0,884.0,0.7209,0.7209,0.7209,10000031,2015-09-23,2015-09-23,C,2.2,2015-02-09
468,2015-04-08 14:49:00,2015-04-08,0.7209,0.0,0.0,884.0,0.7209,0.7209,0.7209,10000031,2015-09-23,2015-09-23,C,2.2,2015-02-09
469,2015-04-08 14:50:00,2015-04-08,0.7209,0.0,0.0,884.0,0.7209,0.7209,0.7209,10000031,2015-09-23,2015-09-23,C,2.2,2015-02-09
470,2015-04-08 14:51:00,2015-04-08,0.7209,0.0,0.0,884.0,0.7209,0.7209,0.7209,10000031,2015-09-23,2015-09-23,C,2.2,2015-02-09
471,2015-04-08 14:52:00,2015-04-08,0.7209,0.0,0.0,884.0,0.7209,0.7209,0.7209,10000031,2015-09-23,2015-09-23,C,2.2,2015-02-09
472,2015-04-08 14:53:00,2015-04-08,0.7209,0.0,0.0,884.0,0.7209,0.7209,0.7209,10000031,2015-09-23,2015-09-23,C,2.2,2015-02-09
473,2015-04-08 14:54:00,2015-04-08,0.7209,0.0,0.0,884.0,0.7209,0.7209,0.7209,10000031,2015-09-23,2015-09-23,C,2.2,2015-02-09
474,2015-04-08 14:55:00,2015-04-08,0.7209,0.0,0.0,884.0,0.7209,0.7209,0.7209,10000031,2015-09-23,2015-09-23,C,2.2,2015-02-09
475,2015-04-08 14:56:00,2015-04-08,0.7209,0.0,0.0,884.0,0.7209,0.7209,0.7209,10000031,2015-09-23,2015-09-23,C,2.2,2015-02-09
476,2015-04-08 14:57:00,2015-04-08,0.7209,0.0,0.0,884.0,0.7209,0.7209,0.7209,10000031,2015-09-23,2015-09-23,C,2.2,2015-02-09
477,2015-04-08 14:58:00,2015-04-08,0.7209,0.0,0.0,884.0,0.7209,0.7209,0.7209,10000031,2015-09-23,2015-09-23,C,2.2,2015-02-09
478,2015-04-08 14:59:00,2015-04-08,0.7209,0.0,0.0,884.0,0.7209,0.7209,0.7209,10000031,2015-09-23,2015-09-23,C,2.2,2015-02-09
479,2015-04-08 15:00:00,2015-04-08,0.7209,0.0,0.0,884.0,0.7209,0.7209,0.7209,10000031,2015-09-23,2015-09-23,C,2.2,2015-02-09
480,2015-04-08 09:31:00,2015-04-08,0.3172,0.0,0.0,0.0,0.3172,0.3172,0.3172,10000069,2015-06-24,2015-06-24,C,2.6,2015-03-17
481,2015-04-08 09:32:00,2015-04-08,0.3172,0.0,0.0,0.0,0.3172,0.3172,0.3172,10000069,2015-06-24,2015-06-24,C,2.6,2015-03-17
482,2015-04-08 09:33:00,2015-04-08,0.3172,0.0,0.0,0.0,0.3172,0.3172,0.3172,10000069,2015-06-24,2015-06-24,C,2.6,2015-03-17
483,2015-04-08 09:34:00,2015-04-08,0.3172,0.0,0.0,0.0,0.3172,0.3172,0.3172,10000069,2015-06-24,2015-06-24,C,2.6,2015-03-17
484,2015-04-08 09:35:00,2015-04-08,0.3172,0.0,0.0,0.0,0.3172,0.3172,0.3172,10000069,2015-06-24,2015-06-24,C,2.6,2015-03-17
485,2015-04-08 09:36:00,2015-04-08,0.3172,0.0,0.0,0.0,0.3172,0.3172,0.3172,10000069,2015-06-24,2015-06-24,C,2.6,2015-03-17
486,2015-04-08 09:37:00,2015-04-08,0.3172,0.0,0.0,0.0,0.3172,0.3172,0.3172,10000069,2015-06-24,2015-06-24,C,2.6,2015-03-17
487,2015-04-08 09:38:00,2015-04-08,0.3172,0.0,0.0,0.0,0.3172,0.3172,0.3172,10000069,2015-06-24,2015-06-24,C,2.6,2015-03-17
488,2015-04-08 09:39:00,2015-04-08,0.3172,0.0,0.0,0.0,0.3172,0.3172,0.3172,10000069,2015-06-24,2015-06-24,C,2.6,2015-03-17
489,2015-04-08 09:40:00,2015-04-08,0.3172,0.0,0.0,0.0,0.3172,0.3172,0.3172,10000069,2015-06-24,2015-06-24,C,2.6,2015-03-17
490,2015-04-08 09:41:00,2015-04-08,0.3172,0.0,0.0,0.0,0.3172,0.3172,0.3172,10000069,2015-06-24,2015-06-24,C,2.6,2015-03-17
491,2015-04-08 09:42:00,2015-04-08,0.3172,0.0,0.0,0.0,0.3172,0.3172,0.3172,10000069,2015-06-24,2015-06-24,C,2.6,2015-03-17
492,2015-04-08 09:43:00,2015-04-08,0.3172,0.0,0.0,0.0,0.3172,0.3172,0.3172,10000069,2015-06-24,2015-06-24,C,2.6,2015-03-17
493,2015-04-08 09:44:00,2015-04-08,0.3172,0.0,0.0,0.0,0.3172,0.3172,0.3172,10000069,2015-06-24,2015-06-24,C,2.6,2015-03-17
494,2015-04-08 09:45:00,2015-04-08,0.3172,0.0,0.0,0.0,0.3172,0.3172,0.3172,10000069,2015-06-24,2015-06-24,C,2.6,2015-03-17
495,2015-04-08 09:46:00,2015-04-08,0.3172,0.0,0.0,0.0,0.3172,0.3172,0.3172,10000069,2015-06-24,2015-06-24,C,2.6,2015-03-17
496,2015-04-08 09:47:00,2015-04-08,0.3172,0.0,0.0,0.0,0.3172,0.3172,0.3172,10000069,2015-06-24,2015-06-24,C,2.6,2015-03-17
497,2015-04-08 09:48:00,2015-04-08,0.3172,0.0,0.0,0.0,0.3172,0.3172,0.3172,10000069,2015-06-24,2015-06-24,C,2.6,2015-03-17
498,2015-04-08 09:49:00,2015-04-08,0.3172,0.0,0.0,0.0,0.3172,0.3172,0.3172,10000069,2015-06-24,2015-06-24,C,2.6,2015-03-17
499,2015-04-08 09:50:00,2015-04-08,0.3172,0.0,0.0,0.0,0.3172,0.3172,0.3172,10000069,2015-06-24,2015-06-24,C,2.6,2015-03-17
500,2015-04-08 09:51:00,2015-04-08,0.3172,0.0,0.0,0.0,0.3172,0.3172,0.3172,10000069,2015-06-24,2015-06-24,C,2.6,2015-03-17
501,2015-04-08 09:52:00,2015-04-08,0.3172,0.0,0.0,0.0,0.3172,0.3172,0.3172,10000069,2015-06-24,2015-06-24,C,2.6,2015-03-17
502,2015-04-08 09:53:00,2015-04-08,0.3172,0.0,0.0,0.0,0.3172,0.3172,0.3172,10000069,2015-06-24,2015-06-24,C,2.6,2015-03-17
503,2015-04-08 09:54:00,2015-04-08,0.3172,0.0,0.0,0.0,0.3172,0.3172,0.3172,10000069,2015-06-24,2015-06-24,C,2.6,2015-03-17
504,2015-04-08 09:55:00,2015-04-08,0.3172,0.0,0.0,0.0,0.3172,0.3172,0.3172,10000069,2015-06-24,2015-06-24,C,2.6,2015-03-17
505,2015-04-08 09:56:00,2015-04-08,0.3172,0.0,0.0,0.0,0.3172,0.3172,0.3172,10000069,2015-06-24,2015-06-24,C,2.6,2015-03-17
506,2015-04-08 09:57:00,2015-04-08,0.3373,-32995.0,-9.0,174.0,0.3373,0.3373,0.3373,10000069,2015-06-24,2015-06-24,C,2.6,2015-03-17
507,2015-04-08 09:58:00,2015-04-08,0.3373,0.0,0.0,174.0,0.3373,0.3373,0.3373,10000069,2015-06-24,2015-06-24,C,2.6,2015-03-17
508,2015-04-08 09:59:00,2015-04-08,0.3373,0.0,0.0,174.0,0.3373,0.3373,0.3373,10000069,2015-06-24,2015-06-24,C,2.6,2015-03-17
509,2015-04-08 10:00:00,2015-04-08,0.3373,0.0,0.0,174.0,0.3373,0.3373,0.3373,10000069,2015-06-24,2015-06-24,C,2.6,2015-03-17
510,2015-04-08 10:01:00,2015-04-08,0.3373,0.0,0.0,174.0,0.3373,0.3373,0.3373,10000069,2015-06-24,2015-06-24,C,2.6,2015-03-17
511,2015-04-08 10:02:00,2015-04-08,0.3373,0.0,0.0,174.0,0.3373,0.3373,0.3373,10000069,2015-06-24,2015-06-24,C,2.6,2015-03-17
512,2015-04-08 10:03:00,2015-04-08,0.3373,0.0,0.0,174.0,0.3373,0.3373,0.3373,10000069,2015-06-24,2015-06-24,C,2.6,2015-03-17
513,2015-04-08 10:04:00,2015-04-08,0.3373,0.0,0.0,174.0,0.3373,0.3373,0.3373,10000069,2015-06-24,2015-06-24,C,2.6,2015-03-17
514,2015-04-08 10:05:00,2015-04-08,0.3373,0.0,0.0,174.0,0.3373,0.3373,0.3373,10000069,2015-06-24,2015-06-24,C,2.6,2015-03-17
515,2015-04-08 10:06:00,2015-04-08,0.3373,0.0,0.0,174.0,0.3373,0.3373,0.3373,10000069,2015-06-24,2015-06-24,C,2.6,2015-03-17
516,2015-04-08 10:07:00,2015-04-08,0.3373,0.0,0.0,174.0,0.3373,0.3373,0.3373,10000069,2015-06-24,2015-06-24,C,2.6,2015-03-17
517,2015-04-08 10:08:00,2015-04-08,0.3373,0.0,0.0,174.0,0.3373,0.3373,0.3373,10000069,2015-06-24,2015-06-24,C,2.6,2015-03-17
518,2015-04-08 10:09:00,2015-04-08,0.3373,0.0,0.0,174.0,0.3373,0.3373,0.3373,10000069,2015-06-24,2015-06-24,C,2.6,2015-03-17
519,2015-04-08 10:10:00,2015-04-08,0.3373,0.0,0.0,174.0,0.3373,0.3373,0.3373,10000069,2015-06-24,2015-06-24,C,2.6,2015-03-17
520,2015-04-08 10:11:00,2015-04-08,0.3373,0.0,0.0,174.0,0.3373,0.3373,0.3373,10000069,2015-06-24,2015-06-24,C,2.6,2015-03-17
521,2015-04-08 10:12:00,2015-04-08,0.3373,0.0,0.0,174.0,0.3373,0.3373,0.3373,10000069,2015-06-24,2015-06-24,C,2.6,2015-03-17
522,2015-04-08 10:13:00,2015-04-08,0.3373,0.0,0.0,174.0,0.3373,0.3373,0.3373,10000069,2015-06-24,2015-06-24,C,2.6,2015-03-17
523,2015-04-08 10:14:00,2015-04-08,0.3373,0.0,0.0,174.0,0.3373,0.3373,0.3373,10000069,2015-06-24,2015-06-24,C,2.6,2015-03-17
524,2015-04-08 10:15:00,2015-04-08,0.3373,0.0,0.0,174.0,0.3373,0.3373,0.3373,10000069,2015-06-24,2015-06-24,C,2.6,2015-03-17
525,2015-04-08 10:16:00,2015-04-08,0.3373,0.0,0.0,174.0,0.3373,0.3373,0.3373,10000069,2015-06-24,2015-06-24,C,2.6,2015-03-17
526,2015-04-08 10:17:00,2015-04-08,0.3373,0.0,0.0,174.0,0.3373,0.3373,0.3373,10000069,2015-06-24,2015-06-24,C,2.6,2015-03-17
527,2015-04-08 10:18:00,2015-04-08,0.3373,0.0,0.0,174.0,0.3373,0.3373,0.3373,10000069,2015-06-24,2015-06-24,C,2.6,2015-03-17
528,2015-04-08 10:19:00,2015-04-08,0.3373,0.0,0.0,174.0,0.3373,0.3373,0.3373,10000069,2015-06-24,2015-06-24,C,2.6,2015-03-17
529,2015-04-08 10:20:00,2015-04-08,0.3373,0.0,0.0,174.0,0.3373,0.3373,0.3373,10000069,2015-06-24,2015-06-24,C,2.6,2015-03-17
530,2015-04-08 10:21:00,2015-04-08,0.3373,0.0,0.0,174.0,0.3373,0.3373,0.3373,10000069,2015-06-24,2015-06-24,C,2.6,2015-03-17
531,2015-04-08 10:22:00,2015-04-08,0.3373,0.0,0.0,174.0,0.3373,0.3373,0.3373,10000069,2015-06-24,2015-06-24,C,2.6,2015-03-17
532,2015-04-08 10:23:00,2015-04-08,0.3373,0.0,0.0,174.0,0.3373,0.3373,0.3373,10000069,2015-06-24,2015-06-24,C,2.6,2015-03-17
533,2015-04-08 10:24:00,2015-04-08,0.3373,0.0,0.0,174.0,0.3373,0.3373,0.3373,10000069,2015-06-24,2015-06-24,C,2.6,2015-03-17
534,2015-04-08 10:25:00,2015-04-08,0.3373,0.0,0.0,174.0,0.3373,0.3373,0.3373,10000069,2015-06-24,2015-06-24,C,2.6,2015-03-17
535,2015-04-08 10:26:00,2015-04-08,0.3373,0.0,0.0,174.0,0.3373,0.3373,0.3373,10000069,2015-06-24,2015-06-24,C,2.6,2015-03-17
536,2015-04-08 10:27:00,2015-04-08,0.3373,0.0,0.0,174.0,0.3373,0.3373,0.3373,10000069,2015-06-24,2015-06-24,C,2.6,2015-03-17
537,2015-04-08 10:28:00,2015-04-08,0.3373,0.0,0.0,174.0,0.3373,0.3373,0.3373,10000069,2015-06-24,2015-06-24,C,2.6,2015-03-17
538,2015-04-08 10:29:00,2015-04-08,0.3373,0.0,0.0,174.0,0.3373,0.3373,0.3373,10000069,2015-06-24,2015-06-24,C,2.6,2015-03-17
539,2015-04-08 10:30:00,2015-04-08,0.3373,0.0,0.0,174.0,0.3373,0.3373,0.3373,10000069,2015-06-24,2015-06-24,C,2.6,2015-03-17
540,2015-04-08 10:31:00,2015-04-08,0.3373,0.0,0.0,174.0,0.3373,0.3373,0.3373,10000069,2015-06-24,2015-06-24,C,2.6,2015-03-17
541,2015-04-08 10:32:00,2015-04-08,0.3373,0.0,0.0,174.0,0.3373,0.3373,0.3373,10000069,2015-06-24,2015-06-24,C,2.6,2015-03-17
542,2015-04-08 10:33:00,2015-04-08,0.3373,0.0,0.0,174.0,0.3373,0.3373,0.3373,10000069,2015-06-24,2015-06-24,C,2.6,2015-03-17
543,2015-04-08 10:34:00,2015-04-08,0.3373,0.0,0.0,174.0,0.3373,0.3373,0.3373,10000069,2015-06-24,2015-06-24,C,2.6,2015-03-17
544,2015-04-08 10:35:00,2015-04-08,0.3373,0.0,0.0,174.0,0.3373,0.3373,0.3373,10000069,2015-06-24,2015-06-24,C,2.6,2015-03-17
545,2015-04-08 10:36:00,2015-04-08,0.3373,0.0,0.0,174.0,0.3373,0.3373,0.3373,10000069,2015-06-24,2015-06-24,C,2.6,2015-03-17
546,2015-04-08 10:37:00,2015-04-08,0.3373,0.0,0.0,174.0,0.3373,0.3373,0.3373,10000069,2015-06-24,2015-06-24,C,2.6,2015-03-17
547,2015-04-08 10:38:00,2015-04-08,0.3373,0.0,0.0,174.0,0.3373,0.3373,0.3373,10000069,2015-06-24,2015-06-24,C,2.6,2015-03-17
548,2015-04-08 10:39:00,2015-04-08,0.3373,0.0,0.0,174.0,0.3373,0.3373,0.3373,10000069,2015-06-24,2015-06-24,C,2.6,2015-03-17
549,2015-04-08 10:40:00,2015-04-08,0.3373,0.0,0.0,174.0,0.3373,0.3373,0.3373,10000069,2015-06-24,2015-06-24,C,2.6,2015-03-17
550,2015-04-08 10:41:00,2015-04-08,0.3373,0.0,0.0,174.0,0.3373,0.3373,0.3373,10000069,2015-06-24,2015-06-24,C,2.6,2015-03-17
551,2015-04-08 10:42:00,2015-04-08,0.3373,0.0,0.0,174.0,0.3373,0.3373,0.3373,10000069,2015-06-24,2015-06-24,C,2.6,2015-03-17
552,2015-04-08 10:43:00,2015-04-08,0.3373,0.0,0.0,174.0,0.3373,0.3373,0.3373,10000069,2015-06-24,2015-06-24,C,2.6,2015-03-17
553,2015-04-08 10:44:00,2015-04-08,0.3373,0.0,0.0,174.0,0.3373,0.3373,0.3373,10000069,2015-06-24,2015-06-24,C,2.6,2015-03-17
554,2015-04-08 10:45:00,2015-04-08,0.3373,0.0,0.0,174.0,0.3373,0.3373,0.3373,10000069,2015-06-24,2015-06-24,C,2.6,2015-03-17
555,2015-04-08 10:46:00,2015-04-08,0.3373,0.0,0.0,174.0,0.3373,0.3373,0.3373,10000069,2015-06-24,2015-06-24,C,2.6,2015-03-17
556,2015-04-08 10:47:00,2015-04-08,0.3373,0.0,0.0,174.0,0.3373,0.3373,0.3373,10000069,2015-06-24,2015-06-24,C,2.6,2015-03-17
557,2015-04-08 10:48:00,2015-04-08,0.3373,0.0,0.0,174.0,0.3373,0.3373,0.3373,10000069,2015-06-24,2015-06-24,C,2.6,2015-03-17
558,2015-04-08 10:49:00,2015-04-08,0.3373,0.0,0.0,174.0,0.3373,0.3373,0.3373,10000069,2015-06-24,2015-06-24,C,2.6,2015-03-17
559,2015-04-08 10:50:00,2015-04-08,0.3373,0.0,0.0,174.0,0.3373,0.3373,0.3373,10000069,2015-06-24,2015-06-24,C,2.6,2015-03-17
560,2015-04-08 10:51:00,2015-04-08,0.3373,0.0,0.0,174.0,0.3373,0.3373,0.3373,10000069,2015-06-24,2015-06-24,C,2.6,2015-03-17
561,2015-04-08 10:52:00,2015-04-08,0.3373,0.0,0.0,174.0,0.3373,0.3373,0.3373,10000069,2015-06-24,2015-06-24,C,2.6,2015-03-17
562,2015-04-08 10:53:00,2015-04-08,0.3373,0.0,0.0,174.0,0.3373,0.3373,0.3373,10000069,2015-06-24,2015-06-24,C,2.6,2015-03-17
563,2015-04-08 10:54:00,2015-04-08,0.3373,0.0,0.0,174.0,0.3373,0.3373,0.3373,10000069,2015-06-24,2015-06-24,C,2.6,2015-03-17
564,2015-04-08 10:55:00,2015-04-08,0.3373,0.0,0.0,174.0,0.3373,0.3373,0.3373,10000069,2015-06-24,2015-06-24,C,2.6,2015-03-17
565,2015-04-08 10:56:00,2015-04-08,0.3373,0.0,0.0,174.0,0.3373,0.3373,0.3373,10000069,2015-06-24,2015-06-24,C,2.6,2015-03-17
566,2015-04-08 10:57:00,2015-04-08,0.3373,0.0,0.0,174.0,0.3373,0.3373,0.3373,10000069,2015-06-24,2015-06-24,C,2.6,2015-03-17
567,2015-04-08 10:58:00,2015-04-08,0.3373,0.0,0.0,174.0,0.3373,0.3373,0.3373,10000069,2015-06-24,2015-06-24,C,2.6,2015-03-17
568,2015-04-08 10:59:00,2015-04-08,0.3373,0.0,0.0,174.0,0.3373,0.3373,0.3373,10000069,2015-06-24,2015-06-24,C,2.6,2015-03-17
569,2015-04-08 11:00:00,2015-04-08,0.3373,0.0,0.0,174.0,0.3373,0.3373,0.3373,10000069,2015-06-24,2015-06-24,C,2.6,2015-03-17
570,2015-04-08 11:01:00,2015-04-08,0.3373,0.0,0.0,174.0,0.3373,0.3373,0.3373,10000069,2015-06-24,2015-06-24,C,2.6,2015-03-17
571,2015-04-08 11:02:00,2015-04-08,0.3373,0.0,0.0,174.0,0.3373,0.3373,0.3373,10000069,2015-06-24,2015-06-24,C,2.6,2015-03-17
572,2015-04-08 11:03:00,2015-04-08,0.3373,0.0,0.0,174.0,0.3373,0.3373,0.3373,10000069,2015-06-24,2015-06-24,C,2.6,2015-03-17
573,2015-04-08 11:04:00,2015-04-08,0.3373,0.0,0.0,174.0,0.3373,0.3373,0.3373,10000069,2015-06-24,2015-06-24,C,2.6,2015-03-17
574,2015-04-08 11:05:00,2015-04-08,0.3373,0.0,0.0,174.0,0.3373,0.3373,0.3373,10000069,2015-06-24,2015-06-24,C,2.6,2015-03-17
575,2015-04-08 11:06:00,2015-04-08,0.3373,0.0,0.0,174.0,0.3373,0.3373,0.3373,10000069,2015-06-24,2015-06-24,C,2.6,2015-03-17
576,2015-04-08 11:07:00,2015-04-08,0.3373,0.0,0.0,174.0,0.3373,0.3373,0.3373,10000069,2015-06-24,2015-06-24,C,2.6,2015-03-17
577,2015-04-08 11:08:00,2015-04-08,0.3373,0.0,0.0,174.0,0.3373,0.3373,0.3373,10000069,2015-06-24,2015-06-24,C,2.6,2015-03-17
578,2015-04-08 11:09:00,2015-04-08,0.3373,0.0,0.0,174.0,0.3373,0.3373,0.3373,10000069,2015-06-24,2015-06-24,C,2.6,2015-03-17
579,2015-04-08 11:10:00,2015-04-08,0.3373,0.0,0.0,174.0,0.3373,0.3373,0.3373,10000069,2015-06-24,2015-06-24,C,2.6,2015-03-17
580,2015-04-08 11:11:00,2015-04-08,0.3373,0.0,0.0,174.0,0.3373,0.3373,0.3373,10000069,2015-06-24,2015-06-24,C,2.6,2015-03-17
581,2015-04-08 11:12:00,2015-04-08,0.3373,0.0,0.0,174.0,0.3373,0.3373,0.3373,10000069,2015-06-24,2015-06-24,C,2.6,2015-03-17
582,2015-04-08 11:13:00,2015-04-08,0.3373,0.0,0.0,174.0,0.3373,0.3373,0.3373,10000069,2015-06-24,2015-06-24,C,2.6,2015-03-17
583,2015-04-08 11:14:00,2015-04-08,0.3373,0.0,0.0,174.0,0.3373,0.3373,0.3373,10000069,2015-06-24,2015-06-24,C,2.6,2015-03-17
584,2015-04-08 11:15:00,2015-04-08,0.3373,0.0,0.0,174.0,0.3373,0.3373,0.3373,10000069,2015-06-24,2015-06-24,C,2.6,2015-03-17
585,2015-04-08 11:16:00,2015-04-08,0.3373,0.0,0.0,174.0,0.3373,0.3373,0.3373,10000069,2015-06-24,2015-06-24,C,2.6,2015-03-17
586,2015-04-08 11:17:00,2015-04-08,0.3373,0.0,0.0,174.0,0.3373,0.3373,0.3373,10000069,2015-06-24,2015-06-24,C,2.6,2015-03-17
587,2015-04-08 11:18:00,2015-04-08,0.3373,0.0,0.0,174.0,0.3373,0.3373,0.3373,10000069,2015-06-24,2015-06-24,C,2.6,2015-03-17
588,2015-04-08 11:19:00,2015-04-08,0.3373,0.0,0.0,174.0,0.3373,0.3373,0.3373,10000069,2015-06-24,2015-06-24,C,2.6,2015-03-17
589,2015-04-08 11:20:00,2015-04-08,0.3373,0.0,0.0,174.0,0.3373,0.3373,0.3373,10000069,2015-06-24,2015-06-24,C,2.6,2015-03-17
590,2015-04-08 11:21:00,2015-04-08,0.3373,0.0,0.0,174.0,0.3373,0.3373,0.3373,10000069,2015-06-24,2015-06-24,C,2.6,2015-03-17
591,2015-04-08 11:22:00,2015-04-08,0.3373,0.0,0.0,174.0,0.3373,0.3373,0.3373,10000069,2015-06-24,2015-06-24,C,2.6,2015-03-17
592,2015-04-08 11:23:00,2015-04-08,0.3373,0.0,0.0,174.0,0.3373,0.3373,0.3373,10000069,2015-06-24,2015-06-24,C,2.6,2015-03-17
593,2015-04-08 11:24:00,2015-04-08,0.3373,0.0,0.0,174.0,0.3373,0.3373,0.3373,10000069,2015-06-24,2015-06-24,C,2.6,2015-03-17
594,2015-04-08 11:25:00,2015-04-08,0.3373,0.0,0.0,174.0,0.3373,0.3373,0.3373,10000069,2015-06-24,2015-06-24,C,2.6,2015-03-17
595,2015-04-08 11:26:00,2015-04-08,0.3373,0.0,0.0,174.0,0.3373,0.3373,0.3373,10000069,2015-06-24,2015-06-24,C,2.6,2015-03-17
596,2015-04-08 11:27:00,2015-04-08,0.3373,0.0,0.0,174.0,0.3373,0.3373,0.3373,10000069,2015-06-24,2015-06-24,C,2.6,2015-03-17
597,2015-04-08 11:28:00,2015-04-08,0.3373,0.0,0.0,174.0,0.3373,0.3373,0.3373,10000069,2015-06-24,2015-06-24,C,2.6,2015-03-17
598,2015-04-08 11:29:00,2015-04-08,0.3373,0.0,0.0,174.0,0.3373,0.3373,0.3373,10000069,2015-06-24,2015-06-24,C,2.6,2015-03-17
599,2015-04-08 11:30:00,2015-04-08,0.3373,0.0,0.0,174.0,0.3373,0.3373,0.3373,10000069,2015-06-24,2015-06-24,C,2.6,2015-03-17
600,2015-04-08 13:01:00,2015-04-08,0.3373,0.0,0.0,174.0,0.3373,0.3373,0.3373,10000069,2015-06-24,2015-06-24,C,2.6,2015-03-17
601,2015-04-08 13:02:00,2015-04-08,0.3373,0.0,0.0,174.0,0.3373,0.3373,0.3373,10000069,2015-06-24,2015-06-24,C,2.6,2015-03-17
602,2015-04-08 13:03:00,2015-04-08,0.3373,0.0,0.0,174.0,0.3373,0.3373,0.3373,10000069,2015-06-24,2015-06-24,C,2.6,2015-03-17
603,2015-04-08 13:04:00,2015-04-08,0.3373,0.0,0.0,174.0,0.3373,0.3373,0.3373,10000069,2015-06-24,2015-06-24,C,2.6,2015-03-17
604,2015-04-08 13:05:00,2015-04-08,0.3373,0.0,0.0,174.0,0.3373,0.3373,0.3373,10000069,2015-06-24,2015-06-24,C,2.6,2015-03-17
605,2015-04-08 13:06:00,2015-04-08,0.3373,0.0,0.0,174.0,0.3373,0.3373,0.3373,10000069,2015-06-24,2015-06-24,C,2.6,2015-03-17
606,2015-04-08 13:07:00,2015-04-08,0.3373,0.0,0.0,174.0,0.3373,0.3373,0.3373,10000069,2015-06-24,2015-06-24,C,2.6,2015-03-17
607,2015-04-08 13:08:00,2015-04-08,0.3373,0.0,0.0,174.0,0.3373,0.3373,0.3373,10000069,2015-06-24,2015-06-24,C,2.6,2015-03-17
608,2015-04-08 13:09:00,2015-04-08,0.3373,0.0,0.0,174.0,0.3373,0.3373,0.3373,10000069,2015-06-24,2015-06-24,C,2.6,2015-03-17
609,2015-04-08 13:10:00,2015-04-08,0.3373,0.0,0.0,174.0,0.3373,0.3373,0.3373,10000069,2015-06-24,2015-06-24,C,2.6,2015-03-17
610,2015-04-08 13:11:00,2015-04-08,0.3373,0.0,0.0,174.0,0.3373,0.3373,0.3373,10000069,2015-06-24,2015-06-24,C,2.6,2015-03-17
611,2015-04-08 13:12:00,2015-04-08,0.3373,0.0,0.0,174.0,0.3373,0.3373,0.3373,10000069,2015-06-24,2015-06-24,C,2.6,2015-03-17
612,2015-04-08 13:13:00,2015-04-08,0.3373,0.0,0.0,174.0,0.3373,0.3373,0.3373,10000069,2015-06-24,2015-06-24,C,2.6,2015-03-17
613,2015-04-08 13:14:00,2015-04-08,0.3373,0.0,0.0,174.0,0.3373,0.3373,0.3373,10000069,2015-06-24,2015-06-24,C,2.6,2015-03-17
614,2015-04-08 13:15:00,2015-04-08,0.3373,0.0,0.0,174.0,0.3373,0.3373,0.3373,10000069,2015-06-24,2015-06-24,C,2.6,2015-03-17
615,2015-04-08 13:16:00,2015-04-08,0.3373,0.0,0.0,174.0,0.3373,0.3373,0.3373,10000069,2015-06-24,2015-06-24,C,2.6,2015-03-17
616,2015-04-08 13:17:00,2015-04-08,0.3373,0.0,0.0,174.0,0.3373,0.3373,0.3373,10000069,2015-06-24,2015-06-24,C,2.6,2015-03-17
617,2015-04-08 13:18:00,2015-04-08,0.3373,0.0,0.0,174.0,0.3373,0.3373,0.3373,10000069,2015-06-24,2015-06-24,C,2.6,2015-03-17
618,2015-04-08 13:19:00,2015-04-08,0.3373,0.0,0.0,174.0,0.3373,0.3373,0.3373,10000069,2015-06-24,2015-06-24,C,2.6,2015-03-17
619,2015-04-08 13:20:00,2015-04-08,0.3373,0.0,0.0,174.0,0.3373,0.3373,0.3373,10000069,2015-06-24,2015-06-24,C,2.6,2015-03-17
620,2015-04-08 13:21:00,2015-04-08,0.3373,0.0,0.0,174.0,0.3373,0.3373,0.3373,10000069,2015-06-24,2015-06-24,C,2.6,2015-03-17
621,2015-04-08 13:22:00,2015-04-08,0.3373,0.0,0.0,174.0,0.3373,0.3373,0.3373,10000069,2015-06-24,2015-06-24,C,2.6,2015-03-17
622,2015-04-08 13:23:00,2015-04-08,0.3373,0.0,0.0,174.0,0.3373,0.3373,0.3373,10000069,2015-06-24,2015-06-24,C,2.6,2015-03-17
623,2015-04-08 13:24:00,2015-04-08,0.3373,0.0,0.0,174.0,0.3373,0.3373,0.3373,10000069,2015-06-24,2015-06-24,C,2.6,2015-03-17
624,2015-04-08 13:25:00,2015-04-08,0.3373,0.0,0.0,174.0,0.3373,0.3373,0.3373,10000069,2015-06-24,2015-06-24,C,2.6,2015-03-17
625,2015-04-08 13:26:00,2015-04-08,0.3723,18615.0,5.0,174.0,0.3723,0.3723,0.3723,10000069,2015-06-24,2015-06-24,C,2.6,2015-03-17
626,2015-04-08 13:27:00,2015-04-08,0.3723,0.0,0.0,174.0,0.3723,0.3723,0.3723,10000069,2015-06-24,2015-06-24,C,2.6,2015-03-17
627,2015-04-08 13:28:00,2015-04-08,0.3723,0.0,0.0,174.0,0.3723,0.3723,0.3723,10000069,2015-06-24,2015-06-24,C,2.6,2015-03-17
628,2015-04-08 13:29:00,2015-04-08,0.3723,0.0,0.0,174.0,0.3723,0.3723,0.3723,10000069,2015-06-24,2015-06-24,C,2.6,2015-03-17
629,2015-04-08 13:30:00,2015-04-08,0.3723,0.0,0.0,174.0,0.3723,0.3723,0.3723,10000069,2015-06-24,2015-06-24,C,2.6,2015-03-17
630,2015-04-08 13:31:00,2015-04-08,0.3723,0.0,0.0,174.0,0.3723,0.3723,0.3723,10000069,2015-06-24,2015-06-24,C,2.6,2015-03-17
631,2015-04-08 13:32:00,2015-04-08,0.3723,0.0,0.0,174.0,0.3723,0.3723,0.3723,10000069,2015-06-24,2015-06-24,C,2.6,2015-03-17
632,2015-04-08 13:33:00,2015-04-08,0.3723,0.0,0.0,174.0,0.3723,0.3723,0.3723,10000069,2015-06-24,2015-06-24,C,2.6,2015-03-17
633,2015-04-08 13:34:00,2015-04-08,0.3723,0.0,0.0,174.0,0.3723,0.3723,0.3723,10000069,2015-06-24,2015-06-24,C,2.6,2015-03-17
634,2015-04-08 13:35:00,2015-04-08,0.3723,0.0,0.0,174.0,0.3723,0.3723,0.3723,10000069,2015-06-24,2015-06-24,C,2.6,2015-03-17
635,2015-04-08 13:36:00,2015-04-08,0.3723,0.0,0.0,174.0,0.3723,0.3723,0.3723,10000069,2015-06-24,2015-06-24,C,2.6,2015-03-17
636,2015-04-08 13:37:00,2015-04-08,0.3723,0.0,0.0,174.0,0.3723,0.3723,0.3723,10000069,2015-06-24,2015-06-24,C,2.6,2015-03-17
637,2015-04-08 13:38:00,2015-04-08,0.3723,0.0,0.0,174.0,0.3723,0.3723,0.3723,10000069,2015-06-24,2015-06-24,C,2.6,2015-03-17
638,2015-04-08 13:39:00,2015-04-08,0.3723,0.0,0.0,174.0,0.3723,0.3723,0.3723,10000069,2015-06-24,2015-06-24,C,2.6,2015-03-17
639,2015-04-08 13:40:00,2015-04-08,0.3723,0.0,0.0,174.0,0.3723,0.3723,0.3723,10000069,2015-06-24,2015-06-24,C,2.6,2015-03-17
640,2015-04-08 13:41:00,2015-04-08,0.3723,0.0,0.0,174.0,0.3723,0.3723,0.3723,10000069,2015-06-24,2015-06-24,C,2.6,2015-03-17
641,2015-04-08 13:42:00,2015-04-08,0.3723,0.0,0.0,174.0,0.3723,0.3723,0.3723,10000069,2015-06-24,2015-06-24,C,2.6,2015-03-17
642,2015-04-08 13:43:00,2015-04-08,0.3723,0.0,0.0,174.0,0.3723,0.3723,0.3723,10000069,2015-06-24,2015-06-24,C,2.6,2015-03-17
643,2015-04-08 13:44:00,2015-04-08,0.3723,0.0,0.0,174.0,0.3723,0.3723,0.3723,10000069,2015-06-24,2015-06-24,C,2.6,2015-03-17
644,2015-04-08 13:45:00,2015-04-08,0.3723,0.0,0.0,174.0,0.3723,0.3723,0.3723,10000069,2015-06-24,2015-06-24,C,2.6,2015-03-17
645,2015-04-08 13:46:00,2015-04-08,0.3723,0.0,0.0,174.0,0.3723,0.3723,0.3723,10000069,2015-06-24,2015-06-24,C,2.6,2015-03-17
646,2015-04-08 13:47:00,2015-04-08,0.3723,0.0,0.0,174.0,0.3723,0.3723,0.3723,10000069,2015-06-24,2015-06-24,C,2.6,2015-03-17
647,2015-04-08 13:48:00,2015-04-08,0.3723,0.0,0.0,174.0,0.3723,0.3723,0.3723,10000069,2015-06-24,2015-06-24,C,2.6,2015-03-17
648,2015-04-08 13:49:00,2015-04-08,0.3723,0.0,0.0,174.0,0.3723,0.3723,0.3723,10000069,2015-06-24,2015-06-24,C,2.6,2015-03-17
649,2015-04-08 13:50:00,2015-04-08,0.3723,0.0,0.0,174.0,0.3723,0.3723,0.3723,10000069,2015-06-24,2015-06-24,C,2.6,2015-03-17
650,2015-04-08 13:51:00,2015-04-08,0.3723,0.0,0.0,174.0,0.3723,0.3723,0.3723,10000069,2015-06-24,2015-06-24,C,2.6,2015-03-17
651,2015-04-08 13:52:00,2015-04-08,0.3723,0.0,0.0,174.0,0.3723,0.3723,0.3723,10000069,2015-06-24,2015-06-24,C,2.6,2015-03-17
652,2015-04-08 13:53:00,2015-04-08,0.3723,0.0,0.0,174.0,0.3723,0.3723,0.3723,10000069,2015-06-24,2015-06-24,C,2.6,2015-03-17
653,2015-04-08 13:54:00,2015-04-08,0.3723,0.0,0.0,174.0,0.3723,0.3723,0.3723,10000069,2015-06-24,2015-06-24,C,2.6,2015-03-17
654,2015-04-08 13:55:00,2015-04-08,0.3595,14380.0,4.0,174.0,0.3595,0.3595,0.3595,10000069,2015-06-24,2015-06-24,C,2.6,2015-03-17
655,2015-04-08 13:56:00,2015-04-08,0.3595,0.0,0.0,174.0,0.3595,0.3595,0.3595,10000069,2015-06-24,2015-06-24,C,2.6,2015-03-17
656,2015-04-08 13:57:00,2015-04-08,0.3595,0.0,0.0,174.0,0.3595,0.3595,0.3595,10000069,2015-06-24,2015-06-24,C,2.6,2015-03-17
657,2015-04-08 13:58:00,2015-04-08,0.3595,0.0,0.0,174.0,0.3595,0.3595,0.3595,10000069,2015-06-24,2015-06-24,C,2.6,2015-03-17
658,2015-04-08 13:59:00,2015-04-08,0.3595,0.0,0.0,174.0,0.3595,0.3595,0.3595,10000069,2015-06-24,2015-06-24,C,2.6,2015-03-17
659,2015-04-08 14:00:00,2015-04-08,0.3595,0.0,0.0,174.0,0.3595,0.3595,0.3595,10000069,2015-06-24,2015-06-24,C,2.6,2015-03-17
660,2015-04-08 14:01:00,2015-04-08,0.3595,0.0,0.0,174.0,0.3595,0.3595,0.3595,10000069,2015-06-24,2015-06-24,C,2.6,2015-03-17
661,2015-04-08 14:02:00,2015-04-08,0.3595,0.0,0.0,174.0,0.3595,0.3595,0.3595,10000069,2015-06-24,2015-06-24,C,2.6,2015-03-17
662,2015-04-08 14:03:00,2015-04-08,0.3595,0.0,0.0,174.0,0.3595,0.3595,0.3595,10000069,2015-06-24,2015-06-24,C,2.6,2015-03-17
663,2015-04-08 14:04:00,2015-04-08,0.3595,0.0,0.0,174.0,0.3595,0.3595,0.3595,10000069,2015-06-24,2015-06-24,C,2.6,2015-03-17
664,2015-04-08 14:05:00,2015-04-08,0.3595,0.0,0.0,174.0,0.3595,0.3595,0.3595,10000069,2015-06-24,2015-06-24,C,2.6,2015-03-17
665,2015-04-08 14:06:00,2015-04-08,0.3595,0.0,0.0,174.0,0.3595,0.3595,0.3595,10000069,2015-06-24,2015-06-24,C,2.6,2015-03-17
666,2015-04-08 14:07:00,2015-04-08,0.3595,0.0,0.0,174.0,0.3595,0.3595,0.3595,10000069,2015-06-24,2015-06-24,C,2.6,2015-03-17
667,2015-04-08 14:08:00,2015-04-08,0.3595,0.0,0.0,174.0,0.3595,0.3595,0.3595,10000069,2015-06-24,2015-06-24,C,2.6,2015-03-17
668,2015-04-08 14:09:00,2015-04-08,0.3595,0.0,0.0,174.0,0.3595,0.3595,0.3595,10000069,2015-06-24,2015-06-24,C,2.6,2015-03-17
669,2015-04-08 14:10:00,2015-04-08,0.3595,0.0,0.0,174.0,0.3595,0.3595,0.3595,10000069,2015-06-24,2015-06-24,C,2.6,2015-03-17
670,2015-04-08 14:11:00,2015-04-08,0.3595,0.0,0.0,174.0,0.3595,0.3595,0.3595,10000069,2015-06-24,2015-06-24,C,2.6,2015-03-17
671,2015-04-08 14:12:00,2015-04-08,0.3595,0.0,0.0,174.0,0.3595,0.3595,0.3595,10000069,2015-06-24,2015-06-24,C,2.6,2015-03-17
672,2015-04-08 14:13:00,2015-04-08,0.3595,0.0,0.0,174.0,0.3595,0.3595,0.3595,10000069,2015-06-24,2015-06-24,C,2.6,2015-03-17
673,2015-04-08 14:14:00,2015-04-08,0.3595,0.0,0.0,174.0,0.3595,0.3595,0.3595,10000069,2015-06-24,2015-06-24,C,2.6,2015-03-17
674,2015-04-08 14:15:00,2015-04-08,0.3595,0.0,0.0,174.0,0.3595,0.3595,0.3595,10000069,2015-06-24,2015-06-24,C,2.6,2015-03-17
675,2015-04-08 14:16:00,2015-04-08,0.3595,0.0,0.0,174.0,0.3595,0.3595,0.3595,10000069,2015-06-24,2015-06-24,C,2.6,2015-03-17
676,2015-04-08 14:17:00,2015-04-08,0.3595,0.0,0.0,174.0,0.3595,0.3595,0.3595,10000069,2015-06-24,2015-06-24,C,2.6,2015-03-17
677,2015-04-08 14:18:00,2015-04-08,0.3595,0.0,0.0,174.0,0.3595,0.3595,0.3595,10000069,2015-06-24,2015-06-24,C,2.6,2015-03-17
678,2015-04-08 14:19:00,2015-04-08,0.3595,0.0,0.0,174.0,0.3595,0.3595,0.3595,10000069,2015-06-24,2015-06-24,C,2.6,2015-03-17
679,2015-04-08 14:20:00,2015-04-08,0.3595,0.0,0.0,174.0,0.3595,0.3595,0.3595,10000069,2015-06-24,2015-06-24,C,2.6,2015-03-17
680,2015-04-08 14:21:00,2015-04-08,0.3595,0.0,0.0,174.0,0.3595,0.3595,0.3595,10000069,2015-06-24,2015-06-24,C,2.6,2015-03-17
681,2015-04-08 14:22:00,2015-04-08,0.3595,0.0,0.0,174.0,0.3595,0.3595,0.3595,10000069,2015-06-24,2015-06-24,C,2.6,2015-03-17
682,2015-04-08 14:23:00,2015-04-08,0.3595,0.0,0.0,174.0,0.3595,0.3595,0.3595,10000069,2015-06-24,2015-06-24,C,2.6,2015-03-17
683,2015-04-08 14:24:00,2015-04-08,0.3595,0.0,0.0,174.0,0.3595,0.3595,0.3595,10000069,2015-06-24,2015-06-24,C,2.6,2015-03-17
684,2015-04-08 14:25:00,2015-04-08,0.3595,0.0,0.0,174.0,0.3595,0.3595,0.3595,10000069,2015-06-24,2015-06-24,C,2.6,2015-03-17
685,2015-04-08 14:26:00,2015-04-08,0.3595,0.0,0.0,174.0,0.3595,0.3595,0.3595,10000069,2015-06-24,2015-06-24,C,2.6,2015-03-17
686,2015-04-08 14:27:00,2015-04-08,0.3595,0.0,0.0,174.0,0.3595,0.3595,0.3595,10000069,2015-06-24,2015-06-24,C,2.6,2015-03-17
687,2015-04-08 14:28:00,2015-04-08,0.3595,0.0,0.0,174.0,0.3595,0.3595,0.3595,10000069,2015-06-24,2015-06-24,C,2.6,2015-03-17
688,2015-04-08 14:29:00,2015-04-08,0.3595,0.0,0.0,174.0,0.3595,0.3595,0.3595,10000069,2015-06-24,2015-06-24,C,2.6,2015-03-17
689,2015-04-08 14:30:00,2015-04-08,0.3595,0.0,0.0,174.0,0.3595,0.3595,0.3595,10000069,2015-06-24,2015-06-24,C,2.6,2015-03-17
690,2015-04-08 14:31:00,2015-04-08,0.3595,0.0,0.0,174.0,0.3595,0.3595,0.3595,10000069,2015-06-24,2015-06-24,C,2.6,2015-03-17
691,2015-04-08 14:32:00,2015-04-08,0.3595,0.0,0.0,174.0,0.3595,0.3595,0.3595,10000069,2015-06-24,2015-06-24,C,2.6,2015-03-17
692,2015-04-08 14:33:00,2015-04-08,0.3595,0.0,0.0,174.0,0.3595,0.3595,0.3595,10000069,2015-06-24,2015-06-24,C,2.6,2015-03-17
693,2015-04-08 14:34:00,2015-04-08,0.3595,0.0,0.0,174.0,0.3595,0.3595,0.3595,10000069,2015-06-24,2015-06-24,C,2.6,2015-03-17
694,2015-04-08 14:35:00,2015-04-08,0.3595,0.0,0.0,174.0,0.3595,0.3595,0.3595,10000069,2015-06-24,2015-06-24,C,2.6,2015-03-17
695,2015-04-08 14:36:00,2015-04-08,0.3595,0.0,0.0,174.0,0.3595,0.3595,0.3595,10000069,2015-06-24,2015-06-24,C,2.6,2015-03-17
696,2015-04-08 14:37:00,2015-04-08,0.3595,0.0,0.0,174.0,0.3595,0.3595,0.3595,10000069,2015-06-24,2015-06-24,C,2.6,2015-03-17
697,2015-04-08 14:38:00,2015-04-08,0.3595,0.0,0.0,174.0,0.3595,0.3595,0.3595,10000069,2015-06-24,2015-06-24,C,2.6,2015-03-17
698,2015-04-08 14:39:00,2015-04-08,0.3595,0.0,0.0,174.0,0.3595,0.3595,0.3595,10000069,2015-06-24,2015-06-24,C,2.6,2015-03-17
699,2015-04-08 14:40:00,2015-04-08,0.3595,0.0,0.0,174.0,0.3595,0.3595,0.3595,10000069,2015-06-24,2015-06-24,C,2.6,2015-03-17
700,2015-04-08 14:41:00,2015-04-08,0.3595,0.0,0.0,174.0,0.3595,0.3595,0.3595,10000069,2015-06-24,2015-06-24,C,2.6,2015-03-17
701,2015-04-08 14:42:00,2015-04-08,0.3595,0.0,0.0,174.0,0.3595,0.3595,0.3595,10000069,2015-06-24,2015-06-24,C,2.6,2015-03-17
702,2015-04-08 14:43:00,2015-04-08,0.3595,0.0,0.0,174.0,0.3595,0.3595,0.3595,10000069,2015-06-24,2015-06-24,C,2.6,2015-03-17
703,2015-04-08 14:44:00,2015-04-08,0.3595,0.0,0.0,174.0,0.3595,0.3595,0.3595,10000069,2015-06-24,2015-06-24,C,2.6,2015-03-17
704,2015-04-08 14:45:00,2015-04-08,0.3595,0.0,0.0,174.0,0.3595,0.3595,0.3595,10000069,2015-06-24,2015-06-24,C,2.6,2015-03-17
705,2015-04-08 14:46:00,2015-04-08,0.3595,0.0,0.0,174.0,0.3595,0.3595,0.3595,10000069,2015-06-24,2015-06-24,C,2.6,2015-03-17
706,2015-04-08 14:47:00,2015-04-08,0.3595,0.0,0.0,174.0,0.3595,0.3595,0.3595,10000069,2015-06-24,2015-06-24,C,2.6,2015-03-17
707,2015-04-08 14:48:00,2015-04-08,0.3595,0.0,0.0,174.0,0.3595,0.3595,0.3595,10000069,2015-06-24,2015-06-24,C,2.6,2015-03-17
708,2015-04-08 14:49:00,2015-04-08,0.3595,0.0,0.0,174.0,0.3595,0.3595,0.3595,10000069,2015-06-24,2015-06-24,C,2.6,2015-03-17
709,2015-04-08 14:50:00,2015-04-08,0.3595,0.0,0.0,174.0,0.3595,0.3595,0.3595,10000069,2015-06-24,2015-06-24,C,2.6,2015-03-17
710,2015-04-08 14:51:00,2015-04-08,0.3595,0.0,0.0,174.0,0.3595,0.3595,0.3595,10000069,2015-06-24,2015-06-24,C,2.6,2015-03-17
711,2015-04-08 14:52:00,2015-04-08,0.3595,0.0,0.0,174.0,0.3595,0.3595,0.3595,10000069,2015-06-24,2015-06-24,C,2.6,2015-03-17
712,2015-04-08 14:53:00,2015-04-08,0.3595,0.0,0.0,174.0,0.3595,0.3595,0.3595,10000069,2015-06-24,2015-06-24,C,2.6,2015-03-17
713,2015-04-08 14:54:00,2015-04-08,0.3595,0.0,0.0,174.0,0.3595,0.3595,0.3595,10000069,2015-06-24,2015-06-24,C,2.6,2015-03-17
714,2015-04-08 14:55:00,2015-04-08,0.3595,0.0,0.0,174.0,0.3595,0.3595,0.3595,10000069,2015-06-24,2015-06-24,C,2.6,2015-03-17
715,2015-04-08 14:56:00,2015-04-08,0.3595,0.0,0.0,174.0,0.3595,0.3595,0.3595,10000069,2015-06-24,2015-06-24,C,2.6,2015-03-17
716,2015-04-08 14:57:00,2015-04-08,0.3595,0.0,0.0,174.0,0.3595,0.3595,0.3595,10000069,2015-06-24,2015-06-24,C,2.6,2015-03-17
717,2015-04-08 14:58:00,2015-04-08,0.3595,0.0,0.0,174.0,0.3595,0.3595,0.3595,10000069,2015-06-24,2015-06-24,C,2.6,2015-03-17
718,2015-04-08 14:59:00,2015-04-08,0.3595,0.0,0.0,174.0,0.3595,0.3595,0.3595,10000069,2015-06-24,2015-06-24,C,2.6,2015-03-17
719,2015-04-08 15:00:00,2015-04-08,0.3595,0.0,0.0,174.0,0.3595,0.3595,0.3595,10000069,2015-06-24,2015-06-24,C,2.6,2015-03-17
720,2015-04-08 09:31:00,2015-04-08,0.1711,25515.0,15.0,53.0,0.1711,0.1696,0.1696,10000124,2015-06-24,2015-06-24,P,2.85,2015-03-31
721,2015-04-08 09:32:00,2015-04-08,0.1696,0.0,0.0,53.0,0.1696,0.1696,0.1696,10000124,2015-06-24,2015-06-24,P,2.85,2015-03-31
722,2015-04-08 09:33:00,2015-04-08,0.1696,0.0,0.0,53.0,0.1696,0.1696,0.1696,10000124,2015-06-24,2015-06-24,P,2.85,2015-03-31
723,2015-04-08 09:34:00,2015-04-08,0.1696,0.0,0.0,53.0,0.1696,0.1696,0.1696,10000124,2015-06-24,2015-06-24,P,2.85,2015-03-31
724,2015-04-08 09:35:00,2015-04-08,0.1696,0.0,0.0,53.0,0.1696,0.1696,0.1696,10000124,2015-06-24,2015-06-24,P,2.85,2015-03-31
725,2015-04-08 09:36:00,2015-04-08,0.175,8750.0,5.0,58.0,0.175,0.175,0.175,10000124,2015-06-24,2015-06-24,P,2.85,2015-03-31
726,2015-04-08 09:37:00,2015-04-08,0.175,0.0,0.0,58.0,0.175,0.175,0.175,10000124,2015-06-24,2015-06-24,P,2.85,2015-03-31
727,2015-04-08 09:38:00,2015-04-08,0.175,0.0,0.0,58.0,0.175,0.175,0.175,10000124,2015-06-24,2015-06-24,P,2.85,2015-03-31
728,2015-04-08 09:39:00,2015-04-08,0.175,0.0,0.0,58.0,0.175,0.175,0.175,10000124,2015-06-24,2015-06-24,P,2.85,2015-03-31
729,2015-04-08 09:40:00,2015-04-08,0.175,3500.0,2.0,60.0,0.175,0.175,0.175,10000124,2015-06-24,2015-06-24,P,2.85,2015-03-31
730,2015-04-08 09:41:00,2015-04-08,0.175,1750.0,1.0,61.0,0.175,0.175,0.175,10000124,2015-06-24,2015-06-24,P,2.85,2015-03-31
731,2015-04-08 09:42:00,2015-04-08,0.175,0.0,0.0,61.0,0.175,0.175,0.175,10000124,2015-06-24,2015-06-24,P,2.85,2015-03-31
732,2015-04-08 09:43:00,2015-04-08,0.175,1750.0,1.0,62.0,0.175,0.175,0.175,10000124,2015-06-24,2015-06-24,P,2.85,2015-03-31
733,2015-04-08 09:44:00,2015-04-08,0.175,0.0,0.0,62.0,0.175,0.175,0.175,10000124,2015-06-24,2015-06-24,P,2.85,2015-03-31
734,2015-04-08 09:45:00,2015-04-08,0.175,0.0,0.0,62.0,0.175,0.175,0.175,10000124,2015-06-24,2015-06-24,P,2.85,2015-03-31
735,2015-04-08 09:46:00,2015-04-08,0.175,0.0,0.0,62.0,0.175,0.175,0.175,10000124,2015-06-24,2015-06-24,P,2.85,2015-03-31
736,2015-04-08 09:47:00,2015-04-08,0.175,0.0,0.0,62.0,0.175,0.175,0.175,10000124,2015-06-24,2015-06-24,P,2.85,2015-03-31
737,2015-04-08 09:48:00,2015-04-08,0.175,0.0,0.0,62.0,0.175,0.175,0.175,10000124,2015-06-24,2015-06-24,P,2.85,2015-03-31
738,2015-04-08 09:49:00,2015-04-08,0.175,0.0,0.0,62.0,0.175,0.175,0.175,10000124,2015-06-24,2015-06-24,P,2.85,2015-03-31
739,2015-04-08 09:50:00,2015-04-08,0.175,0.0,0.0,62.0,0.175,0.175,0.175,10000124,2015-06-24,2015-06-24,P,2.85,2015-03-31
740,2015-04-08 09:51:00,2015-04-08,0.175,0.0,0.0,62.0,0.175,0.175,0.175,10000124,2015-06-24,2015-06-24,P,2.85,2015-03-31
741,2015-04-08 09:52:00,2015-04-08,0.175,0.0,0.0,62.0,0.175,0.175,0.175,10000124,2015-06-24,2015-06-24,P,2.85,2015-03-31
742,2015-04-08 09:53:00,2015-04-08,0.175,0.0,0.0,62.0,0.175,0.175,0.175,10000124,2015-06-24,2015-06-24,P,2.85,2015-03-31
743,2015-04-08 09:54:00,2015-04-08,0.175,0.0,0.0,62.0,0.175,0.175,0.175,10000124,2015-06-24,2015-06-24,P,2.85,2015-03-31
744,2015-04-08 09:55:00,2015-04-08,0.175,0.0,0.0,62.0,0.175,0.175,0.175,10000124,2015-06-24,2015-06-24,P,2.85,2015-03-31
745,2015-04-08 09:56:00,2015-04-08,0.175,0.0,0.0,62.0,0.175,0.175,0.175,10000124,2015-06-24,2015-06-24,P,2.85,2015-03-31
746,2015-04-08 09:57:00,2015-04-08,0.175,0.0,0.0,62.0,0.175,0.175,0.175,10000124,2015-06-24,2015-06-24,P,2.85,2015-03-31
747,2015-04-08 09:58:00,2015-04-08,0.175,0.0,0.0,62.0,0.175,0.175,0.175,10000124,2015-06-24,2015-06-24,P,2.85,2015-03-31
748,2015-04-08 09:59:00,2015-04-08,0.175,0.0,0.0,62.0,0.175,0.175,0.175,10000124,2015-06-24,2015-06-24,P,2.85,2015-03-31
749,2015-04-08 10:00:00,2015-04-08,0.175,0.0,0.0,62.0,0.175,0.175,0.175,10000124,2015-06-24,2015-06-24,P,2.85,2015-03-31
750,2015-04-08 10:01:00,2015-04-08,0.175,0.0,0.0,62.0,0.175,0.175,0.175,10000124,2015-06-24,2015-06-24,P,2.85,2015-03-31
751,2015-04-08 10:02:00,2015-04-08,0.175,0.0,0.0,62.0,0.175,0.175,0.175,10000124,2015-06-24,2015-06-24,P,2.85,2015-03-31
752,2015-04-08 10:03:00,2015-04-08,0.175,0.0,0.0,62.0,0.175,0.175,0.175,10000124,2015-06-24,2015-06-24,P,2.85,2015-03-31
753,2015-04-08 10:04:00,2015-04-08,0.175,0.0,0.0,62.0,0.175,0.175,0.175,10000124,2015-06-24,2015-06-24,P,2.85,2015-03-31
754,2015-04-08 10:05:00,2015-04-08,0.175,0.0,0.0,62.0,0.175,0.175,0.175,10000124,2015-06-24,2015-06-24,P,2.85,2015-03-31
755,2015-04-08 10:06:00,2015-04-08,0.175,0.0,0.0,62.0,0.175,0.175,0.175,10000124,2015-06-24,2015-06-24,P,2.85,2015-03-31
756,2015-04-08 10:07:00,2015-04-08,0.175,0.0,0.0,62.0,0.175,0.175,0.175,10000124,2015-06-24,2015-06-24,P,2.85,2015-03-31
757,2015-04-08 10:08:00,2015-04-08,0.175,0.0,0.0,62.0,0.175,0.175,0.175,10000124,2015-06-24,2015-06-24,P,2.85,2015-03-31
758,2015-04-08 10:09:00,2015-04-08,0.175,0.0,0.0,62.0,0.175,0.175,0.175,10000124,2015-06-24,2015-06-24,P,2.85,2015-03-31
759,2015-04-08 10:10:00,2015-04-08,0.175,0.0,0.0,62.0,0.175,0.175,0.175,10000124,2015-06-24,2015-06-24,P,2.85,2015-03-31
760,2015-04-08 10:11:00,2015-04-08,0.175,0.0,0.0,62.0,0.175,0.175,0.175,10000124,2015-06-24,2015-06-24,P,2.85,2015-03-31
761,2015-04-08 10:12:00,2015-04-08,0.175,0.0,0.0,62.0,0.175,0.175,0.175,10000124,2015-06-24,2015-06-24,P,2.85,2015-03-31
762,2015-04-08 10:13:00,2015-04-08,0.175,0.0,0.0,62.0,0.175,0.175,0.175,10000124,2015-06-24,2015-06-24,P,2.85,2015-03-31
763,2015-04-08 10:14:00,2015-04-08,0.175,0.0,0.0,62.0,0.175,0.175,0.175,10000124,2015-06-24,2015-06-24,P,2.85,2015-03-31
764,2015-04-08 10:15:00,2015-04-08,0.175,0.0,0.0,62.0,0.175,0.175,0.175,10000124,2015-06-24,2015-06-24,P,2.85,2015-03-31
765,2015-04-08 10:16:00,2015-04-08,0.175,0.0,0.0,62.0,0.175,0.175,0.175,10000124,2015-06-24,2015-06-24,P,2.85,2015-03-31
766,2015-04-08 10:17:00,2015-04-08,0.175,0.0,0.0,62.0,0.175,0.175,0.175,10000124,2015-06-24,2015-06-24,P,2.85,2015-03-31
767,2015-04-08 10:18:00,2015-04-08,0.175,0.0,0.0,62.0,0.175,0.175,0.175,10000124,2015-06-24,2015-06-24,P,2.85,2015-03-31
768,2015-04-08 10:19:00,2015-04-08,0.175,0.0,0.0,62.0,0.175,0.175,0.175,10000124,2015-06-24,2015-06-24,P,2.85,2015-03-31
769,2015-04-08 10:20:00,2015-04-08,0.175,0.0,0.0,62.0,0.175,0.175,0.175,10000124,2015-06-24,2015-06-24,P,2.85,2015-03-31
770,2015-04-08 10:21:00,2015-04-08,0.175,0.0,0.0,62.0,0.175,0.175,0.175,10000124,2015-06-24,2015-06-24,P,2.85,2015-03-31
771,2015-04-08 10:22:00,2015-04-08,0.175,0.0,0.0,62.0,0.175,0.175,0.175,10000124,2015-06-24,2015-06-24,P,2.85,2015-03-31
772,2015-04-08 10:23:00,2015-04-08,0.175,0.0,0.0,62.0,0.175,0.175,0.175,10000124,2015-06-24,2015-06-24,P,2.85,2015-03-31
773,2015-04-08 10:24:00,2015-04-08,0.175,0.0,0.0,62.0,0.175,0.175,0.175,10000124,2015-06-24,2015-06-24,P,2.85,2015-03-31
774,2015-04-08 10:25:00,2015-04-08,0.175,0.0,0.0,62.0,0.175,0.175,0.175,10000124,2015-06-24,2015-06-24,P,2.85,2015-03-31
775,2015-04-08 10:26:00,2015-04-08,0.175,0.0,0.0,62.0,0.175,0.175,0.175,10000124,2015-06-24,2015-06-24,P,2.85,2015-03-31
776,2015-04-08 10:27:00,2015-04-08,0.175,0.0,0.0,62.0,0.175,0.175,0.175,10000124,2015-06-24,2015-06-24,P,2.85,2015-03-31
777,2015-04-08 10:28:00,2015-04-08,0.175,0.0,0.0,62.0,0.175,0.175,0.175,10000124,2015-06-24,2015-06-24,P,2.85,2015-03-31
778,2015-04-08 10:29:00,2015-04-08,0.175,0.0,0.0,62.0,0.175,0.175,0.175,10000124,2015-06-24,2015-06-24,P,2.85,2015-03-31
779,2015-04-08 10:30:00,2015-04-08,0.175,0.0,0.0,62.0,0.175,0.175,0.175,10000124,2015-06-24,2015-06-24,P,2.85,2015-03-31
780,2015-04-08 10:31:00,2015-04-08,0.175,0.0,0.0,62.0,0.175,0.175,0.175,10000124,2015-06-24,2015-06-24,P,2.85,2015-03-31
781,2015-04-08 10:32:00,2015-04-08,0.175,0.0,0.0,62.0,0.175,0.175,0.175,10000124,2015-06-24,2015-06-24,P,2.85,2015-03-31
782,2015-04-08 10:33:00,2015-04-08,0.175,0.0,0.0,62.0,0.175,0.175,0.175,10000124,2015-06-24,2015-06-24,P,2.85,2015-03-31
783,2015-04-08 10:34:00,2015-04-08,0.175,0.0,0.0,62.0,0.175,0.175,0.175,10000124,2015-06-24,2015-06-24,P,2.85,2015-03-31
784,2015-04-08 10:35:00,2015-04-08,0.175,0.0,0.0,62.0,0.175,0.175,0.175,10000124,2015-06-24,2015-06-24,P,2.85,2015-03-31
785,2015-04-08 10:36:00,2015-04-08,0.175,0.0,0.0,62.0,0.175,0.175,0.175,10000124,2015-06-24,2015-06-24,P,2.85,2015-03-31
786,2015-04-08 10:37:00,2015-04-08,0.175,0.0,0.0,62.0,0.175,0.175,0.175,10000124,2015-06-24,2015-06-24,P,2.85,2015-03-31
787,2015-04-08 10:38:00,2015-04-08,0.175,0.0,0.0,62.0,0.175,0.175,0.175,10000124,2015-06-24,2015-06-24,P,2.85,2015-03-31
788,2015-04-08 10:39:00,2015-04-08,0.175,0.0,0.0,62.0,0.175,0.175,0.175,10000124,2015-06-24,2015-06-24,P,2.85,2015-03-31
789,2015-04-08 10:40:00,2015-04-08,0.175,0.0,0.0,62.0,0.175,0.175,0.175,10000124,2015-06-24,2015-06-24,P,2.85,2015-03-31
790,2015-04-08 10:41:00,2015-04-08,0.175,0.0,0.0,62.0,0.175,0.175,0.175,10000124,2015-06-24,2015-06-24,P,2.85,2015-03-31
791,2015-04-08 10:42:00,2015-04-08,0.175,0.0,0.0,62.0,0.175,0.175,0.175,10000124,2015-06-24,2015-06-24,P,2.85,2015-03-31
792,2015-04-08 10:43:00,2015-04-08,0.175,0.0,0.0,62.0,0.175,0.175,0.175,10000124,2015-06-24,2015-06-24,P,2.85,2015-03-31
793,2015-04-08 10:44:00,2015-04-08,0.175,0.0,0.0,62.0,0.175,0.175,0.175,10000124,2015-06-24,2015-06-24,P,2.85,2015-03-31
794,2015-04-08 10:45:00,2015-04-08,0.175,0.0,0.0,62.0,0.175,0.175,0.175,10000124,2015-06-24,2015-06-24,P,2.85,2015-03-31
795,2015-04-08 10:46:00,2015-04-08,0.175,0.0,0.0,62.0,0.175,0.175,0.175,10000124,2015-06-24,2015-06-24,P,2.85,2015-03-31
796,2015-04-08 10:47:00,2015-04-08,0.175,0.0,0.0,62.0,0.175,0.175,0.175,10000124,2015-06-24,2015-06-24,P,2.85,2015-03-31
797,2015-04-08 10:48:00,2015-04-08,0.175,0.0,0.0,62.0,0.175,0.175,0.175,10000124,2015-06-24,2015-06-24,P,2.85,2015-03-31
798,2015-04-08 10:49:00,2015-04-08,0.175,0.0,0.0,62.0,0.175,0.175,0.175,10000124,2015-06-24,2015-06-24,P,2.85,2015-03-31
799,2015-04-08 10:50:00,2015-04-08,0.175,0.0,0.0,62.0,0.175,0.175,0.175,10000124,2015-06-24,2015-06-24,P,2.85,2015-03-31
800,2015-04-08 10:51:00,2015-04-08,0.175,0.0,0.0,62.0,0.175,0.175,0.175,10000124,2015-06-24,2015-06-24,P,2.85,2015-03-31
801,2015-04-08 10:52:00,2015-04-08,0.175,0.0,0.0,62.0,0.175,0.175,0.175,10000124,2015-06-24,2015-06-24,P,2.85,2015-03-31
802,2015-04-08 10:53:00,2015-04-08,0.175,0.0,0.0,62.0,0.175,0.175,0.175,10000124,2015-06-24,2015-06-24,P,2.85,2015-03-31
803,2015-04-08 10:54:00,2015-04-08,0.175,0.0,0.0,62.0,0.175,0.175,0.175,10000124,2015-06-24,2015-06-24,P,2.85,2015-03-31
804,2015-04-08 10:55:00,2015-04-08,0.175,0.0,0.0,62.0,0.175,0.175,0.175,10000124,2015-06-24,2015-06-24,P,2.85,2015-03-31
805,2015-04-08 10:56:00,2015-04-08,0.175,0.0,0.0,62.0,0.175,0.175,0.175,10000124,2015-06-24,2015-06-24,P,2.85,2015-03-31
806,2015-04-08 10:57:00,2015-04-08,0.175,0.0,0.0,62.0,0.175,0.175,0.175,10000124,2015-06-24,2015-06-24,P,2.85,2015-03-31
807,2015-04-08 10:58:00,2015-04-08,0.175,0.0,0.0,62.0,0.175,0.175,0.175,10000124,2015-06-24,2015-06-24,P,2.85,2015-03-31
808,2015-04-08 10:59:00,2015-04-08,0.175,0.0,0.0,62.0,0.175,0.175,0.175,10000124,2015-06-24,2015-06-24,P,2.85,2015-03-31
809,2015-04-08 11:00:00,2015-04-08,0.175,0.0,0.0,62.0,0.175,0.175,0.175,10000124,2015-06-24,2015-06-24,P,2.85,2015-03-31
810,2015-04-08 11:01:00,2015-04-08,0.175,0.0,0.0,62.0,0.175,0.175,0.175,10000124,2015-06-24,2015-06-24,P,2.85,2015-03-31
811,2015-04-08 11:02:00,2015-04-08,0.175,0.0,0.0,62.0,0.175,0.175,0.175,10000124,2015-06-24,2015-06-24,P,2.85,2015-03-31
812,2015-04-08 11:03:00,2015-04-08,0.175,0.0,0.0,62.0,0.175,0.175,0.175,10000124,2015-06-24,2015-06-24,P,2.85,2015-03-31
813,2015-04-08 11:04:00,2015-04-08,0.175,0.0,0.0,62.0,0.175,0.175,0.175,10000124,2015-06-24,2015-06-24,P,2.85,2015-03-31
814,2015-04-08 11:05:00,2015-04-08,0.175,0.0,0.0,62.0,0.175,0.175,0.175,10000124,2015-06-24,2015-06-24,P,2.85,2015-03-31
815,2015-04-08 11:06:00,2015-04-08,0.175,0.0,0.0,62.0,0.175,0.175,0.175,10000124,2015-06-24,2015-06-24,P,2.85,2015-03-31
816,2015-04-08 11:07:00,2015-04-08,0.175,0.0,0.0,62.0,0.175,0.175,0.175,10000124,2015-06-24,2015-06-24,P,2.85,2015-03-31
817,2015-04-08 11:08:00,2015-04-08,0.175,0.0,0.0,62.0,0.175,0.175,0.175,10000124,2015-06-24,2015-06-24,P,2.85,2015-03-31
818,2015-04-08 11:09:00,2015-04-08,0.175,0.0,0.0,62.0,0.175,0.175,0.175,10000124,2015-06-24,2015-06-24,P,2.85,2015-03-31
819,2015-04-08 11:10:00,2015-04-08,0.175,0.0,0.0,62.0,0.175,0.175,0.175,10000124,2015-06-24,2015-06-24,P,2.85,2015-03-31
820,2015-04-08 11:11:00,2015-04-08,0.175,0.0,0.0,62.0,0.175,0.175,0.175,10000124,2015-06-24,2015-06-24,P,2.85,2015-03-31
821,2015-04-08 11:12:00,2015-04-08,0.175,0.0,0.0,62.0,0.175,0.175,0.175,10000124,2015-06-24,2015-06-24,P,2.85,2015-03-31
822,2015-04-08 11:13:00,2015-04-08,0.175,0.0,0.0,62.0,0.175,0.175,0.175,10000124,2015-06-24,2015-06-24,P,2.85,2015-03-31
823,2015-04-08 11:14:00,2015-04-08,0.175,0.0,0.0,62.0,0.175,0.175,0.175,10000124,2015-06-24,2015-06-24,P,2.85,2015-03-31
824,2015-04-08 11:15:00,2015-04-08,0.175,0.0,0.0,62.0,0.175,0.175,0.175,10000124,2015-06-24,2015-06-24,P,2.85,2015-03-31
825,2015-04-08 11:16:00,2015-04-08,0.175,0.0,0.0,62.0,0.175,0.175,0.175,10000124,2015-06-24,2015-06-24,P,2.85,2015-03-31
826,2015-04-08 11:17:00,2015-04-08,0.175,0.0,0.0,62.0,0.175,0.175,0.175,10000124,2015-06-24,2015-06-24,P,2.85,2015-03-31
827,2015-04-08 11:18:00,2015-04-08,0.175,0.0,0.0,62.0,0.175,0.175,0.175,10000124,2015-06-24,2015-06-24,P,2.85,2015-03-31
828,2015-04-08 11:19:00,2015-04-08,0.175,0.0,0.0,62.0,0.175,0.175,0.175,10000124,2015-06-24,2015-06-24,P,2.85,2015-03-31
829,2015-04-08 11:20:00,2015-04-08,0.175,0.0,0.0,62.0,0.175,0.175,0.175,10000124,2015-06-24,2015-06-24,P,2.85,2015-03-31
830,2015-04-08 11:21:00,2015-04-08,0.175,0.0,0.0,62.0,0.175,0.175,0.175,10000124,2015-06-24,2015-06-24,P,2.85,2015-03-31
831,2015-04-08 11:22:00,2015-04-08,0.175,0.0,0.0,62.0,0.175,0.175,0.175,10000124,2015-06-24,2015-06-24,P,2.85,2015-03-31
832,2015-04-08 11:23:00,2015-04-08,0.175,0.0,0.0,62.0,0.175,0.175,0.175,10000124,2015-06-24,2015-06-24,P,2.85,2015-03-31
833,2015-04-08 11:24:00,2015-04-08,0.175,0.0,0.0,62.0,0.175,0.175,0.175,10000124,2015-06-24,2015-06-24,P,2.85,2015-03-31
834,2015-04-08 11:25:00,2015-04-08,0.175,0.0,0.0,62.0,0.175,0.175,0.175,10000124,2015-06-24,2015-06-24,P,2.85,2015-03-31
835,2015-04-08 11:26:00,2015-04-08,0.175,0.0,0.0,62.0,0.175,0.175,0.175,10000124,2015-06-24,2015-06-24,P,2.85,2015-03-31
836,2015-04-08 11:27:00,2015-04-08,0.175,0.0,0.0,62.0,0.175,0.175,0.175,10000124,2015-06-24,2015-06-24,P,2.85,2015-03-31
837,2015-04-08 11:28:00,2015-04-08,0.175,0.0,0.0,62.0,0.175,0.175,0.175,10000124,2015-06-24,2015-06-24,P,2.85,2015-03-31
838,2015-04-08 11:29:00,2015-04-08,0.175,0.0,0.0,62.0,0.175,0.175,0.175,10000124,2015-06-24,2015-06-24,P,2.85,2015-03-31
839,2015-04-08 11:30:00,2015-04-08,0.175,0.0,0.0,62.0,0.175,0.175,0.175,10000124,2015-06-24,2015-06-24,P,2.85,2015-03-31
840,2015-04-08 13:01:00,2015-04-08,0.1601,16010.0,10.0,72.0,0.1601,0.1601,0.1601,10000124,2015-06-24,2015-06-24,P,2.85,2015-03-31
841,2015-04-08 13:02:00,2015-04-08,0.1601,0.0,0.0,72.0,0.1601,0.1601,0.1601,10000124,2015-06-24,2015-06-24,P,2.85,2015-03-31
842,2015-04-08 13:03:00,2015-04-08,0.1601,0.0,0.0,72.0,0.1601,0.1601,0.1601,10000124,2015-06-24,2015-06-24,P,2.85,2015-03-31
843,2015-04-08 13:04:00,2015-04-08,0.1601,0.0,0.0,72.0,0.1601,0.1601,0.1601,10000124,2015-06-24,2015-06-24,P,2.85,2015-03-31
844,2015-04-08 13:05:00,2015-04-08,0.1575,15755.0,10.0,77.0,0.1575,0.1575,0.1575,10000124,2015-06-24,2015-06-24,P,2.85,2015-03-31
845,2015-04-08 13:06:00,2015-04-08,0.1575,0.0,0.0,77.0,0.1575,0.1575,0.1575,10000124,2015-06-24,2015-06-24,P,2.85,2015-03-31
846,2015-04-08 13:07:00,2015-04-08,0.1575,0.0,0.0,77.0,0.1575,0.1575,0.1575,10000124,2015-06-24,2015-06-24,P,2.85,2015-03-31
847,2015-04-08 13:08:00,2015-04-08,0.1575,0.0,0.0,77.0,0.1575,0.1575,0.1575,10000124,2015-06-24,2015-06-24,P,2.85,2015-03-31
848,2015-04-08 13:09:00,2015-04-08,0.1575,0.0,0.0,77.0,0.1575,0.1575,0.1575,10000124,2015-06-24,2015-06-24,P,2.85,2015-03-31
849,2015-04-08 13:10:00,2015-04-08,0.1575,0.0,0.0,77.0,0.1575,0.1575,0.1575,10000124,2015-06-24,2015-06-24,P,2.85,2015-03-31
850,2015-04-08 13:11:00,2015-04-08,0.1575,0.0,0.0,77.0,0.1575,0.1575,0.1575,10000124,2015-06-24,2015-06-24,P,2.85,2015-03-31
851,2015-04-08 13:12:00,2015-04-08,0.1575,0.0,0.0,77.0,0.1575,0.1575,0.1575,10000124,2015-06-24,2015-06-24,P,2.85,2015-03-31
852,2015-04-08 13:13:00,2015-04-08,0.1575,0.0,0.0,77.0,0.1575,0.1575,0.1575,10000124,2015-06-24,2015-06-24,P,2.85,2015-03-31
853,2015-04-08 13:14:00,2015-04-08,0.1575,0.0,0.0,77.0,0.1575,0.1575,0.1575,10000124,2015-06-24,2015-06-24,P,2.85,2015-03-31
854,2015-04-08 13:15:00,2015-04-08,0.1575,0.0,0.0,77.0,0.1575,0.1575,0.1575,10000124,2015-06-24,2015-06-24,P,2.85,2015-03-31
855,2015-04-08 13:16:00,2015-04-08,0.1575,0.0,0.0,77.0,0.1575,0.1575,0.1575,10000124,2015-06-24,2015-06-24,P,2.85,2015-03-31
856,2015-04-08 13:17:00,2015-04-08,0.1575,0.0,0.0,77.0,0.1575,0.1575,0.1575,10000124,2015-06-24,2015-06-24,P,2.85,2015-03-31
857,2015-04-08 13:18:00,2015-04-08,0.1575,1575.0,1.0,78.0,0.1575,0.1575,0.1575,10000124,2015-06-24,2015-06-24,P,2.85,2015-03-31
858,2015-04-08 13:19:00,2015-04-08,0.1575,0.0,0.0,78.0,0.1575,0.1575,0.1575,10000124,2015-06-24,2015-06-24,P,2.85,2015-03-31
859,2015-04-08 13:20:00,2015-04-08,0.1575,0.0,0.0,78.0,0.1575,0.1575,0.1575,10000124,2015-06-24,2015-06-24,P,2.85,2015-03-31
860,2015-04-08 13:21:00,2015-04-08,0.1575,0.0,0.0,78.0,0.1575,0.1575,0.1575,10000124,2015-06-24,2015-06-24,P,2.85,2015-03-31
861,2015-04-08 13:22:00,2015-04-08,0.1575,0.0,0.0,78.0,0.1575,0.1575,0.1575,10000124,2015-06-24,2015-06-24,P,2.85,2015-03-31
862,2015-04-08 13:23:00,2015-04-08,0.1575,0.0,0.0,78.0,0.1575,0.1575,0.1575,10000124,2015-06-24,2015-06-24,P,2.85,2015-03-31
863,2015-04-08 13:24:00,2015-04-08,0.1575,0.0,0.0,78.0,0.1575,0.1575,0.1575,10000124,2015-06-24,2015-06-24,P,2.85,2015-03-31
864,2015-04-08 13:25:00,2015-04-08,0.1575,0.0,0.0,78.0,0.1575,0.1575,0.1575,10000124,2015-06-24,2015-06-24,P,2.85,2015-03-31
865,2015-04-08 13:26:00,2015-04-08,0.1575,0.0,0.0,78.0,0.1575,0.1575,0.1575,10000124,2015-06-24,2015-06-24,P,2.85,2015-03-31
866,2015-04-08 13:27:00,2015-04-08,0.1575,0.0,0.0,78.0,0.1575,0.1575,0.1575,10000124,2015-06-24,2015-06-24,P,2.85,2015-03-31
867,2015-04-08 13:28:00,2015-04-08,0.1575,0.0,0.0,78.0,0.1575,0.1575,0.1575,10000124,2015-06-24,2015-06-24,P,2.85,2015-03-31
868,2015-04-08 13:29:00,2015-04-08,0.1575,0.0,0.0,78.0,0.1575,0.1575,0.1575,10000124,2015-06-24,2015-06-24,P,2.85,2015-03-31
869,2015-04-08 13:30:00,2015-04-08,0.1575,0.0,0.0,78.0,0.1575,0.1575,0.1575,10000124,2015-06-24,2015-06-24,P,2.85,2015-03-31
870,2015-04-08 13:31:00,2015-04-08,0.1496,7480.0,5.0,83.0,0.1496,0.1496,0.1496,10000124,2015-06-24,2015-06-24,P,2.85,2015-03-31
871,2015-04-08 13:32:00,2015-04-08,0.1496,0.0,0.0,83.0,0.1496,0.1496,0.1496,10000124,2015-06-24,2015-06-24,P,2.85,2015-03-31
872,2015-04-08 13:33:00,2015-04-08,0.1496,0.0,0.0,83.0,0.1496,0.1496,0.1496,10000124,2015-06-24,2015-06-24,P,2.85,2015-03-31
873,2015-04-08 13:34:00,2015-04-08,0.1496,0.0,0.0,83.0,0.1496,0.1496,0.1496,10000124,2015-06-24,2015-06-24,P,2.85,2015-03-31
874,2015-04-08 13:35:00,2015-04-08,0.1496,0.0,0.0,83.0,0.1496,0.1496,0.1496,10000124,2015-06-24,2015-06-24,P,2.85,2015-03-31
875,2015-04-08 13:36:00,2015-04-08,0.1496,0.0,0.0,83.0,0.1496,0.1496,0.1496,10000124,2015-06-24,2015-06-24,P,2.85,2015-03-31
876,2015-04-08 13:37:00,2015-04-08,0.1496,0.0,0.0,83.0,0.1496,0.1496,0.1496,10000124,2015-06-24,2015-06-24,P,2.85,2015-03-31
877,2015-04-08 13:38:00,2015-04-08,0.1496,0.0,0.0,83.0,0.1496,0.1496,0.1496,10000124,2015-06-24,2015-06-24,P,2.85,2015-03-31
878,2015-04-08 13:39:00,2015-04-08,0.1496,0.0,0.0,83.0,0.1496,0.1496,0.1496,10000124,2015-06-24,2015-06-24,P,2.85,2015-03-31
879,2015-04-08 13:40:00,2015-04-08,0.1496,0.0,0.0,83.0,0.1496,0.1496,0.1496,10000124,2015-06-24,2015-06-24,P,2.85,2015-03-31
880,2015-04-08 13:41:00,2015-04-08,0.1496,0.0,0.0,83.0,0.1496,0.1496,0.1496,10000124,2015-06-24,2015-06-24,P,2.85,2015-03-31
881,2015-04-08 13:42:00,2015-04-08,0.1496,0.0,0.0,83.0,0.1496,0.1496,0.1496,10000124,2015-06-24,2015-06-24,P,2.85,2015-03-31
882,2015-04-08 13:43:00,2015-04-08,0.1496,0.0,0.0,83.0,0.1496,0.1496,0.1496,10000124,2015-06-24,2015-06-24,P,2.85,2015-03-31
883,2015-04-08 13:44:00,2015-04-08,0.1496,0.0,0.0,83.0,0.1496,0.1496,0.1496,10000124,2015-06-24,2015-06-24,P,2.85,2015-03-31
884,2015-04-08 13:45:00,2015-04-08,0.1496,0.0,0.0,83.0,0.1496,0.1496,0.1496,10000124,2015-06-24,2015-06-24,P,2.85,2015-03-31
885,2015-04-08 13:46:00,2015-04-08,0.1496,0.0,0.0,83.0,0.1496,0.1496,0.1496,10000124,2015-06-24,2015-06-24,P,2.85,2015-03-31
886,2015-04-08 13:47:00,2015-04-08,0.1496,0.0,0.0,83.0,0.1496,0.1496,0.1496,10000124,2015-06-24,2015-06-24,P,2.85,2015-03-31
887,2015-04-08 13:48:00,2015-04-08,0.1496,0.0,0.0,83.0,0.1496,0.1496,0.1496,10000124,2015-06-24,2015-06-24,P,2.85,2015-03-31
888,2015-04-08 13:49:00,2015-04-08,0.1496,0.0,0.0,83.0,0.1496,0.1496,0.1496,10000124,2015-06-24,2015-06-24,P,2.85,2015-03-31
889,2015-04-08 13:50:00,2015-04-08,0.1496,0.0,0.0,83.0,0.1496,0.1496,0.1496,10000124,2015-06-24,2015-06-24,P,2.85,2015-03-31
890,2015-04-08 13:51:00,2015-04-08,0.1496,0.0,0.0,83.0,0.1496,0.1496,0.1496,10000124,2015-06-24,2015-06-24,P,2.85,2015-03-31
891,2015-04-08 13:52:00,2015-04-08,0.1496,0.0,0.0,83.0,0.1496,0.1496,0.1496,10000124,2015-06-24,2015-06-24,P,2.85,2015-03-31
892,2015-04-08 13:53:00,2015-04-08,0.1496,0.0,0.0,83.0,0.1496,0.1496,0.1496,10000124,2015-06-24,2015-06-24,P,2.85,2015-03-31
893,2015-04-08 13:54:00,2015-04-08,0.1496,0.0,0.0,83.0,0.1496,0.1496,0.1496,10000124,2015-06-24,2015-06-24,P,2.85,2015-03-31
894,2015-04-08 13:55:00,2015-04-08,0.1496,0.0,0.0,83.0,0.1496,0.1496,0.1496,10000124,2015-06-24,2015-06-24,P,2.85,2015-03-31
895,2015-04-08 13:56:00,2015-04-08,0.1496,0.0,0.0,83.0,0.1496,0.1496,0.1496,10000124,2015-06-24,2015-06-24,P,2.85,2015-03-31
896,2015-04-08 13:57:00,2015-04-08,0.1496,0.0,0.0,83.0,0.1496,0.1496,0.1496,10000124,2015-06-24,2015-06-24,P,2.85,2015-03-31
897,2015-04-08 13:58:00,2015-04-08,0.1496,0.0,0.0,83.0,0.1496,0.1496,0.1496,10000124,2015-06-24,2015-06-24,P,2.85,2015-03-31
898,2015-04-08 13:59:00,2015-04-08,0.1496,0.0,0.0,83.0,0.1496,0.1496,0.1496,10000124,2015-06-24,2015-06-24,P,2.85,2015-03-31
899,2015-04-08 14:00:00,2015-04-08,0.1496,0.0,0.0,83.0,0.1496,0.1496,0.1496,10000124,2015-06-24,2015-06-24,P,2.85,2015-03-31
900,2015-04-08 14:01:00,2015-04-08,0.1496,0.0,0.0,83.0,0.1496,0.1496,0.1496,10000124,2015-06-24,2015-06-24,P,2.85,2015-03-31
901,2015-04-08 14:02:00,2015-04-08,0.1496,0.0,0.0,83.0,0.1496,0.1496,0.1496,10000124,2015-06-24,2015-06-24,P,2.85,2015-03-31
902,2015-04-08 14:03:00,2015-04-08,0.1496,0.0,0.0,83.0,0.1496,0.1496,0.1496,10000124,2015-06-24,2015-06-24,P,2.85,2015-03-31
903,2015-04-08 14:04:00,2015-04-08,0.1496,0.0,0.0,83.0,0.1496,0.1496,0.1496,10000124,2015-06-24,2015-06-24,P,2.85,2015-03-31
904,2015-04-08 14:05:00,2015-04-08,0.1496,0.0,0.0,83.0,0.1496,0.1496,0.1496,10000124,2015-06-24,2015-06-24,P,2.85,2015-03-31
905,2015-04-08 14:06:00,2015-04-08,0.1496,0.0,0.0,83.0,0.1496,0.1496,0.1496,10000124,2015-06-24,2015-06-24,P,2.85,2015-03-31
906,2015-04-08 14:07:00,2015-04-08,0.1496,0.0,0.0,83.0,0.1496,0.1496,0.1496,10000124,2015-06-24,2015-06-24,P,2.85,2015-03-31
907,2015-04-08 14:08:00,2015-04-08,0.1496,0.0,0.0,83.0,0.1496,0.1496,0.1496,10000124,2015-06-24,2015-06-24,P,2.85,2015-03-31
908,2015-04-08 14:09:00,2015-04-08,0.1496,0.0,0.0,83.0,0.1496,0.1496,0.1496,10000124,2015-06-24,2015-06-24,P,2.85,2015-03-31
909,2015-04-08 14:10:00,2015-04-08,0.1496,0.0,0.0,83.0,0.1496,0.1496,0.1496,10000124,2015-06-24,2015-06-24,P,2.85,2015-03-31
910,2015-04-08 14:11:00,2015-04-08,0.1496,0.0,0.0,83.0,0.1496,0.1496,0.1496,10000124,2015-06-24,2015-06-24,P,2.85,2015-03-31
911,2015-04-08 14:12:00,2015-04-08,0.1496,0.0,0.0,83.0,0.1496,0.1496,0.1496,10000124,2015-06-24,2015-06-24,P,2.85,2015-03-31
912,2015-04-08 14:13:00,2015-04-08,0.1496,0.0,0.0,83.0,0.1496,0.1496,0.1496,10000124,2015-06-24,2015-06-24,P,2.85,2015-03-31
913,2015-04-08 14:14:00,2015-04-08,0.1496,0.0,0.0,83.0,0.1496,0.1496,0.1496,10000124,2015-06-24,2015-06-24,P,2.85,2015-03-31
914,2015-04-08 14:15:00,2015-04-08,0.1496,0.0,0.0,83.0,0.1496,0.1496,0.1496,10000124,2015-06-24,2015-06-24,P,2.85,2015-03-31
915,2015-04-08 14:16:00,2015-04-08,0.1496,0.0,0.0,83.0,0.1496,0.1496,0.1496,10000124,2015-06-24,2015-06-24,P,2.85,2015-03-31
916,2015-04-08 14:17:00,2015-04-08,0.1496,0.0,0.0,83.0,0.1496,0.1496,0.1496,10000124,2015-06-24,2015-06-24,P,2.85,2015-03-31
917,2015-04-08 14:18:00,2015-04-08,0.1496,0.0,0.0,83.0,0.1496,0.1496,0.1496,10000124,2015-06-24,2015-06-24,P,2.85,2015-03-31
918,2015-04-08 14:19:00,2015-04-08,0.1496,0.0,0.0,83.0,0.1496,0.1496,0.1496,10000124,2015-06-24,2015-06-24,P,2.85,2015-03-31
919,2015-04-08 14:20:00,2015-04-08,0.1496,0.0,0.0,83.0,0.1496,0.1496,0.1496,10000124,2015-06-24,2015-06-24,P,2.85,2015-03-31
920,2015-04-08 14:21:00,2015-04-08,0.1496,0.0,0.0,83.0,0.1496,0.1496,0.1496,10000124,2015-06-24,2015-06-24,P,2.85,2015-03-31
921,2015-04-08 14:22:00,2015-04-08,0.1496,0.0,0.0,83.0,0.1496,0.1496,0.1496,10000124,2015-06-24,2015-06-24,P,2.85,2015-03-31
922,2015-04-08 14:23:00,2015-04-08,0.1496,0.0,0.0,83.0,0.1496,0.1496,0.1496,10000124,2015-06-24,2015-06-24,P,2.85,2015-03-31
923,2015-04-08 14:24:00,2015-04-08,0.1496,0.0,0.0,83.0,0.1496,0.1496,0.1496,10000124,2015-06-24,2015-06-24,P,2.85,2015-03-31
924,2015-04-08 14:25:00,2015-04-08,0.1496,0.0,0.0,83.0,0.1496,0.1496,0.1496,10000124,2015-06-24,2015-06-24,P,2.85,2015-03-31
925,2015-04-08 14:26:00,2015-04-08,0.1496,0.0,0.0,83.0,0.1496,0.1496,0.1496,10000124,2015-06-24,2015-06-24,P,2.85,2015-03-31
926,2015-04-08 14:27:00,2015-04-08,0.1496,0.0,0.0,83.0,0.1496,0.1496,0.1496,10000124,2015-06-24,2015-06-24,P,2.85,2015-03-31
927,2015-04-08 14:28:00,2015-04-08,0.1496,0.0,0.0,83.0,0.1496,0.1496,0.1496,10000124,2015-06-24,2015-06-24,P,2.85,2015-03-31
928,2015-04-08 14:29:00,2015-04-08,0.1496,0.0,0.0,83.0,0.1496,0.1496,0.1496,10000124,2015-06-24,2015-06-24,P,2.85,2015-03-31
929,2015-04-08 14:30:00,2015-04-08,0.1496,0.0,0.0,83.0,0.1496,0.1496,0.1496,10000124,2015-06-24,2015-06-24,P,2.85,2015-03-31
930,2015-04-08 14:31:00,2015-04-08,0.1496,0.0,0.0,83.0,0.1496,0.1496,0.1496,10000124,2015-06-24,2015-06-24,P,2.85,2015-03-31
931,2015-04-08 14:32:00,2015-04-08,0.1496,0.0,0.0,83.0,0.1496,0.1496,0.1496,10000124,2015-06-24,2015-06-24,P,2.85,2015-03-31
932,2015-04-08 14:33:00,2015-04-08,0.1496,0.0,0.0,83.0,0.1496,0.1496,0.1496,10000124,2015-06-24,2015-06-24,P,2.85,2015-03-31
933,2015-04-08 14:34:00,2015-04-08,0.1496,0.0,0.0,83.0,0.1496,0.1496,0.1496,10000124,2015-06-24,2015-06-24,P,2.85,2015-03-31
934,2015-04-08 14:35:00,2015-04-08,0.1496,0.0,0.0,83.0,0.1496,0.1496,0.1496,10000124,2015-06-24,2015-06-24,P,2.85,2015-03-31
935,2015-04-08 14:36:00,2015-04-08,0.1496,0.0,0.0,83.0,0.1496,0.1496,0.1496,10000124,2015-06-24,2015-06-24,P,2.85,2015-03-31
936,2015-04-08 14:37:00,2015-04-08,0.1496,0.0,0.0,83.0,0.1496,0.1496,0.1496,10000124,2015-06-24,2015-06-24,P,2.85,2015-03-31
937,2015-04-08 14:38:00,2015-04-08,0.1496,0.0,0.0,83.0,0.1496,0.1496,0.1496,10000124,2015-06-24,2015-06-24,P,2.85,2015-03-31
938,2015-04-08 14:39:00,2015-04-08,0.1496,0.0,0.0,83.0,0.1496,0.1496,0.1496,10000124,2015-06-24,2015-06-24,P,2.85,2015-03-31
939,2015-04-08 14:40:00,2015-04-08,0.1496,0.0,0.0,83.0,0.1496,0.1496,0.1496,10000124,2015-06-24,2015-06-24,P,2.85,2015-03-31
940,2015-04-08 14:41:00,2015-04-08,0.1496,0.0,0.0,83.0,0.1496,0.1496,0.1496,10000124,2015-06-24,2015-06-24,P,2.85,2015-03-31
941,2015-04-08 14:42:00,2015-04-08,0.1496,0.0,0.0,83.0,0.1496,0.1496,0.1496,10000124,2015-06-24,2015-06-24,P,2.85,2015-03-31
942,2015-04-08 14:43:00,2015-04-08,0.1496,0.0,0.0,83.0,0.1496,0.1496,0.1496,10000124,2015-06-24,2015-06-24,P,2.85,2015-03-31
943,2015-04-08 14:44:00,2015-04-08,0.1496,0.0,0.0,83.0,0.1496,0.1496,0.1496,10000124,2015-06-24,2015-06-24,P,2.85,2015-03-31
944,2015-04-08 14:45:00,2015-04-08,0.1496,0.0,0.0,83.0,0.1496,0.1496,0.1496,10000124,2015-06-24,2015-06-24,P,2.85,2015-03-31
945,2015-04-08 14:46:00,2015-04-08,0.1496,0.0,0.0,83.0,0.1496,0.1496,0.1496,10000124,2015-06-24,2015-06-24,P,2.85,2015-03-31
946,2015-04-08 14:47:00,2015-04-08,0.1496,0.0,0.0,83.0,0.1496,0.1496,0.1496,10000124,2015-06-24,2015-06-24,P,2.85,2015-03-31
947,2015-04-08 14:48:00,2015-04-08,0.1496,0.0,0.0,83.0,0.1496,0.1496,0.1496,10000124,2015-06-24,2015-06-24,P,2.85,2015-03-31
948,2015-04-08 14:49:00,2015-04-08,0.1496,0.0,0.0,83.0,0.1496,0.1496,0.1496,10000124,2015-06-24,2015-06-24,P,2.85,2015-03-31
949,2015-04-08 14:50:00,2015-04-08,0.1496,0.0,0.0,83.0,0.1496,0.1496,0.1496,10000124,2015-06-24,2015-06-24,P,2.85,2015-03-31
950,2015-04-08 14:51:00,2015-04-08,0.1496,0.0,0.0,83.0,0.1496,0.1496,0.1496,10000124,2015-06-24,2015-06-24,P,2.85,2015-03-31
951,2015-04-08 14:52:00,2015-04-08,0.1496,0.0,0.0,83.0,0.1496,0.1496,0.1496,10000124,2015-06-24,2015-06-24,P,2.85,2015-03-31
952,2015-04-08 14:53:00,2015-04-08,0.1496,0.0,0.0,83.0,0.1496,0.1496,0.1496,10000124,2015-06-24,2015-06-24,P,2.85,2015-03-31
953,2015-04-08 14:54:00,2015-04-08,0.1496,0.0,0.0,83.0,0.1496,0.1496,0.1496,10000124,2015-06-24,2015-06-24,P,2.85,2015-03-31
954,2015-04-08 14:55:00,2015-04-08,0.1496,0.0,0.0,83.0,0.1496,0.1496,0.1496,10000124,2015-06-24,2015-06-24,P,2.85,2015-03-31
955,2015-04-08 14:56:00,2015-04-08,0.1496,0.0,0.0,83.0,0.1496,0.1496,0.1496,10000124,2015-06-24,2015-06-24,P,2.85,2015-03-31
956,2015-04-08 14:57:00,2015-04-08,0.1496,0.0,0.0,83.0,0.1496,0.1496,0.1496,10000124,2015-06-24,2015-06-24,P,2.85,2015-03-31
957,2015-04-08 14:58:00,2015-04-08,0.1496,0.0,0.0,83.0,0.1496,0.1496,0.1496,10000124,2015-06-24,2015-06-24,P,2.85,2015-03-31
958,2015-04-08 14:59:00,2015-04-08,0.1496,0.0,0.0,83.0,0.1496,0.1496,0.1496,10000124,2015-06-24,2015-06-24,P,2.85,2015-03-31
959,2015-04-08 15:00:00,2015-04-08,0.1496,0.0,0.0,83.0,0.1496,0.1496,0.1496,10000124,2015-06-24,2015-06-24,P,2.85,2015-03-31
960,2015-04-08 09:31:00,2015-04-08,0.1431,12879.0,9.0,708.0,0.1431,0.1431,0.1431,10000120,2015-05-27,2015-05-27,C,2.85,2015-03-31
961,2015-04-08 09:32:00,2015-04-08,0.1431,0.0,0.0,708.0,0.1431,0.1431,0.1431,10000120,2015-05-27,2015-05-27,C,2.85,2015-03-31
962,2015-04-08 09:33:00,2015-04-08,0.1465,11720.0,8.0,708.0,0.1465,0.1465,0.1465,10000120,2015-05-27,2015-05-27,C,2.85,2015-03-31
963,2015-04-08 09:34:00,2015-04-08,0.1465,0.0,0.0,708.0,0.1465,0.1465,0.1465,10000120,2015-05-27,2015-05-27,C,2.85,2015-03-31
964,2015-04-08 09:35:00,2015-04-08,0.1477,14716.0,10.0,716.0,0.1477,0.1465,0.1465,10000120,2015-05-27,2015-05-27,C,2.85,2015-03-31
965,2015-04-08 09:36:00,2015-04-08,0.1431,7155.0,5.0,721.0,0.1431,0.1431,0.1431,10000120,2015-05-27,2015-05-27,C,2.85,2015-03-31
966,2015-04-08 09:37:00,2015-04-08,0.1431,0.0,0.0,721.0,0.1431,0.1431,0.1431,10000120,2015-05-27,2015-05-27,C,2.85,2015-03-31
967,2015-04-08 09:38:00,2015-04-08,0.1431,0.0,0.0,721.0,0.1431,0.1431,0.1431,10000120,2015-05-27,2015-05-27,C,2.85,2015-03-31
968,2015-04-08 09:39:00,2015-04-08,0.1431,0.0,0.0,721.0,0.1431,0.1431,0.1431,10000120,2015-05-27,2015-05-27,C,2.85,2015-03-31
969,2015-04-08 09:40:00,2015-04-08,0.1431,0.0,0.0,721.0,0.1431,0.1431,0.1431,10000120,2015-05-27,2015-05-27,C,2.85,2015-03-31
970,2015-04-08 09:41:00,2015-04-08,0.1431,0.0,0.0,721.0,0.1431,0.1431,0.1431,10000120,2015-05-27,2015-05-27,C,2.85,2015-03-31
971,2015-04-08 09:42:00,2015-04-08,0.1431,0.0,0.0,721.0,0.1431,0.1431,0.1431,10000120,2015-05-27,2015-05-27,C,2.85,2015-03-31
972,2015-04-08 09:43:00,2015-04-08,0.1431,0.0,0.0,721.0,0.1431,0.1431,0.1431,10000120,2015-05-27,2015-05-27,C,2.85,2015-03-31
973,2015-04-08 09:44:00,2015-04-08,0.1458,2916.0,2.0,721.0,0.1458,0.1458,0.1458,10000120,2015-05-27,2015-05-27,C,2.85,2015-03-31
974,2015-04-08 09:45:00,2015-04-08,0.1458,0.0,0.0,721.0,0.1458,0.1458,0.1458,10000120,2015-05-27,2015-05-27,C,2.85,2015-03-31
975,2015-04-08 09:46:00,2015-04-08,0.1458,1458.0,1.0,721.0,0.1458,0.1458,0.1458,10000120,2015-05-27,2015-05-27,C,2.85,2015-03-31
976,2015-04-08 09:47:00,2015-04-08,0.1458,0.0,0.0,721.0,0.1458,0.1458,0.1458,10000120,2015-05-27,2015-05-27,C,2.85,2015-03-31
977,2015-04-08 09:48:00,2015-04-08,0.1458,0.0,0.0,721.0,0.1458,0.1458,0.1458,10000120,2015-05-27,2015-05-27,C,2.85,2015-03-31
978,2015-04-08 09:49:00,2015-04-08,0.1458,0.0,0.0,721.0,0.1458,0.1458,0.1458,10000120,2015-05-27,2015-05-27,C,2.85,2015-03-31
979,2015-04-08 09:50:00,2015-04-08,0.14400000000000002,23022.0,16.0,712.0,0.14400000000000002,0.1437,0.1437,10000120,2015-05-27,2015-05-27,C,2.85,2015-03-31
980,2015-04-08 09:51:00,2015-04-08,0.1437,0.0,0.0,712.0,0.1437,0.1437,0.1437,10000120,2015-05-27,2015-05-27,C,2.85,2015-03-31
981,2015-04-08 09:52:00,2015-04-08,0.1437,0.0,0.0,712.0,0.1437,0.1437,0.1437,10000120,2015-05-27,2015-05-27,C,2.85,2015-03-31
982,2015-04-08 09:53:00,2015-04-08,0.1437,0.0,0.0,712.0,0.1437,0.1437,0.1437,10000120,2015-05-27,2015-05-27,C,2.85,2015-03-31
983,2015-04-08 09:54:00,2015-04-08,0.1489,14890.0,10.0,712.0,0.1489,0.1489,0.1489,10000120,2015-05-27,2015-05-27,C,2.85,2015-03-31
984,2015-04-08 09:55:00,2015-04-08,0.1489,0.0,0.0,712.0,0.1489,0.1489,0.1489,10000120,2015-05-27,2015-05-27,C,2.85,2015-03-31
985,2015-04-08 09:56:00,2015-04-08,0.1489,0.0,0.0,712.0,0.1489,0.1489,0.1489,10000120,2015-05-27,2015-05-27,C,2.85,2015-03-31
986,2015-04-08 09:57:00,2015-04-08,0.1555,13995.0,9.0,721.0,0.1555,0.1555,0.1555,10000120,2015-05-27,2015-05-27,C,2.85,2015-03-31
987,2015-04-08 09:58:00,2015-04-08,0.1555,0.0,0.0,721.0,0.1555,0.1555,0.1555,10000120,2015-05-27,2015-05-27,C,2.85,2015-03-31
988,2015-04-08 09:59:00,2015-04-08,0.1555,0.0,0.0,721.0,0.1555,0.1555,0.1555,10000120,2015-05-27,2015-05-27,C,2.85,2015-03-31
989,2015-04-08 10:00:00,2015-04-08,0.1555,0.0,0.0,721.0,0.1555,0.1555,0.1555,10000120,2015-05-27,2015-05-27,C,2.85,2015-03-31
990,2015-04-08 10:01:00,2015-04-08,0.1555,0.0,0.0,721.0,0.1555,0.1555,0.1555,10000120,2015-05-27,2015-05-27,C,2.85,2015-03-31
991,2015-04-08 10:02:00,2015-04-08,0.1555,0.0,0.0,721.0,0.1555,0.1555,0.1555,10000120,2015-05-27,2015-05-27,C,2.85,2015-03-31
992,2015-04-08 10:03:00,2015-04-08,0.1555,0.0,0.0,721.0,0.1555,0.1555,0.1555,10000120,2015-05-27,2015-05-27,C,2.85,2015-03-31
993,2015-04-08 10:04:00,2015-04-08,0.1555,0.0,0.0,721.0,0.1555,0.1555,0.1555,10000120,2015-05-27,2015-05-27,C,2.85,2015-03-31
994,2015-04-08 10:05:00,2015-04-08,0.1555,0.0,0.0,721.0,0.1555,0.1555,0.1555,10000120,2015-05-27,2015-05-27,C,2.85,2015-03-31
995,2015-04-08 10:06:00,2015-04-08,0.1555,0.0,0.0,721.0,0.1555,0.1555,0.1555,10000120,2015-05-27,2015-05-27,C,2.85,2015-03-31
996,2015-04-08 10:07:00,2015-04-08,0.1555,0.0,0.0,721.0,0.1555,0.1555,0.1555,10000120,2015-05-27,2015-05-27,C,2.85,2015-03-31
997,2015-04-08 10:08:00,2015-04-08,0.1555,0.0,0.0,721.0,0.1555,0.1555,0.1555,10000120,2015-05-27,2015-05-27,C,2.85,2015-03-31
998,2015-04-08 10:09:00,2015-04-08,0.1555,0.0,0.0,721.0,0.1555,0.1555,0.1555,10000120,2015-05-27,2015-05-27,C,2.85,2015-03-31
999,2015-04-08 10:10:00,2015-04-08,0.1555,0.0,0.0,721.0,0.1555,0.1555,0.1555,10000120,2015-05-27,2015-05-27,C,2.85,2015-03-31
1000,2015-04-08 10:11:00,2015-04-08,0.1555,0.0,0.0,721.0,0.1555,0.1555,0.1555,10000120,2015-05-27,2015-05-27,C,2.85,2015-03-31
1001,2015-04-08 10:12:00,2015-04-08,0.1555,0.0,0.0,721.0,0.1555,0.1555,0.1555,10000120,2015-05-27,2015-05-27,C,2.85,2015-03-31
1002,2015-04-08 10:13:00,2015-04-08,0.1555,0.0,0.0,721.0,0.1555,0.1555,0.1555,10000120,2015-05-27,2015-05-27,C,2.85,2015-03-31
1003,2015-04-08 10:14:00,2015-04-08,0.1555,0.0,0.0,721.0,0.1555,0.1555,0.1555,10000120,2015-05-27,2015-05-27,C,2.85,2015-03-31
1004,2015-04-08 10:15:00,2015-04-08,0.1555,0.0,0.0,721.0,0.1555,0.1555,0.1555,10000120,2015-05-27,2015-05-27,C,2.85,2015-03-31
1005,2015-04-08 10:16:00,2015-04-08,0.1555,0.0,0.0,721.0,0.1555,0.1555,0.1555,10000120,2015-05-27,2015-05-27,C,2.85,2015-03-31
1006,2015-04-08 10:17:00,2015-04-08,0.1401,1401.0,1.0,720.0,0.1401,0.1401,0.1401,10000120,2015-05-27,2015-05-27,C,2.85,2015-03-31
1007,2015-04-08 10:18:00,2015-04-08,0.1476,20554.0,14.0,729.0,0.1476,0.1465,0.1465,10000120,2015-05-27,2015-05-27,C,2.85,2015-03-31
1008,2015-04-08 10:19:00,2015-04-08,0.1465,0.0,0.0,729.0,0.1465,0.1465,0.1465,10000120,2015-05-27,2015-05-27,C,2.85,2015-03-31
1009,2015-04-08 10:20:00,2015-04-08,0.1465,0.0,0.0,729.0,0.1465,0.1465,0.1465,10000120,2015-05-27,2015-05-27,C,2.85,2015-03-31
1010,2015-04-08 10:21:00,2015-04-08,0.1465,0.0,0.0,729.0,0.1465,0.1465,0.1465,10000120,2015-05-27,2015-05-27,C,2.85,2015-03-31
1011,2015-04-08 10:22:00,2015-04-08,0.1532,15300.0,10.0,739.0,0.1532,0.1532,0.1532,10000120,2015-05-27,2015-05-27,C,2.85,2015-03-31
1012,2015-04-08 10:23:00,2015-04-08,0.1528,15280.0,10.0,749.0,0.1528,0.1528,0.1528,10000120,2015-05-27,2015-05-27,C,2.85,2015-03-31
1013,2015-04-08 10:24:00,2015-04-08,0.1506,15060.0,10.0,759.0,0.1506,0.1506,0.1506,10000120,2015-05-27,2015-05-27,C,2.85,2015-03-31
1014,2015-04-08 10:25:00,2015-04-08,0.1503,13527.0,9.0,768.0,0.1503,0.1503,0.1503,10000120,2015-05-27,2015-05-27,C,2.85,2015-03-31
1015,2015-04-08 10:26:00,2015-04-08,0.1503,0.0,0.0,768.0,0.1503,0.1503,0.1503,10000120,2015-05-27,2015-05-27,C,2.85,2015-03-31
1016,2015-04-08 10:27:00,2015-04-08,0.1503,0.0,0.0,768.0,0.1503,0.1503,0.1503,10000120,2015-05-27,2015-05-27,C,2.85,2015-03-31
1017,2015-04-08 10:28:00,2015-04-08,0.1503,0.0,0.0,768.0,0.1503,0.1503,0.1503,10000120,2015-05-27,2015-05-27,C,2.85,2015-03-31
1018,2015-04-08 10:29:00,2015-04-08,0.1503,0.0,0.0,768.0,0.1503,0.1503,0.1503,10000120,2015-05-27,2015-05-27,C,2.85,2015-03-31
1019,2015-04-08 10:30:00,2015-04-08,0.1503,0.0,0.0,768.0,0.1503,0.1503,0.1503,10000120,2015-05-27,2015-05-27,C,2.85,2015-03-31
1020,2015-04-08 10:31:00,2015-04-08,0.1503,0.0,0.0,768.0,0.1503,0.1503,0.1503,10000120,2015-05-27,2015-05-27,C,2.85,2015-03-31
1021,2015-04-08 10:32:00,2015-04-08,0.1503,0.0,0.0,768.0,0.1503,0.1503,0.1503,10000120,2015-05-27,2015-05-27,C,2.85,2015-03-31
1022,2015-04-08 10:33:00,2015-04-08,0.1503,0.0,0.0,768.0,0.1503,0.1503,0.1503,10000120,2015-05-27,2015-05-27,C,2.85,2015-03-31
1023,2015-04-08 10:34:00,2015-04-08,0.1503,0.0,0.0,768.0,0.1503,0.1503,0.1503,10000120,2015-05-27,2015-05-27,C,2.85,2015-03-31
1024,2015-04-08 10:35:00,2015-04-08,0.1503,0.0,0.0,768.0,0.1503,0.1503,0.1503,10000120,2015-05-27,2015-05-27,C,2.85,2015-03-31
1025,2015-04-08 10:36:00,2015-04-08,0.1503,0.0,0.0,768.0,0.1503,0.1503,0.1503,10000120,2015-05-27,2015-05-27,C,2.85,2015-03-31
1026,2015-04-08 10:37:00,2015-04-08,0.1503,0.0,0.0,768.0,0.1503,0.1503,0.1503,10000120,2015-05-27,2015-05-27,C,2.85,2015-03-31
1027,2015-04-08 10:38:00,2015-04-08,0.1503,0.0,0.0,768.0,0.1503,0.1503,0.1503,10000120,2015-05-27,2015-05-27,C,2.85,2015-03-31
1028,2015-04-08 10:39:00,2015-04-08,0.1503,0.0,0.0,768.0,0.1503,0.1503,0.1503,10000120,2015-05-27,2015-05-27,C,2.85,2015-03-31
1029,2015-04-08 10:40:00,2015-04-08,0.1503,0.0,0.0,768.0,0.1503,0.1503,0.1503,10000120,2015-05-27,2015-05-27,C,2.85,2015-03-31
1030,2015-04-08 10:41:00,2015-04-08,0.1503,0.0,0.0,768.0,0.1503,0.1503,0.1503,10000120,2015-05-27,2015-05-27,C,2.85,2015-03-31
1031,2015-04-08 10:42:00,2015-04-08,0.1503,0.0,0.0,768.0,0.1503,0.1503,0.1503,10000120,2015-05-27,2015-05-27,C,2.85,2015-03-31
1032,2015-04-08 10:43:00,2015-04-08,0.16,16000.0,10.0,768.0,0.16,0.16,0.16,10000120,2015-05-27,2015-05-27,C,2.85,2015-03-31
1033,2015-04-08 10:44:00,2015-04-08,0.16,0.0,0.0,768.0,0.16,0.16,0.16,10000120,2015-05-27,2015-05-27,C,2.85,2015-03-31
1034,2015-04-08 10:45:00,2015-04-08,0.16,0.0,0.0,768.0,0.16,0.16,0.16,10000120,2015-05-27,2015-05-27,C,2.85,2015-03-31
1035,2015-04-08 10:46:00,2015-04-08,0.16,0.0,0.0,768.0,0.16,0.16,0.16,10000120,2015-05-27,2015-05-27,C,2.85,2015-03-31
1036,2015-04-08 10:47:00,2015-04-08,0.16,0.0,0.0,768.0,0.16,0.16,0.16,10000120,2015-05-27,2015-05-27,C,2.85,2015-03-31
1037,2015-04-08 10:48:00,2015-04-08,0.16,0.0,0.0,768.0,0.16,0.16,0.16,10000120,2015-05-27,2015-05-27,C,2.85,2015-03-31
1038,2015-04-08 10:49:00,2015-04-08,0.16,0.0,0.0,768.0,0.16,0.16,0.16,10000120,2015-05-27,2015-05-27,C,2.85,2015-03-31
1039,2015-04-08 10:50:00,2015-04-08,0.157,4710.0,3.0,768.0,0.157,0.157,0.157,10000120,2015-05-27,2015-05-27,C,2.85,2015-03-31
1040,2015-04-08 10:51:00,2015-04-08,0.157,0.0,0.0,768.0,0.157,0.157,0.157,10000120,2015-05-27,2015-05-27,C,2.85,2015-03-31
1041,2015-04-08 10:52:00,2015-04-08,0.157,0.0,0.0,768.0,0.157,0.157,0.157,10000120,2015-05-27,2015-05-27,C,2.85,2015-03-31
1042,2015-04-08 10:53:00,2015-04-08,0.157,0.0,0.0,768.0,0.157,0.157,0.157,10000120,2015-05-27,2015-05-27,C,2.85,2015-03-31
1043,2015-04-08 10:54:00,2015-04-08,0.157,0.0,0.0,768.0,0.157,0.157,0.157,10000120,2015-05-27,2015-05-27,C,2.85,2015-03-31
1044,2015-04-08 10:55:00,2015-04-08,0.1485,14850.0,10.0,778.0,0.1485,0.1485,0.1485,10000120,2015-05-27,2015-05-27,C,2.85,2015-03-31
1045,2015-04-08 10:56:00,2015-04-08,0.1485,0.0,0.0,778.0,0.1485,0.1485,0.1485,10000120,2015-05-27,2015-05-27,C,2.85,2015-03-31
1046,2015-04-08 10:57:00,2015-04-08,0.1485,0.0,0.0,778.0,0.1485,0.1485,0.1485,10000120,2015-05-27,2015-05-27,C,2.85,2015-03-31
1047,2015-04-08 10:58:00,2015-04-08,0.1485,0.0,0.0,778.0,0.1485,0.1485,0.1485,10000120,2015-05-27,2015-05-27,C,2.85,2015-03-31
1048,2015-04-08 10:59:00,2015-04-08,0.1485,0.0,0.0,778.0,0.1485,0.1485,0.1485,10000120,2015-05-27,2015-05-27,C,2.85,2015-03-31
1049,2015-04-08 11:00:00,2015-04-08,0.1485,0.0,0.0,778.0,0.1485,0.1485,0.1485,10000120,2015-05-27,2015-05-27,C,2.85,2015-03-31
1050,2015-04-08 11:01:00,2015-04-08,0.1485,0.0,0.0,778.0,0.1485,0.1485,0.1485,10000120,2015-05-27,2015-05-27,C,2.85,2015-03-31
1051,2015-04-08 11:02:00,2015-04-08,0.1485,0.0,0.0,778.0,0.1485,0.1485,0.1485,10000120,2015-05-27,2015-05-27,C,2.85,2015-03-31
1052,2015-04-08 11:03:00,2015-04-08,0.1439,14390.0,10.0,768.0,0.1439,0.1439,0.1439,10000120,2015-05-27,2015-05-27,C,2.85,2015-03-31
1053,2015-04-08 11:04:00,2015-04-08,0.1439,0.0,0.0,768.0,0.1439,0.1439,0.1439,10000120,2015-05-27,2015-05-27,C,2.85,2015-03-31
1054,2015-04-08 11:05:00,2015-04-08,0.1439,0.0,0.0,768.0,0.1439,0.1439,0.1439,10000120,2015-05-27,2015-05-27,C,2.85,2015-03-31
1055,2015-04-08 11:06:00,2015-04-08,0.1439,0.0,0.0,768.0,0.1439,0.1439,0.1439,10000120,2015-05-27,2015-05-27,C,2.85,2015-03-31
1056,2015-04-08 11:07:00,2015-04-08,0.1474,1474.0,1.0,769.0,0.1474,0.1474,0.1474,10000120,2015-05-27,2015-05-27,C,2.85,2015-03-31
1057,2015-04-08 11:08:00,2015-04-08,0.1474,0.0,0.0,769.0,0.1474,0.1474,0.1474,10000120,2015-05-27,2015-05-27,C,2.85,2015-03-31
1058,2015-04-08 11:09:00,2015-04-08,0.1474,0.0,0.0,769.0,0.1474,0.1474,0.1474,10000120,2015-05-27,2015-05-27,C,2.85,2015-03-31
1059,2015-04-08 11:10:00,2015-04-08,0.1474,0.0,0.0,769.0,0.1474,0.1474,0.1474,10000120,2015-05-27,2015-05-27,C,2.85,2015-03-31
1060,2015-04-08 11:11:00,2015-04-08,0.1474,0.0,0.0,769.0,0.1474,0.1474,0.1474,10000120,2015-05-27,2015-05-27,C,2.85,2015-03-31
1061,2015-04-08 11:12:00,2015-04-08,0.1474,0.0,0.0,769.0,0.1474,0.1474,0.1474,10000120,2015-05-27,2015-05-27,C,2.85,2015-03-31
1062,2015-04-08 11:13:00,2015-04-08,0.1474,0.0,0.0,769.0,0.1474,0.1474,0.1474,10000120,2015-05-27,2015-05-27,C,2.85,2015-03-31
1063,2015-04-08 11:14:00,2015-04-08,0.1474,0.0,0.0,769.0,0.1474,0.1474,0.1474,10000120,2015-05-27,2015-05-27,C,2.85,2015-03-31
1064,2015-04-08 11:15:00,2015-04-08,0.1474,0.0,0.0,769.0,0.1474,0.1474,0.1474,10000120,2015-05-27,2015-05-27,C,2.85,2015-03-31
1065,2015-04-08 11:16:00,2015-04-08,0.1474,0.0,0.0,769.0,0.1474,0.1474,0.1474,10000120,2015-05-27,2015-05-27,C,2.85,2015-03-31
1066,2015-04-08 11:17:00,2015-04-08,0.1474,0.0,0.0,769.0,0.1474,0.1474,0.1474,10000120,2015-05-27,2015-05-27,C,2.85,2015-03-31
1067,2015-04-08 11:18:00,2015-04-08,0.1474,0.0,0.0,769.0,0.1474,0.1474,0.1474,10000120,2015-05-27,2015-05-27,C,2.85,2015-03-31
1068,2015-04-08 11:19:00,2015-04-08,0.1474,0.0,0.0,769.0,0.1474,0.1474,0.1474,10000120,2015-05-27,2015-05-27,C,2.85,2015-03-31
1069,2015-04-08 11:20:00,2015-04-08,0.1474,0.0,0.0,769.0,0.1474,0.1474,0.1474,10000120,2015-05-27,2015-05-27,C,2.85,2015-03-31
1070,2015-04-08 11:21:00,2015-04-08,0.1474,0.0,0.0,769.0,0.1474,0.1474,0.1474,10000120,2015-05-27,2015-05-27,C,2.85,2015-03-31
1071,2015-04-08 11:22:00,2015-04-08,0.1474,0.0,0.0,769.0,0.1474,0.1474,0.1474,10000120,2015-05-27,2015-05-27,C,2.85,2015-03-31
1072,2015-04-08 11:23:00,2015-04-08,0.1494,14891.0,10.0,773.0,0.1494,0.1494,0.1494,10000120,2015-05-27,2015-05-27,C,2.85,2015-03-31
1073,2015-04-08 11:24:00,2015-04-08,0.1494,0.0,0.0,773.0,0.1494,0.1494,0.1494,10000120,2015-05-27,2015-05-27,C,2.85,2015-03-31
1074,2015-04-08 11:25:00,2015-04-08,0.1494,0.0,0.0,773.0,0.1494,0.1494,0.1494,10000120,2015-05-27,2015-05-27,C,2.85,2015-03-31
1075,2015-04-08 11:26:00,2015-04-08,0.1494,0.0,0.0,773.0,0.1494,0.1494,0.1494,10000120,2015-05-27,2015-05-27,C,2.85,2015-03-31
1076,2015-04-08 11:27:00,2015-04-08,0.1494,0.0,0.0,773.0,0.1494,0.1494,0.1494,10000120,2015-05-27,2015-05-27,C,2.85,2015-03-31
1077,2015-04-08 11:28:00,2015-04-08,0.1549,7745.0,5.0,768.0,0.1549,0.1549,0.1549,10000120,2015-05-27,2015-05-27,C,2.85,2015-03-31
1078,2015-04-08 11:29:00,2015-04-08,0.1549,0.0,0.0,768.0,0.1549,0.1549,0.1549,10000120,2015-05-27,2015-05-27,C,2.85,2015-03-31
1079,2015-04-08 11:30:00,2015-04-08,0.1607,1607.0,1.0,768.0,0.1607,0.1607,0.1607,10000120,2015-05-27,2015-05-27,C,2.85,2015-03-31
1080,2015-04-08 13:01:00,2015-04-08,0.1607,0.0,0.0,768.0,0.1607,0.1607,0.1607,10000120,2015-05-27,2015-05-27,C,2.85,2015-03-31
1081,2015-04-08 13:02:00,2015-04-08,0.1607,0.0,0.0,768.0,0.1607,0.1607,0.1607,10000120,2015-05-27,2015-05-27,C,2.85,2015-03-31
1082,2015-04-08 13:03:00,2015-04-08,0.1607,0.0,0.0,768.0,0.1607,0.1607,0.1607,10000120,2015-05-27,2015-05-27,C,2.85,2015-03-31
1083,2015-04-08 13:04:00,2015-04-08,0.1607,0.0,0.0,768.0,0.1607,0.1607,0.1607,10000120,2015-05-27,2015-05-27,C,2.85,2015-03-31
1084,2015-04-08 13:05:00,2015-04-08,0.1607,0.0,0.0,768.0,0.1607,0.1607,0.1607,10000120,2015-05-27,2015-05-27,C,2.85,2015-03-31
1085,2015-04-08 13:06:00,2015-04-08,0.1607,0.0,0.0,768.0,0.1607,0.1607,0.1607,10000120,2015-05-27,2015-05-27,C,2.85,2015-03-31
1086,2015-04-08 13:07:00,2015-04-08,0.1607,0.0,0.0,768.0,0.1607,0.1607,0.1607,10000120,2015-05-27,2015-05-27,C,2.85,2015-03-31
1087,2015-04-08 13:08:00,2015-04-08,0.1672,3344.0,2.0,768.0,0.1672,0.1672,0.1672,10000120,2015-05-27,2015-05-27,C,2.85,2015-03-31
1088,2015-04-08 13:09:00,2015-04-08,0.1672,0.0,0.0,768.0,0.1672,0.1672,0.1672,10000120,2015-05-27,2015-05-27,C,2.85,2015-03-31
1089,2015-04-08 13:10:00,2015-04-08,0.1672,0.0,0.0,768.0,0.1672,0.1672,0.1672,10000120,2015-05-27,2015-05-27,C,2.85,2015-03-31
1090,2015-04-08 13:11:00,2015-04-08,0.1672,0.0,0.0,768.0,0.1672,0.1672,0.1672,10000120,2015-05-27,2015-05-27,C,2.85,2015-03-31
1091,2015-04-08 13:12:00,2015-04-08,0.1672,0.0,0.0,768.0,0.1672,0.1672,0.1672,10000120,2015-05-27,2015-05-27,C,2.85,2015-03-31
1092,2015-04-08 13:13:00,2015-04-08,0.1672,0.0,0.0,768.0,0.1672,0.1672,0.1672,10000120,2015-05-27,2015-05-27,C,2.85,2015-03-31
1093,2015-04-08 13:14:00,2015-04-08,0.1672,0.0,0.0,768.0,0.1672,0.1672,0.1672,10000120,2015-05-27,2015-05-27,C,2.85,2015-03-31
1094,2015-04-08 13:15:00,2015-04-08,0.1672,0.0,0.0,768.0,0.1672,0.1672,0.1672,10000120,2015-05-27,2015-05-27,C,2.85,2015-03-31
1095,2015-04-08 13:16:00,2015-04-08,0.1672,0.0,0.0,768.0,0.1672,0.1672,0.1672,10000120,2015-05-27,2015-05-27,C,2.85,2015-03-31
1096,2015-04-08 13:17:00,2015-04-08,0.1672,0.0,0.0,768.0,0.1672,0.1672,0.1672,10000120,2015-05-27,2015-05-27,C,2.85,2015-03-31
1097,2015-04-08 13:18:00,2015-04-08,0.1672,0.0,0.0,768.0,0.1672,0.1672,0.1672,10000120,2015-05-27,2015-05-27,C,2.85,2015-03-31
1098,2015-04-08 13:19:00,2015-04-08,0.1672,0.0,0.0,768.0,0.1672,0.1672,0.1672,10000120,2015-05-27,2015-05-27,C,2.85,2015-03-31
1099,2015-04-08 13:20:00,2015-04-08,0.1792,8960.0,5.0,773.0,0.1792,0.1792,0.1792,10000120,2015-05-27,2015-05-27,C,2.85,2015-03-31
1100,2015-04-08 13:21:00,2015-04-08,0.1792,0.0,0.0,773.0,0.1792,0.1792,0.1792,10000120,2015-05-27,2015-05-27,C,2.85,2015-03-31
1101,2015-04-08 13:22:00,2015-04-08,0.1823,18200.0,10.0,783.0,0.1817,0.1823,0.1817,10000120,2015-05-27,2015-05-27,C,2.85,2015-03-31
1102,2015-04-08 13:23:00,2015-04-08,0.1805,9025.0,5.0,788.0,0.1805,0.1805,0.1805,10000120,2015-05-27,2015-05-27,C,2.85,2015-03-31
1103,2015-04-08 13:24:00,2015-04-08,0.181,18055.0,10.0,798.0,0.181,0.1801,0.1801,10000120,2015-05-27,2015-05-27,C,2.85,2015-03-31
1104,2015-04-08 13:25:00,2015-04-08,0.182,27065.0,15.0,813.0,0.1795,0.1798,0.1795,10000120,2015-05-27,2015-05-27,C,2.85,2015-03-31
1105,2015-04-08 13:26:00,2015-04-08,0.1794,8970.0,5.0,818.0,0.1794,0.1794,0.1794,10000120,2015-05-27,2015-05-27,C,2.85,2015-03-31
1106,2015-04-08 13:27:00,2015-04-08,0.1794,0.0,0.0,818.0,0.1794,0.1794,0.1794,10000120,2015-05-27,2015-05-27,C,2.85,2015-03-31
1107,2015-04-08 13:28:00,2015-04-08,0.1794,0.0,0.0,818.0,0.1794,0.1794,0.1794,10000120,2015-05-27,2015-05-27,C,2.85,2015-03-31
1108,2015-04-08 13:29:00,2015-04-08,0.1794,0.0,0.0,818.0,0.1794,0.1794,0.1794,10000120,2015-05-27,2015-05-27,C,2.85,2015-03-31
1109,2015-04-08 13:30:00,2015-04-08,0.1794,0.0,0.0,818.0,0.1794,0.1794,0.1794,10000120,2015-05-27,2015-05-27,C,2.85,2015-03-31
1110,2015-04-08 13:31:00,2015-04-08,0.1826,1826.0,1.0,819.0,0.1826,0.1826,0.1826,10000120,2015-05-27,2015-05-27,C,2.85,2015-03-31
1111,2015-04-08 13:32:00,2015-04-08,0.1826,1826.0,1.0,820.0,0.1826,0.1826,0.1826,10000120,2015-05-27,2015-05-27,C,2.85,2015-03-31
1112,2015-04-08 13:33:00,2015-04-08,0.1826,0.0,0.0,820.0,0.1826,0.1826,0.1826,10000120,2015-05-27,2015-05-27,C,2.85,2015-03-31
1113,2015-04-08 13:34:00,2015-04-08,0.1826,0.0,0.0,820.0,0.1826,0.1826,0.1826,10000120,2015-05-27,2015-05-27,C,2.85,2015-03-31
1114,2015-04-08 13:35:00,2015-04-08,0.1826,0.0,0.0,820.0,0.1826,0.1826,0.1826,10000120,2015-05-27,2015-05-27,C,2.85,2015-03-31
1115,2015-04-08 13:36:00,2015-04-08,0.1826,0.0,0.0,820.0,0.1826,0.1826,0.1826,10000120,2015-05-27,2015-05-27,C,2.85,2015-03-31
1116,2015-04-08 13:37:00,2015-04-08,0.1826,0.0,0.0,820.0,0.1826,0.1826,0.1826,10000120,2015-05-27,2015-05-27,C,2.85,2015-03-31
1117,2015-04-08 13:38:00,2015-04-08,0.1757,17575.0,10.0,820.0,0.1757,0.1757,0.1757,10000120,2015-05-27,2015-05-27,C,2.85,2015-03-31
1118,2015-04-08 13:39:00,2015-04-08,0.1757,0.0,0.0,820.0,0.1757,0.1757,0.1757,10000120,2015-05-27,2015-05-27,C,2.85,2015-03-31
1119,2015-04-08 13:40:00,2015-04-08,0.18,1800.0,1.0,821.0,0.18,0.18,0.18,10000120,2015-05-27,2015-05-27,C,2.85,2015-03-31
1120,2015-04-08 13:41:00,2015-04-08,0.18,0.0,0.0,821.0,0.18,0.18,0.18,10000120,2015-05-27,2015-05-27,C,2.85,2015-03-31
1121,2015-04-08 13:42:00,2015-04-08,0.1689,33740.0,20.0,801.0,0.1689,0.1685,0.1685,10000120,2015-05-27,2015-05-27,C,2.85,2015-03-31
1122,2015-04-08 13:43:00,2015-04-08,0.1767,25738.0,15.0,799.0,0.1767,0.16899999999999998,0.16899999999999998,10000120,2015-05-27,2015-05-27,C,2.85,2015-03-31
1123,2015-04-08 13:44:00,2015-04-08,0.16899999999999998,0.0,0.0,799.0,0.16899999999999998,0.16899999999999998,0.16899999999999998,10000120,2015-05-27,2015-05-27,C,2.85,2015-03-31
1124,2015-04-08 13:45:00,2015-04-08,0.16899999999999998,0.0,0.0,799.0,0.16899999999999998,0.16899999999999998,0.16899999999999998,10000120,2015-05-27,2015-05-27,C,2.85,2015-03-31
1125,2015-04-08 13:46:00,2015-04-08,0.16899999999999998,0.0,0.0,799.0,0.16899999999999998,0.16899999999999998,0.16899999999999998,10000120,2015-05-27,2015-05-27,C,2.85,2015-03-31
1126,2015-04-08 13:47:00,2015-04-08,0.16899999999999998,0.0,0.0,799.0,0.16899999999999998,0.16899999999999998,0.16899999999999998,10000120,2015-05-27,2015-05-27,C,2.85,2015-03-31
1127,2015-04-08 13:48:00,2015-04-08,0.16899999999999998,0.0,0.0,799.0,0.16899999999999998,0.16899999999999998,0.16899999999999998,10000120,2015-05-27,2015-05-27,C,2.85,2015-03-31
1128,2015-04-08 13:49:00,2015-04-08,0.16899999999999998,0.0,0.0,799.0,0.16899999999999998,0.16899999999999998,0.16899999999999998,10000120,2015-05-27,2015-05-27,C,2.85,2015-03-31
1129,2015-04-08 13:50:00,2015-04-08,0.1812,9060.0,5.0,804.0,0.1812,0.1812,0.1812,10000120,2015-05-27,2015-05-27,C,2.85,2015-03-31
1130,2015-04-08 13:51:00,2015-04-08,0.1812,0.0,0.0,804.0,0.1812,0.1812,0.1812,10000120,2015-05-27,2015-05-27,C,2.85,2015-03-31
1131,2015-04-08 13:52:00,2015-04-08,0.1812,0.0,0.0,804.0,0.1812,0.1812,0.1812,10000120,2015-05-27,2015-05-27,C,2.85,2015-03-31
1132,2015-04-08 13:53:00,2015-04-08,0.1812,0.0,0.0,804.0,0.1812,0.1812,0.1812,10000120,2015-05-27,2015-05-27,C,2.85,2015-03-31
1133,2015-04-08 13:54:00,2015-04-08,0.1812,0.0,0.0,804.0,0.1812,0.1812,0.1812,10000120,2015-05-27,2015-05-27,C,2.85,2015-03-31
1134,2015-04-08 13:55:00,2015-04-08,0.1812,0.0,0.0,804.0,0.1812,0.1812,0.1812,10000120,2015-05-27,2015-05-27,C,2.85,2015-03-31
1135,2015-04-08 13:56:00,2015-04-08,0.1812,0.0,0.0,804.0,0.1812,0.1812,0.1812,10000120,2015-05-27,2015-05-27,C,2.85,2015-03-31
1136,2015-04-08 13:57:00,2015-04-08,0.1812,0.0,0.0,804.0,0.1812,0.1812,0.1812,10000120,2015-05-27,2015-05-27,C,2.85,2015-03-31
1137,2015-04-08 13:58:00,2015-04-08,0.1812,0.0,0.0,804.0,0.1812,0.1812,0.1812,10000120,2015-05-27,2015-05-27,C,2.85,2015-03-31
1138,2015-04-08 13:59:00,2015-04-08,0.1812,0.0,0.0,804.0,0.1812,0.1812,0.1812,10000120,2015-05-27,2015-05-27,C,2.85,2015-03-31
1139,2015-04-08 14:00:00,2015-04-08,0.1812,0.0,0.0,804.0,0.1812,0.1812,0.1812,10000120,2015-05-27,2015-05-27,C,2.85,2015-03-31
1140,2015-04-08 14:01:00,2015-04-08,0.1812,0.0,0.0,804.0,0.1812,0.1812,0.1812,10000120,2015-05-27,2015-05-27,C,2.85,2015-03-31
1141,2015-04-08 14:02:00,2015-04-08,0.1812,0.0,0.0,804.0,0.1812,0.1812,0.1812,10000120,2015-05-27,2015-05-27,C,2.85,2015-03-31
1142,2015-04-08 14:03:00,2015-04-08,0.1812,0.0,0.0,804.0,0.1812,0.1812,0.1812,10000120,2015-05-27,2015-05-27,C,2.85,2015-03-31
1143,2015-04-08 14:04:00,2015-04-08,0.1812,0.0,0.0,804.0,0.1812,0.1812,0.1812,10000120,2015-05-27,2015-05-27,C,2.85,2015-03-31
1144,2015-04-08 14:05:00,2015-04-08,0.1812,0.0,0.0,804.0,0.1812,0.1812,0.1812,10000120,2015-05-27,2015-05-27,C,2.85,2015-03-31
1145,2015-04-08 14:06:00,2015-04-08,0.1812,0.0,0.0,804.0,0.1812,0.1812,0.1812,10000120,2015-05-27,2015-05-27,C,2.85,2015-03-31
1146,2015-04-08 14:07:00,2015-04-08,0.1812,0.0,0.0,804.0,0.1812,0.1812,0.1812,10000120,2015-05-27,2015-05-27,C,2.85,2015-03-31
1147,2015-04-08 14:08:00,2015-04-08,0.1812,0.0,0.0,804.0,0.1812,0.1812,0.1812,10000120,2015-05-27,2015-05-27,C,2.85,2015-03-31
1148,2015-04-08 14:09:00,2015-04-08,0.1812,0.0,0.0,804.0,0.1812,0.1812,0.1812,10000120,2015-05-27,2015-05-27,C,2.85,2015-03-31
1149,2015-04-08 14:10:00,2015-04-08,0.1812,0.0,0.0,804.0,0.1812,0.1812,0.1812,10000120,2015-05-27,2015-05-27,C,2.85,2015-03-31
1150,2015-04-08 14:11:00,2015-04-08,0.1812,0.0,0.0,804.0,0.1812,0.1812,0.1812,10000120,2015-05-27,2015-05-27,C,2.85,2015-03-31
1151,2015-04-08 14:12:00,2015-04-08,0.1812,0.0,0.0,804.0,0.1812,0.1812,0.1812,10000120,2015-05-27,2015-05-27,C,2.85,2015-03-31
1152,2015-04-08 14:13:00,2015-04-08,0.1812,0.0,0.0,804.0,0.1812,0.1812,0.1812,10000120,2015-05-27,2015-05-27,C,2.85,2015-03-31
1153,2015-04-08 14:14:00,2015-04-08,0.1812,0.0,0.0,804.0,0.1812,0.1812,0.1812,10000120,2015-05-27,2015-05-27,C,2.85,2015-03-31
1154,2015-04-08 14:15:00,2015-04-08,0.1812,0.0,0.0,804.0,0.1812,0.1812,0.1812,10000120,2015-05-27,2015-05-27,C,2.85,2015-03-31
1155,2015-04-08 14:16:00,2015-04-08,0.1812,0.0,0.0,804.0,0.1812,0.1812,0.1812,10000120,2015-05-27,2015-05-27,C,2.85,2015-03-31
1156,2015-04-08 14:17:00,2015-04-08,0.172,3440.0,2.0,804.0,0.172,0.172,0.172,10000120,2015-05-27,2015-05-27,C,2.85,2015-03-31
1157,2015-04-08 14:18:00,2015-04-08,0.172,0.0,0.0,804.0,0.172,0.172,0.172,10000120,2015-05-27,2015-05-27,C,2.85,2015-03-31
1158,2015-04-08 14:19:00,2015-04-08,0.172,0.0,0.0,804.0,0.172,0.172,0.172,10000120,2015-05-27,2015-05-27,C,2.85,2015-03-31
1159,2015-04-08 14:20:00,2015-04-08,0.1737,17370.0,10.0,814.0,0.1737,0.1737,0.1737,10000120,2015-05-27,2015-05-27,C,2.85,2015-03-31
1160,2015-04-08 14:21:00,2015-04-08,0.1737,0.0,0.0,814.0,0.1737,0.1737,0.1737,10000120,2015-05-27,2015-05-27,C,2.85,2015-03-31
1161,2015-04-08 14:22:00,2015-04-08,0.1737,0.0,0.0,814.0,0.1737,0.1737,0.1737,10000120,2015-05-27,2015-05-27,C,2.85,2015-03-31
1162,2015-04-08 14:23:00,2015-04-08,0.1737,0.0,0.0,814.0,0.1737,0.1737,0.1737,10000120,2015-05-27,2015-05-27,C,2.85,2015-03-31
1163,2015-04-08 14:24:00,2015-04-08,0.1737,0.0,0.0,814.0,0.1737,0.1737,0.1737,10000120,2015-05-27,2015-05-27,C,2.85,2015-03-31
1164,2015-04-08 14:25:00,2015-04-08,0.1737,0.0,0.0,814.0,0.1737,0.1737,0.1737,10000120,2015-05-27,2015-05-27,C,2.85,2015-03-31
1165,2015-04-08 14:26:00,2015-04-08,0.16699999999999998,8350.0,5.0,819.0,0.16699999999999998,0.16699999999999998,0.16699999999999998,10000120,2015-05-27,2015-05-27,C,2.85,2015-03-31
1166,2015-04-08 14:27:00,2015-04-08,0.16699999999999998,0.0,0.0,819.0,0.16699999999999998,0.16699999999999998,0.16699999999999998,10000120,2015-05-27,2015-05-27,C,2.85,2015-03-31
1167,2015-04-08 14:28:00,2015-04-08,0.159,12720.0,8.0,816.0,0.159,0.159,0.159,10000120,2015-05-27,2015-05-27,C,2.85,2015-03-31
1168,2015-04-08 14:29:00,2015-04-08,0.159,0.0,0.0,816.0,0.159,0.159,0.159,10000120,2015-05-27,2015-05-27,C,2.85,2015-03-31
1169,2015-04-08 14:30:00,2015-04-08,0.159,0.0,0.0,816.0,0.159,0.159,0.159,10000120,2015-05-27,2015-05-27,C,2.85,2015-03-31
1170,2015-04-08 14:31:00,2015-04-08,0.159,0.0,0.0,816.0,0.159,0.159,0.159,10000120,2015-05-27,2015-05-27,C,2.85,2015-03-31
1171,2015-04-08 14:32:00,2015-04-08,0.159,0.0,0.0,816.0,0.159,0.159,0.159,10000120,2015-05-27,2015-05-27,C,2.85,2015-03-31
1172,2015-04-08 14:33:00,2015-04-08,0.159,0.0,0.0,816.0,0.159,0.159,0.159,10000120,2015-05-27,2015-05-27,C,2.85,2015-03-31
1173,2015-04-08 14:34:00,2015-04-08,0.159,0.0,0.0,816.0,0.159,0.159,0.159,10000120,2015-05-27,2015-05-27,C,2.85,2015-03-31
1174,2015-04-08 14:35:00,2015-04-08,0.159,0.0,0.0,816.0,0.159,0.159,0.159,10000120,2015-05-27,2015-05-27,C,2.85,2015-03-31
1175,2015-04-08 14:36:00,2015-04-08,0.159,0.0,0.0,816.0,0.159,0.159,0.159,10000120,2015-05-27,2015-05-27,C,2.85,2015-03-31
1176,2015-04-08 14:37:00,2015-04-08,0.159,0.0,0.0,816.0,0.159,0.159,0.159,10000120,2015-05-27,2015-05-27,C,2.85,2015-03-31
1177,2015-04-08 14:38:00,2015-04-08,0.159,0.0,0.0,816.0,0.159,0.159,0.159,10000120,2015-05-27,2015-05-27,C,2.85,2015-03-31
1178,2015-04-08 14:39:00,2015-04-08,0.159,0.0,0.0,816.0,0.159,0.159,0.159,10000120,2015-05-27,2015-05-27,C,2.85,2015-03-31
1179,2015-04-08 14:40:00,2015-04-08,0.159,0.0,0.0,816.0,0.159,0.159,0.159,10000120,2015-05-27,2015-05-27,C,2.85,2015-03-31
1180,2015-04-08 14:41:00,2015-04-08,0.159,0.0,0.0,816.0,0.159,0.159,0.159,10000120,2015-05-27,2015-05-27,C,2.85,2015-03-31
1181,2015-04-08 14:42:00,2015-04-08,0.159,0.0,0.0,816.0,0.159,0.159,0.159,10000120,2015-05-27,2015-05-27,C,2.85,2015-03-31
1182,2015-04-08 14:43:00,2015-04-08,0.159,0.0,0.0,816.0,0.159,0.159,0.159,10000120,2015-05-27,2015-05-27,C,2.85,2015-03-31
1183,2015-04-08 14:44:00,2015-04-08,0.159,0.0,0.0,816.0,0.159,0.159,0.159,10000120,2015-05-27,2015-05-27,C,2.85,2015-03-31
1184,2015-04-08 14:45:00,2015-04-08,0.177,17700.0,10.0,816.0,0.177,0.177,0.177,10000120,2015-05-27,2015-05-27,C,2.85,2015-03-31
1185,2015-04-08 14:46:00,2015-04-08,0.177,0.0,0.0,816.0,0.177,0.177,0.177,10000120,2015-05-27,2015-05-27,C,2.85,2015-03-31
1186,2015-04-08 14:47:00,2015-04-08,0.177,0.0,0.0,816.0,0.177,0.177,0.177,10000120,2015-05-27,2015-05-27,C,2.85,2015-03-31
1187,2015-04-08 14:48:00,2015-04-08,0.177,0.0,0.0,816.0,0.177,0.177,0.177,10000120,2015-05-27,2015-05-27,C,2.85,2015-03-31
1188,2015-04-08 14:49:00,2015-04-08,0.177,0.0,0.0,816.0,0.177,0.177,0.177,10000120,2015-05-27,2015-05-27,C,2.85,2015-03-31
1189,2015-04-08 14:50:00,2015-04-08,0.177,0.0,0.0,816.0,0.177,0.177,0.177,10000120,2015-05-27,2015-05-27,C,2.85,2015-03-31
1190,2015-04-08 14:51:00,2015-04-08,0.177,0.0,0.0,816.0,0.177,0.177,0.177,10000120,2015-05-27,2015-05-27,C,2.85,2015-03-31
1191,2015-04-08 14:52:00,2015-04-08,0.177,0.0,0.0,816.0,0.177,0.177,0.177,10000120,2015-05-27,2015-05-27,C,2.85,2015-03-31
1192,2015-04-08 14:53:00,2015-04-08,0.177,0.0,0.0,816.0,0.177,0.177,0.177,10000120,2015-05-27,2015-05-27,C,2.85,2015-03-31
1193,2015-04-08 14:54:00,2015-04-08,0.177,0.0,0.0,816.0,0.177,0.177,0.177,10000120,2015-05-27,2015-05-27,C,2.85,2015-03-31
1194,2015-04-08 14:55:00,2015-04-08,0.177,0.0,0.0,816.0,0.177,0.177,0.177,10000120,2015-05-27,2015-05-27,C,2.85,2015-03-31
1195,2015-04-08 14:56:00,2015-04-08,0.177,0.0,0.0,816.0,0.177,0.177,0.177,10000120,2015-05-27,2015-05-27,C,2.85,2015-03-31
1196,2015-04-08 14:57:00,2015-04-08,0.177,0.0,0.0,816.0,0.177,0.177,0.177,10000120,2015-05-27,2015-05-27,C,2.85,2015-03-31
1197,2015-04-08 14:58:00,2015-04-08,0.177,0.0,0.0,816.0,0.177,0.177,0.177,10000120,2015-05-27,2015-05-27,C,2.85,2015-03-31
1198,2015-04-08 14:59:00,2015-04-08,0.177,0.0,0.0,816.0,0.177,0.177,0.177,10000120,2015-05-27,2015-05-27,C,2.85,2015-03-31
1199,2015-04-08 15:00:00,2015-04-08,0.1731,1731.0,1.0,811.0,0.1731,0.1731,0.1731,10000120,2015-05-27,2015-05-27,C,2.85,2015-03-31
1200,2015-04-08 09:31:00,2015-04-08,0.1383,13830.0,10.0,10.0,0.1383,0.1383,0.1383,10000138,2015-06-24,2015-06-24,P,2.95,2015-04-08
1201,2015-04-08 09:32:00,2015-04-08,0.2188,10940.0,5.0,10.0,0.2188,0.2188,0.2188,10000138,2015-06-24,2015-06-24,P,2.95,2015-04-08
1202,2015-04-08 09:33:00,2015-04-08,0.2188,0.0,0.0,10.0,0.2188,0.2188,0.2188,10000138,2015-06-24,2015-06-24,P,2.95,2015-04-08
1203,2015-04-08 09:34:00,2015-04-08,0.2188,0.0,0.0,10.0,0.2188,0.2188,0.2188,10000138,2015-06-24,2015-06-24,P,2.95,2015-04-08
1204,2015-04-08 09:35:00,2015-04-08,0.2188,0.0,0.0,10.0,0.2188,0.2188,0.2188,10000138,2015-06-24,2015-06-24,P,2.95,2015-04-08
1205,2015-04-08 09:36:00,2015-04-08,0.2188,0.0,0.0,10.0,0.2188,0.2188,0.2188,10000138,2015-06-24,2015-06-24,P,2.95,2015-04-08
1206,2015-04-08 09:37:00,2015-04-08,0.2188,0.0,0.0,10.0,0.2188,0.2188,0.2188,10000138,2015-06-24,2015-06-24,P,2.95,2015-04-08
1207,2015-04-08 09:38:00,2015-04-08,0.2188,0.0,0.0,10.0,0.2188,0.2188,0.2188,10000138,2015-06-24,2015-06-24,P,2.95,2015-04-08
1208,2015-04-08 09:39:00,2015-04-08,0.2188,0.0,0.0,10.0,0.2188,0.2188,0.2188,10000138,2015-06-24,2015-06-24,P,2.95,2015-04-08
1209,2015-04-08 09:40:00,2015-04-08,0.2188,0.0,0.0,10.0,0.2188,0.2188,0.2188,10000138,2015-06-24,2015-06-24,P,2.95,2015-04-08
1210,2015-04-08 09:41:00,2015-04-08,0.2188,0.0,0.0,10.0,0.2188,0.2188,0.2188,10000138,2015-06-24,2015-06-24,P,2.95,2015-04-08
1211,2015-04-08 09:42:00,2015-04-08,0.2188,0.0,0.0,10.0,0.2188,0.2188,0.2188,10000138,2015-06-24,2015-06-24,P,2.95,2015-04-08
1212,2015-04-08 09:43:00,2015-04-08,0.2188,0.0,0.0,10.0,0.2188,0.2188,0.2188,10000138,2015-06-24,2015-06-24,P,2.95,2015-04-08
1213,2015-04-08 09:44:00,2015-04-08,0.2188,0.0,0.0,10.0,0.2188,0.2188,0.2188,10000138,2015-06-24,2015-06-24,P,2.95,2015-04-08
1214,2015-04-08 09:45:00,2015-04-08,0.2188,0.0,0.0,10.0,0.2188,0.2188,0.2188,10000138,2015-06-24,2015-06-24,P,2.95,2015-04-08
1215,2015-04-08 09:46:00,2015-04-08,0.2188,0.0,0.0,10.0,0.2188,0.2188,0.2188,10000138,2015-06-24,2015-06-24,P,2.95,2015-04-08
1216,2015-04-08 09:47:00,2015-04-08,0.2188,0.0,0.0,10.0,0.2188,0.2188,0.2188,10000138,2015-06-24,2015-06-24,P,2.95,2015-04-08
1217,2015-04-08 09:48:00,2015-04-08,0.2188,0.0,0.0,10.0,0.2188,0.2188,0.2188,10000138,2015-06-24,2015-06-24,P,2.95,2015-04-08
1218,2015-04-08 09:49:00,2015-04-08,0.2188,0.0,0.0,10.0,0.2188,0.2188,0.2188,10000138,2015-06-24,2015-06-24,P,2.95,2015-04-08
1219,2015-04-08 09:50:00,2015-04-08,0.2188,0.0,0.0,10.0,0.2188,0.2188,0.2188,10000138,2015-06-24,2015-06-24,P,2.95,2015-04-08
1220,2015-04-08 09:51:00,2015-04-08,0.2188,0.0,0.0,10.0,0.2188,0.2188,0.2188,10000138,2015-06-24,2015-06-24,P,2.95,2015-04-08
1221,2015-04-08 09:52:00,2015-04-08,0.2188,0.0,0.0,10.0,0.2188,0.2188,0.2188,10000138,2015-06-24,2015-06-24,P,2.95,2015-04-08
1222,2015-04-08 09:53:00,2015-04-08,0.2188,0.0,0.0,10.0,0.2188,0.2188,0.2188,10000138,2015-06-24,2015-06-24,P,2.95,2015-04-08
1223,2015-04-08 09:54:00,2015-04-08,0.2188,0.0,0.0,10.0,0.2188,0.2188,0.2188,10000138,2015-06-24,2015-06-24,P,2.95,2015-04-08
1224,2015-04-08 09:55:00,2015-04-08,0.2188,0.0,0.0,10.0,0.2188,0.2188,0.2188,10000138,2015-06-24,2015-06-24,P,2.95,2015-04-08
1225,2015-04-08 09:56:00,2015-04-08,0.2188,0.0,0.0,10.0,0.2188,0.2188,0.2188,10000138,2015-06-24,2015-06-24,P,2.95,2015-04-08
1226,2015-04-08 09:57:00,2015-04-08,0.2201,11005.0,5.0,15.0,0.2201,0.2201,0.2201,10000138,2015-06-24,2015-06-24,P,2.95,2015-04-08
1227,2015-04-08 09:58:00,2015-04-08,0.2201,0.0,0.0,15.0,0.2201,0.2201,0.2201,10000138,2015-06-24,2015-06-24,P,2.95,2015-04-08
1228,2015-04-08 09:59:00,2015-04-08,0.2201,0.0,0.0,15.0,0.2201,0.2201,0.2201,10000138,2015-06-24,2015-06-24,P,2.95,2015-04-08
1229,2015-04-08 10:00:00,2015-04-08,0.2201,0.0,0.0,15.0,0.2201,0.2201,0.2201,10000138,2015-06-24,2015-06-24,P,2.95,2015-04-08
1230,2015-04-08 10:01:00,2015-04-08,0.2201,0.0,0.0,15.0,0.2201,0.2201,0.2201,10000138,2015-06-24,2015-06-24,P,2.95,2015-04-08
1231,2015-04-08 10:02:00,2015-04-08,0.2201,0.0,0.0,15.0,0.2201,0.2201,0.2201,10000138,2015-06-24,2015-06-24,P,2.95,2015-04-08
1232,2015-04-08 10:03:00,2015-04-08,0.2201,0.0,0.0,15.0,0.2201,0.2201,0.2201,10000138,2015-06-24,2015-06-24,P,2.95,2015-04-08
1233,2015-04-08 10:04:00,2015-04-08,0.2201,0.0,0.0,15.0,0.2201,0.2201,0.2201,10000138,2015-06-24,2015-06-24,P,2.95,2015-04-08
1234,2015-04-08 10:05:00,2015-04-08,0.2201,0.0,0.0,15.0,0.2201,0.2201,0.2201,10000138,2015-06-24,2015-06-24,P,2.95,2015-04-08
1235,2015-04-08 10:06:00,2015-04-08,0.2201,0.0,0.0,15.0,0.2201,0.2201,0.2201,10000138,2015-06-24,2015-06-24,P,2.95,2015-04-08
1236,2015-04-08 10:07:00,2015-04-08,0.2201,0.0,0.0,15.0,0.2201,0.2201,0.2201,10000138,2015-06-24,2015-06-24,P,2.95,2015-04-08
1237,2015-04-08 10:08:00,2015-04-08,0.2201,0.0,0.0,15.0,0.2201,0.2201,0.2201,10000138,2015-06-24,2015-06-24,P,2.95,2015-04-08
1238,2015-04-08 10:09:00,2015-04-08,0.2201,0.0,0.0,15.0,0.2201,0.2201,0.2201,10000138,2015-06-24,2015-06-24,P,2.95,2015-04-08
1239,2015-04-08 10:10:00,2015-04-08,0.2201,0.0,0.0,15.0,0.2201,0.2201,0.2201,10000138,2015-06-24,2015-06-24,P,2.95,2015-04-08
1240,2015-04-08 10:11:00,2015-04-08,0.2201,0.0,0.0,15.0,0.2201,0.2201,0.2201,10000138,2015-06-24,2015-06-24,P,2.95,2015-04-08
1241,2015-04-08 10:12:00,2015-04-08,0.2201,0.0,0.0,15.0,0.2201,0.2201,0.2201,10000138,2015-06-24,2015-06-24,P,2.95,2015-04-08
1242,2015-04-08 10:13:00,2015-04-08,0.2201,0.0,0.0,15.0,0.2201,0.2201,0.2201,10000138,2015-06-24,2015-06-24,P,2.95,2015-04-08
1243,2015-04-08 10:14:00,2015-04-08,0.2201,0.0,0.0,15.0,0.2201,0.2201,0.2201,10000138,2015-06-24,2015-06-24,P,2.95,2015-04-08
1244,2015-04-08 10:15:00,2015-04-08,0.2201,0.0,0.0,15.0,0.2201,0.2201,0.2201,10000138,2015-06-24,2015-06-24,P,2.95,2015-04-08
1245,2015-04-08 10:16:00,2015-04-08,0.2201,0.0,0.0,15.0,0.2201,0.2201,0.2201,10000138,2015-06-24,2015-06-24,P,2.95,2015-04-08
1246,2015-04-08 10:17:00,2015-04-08,0.2201,0.0,0.0,15.0,0.2201,0.2201,0.2201,10000138,2015-06-24,2015-06-24,P,2.95,2015-04-08
1247,2015-04-08 10:18:00,2015-04-08,0.2201,0.0,0.0,15.0,0.2201,0.2201,0.2201,10000138,2015-06-24,2015-06-24,P,2.95,2015-04-08
1248,2015-04-08 10:19:00,2015-04-08,0.2201,0.0,0.0,15.0,0.2201,0.2201,0.2201,10000138,2015-06-24,2015-06-24,P,2.95,2015-04-08
1249,2015-04-08 10:20:00,2015-04-08,0.2201,0.0,0.0,15.0,0.2201,0.2201,0.2201,10000138,2015-06-24,2015-06-24,P,2.95,2015-04-08
1250,2015-04-08 10:21:00,2015-04-08,0.2201,0.0,0.0,15.0,0.2201,0.2201,0.2201,10000138,2015-06-24,2015-06-24,P,2.95,2015-04-08
1251,2015-04-08 10:22:00,2015-04-08,0.2201,0.0,0.0,15.0,0.2201,0.2201,0.2201,10000138,2015-06-24,2015-06-24,P,2.95,2015-04-08
1252,2015-04-08 10:23:00,2015-04-08,0.2201,0.0,0.0,15.0,0.2201,0.2201,0.2201,10000138,2015-06-24,2015-06-24,P,2.95,2015-04-08
1253,2015-04-08 10:24:00,2015-04-08,0.2201,0.0,0.0,15.0,0.2201,0.2201,0.2201,10000138,2015-06-24,2015-06-24,P,2.95,2015-04-08
1254,2015-04-08 10:25:00,2015-04-08,0.2201,0.0,0.0,15.0,0.2201,0.2201,0.2201,10000138,2015-06-24,2015-06-24,P,2.95,2015-04-08
1255,2015-04-08 10:26:00,2015-04-08,0.2201,0.0,0.0,15.0,0.2201,0.2201,0.2201,10000138,2015-06-24,2015-06-24,P,2.95,2015-04-08
1256,2015-04-08 10:27:00,2015-04-08,0.2201,0.0,0.0,15.0,0.2201,0.2201,0.2201,10000138,2015-06-24,2015-06-24,P,2.95,2015-04-08
1257,2015-04-08 10:28:00,2015-04-08,0.2201,0.0,0.0,15.0,0.2201,0.2201,0.2201,10000138,2015-06-24,2015-06-24,P,2.95,2015-04-08
1258,2015-04-08 10:29:00,2015-04-08,0.2201,0.0,0.0,15.0,0.2201,0.2201,0.2201,10000138,2015-06-24,2015-06-24,P,2.95,2015-04-08
1259,2015-04-08 10:30:00,2015-04-08,0.2201,0.0,0.0,15.0,0.2201,0.2201,0.2201,10000138,2015-06-24,2015-06-24,P,2.95,2015-04-08
1260,2015-04-08 10:31:00,2015-04-08,0.2201,0.0,0.0,15.0,0.2201,0.2201,0.2201,10000138,2015-06-24,2015-06-24,P,2.95,2015-04-08
1261,2015-04-08 10:32:00,2015-04-08,0.2201,0.0,0.0,15.0,0.2201,0.2201,0.2201,10000138,2015-06-24,2015-06-24,P,2.95,2015-04-08
1262,2015-04-08 10:33:00,2015-04-08,0.2201,0.0,0.0,15.0,0.2201,0.2201,0.2201,10000138,2015-06-24,2015-06-24,P,2.95,2015-04-08
1263,2015-04-08 10:34:00,2015-04-08,0.2201,0.0,0.0,15.0,0.2201,0.2201,0.2201,10000138,2015-06-24,2015-06-24,P,2.95,2015-04-08
1264,2015-04-08 10:35:00,2015-04-08,0.2201,0.0,0.0,15.0,0.2201,0.2201,0.2201,10000138,2015-06-24,2015-06-24,P,2.95,2015-04-08
1265,2015-04-08 10:36:00,2015-04-08,0.2201,0.0,0.0,15.0,0.2201,0.2201,0.2201,10000138,2015-06-24,2015-06-24,P,2.95,2015-04-08
1266,2015-04-08 10:37:00,2015-04-08,0.2201,0.0,0.0,15.0,0.2201,0.2201,0.2201,10000138,2015-06-24,2015-06-24,P,2.95,2015-04-08
1267,2015-04-08 10:38:00,2015-04-08,0.2201,0.0,0.0,15.0,0.2201,0.2201,0.2201,10000138,2015-06-24,2015-06-24,P,2.95,2015-04-08
1268,2015-04-08 10:39:00,2015-04-08,0.2201,0.0,0.0,15.0,0.2201,0.2201,0.2201,10000138,2015-06-24,2015-06-24,P,2.95,2015-04-08
1269,2015-04-08 10:40:00,2015-04-08,0.2201,0.0,0.0,15.0,0.2201,0.2201,0.2201,10000138,2015-06-24,2015-06-24,P,2.95,2015-04-08
1270,2015-04-08 10:41:00,2015-04-08,0.2201,0.0,0.0,15.0,0.2201,0.2201,0.2201,10000138,2015-06-24,2015-06-24,P,2.95,2015-04-08
1271,2015-04-08 10:42:00,2015-04-08,0.2201,0.0,0.0,15.0,0.2201,0.2201,0.2201,10000138,2015-06-24,2015-06-24,P,2.95,2015-04-08
1272,2015-04-08 10:43:00,2015-04-08,0.2201,0.0,0.0,15.0,0.2201,0.2201,0.2201,10000138,2015-06-24,2015-06-24,P,2.95,2015-04-08
1273,2015-04-08 10:44:00,2015-04-08,0.2201,0.0,0.0,15.0,0.2201,0.2201,0.2201,10000138,2015-06-24,2015-06-24,P,2.95,2015-04-08
1274,2015-04-08 10:45:00,2015-04-08,0.2201,0.0,0.0,15.0,0.2201,0.2201,0.2201,10000138,2015-06-24,2015-06-24,P,2.95,2015-04-08
1275,2015-04-08 10:46:00,2015-04-08,0.2201,0.0,0.0,15.0,0.2201,0.2201,0.2201,10000138,2015-06-24,2015-06-24,P,2.95,2015-04-08
1276,2015-04-08 10:47:00,2015-04-08,0.2201,0.0,0.0,15.0,0.2201,0.2201,0.2201,10000138,2015-06-24,2015-06-24,P,2.95,2015-04-08
1277,2015-04-08 10:48:00,2015-04-08,0.2201,0.0,0.0,15.0,0.2201,0.2201,0.2201,10000138,2015-06-24,2015-06-24,P,2.95,2015-04-08
1278,2015-04-08 10:49:00,2015-04-08,0.2201,0.0,0.0,15.0,0.2201,0.2201,0.2201,10000138,2015-06-24,2015-06-24,P,2.95,2015-04-08
1279,2015-04-08 10:50:00,2015-04-08,0.2201,0.0,0.0,15.0,0.2201,0.2201,0.2201,10000138,2015-06-24,2015-06-24,P,2.95,2015-04-08
1280,2015-04-08 10:51:00,2015-04-08,0.2201,0.0,0.0,15.0,0.2201,0.2201,0.2201,10000138,2015-06-24,2015-06-24,P,2.95,2015-04-08
1281,2015-04-08 10:52:00,2015-04-08,0.2201,0.0,0.0,15.0,0.2201,0.2201,0.2201,10000138,2015-06-24,2015-06-24,P,2.95,2015-04-08
1282,2015-04-08 10:53:00,2015-04-08,0.2201,0.0,0.0,15.0,0.2201,0.2201,0.2201,10000138,2015-06-24,2015-06-24,P,2.95,2015-04-08
1283,2015-04-08 10:54:00,2015-04-08,0.2201,0.0,0.0,15.0,0.2201,0.2201,0.2201,10000138,2015-06-24,2015-06-24,P,2.95,2015-04-08
1284,2015-04-08 10:55:00,2015-04-08,0.2201,0.0,0.0,15.0,0.2201,0.2201,0.2201,10000138,2015-06-24,2015-06-24,P,2.95,2015-04-08
1285,2015-04-08 10:56:00,2015-04-08,0.2201,0.0,0.0,15.0,0.2201,0.2201,0.2201,10000138,2015-06-24,2015-06-24,P,2.95,2015-04-08
1286,2015-04-08 10:57:00,2015-04-08,0.2201,0.0,0.0,15.0,0.2201,0.2201,0.2201,10000138,2015-06-24,2015-06-24,P,2.95,2015-04-08
1287,2015-04-08 10:58:00,2015-04-08,0.2201,0.0,0.0,15.0,0.2201,0.2201,0.2201,10000138,2015-06-24,2015-06-24,P,2.95,2015-04-08
1288,2015-04-08 10:59:00,2015-04-08,0.2201,0.0,0.0,15.0,0.2201,0.2201,0.2201,10000138,2015-06-24,2015-06-24,P,2.95,2015-04-08
1289,2015-04-08 11:00:00,2015-04-08,0.2201,0.0,0.0,15.0,0.2201,0.2201,0.2201,10000138,2015-06-24,2015-06-24,P,2.95,2015-04-08
1290,2015-04-08 11:01:00,2015-04-08,0.2201,0.0,0.0,15.0,0.2201,0.2201,0.2201,10000138,2015-06-24,2015-06-24,P,2.95,2015-04-08
1291,2015-04-08 11:02:00,2015-04-08,0.2201,0.0,0.0,15.0,0.2201,0.2201,0.2201,10000138,2015-06-24,2015-06-24,P,2.95,2015-04-08
1292,2015-04-08 11:03:00,2015-04-08,0.2201,0.0,0.0,15.0,0.2201,0.2201,0.2201,10000138,2015-06-24,2015-06-24,P,2.95,2015-04-08
1293,2015-04-08 11:04:00,2015-04-08,0.2201,0.0,0.0,15.0,0.2201,0.2201,0.2201,10000138,2015-06-24,2015-06-24,P,2.95,2015-04-08
1294,2015-04-08 11:05:00,2015-04-08,0.2201,0.0,0.0,15.0,0.2201,0.2201,0.2201,10000138,2015-06-24,2015-06-24,P,2.95,2015-04-08
1295,2015-04-08 11:06:00,2015-04-08,0.2201,0.0,0.0,15.0,0.2201,0.2201,0.2201,10000138,2015-06-24,2015-06-24,P,2.95,2015-04-08
1296,2015-04-08 11:07:00,2015-04-08,0.2201,0.0,0.0,15.0,0.2201,0.2201,0.2201,10000138,2015-06-24,2015-06-24,P,2.95,2015-04-08
1297,2015-04-08 11:08:00,2015-04-08,0.2201,0.0,0.0,15.0,0.2201,0.2201,0.2201,10000138,2015-06-24,2015-06-24,P,2.95,2015-04-08
1298,2015-04-08 11:09:00,2015-04-08,0.2376,4752.0,2.0,17.0,0.2376,0.2376,0.2376,10000138,2015-06-24,2015-06-24,P,2.95,2015-04-08
1299,2015-04-08 11:10:00,2015-04-08,0.2376,0.0,0.0,17.0,0.2376,0.2376,0.2376,10000138,2015-06-24,2015-06-24,P,2.95,2015-04-08
1300,2015-04-08 11:11:00,2015-04-08,0.2376,0.0,0.0,17.0,0.2376,0.2376,0.2376,10000138,2015-06-24,2015-06-24,P,2.95,2015-04-08
1301,2015-04-08 11:12:00,2015-04-08,0.2376,0.0,0.0,17.0,0.2376,0.2376,0.2376,10000138,2015-06-24,2015-06-24,P,2.95,2015-04-08
1302,2015-04-08 11:13:00,2015-04-08,0.2376,0.0,0.0,17.0,0.2376,0.2376,0.2376,10000138,2015-06-24,2015-06-24,P,2.95,2015-04-08
1303,2015-04-08 11:14:00,2015-04-08,0.2376,0.0,0.0,17.0,0.2376,0.2376,0.2376,10000138,2015-06-24,2015-06-24,P,2.95,2015-04-08
1304,2015-04-08 11:15:00,2015-04-08,0.2376,0.0,0.0,17.0,0.2376,0.2376,0.2376,10000138,2015-06-24,2015-06-24,P,2.95,2015-04-08
1305,2015-04-08 11:16:00,2015-04-08,0.2376,0.0,0.0,17.0,0.2376,0.2376,0.2376,10000138,2015-06-24,2015-06-24,P,2.95,2015-04-08
1306,2015-04-08 11:17:00,2015-04-08,0.2376,0.0,0.0,17.0,0.2376,0.2376,0.2376,10000138,2015-06-24,2015-06-24,P,2.95,2015-04-08
1307,2015-04-08 11:18:00,2015-04-08,0.2376,0.0,0.0,17.0,0.2376,0.2376,0.2376,10000138,2015-06-24,2015-06-24,P,2.95,2015-04-08
1308,2015-04-08 11:19:00,2015-04-08,0.2376,0.0,0.0,17.0,0.2376,0.2376,0.2376,10000138,2015-06-24,2015-06-24,P,2.95,2015-04-08
1309,2015-04-08 11:20:00,2015-04-08,0.2376,0.0,0.0,17.0,0.2376,0.2376,0.2376,10000138,2015-06-24,2015-06-24,P,2.95,2015-04-08
1310,2015-04-08 11:21:00,2015-04-08,0.2376,0.0,0.0,17.0,0.2376,0.2376,0.2376,10000138,2015-06-24,2015-06-24,P,2.95,2015-04-08
1311,2015-04-08 11:22:00,2015-04-08,0.2376,0.0,0.0,17.0,0.2376,0.2376,0.2376,10000138,2015-06-24,2015-06-24,P,2.95,2015-04-08
1312,2015-04-08 11:23:00,2015-04-08,0.2376,0.0,0.0,17.0,0.2376,0.2376,0.2376,10000138,2015-06-24,2015-06-24,P,2.95,2015-04-08
1313,2015-04-08 11:24:00,2015-04-08,0.2376,0.0,0.0,17.0,0.2376,0.2376,0.2376,10000138,2015-06-24,2015-06-24,P,2.95,2015-04-08
1314,2015-04-08 11:25:00,2015-04-08,0.2376,0.0,0.0,17.0,0.2376,0.2376,0.2376,10000138,2015-06-24,2015-06-24,P,2.95,2015-04-08
1315,2015-04-08 11:26:00,2015-04-08,0.2376,0.0,0.0,17.0,0.2376,0.2376,0.2376,10000138,2015-06-24,2015-06-24,P,2.95,2015-04-08
1316,2015-04-08 11:27:00,2015-04-08,0.2376,0.0,0.0,17.0,0.2376,0.2376,0.2376,10000138,2015-06-24,2015-06-24,P,2.95,2015-04-08
1317,2015-04-08 11:28:00,2015-04-08,0.2376,0.0,0.0,17.0,0.2376,0.2376,0.2376,10000138,2015-06-24,2015-06-24,P,2.95,2015-04-08
1318,2015-04-08 11:29:00,2015-04-08,0.2376,0.0,0.0,17.0,0.2376,0.2376,0.2376,10000138,2015-06-24,2015-06-24,P,2.95,2015-04-08
1319,2015-04-08 11:30:00,2015-04-08,0.22,11000.0,5.0,17.0,0.22,0.22,0.22,10000138,2015-06-24,2015-06-24,P,2.95,2015-04-08
1320,2015-04-08 13:01:00,2015-04-08,0.21,2100.0,1.0,17.0,0.21,0.21,0.21,10000138,2015-06-24,2015-06-24,P,2.95,2015-04-08
1321,2015-04-08 13:02:00,2015-04-08,0.21,0.0,0.0,17.0,0.21,0.21,0.21,10000138,2015-06-24,2015-06-24,P,2.95,2015-04-08
1322,2015-04-08 13:03:00,2015-04-08,0.21,0.0,0.0,17.0,0.21,0.21,0.21,10000138,2015-06-24,2015-06-24,P,2.95,2015-04-08
1323,2015-04-08 13:04:00,2015-04-08,0.21,0.0,0.0,17.0,0.21,0.21,0.21,10000138,2015-06-24,2015-06-24,P,2.95,2015-04-08
1324,2015-04-08 13:05:00,2015-04-08,0.21,0.0,0.0,17.0,0.21,0.21,0.21,10000138,2015-06-24,2015-06-24,P,2.95,2015-04-08
1325,2015-04-08 13:06:00,2015-04-08,0.21,0.0,0.0,17.0,0.21,0.21,0.21,10000138,2015-06-24,2015-06-24,P,2.95,2015-04-08
1326,2015-04-08 13:07:00,2015-04-08,0.2163,2163.0,1.0,17.0,0.2163,0.2163,0.2163,10000138,2015-06-24,2015-06-24,P,2.95,2015-04-08
1327,2015-04-08 13:08:00,2015-04-08,0.2163,0.0,0.0,17.0,0.2163,0.2163,0.2163,10000138,2015-06-24,2015-06-24,P,2.95,2015-04-08
1328,2015-04-08 13:09:00,2015-04-08,0.2163,2163.0,1.0,17.0,0.2163,0.2163,0.2163,10000138,2015-06-24,2015-06-24,P,2.95,2015-04-08
1329,2015-04-08 13:10:00,2015-04-08,0.2163,0.0,0.0,17.0,0.2163,0.2163,0.2163,10000138,2015-06-24,2015-06-24,P,2.95,2015-04-08
1330,2015-04-08 13:11:00,2015-04-08,0.2163,0.0,0.0,17.0,0.2163,0.2163,0.2163,10000138,2015-06-24,2015-06-24,P,2.95,2015-04-08
1331,2015-04-08 13:12:00,2015-04-08,0.2163,0.0,0.0,17.0,0.2163,0.2163,0.2163,10000138,2015-06-24,2015-06-24,P,2.95,2015-04-08
1332,2015-04-08 13:13:00,2015-04-08,0.2163,0.0,0.0,17.0,0.2163,0.2163,0.2163,10000138,2015-06-24,2015-06-24,P,2.95,2015-04-08
1333,2015-04-08 13:14:00,2015-04-08,0.2163,0.0,0.0,17.0,0.2163,0.2163,0.2163,10000138,2015-06-24,2015-06-24,P,2.95,2015-04-08
1334,2015-04-08 13:15:00,2015-04-08,0.2163,0.0,0.0,17.0,0.2163,0.2163,0.2163,10000138,2015-06-24,2015-06-24,P,2.95,2015-04-08
1335,2015-04-08 13:16:00,2015-04-08,0.2163,0.0,0.0,17.0,0.2163,0.2163,0.2163,10000138,2015-06-24,2015-06-24,P,2.95,2015-04-08
1336,2015-04-08 13:17:00,2015-04-08,0.2163,0.0,0.0,17.0,0.2163,0.2163,0.2163,10000138,2015-06-24,2015-06-24,P,2.95,2015-04-08
1337,2015-04-08 13:18:00,2015-04-08,0.21,31365.0,15.0,26.0,0.21,0.2073,0.2073,10000138,2015-06-24,2015-06-24,P,2.95,2015-04-08
1338,2015-04-08 13:19:00,2015-04-08,0.2073,0.0,0.0,26.0,0.2073,0.2073,0.2073,10000138,2015-06-24,2015-06-24,P,2.95,2015-04-08
1339,2015-04-08 13:20:00,2015-04-08,0.2073,0.0,0.0,26.0,0.2073,0.2073,0.2073,10000138,2015-06-24,2015-06-24,P,2.95,2015-04-08
1340,2015-04-08 13:21:00,2015-04-08,0.2073,0.0,0.0,26.0,0.2073,0.2073,0.2073,10000138,2015-06-24,2015-06-24,P,2.95,2015-04-08
1341,2015-04-08 13:22:00,2015-04-08,0.2073,0.0,0.0,26.0,0.2073,0.2073,0.2073,10000138,2015-06-24,2015-06-24,P,2.95,2015-04-08
1342,2015-04-08 13:23:00,2015-04-08,0.2073,0.0,0.0,26.0,0.2073,0.2073,0.2073,10000138,2015-06-24,2015-06-24,P,2.95,2015-04-08
1343,2015-04-08 13:24:00,2015-04-08,0.2073,0.0,0.0,26.0,0.2073,0.2073,0.2073,10000138,2015-06-24,2015-06-24,P,2.95,2015-04-08
1344,2015-04-08 13:25:00,2015-04-08,0.2073,0.0,0.0,26.0,0.2073,0.2073,0.2073,10000138,2015-06-24,2015-06-24,P,2.95,2015-04-08
1345,2015-04-08 13:26:00,2015-04-08,0.2073,0.0,0.0,26.0,0.2073,0.2073,0.2073,10000138,2015-06-24,2015-06-24,P,2.95,2015-04-08
1346,2015-04-08 13:27:00,2015-04-08,0.2073,0.0,0.0,26.0,0.2073,0.2073,0.2073,10000138,2015-06-24,2015-06-24,P,2.95,2015-04-08
1347,2015-04-08 13:28:00,2015-04-08,0.2073,0.0,0.0,26.0,0.2073,0.2073,0.2073,10000138,2015-06-24,2015-06-24,P,2.95,2015-04-08
1348,2015-04-08 13:29:00,2015-04-08,0.2073,0.0,0.0,26.0,0.2073,0.2073,0.2073,10000138,2015-06-24,2015-06-24,P,2.95,2015-04-08
1349,2015-04-08 13:30:00,2015-04-08,0.2073,0.0,0.0,26.0,0.2073,0.2073,0.2073,10000138,2015-06-24,2015-06-24,P,2.95,2015-04-08
1350,2015-04-08 13:31:00,2015-04-08,0.2073,0.0,0.0,26.0,0.2073,0.2073,0.2073,10000138,2015-06-24,2015-06-24,P,2.95,2015-04-08
1351,2015-04-08 13:32:00,2015-04-08,0.2073,0.0,0.0,26.0,0.2073,0.2073,0.2073,10000138,2015-06-24,2015-06-24,P,2.95,2015-04-08
1352,2015-04-08 13:33:00,2015-04-08,0.2073,0.0,0.0,26.0,0.2073,0.2073,0.2073,10000138,2015-06-24,2015-06-24,P,2.95,2015-04-08
1353,2015-04-08 13:34:00,2015-04-08,0.2073,0.0,0.0,26.0,0.2073,0.2073,0.2073,10000138,2015-06-24,2015-06-24,P,2.95,2015-04-08
1354,2015-04-08 13:35:00,2015-04-08,0.2073,0.0,0.0,26.0,0.2073,0.2073,0.2073,10000138,2015-06-24,2015-06-24,P,2.95,2015-04-08
1355,2015-04-08 13:36:00,2015-04-08,0.2073,0.0,0.0,26.0,0.2073,0.2073,0.2073,10000138,2015-06-24,2015-06-24,P,2.95,2015-04-08
1356,2015-04-08 13:37:00,2015-04-08,0.2073,0.0,0.0,26.0,0.2073,0.2073,0.2073,10000138,2015-06-24,2015-06-24,P,2.95,2015-04-08
1357,2015-04-08 13:38:00,2015-04-08,0.2073,0.0,0.0,26.0,0.2073,0.2073,0.2073,10000138,2015-06-24,2015-06-24,P,2.95,2015-04-08
1358,2015-04-08 13:39:00,2015-04-08,0.2073,0.0,0.0,26.0,0.2073,0.2073,0.2073,10000138,2015-06-24,2015-06-24,P,2.95,2015-04-08
1359,2015-04-08 13:40:00,2015-04-08,0.2073,0.0,0.0,26.0,0.2073,0.2073,0.2073,10000138,2015-06-24,2015-06-24,P,2.95,2015-04-08
1360,2015-04-08 13:41:00,2015-04-08,0.2073,0.0,0.0,26.0,0.2073,0.2073,0.2073,10000138,2015-06-24,2015-06-24,P,2.95,2015-04-08
1361,2015-04-08 13:42:00,2015-04-08,0.2073,0.0,0.0,26.0,0.2073,0.2073,0.2073,10000138,2015-06-24,2015-06-24,P,2.95,2015-04-08
1362,2015-04-08 13:43:00,2015-04-08,0.2073,0.0,0.0,26.0,0.2073,0.2073,0.2073,10000138,2015-06-24,2015-06-24,P,2.95,2015-04-08
1363,2015-04-08 13:44:00,2015-04-08,0.2073,0.0,0.0,26.0,0.2073,0.2073,0.2073,10000138,2015-06-24,2015-06-24,P,2.95,2015-04-08
1364,2015-04-08 13:45:00,2015-04-08,0.2073,0.0,0.0,26.0,0.2073,0.2073,0.2073,10000138,2015-06-24,2015-06-24,P,2.95,2015-04-08
1365,2015-04-08 13:46:00,2015-04-08,0.2073,0.0,0.0,26.0,0.2073,0.2073,0.2073,10000138,2015-06-24,2015-06-24,P,2.95,2015-04-08
1366,2015-04-08 13:47:00,2015-04-08,0.2073,0.0,0.0,26.0,0.2073,0.2073,0.2073,10000138,2015-06-24,2015-06-24,P,2.95,2015-04-08
1367,2015-04-08 13:48:00,2015-04-08,0.2073,0.0,0.0,26.0,0.2073,0.2073,0.2073,10000138,2015-06-24,2015-06-24,P,2.95,2015-04-08
1368,2015-04-08 13:49:00,2015-04-08,0.2073,0.0,0.0,26.0,0.2073,0.2073,0.2073,10000138,2015-06-24,2015-06-24,P,2.95,2015-04-08
1369,2015-04-08 13:50:00,2015-04-08,0.2073,0.0,0.0,26.0,0.2073,0.2073,0.2073,10000138,2015-06-24,2015-06-24,P,2.95,2015-04-08
1370,2015-04-08 13:51:00,2015-04-08,0.2073,0.0,0.0,26.0,0.2073,0.2073,0.2073,10000138,2015-06-24,2015-06-24,P,2.95,2015-04-08
1371,2015-04-08 13:52:00,2015-04-08,0.2073,0.0,0.0,26.0,0.2073,0.2073,0.2073,10000138,2015-06-24,2015-06-24,P,2.95,2015-04-08
1372,2015-04-08 13:53:00,2015-04-08,0.2073,0.0,0.0,26.0,0.2073,0.2073,0.2073,10000138,2015-06-24,2015-06-24,P,2.95,2015-04-08
1373,2015-04-08 13:54:00,2015-04-08,0.2073,0.0,0.0,26.0,0.2073,0.2073,0.2073,10000138,2015-06-24,2015-06-24,P,2.95,2015-04-08
1374,2015-04-08 13:55:00,2015-04-08,0.2073,0.0,0.0,26.0,0.2073,0.2073,0.2073,10000138,2015-06-24,2015-06-24,P,2.95,2015-04-08
1375,2015-04-08 13:56:00,2015-04-08,0.2073,0.0,0.0,26.0,0.2073,0.2073,0.2073,10000138,2015-06-24,2015-06-24,P,2.95,2015-04-08
1376,2015-04-08 13:57:00,2015-04-08,0.2073,0.0,0.0,26.0,0.2073,0.2073,0.2073,10000138,2015-06-24,2015-06-24,P,2.95,2015-04-08
1377,2015-04-08 13:58:00,2015-04-08,0.2073,0.0,0.0,26.0,0.2073,0.2073,0.2073,10000138,2015-06-24,2015-06-24,P,2.95,2015-04-08
1378,2015-04-08 13:59:00,2015-04-08,0.2073,0.0,0.0,26.0,0.2073,0.2073,0.2073,10000138,2015-06-24,2015-06-24,P,2.95,2015-04-08
1379,2015-04-08 14:00:00,2015-04-08,0.2098,2098.0,1.0,27.0,0.2098,0.2098,0.2098,10000138,2015-06-24,2015-06-24,P,2.95,2015-04-08
1380,2015-04-08 14:01:00,2015-04-08,0.2098,0.0,0.0,27.0,0.2098,0.2098,0.2098,10000138,2015-06-24,2015-06-24,P,2.95,2015-04-08
1381,2015-04-08 14:02:00,2015-04-08,0.2098,0.0,0.0,27.0,0.2098,0.2098,0.2098,10000138,2015-06-24,2015-06-24,P,2.95,2015-04-08
1382,2015-04-08 14:03:00,2015-04-08,0.2098,0.0,0.0,27.0,0.2098,0.2098,0.2098,10000138,2015-06-24,2015-06-24,P,2.95,2015-04-08
1383,2015-04-08 14:04:00,2015-04-08,0.2098,0.0,0.0,27.0,0.2098,0.2098,0.2098,10000138,2015-06-24,2015-06-24,P,2.95,2015-04-08
1384,2015-04-08 14:05:00,2015-04-08,0.2098,0.0,0.0,27.0,0.2098,0.2098,0.2098,10000138,2015-06-24,2015-06-24,P,2.95,2015-04-08
1385,2015-04-08 14:06:00,2015-04-08,0.2098,0.0,0.0,27.0,0.2098,0.2098,0.2098,10000138,2015-06-24,2015-06-24,P,2.95,2015-04-08
1386,2015-04-08 14:07:00,2015-04-08,0.2098,0.0,0.0,27.0,0.2098,0.2098,0.2098,10000138,2015-06-24,2015-06-24,P,2.95,2015-04-08
1387,2015-04-08 14:08:00,2015-04-08,0.2098,0.0,0.0,27.0,0.2098,0.2098,0.2098,10000138,2015-06-24,2015-06-24,P,2.95,2015-04-08
1388,2015-04-08 14:09:00,2015-04-08,0.2098,0.0,0.0,27.0,0.2098,0.2098,0.2098,10000138,2015-06-24,2015-06-24,P,2.95,2015-04-08
1389,2015-04-08 14:10:00,2015-04-08,0.2098,0.0,0.0,27.0,0.2098,0.2098,0.2098,10000138,2015-06-24,2015-06-24,P,2.95,2015-04-08
1390,2015-04-08 14:11:00,2015-04-08,0.2098,0.0,0.0,27.0,0.2098,0.2098,0.2098,10000138,2015-06-24,2015-06-24,P,2.95,2015-04-08
1391,2015-04-08 14:12:00,2015-04-08,0.2098,0.0,0.0,27.0,0.2098,0.2098,0.2098,10000138,2015-06-24,2015-06-24,P,2.95,2015-04-08
1392,2015-04-08 14:13:00,2015-04-08,0.2098,0.0,0.0,27.0,0.2098,0.2098,0.2098,10000138,2015-06-24,2015-06-24,P,2.95,2015-04-08
1393,2015-04-08 14:14:00,2015-04-08,0.2098,0.0,0.0,27.0,0.2098,0.2098,0.2098,10000138,2015-06-24,2015-06-24,P,2.95,2015-04-08
1394,2015-04-08 14:15:00,2015-04-08,0.2098,0.0,0.0,27.0,0.2098,0.2098,0.2098,10000138,2015-06-24,2015-06-24,P,2.95,2015-04-08
1395,2015-04-08 14:16:00,2015-04-08,0.2098,0.0,0.0,27.0,0.2098,0.2098,0.2098,10000138,2015-06-24,2015-06-24,P,2.95,2015-04-08
1396,2015-04-08 14:17:00,2015-04-08,0.2098,0.0,0.0,27.0,0.2098,0.2098,0.2098,10000138,2015-06-24,2015-06-24,P,2.95,2015-04-08
1397,2015-04-08 14:18:00,2015-04-08,0.2098,0.0,0.0,27.0,0.2098,0.2098,0.2098,10000138,2015-06-24,2015-06-24,P,2.95,2015-04-08
1398,2015-04-08 14:19:00,2015-04-08,0.2098,0.0,0.0,27.0,0.2098,0.2098,0.2098,10000138,2015-06-24,2015-06-24,P,2.95,2015-04-08
1399,2015-04-08 14:20:00,2015-04-08,0.2098,0.0,0.0,27.0,0.2098,0.2098,0.2098,10000138,2015-06-24,2015-06-24,P,2.95,2015-04-08
1400,2015-04-08 14:21:00,2015-04-08,0.2098,0.0,0.0,27.0,0.2098,0.2098,0.2098,10000138,2015-06-24,2015-06-24,P,2.95,2015-04-08
1401,2015-04-08 14:22:00,2015-04-08,0.2098,0.0,0.0,27.0,0.2098,0.2098,0.2098,10000138,2015-06-24,2015-06-24,P,2.95,2015-04-08
1402,2015-04-08 14:23:00,2015-04-08,0.2098,0.0,0.0,27.0,0.2098,0.2098,0.2098,10000138,2015-06-24,2015-06-24,P,2.95,2015-04-08
1403,2015-04-08 14:24:00,2015-04-08,0.2098,0.0,0.0,27.0,0.2098,0.2098,0.2098,10000138,2015-06-24,2015-06-24,P,2.95,2015-04-08
1404,2015-04-08 14:25:00,2015-04-08,0.2098,0.0,0.0,27.0,0.2098,0.2098,0.2098,10000138,2015-06-24,2015-06-24,P,2.95,2015-04-08
1405,2015-04-08 14:26:00,2015-04-08,0.2098,0.0,0.0,27.0,0.2098,0.2098,0.2098,10000138,2015-06-24,2015-06-24,P,2.95,2015-04-08
1406,2015-04-08 14:27:00,2015-04-08,0.2098,0.0,0.0,27.0,0.2098,0.2098,0.2098,10000138,2015-06-24,2015-06-24,P,2.95,2015-04-08
1407,2015-04-08 14:28:00,2015-04-08,0.2098,0.0,0.0,27.0,0.2098,0.2098,0.2098,10000138,2015-06-24,2015-06-24,P,2.95,2015-04-08
1408,2015-04-08 14:29:00,2015-04-08,0.2098,0.0,0.0,27.0,0.2098,0.2098,0.2098,10000138,2015-06-24,2015-06-24,P,2.95,2015-04-08
1409,2015-04-08 14:30:00,2015-04-08,0.2098,0.0,0.0,27.0,0.2098,0.2098,0.2098,10000138,2015-06-24,2015-06-24,P,2.95,2015-04-08
1410,2015-04-08 14:31:00,2015-04-08,0.2098,0.0,0.0,27.0,0.2098,0.2098,0.2098,10000138,2015-06-24,2015-06-24,P,2.95,2015-04-08
1411,2015-04-08 14:32:00,2015-04-08,0.2098,0.0,0.0,27.0,0.2098,0.2098,0.2098,10000138,2015-06-24,2015-06-24,P,2.95,2015-04-08
1412,2015-04-08 14:33:00,2015-04-08,0.2098,0.0,0.0,27.0,0.2098,0.2098,0.2098,10000138,2015-06-24,2015-06-24,P,2.95,2015-04-08
1413,2015-04-08 14:34:00,2015-04-08,0.2098,0.0,0.0,27.0,0.2098,0.2098,0.2098,10000138,2015-06-24,2015-06-24,P,2.95,2015-04-08
1414,2015-04-08 14:35:00,2015-04-08,0.2098,0.0,0.0,27.0,0.2098,0.2098,0.2098,10000138,2015-06-24,2015-06-24,P,2.95,2015-04-08
1415,2015-04-08 14:36:00,2015-04-08,0.2098,0.0,0.0,27.0,0.2098,0.2098,0.2098,10000138,2015-06-24,2015-06-24,P,2.95,2015-04-08
1416,2015-04-08 14:37:00,2015-04-08,0.2098,0.0,0.0,27.0,0.2098,0.2098,0.2098,10000138,2015-06-24,2015-06-24,P,2.95,2015-04-08
1417,2015-04-08 14:38:00,2015-04-08,0.2098,0.0,0.0,27.0,0.2098,0.2098,0.2098,10000138,2015-06-24,2015-06-24,P,2.95,2015-04-08
1418,2015-04-08 14:39:00,2015-04-08,0.2098,0.0,0.0,27.0,0.2098,0.2098,0.2098,10000138,2015-06-24,2015-06-24,P,2.95,2015-04-08
1419,2015-04-08 14:40:00,2015-04-08,0.2098,0.0,0.0,27.0,0.2098,0.2098,0.2098,10000138,2015-06-24,2015-06-24,P,2.95,2015-04-08
1420,2015-04-08 14:41:00,2015-04-08,0.2098,0.0,0.0,27.0,0.2098,0.2098,0.2098,10000138,2015-06-24,2015-06-24,P,2.95,2015-04-08
1421,2015-04-08 14:42:00,2015-04-08,0.2098,0.0,0.0,27.0,0.2098,0.2098,0.2098,10000138,2015-06-24,2015-06-24,P,2.95,2015-04-08
1422,2015-04-08 14:43:00,2015-04-08,0.2098,0.0,0.0,27.0,0.2098,0.2098,0.2098,10000138,2015-06-24,2015-06-24,P,2.95,2015-04-08
1423,2015-04-08 14:44:00,2015-04-08,0.2098,0.0,0.0,27.0,0.2098,0.2098,0.2098,10000138,2015-06-24,2015-06-24,P,2.95,2015-04-08
1424,2015-04-08 14:45:00,2015-04-08,0.2098,0.0,0.0,27.0,0.2098,0.2098,0.2098,10000138,2015-06-24,2015-06-24,P,2.95,2015-04-08
1425,2015-04-08 14:46:00,2015-04-08,0.2098,0.0,0.0,27.0,0.2098,0.2098,0.2098,10000138,2015-06-24,2015-06-24,P,2.95,2015-04-08
1426,2015-04-08 14:47:00,2015-04-08,0.2098,0.0,0.0,27.0,0.2098,0.2098,0.2098,10000138,2015-06-24,2015-06-24,P,2.95,2015-04-08
1427,2015-04-08 14:48:00,2015-04-08,0.2098,0.0,0.0,27.0,0.2098,0.2098,0.2098,10000138,2015-06-24,2015-06-24,P,2.95,2015-04-08
1428,2015-04-08 14:49:00,2015-04-08,0.2098,0.0,0.0,27.0,0.2098,0.2098,0.2098,10000138,2015-06-24,2015-06-24,P,2.95,2015-04-08
1429,2015-04-08 14:50:00,2015-04-08,0.2098,0.0,0.0,27.0,0.2098,0.2098,0.2098,10000138,2015-06-24,2015-06-24,P,2.95,2015-04-08
1430,2015-04-08 14:51:00,2015-04-08,0.2098,0.0,0.0,27.0,0.2098,0.2098,0.2098,10000138,2015-06-24,2015-06-24,P,2.95,2015-04-08
1431,2015-04-08 14:52:00,2015-04-08,0.2098,0.0,0.0,27.0,0.2098,0.2098,0.2098,10000138,2015-06-24,2015-06-24,P,2.95,2015-04-08
1432,2015-04-08 14:53:00,2015-04-08,0.2098,0.0,0.0,27.0,0.2098,0.2098,0.2098,10000138,2015-06-24,2015-06-24,P,2.95,2015-04-08
1433,2015-04-08 14:54:00,2015-04-08,0.2098,0.0,0.0,27.0,0.2098,0.2098,0.2098,10000138,2015-06-24,2015-06-24,P,2.95,2015-04-08
1434,2015-04-08 14:55:00,2015-04-08,0.2098,0.0,0.0,27.0,0.2098,0.2098,0.2098,10000138,2015-06-24,2015-06-24,P,2.95,2015-04-08
1435,2015-04-08 14:56:00,2015-04-08,0.2098,0.0,0.0,27.0,0.2098,0.2098,0.2098,10000138,2015-06-24,2015-06-24,P,2.95,2015-04-08
1436,2015-04-08 14:57:00,2015-04-08,0.2098,0.0,0.0,27.0,0.2098,0.2098,0.2098,10000138,2015-06-24,2015-06-24,P,2.95,2015-04-08
1437,2015-04-08 14:58:00,2015-04-08,0.2098,0.0,0.0,27.0,0.2098,0.2098,0.2098,10000138,2015-06-24,2015-06-24,P,2.95,2015-04-08
1438,2015-04-08 14:59:00,2015-04-08,0.2098,0.0,0.0,27.0,0.2098,0.2098,0.2098,10000138,2015-06-24,2015-06-24,P,2.95,2015-04-08
1439,2015-04-08 15:00:00,2015-04-08,0.2098,0.0,0.0,27.0,0.2098,0.2098,0.2098,10000138,2015-06-24,2015-06-24,P,2.95,2015-04-08
1440,2015-04-08 09:31:00,2015-04-08,0.1678,1678.0,1.0,534.0,0.1678,0.1678,0.1678,10000119,2015-05-27,2015-05-27,C,2.8,2015-03-31
1441,2015-04-08 09:32:00,2015-04-08,0.1761,8805.0,5.0,534.0,0.1761,0.1761,0.1761,10000119,2015-05-27,2015-05-27,C,2.8,2015-03-31
1442,2015-04-08 09:33:00,2015-04-08,0.1747,17470.0,10.0,539.0,0.1747,0.1747,0.1747,10000119,2015-05-27,2015-05-27,C,2.8,2015-03-31
1443,2015-04-08 09:34:00,2015-04-08,0.1747,0.0,0.0,539.0,0.1747,0.1747,0.1747,10000119,2015-05-27,2015-05-27,C,2.8,2015-03-31
1444,2015-04-08 09:35:00,2015-04-08,0.1747,0.0,0.0,539.0,0.1747,0.1747,0.1747,10000119,2015-05-27,2015-05-27,C,2.8,2015-03-31
1445,2015-04-08 09:36:00,2015-04-08,0.1747,0.0,0.0,539.0,0.1747,0.1747,0.1747,10000119,2015-05-27,2015-05-27,C,2.8,2015-03-31
1446,2015-04-08 09:37:00,2015-04-08,0.1565,7825.0,5.0,534.0,0.1565,0.1565,0.1565,10000119,2015-05-27,2015-05-27,C,2.8,2015-03-31
1447,2015-04-08 09:38:00,2015-04-08,0.1565,0.0,0.0,534.0,0.1565,0.1565,0.1565,10000119,2015-05-27,2015-05-27,C,2.8,2015-03-31
1448,2015-04-08 09:39:00,2015-04-08,0.1668,18347.0,11.0,535.0,0.1667,0.1668,0.1667,10000119,2015-05-27,2015-05-27,C,2.8,2015-03-31
1449,2015-04-08 09:40:00,2015-04-08,0.1668,0.0,0.0,535.0,0.1668,0.1668,0.1668,10000119,2015-05-27,2015-05-27,C,2.8,2015-03-31
1450,2015-04-08 09:41:00,2015-04-08,0.1668,0.0,0.0,535.0,0.1668,0.1668,0.1668,10000119,2015-05-27,2015-05-27,C,2.8,2015-03-31
1451,2015-04-08 09:42:00,2015-04-08,0.1697,1697.0,1.0,536.0,0.1697,0.1697,0.1697,10000119,2015-05-27,2015-05-27,C,2.8,2015-03-31
1452,2015-04-08 09:43:00,2015-04-08,0.1697,0.0,0.0,536.0,0.1697,0.1697,0.1697,10000119,2015-05-27,2015-05-27,C,2.8,2015-03-31
1453,2015-04-08 09:44:00,2015-04-08,0.1697,0.0,0.0,536.0,0.1697,0.1697,0.1697,10000119,2015-05-27,2015-05-27,C,2.8,2015-03-31
1454,2015-04-08 09:45:00,2015-04-08,0.1736,32935.0,19.0,545.0,0.1735,0.1736,0.1727,10000119,2015-05-27,2015-05-27,C,2.8,2015-03-31
1455,2015-04-08 09:46:00,2015-04-08,0.1736,0.0,0.0,545.0,0.1736,0.1736,0.1736,10000119,2015-05-27,2015-05-27,C,2.8,2015-03-31
1456,2015-04-08 09:47:00,2015-04-08,0.1736,0.0,0.0,545.0,0.1736,0.1736,0.1736,10000119,2015-05-27,2015-05-27,C,2.8,2015-03-31
1457,2015-04-08 09:48:00,2015-04-08,0.1736,0.0,0.0,545.0,0.1736,0.1736,0.1736,10000119,2015-05-27,2015-05-27,C,2.8,2015-03-31
1458,2015-04-08 09:49:00,2015-04-08,0.1736,0.0,0.0,545.0,0.1736,0.1736,0.1736,10000119,2015-05-27,2015-05-27,C,2.8,2015-03-31
1459,2015-04-08 09:50:00,2015-04-08,0.1736,0.0,0.0,545.0,0.1736,0.1736,0.1736,10000119,2015-05-27,2015-05-27,C,2.8,2015-03-31
1460,2015-04-08 09:51:00,2015-04-08,0.1736,0.0,0.0,545.0,0.1736,0.1736,0.1736,10000119,2015-05-27,2015-05-27,C,2.8,2015-03-31
1461,2015-04-08 09:52:00,2015-04-08,0.1736,0.0,0.0,545.0,0.1736,0.1736,0.1736,10000119,2015-05-27,2015-05-27,C,2.8,2015-03-31
1462,2015-04-08 09:53:00,2015-04-08,0.1736,0.0,0.0,545.0,0.1736,0.1736,0.1736,10000119,2015-05-27,2015-05-27,C,2.8,2015-03-31
1463,2015-04-08 09:54:00,2015-04-08,0.1736,0.0,0.0,545.0,0.1736,0.1736,0.1736,10000119,2015-05-27,2015-05-27,C,2.8,2015-03-31
1464,2015-04-08 09:55:00,2015-04-08,0.1736,0.0,0.0,545.0,0.1736,0.1736,0.1736,10000119,2015-05-27,2015-05-27,C,2.8,2015-03-31
1465,2015-04-08 09:56:00,2015-04-08,0.1736,0.0,0.0,545.0,0.1736,0.1736,0.1736,10000119,2015-05-27,2015-05-27,C,2.8,2015-03-31
1466,2015-04-08 09:57:00,2015-04-08,0.1736,0.0,0.0,545.0,0.1736,0.1736,0.1736,10000119,2015-05-27,2015-05-27,C,2.8,2015-03-31
1467,2015-04-08 09:58:00,2015-04-08,0.18,7200.0,4.0,549.0,0.18,0.18,0.18,10000119,2015-05-27,2015-05-27,C,2.8,2015-03-31
1468,2015-04-08 09:59:00,2015-04-08,0.18,0.0,0.0,549.0,0.18,0.18,0.18,10000119,2015-05-27,2015-05-27,C,2.8,2015-03-31
1469,2015-04-08 10:00:00,2015-04-08,0.18,0.0,0.0,549.0,0.18,0.18,0.18,10000119,2015-05-27,2015-05-27,C,2.8,2015-03-31
1470,2015-04-08 10:01:00,2015-04-08,0.18,0.0,0.0,549.0,0.18,0.18,0.18,10000119,2015-05-27,2015-05-27,C,2.8,2015-03-31
1471,2015-04-08 10:02:00,2015-04-08,0.18,0.0,0.0,549.0,0.18,0.18,0.18,10000119,2015-05-27,2015-05-27,C,2.8,2015-03-31
1472,2015-04-08 10:03:00,2015-04-08,0.18,0.0,0.0,549.0,0.18,0.18,0.18,10000119,2015-05-27,2015-05-27,C,2.8,2015-03-31
1473,2015-04-08 10:04:00,2015-04-08,0.18,0.0,0.0,549.0,0.18,0.18,0.18,10000119,2015-05-27,2015-05-27,C,2.8,2015-03-31
1474,2015-04-08 10:05:00,2015-04-08,0.18,0.0,0.0,549.0,0.18,0.18,0.18,10000119,2015-05-27,2015-05-27,C,2.8,2015-03-31
1475,2015-04-08 10:06:00,2015-04-08,0.18,0.0,0.0,549.0,0.18,0.18,0.18,10000119,2015-05-27,2015-05-27,C,2.8,2015-03-31
1476,2015-04-08 10:07:00,2015-04-08,0.1786,1786.0,1.0,549.0,0.1786,0.1786,0.1786,10000119,2015-05-27,2015-05-27,C,2.8,2015-03-31
1477,2015-04-08 10:08:00,2015-04-08,0.1786,0.0,0.0,549.0,0.1786,0.1786,0.1786,10000119,2015-05-27,2015-05-27,C,2.8,2015-03-31
1478,2015-04-08 10:09:00,2015-04-08,0.1786,10691.0,6.0,549.0,0.1786,0.1781,0.1781,10000119,2015-05-27,2015-05-27,C,2.8,2015-03-31
1479,2015-04-08 10:10:00,2015-04-08,0.1781,0.0,0.0,549.0,0.1781,0.1781,0.1781,10000119,2015-05-27,2015-05-27,C,2.8,2015-03-31
1480,2015-04-08 10:11:00,2015-04-08,0.1773,8865.0,5.0,549.0,0.1773,0.1773,0.1773,10000119,2015-05-27,2015-05-27,C,2.8,2015-03-31
1481,2015-04-08 10:12:00,2015-04-08,0.1773,0.0,0.0,549.0,0.1773,0.1773,0.1773,10000119,2015-05-27,2015-05-27,C,2.8,2015-03-31
1482,2015-04-08 10:13:00,2015-04-08,0.1773,0.0,0.0,549.0,0.1773,0.1773,0.1773,10000119,2015-05-27,2015-05-27,C,2.8,2015-03-31
1483,2015-04-08 10:14:00,2015-04-08,0.172,42965.0,25.0,534.0,0.172,0.1718,0.1718,10000119,2015-05-27,2015-05-27,C,2.8,2015-03-31
1484,2015-04-08 10:15:00,2015-04-08,0.1706,8530.0,5.0,539.0,0.1706,0.1706,0.1706,10000119,2015-05-27,2015-05-27,C,2.8,2015-03-31
1485,2015-04-08 10:16:00,2015-04-08,0.1706,0.0,0.0,539.0,0.1706,0.1706,0.1706,10000119,2015-05-27,2015-05-27,C,2.8,2015-03-31
1486,2015-04-08 10:17:00,2015-04-08,0.1706,0.0,0.0,539.0,0.1706,0.1706,0.1706,10000119,2015-05-27,2015-05-27,C,2.8,2015-03-31
1487,2015-04-08 10:18:00,2015-04-08,0.1706,0.0,0.0,539.0,0.1706,0.1706,0.1706,10000119,2015-05-27,2015-05-27,C,2.8,2015-03-31
1488,2015-04-08 10:19:00,2015-04-08,0.1647,1647.0,1.0,539.0,0.1647,0.1647,0.1647,10000119,2015-05-27,2015-05-27,C,2.8,2015-03-31
1489,2015-04-08 10:20:00,2015-04-08,0.1746,3425.0,2.0,539.0,0.1679,0.1746,0.1679,10000119,2015-05-27,2015-05-27,C,2.8,2015-03-31
1490,2015-04-08 10:21:00,2015-04-08,0.1746,0.0,0.0,539.0,0.1746,0.1746,0.1746,10000119,2015-05-27,2015-05-27,C,2.8,2015-03-31
1491,2015-04-08 10:22:00,2015-04-08,0.1746,0.0,0.0,539.0,0.1746,0.1746,0.1746,10000119,2015-05-27,2015-05-27,C,2.8,2015-03-31
1492,2015-04-08 10:23:00,2015-04-08,0.1746,0.0,0.0,539.0,0.1746,0.1746,0.1746,10000119,2015-05-27,2015-05-27,C,2.8,2015-03-31
1493,2015-04-08 10:24:00,2015-04-08,0.1746,0.0,0.0,539.0,0.1746,0.1746,0.1746,10000119,2015-05-27,2015-05-27,C,2.8,2015-03-31
1494,2015-04-08 10:25:00,2015-04-08,0.1746,0.0,0.0,539.0,0.1746,0.1746,0.1746,10000119,2015-05-27,2015-05-27,C,2.8,2015-03-31
1495,2015-04-08 10:26:00,2015-04-08,0.1746,0.0,0.0,539.0,0.1746,0.1746,0.1746,10000119,2015-05-27,2015-05-27,C,2.8,2015-03-31
1496,2015-04-08 10:27:00,2015-04-08,0.1691,5073.0,3.0,539.0,0.1691,0.1691,0.1691,10000119,2015-05-27,2015-05-27,C,2.8,2015-03-31
1497,2015-04-08 10:28:00,2015-04-08,0.1691,0.0,0.0,539.0,0.1691,0.1691,0.1691,10000119,2015-05-27,2015-05-27,C,2.8,2015-03-31
1498,2015-04-08 10:29:00,2015-04-08,0.1691,0.0,0.0,539.0,0.1691,0.1691,0.1691,10000119,2015-05-27,2015-05-27,C,2.8,2015-03-31
1499,2015-04-08 10:30:00,2015-04-08,0.1702,3404.0,2.0,539.0,0.1702,0.1702,0.1702,10000119,2015-05-27,2015-05-27,C,2.8,2015-03-31
1500,2015-04-08 10:31:00,2015-04-08,0.1702,0.0,0.0,539.0,0.1702,0.1702,0.1702,10000119,2015-05-27,2015-05-27,C,2.8,2015-03-31
1501,2015-04-08 10:32:00,2015-04-08,0.1702,0.0,0.0,539.0,0.1702,0.1702,0.1702,10000119,2015-05-27,2015-05-27,C,2.8,2015-03-31
1502,2015-04-08 10:33:00,2015-04-08,0.1702,0.0,0.0,539.0,0.1702,0.1702,0.1702,10000119,2015-05-27,2015-05-27,C,2.8,2015-03-31
1503,2015-04-08 10:34:00,2015-04-08,0.1702,0.0,0.0,539.0,0.1702,0.1702,0.1702,10000119,2015-05-27,2015-05-27,C,2.8,2015-03-31
1504,2015-04-08 10:35:00,2015-04-08,0.183,5490.0,3.0,542.0,0.183,0.183,0.183,10000119,2015-05-27,2015-05-27,C,2.8,2015-03-31
1505,2015-04-08 10:36:00,2015-04-08,0.183,0.0,0.0,542.0,0.183,0.183,0.183,10000119,2015-05-27,2015-05-27,C,2.8,2015-03-31
1506,2015-04-08 10:37:00,2015-04-08,0.183,0.0,0.0,542.0,0.183,0.183,0.183,10000119,2015-05-27,2015-05-27,C,2.8,2015-03-31
1507,2015-04-08 10:38:00,2015-04-08,0.183,0.0,0.0,542.0,0.183,0.183,0.183,10000119,2015-05-27,2015-05-27,C,2.8,2015-03-31
1508,2015-04-08 10:39:00,2015-04-08,0.183,0.0,0.0,542.0,0.183,0.183,0.183,10000119,2015-05-27,2015-05-27,C,2.8,2015-03-31
1509,2015-04-08 10:40:00,2015-04-08,0.183,0.0,0.0,542.0,0.183,0.183,0.183,10000119,2015-05-27,2015-05-27,C,2.8,2015-03-31
1510,2015-04-08 10:41:00,2015-04-08,0.183,0.0,0.0,542.0,0.183,0.183,0.183,10000119,2015-05-27,2015-05-27,C,2.8,2015-03-31
1511,2015-04-08 10:42:00,2015-04-08,0.183,0.0,0.0,542.0,0.183,0.183,0.183,10000119,2015-05-27,2015-05-27,C,2.8,2015-03-31
1512,2015-04-08 10:43:00,2015-04-08,0.183,0.0,0.0,542.0,0.183,0.183,0.183,10000119,2015-05-27,2015-05-27,C,2.8,2015-03-31
1513,2015-04-08 10:44:00,2015-04-08,0.183,0.0,0.0,542.0,0.183,0.183,0.183,10000119,2015-05-27,2015-05-27,C,2.8,2015-03-31
1514,2015-04-08 10:45:00,2015-04-08,0.183,0.0,0.0,542.0,0.183,0.183,0.183,10000119,2015-05-27,2015-05-27,C,2.8,2015-03-31
1515,2015-04-08 10:46:00,2015-04-08,0.183,0.0,0.0,542.0,0.183,0.183,0.183,10000119,2015-05-27,2015-05-27,C,2.8,2015-03-31
1516,2015-04-08 10:47:00,2015-04-08,0.183,0.0,0.0,542.0,0.183,0.183,0.183,10000119,2015-05-27,2015-05-27,C,2.8,2015-03-31
1517,2015-04-08 10:48:00,2015-04-08,0.183,0.0,0.0,542.0,0.183,0.183,0.183,10000119,2015-05-27,2015-05-27,C,2.8,2015-03-31
1518,2015-04-08 10:49:00,2015-04-08,0.183,0.0,0.0,542.0,0.183,0.183,0.183,10000119,2015-05-27,2015-05-27,C,2.8,2015-03-31
1519,2015-04-08 10:50:00,2015-04-08,0.183,0.0,0.0,542.0,0.183,0.183,0.183,10000119,2015-05-27,2015-05-27,C,2.8,2015-03-31
1520,2015-04-08 10:51:00,2015-04-08,0.183,0.0,0.0,542.0,0.183,0.183,0.183,10000119,2015-05-27,2015-05-27,C,2.8,2015-03-31
1521,2015-04-08 10:52:00,2015-04-08,0.183,0.0,0.0,542.0,0.183,0.183,0.183,10000119,2015-05-27,2015-05-27,C,2.8,2015-03-31
1522,2015-04-08 10:53:00,2015-04-08,0.183,0.0,0.0,542.0,0.183,0.183,0.183,10000119,2015-05-27,2015-05-27,C,2.8,2015-03-31
1523,2015-04-08 10:54:00,2015-04-08,0.183,0.0,0.0,542.0,0.183,0.183,0.183,10000119,2015-05-27,2015-05-27,C,2.8,2015-03-31
1524,2015-04-08 10:55:00,2015-04-08,0.183,0.0,0.0,542.0,0.183,0.183,0.183,10000119,2015-05-27,2015-05-27,C,2.8,2015-03-31
1525,2015-04-08 10:56:00,2015-04-08,0.1724,17240.0,10.0,542.0,0.1724,0.1724,0.1724,10000119,2015-05-27,2015-05-27,C,2.8,2015-03-31
1526,2015-04-08 10:57:00,2015-04-08,0.1724,0.0,0.0,542.0,0.1724,0.1724,0.1724,10000119,2015-05-27,2015-05-27,C,2.8,2015-03-31
1527,2015-04-08 10:58:00,2015-04-08,0.17,17000.0,10.0,546.0,0.17,0.17,0.17,10000119,2015-05-27,2015-05-27,C,2.8,2015-03-31
1528,2015-04-08 10:59:00,2015-04-08,0.17,0.0,0.0,546.0,0.17,0.17,0.17,10000119,2015-05-27,2015-05-27,C,2.8,2015-03-31
1529,2015-04-08 11:00:00,2015-04-08,0.17,5100.0,3.0,546.0,0.17,0.17,0.17,10000119,2015-05-27,2015-05-27,C,2.8,2015-03-31
1530,2015-04-08 11:01:00,2015-04-08,0.17,0.0,0.0,546.0,0.17,0.17,0.17,10000119,2015-05-27,2015-05-27,C,2.8,2015-03-31
1531,2015-04-08 11:02:00,2015-04-08,0.17,0.0,0.0,546.0,0.17,0.17,0.17,10000119,2015-05-27,2015-05-27,C,2.8,2015-03-31
1532,2015-04-08 11:03:00,2015-04-08,0.1725,17205.0,10.0,551.0,0.1725,0.1725,0.1725,10000119,2015-05-27,2015-05-27,C,2.8,2015-03-31
1533,2015-04-08 11:04:00,2015-04-08,0.1725,0.0,0.0,551.0,0.1725,0.1725,0.1725,10000119,2015-05-27,2015-05-27,C,2.8,2015-03-31
1534,2015-04-08 11:05:00,2015-04-08,0.1725,0.0,0.0,551.0,0.1725,0.1725,0.1725,10000119,2015-05-27,2015-05-27,C,2.8,2015-03-31
1535,2015-04-08 11:06:00,2015-04-08,0.1725,0.0,0.0,551.0,0.1725,0.1725,0.1725,10000119,2015-05-27,2015-05-27,C,2.8,2015-03-31
1536,2015-04-08 11:07:00,2015-04-08,0.1725,0.0,0.0,551.0,0.1725,0.1725,0.1725,10000119,2015-05-27,2015-05-27,C,2.8,2015-03-31
1537,2015-04-08 11:08:00,2015-04-08,0.1725,0.0,0.0,551.0,0.1725,0.1725,0.1725,10000119,2015-05-27,2015-05-27,C,2.8,2015-03-31
1538,2015-04-08 11:09:00,2015-04-08,0.1725,0.0,0.0,551.0,0.1725,0.1725,0.1725,10000119,2015-05-27,2015-05-27,C,2.8,2015-03-31
1539,2015-04-08 11:10:00,2015-04-08,0.1725,0.0,0.0,551.0,0.1725,0.1725,0.1725,10000119,2015-05-27,2015-05-27,C,2.8,2015-03-31
1540,2015-04-08 11:11:00,2015-04-08,0.1725,0.0,0.0,551.0,0.1725,0.1725,0.1725,10000119,2015-05-27,2015-05-27,C,2.8,2015-03-31
1541,2015-04-08 11:12:00,2015-04-08,0.1726,10356.0,6.0,557.0,0.1726,0.1726,0.1726,10000119,2015-05-27,2015-05-27,C,2.8,2015-03-31
1542,2015-04-08 11:13:00,2015-04-08,0.1726,0.0,0.0,557.0,0.1726,0.1726,0.1726,10000119,2015-05-27,2015-05-27,C,2.8,2015-03-31
1543,2015-04-08 11:14:00,2015-04-08,0.1726,0.0,0.0,557.0,0.1726,0.1726,0.1726,10000119,2015-05-27,2015-05-27,C,2.8,2015-03-31
1544,2015-04-08 11:15:00,2015-04-08,0.1726,0.0,0.0,557.0,0.1726,0.1726,0.1726,10000119,2015-05-27,2015-05-27,C,2.8,2015-03-31
1545,2015-04-08 11:16:00,2015-04-08,0.1726,0.0,0.0,557.0,0.1726,0.1726,0.1726,10000119,2015-05-27,2015-05-27,C,2.8,2015-03-31
1546,2015-04-08 11:17:00,2015-04-08,0.1726,0.0,0.0,557.0,0.1726,0.1726,0.1726,10000119,2015-05-27,2015-05-27,C,2.8,2015-03-31
1547,2015-04-08 11:18:00,2015-04-08,0.1726,0.0,0.0,557.0,0.1726,0.1726,0.1726,10000119,2015-05-27,2015-05-27,C,2.8,2015-03-31
1548,2015-04-08 11:19:00,2015-04-08,0.1726,0.0,0.0,557.0,0.1726,0.1726,0.1726,10000119,2015-05-27,2015-05-27,C,2.8,2015-03-31
1549,2015-04-08 11:20:00,2015-04-08,0.1726,0.0,0.0,557.0,0.1726,0.1726,0.1726,10000119,2015-05-27,2015-05-27,C,2.8,2015-03-31
1550,2015-04-08 11:21:00,2015-04-08,0.1726,0.0,0.0,557.0,0.1726,0.1726,0.1726,10000119,2015-05-27,2015-05-27,C,2.8,2015-03-31
1551,2015-04-08 11:22:00,2015-04-08,0.1726,0.0,0.0,557.0,0.1726,0.1726,0.1726,10000119,2015-05-27,2015-05-27,C,2.8,2015-03-31
1552,2015-04-08 11:23:00,2015-04-08,0.1726,0.0,0.0,557.0,0.1726,0.1726,0.1726,10000119,2015-05-27,2015-05-27,C,2.8,2015-03-31
1553,2015-04-08 11:24:00,2015-04-08,0.1726,0.0,0.0,557.0,0.1726,0.1726,0.1726,10000119,2015-05-27,2015-05-27,C,2.8,2015-03-31
1554,2015-04-08 11:25:00,2015-04-08,0.1726,0.0,0.0,557.0,0.1726,0.1726,0.1726,10000119,2015-05-27,2015-05-27,C,2.8,2015-03-31
1555,2015-04-08 11:26:00,2015-04-08,0.1726,0.0,0.0,557.0,0.1726,0.1726,0.1726,10000119,2015-05-27,2015-05-27,C,2.8,2015-03-31
1556,2015-04-08 11:27:00,2015-04-08,0.1726,0.0,0.0,557.0,0.1726,0.1726,0.1726,10000119,2015-05-27,2015-05-27,C,2.8,2015-03-31
1557,2015-04-08 11:28:00,2015-04-08,0.1726,0.0,0.0,557.0,0.1726,0.1726,0.1726,10000119,2015-05-27,2015-05-27,C,2.8,2015-03-31
1558,2015-04-08 11:29:00,2015-04-08,0.1726,0.0,0.0,557.0,0.1726,0.1726,0.1726,10000119,2015-05-27,2015-05-27,C,2.8,2015-03-31
1559,2015-04-08 11:30:00,2015-04-08,0.1726,0.0,0.0,557.0,0.1726,0.1726,0.1726,10000119,2015-05-27,2015-05-27,C,2.8,2015-03-31
1560,2015-04-08 13:01:00,2015-04-08,0.1726,0.0,0.0,557.0,0.1726,0.1726,0.1726,10000119,2015-05-27,2015-05-27,C,2.8,2015-03-31
1561,2015-04-08 13:02:00,2015-04-08,0.1726,0.0,0.0,557.0,0.1726,0.1726,0.1726,10000119,2015-05-27,2015-05-27,C,2.8,2015-03-31
1562,2015-04-08 13:03:00,2015-04-08,0.1726,0.0,0.0,557.0,0.1726,0.1726,0.1726,10000119,2015-05-27,2015-05-27,C,2.8,2015-03-31
1563,2015-04-08 13:04:00,2015-04-08,0.1726,0.0,0.0,557.0,0.1726,0.1726,0.1726,10000119,2015-05-27,2015-05-27,C,2.8,2015-03-31
1564,2015-04-08 13:05:00,2015-04-08,0.1726,0.0,0.0,557.0,0.1726,0.1726,0.1726,10000119,2015-05-27,2015-05-27,C,2.8,2015-03-31
1565,2015-04-08 13:06:00,2015-04-08,0.1726,0.0,0.0,557.0,0.1726,0.1726,0.1726,10000119,2015-05-27,2015-05-27,C,2.8,2015-03-31
1566,2015-04-08 13:07:00,2015-04-08,0.1726,0.0,0.0,557.0,0.1726,0.1726,0.1726,10000119,2015-05-27,2015-05-27,C,2.8,2015-03-31
1567,2015-04-08 13:08:00,2015-04-08,0.1726,0.0,0.0,557.0,0.1726,0.1726,0.1726,10000119,2015-05-27,2015-05-27,C,2.8,2015-03-31
1568,2015-04-08 13:09:00,2015-04-08,0.1726,0.0,0.0,557.0,0.1726,0.1726,0.1726,10000119,2015-05-27,2015-05-27,C,2.8,2015-03-31
1569,2015-04-08 13:10:00,2015-04-08,0.1726,0.0,0.0,557.0,0.1726,0.1726,0.1726,10000119,2015-05-27,2015-05-27,C,2.8,2015-03-31
1570,2015-04-08 13:11:00,2015-04-08,0.1726,0.0,0.0,557.0,0.1726,0.1726,0.1726,10000119,2015-05-27,2015-05-27,C,2.8,2015-03-31
1571,2015-04-08 13:12:00,2015-04-08,0.1726,0.0,0.0,557.0,0.1726,0.1726,0.1726,10000119,2015-05-27,2015-05-27,C,2.8,2015-03-31
1572,2015-04-08 13:13:00,2015-04-08,0.1726,0.0,0.0,557.0,0.1726,0.1726,0.1726,10000119,2015-05-27,2015-05-27,C,2.8,2015-03-31
1573,2015-04-08 13:14:00,2015-04-08,0.1726,0.0,0.0,557.0,0.1726,0.1726,0.1726,10000119,2015-05-27,2015-05-27,C,2.8,2015-03-31
1574,2015-04-08 13:15:00,2015-04-08,0.1726,0.0,0.0,557.0,0.1726,0.1726,0.1726,10000119,2015-05-27,2015-05-27,C,2.8,2015-03-31
1575,2015-04-08 13:16:00,2015-04-08,0.1961,1961.0,1.0,558.0,0.1961,0.1961,0.1961,10000119,2015-05-27,2015-05-27,C,2.8,2015-03-31
1576,2015-04-08 13:17:00,2015-04-08,0.1961,0.0,0.0,558.0,0.1961,0.1961,0.1961,10000119,2015-05-27,2015-05-27,C,2.8,2015-03-31
1577,2015-04-08 13:18:00,2015-04-08,0.1961,0.0,0.0,558.0,0.1961,0.1961,0.1961,10000119,2015-05-27,2015-05-27,C,2.8,2015-03-31
1578,2015-04-08 13:19:00,2015-04-08,0.1961,0.0,0.0,558.0,0.1961,0.1961,0.1961,10000119,2015-05-27,2015-05-27,C,2.8,2015-03-31
1579,2015-04-08 13:20:00,2015-04-08,0.1961,0.0,0.0,558.0,0.1961,0.1961,0.1961,10000119,2015-05-27,2015-05-27,C,2.8,2015-03-31
1580,2015-04-08 13:21:00,2015-04-08,0.1961,0.0,0.0,558.0,0.1961,0.1961,0.1961,10000119,2015-05-27,2015-05-27,C,2.8,2015-03-31
1581,2015-04-08 13:22:00,2015-04-08,0.1961,0.0,0.0,558.0,0.1961,0.1961,0.1961,10000119,2015-05-27,2015-05-27,C,2.8,2015-03-31
1582,2015-04-08 13:23:00,2015-04-08,0.1961,0.0,0.0,558.0,0.1961,0.1961,0.1961,10000119,2015-05-27,2015-05-27,C,2.8,2015-03-31
1583,2015-04-08 13:24:00,2015-04-08,0.1961,0.0,0.0,558.0,0.1961,0.1961,0.1961,10000119,2015-05-27,2015-05-27,C,2.8,2015-03-31
1584,2015-04-08 13:25:00,2015-04-08,0.1961,0.0,0.0,558.0,0.1961,0.1961,0.1961,10000119,2015-05-27,2015-05-27,C,2.8,2015-03-31
1585,2015-04-08 13:26:00,2015-04-08,0.1961,0.0,0.0,558.0,0.1961,0.1961,0.1961,10000119,2015-05-27,2015-05-27,C,2.8,2015-03-31
1586,2015-04-08 13:27:00,2015-04-08,0.1961,0.0,0.0,558.0,0.1961,0.1961,0.1961,10000119,2015-05-27,2015-05-27,C,2.8,2015-03-31
1587,2015-04-08 13:28:00,2015-04-08,0.1961,0.0,0.0,558.0,0.1961,0.1961,0.1961,10000119,2015-05-27,2015-05-27,C,2.8,2015-03-31
1588,2015-04-08 13:29:00,2015-04-08,0.1961,0.0,0.0,558.0,0.1961,0.1961,0.1961,10000119,2015-05-27,2015-05-27,C,2.8,2015-03-31
1589,2015-04-08 13:30:00,2015-04-08,0.1961,0.0,0.0,558.0,0.1961,0.1961,0.1961,10000119,2015-05-27,2015-05-27,C,2.8,2015-03-31
1590,2015-04-08 13:31:00,2015-04-08,0.1961,0.0,0.0,558.0,0.1961,0.1961,0.1961,10000119,2015-05-27,2015-05-27,C,2.8,2015-03-31
1591,2015-04-08 13:32:00,2015-04-08,0.1961,0.0,0.0,558.0,0.1961,0.1961,0.1961,10000119,2015-05-27,2015-05-27,C,2.8,2015-03-31
1592,2015-04-08 13:33:00,2015-04-08,0.2042,20335.0,10.0,554.0,0.2032,0.2032,0.2032,10000119,2015-05-27,2015-05-27,C,2.8,2015-03-31
1593,2015-04-08 13:34:00,2015-04-08,0.2032,0.0,0.0,554.0,0.2032,0.2032,0.2032,10000119,2015-05-27,2015-05-27,C,2.8,2015-03-31
1594,2015-04-08 13:35:00,2015-04-08,0.2026,20260.0,10.0,554.0,0.2026,0.2026,0.2026,10000119,2015-05-27,2015-05-27,C,2.8,2015-03-31
1595,2015-04-08 13:36:00,2015-04-08,0.2026,0.0,0.0,554.0,0.2026,0.2026,0.2026,10000119,2015-05-27,2015-05-27,C,2.8,2015-03-31
1596,2015-04-08 13:37:00,2015-04-08,0.2026,0.0,0.0,554.0,0.2026,0.2026,0.2026,10000119,2015-05-27,2015-05-27,C,2.8,2015-03-31
1597,2015-04-08 13:38:00,2015-04-08,0.2026,0.0,0.0,554.0,0.2026,0.2026,0.2026,10000119,2015-05-27,2015-05-27,C,2.8,2015-03-31
1598,2015-04-08 13:39:00,2015-04-08,0.2026,0.0,0.0,554.0,0.2026,0.2026,0.2026,10000119,2015-05-27,2015-05-27,C,2.8,2015-03-31
1599,2015-04-08 13:40:00,2015-04-08,0.2026,0.0,0.0,554.0,0.2026,0.2026,0.2026,10000119,2015-05-27,2015-05-27,C,2.8,2015-03-31
1600,2015-04-08 13:41:00,2015-04-08,0.2026,0.0,0.0,554.0,0.2026,0.2026,0.2026,10000119,2015-05-27,2015-05-27,C,2.8,2015-03-31
1601,2015-04-08 13:42:00,2015-04-08,0.1993,9965.0,5.0,554.0,0.1993,0.1993,0.1993,10000119,2015-05-27,2015-05-27,C,2.8,2015-03-31
1602,2015-04-08 13:43:00,2015-04-08,0.1993,0.0,0.0,554.0,0.1993,0.1993,0.1993,10000119,2015-05-27,2015-05-27,C,2.8,2015-03-31
1603,2015-04-08 13:44:00,2015-04-08,0.1993,0.0,0.0,554.0,0.1993,0.1993,0.1993,10000119,2015-05-27,2015-05-27,C,2.8,2015-03-31
1604,2015-04-08 13:45:00,2015-04-08,0.1993,0.0,0.0,554.0,0.1993,0.1993,0.1993,10000119,2015-05-27,2015-05-27,C,2.8,2015-03-31
1605,2015-04-08 13:46:00,2015-04-08,0.1993,0.0,0.0,554.0,0.1993,0.1993,0.1993,10000119,2015-05-27,2015-05-27,C,2.8,2015-03-31
1606,2015-04-08 13:47:00,2015-04-08,0.2001,4002.0,2.0,554.0,0.2001,0.2001,0.2001,10000119,2015-05-27,2015-05-27,C,2.8,2015-03-31
1607,2015-04-08 13:48:00,2015-04-08,0.2001,0.0,0.0,554.0,0.2001,0.2001,0.2001,10000119,2015-05-27,2015-05-27,C,2.8,2015-03-31
1608,2015-04-08 13:49:00,2015-04-08,0.2001,0.0,0.0,554.0,0.2001,0.2001,0.2001,10000119,2015-05-27,2015-05-27,C,2.8,2015-03-31
1609,2015-04-08 13:50:00,2015-04-08,0.2001,0.0,0.0,554.0,0.2001,0.2001,0.2001,10000119,2015-05-27,2015-05-27,C,2.8,2015-03-31
1610,2015-04-08 13:51:00,2015-04-08,0.2001,0.0,0.0,554.0,0.2001,0.2001,0.2001,10000119,2015-05-27,2015-05-27,C,2.8,2015-03-31
1611,2015-04-08 13:52:00,2015-04-08,0.2001,0.0,0.0,554.0,0.2001,0.2001,0.2001,10000119,2015-05-27,2015-05-27,C,2.8,2015-03-31
1612,2015-04-08 13:53:00,2015-04-08,0.2001,0.0,0.0,554.0,0.2001,0.2001,0.2001,10000119,2015-05-27,2015-05-27,C,2.8,2015-03-31
1613,2015-04-08 13:54:00,2015-04-08,0.2001,0.0,0.0,554.0,0.2001,0.2001,0.2001,10000119,2015-05-27,2015-05-27,C,2.8,2015-03-31
1614,2015-04-08 13:55:00,2015-04-08,0.2001,0.0,0.0,554.0,0.2001,0.2001,0.2001,10000119,2015-05-27,2015-05-27,C,2.8,2015-03-31
1615,2015-04-08 13:56:00,2015-04-08,0.2001,0.0,0.0,554.0,0.2001,0.2001,0.2001,10000119,2015-05-27,2015-05-27,C,2.8,2015-03-31
1616,2015-04-08 13:57:00,2015-04-08,0.2001,0.0,0.0,554.0,0.2001,0.2001,0.2001,10000119,2015-05-27,2015-05-27,C,2.8,2015-03-31
1617,2015-04-08 13:58:00,2015-04-08,0.2001,0.0,0.0,554.0,0.2001,0.2001,0.2001,10000119,2015-05-27,2015-05-27,C,2.8,2015-03-31
1618,2015-04-08 13:59:00,2015-04-08,0.212,6360.0,3.0,551.0,0.212,0.212,0.212,10000119,2015-05-27,2015-05-27,C,2.8,2015-03-31
1619,2015-04-08 14:00:00,2015-04-08,0.212,0.0,0.0,551.0,0.212,0.212,0.212,10000119,2015-05-27,2015-05-27,C,2.8,2015-03-31
1620,2015-04-08 14:01:00,2015-04-08,0.212,0.0,0.0,551.0,0.212,0.212,0.212,10000119,2015-05-27,2015-05-27,C,2.8,2015-03-31
1621,2015-04-08 14:02:00,2015-04-08,0.212,0.0,0.0,551.0,0.212,0.212,0.212,10000119,2015-05-27,2015-05-27,C,2.8,2015-03-31
1622,2015-04-08 14:03:00,2015-04-08,0.212,0.0,0.0,551.0,0.212,0.212,0.212,10000119,2015-05-27,2015-05-27,C,2.8,2015-03-31
1623,2015-04-08 14:04:00,2015-04-08,0.212,0.0,0.0,551.0,0.212,0.212,0.212,10000119,2015-05-27,2015-05-27,C,2.8,2015-03-31
1624,2015-04-08 14:05:00,2015-04-08,0.212,0.0,0.0,551.0,0.212,0.212,0.212,10000119,2015-05-27,2015-05-27,C,2.8,2015-03-31
1625,2015-04-08 14:06:00,2015-04-08,0.212,0.0,0.0,551.0,0.212,0.212,0.212,10000119,2015-05-27,2015-05-27,C,2.8,2015-03-31
1626,2015-04-08 14:07:00,2015-04-08,0.212,0.0,0.0,551.0,0.212,0.212,0.212,10000119,2015-05-27,2015-05-27,C,2.8,2015-03-31
1627,2015-04-08 14:08:00,2015-04-08,0.212,0.0,0.0,551.0,0.212,0.212,0.212,10000119,2015-05-27,2015-05-27,C,2.8,2015-03-31
1628,2015-04-08 14:09:00,2015-04-08,0.212,0.0,0.0,551.0,0.212,0.212,0.212,10000119,2015-05-27,2015-05-27,C,2.8,2015-03-31
1629,2015-04-08 14:10:00,2015-04-08,0.212,0.0,0.0,551.0,0.212,0.212,0.212,10000119,2015-05-27,2015-05-27,C,2.8,2015-03-31
1630,2015-04-08 14:11:00,2015-04-08,0.212,0.0,0.0,551.0,0.212,0.212,0.212,10000119,2015-05-27,2015-05-27,C,2.8,2015-03-31
1631,2015-04-08 14:12:00,2015-04-08,0.212,0.0,0.0,551.0,0.212,0.212,0.212,10000119,2015-05-27,2015-05-27,C,2.8,2015-03-31
1632,2015-04-08 14:13:00,2015-04-08,0.212,0.0,0.0,551.0,0.212,0.212,0.212,10000119,2015-05-27,2015-05-27,C,2.8,2015-03-31
1633,2015-04-08 14:14:00,2015-04-08,0.212,0.0,0.0,551.0,0.212,0.212,0.212,10000119,2015-05-27,2015-05-27,C,2.8,2015-03-31
1634,2015-04-08 14:15:00,2015-04-08,0.212,0.0,0.0,551.0,0.212,0.212,0.212,10000119,2015-05-27,2015-05-27,C,2.8,2015-03-31
1635,2015-04-08 14:16:00,2015-04-08,0.212,0.0,0.0,551.0,0.212,0.212,0.212,10000119,2015-05-27,2015-05-27,C,2.8,2015-03-31
1636,2015-04-08 14:17:00,2015-04-08,0.212,0.0,0.0,551.0,0.212,0.212,0.212,10000119,2015-05-27,2015-05-27,C,2.8,2015-03-31
1637,2015-04-08 14:18:00,2015-04-08,0.212,0.0,0.0,551.0,0.212,0.212,0.212,10000119,2015-05-27,2015-05-27,C,2.8,2015-03-31
1638,2015-04-08 14:19:00,2015-04-08,0.212,0.0,0.0,551.0,0.212,0.212,0.212,10000119,2015-05-27,2015-05-27,C,2.8,2015-03-31
1639,2015-04-08 14:20:00,2015-04-08,0.212,0.0,0.0,551.0,0.212,0.212,0.212,10000119,2015-05-27,2015-05-27,C,2.8,2015-03-31
1640,2015-04-08 14:21:00,2015-04-08,0.212,0.0,0.0,551.0,0.212,0.212,0.212,10000119,2015-05-27,2015-05-27,C,2.8,2015-03-31
1641,2015-04-08 14:22:00,2015-04-08,0.212,0.0,0.0,551.0,0.212,0.212,0.212,10000119,2015-05-27,2015-05-27,C,2.8,2015-03-31
1642,2015-04-08 14:23:00,2015-04-08,0.1953,9765.0,5.0,551.0,0.1953,0.1953,0.1953,10000119,2015-05-27,2015-05-27,C,2.8,2015-03-31
1643,2015-04-08 14:24:00,2015-04-08,0.1953,0.0,0.0,551.0,0.1953,0.1953,0.1953,10000119,2015-05-27,2015-05-27,C,2.8,2015-03-31
1644,2015-04-08 14:25:00,2015-04-08,0.1953,0.0,0.0,551.0,0.1953,0.1953,0.1953,10000119,2015-05-27,2015-05-27,C,2.8,2015-03-31
1645,2015-04-08 14:26:00,2015-04-08,0.1953,0.0,0.0,551.0,0.1953,0.1953,0.1953,10000119,2015-05-27,2015-05-27,C,2.8,2015-03-31
1646,2015-04-08 14:27:00,2015-04-08,0.1953,0.0,0.0,551.0,0.1953,0.1953,0.1953,10000119,2015-05-27,2015-05-27,C,2.8,2015-03-31
1647,2015-04-08 14:28:00,2015-04-08,0.1953,0.0,0.0,551.0,0.1953,0.1953,0.1953,10000119,2015-05-27,2015-05-27,C,2.8,2015-03-31
1648,2015-04-08 14:29:00,2015-04-08,0.1953,0.0,0.0,551.0,0.1953,0.1953,0.1953,10000119,2015-05-27,2015-05-27,C,2.8,2015-03-31
1649,2015-04-08 14:30:00,2015-04-08,0.1953,0.0,0.0,551.0,0.1953,0.1953,0.1953,10000119,2015-05-27,2015-05-27,C,2.8,2015-03-31
1650,2015-04-08 14:31:00,2015-04-08,0.1953,0.0,0.0,551.0,0.1953,0.1953,0.1953,10000119,2015-05-27,2015-05-27,C,2.8,2015-03-31
1651,2015-04-08 14:32:00,2015-04-08,0.1953,0.0,0.0,551.0,0.1953,0.1953,0.1953,10000119,2015-05-27,2015-05-27,C,2.8,2015-03-31
1652,2015-04-08 14:33:00,2015-04-08,0.1953,0.0,0.0,551.0,0.1953,0.1953,0.1953,10000119,2015-05-27,2015-05-27,C,2.8,2015-03-31
1653,2015-04-08 14:34:00,2015-04-08,0.1953,0.0,0.0,551.0,0.1953,0.1953,0.1953,10000119,2015-05-27,2015-05-27,C,2.8,2015-03-31
1654,2015-04-08 14:35:00,2015-04-08,0.1953,0.0,0.0,551.0,0.1953,0.1953,0.1953,10000119,2015-05-27,2015-05-27,C,2.8,2015-03-31
1655,2015-04-08 14:36:00,2015-04-08,0.1953,0.0,0.0,551.0,0.1953,0.1953,0.1953,10000119,2015-05-27,2015-05-27,C,2.8,2015-03-31
1656,2015-04-08 14:37:00,2015-04-08,0.1953,0.0,0.0,551.0,0.1953,0.1953,0.1953,10000119,2015-05-27,2015-05-27,C,2.8,2015-03-31
1657,2015-04-08 14:38:00,2015-04-08,0.1953,0.0,0.0,551.0,0.1953,0.1953,0.1953,10000119,2015-05-27,2015-05-27,C,2.8,2015-03-31
1658,2015-04-08 14:39:00,2015-04-08,0.1953,0.0,0.0,551.0,0.1953,0.1953,0.1953,10000119,2015-05-27,2015-05-27,C,2.8,2015-03-31
1659,2015-04-08 14:40:00,2015-04-08,0.1953,0.0,0.0,551.0,0.1953,0.1953,0.1953,10000119,2015-05-27,2015-05-27,C,2.8,2015-03-31
1660,2015-04-08 14:41:00,2015-04-08,0.1953,0.0,0.0,551.0,0.1953,0.1953,0.1953,10000119,2015-05-27,2015-05-27,C,2.8,2015-03-31
1661,2015-04-08 14:42:00,2015-04-08,0.1953,0.0,0.0,551.0,0.1953,0.1953,0.1953,10000119,2015-05-27,2015-05-27,C,2.8,2015-03-31
1662,2015-04-08 14:43:00,2015-04-08,0.1953,0.0,0.0,551.0,0.1953,0.1953,0.1953,10000119,2015-05-27,2015-05-27,C,2.8,2015-03-31
1663,2015-04-08 14:44:00,2015-04-08,0.201,20100.0,10.0,551.0,0.201,0.201,0.201,10000119,2015-05-27,2015-05-27,C,2.8,2015-03-31
1664,2015-04-08 14:45:00,2015-04-08,0.2037,20370.0,10.0,561.0,0.2037,0.2037,0.2037,10000119,2015-05-27,2015-05-27,C,2.8,2015-03-31
1665,2015-04-08 14:46:00,2015-04-08,0.2037,0.0,0.0,561.0,0.2037,0.2037,0.2037,10000119,2015-05-27,2015-05-27,C,2.8,2015-03-31
1666,2015-04-08 14:47:00,2015-04-08,0.2037,0.0,0.0,561.0,0.2037,0.2037,0.2037,10000119,2015-05-27,2015-05-27,C,2.8,2015-03-31
1667,2015-04-08 14:48:00,2015-04-08,0.2037,0.0,0.0,561.0,0.2037,0.2037,0.2037,10000119,2015-05-27,2015-05-27,C,2.8,2015-03-31
1668,2015-04-08 14:49:00,2015-04-08,0.2109,18901.0,9.0,566.0,0.2109,0.2109,0.2109,10000119,2015-05-27,2015-05-27,C,2.8,2015-03-31
1669,2015-04-08 14:50:00,2015-04-08,0.2109,0.0,0.0,566.0,0.2109,0.2109,0.2109,10000119,2015-05-27,2015-05-27,C,2.8,2015-03-31
1670,2015-04-08 14:51:00,2015-04-08,0.2109,0.0,0.0,566.0,0.2109,0.2109,0.2109,10000119,2015-05-27,2015-05-27,C,2.8,2015-03-31
1671,2015-04-08 14:52:00,2015-04-08,0.2109,0.0,0.0,566.0,0.2109,0.2109,0.2109,10000119,2015-05-27,2015-05-27,C,2.8,2015-03-31
1672,2015-04-08 14:53:00,2015-04-08,0.2109,0.0,0.0,566.0,0.2109,0.2109,0.2109,10000119,2015-05-27,2015-05-27,C,2.8,2015-03-31
1673,2015-04-08 14:54:00,2015-04-08,0.2109,0.0,0.0,566.0,0.2109,0.2109,0.2109,10000119,2015-05-27,2015-05-27,C,2.8,2015-03-31
1674,2015-04-08 14:55:00,2015-04-08,0.2109,0.0,0.0,566.0,0.2109,0.2109,0.2109,10000119,2015-05-27,2015-05-27,C,2.8,2015-03-31
1675,2015-04-08 14:56:00,2015-04-08,0.2109,0.0,0.0,566.0,0.2109,0.2109,0.2109,10000119,2015-05-27,2015-05-27,C,2.8,2015-03-31
1676,2015-04-08 14:57:00,2015-04-08,0.2109,0.0,0.0,566.0,0.2109,0.2109,0.2109,10000119,2015-05-27,2015-05-27,C,2.8,2015-03-31
1677,2015-04-08 14:58:00,2015-04-08,0.2109,0.0,0.0,566.0,0.2109,0.2109,0.2109,10000119,2015-05-27,2015-05-27,C,2.8,2015-03-31
1678,2015-04-08 14:59:00,2015-04-08,0.2109,0.0,0.0,566.0,0.2109,0.2109,0.2109,10000119,2015-05-27,2015-05-27,C,2.8,2015-03-31
1679,2015-04-08 15:00:00,2015-04-08,0.2109,0.0,0.0,566.0,0.2109,0.2109,0.2109,10000119,2015-05-27,2015-05-27,C,2.8,2015-03-31
1680,2015-04-08 09:31:00,2015-04-08,0.046,27334.0,63.0,63.0,0.0428,0.046,0.043,10000128,2015-04-22,2015-04-22,C,2.95,2015-04-08
1681,2015-04-08 09:32:00,2015-04-08,0.046,1380.0,3.0,66.0,0.046,0.046,0.046,10000128,2015-04-22,2015-04-22,C,2.95,2015-04-08
1682,2015-04-08 09:33:00,2015-04-08,0.0443,4743.0,11.0,77.0,0.0443,0.043,0.043,10000128,2015-04-22,2015-04-22,C,2.95,2015-04-08
1683,2015-04-08 09:34:00,2015-04-08,0.043,0.0,0.0,77.0,0.043,0.043,0.043,10000128,2015-04-22,2015-04-22,C,2.95,2015-04-08
1684,2015-04-08 09:35:00,2015-04-08,0.0448,9525.0,22.0,99.0,0.0448,0.0427,0.0427,10000128,2015-04-22,2015-04-22,C,2.95,2015-04-08
1685,2015-04-08 09:36:00,2015-04-08,0.0427,0.0,0.0,99.0,0.0427,0.0427,0.0427,10000128,2015-04-22,2015-04-22,C,2.95,2015-04-08
1686,2015-04-08 09:37:00,2015-04-08,0.041,6490.0,16.0,115.0,0.041,0.04,0.04,10000128,2015-04-22,2015-04-22,C,2.95,2015-04-08
1687,2015-04-08 09:38:00,2015-04-08,0.0402,2411.0,6.0,121.0,0.0402,0.0401,0.0401,10000128,2015-04-22,2015-04-22,C,2.95,2015-04-08
1688,2015-04-08 09:39:00,2015-04-08,0.0406,3236.0,8.0,128.0,0.0406,0.0402,0.0402,10000128,2015-04-22,2015-04-22,C,2.95,2015-04-08
1689,2015-04-08 09:40:00,2015-04-08,0.0425,4140.0,10.0,138.0,0.0403,0.0425,0.0403,10000128,2015-04-22,2015-04-22,C,2.95,2015-04-08
1690,2015-04-08 09:41:00,2015-04-08,0.0424,2120.0,5.0,143.0,0.0424,0.0424,0.0424,10000128,2015-04-22,2015-04-22,C,2.95,2015-04-08
1691,2015-04-08 09:42:00,2015-04-08,0.0424,0.0,0.0,143.0,0.0424,0.0424,0.0424,10000128,2015-04-22,2015-04-22,C,2.95,2015-04-08
1692,2015-04-08 09:43:00,2015-04-08,0.0425,12319.0,29.0,172.0,0.0424,0.0425,0.0424,10000128,2015-04-22,2015-04-22,C,2.95,2015-04-08
1693,2015-04-08 09:44:00,2015-04-08,0.0425,0.0,0.0,172.0,0.0425,0.0425,0.0425,10000128,2015-04-22,2015-04-22,C,2.95,2015-04-08
1694,2015-04-08 09:45:00,2015-04-08,0.0425,0.0,0.0,172.0,0.0425,0.0425,0.0425,10000128,2015-04-22,2015-04-22,C,2.95,2015-04-08
1695,2015-04-08 09:46:00,2015-04-08,0.045,14737.0,34.0,190.0,0.045,0.0429,0.0425,10000128,2015-04-22,2015-04-22,C,2.95,2015-04-08
1696,2015-04-08 09:47:00,2015-04-08,0.046,19826.0,44.0,228.0,0.0448,0.045,0.0442,10000128,2015-04-22,2015-04-22,C,2.95,2015-04-08
1697,2015-04-08 09:48:00,2015-04-08,0.0472,41036.0,88.0,316.0,0.0464,0.0471,0.0453,10000128,2015-04-22,2015-04-22,C,2.95,2015-04-08
1698,2015-04-08 09:49:00,2015-04-08,0.0464,11474.0,25.0,341.0,0.0464,0.0454,0.0454,10000128,2015-04-22,2015-04-22,C,2.95,2015-04-08
1699,2015-04-08 09:50:00,2015-04-08,0.0457,4900.0,11.0,352.0,0.0457,0.0455,0.0432,10000128,2015-04-22,2015-04-22,C,2.95,2015-04-08
1700,2015-04-08 09:51:00,2015-04-08,0.0448,3576.0,8.0,360.0,0.044,0.0448,0.044,10000128,2015-04-22,2015-04-22,C,2.95,2015-04-08
1701,2015-04-08 09:52:00,2015-04-08,0.0455,2721.0,6.0,366.0,0.0448,0.0455,0.0448,10000128,2015-04-22,2015-04-22,C,2.95,2015-04-08
1702,2015-04-08 09:53:00,2015-04-08,0.0458,2728.0,6.0,372.0,0.0448,0.0458,0.0448,10000128,2015-04-22,2015-04-22,C,2.95,2015-04-08
1703,2015-04-08 09:54:00,2015-04-08,0.046,3214.0,7.0,379.0,0.046,0.0458,0.0458,10000128,2015-04-22,2015-04-22,C,2.95,2015-04-08
1704,2015-04-08 09:55:00,2015-04-08,0.047,11202.0,24.0,402.0,0.0462,0.047,0.0462,10000128,2015-04-22,2015-04-22,C,2.95,2015-04-08
1705,2015-04-08 09:56:00,2015-04-08,0.0499,7401.0,15.0,417.0,0.0493,0.0491,0.0491,10000128,2015-04-22,2015-04-22,C,2.95,2015-04-08
1706,2015-04-08 09:57:00,2015-04-08,0.0521,2005.0,4.0,421.0,0.0492,0.0521,0.0492,10000128,2015-04-22,2015-04-22,C,2.95,2015-04-08
1707,2015-04-08 09:58:00,2015-04-08,0.0541,37010.0,70.0,491.0,0.0524,0.0527,0.0512,10000128,2015-04-22,2015-04-22,C,2.95,2015-04-08
1708,2015-04-08 09:59:00,2015-04-08,0.0538,27734.0,52.0,543.0,0.0538,0.0534,0.0521,10000128,2015-04-22,2015-04-22,C,2.95,2015-04-08
1709,2015-04-08 10:00:00,2015-04-08,0.054000000000000006,29181.0,55.0,593.0,0.0537,0.0521,0.0521,10000128,2015-04-22,2015-04-22,C,2.95,2015-04-08
1710,2015-04-08 10:01:00,2015-04-08,0.0524,5711.0,11.0,604.0,0.0514,0.0512,0.0512,10000128,2015-04-22,2015-04-22,C,2.95,2015-04-08
1711,2015-04-08 10:02:00,2015-04-08,0.0514,16414.0,32.0,634.0,0.0514,0.0512,0.0512,10000128,2015-04-22,2015-04-22,C,2.95,2015-04-08
1712,2015-04-08 10:03:00,2015-04-08,0.0513,17392.0,34.0,663.0,0.051,0.0513,0.0509,10000128,2015-04-22,2015-04-22,C,2.95,2015-04-08
1713,2015-04-08 10:04:00,2015-04-08,0.0513,0.0,0.0,663.0,0.0513,0.0513,0.0513,10000128,2015-04-22,2015-04-22,C,2.95,2015-04-08
1714,2015-04-08 10:05:00,2015-04-08,0.0504,13864.0,28.0,686.0,0.05,0.0491,0.0491,10000128,2015-04-22,2015-04-22,C,2.95,2015-04-08
1715,2015-04-08 10:06:00,2015-04-08,0.0491,6354.0,13.0,699.0,0.0491,0.0462,0.0462,10000128,2015-04-22,2015-04-22,C,2.95,2015-04-08
1716,2015-04-08 10:07:00,2015-04-08,0.0487,4682.0,10.0,709.0,0.0487,0.0465,0.0462,10000128,2015-04-22,2015-04-22,C,2.95,2015-04-08
1717,2015-04-08 10:08:00,2015-04-08,0.048,7182.0,15.0,719.0,0.0479,0.0478,0.0478,10000128,2015-04-22,2015-04-22,C,2.95,2015-04-08
1718,2015-04-08 10:09:00,2015-04-08,0.0483,9650.0,20.0,739.0,0.0483,0.0482,0.0482,10000128,2015-04-22,2015-04-22,C,2.95,2015-04-08
1719,2015-04-08 10:10:00,2015-04-08,0.0481,10075.0,21.0,754.0,0.0481,0.0481,0.0481,10000128,2015-04-22,2015-04-22,C,2.95,2015-04-08
1720,2015-04-08 10:11:00,2015-04-08,0.0479,5219.0,11.0,764.0,0.0474,0.0479,0.0474,10000128,2015-04-22,2015-04-22,C,2.95,2015-04-08
1721,2015-04-08 10:12:00,2015-04-08,0.047,4700.0,10.0,774.0,0.047,0.047,0.047,10000128,2015-04-22,2015-04-22,C,2.95,2015-04-08
1722,2015-04-08 10:13:00,2015-04-08,0.0465,12266.0,27.0,783.0,0.0465,0.0436,0.0436,10000128,2015-04-22,2015-04-22,C,2.95,2015-04-08
1723,2015-04-08 10:14:00,2015-04-08,0.0428,1284.0,3.0,783.0,0.0428,0.0428,0.0428,10000128,2015-04-22,2015-04-22,C,2.95,2015-04-08
1724,2015-04-08 10:15:00,2015-04-08,0.0428,0.0,0.0,783.0,0.0428,0.0428,0.0428,10000128,2015-04-22,2015-04-22,C,2.95,2015-04-08
1725,2015-04-08 10:16:00,2015-04-08,0.0428,0.0,0.0,783.0,0.0428,0.0428,0.0428,10000128,2015-04-22,2015-04-22,C,2.95,2015-04-08
1726,2015-04-08 10:17:00,2015-04-08,0.0428,0.0,0.0,783.0,0.0428,0.0428,0.0428,10000128,2015-04-22,2015-04-22,C,2.95,2015-04-08
1727,2015-04-08 10:18:00,2015-04-08,0.044,3079.0,7.0,790.0,0.0439,0.044,0.0439,10000128,2015-04-22,2015-04-22,C,2.95,2015-04-08
1728,2015-04-08 10:19:00,2015-04-08,0.045,8950.0,20.0,810.0,0.0445,0.045,0.0445,10000128,2015-04-22,2015-04-22,C,2.95,2015-04-08
1729,2015-04-08 10:20:00,2015-04-08,0.0453,4530.0,10.0,820.0,0.0453,0.0453,0.0453,10000128,2015-04-22,2015-04-22,C,2.95,2015-04-08
1730,2015-04-08 10:21:00,2015-04-08,0.0453,0.0,0.0,820.0,0.0453,0.0453,0.0453,10000128,2015-04-22,2015-04-22,C,2.95,2015-04-08
1731,2015-04-08 10:22:00,2015-04-08,0.0453,0.0,0.0,820.0,0.0453,0.0453,0.0453,10000128,2015-04-22,2015-04-22,C,2.95,2015-04-08
1732,2015-04-08 10:23:00,2015-04-08,0.0469,4669.0,10.0,829.0,0.0468,0.0465,0.0465,10000128,2015-04-22,2015-04-22,C,2.95,2015-04-08
1733,2015-04-08 10:24:00,2015-04-08,0.0446,446.0,1.0,830.0,0.0446,0.0446,0.0446,10000128,2015-04-22,2015-04-22,C,2.95,2015-04-08
1734,2015-04-08 10:25:00,2015-04-08,0.0446,7416.0,17.0,839.0,0.0446,0.0429,0.0429,10000128,2015-04-22,2015-04-22,C,2.95,2015-04-08
1735,2015-04-08 10:26:00,2015-04-08,0.0422,2557.0,6.0,839.0,0.0422,0.0422,0.0422,10000128,2015-04-22,2015-04-22,C,2.95,2015-04-08
1736,2015-04-08 10:27:00,2015-04-08,0.0422,0.0,0.0,839.0,0.0422,0.0422,0.0422,10000128,2015-04-22,2015-04-22,C,2.95,2015-04-08
1737,2015-04-08 10:28:00,2015-04-08,0.0446,2230.0,5.0,844.0,0.0446,0.0446,0.0446,10000128,2015-04-22,2015-04-22,C,2.95,2015-04-08
1738,2015-04-08 10:29:00,2015-04-08,0.0446,0.0,0.0,844.0,0.0446,0.0446,0.0446,10000128,2015-04-22,2015-04-22,C,2.95,2015-04-08
1739,2015-04-08 10:30:00,2015-04-08,0.0451,451.0,1.0,845.0,0.0451,0.0451,0.0451,10000128,2015-04-22,2015-04-22,C,2.95,2015-04-08
1740,2015-04-08 10:31:00,2015-04-08,0.0471,2820.0,6.0,851.0,0.0471,0.0471,0.0471,10000128,2015-04-22,2015-04-22,C,2.95,2015-04-08
1741,2015-04-08 10:32:00,2015-04-08,0.0492,2868.0,6.0,857.0,0.0471,0.0492,0.0471,10000128,2015-04-22,2015-04-22,C,2.95,2015-04-08
1742,2015-04-08 10:33:00,2015-04-08,0.0492,0.0,0.0,857.0,0.0492,0.0492,0.0492,10000128,2015-04-22,2015-04-22,C,2.95,2015-04-08
1743,2015-04-08 10:34:00,2015-04-08,0.0492,0.0,0.0,857.0,0.0492,0.0492,0.0492,10000128,2015-04-22,2015-04-22,C,2.95,2015-04-08
1744,2015-04-08 10:35:00,2015-04-08,0.0472,944.0,2.0,859.0,0.0472,0.0472,0.0472,10000128,2015-04-22,2015-04-22,C,2.95,2015-04-08
1745,2015-04-08 10:36:00,2015-04-08,0.051,2456.0,5.0,863.0,0.048,0.0493,0.048,10000128,2015-04-22,2015-04-22,C,2.95,2015-04-08
1746,2015-04-08 10:37:00,2015-04-08,0.0509,5085.0,10.0,873.0,0.0509,0.0509,0.0509,10000128,2015-04-22,2015-04-22,C,2.95,2015-04-08
1747,2015-04-08 10:38:00,2015-04-08,0.0509,0.0,0.0,873.0,0.0509,0.0509,0.0509,10000128,2015-04-22,2015-04-22,C,2.95,2015-04-08
1748,2015-04-08 10:39:00,2015-04-08,0.0505,1010.0,2.0,873.0,0.0505,0.0505,0.0505,10000128,2015-04-22,2015-04-22,C,2.95,2015-04-08
1749,2015-04-08 10:40:00,2015-04-08,0.051,510.0,1.0,873.0,0.051,0.051,0.051,10000128,2015-04-22,2015-04-22,C,2.95,2015-04-08
1750,2015-04-08 10:41:00,2015-04-08,0.051,0.0,0.0,873.0,0.051,0.051,0.051,10000128,2015-04-22,2015-04-22,C,2.95,2015-04-08
1751,2015-04-08 10:42:00,2015-04-08,0.0524,6557.0,13.0,878.0,0.05,0.0524,0.05,10000128,2015-04-22,2015-04-22,C,2.95,2015-04-08
1752,2015-04-08 10:43:00,2015-04-08,0.0524,0.0,0.0,878.0,0.0524,0.0524,0.0524,10000128,2015-04-22,2015-04-22,C,2.95,2015-04-08
1753,2015-04-08 10:44:00,2015-04-08,0.051,2550.0,5.0,883.0,0.051,0.051,0.051,10000128,2015-04-22,2015-04-22,C,2.95,2015-04-08
1754,2015-04-08 10:45:00,2015-04-08,0.051,1530.0,3.0,886.0,0.051,0.051,0.051,10000128,2015-04-22,2015-04-22,C,2.95,2015-04-08
1755,2015-04-08 10:46:00,2015-04-08,0.051,0.0,0.0,886.0,0.051,0.051,0.051,10000128,2015-04-22,2015-04-22,C,2.95,2015-04-08
1756,2015-04-08 10:47:00,2015-04-08,0.051,1020.0,2.0,887.0,0.051,0.051,0.051,10000128,2015-04-22,2015-04-22,C,2.95,2015-04-08
1757,2015-04-08 10:48:00,2015-04-08,0.0507,7605.0,15.0,902.0,0.0507,0.0507,0.0507,10000128,2015-04-22,2015-04-22,C,2.95,2015-04-08
1758,2015-04-08 10:49:00,2015-04-08,0.0497,6369.0,13.0,915.0,0.0497,0.0496,0.0488,10000128,2015-04-22,2015-04-22,C,2.95,2015-04-08
1759,2015-04-08 10:50:00,2015-04-08,0.0496,4364.0,9.0,920.0,0.0496,0.0471,0.0471,10000128,2015-04-22,2015-04-22,C,2.95,2015-04-08
1760,2015-04-08 10:51:00,2015-04-08,0.0472,472.0,1.0,920.0,0.0472,0.0472,0.0472,10000128,2015-04-22,2015-04-22,C,2.95,2015-04-08
1761,2015-04-08 10:52:00,2015-04-08,0.0472,0.0,0.0,920.0,0.0472,0.0472,0.0472,10000128,2015-04-22,2015-04-22,C,2.95,2015-04-08
1762,2015-04-08 10:53:00,2015-04-08,0.0435,2606.0,6.0,925.0,0.0435,0.0431,0.0431,10000128,2015-04-22,2015-04-22,C,2.95,2015-04-08
1763,2015-04-08 10:54:00,2015-04-08,0.0423,2105.0,5.0,927.0,0.0423,0.042,0.042,10000128,2015-04-22,2015-04-22,C,2.95,2015-04-08
1764,2015-04-08 10:55:00,2015-04-08,0.042,0.0,0.0,927.0,0.042,0.042,0.042,10000128,2015-04-22,2015-04-22,C,2.95,2015-04-08
1765,2015-04-08 10:56:00,2015-04-08,0.042,0.0,0.0,927.0,0.042,0.042,0.042,10000128,2015-04-22,2015-04-22,C,2.95,2015-04-08
1766,2015-04-08 10:57:00,2015-04-08,0.0435,1269.0,3.0,930.0,0.0435,0.0417,0.0417,10000128,2015-04-22,2015-04-22,C,2.95,2015-04-08
1767,2015-04-08 10:58:00,2015-04-08,0.043,12329.0,30.0,931.0,0.0411,0.043,0.0406,10000128,2015-04-22,2015-04-22,C,2.95,2015-04-08
1768,2015-04-08 10:59:00,2015-04-08,0.0421,3368.0,8.0,939.0,0.0421,0.0421,0.0421,10000128,2015-04-22,2015-04-22,C,2.95,2015-04-08
1769,2015-04-08 11:00:00,2015-04-08,0.041,1640.0,4.0,943.0,0.041,0.041,0.041,10000128,2015-04-22,2015-04-22,C,2.95,2015-04-08
1770,2015-04-08 11:01:00,2015-04-08,0.0442,7047.0,16.0,954.0,0.0439,0.0442,0.0439,10000128,2015-04-22,2015-04-22,C,2.95,2015-04-08
1771,2015-04-08 11:02:00,2015-04-08,0.0448,2674.0,6.0,956.0,0.0448,0.0445,0.0445,10000128,2015-04-22,2015-04-22,C,2.95,2015-04-08
1772,2015-04-08 11:03:00,2015-04-08,0.0445,0.0,0.0,956.0,0.0445,0.0445,0.0445,10000128,2015-04-22,2015-04-22,C,2.95,2015-04-08
1773,2015-04-08 11:04:00,2015-04-08,0.044,2635.0,6.0,962.0,0.0439,0.044,0.0439,10000128,2015-04-22,2015-04-22,C,2.95,2015-04-08
1774,2015-04-08 11:05:00,2015-04-08,0.044,2640.0,6.0,965.0,0.044,0.044,0.044,10000128,2015-04-22,2015-04-22,C,2.95,2015-04-08
1775,2015-04-08 11:06:00,2015-04-08,0.0442,5290.0,12.0,977.0,0.0442,0.044,0.044,10000128,2015-04-22,2015-04-22,C,2.95,2015-04-08
1776,2015-04-08 11:07:00,2015-04-08,0.044,0.0,0.0,977.0,0.044,0.044,0.044,10000128,2015-04-22,2015-04-22,C,2.95,2015-04-08
1777,2015-04-08 11:08:00,2015-04-08,0.0413,413.0,1.0,978.0,0.0413,0.0413,0.0413,10000128,2015-04-22,2015-04-22,C,2.95,2015-04-08
1778,2015-04-08 11:09:00,2015-04-08,0.0413,0.0,0.0,978.0,0.0413,0.0413,0.0413,10000128,2015-04-22,2015-04-22,C,2.95,2015-04-08
1779,2015-04-08 11:10:00,2015-04-08,0.0413,1651.0,4.0,982.0,0.0413,0.0412,0.0412,10000128,2015-04-22,2015-04-22,C,2.95,2015-04-08
1780,2015-04-08 11:11:00,2015-04-08,0.042,838.0,2.0,984.0,0.0418,0.042,0.0418,10000128,2015-04-22,2015-04-22,C,2.95,2015-04-08
1781,2015-04-08 11:12:00,2015-04-08,0.044,4400.0,10.0,994.0,0.044,0.044,0.044,10000128,2015-04-22,2015-04-22,C,2.95,2015-04-08
1782,2015-04-08 11:13:00,2015-04-08,0.0447,9334.0,21.0,1015.0,0.044,0.044,0.044,10000128,2015-04-22,2015-04-22,C,2.95,2015-04-08
1783,2015-04-08 11:14:00,2015-04-08,0.044,0.0,0.0,1015.0,0.044,0.044,0.044,10000128,2015-04-22,2015-04-22,C,2.95,2015-04-08
1784,2015-04-08 11:15:00,2015-04-08,0.044,0.0,0.0,1015.0,0.044,0.044,0.044,10000128,2015-04-22,2015-04-22,C,2.95,2015-04-08
1785,2015-04-08 11:16:00,2015-04-08,0.045,4500.0,10.0,1025.0,0.045,0.045,0.045,10000128,2015-04-22,2015-04-22,C,2.95,2015-04-08
1786,2015-04-08 11:17:00,2015-04-08,0.0437,437.0,1.0,1026.0,0.0437,0.0437,0.0437,10000128,2015-04-22,2015-04-22,C,2.95,2015-04-08
1787,2015-04-08 11:18:00,2015-04-08,0.0437,0.0,0.0,1026.0,0.0437,0.0437,0.0437,10000128,2015-04-22,2015-04-22,C,2.95,2015-04-08
1788,2015-04-08 11:19:00,2015-04-08,0.0437,6078.0,14.0,1040.0,0.0437,0.0429,0.0429,10000128,2015-04-22,2015-04-22,C,2.95,2015-04-08
1789,2015-04-08 11:20:00,2015-04-08,0.0429,0.0,0.0,1040.0,0.0429,0.0429,0.0429,10000128,2015-04-22,2015-04-22,C,2.95,2015-04-08
1790,2015-04-08 11:21:00,2015-04-08,0.0439,1317.0,3.0,1043.0,0.0439,0.0439,0.0439,10000128,2015-04-22,2015-04-22,C,2.95,2015-04-08
1791,2015-04-08 11:22:00,2015-04-08,0.0439,0.0,0.0,1043.0,0.0439,0.0439,0.0439,10000128,2015-04-22,2015-04-22,C,2.95,2015-04-08
1792,2015-04-08 11:23:00,2015-04-08,0.0439,0.0,0.0,1043.0,0.0439,0.0439,0.0439,10000128,2015-04-22,2015-04-22,C,2.95,2015-04-08
1793,2015-04-08 11:24:00,2015-04-08,0.0439,0.0,0.0,1043.0,0.0439,0.0439,0.0439,10000128,2015-04-22,2015-04-22,C,2.95,2015-04-08
1794,2015-04-08 11:25:00,2015-04-08,0.0477,7145.0,15.0,1058.0,0.0475,0.0477,0.0475,10000128,2015-04-22,2015-04-22,C,2.95,2015-04-08
1795,2015-04-08 11:26:00,2015-04-08,0.0477,0.0,0.0,1058.0,0.0477,0.0477,0.0477,10000128,2015-04-22,2015-04-22,C,2.95,2015-04-08
1796,2015-04-08 11:27:00,2015-04-08,0.0478,1434.0,3.0,1058.0,0.0478,0.0478,0.0478,10000128,2015-04-22,2015-04-22,C,2.95,2015-04-08
1797,2015-04-08 11:28:00,2015-04-08,0.0512,12963.0,26.0,1077.0,0.0496,0.0498,0.0481,10000128,2015-04-22,2015-04-22,C,2.95,2015-04-08
1798,2015-04-08 11:29:00,2015-04-08,0.0526,26957.0,53.0,1094.0,0.05,0.051,0.05,10000128,2015-04-22,2015-04-22,C,2.95,2015-04-08
1799,2015-04-08 11:30:00,2015-04-08,0.0527,15780.0,30.0,1094.0,0.0524,0.0527,0.0524,10000128,2015-04-22,2015-04-22,C,2.95,2015-04-08
1800,2015-04-08 13:01:00,2015-04-08,0.055,15014.0,28.0,1104.0,0.0532,0.055,0.0532,10000128,2015-04-22,2015-04-22,C,2.95,2015-04-08
1801,2015-04-08 13:02:00,2015-04-08,0.0555,8245.0,15.0,1109.0,0.0555,0.0547,0.0547,10000128,2015-04-22,2015-04-22,C,2.95,2015-04-08
1802,2015-04-08 13:03:00,2015-04-08,0.0547,13590.0,25.0,1109.0,0.0542,0.0541,0.0541,10000128,2015-04-22,2015-04-22,C,2.95,2015-04-08
1803,2015-04-08 13:04:00,2015-04-08,0.0555,11903.0,22.0,1110.0,0.0553,0.0555,0.0538,10000128,2015-04-22,2015-04-22,C,2.95,2015-04-08
1804,2015-04-08 13:05:00,2015-04-08,0.0572,5703.0,10.0,1118.0,0.0568,0.0572,0.0568,10000128,2015-04-22,2015-04-22,C,2.95,2015-04-08
1805,2015-04-08 13:06:00,2015-04-08,0.0585,15024.0,26.0,1144.0,0.0584,0.056,0.056,10000128,2015-04-22,2015-04-22,C,2.95,2015-04-08
1806,2015-04-08 13:07:00,2015-04-08,0.0559,12256.0,22.0,1166.0,0.0555,0.0558,0.0555,10000128,2015-04-22,2015-04-22,C,2.95,2015-04-08
1807,2015-04-08 13:08:00,2015-04-08,0.0551,5510.0,10.0,1176.0,0.0551,0.0551,0.0551,10000128,2015-04-22,2015-04-22,C,2.95,2015-04-08
1808,2015-04-08 13:09:00,2015-04-08,0.0551,0.0,0.0,1176.0,0.0551,0.0551,0.0551,10000128,2015-04-22,2015-04-22,C,2.95,2015-04-08
1809,2015-04-08 13:10:00,2015-04-08,0.0531,531.0,1.0,1177.0,0.0531,0.0531,0.0531,10000128,2015-04-22,2015-04-22,C,2.95,2015-04-08
1810,2015-04-08 13:11:00,2015-04-08,0.0531,0.0,0.0,1177.0,0.0531,0.0531,0.0531,10000128,2015-04-22,2015-04-22,C,2.95,2015-04-08
1811,2015-04-08 13:12:00,2015-04-08,0.0531,0.0,0.0,1177.0,0.0531,0.0531,0.0531,10000128,2015-04-22,2015-04-22,C,2.95,2015-04-08
1812,2015-04-08 13:13:00,2015-04-08,0.0545,6516.0,12.0,1180.0,0.0531,0.0545,0.0531,10000128,2015-04-22,2015-04-22,C,2.95,2015-04-08
1813,2015-04-08 13:14:00,2015-04-08,0.0535,535.0,1.0,1181.0,0.0535,0.0535,0.0535,10000128,2015-04-22,2015-04-22,C,2.95,2015-04-08
1814,2015-04-08 13:15:00,2015-04-08,0.0562,8782.0,16.0,1187.0,0.054000000000000006,0.0562,0.054000000000000006,10000128,2015-04-22,2015-04-22,C,2.95,2015-04-08
1815,2015-04-08 13:16:00,2015-04-08,0.0571,11876.0,21.0,1208.0,0.0563,0.0563,0.0563,10000128,2015-04-22,2015-04-22,C,2.95,2015-04-08
1816,2015-04-08 13:17:00,2015-04-08,0.0563,0.0,0.0,1208.0,0.0563,0.0563,0.0563,10000128,2015-04-22,2015-04-22,C,2.95,2015-04-08
1817,2015-04-08 13:18:00,2015-04-08,0.061,7847.0,13.0,1218.0,0.0594,0.061,0.0594,10000128,2015-04-22,2015-04-22,C,2.95,2015-04-08
1818,2015-04-08 13:19:00,2015-04-08,0.0623,16091.0,26.0,1239.0,0.0611,0.0623,0.0611,10000128,2015-04-22,2015-04-22,C,2.95,2015-04-08
1819,2015-04-08 13:20:00,2015-04-08,0.0623,9345.0,15.0,1249.0,0.0623,0.0623,0.0623,10000128,2015-04-22,2015-04-22,C,2.95,2015-04-08
1820,2015-04-08 13:21:00,2015-04-08,0.0623,6230.0,10.0,1249.0,0.0623,0.0623,0.0623,10000128,2015-04-22,2015-04-22,C,2.95,2015-04-08
1821,2015-04-08 13:22:00,2015-04-08,0.0623,0.0,0.0,1249.0,0.0623,0.0623,0.0623,10000128,2015-04-22,2015-04-22,C,2.95,2015-04-08
1822,2015-04-08 13:23:00,2015-04-08,0.0625,4375.0,7.0,1256.0,0.0625,0.0625,0.0625,10000128,2015-04-22,2015-04-22,C,2.95,2015-04-08
1823,2015-04-08 13:24:00,2015-04-08,0.0626,1878.0,3.0,1256.0,0.0626,0.0626,0.0626,10000128,2015-04-22,2015-04-22,C,2.95,2015-04-08
1824,2015-04-08 13:25:00,2015-04-08,0.0626,7432.0,12.0,1263.0,0.0626,0.061,0.061,10000128,2015-04-22,2015-04-22,C,2.95,2015-04-08
1825,2015-04-08 13:26:00,2015-04-08,0.061,0.0,0.0,1263.0,0.061,0.061,0.061,10000128,2015-04-22,2015-04-22,C,2.95,2015-04-08
1826,2015-04-08 13:27:00,2015-04-08,0.061,0.0,0.0,1263.0,0.061,0.061,0.061,10000128,2015-04-22,2015-04-22,C,2.95,2015-04-08
1827,2015-04-08 13:28:00,2015-04-08,0.0601,2404.0,4.0,1259.0,0.0601,0.0601,0.0601,10000128,2015-04-22,2015-04-22,C,2.95,2015-04-08
1828,2015-04-08 13:29:00,2015-04-08,0.0601,0.0,0.0,1259.0,0.0601,0.0601,0.0601,10000128,2015-04-22,2015-04-22,C,2.95,2015-04-08
1829,2015-04-08 13:30:00,2015-04-08,0.0626,9926.0,16.0,1245.0,0.0621,0.0626,0.0618,10000128,2015-04-22,2015-04-22,C,2.95,2015-04-08
1830,2015-04-08 13:31:00,2015-04-08,0.0642,18986.0,30.0,1233.0,0.063,0.0642,0.0628,10000128,2015-04-22,2015-04-22,C,2.95,2015-04-08
1831,2015-04-08 13:32:00,2015-04-08,0.0642,0.0,0.0,1233.0,0.0642,0.0642,0.0642,10000128,2015-04-22,2015-04-22,C,2.95,2015-04-08
1832,2015-04-08 13:33:00,2015-04-08,0.0642,0.0,0.0,1233.0,0.0642,0.0642,0.0642,10000128,2015-04-22,2015-04-22,C,2.95,2015-04-08
1833,2015-04-08 13:34:00,2015-04-08,0.064,3840.0,6.0,1233.0,0.064,0.064,0.064,10000128,2015-04-22,2015-04-22,C,2.95,2015-04-08
1834,2015-04-08 13:35:00,2015-04-08,0.0642,4458.0,7.0,1234.0,0.0642,0.0626,0.0626,10000128,2015-04-22,2015-04-22,C,2.95,2015-04-08
1835,2015-04-08 13:36:00,2015-04-08,0.0626,12520.0,20.0,1234.0,0.0626,0.0626,0.0626,10000128,2015-04-22,2015-04-22,C,2.95,2015-04-08
1836,2015-04-08 13:37:00,2015-04-08,0.0622,7464.0,12.0,1236.0,0.0622,0.0622,0.0622,10000128,2015-04-22,2015-04-22,C,2.95,2015-04-08
1837,2015-04-08 13:38:00,2015-04-08,0.0622,19236.0,31.0,1256.0,0.0622,0.062,0.062,10000128,2015-04-22,2015-04-22,C,2.95,2015-04-08
1838,2015-04-08 13:39:00,2015-04-08,0.063,2520.0,4.0,1252.0,0.063,0.063,0.063,10000128,2015-04-22,2015-04-22,C,2.95,2015-04-08
1839,2015-04-08 13:40:00,2015-04-08,0.0621,11150.0,18.0,1266.0,0.0621,0.0616,0.0616,10000128,2015-04-22,2015-04-22,C,2.95,2015-04-08
1840,2015-04-08 13:41:00,2015-04-08,0.0623,623.0,1.0,1266.0,0.0623,0.0623,0.0623,10000128,2015-04-22,2015-04-22,C,2.95,2015-04-08
1841,2015-04-08 13:42:00,2015-04-08,0.06,3000.0,5.0,1266.0,0.06,0.06,0.06,10000128,2015-04-22,2015-04-22,C,2.95,2015-04-08
1842,2015-04-08 13:43:00,2015-04-08,0.0595,595.0,1.0,1266.0,0.0595,0.0595,0.0595,10000128,2015-04-22,2015-04-22,C,2.95,2015-04-08
1843,2015-04-08 13:44:00,2015-04-08,0.0599,14910.0,25.0,1291.0,0.0599,0.0586,0.0586,10000128,2015-04-22,2015-04-22,C,2.95,2015-04-08
1844,2015-04-08 13:45:00,2015-04-08,0.06,3593.0,6.0,1296.0,0.0593,0.06,0.0593,10000128,2015-04-22,2015-04-22,C,2.95,2015-04-08
1845,2015-04-08 13:46:00,2015-04-08,0.0619,12380.0,20.0,1316.0,0.0619,0.0619,0.0619,10000128,2015-04-22,2015-04-22,C,2.95,2015-04-08
1846,2015-04-08 13:47:00,2015-04-08,0.0619,0.0,0.0,1316.0,0.0619,0.0619,0.0619,10000128,2015-04-22,2015-04-22,C,2.95,2015-04-08
1847,2015-04-08 13:48:00,2015-04-08,0.0629,7408.0,12.0,1317.0,0.0615,0.0629,0.0615,10000128,2015-04-22,2015-04-22,C,2.95,2015-04-08
1848,2015-04-08 13:49:00,2015-04-08,0.063,5040.0,8.0,1317.0,0.063,0.063,0.063,10000128,2015-04-22,2015-04-22,C,2.95,2015-04-08
1849,2015-04-08 13:50:00,2015-04-08,0.0615,1230.0,2.0,1319.0,0.0615,0.0615,0.0615,10000128,2015-04-22,2015-04-22,C,2.95,2015-04-08
1850,2015-04-08 13:51:00,2015-04-08,0.0615,4920.0,8.0,1327.0,0.0615,0.0615,0.0615,10000128,2015-04-22,2015-04-22,C,2.95,2015-04-08
1851,2015-04-08 13:52:00,2015-04-08,0.0624,624.0,1.0,1327.0,0.0624,0.0624,0.0624,10000128,2015-04-22,2015-04-22,C,2.95,2015-04-08
1852,2015-04-08 13:53:00,2015-04-08,0.0624,0.0,0.0,1327.0,0.0624,0.0624,0.0624,10000128,2015-04-22,2015-04-22,C,2.95,2015-04-08
1853,2015-04-08 13:54:00,2015-04-08,0.0624,0.0,0.0,1327.0,0.0624,0.0624,0.0624,10000128,2015-04-22,2015-04-22,C,2.95,2015-04-08
1854,2015-04-08 13:55:00,2015-04-08,0.0604,3024.0,5.0,1332.0,0.0604,0.0604,0.0604,10000128,2015-04-22,2015-04-22,C,2.95,2015-04-08
1855,2015-04-08 13:56:00,2015-04-08,0.0604,0.0,0.0,1332.0,0.0604,0.0604,0.0604,10000128,2015-04-22,2015-04-22,C,2.95,2015-04-08
1856,2015-04-08 13:57:00,2015-04-08,0.064,1920.0,3.0,1334.0,0.064,0.064,0.064,10000128,2015-04-22,2015-04-22,C,2.95,2015-04-08
1857,2015-04-08 13:58:00,2015-04-08,0.0639,4428.0,7.0,1336.0,0.063,0.0639,0.063,10000128,2015-04-22,2015-04-22,C,2.95,2015-04-08
1858,2015-04-08 13:59:00,2015-04-08,0.064,7651.0,12.0,1343.0,0.0639,0.0628,0.0628,10000128,2015-04-22,2015-04-22,C,2.95,2015-04-08
1859,2015-04-08 14:00:00,2015-04-08,0.0628,6280.0,10.0,1351.0,0.0628,0.0628,0.0628,10000128,2015-04-22,2015-04-22,C,2.95,2015-04-08
1860,2015-04-08 14:01:00,2015-04-08,0.0628,0.0,0.0,1351.0,0.0628,0.0628,0.0628,10000128,2015-04-22,2015-04-22,C,2.95,2015-04-08
1861,2015-04-08 14:02:00,2015-04-08,0.0628,0.0,0.0,1351.0,0.0628,0.0628,0.0628,10000128,2015-04-22,2015-04-22,C,2.95,2015-04-08
1862,2015-04-08 14:03:00,2015-04-08,0.0635,2504.0,4.0,1352.0,0.0635,0.0623,0.0623,10000128,2015-04-22,2015-04-22,C,2.95,2015-04-08
1863,2015-04-08 14:04:00,2015-04-08,0.0623,623.0,1.0,1351.0,0.0623,0.0623,0.0623,10000128,2015-04-22,2015-04-22,C,2.95,2015-04-08
1864,2015-04-08 14:05:00,2015-04-08,0.0598,16118.0,27.0,1354.0,0.0598,0.0564,0.0564,10000128,2015-04-22,2015-04-22,C,2.95,2015-04-08
1865,2015-04-08 14:06:00,2015-04-08,0.0595,1780.0,3.0,1355.0,0.0595,0.059,0.059,10000128,2015-04-22,2015-04-22,C,2.95,2015-04-08
1866,2015-04-08 14:07:00,2015-04-08,0.059,1156.0,2.0,1357.0,0.059,0.0566,0.0566,10000128,2015-04-22,2015-04-22,C,2.95,2015-04-08
1867,2015-04-08 14:08:00,2015-04-08,0.0595,1775.0,3.0,1358.0,0.0595,0.059,0.059,10000128,2015-04-22,2015-04-22,C,2.95,2015-04-08
1868,2015-04-08 14:09:00,2015-04-08,0.059,0.0,0.0,1358.0,0.059,0.059,0.059,10000128,2015-04-22,2015-04-22,C,2.95,2015-04-08
1869,2015-04-08 14:10:00,2015-04-08,0.059,0.0,0.0,1358.0,0.059,0.059,0.059,10000128,2015-04-22,2015-04-22,C,2.95,2015-04-08
1870,2015-04-08 14:11:00,2015-04-08,0.059,0.0,0.0,1358.0,0.059,0.059,0.059,10000128,2015-04-22,2015-04-22,C,2.95,2015-04-08
1871,2015-04-08 14:12:00,2015-04-08,0.06,4200.0,7.0,1356.0,0.06,0.06,0.06,10000128,2015-04-22,2015-04-22,C,2.95,2015-04-08
1872,2015-04-08 14:13:00,2015-04-08,0.0605,10217.0,17.0,1340.0,0.0599,0.0605,0.0599,10000128,2015-04-22,2015-04-22,C,2.95,2015-04-08
1873,2015-04-08 14:14:00,2015-04-08,0.061,3050.0,5.0,1345.0,0.061,0.061,0.061,10000128,2015-04-22,2015-04-22,C,2.95,2015-04-08
1874,2015-04-08 14:15:00,2015-04-08,0.061,0.0,0.0,1345.0,0.061,0.061,0.061,10000128,2015-04-22,2015-04-22,C,2.95,2015-04-08
1875,2015-04-08 14:16:00,2015-04-08,0.061,0.0,0.0,1345.0,0.061,0.061,0.061,10000128,2015-04-22,2015-04-22,C,2.95,2015-04-08
1876,2015-04-08 14:17:00,2015-04-08,0.061,0.0,0.0,1345.0,0.061,0.061,0.061,10000128,2015-04-22,2015-04-22,C,2.95,2015-04-08
1877,2015-04-08 14:18:00,2015-04-08,0.061,0.0,0.0,1345.0,0.061,0.061,0.061,10000128,2015-04-22,2015-04-22,C,2.95,2015-04-08
1878,2015-04-08 14:19:00,2015-04-08,0.0579,12620.0,22.0,1356.0,0.0579,0.0565,0.0565,10000128,2015-04-22,2015-04-22,C,2.95,2015-04-08
1879,2015-04-08 14:20:00,2015-04-08,0.0577,1709.0,3.0,1358.0,0.0577,0.0577,0.0577,10000128,2015-04-22,2015-04-22,C,2.95,2015-04-08
1880,2015-04-08 14:21:00,2015-04-08,0.0573,10081.0,18.0,1376.0,0.0573,0.055,0.055,10000128,2015-04-22,2015-04-22,C,2.95,2015-04-08
1881,2015-04-08 14:22:00,2015-04-08,0.056,2182.0,4.0,1379.0,0.054000000000000006,0.056,0.054000000000000006,10000128,2015-04-22,2015-04-22,C,2.95,2015-04-08
1882,2015-04-08 14:23:00,2015-04-08,0.056,2209.0,4.0,1382.0,0.056,0.0542,0.0542,10000128,2015-04-22,2015-04-22,C,2.95,2015-04-08
1883,2015-04-08 14:24:00,2015-04-08,0.0542,1624.0,3.0,1382.0,0.0541,0.0542,0.0541,10000128,2015-04-22,2015-04-22,C,2.95,2015-04-08
1884,2015-04-08 14:25:00,2015-04-08,0.0553,1647.0,3.0,1385.0,0.0553,0.0541,0.0541,10000128,2015-04-22,2015-04-22,C,2.95,2015-04-08
1885,2015-04-08 14:26:00,2015-04-08,0.0551,17812.0,33.0,1402.0,0.0551,0.0529,0.0529,10000128,2015-04-22,2015-04-22,C,2.95,2015-04-08
1886,2015-04-08 14:27:00,2015-04-08,0.0529,0.0,0.0,1402.0,0.0529,0.0529,0.0529,10000128,2015-04-22,2015-04-22,C,2.95,2015-04-08
1887,2015-04-08 14:28:00,2015-04-08,0.0537,4273.0,8.0,1409.0,0.053,0.0537,0.0529,10000128,2015-04-22,2015-04-22,C,2.95,2015-04-08
1888,2015-04-08 14:29:00,2015-04-08,0.054000000000000006,540.0,1.0,1410.0,0.054000000000000006,0.054000000000000006,0.054000000000000006,10000128,2015-04-22,2015-04-22,C,2.95,2015-04-08
1889,2015-04-08 14:30:00,2015-04-08,0.0536,1071.0,2.0,1410.0,0.0536,0.0535,0.0535,10000128,2015-04-22,2015-04-22,C,2.95,2015-04-08
1890,2015-04-08 14:31:00,2015-04-08,0.0535,535.0,1.0,1410.0,0.0535,0.0535,0.0535,10000128,2015-04-22,2015-04-22,C,2.95,2015-04-08
1891,2015-04-08 14:32:00,2015-04-08,0.0561,7717.0,14.0,1423.0,0.0529,0.0558,0.0529,10000128,2015-04-22,2015-04-22,C,2.95,2015-04-08
1892,2015-04-08 14:33:00,2015-04-08,0.0561,6161.0,11.0,1433.0,0.056,0.0561,0.056,10000128,2015-04-22,2015-04-22,C,2.95,2015-04-08
1893,2015-04-08 14:34:00,2015-04-08,0.0561,3903.0,7.0,1433.0,0.0561,0.0555,0.0555,10000128,2015-04-22,2015-04-22,C,2.95,2015-04-08
1894,2015-04-08 14:35:00,2015-04-08,0.0561,2805.0,5.0,1433.0,0.0561,0.0561,0.0561,10000128,2015-04-22,2015-04-22,C,2.95,2015-04-08
1895,2015-04-08 14:36:00,2015-04-08,0.0576,3444.0,6.0,1433.0,0.0576,0.0573,0.0573,10000128,2015-04-22,2015-04-22,C,2.95,2015-04-08
1896,2015-04-08 14:37:00,2015-04-08,0.0584,1168.0,2.0,1431.0,0.0584,0.0584,0.0584,10000128,2015-04-22,2015-04-22,C,2.95,2015-04-08
1897,2015-04-08 14:38:00,2015-04-08,0.0584,2896.0,5.0,1436.0,0.0572,0.0584,0.0572,10000128,2015-04-22,2015-04-22,C,2.95,2015-04-08
1898,2015-04-08 14:39:00,2015-04-08,0.0579,9227.0,16.0,1443.0,0.0572,0.0579,0.0572,10000128,2015-04-22,2015-04-22,C,2.95,2015-04-08
1899,2015-04-08 14:40:00,2015-04-08,0.0588,4670.0,8.0,1445.0,0.0587,0.0583,0.058,10000128,2015-04-22,2015-04-22,C,2.95,2015-04-08
1900,2015-04-08 14:41:00,2015-04-08,0.0594,6504.0,11.0,1456.0,0.0591,0.0591,0.0591,10000128,2015-04-22,2015-04-22,C,2.95,2015-04-08
1901,2015-04-08 14:42:00,2015-04-08,0.0595,16040.0,27.0,1483.0,0.0595,0.0595,0.0585,10000128,2015-04-22,2015-04-22,C,2.95,2015-04-08
1902,2015-04-08 14:43:00,2015-04-08,0.0595,20775.0,35.0,1518.0,0.0595,0.059,0.059,10000128,2015-04-22,2015-04-22,C,2.95,2015-04-08
1903,2015-04-08 14:44:00,2015-04-08,0.0608,6080.0,10.0,1527.0,0.0608,0.0608,0.0608,10000128,2015-04-22,2015-04-22,C,2.95,2015-04-08
1904,2015-04-08 14:45:00,2015-04-08,0.063,8090.0,13.0,1524.0,0.061,0.063,0.061,10000128,2015-04-22,2015-04-22,C,2.95,2015-04-08
1905,2015-04-08 14:46:00,2015-04-08,0.0636,6996.0,11.0,1524.0,0.0636,0.0636,0.0636,10000128,2015-04-22,2015-04-22,C,2.95,2015-04-08
1906,2015-04-08 14:47:00,2015-04-08,0.0636,4451.0,7.0,1526.0,0.0636,0.0635,0.0635,10000128,2015-04-22,2015-04-22,C,2.95,2015-04-08
1907,2015-04-08 14:48:00,2015-04-08,0.063,9410.0,15.0,1541.0,0.0622,0.063,0.0622,10000128,2015-04-22,2015-04-22,C,2.95,2015-04-08
1908,2015-04-08 14:49:00,2015-04-08,0.063,1260.0,2.0,1539.0,0.063,0.063,0.063,10000128,2015-04-22,2015-04-22,C,2.95,2015-04-08
1909,2015-04-08 14:50:00,2015-04-08,0.0636,7632.0,12.0,1550.0,0.0636,0.0636,0.0636,10000128,2015-04-22,2015-04-22,C,2.95,2015-04-08
1910,2015-04-08 14:51:00,2015-04-08,0.0636,0.0,0.0,1550.0,0.0636,0.0636,0.0636,10000128,2015-04-22,2015-04-22,C,2.95,2015-04-08
1911,2015-04-08 14:52:00,2015-04-08,0.0624,6864.0,11.0,1549.0,0.0624,0.0624,0.0624,10000128,2015-04-22,2015-04-22,C,2.95,2015-04-08
1912,2015-04-08 14:53:00,2015-04-08,0.0624,0.0,0.0,1549.0,0.0624,0.0624,0.0624,10000128,2015-04-22,2015-04-22,C,2.95,2015-04-08
1913,2015-04-08 14:54:00,2015-04-08,0.064,25891.0,41.0,1590.0,0.0624,0.0621,0.0621,10000128,2015-04-22,2015-04-22,C,2.95,2015-04-08
1914,2015-04-08 14:55:00,2015-04-08,0.0621,4347.0,7.0,1590.0,0.0621,0.0621,0.0621,10000128,2015-04-22,2015-04-22,C,2.95,2015-04-08
1915,2015-04-08 14:56:00,2015-04-08,0.063,3132.0,5.0,1589.0,0.063,0.0621,0.0621,10000128,2015-04-22,2015-04-22,C,2.95,2015-04-08
1916,2015-04-08 14:57:00,2015-04-08,0.0641,9610.0,15.0,1604.0,0.064,0.0641,0.064,10000128,2015-04-22,2015-04-22,C,2.95,2015-04-08
1917,2015-04-08 14:58:00,2015-04-08,0.0641,0.0,0.0,1604.0,0.0641,0.0641,0.0641,10000128,2015-04-22,2015-04-22,C,2.95,2015-04-08
1918,2015-04-08 14:59:00,2015-04-08,0.0641,0.0,0.0,1604.0,0.0641,0.0641,0.0641,10000128,2015-04-22,2015-04-22,C,2.95,2015-04-08
1919,2015-04-08 15:00:00,2015-04-08,0.0642,8346.0,13.0,1506.0,0.0642,0.0642,0.0642,10000128,2015-04-22,2015-04-22,C,2.95,2015-04-08
1920,2015-04-08 09:31:00,2015-04-08,0.4617,0.0,0.0,0.0,0.4617,0.4617,0.4617,10000047,2015-09-23,2015-09-23,C,2.45,2015-02-10
1921,2015-04-08 09:32:00,2015-04-08,0.4617,0.0,0.0,0.0,0.4617,0.4617,0.4617,10000047,2015-09-23,2015-09-23,C,2.45,2015-02-10
1922,2015-04-08 09:33:00,2015-04-08,0.4617,0.0,0.0,0.0,0.4617,0.4617,0.4617,10000047,2015-09-23,2015-09-23,C,2.45,2015-02-10
1923,2015-04-08 09:34:00,2015-04-08,0.4617,0.0,0.0,0.0,0.4617,0.4617,0.4617,10000047,2015-09-23,2015-09-23,C,2.45,2015-02-10
1924,2015-04-08 09:35:00,2015-04-08,0.4617,0.0,0.0,0.0,0.4617,0.4617,0.4617,10000047,2015-09-23,2015-09-23,C,2.45,2015-02-10
1925,2015-04-08 09:36:00,2015-04-08,0.4617,0.0,0.0,0.0,0.4617,0.4617,0.4617,10000047,2015-09-23,2015-09-23,C,2.45,2015-02-10
1926,2015-04-08 09:37:00,2015-04-08,0.4617,0.0,0.0,0.0,0.4617,0.4617,0.4617,10000047,2015-09-23,2015-09-23,C,2.45,2015-02-10
1927,2015-04-08 09:38:00,2015-04-08,0.4617,0.0,0.0,0.0,0.4617,0.4617,0.4617,10000047,2015-09-23,2015-09-23,C,2.45,2015-02-10
1928,2015-04-08 09:39:00,2015-04-08,0.4617,0.0,0.0,0.0,0.4617,0.4617,0.4617,10000047,2015-09-23,2015-09-23,C,2.45,2015-02-10
1929,2015-04-08 09:40:00,2015-04-08,0.4617,0.0,0.0,0.0,0.4617,0.4617,0.4617,10000047,2015-09-23,2015-09-23,C,2.45,2015-02-10
1930,2015-04-08 09:41:00,2015-04-08,0.4617,0.0,0.0,0.0,0.4617,0.4617,0.4617,10000047,2015-09-23,2015-09-23,C,2.45,2015-02-10
1931,2015-04-08 09:42:00,2015-04-08,0.4617,0.0,0.0,0.0,0.4617,0.4617,0.4617,10000047,2015-09-23,2015-09-23,C,2.45,2015-02-10
1932,2015-04-08 09:43:00,2015-04-08,0.4617,0.0,0.0,0.0,0.4617,0.4617,0.4617,10000047,2015-09-23,2015-09-23,C,2.45,2015-02-10
1933,2015-04-08 09:44:00,2015-04-08,0.4617,0.0,0.0,0.0,0.4617,0.4617,0.4617,10000047,2015-09-23,2015-09-23,C,2.45,2015-02-10
1934,2015-04-08 09:45:00,2015-04-08,0.4617,0.0,0.0,0.0,0.4617,0.4617,0.4617,10000047,2015-09-23,2015-09-23,C,2.45,2015-02-10
1935,2015-04-08 09:46:00,2015-04-08,0.4617,0.0,0.0,0.0,0.4617,0.4617,0.4617,10000047,2015-09-23,2015-09-23,C,2.45,2015-02-10
1936,2015-04-08 09:47:00,2015-04-08,0.4617,0.0,0.0,0.0,0.4617,0.4617,0.4617,10000047,2015-09-23,2015-09-23,C,2.45,2015-02-10
1937,2015-04-08 09:48:00,2015-04-08,0.4617,0.0,0.0,0.0,0.4617,0.4617,0.4617,10000047,2015-09-23,2015-09-23,C,2.45,2015-02-10
1938,2015-04-08 09:49:00,2015-04-08,0.4617,0.0,0.0,0.0,0.4617,0.4617,0.4617,10000047,2015-09-23,2015-09-23,C,2.45,2015-02-10
1939,2015-04-08 09:50:00,2015-04-08,0.4617,0.0,0.0,0.0,0.4617,0.4617,0.4617,10000047,2015-09-23,2015-09-23,C,2.45,2015-02-10
1940,2015-04-08 09:51:00,2015-04-08,0.4617,0.0,0.0,0.0,0.4617,0.4617,0.4617,10000047,2015-09-23,2015-09-23,C,2.45,2015-02-10
1941,2015-04-08 09:52:00,2015-04-08,0.4617,0.0,0.0,0.0,0.4617,0.4617,0.4617,10000047,2015-09-23,2015-09-23,C,2.45,2015-02-10
1942,2015-04-08 09:53:00,2015-04-08,0.4617,0.0,0.0,0.0,0.4617,0.4617,0.4617,10000047,2015-09-23,2015-09-23,C,2.45,2015-02-10
1943,2015-04-08 09:54:00,2015-04-08,0.4617,0.0,0.0,0.0,0.4617,0.4617,0.4617,10000047,2015-09-23,2015-09-23,C,2.45,2015-02-10
1944,2015-04-08 09:55:00,2015-04-08,0.4617,0.0,0.0,0.0,0.4617,0.4617,0.4617,10000047,2015-09-23,2015-09-23,C,2.45,2015-02-10
1945,2015-04-08 09:56:00,2015-04-08,0.4617,0.0,0.0,0.0,0.4617,0.4617,0.4617,10000047,2015-09-23,2015-09-23,C,2.45,2015-02-10
1946,2015-04-08 09:57:00,2015-04-08,0.4617,0.0,0.0,0.0,0.4617,0.4617,0.4617,10000047,2015-09-23,2015-09-23,C,2.45,2015-02-10
1947,2015-04-08 09:58:00,2015-04-08,0.4617,0.0,0.0,0.0,0.4617,0.4617,0.4617,10000047,2015-09-23,2015-09-23,C,2.45,2015-02-10
1948,2015-04-08 09:59:00,2015-04-08,0.4617,0.0,0.0,0.0,0.4617,0.4617,0.4617,10000047,2015-09-23,2015-09-23,C,2.45,2015-02-10
1949,2015-04-08 10:00:00,2015-04-08,0.4617,0.0,0.0,0.0,0.4617,0.4617,0.4617,10000047,2015-09-23,2015-09-23,C,2.45,2015-02-10
1950,2015-04-08 10:01:00,2015-04-08,0.4617,0.0,0.0,0.0,0.4617,0.4617,0.4617,10000047,2015-09-23,2015-09-23,C,2.45,2015-02-10
1951,2015-04-08 10:02:00,2015-04-08,0.4617,0.0,0.0,0.0,0.4617,0.4617,0.4617,10000047,2015-09-23,2015-09-23,C,2.45,2015-02-10
1952,2015-04-08 10:03:00,2015-04-08,0.4617,0.0,0.0,0.0,0.4617,0.4617,0.4617,10000047,2015-09-23,2015-09-23,C,2.45,2015-02-10
1953,2015-04-08 10:04:00,2015-04-08,0.4617,0.0,0.0,0.0,0.4617,0.4617,0.4617,10000047,2015-09-23,2015-09-23,C,2.45,2015-02-10
1954,2015-04-08 10:05:00,2015-04-08,0.4617,0.0,0.0,0.0,0.4617,0.4617,0.4617,10000047,2015-09-23,2015-09-23,C,2.45,2015-02-10
1955,2015-04-08 10:06:00,2015-04-08,0.4617,0.0,0.0,0.0,0.4617,0.4617,0.4617,10000047,2015-09-23,2015-09-23,C,2.45,2015-02-10
1956,2015-04-08 10:07:00,2015-04-08,0.4617,0.0,0.0,0.0,0.4617,0.4617,0.4617,10000047,2015-09-23,2015-09-23,C,2.45,2015-02-10
1957,2015-04-08 10:08:00,2015-04-08,0.4617,0.0,0.0,0.0,0.4617,0.4617,0.4617,10000047,2015-09-23,2015-09-23,C,2.45,2015-02-10
1958,2015-04-08 10:09:00,2015-04-08,0.4617,0.0,0.0,0.0,0.4617,0.4617,0.4617,10000047,2015-09-23,2015-09-23,C,2.45,2015-02-10
1959,2015-04-08 10:10:00,2015-04-08,0.4617,0.0,0.0,0.0,0.4617,0.4617,0.4617,10000047,2015-09-23,2015-09-23,C,2.45,2015-02-10
1960,2015-04-08 10:11:00,2015-04-08,0.4617,0.0,0.0,0.0,0.4617,0.4617,0.4617,10000047,2015-09-23,2015-09-23,C,2.45,2015-02-10
1961,2015-04-08 10:12:00,2015-04-08,0.4617,0.0,0.0,0.0,0.4617,0.4617,0.4617,10000047,2015-09-23,2015-09-23,C,2.45,2015-02-10
1962,2015-04-08 10:13:00,2015-04-08,0.4617,0.0,0.0,0.0,0.4617,0.4617,0.4617,10000047,2015-09-23,2015-09-23,C,2.45,2015-02-10
1963,2015-04-08 10:14:00,2015-04-08,0.4617,0.0,0.0,0.0,0.4617,0.4617,0.4617,10000047,2015-09-23,2015-09-23,C,2.45,2015-02-10
1964,2015-04-08 10:15:00,2015-04-08,0.4617,0.0,0.0,0.0,0.4617,0.4617,0.4617,10000047,2015-09-23,2015-09-23,C,2.45,2015-02-10
1965,2015-04-08 10:16:00,2015-04-08,0.4617,0.0,0.0,0.0,0.4617,0.4617,0.4617,10000047,2015-09-23,2015-09-23,C,2.45,2015-02-10
1966,2015-04-08 10:17:00,2015-04-08,0.4617,0.0,0.0,0.0,0.4617,0.4617,0.4617,10000047,2015-09-23,2015-09-23,C,2.45,2015-02-10
1967,2015-04-08 10:18:00,2015-04-08,0.4617,0.0,0.0,0.0,0.4617,0.4617,0.4617,10000047,2015-09-23,2015-09-23,C,2.45,2015-02-10
1968,2015-04-08 10:19:00,2015-04-08,0.4617,0.0,0.0,0.0,0.4617,0.4617,0.4617,10000047,2015-09-23,2015-09-23,C,2.45,2015-02-10
1969,2015-04-08 10:20:00,2015-04-08,0.4617,0.0,0.0,0.0,0.4617,0.4617,0.4617,10000047,2015-09-23,2015-09-23,C,2.45,2015-02-10
1970,2015-04-08 10:21:00,2015-04-08,0.4617,0.0,0.0,0.0,0.4617,0.4617,0.4617,10000047,2015-09-23,2015-09-23,C,2.45,2015-02-10
1971,2015-04-08 10:22:00,2015-04-08,0.4617,0.0,0.0,0.0,0.4617,0.4617,0.4617,10000047,2015-09-23,2015-09-23,C,2.45,2015-02-10
1972,2015-04-08 10:23:00,2015-04-08,0.4617,0.0,0.0,0.0,0.4617,0.4617,0.4617,10000047,2015-09-23,2015-09-23,C,2.45,2015-02-10
1973,2015-04-08 10:24:00,2015-04-08,0.4617,0.0,0.0,0.0,0.4617,0.4617,0.4617,10000047,2015-09-23,2015-09-23,C,2.45,2015-02-10
1974,2015-04-08 10:25:00,2015-04-08,0.4617,0.0,0.0,0.0,0.4617,0.4617,0.4617,10000047,2015-09-23,2015-09-23,C,2.45,2015-02-10
1975,2015-04-08 10:26:00,2015-04-08,0.4617,0.0,0.0,0.0,0.4617,0.4617,0.4617,10000047,2015-09-23,2015-09-23,C,2.45,2015-02-10
1976,2015-04-08 10:27:00,2015-04-08,0.4617,0.0,0.0,0.0,0.4617,0.4617,0.4617,10000047,2015-09-23,2015-09-23,C,2.45,2015-02-10
1977,2015-04-08 10:28:00,2015-04-08,0.4617,0.0,0.0,0.0,0.4617,0.4617,0.4617,10000047,2015-09-23,2015-09-23,C,2.45,2015-02-10
1978,2015-04-08 10:29:00,2015-04-08,0.4617,0.0,0.0,0.0,0.4617,0.4617,0.4617,10000047,2015-09-23,2015-09-23,C,2.45,2015-02-10
1979,2015-04-08 10:30:00,2015-04-08,0.4617,0.0,0.0,0.0,0.4617,0.4617,0.4617,10000047,2015-09-23,2015-09-23,C,2.45,2015-02-10
1980,2015-04-08 10:31:00,2015-04-08,0.4617,0.0,0.0,0.0,0.4617,0.4617,0.4617,10000047,2015-09-23,2015-09-23,C,2.45,2015-02-10
1981,2015-04-08 10:32:00,2015-04-08,0.4617,0.0,0.0,0.0,0.4617,0.4617,0.4617,10000047,2015-09-23,2015-09-23,C,2.45,2015-02-10
1982,2015-04-08 10:33:00,2015-04-08,0.4617,0.0,0.0,0.0,0.4617,0.4617,0.4617,10000047,2015-09-23,2015-09-23,C,2.45,2015-02-10
1983,2015-04-08 10:34:00,2015-04-08,0.4617,0.0,0.0,0.0,0.4617,0.4617,0.4617,10000047,2015-09-23,2015-09-23,C,2.45,2015-02-10
1984,2015-04-08 10:35:00,2015-04-08,0.4617,0.0,0.0,0.0,0.4617,0.4617,0.4617,10000047,2015-09-23,2015-09-23,C,2.45,2015-02-10
1985,2015-04-08 10:36:00,2015-04-08,0.4617,0.0,0.0,0.0,0.4617,0.4617,0.4617,10000047,2015-09-23,2015-09-23,C,2.45,2015-02-10
1986,2015-04-08 10:37:00,2015-04-08,0.4617,0.0,0.0,0.0,0.4617,0.4617,0.4617,10000047,2015-09-23,2015-09-23,C,2.45,2015-02-10
1987,2015-04-08 10:38:00,2015-04-08,0.4617,0.0,0.0,0.0,0.4617,0.4617,0.4617,10000047,2015-09-23,2015-09-23,C,2.45,2015-02-10
1988,2015-04-08 10:39:00,2015-04-08,0.4617,0.0,0.0,0.0,0.4617,0.4617,0.4617,10000047,2015-09-23,2015-09-23,C,2.45,2015-02-10
1989,2015-04-08 10:40:00,2015-04-08,0.4617,0.0,0.0,0.0,0.4617,0.4617,0.4617,10000047,2015-09-23,2015-09-23,C,2.45,2015-02-10
1990,2015-04-08 10:41:00,2015-04-08,0.5084,-10728.0,-2.0,416.0,0.5084,0.5084,0.5084,10000047,2015-09-23,2015-09-23,C,2.45,2015-02-10
1991,2015-04-08 10:42:00,2015-04-08,0.5084,0.0,0.0,416.0,0.5084,0.5084,0.5084,10000047,2015-09-23,2015-09-23,C,2.45,2015-02-10
1992,2015-04-08 10:43:00,2015-04-08,0.5084,0.0,0.0,416.0,0.5084,0.5084,0.5084,10000047,2015-09-23,2015-09-23,C,2.45,2015-02-10
1993,2015-04-08 10:44:00,2015-04-08,0.5084,0.0,0.0,416.0,0.5084,0.5084,0.5084,10000047,2015-09-23,2015-09-23,C,2.45,2015-02-10
1994,2015-04-08 10:45:00,2015-04-08,0.5084,0.0,0.0,416.0,0.5084,0.5084,0.5084,10000047,2015-09-23,2015-09-23,C,2.45,2015-02-10
1995,2015-04-08 10:46:00,2015-04-08,0.5084,0.0,0.0,416.0,0.5084,0.5084,0.5084,10000047,2015-09-23,2015-09-23,C,2.45,2015-02-10
1996,2015-04-08 10:47:00,2015-04-08,0.5084,0.0,0.0,416.0,0.5084,0.5084,0.5084,10000047,2015-09-23,2015-09-23,C,2.45,2015-02-10
1997,2015-04-08 10:48:00,2015-04-08,0.5084,0.0,0.0,416.0,0.5084,0.5084,0.5084,10000047,2015-09-23,2015-09-23,C,2.45,2015-02-10
1998,2015-04-08 10:49:00,2015-04-08,0.5084,0.0,0.0,416.0,0.5084,0.5084,0.5084,10000047,2015-09-23,2015-09-23,C,2.45,2015-02-10
1999,2015-04-08 10:50:00,2015-04-08,0.5084,0.0,0.0,416.0,0.5084,0.5084,0.5084,10000047,2015-09-23,2015-09-23,C,2.45,2015-02-10
2000,2015-04-08 10:51:00,2015-04-08,0.5084,0.0,0.0,416.0,0.5084,0.5084,0.5084,10000047,2015-09-23,2015-09-23,C,2.45,2015-02-10
2001,2015-04-08 10:52:00,2015-04-08,0.5084,0.0,0.0,416.0,0.5084,0.5084,0.5084,10000047,2015-09-23,2015-09-23,C,2.45,2015-02-10
2002,2015-04-08 10:53:00,2015-04-08,0.5084,0.0,0.0,416.0,0.5084,0.5084,0.5084,10000047,2015-09-23,2015-09-23,C,2.45,2015-02-10
2003,2015-04-08 10:54:00,2015-04-08,0.5084,0.0,0.0,416.0,0.5084,0.5084,0.5084,10000047,2015-09-23,2015-09-23,C,2.45,2015-02-10
2004,2015-04-08 10:55:00,2015-04-08,0.5084,0.0,0.0,416.0,0.5084,0.5084,0.5084,10000047,2015-09-23,2015-09-23,C,2.45,2015-02-10
2005,2015-04-08 10:56:00,2015-04-08,0.5084,0.0,0.0,416.0,0.5084,0.5084,0.5084,10000047,2015-09-23,2015-09-23,C,2.45,2015-02-10
2006,2015-04-08 10:57:00,2015-04-08,0.5084,0.0,0.0,416.0,0.5084,0.5084,0.5084,10000047,2015-09-23,2015-09-23,C,2.45,2015-02-10
2007,2015-04-08 10:58:00,2015-04-08,0.5084,0.0,0.0,416.0,0.5084,0.5084,0.5084,10000047,2015-09-23,2015-09-23,C,2.45,2015-02-10
2008,2015-04-08 10:59:00,2015-04-08,0.5084,0.0,0.0,416.0,0.5084,0.5084,0.5084,10000047,2015-09-23,2015-09-23,C,2.45,2015-02-10
2009,2015-04-08 11:00:00,2015-04-08,0.5084,0.0,0.0,416.0,0.5084,0.5084,0.5084,10000047,2015-09-23,2015-09-23,C,2.45,2015-02-10
2010,2015-04-08 11:01:00,2015-04-08,0.5084,0.0,0.0,416.0,0.5084,0.5084,0.5084,10000047,2015-09-23,2015-09-23,C,2.45,2015-02-10
2011,2015-04-08 11:02:00,2015-04-08,0.5084,0.0,0.0,416.0,0.5084,0.5084,0.5084,10000047,2015-09-23,2015-09-23,C,2.45,2015-02-10
2012,2015-04-08 11:03:00,2015-04-08,0.5084,0.0,0.0,416.0,0.5084,0.5084,0.5084,10000047,2015-09-23,2015-09-23,C,2.45,2015-02-10
2013,2015-04-08 11:04:00,2015-04-08,0.5084,0.0,0.0,416.0,0.5084,0.5084,0.5084,10000047,2015-09-23,2015-09-23,C,2.45,2015-02-10
2014,2015-04-08 11:05:00,2015-04-08,0.5084,0.0,0.0,416.0,0.5084,0.5084,0.5084,10000047,2015-09-23,2015-09-23,C,2.45,2015-02-10
2015,2015-04-08 11:06:00,2015-04-08,0.5084,0.0,0.0,416.0,0.5084,0.5084,0.5084,10000047,2015-09-23,2015-09-23,C,2.45,2015-02-10
2016,2015-04-08 11:07:00,2015-04-08,0.5084,0.0,0.0,416.0,0.5084,0.5084,0.5084,10000047,2015-09-23,2015-09-23,C,2.45,2015-02-10
2017,2015-04-08 11:08:00,2015-04-08,0.5084,0.0,0.0,416.0,0.5084,0.5084,0.5084,10000047,2015-09-23,2015-09-23,C,2.45,2015-02-10
2018,2015-04-08 11:09:00,2015-04-08,0.5084,0.0,0.0,416.0,0.5084,0.5084,0.5084,10000047,2015-09-23,2015-09-23,C,2.45,2015-02-10
2019,2015-04-08 11:10:00,2015-04-08,0.5084,0.0,0.0,416.0,0.5084,0.5084,0.5084,10000047,2015-09-23,2015-09-23,C,2.45,2015-02-10
2020,2015-04-08 11:11:00,2015-04-08,0.5084,0.0,0.0,416.0,0.5084,0.5084,0.5084,10000047,2015-09-23,2015-09-23,C,2.45,2015-02-10
2021,2015-04-08 11:12:00,2015-04-08,0.5084,0.0,0.0,416.0,0.5084,0.5084,0.5084,10000047,2015-09-23,2015-09-23,C,2.45,2015-02-10
2022,2015-04-08 11:13:00,2015-04-08,0.5084,0.0,0.0,416.0,0.5084,0.5084,0.5084,10000047,2015-09-23,2015-09-23,C,2.45,2015-02-10
2023,2015-04-08 11:14:00,2015-04-08,0.5084,0.0,0.0,416.0,0.5084,0.5084,0.5084,10000047,2015-09-23,2015-09-23,C,2.45,2015-02-10
2024,2015-04-08 11:15:00,2015-04-08,0.5084,0.0,0.0,416.0,0.5084,0.5084,0.5084,10000047,2015-09-23,2015-09-23,C,2.45,2015-02-10
2025,2015-04-08 11:16:00,2015-04-08,0.5084,0.0,0.0,416.0,0.5084,0.5084,0.5084,10000047,2015-09-23,2015-09-23,C,2.45,2015-02-10
2026,2015-04-08 11:17:00,2015-04-08,0.5084,0.0,0.0,416.0,0.5084,0.5084,0.5084,10000047,2015-09-23,2015-09-23,C,2.45,2015-02-10
2027,2015-04-08 11:18:00,2015-04-08,0.5084,0.0,0.0,416.0,0.5084,0.5084,0.5084,10000047,2015-09-23,2015-09-23,C,2.45,2015-02-10
2028,2015-04-08 11:19:00,2015-04-08,0.5084,0.0,0.0,416.0,0.5084,0.5084,0.5084,10000047,2015-09-23,2015-09-23,C,2.45,2015-02-10
2029,2015-04-08 11:20:00,2015-04-08,0.5084,0.0,0.0,416.0,0.5084,0.5084,0.5084,10000047,2015-09-23,2015-09-23,C,2.45,2015-02-10
2030,2015-04-08 11:21:00,2015-04-08,0.5084,0.0,0.0,416.0,0.5084,0.5084,0.5084,10000047,2015-09-23,2015-09-23,C,2.45,2015-02-10
2031,2015-04-08 11:22:00,2015-04-08,0.5084,0.0,0.0,416.0,0.5084,0.5084,0.5084,10000047,2015-09-23,2015-09-23,C,2.45,2015-02-10
2032,2015-04-08 11:23:00,2015-04-08,0.5084,0.0,0.0,416.0,0.5084,0.5084,0.5084,10000047,2015-09-23,2015-09-23,C,2.45,2015-02-10
2033,2015-04-08 11:24:00,2015-04-08,0.5084,0.0,0.0,416.0,0.5084,0.5084,0.5084,10000047,2015-09-23,2015-09-23,C,2.45,2015-02-10
2034,2015-04-08 11:25:00,2015-04-08,0.5084,0.0,0.0,416.0,0.5084,0.5084,0.5084,10000047,2015-09-23,2015-09-23,C,2.45,2015-02-10
2035,2015-04-08 11:26:00,2015-04-08,0.5084,0.0,0.0,416.0,0.5084,0.5084,0.5084,10000047,2015-09-23,2015-09-23,C,2.45,2015-02-10
2036,2015-04-08 11:27:00,2015-04-08,0.5084,0.0,0.0,416.0,0.5084,0.5084,0.5084,10000047,2015-09-23,2015-09-23,C,2.45,2015-02-10
2037,2015-04-08 11:28:00,2015-04-08,0.5084,0.0,0.0,416.0,0.5084,0.5084,0.5084,10000047,2015-09-23,2015-09-23,C,2.45,2015-02-10
2038,2015-04-08 11:29:00,2015-04-08,0.5084,0.0,0.0,416.0,0.5084,0.5084,0.5084,10000047,2015-09-23,2015-09-23,C,2.45,2015-02-10
2039,2015-04-08 11:30:00,2015-04-08,0.5084,0.0,0.0,416.0,0.5084,0.5084,0.5084,10000047,2015-09-23,2015-09-23,C,2.45,2015-02-10
2040,2015-04-08 13:01:00,2015-04-08,0.5084,0.0,0.0,416.0,0.5084,0.5084,0.5084,10000047,2015-09-23,2015-09-23,C,2.45,2015-02-10
2041,2015-04-08 13:02:00,2015-04-08,0.5084,0.0,0.0,416.0,0.5084,0.5084,0.5084,10000047,2015-09-23,2015-09-23,C,2.45,2015-02-10
2042,2015-04-08 13:03:00,2015-04-08,0.5084,0.0,0.0,416.0,0.5084,0.5084,0.5084,10000047,2015-09-23,2015-09-23,C,2.45,2015-02-10
2043,2015-04-08 13:04:00,2015-04-08,0.5084,0.0,0.0,416.0,0.5084,0.5084,0.5084,10000047,2015-09-23,2015-09-23,C,2.45,2015-02-10
2044,2015-04-08 13:05:00,2015-04-08,0.5084,0.0,0.0,416.0,0.5084,0.5084,0.5084,10000047,2015-09-23,2015-09-23,C,2.45,2015-02-10
2045,2015-04-08 13:06:00,2015-04-08,0.5084,0.0,0.0,416.0,0.5084,0.5084,0.5084,10000047,2015-09-23,2015-09-23,C,2.45,2015-02-10
2046,2015-04-08 13:07:00,2015-04-08,0.5084,0.0,0.0,416.0,0.5084,0.5084,0.5084,10000047,2015-09-23,2015-09-23,C,2.45,2015-02-10
2047,2015-04-08 13:08:00,2015-04-08,0.5084,0.0,0.0,416.0,0.5084,0.5084,0.5084,10000047,2015-09-23,2015-09-23,C,2.45,2015-02-10
2048,2015-04-08 13:09:00,2015-04-08,0.5084,0.0,0.0,416.0,0.5084,0.5084,0.5084,10000047,2015-09-23,2015-09-23,C,2.45,2015-02-10
2049,2015-04-08 13:10:00,2015-04-08,0.5084,0.0,0.0,416.0,0.5084,0.5084,0.5084,10000047,2015-09-23,2015-09-23,C,2.45,2015-02-10
2050,2015-04-08 13:11:00,2015-04-08,0.5084,0.0,0.0,416.0,0.5084,0.5084,0.5084,10000047,2015-09-23,2015-09-23,C,2.45,2015-02-10
2051,2015-04-08 13:12:00,2015-04-08,0.5084,0.0,0.0,416.0,0.5084,0.5084,0.5084,10000047,2015-09-23,2015-09-23,C,2.45,2015-02-10
2052,2015-04-08 13:13:00,2015-04-08,0.5084,0.0,0.0,416.0,0.5084,0.5084,0.5084,10000047,2015-09-23,2015-09-23,C,2.45,2015-02-10
2053,2015-04-08 13:14:00,2015-04-08,0.5084,0.0,0.0,416.0,0.5084,0.5084,0.5084,10000047,2015-09-23,2015-09-23,C,2.45,2015-02-10
2054,2015-04-08 13:15:00,2015-04-08,0.5084,0.0,0.0,416.0,0.5084,0.5084,0.5084,10000047,2015-09-23,2015-09-23,C,2.45,2015-02-10
2055,2015-04-08 13:16:00,2015-04-08,0.5084,0.0,0.0,416.0,0.5084,0.5084,0.5084,10000047,2015-09-23,2015-09-23,C,2.45,2015-02-10
2056,2015-04-08 13:17:00,2015-04-08,0.5084,0.0,0.0,416.0,0.5084,0.5084,0.5084,10000047,2015-09-23,2015-09-23,C,2.45,2015-02-10
2057,2015-04-08 13:18:00,2015-04-08,0.5084,0.0,0.0,416.0,0.5084,0.5084,0.5084,10000047,2015-09-23,2015-09-23,C,2.45,2015-02-10
2058,2015-04-08 13:19:00,2015-04-08,0.5084,0.0,0.0,416.0,0.5084,0.5084,0.5084,10000047,2015-09-23,2015-09-23,C,2.45,2015-02-10
2059,2015-04-08 13:20:00,2015-04-08,0.5084,0.0,0.0,416.0,0.5084,0.5084,0.5084,10000047,2015-09-23,2015-09-23,C,2.45,2015-02-10
2060,2015-04-08 13:21:00,2015-04-08,0.5364,10728.0,2.0,416.0,0.5364,0.5364,0.5364,10000047,2015-09-23,2015-09-23,C,2.45,2015-02-10
2061,2015-04-08 13:22:00,2015-04-08,0.5364,0.0,0.0,416.0,0.5364,0.5364,0.5364,10000047,2015-09-23,2015-09-23,C,2.45,2015-02-10
2062,2015-04-08 13:23:00,2015-04-08,0.5364,0.0,0.0,416.0,0.5364,0.5364,0.5364,10000047,2015-09-23,2015-09-23,C,2.45,2015-02-10
2063,2015-04-08 13:24:00,2015-04-08,0.5364,0.0,0.0,416.0,0.5364,0.5364,0.5364,10000047,2015-09-23,2015-09-23,C,2.45,2015-02-10
2064,2015-04-08 13:25:00,2015-04-08,0.5364,0.0,0.0,416.0,0.5364,0.5364,0.5364,10000047,2015-09-23,2015-09-23,C,2.45,2015-02-10
2065,2015-04-08 13:26:00,2015-04-08,0.5364,0.0,0.0,416.0,0.5364,0.5364,0.5364,10000047,2015-09-23,2015-09-23,C,2.45,2015-02-10
2066,2015-04-08 13:27:00,2015-04-08,0.5364,0.0,0.0,416.0,0.5364,0.5364,0.5364,10000047,2015-09-23,2015-09-23,C,2.45,2015-02-10
2067,2015-04-08 13:28:00,2015-04-08,0.5364,0.0,0.0,416.0,0.5364,0.5364,0.5364,10000047,2015-09-23,2015-09-23,C,2.45,2015-02-10
2068,2015-04-08 13:29:00,2015-04-08,0.5364,0.0,0.0,416.0,0.5364,0.5364,0.5364,10000047,2015-09-23,2015-09-23,C,2.45,2015-02-10
2069,2015-04-08 13:30:00,2015-04-08,0.5364,0.0,0.0,416.0,0.5364,0.5364,0.5364,10000047,2015-09-23,2015-09-23,C,2.45,2015-02-10
2070,2015-04-08 13:31:00,2015-04-08,0.5364,0.0,0.0,416.0,0.5364,0.5364,0.5364,10000047,2015-09-23,2015-09-23,C,2.45,2015-02-10
2071,2015-04-08 13:32:00,2015-04-08,0.5364,0.0,0.0,416.0,0.5364,0.5364,0.5364,10000047,2015-09-23,2015-09-23,C,2.45,2015-02-10
2072,2015-04-08 13:33:00,2015-04-08,0.5364,0.0,0.0,416.0,0.5364,0.5364,0.5364,10000047,2015-09-23,2015-09-23,C,2.45,2015-02-10
2073,2015-04-08 13:34:00,2015-04-08,0.5364,0.0,0.0,416.0,0.5364,0.5364,0.5364,10000047,2015-09-23,2015-09-23,C,2.45,2015-02-10
2074,2015-04-08 13:35:00,2015-04-08,0.5364,0.0,0.0,416.0,0.5364,0.5364,0.5364,10000047,2015-09-23,2015-09-23,C,2.45,2015-02-10
2075,2015-04-08 13:36:00,2015-04-08,0.5364,0.0,0.0,416.0,0.5364,0.5364,0.5364,10000047,2015-09-23,2015-09-23,C,2.45,2015-02-10
2076,2015-04-08 13:37:00,2015-04-08,0.5364,0.0,0.0,416.0,0.5364,0.5364,0.5364,10000047,2015-09-23,2015-09-23,C,2.45,2015-02-10
2077,2015-04-08 13:38:00,2015-04-08,0.5364,0.0,0.0,416.0,0.5364,0.5364,0.5364,10000047,2015-09-23,2015-09-23,C,2.45,2015-02-10
2078,2015-04-08 13:39:00,2015-04-08,0.5364,0.0,0.0,416.0,0.5364,0.5364,0.5364,10000047,2015-09-23,2015-09-23,C,2.45,2015-02-10
2079,2015-04-08 13:40:00,2015-04-08,0.5364,0.0,0.0,416.0,0.5364,0.5364,0.5364,10000047,2015-09-23,2015-09-23,C,2.45,2015-02-10
2080,2015-04-08 13:41:00,2015-04-08,0.5364,0.0,0.0,416.0,0.5364,0.5364,0.5364,10000047,2015-09-23,2015-09-23,C,2.45,2015-02-10
2081,2015-04-08 13:42:00,2015-04-08,0.5364,0.0,0.0,416.0,0.5364,0.5364,0.5364,10000047,2015-09-23,2015-09-23,C,2.45,2015-02-10
2082,2015-04-08 13:43:00,2015-04-08,0.5364,0.0,0.0,416.0,0.5364,0.5364,0.5364,10000047,2015-09-23,2015-09-23,C,2.45,2015-02-10
2083,2015-04-08 13:44:00,2015-04-08,0.5364,0.0,0.0,416.0,0.5364,0.5364,0.5364,10000047,2015-09-23,2015-09-23,C,2.45,2015-02-10
2084,2015-04-08 13:45:00,2015-04-08,0.5364,0.0,0.0,416.0,0.5364,0.5364,0.5364,10000047,2015-09-23,2015-09-23,C,2.45,2015-02-10
2085,2015-04-08 13:46:00,2015-04-08,0.5364,0.0,0.0,416.0,0.5364,0.5364,0.5364,10000047,2015-09-23,2015-09-23,C,2.45,2015-02-10
2086,2015-04-08 13:47:00,2015-04-08,0.5364,0.0,0.0,416.0,0.5364,0.5364,0.5364,10000047,2015-09-23,2015-09-23,C,2.45,2015-02-10
2087,2015-04-08 13:48:00,2015-04-08,0.5364,0.0,0.0,416.0,0.5364,0.5364,0.5364,10000047,2015-09-23,2015-09-23,C,2.45,2015-02-10
2088,2015-04-08 13:49:00,2015-04-08,0.5364,0.0,0.0,416.0,0.5364,0.5364,0.5364,10000047,2015-09-23,2015-09-23,C,2.45,2015-02-10
2089,2015-04-08 13:50:00,2015-04-08,0.5364,0.0,0.0,416.0,0.5364,0.5364,0.5364,10000047,2015-09-23,2015-09-23,C,2.45,2015-02-10
2090,2015-04-08 13:51:00,2015-04-08,0.5364,0.0,0.0,416.0,0.5364,0.5364,0.5364,10000047,2015-09-23,2015-09-23,C,2.45,2015-02-10
2091,2015-04-08 13:52:00,2015-04-08,0.5364,0.0,0.0,416.0,0.5364,0.5364,0.5364,10000047,2015-09-23,2015-09-23,C,2.45,2015-02-10
2092,2015-04-08 13:53:00,2015-04-08,0.5364,0.0,0.0,416.0,0.5364,0.5364,0.5364,10000047,2015-09-23,2015-09-23,C,2.45,2015-02-10
2093,2015-04-08 13:54:00,2015-04-08,0.5364,0.0,0.0,416.0,0.5364,0.5364,0.5364,10000047,2015-09-23,2015-09-23,C,2.45,2015-02-10
2094,2015-04-08 13:55:00,2015-04-08,0.5364,0.0,0.0,416.0,0.5364,0.5364,0.5364,10000047,2015-09-23,2015-09-23,C,2.45,2015-02-10
2095,2015-04-08 13:56:00,2015-04-08,0.5364,0.0,0.0,416.0,0.5364,0.5364,0.5364,10000047,2015-09-23,2015-09-23,C,2.45,2015-02-10
2096,2015-04-08 13:57:00,2015-04-08,0.5364,0.0,0.0,416.0,0.5364,0.5364,0.5364,10000047,2015-09-23,2015-09-23,C,2.45,2015-02-10
2097,2015-04-08 13:58:00,2015-04-08,0.5364,0.0,0.0,416.0,0.5364,0.5364,0.5364,10000047,2015-09-23,2015-09-23,C,2.45,2015-02-10
2098,2015-04-08 13:59:00,2015-04-08,0.5364,0.0,0.0,416.0,0.5364,0.5364,0.5364,10000047,2015-09-23,2015-09-23,C,2.45,2015-02-10
2099,2015-04-08 14:00:00,2015-04-08,0.5364,0.0,0.0,416.0,0.5364,0.5364,0.5364,10000047,2015-09-23,2015-09-23,C,2.45,2015-02-10
2100,2015-04-08 14:01:00,2015-04-08,0.5364,0.0,0.0,416.0,0.5364,0.5364,0.5364,10000047,2015-09-23,2015-09-23,C,2.45,2015-02-10
2101,2015-04-08 14:02:00,2015-04-08,0.5364,0.0,0.0,416.0,0.5364,0.5364,0.5364,10000047,2015-09-23,2015-09-23,C,2.45,2015-02-10
2102,2015-04-08 14:03:00,2015-04-08,0.5364,0.0,0.0,416.0,0.5364,0.5364,0.5364,10000047,2015-09-23,2015-09-23,C,2.45,2015-02-10
2103,2015-04-08 14:04:00,2015-04-08,0.5364,0.0,0.0,416.0,0.5364,0.5364,0.5364,10000047,2015-09-23,2015-09-23,C,2.45,2015-02-10
2104,2015-04-08 14:05:00,2015-04-08,0.5364,0.0,0.0,416.0,0.5364,0.5364,0.5364,10000047,2015-09-23,2015-09-23,C,2.45,2015-02-10
2105,2015-04-08 14:06:00,2015-04-08,0.5364,0.0,0.0,416.0,0.5364,0.5364,0.5364,10000047,2015-09-23,2015-09-23,C,2.45,2015-02-10
2106,2015-04-08 14:07:00,2015-04-08,0.5364,0.0,0.0,416.0,0.5364,0.5364,0.5364,10000047,2015-09-23,2015-09-23,C,2.45,2015-02-10
2107,2015-04-08 14:08:00,2015-04-08,0.5364,0.0,0.0,416.0,0.5364,0.5364,0.5364,10000047,2015-09-23,2015-09-23,C,2.45,2015-02-10
2108,2015-04-08 14:09:00,2015-04-08,0.5364,0.0,0.0,416.0,0.5364,0.5364,0.5364,10000047,2015-09-23,2015-09-23,C,2.45,2015-02-10
2109,2015-04-08 14:10:00,2015-04-08,0.5364,0.0,0.0,416.0,0.5364,0.5364,0.5364,10000047,2015-09-23,2015-09-23,C,2.45,2015-02-10
2110,2015-04-08 14:11:00,2015-04-08,0.5364,0.0,0.0,416.0,0.5364,0.5364,0.5364,10000047,2015-09-23,2015-09-23,C,2.45,2015-02-10
2111,2015-04-08 14:12:00,2015-04-08,0.5364,0.0,0.0,416.0,0.5364,0.5364,0.5364,10000047,2015-09-23,2015-09-23,C,2.45,2015-02-10
2112,2015-04-08 14:13:00,2015-04-08,0.5364,0.0,0.0,416.0,0.5364,0.5364,0.5364,10000047,2015-09-23,2015-09-23,C,2.45,2015-02-10
2113,2015-04-08 14:14:00,2015-04-08,0.5364,0.0,0.0,416.0,0.5364,0.5364,0.5364,10000047,2015-09-23,2015-09-23,C,2.45,2015-02-10
2114,2015-04-08 14:15:00,2015-04-08,0.5364,0.0,0.0,416.0,0.5364,0.5364,0.5364,10000047,2015-09-23,2015-09-23,C,2.45,2015-02-10
2115,2015-04-08 14:16:00,2015-04-08,0.5364,0.0,0.0,416.0,0.5364,0.5364,0.5364,10000047,2015-09-23,2015-09-23,C,2.45,2015-02-10
2116,2015-04-08 14:17:00,2015-04-08,0.5364,0.0,0.0,416.0,0.5364,0.5364,0.5364,10000047,2015-09-23,2015-09-23,C,2.45,2015-02-10
2117,2015-04-08 14:18:00,2015-04-08,0.5364,0.0,0.0,416.0,0.5364,0.5364,0.5364,10000047,2015-09-23,2015-09-23,C,2.45,2015-02-10
2118,2015-04-08 14:19:00,2015-04-08,0.5364,0.0,0.0,416.0,0.5364,0.5364,0.5364,10000047,2015-09-23,2015-09-23,C,2.45,2015-02-10
2119,2015-04-08 14:20:00,2015-04-08,0.5364,0.0,0.0,416.0,0.5364,0.5364,0.5364,10000047,2015-09-23,2015-09-23,C,2.45,2015-02-10
2120,2015-04-08 14:21:00,2015-04-08,0.5364,0.0,0.0,416.0,0.5364,0.5364,0.5364,10000047,2015-09-23,2015-09-23,C,2.45,2015-02-10
2121,2015-04-08 14:22:00,2015-04-08,0.5364,0.0,0.0,416.0,0.5364,0.5364,0.5364,10000047,2015-09-23,2015-09-23,C,2.45,2015-02-10
2122,2015-04-08 14:23:00,2015-04-08,0.5364,0.0,0.0,416.0,0.5364,0.5364,0.5364,10000047,2015-09-23,2015-09-23,C,2.45,2015-02-10
2123,2015-04-08 14:24:00,2015-04-08,0.5364,0.0,0.0,416.0,0.5364,0.5364,0.5364,10000047,2015-09-23,2015-09-23,C,2.45,2015-02-10
2124,2015-04-08 14:25:00,2015-04-08,0.5364,0.0,0.0,416.0,0.5364,0.5364,0.5364,10000047,2015-09-23,2015-09-23,C,2.45,2015-02-10
2125,2015-04-08 14:26:00,2015-04-08,0.5364,0.0,0.0,416.0,0.5364,0.5364,0.5364,10000047,2015-09-23,2015-09-23,C,2.45,2015-02-10
2126,2015-04-08 14:27:00,2015-04-08,0.5364,0.0,0.0,416.0,0.5364,0.5364,0.5364,10000047,2015-09-23,2015-09-23,C,2.45,2015-02-10
2127,2015-04-08 14:28:00,2015-04-08,0.5364,0.0,0.0,416.0,0.5364,0.5364,0.5364,10000047,2015-09-23,2015-09-23,C,2.45,2015-02-10
2128,2015-04-08 14:29:00,2015-04-08,0.5364,0.0,0.0,416.0,0.5364,0.5364,0.5364,10000047,2015-09-23,2015-09-23,C,2.45,2015-02-10
2129,2015-04-08 14:30:00,2015-04-08,0.5364,0.0,0.0,416.0,0.5364,0.5364,0.5364,10000047,2015-09-23,2015-09-23,C,2.45,2015-02-10
2130,2015-04-08 14:31:00,2015-04-08,0.5364,0.0,0.0,416.0,0.5364,0.5364,0.5364,10000047,2015-09-23,2015-09-23,C,2.45,2015-02-10
2131,2015-04-08 14:32:00,2015-04-08,0.5364,0.0,0.0,416.0,0.5364,0.5364,0.5364,10000047,2015-09-23,2015-09-23,C,2.45,2015-02-10
2132,2015-04-08 14:33:00,2015-04-08,0.5364,0.0,0.0,416.0,0.5364,0.5364,0.5364,10000047,2015-09-23,2015-09-23,C,2.45,2015-02-10
2133,2015-04-08 14:34:00,2015-04-08,0.5364,0.0,0.0,416.0,0.5364,0.5364,0.5364,10000047,2015-09-23,2015-09-23,C,2.45,2015-02-10
2134,2015-04-08 14:35:00,2015-04-08,0.5364,0.0,0.0,416.0,0.5364,0.5364,0.5364,10000047,2015-09-23,2015-09-23,C,2.45,2015-02-10
2135,2015-04-08 14:36:00,2015-04-08,0.5364,0.0,0.0,416.0,0.5364,0.5364,0.5364,10000047,2015-09-23,2015-09-23,C,2.45,2015-02-10
2136,2015-04-08 14:37:00,2015-04-08,0.5364,0.0,0.0,416.0,0.5364,0.5364,0.5364,10000047,2015-09-23,2015-09-23,C,2.45,2015-02-10
2137,2015-04-08 14:38:00,2015-04-08,0.5364,0.0,0.0,416.0,0.5364,0.5364,0.5364,10000047,2015-09-23,2015-09-23,C,2.45,2015-02-10
2138,2015-04-08 14:39:00,2015-04-08,0.5364,0.0,0.0,416.0,0.5364,0.5364,0.5364,10000047,2015-09-23,2015-09-23,C,2.45,2015-02-10
2139,2015-04-08 14:40:00,2015-04-08,0.5364,0.0,0.0,416.0,0.5364,0.5364,0.5364,10000047,2015-09-23,2015-09-23,C,2.45,2015-02-10
2140,2015-04-08 14:41:00,2015-04-08,0.5364,0.0,0.0,416.0,0.5364,0.5364,0.5364,10000047,2015-09-23,2015-09-23,C,2.45,2015-02-10
2141,2015-04-08 14:42:00,2015-04-08,0.5364,0.0,0.0,416.0,0.5364,0.5364,0.5364,10000047,2015-09-23,2015-09-23,C,2.45,2015-02-10
2142,2015-04-08 14:43:00,2015-04-08,0.5364,0.0,0.0,416.0,0.5364,0.5364,0.5364,10000047,2015-09-23,2015-09-23,C,2.45,2015-02-10
2143,2015-04-08 14:44:00,2015-04-08,0.5364,0.0,0.0,416.0,0.5364,0.5364,0.5364,10000047,2015-09-23,2015-09-23,C,2.45,2015-02-10
2144,2015-04-08 14:45:00,2015-04-08,0.5364,0.0,0.0,416.0,0.5364,0.5364,0.5364,10000047,2015-09-23,2015-09-23,C,2.45,2015-02-10
2145,2015-04-08 14:46:00,2015-04-08,0.5364,0.0,0.0,416.0,0.5364,0.5364,0.5364,10000047,2015-09-23,2015-09-23,C,2.45,2015-02-10
2146,2015-04-08 14:47:00,2015-04-08,0.5364,0.0,0.0,416.0,0.5364,0.5364,0.5364,10000047,2015-09-23,2015-09-23,C,2.45,2015-02-10
2147,2015-04-08 14:48:00,2015-04-08,0.5364,0.0,0.0,416.0,0.5364,0.5364,0.5364,10000047,2015-09-23,2015-09-23,C,2.45,2015-02-10
2148,2015-04-08 14:49:00,2015-04-08,0.5364,0.0,0.0,416.0,0.5364,0.5364,0.5364,10000047,2015-09-23,2015-09-23,C,2.45,2015-02-10
2149,2015-04-08 14:50:00,2015-04-08,0.5364,0.0,0.0,416.0,0.5364,0.5364,0.5364,10000047,2015-09-23,2015-09-23,C,2.45,2015-02-10
2150,2015-04-08 14:51:00,2015-04-08,0.5364,0.0,0.0,416.0,0.5364,0.5364,0.5364,10000047,2015-09-23,2015-09-23,C,2.45,2015-02-10
2151,2015-04-08 14:52:00,2015-04-08,0.5364,0.0,0.0,416.0,0.5364,0.5364,0.5364,10000047,2015-09-23,2015-09-23,C,2.45,2015-02-10
2152,2015-04-08 14:53:00,2015-04-08,0.5364,0.0,0.0,416.0,0.5364,0.5364,0.5364,10000047,2015-09-23,2015-09-23,C,2.45,2015-02-10
2153,2015-04-08 14:54:00,2015-04-08,0.5364,0.0,0.0,416.0,0.5364,0.5364,0.5364,10000047,2015-09-23,2015-09-23,C,2.45,2015-02-10
2154,2015-04-08 14:55:00,2015-04-08,0.5364,0.0,0.0,416.0,0.5364,0.5364,0.5364,10000047,2015-09-23,2015-09-23,C,2.45,2015-02-10
2155,2015-04-08 14:56:00,2015-04-08,0.5364,0.0,0.0,416.0,0.5364,0.5364,0.5364,10000047,2015-09-23,2015-09-23,C,2.45,2015-02-10
2156,2015-04-08 14:57:00,2015-04-08,0.5364,0.0,0.0,416.0,0.5364,0.5364,0.5364,10000047,2015-09-23,2015-09-23,C,2.45,2015-02-10
2157,2015-04-08 14:58:00,2015-04-08,0.5364,0.0,0.0,416.0,0.5364,0.5364,0.5364,10000047,2015-09-23,2015-09-23,C,2.45,2015-02-10
2158,2015-04-08 14:59:00,2015-04-08,0.5364,0.0,0.0,416.0,0.5364,0.5364,0.5364,10000047,2015-09-23,2015-09-23,C,2.45,2015-02-10
2159,2015-04-08 15:00:00,2015-04-08,0.5364,0.0,0.0,416.0,0.5364,0.5364,0.5364,10000047,2015-09-23,2015-09-23,C,2.45,2015-02-10
2160,2015-04-08 09:31:00,2015-04-08,0.0644,16632.0,26.0,1833.0,0.0645,0.0605,0.0582,10000100,2015-04-22,2015-04-22,P,2.8,2015-03-24
2161,2015-04-08 09:32:00,2015-04-08,0.06,6000.0,10.0,1843.0,0.06,0.06,0.06,10000100,2015-04-22,2015-04-22,P,2.8,2015-03-24
2162,2015-04-08 09:33:00,2015-04-08,0.062,4206.0,7.0,1840.0,0.0616,0.062,0.0594,10000100,2015-04-22,2015-04-22,P,2.8,2015-03-24
2163,2015-04-08 09:34:00,2015-04-08,0.0633,16402.0,26.0,1866.0,0.0628,0.0633,0.0628,10000100,2015-04-22,2015-04-22,P,2.8,2015-03-24
2164,2015-04-08 09:35:00,2015-04-08,0.0646,1284.0,2.0,1866.0,0.0638,0.0646,0.0638,10000100,2015-04-22,2015-04-22,P,2.8,2015-03-24
2165,2015-04-08 09:36:00,2015-04-08,0.0646,0.0,0.0,1866.0,0.0646,0.0646,0.0646,10000100,2015-04-22,2015-04-22,P,2.8,2015-03-24
2166,2015-04-08 09:37:00,2015-04-08,0.0658,24262.0,37.0,1846.0,0.0646,0.0658,0.0641,10000100,2015-04-22,2015-04-22,P,2.8,2015-03-24
2167,2015-04-08 09:38:00,2015-04-08,0.0658,0.0,0.0,1846.0,0.0658,0.0658,0.0658,10000100,2015-04-22,2015-04-22,P,2.8,2015-03-24
2168,2015-04-08 09:39:00,2015-04-08,0.0668,2672.0,4.0,1846.0,0.0668,0.0668,0.0668,10000100,2015-04-22,2015-04-22,P,2.8,2015-03-24
2169,2015-04-08 09:40:00,2015-04-08,0.0667,8628.0,13.0,1852.0,0.0653,0.0667,0.0653,10000100,2015-04-22,2015-04-22,P,2.8,2015-03-24
2170,2015-04-08 09:41:00,2015-04-08,0.0653,7506.0,12.0,1853.0,0.0653,0.062,0.062,10000100,2015-04-22,2015-04-22,P,2.8,2015-03-24
2171,2015-04-08 09:42:00,2015-04-08,0.0622,16714.0,27.0,1836.0,0.0618,0.0617,0.0616,10000100,2015-04-22,2015-04-22,P,2.8,2015-03-24
2172,2015-04-08 09:43:00,2015-04-08,0.0611,2440.0,4.0,1834.0,0.0611,0.0609,0.0609,10000100,2015-04-22,2015-04-22,P,2.8,2015-03-24
2173,2015-04-08 09:44:00,2015-04-08,0.0609,0.0,0.0,1834.0,0.0609,0.0609,0.0609,10000100,2015-04-22,2015-04-22,P,2.8,2015-03-24
2174,2015-04-08 09:45:00,2015-04-08,0.0601,3598.0,6.0,1828.0,0.0599,0.0601,0.0599,10000100,2015-04-22,2015-04-22,P,2.8,2015-03-24
2175,2015-04-08 09:46:00,2015-04-08,0.0595,1785.0,3.0,1828.0,0.0595,0.0595,0.0595,10000100,2015-04-22,2015-04-22,P,2.8,2015-03-24
2176,2015-04-08 09:47:00,2015-04-08,0.0595,0.0,0.0,1828.0,0.0595,0.0595,0.0595,10000100,2015-04-22,2015-04-22,P,2.8,2015-03-24
2177,2015-04-08 09:48:00,2015-04-08,0.0595,0.0,0.0,1828.0,0.0595,0.0595,0.0595,10000100,2015-04-22,2015-04-22,P,2.8,2015-03-24
2178,2015-04-08 09:49:00,2015-04-08,0.057,2852.0,5.0,1829.0,0.057,0.057,0.057,10000100,2015-04-22,2015-04-22,P,2.8,2015-03-24
2179,2015-04-08 09:50:00,2015-04-08,0.0603,6022.0,10.0,1837.0,0.0603,0.0603,0.0603,10000100,2015-04-22,2015-04-22,P,2.8,2015-03-24
2180,2015-04-08 09:51:00,2015-04-08,0.0603,0.0,0.0,1837.0,0.0603,0.0603,0.0603,10000100,2015-04-22,2015-04-22,P,2.8,2015-03-24
2181,2015-04-08 09:52:00,2015-04-08,0.0616,17015.0,28.0,1864.0,0.0616,0.0603,0.0603,10000100,2015-04-22,2015-04-22,P,2.8,2015-03-24
2182,2015-04-08 09:53:00,2015-04-08,0.0604,12035.0,20.0,1879.0,0.0603,0.0596,0.0596,10000100,2015-04-22,2015-04-22,P,2.8,2015-03-24
2183,2015-04-08 09:54:00,2015-04-08,0.0593,593.0,1.0,1880.0,0.0593,0.0593,0.0593,10000100,2015-04-22,2015-04-22,P,2.8,2015-03-24
2184,2015-04-08 09:55:00,2015-04-08,0.0581,12639.0,22.0,1901.0,0.0581,0.0567,0.0567,10000100,2015-04-22,2015-04-22,P,2.8,2015-03-24
2185,2015-04-08 09:56:00,2015-04-08,0.056,5600.0,10.0,1908.0,0.056,0.056,0.056,10000100,2015-04-22,2015-04-22,P,2.8,2015-03-24
2186,2015-04-08 09:57:00,2015-04-08,0.0556,2780.0,5.0,1908.0,0.0556,0.0556,0.0556,10000100,2015-04-22,2015-04-22,P,2.8,2015-03-24
2187,2015-04-08 09:58:00,2015-04-08,0.0521,8033.0,16.0,1905.0,0.0521,0.0503,0.05,10000100,2015-04-22,2015-04-22,P,2.8,2015-03-24
2188,2015-04-08 09:59:00,2015-04-08,0.0503,14962.0,30.0,1898.0,0.0503,0.05,0.0495,10000100,2015-04-22,2015-04-22,P,2.8,2015-03-24
2189,2015-04-08 10:00:00,2015-04-08,0.05,2990.0,6.0,1893.0,0.049,0.05,0.049,10000100,2015-04-22,2015-04-22,P,2.8,2015-03-24
2190,2015-04-08 10:01:00,2015-04-08,0.05,0.0,0.0,1893.0,0.05,0.05,0.05,10000100,2015-04-22,2015-04-22,P,2.8,2015-03-24
2191,2015-04-08 10:02:00,2015-04-08,0.0539,6992.0,13.0,1905.0,0.0539,0.0534,0.0534,10000100,2015-04-22,2015-04-22,P,2.8,2015-03-24
2192,2015-04-08 10:03:00,2015-04-08,0.0539,5390.0,10.0,1915.0,0.0539,0.0539,0.0539,10000100,2015-04-22,2015-04-22,P,2.8,2015-03-24
2193,2015-04-08 10:04:00,2015-04-08,0.0539,0.0,0.0,1915.0,0.0539,0.0539,0.0539,10000100,2015-04-22,2015-04-22,P,2.8,2015-03-24
2194,2015-04-08 10:05:00,2015-04-08,0.0539,0.0,0.0,1915.0,0.0539,0.0539,0.0539,10000100,2015-04-22,2015-04-22,P,2.8,2015-03-24
2195,2015-04-08 10:06:00,2015-04-08,0.0554,554.0,1.0,1916.0,0.0554,0.0554,0.0554,10000100,2015-04-22,2015-04-22,P,2.8,2015-03-24
2196,2015-04-08 10:07:00,2015-04-08,0.0559,7173.0,13.0,1916.0,0.0553,0.0559,0.0536,10000100,2015-04-22,2015-04-22,P,2.8,2015-03-24
2197,2015-04-08 10:08:00,2015-04-08,0.056,13423.0,24.0,1939.0,0.056,0.0559,0.0559,10000100,2015-04-22,2015-04-22,P,2.8,2015-03-24
2198,2015-04-08 10:09:00,2015-04-08,0.0559,0.0,0.0,1939.0,0.0559,0.0559,0.0559,10000100,2015-04-22,2015-04-22,P,2.8,2015-03-24
2199,2015-04-08 10:10:00,2015-04-08,0.0559,1118.0,2.0,1940.0,0.0559,0.0559,0.0559,10000100,2015-04-22,2015-04-22,P,2.8,2015-03-24
2200,2015-04-08 10:11:00,2015-04-08,0.056,2239.0,4.0,1940.0,0.056,0.056,0.056,10000100,2015-04-22,2015-04-22,P,2.8,2015-03-24
2201,2015-04-08 10:12:00,2015-04-08,0.0567,567.0,1.0,1940.0,0.0567,0.0567,0.0567,10000100,2015-04-22,2015-04-22,P,2.8,2015-03-24
2202,2015-04-08 10:13:00,2015-04-08,0.0592,7018.0,12.0,1946.0,0.0579,0.0592,0.0579,10000100,2015-04-22,2015-04-22,P,2.8,2015-03-24
2203,2015-04-08 10:14:00,2015-04-08,0.0628,4954.0,8.0,1951.0,0.0598,0.0628,0.0598,10000100,2015-04-22,2015-04-22,P,2.8,2015-03-24
2204,2015-04-08 10:15:00,2015-04-08,0.0625,6250.0,10.0,1961.0,0.0625,0.0625,0.0625,10000100,2015-04-22,2015-04-22,P,2.8,2015-03-24
2205,2015-04-08 10:16:00,2015-04-08,0.0599,2995.0,5.0,1956.0,0.0599,0.0599,0.0599,10000100,2015-04-22,2015-04-22,P,2.8,2015-03-24
2206,2015-04-08 10:17:00,2015-04-08,0.0599,0.0,0.0,1956.0,0.0599,0.0599,0.0599,10000100,2015-04-22,2015-04-22,P,2.8,2015-03-24
2207,2015-04-08 10:18:00,2015-04-08,0.0605,605.0,1.0,1956.0,0.0605,0.0605,0.0605,10000100,2015-04-22,2015-04-22,P,2.8,2015-03-24
2208,2015-04-08 10:19:00,2015-04-08,0.0603,2409.0,4.0,1957.0,0.0603,0.06,0.06,10000100,2015-04-22,2015-04-22,P,2.8,2015-03-24
2209,2015-04-08 10:20:00,2015-04-08,0.059,2950.0,5.0,1957.0,0.059,0.059,0.059,10000100,2015-04-22,2015-04-22,P,2.8,2015-03-24
2210,2015-04-08 10:21:00,2015-04-08,0.0584,2920.0,5.0,1957.0,0.0584,0.0584,0.0584,10000100,2015-04-22,2015-04-22,P,2.8,2015-03-24
2211,2015-04-08 10:22:00,2015-04-08,0.0584,0.0,0.0,1957.0,0.0584,0.0584,0.0584,10000100,2015-04-22,2015-04-22,P,2.8,2015-03-24
2212,2015-04-08 10:23:00,2015-04-08,0.0602,20320.0,34.0,1932.0,0.0579,0.0602,0.0579,10000100,2015-04-22,2015-04-22,P,2.8,2015-03-24
2213,2015-04-08 10:24:00,2015-04-08,0.0602,0.0,0.0,1932.0,0.0602,0.0602,0.0602,10000100,2015-04-22,2015-04-22,P,2.8,2015-03-24
2214,2015-04-08 10:25:00,2015-04-08,0.06,1800.0,3.0,1932.0,0.06,0.06,0.06,10000100,2015-04-22,2015-04-22,P,2.8,2015-03-24
2215,2015-04-08 10:26:00,2015-04-08,0.0616,1232.0,2.0,1932.0,0.0616,0.0616,0.0616,10000100,2015-04-22,2015-04-22,P,2.8,2015-03-24
2216,2015-04-08 10:27:00,2015-04-08,0.0616,0.0,0.0,1932.0,0.0616,0.0616,0.0616,10000100,2015-04-22,2015-04-22,P,2.8,2015-03-24
2217,2015-04-08 10:28:00,2015-04-08,0.0616,0.0,0.0,1932.0,0.0616,0.0616,0.0616,10000100,2015-04-22,2015-04-22,P,2.8,2015-03-24
2218,2015-04-08 10:29:00,2015-04-08,0.0611,1222.0,2.0,1932.0,0.0611,0.0611,0.0611,10000100,2015-04-22,2015-04-22,P,2.8,2015-03-24
2219,2015-04-08 10:30:00,2015-04-08,0.0611,0.0,0.0,1932.0,0.0611,0.0611,0.0611,10000100,2015-04-22,2015-04-22,P,2.8,2015-03-24
2220,2015-04-08 10:31:00,2015-04-08,0.0561,11190.0,20.0,1932.0,0.0561,0.0558,0.0558,10000100,2015-04-22,2015-04-22,P,2.8,2015-03-24
2221,2015-04-08 10:32:00,2015-04-08,0.0572,1144.0,2.0,1934.0,0.0572,0.0572,0.0572,10000100,2015-04-22,2015-04-22,P,2.8,2015-03-24
2222,2015-04-08 10:33:00,2015-04-08,0.0572,0.0,0.0,1934.0,0.0572,0.0572,0.0572,10000100,2015-04-22,2015-04-22,P,2.8,2015-03-24
2223,2015-04-08 10:34:00,2015-04-08,0.057,2850.0,5.0,1939.0,0.057,0.057,0.057,10000100,2015-04-22,2015-04-22,P,2.8,2015-03-24
2224,2015-04-08 10:35:00,2015-04-08,0.0551,8776.0,16.0,1943.0,0.0551,0.0545,0.0545,10000100,2015-04-22,2015-04-22,P,2.8,2015-03-24
2225,2015-04-08 10:36:00,2015-04-08,0.0552,6582.0,12.0,1948.0,0.0552,0.0541,0.0541,10000100,2015-04-22,2015-04-22,P,2.8,2015-03-24
2226,2015-04-08 10:37:00,2015-04-08,0.0541,0.0,0.0,1948.0,0.0541,0.0541,0.0541,10000100,2015-04-22,2015-04-22,P,2.8,2015-03-24
2227,2015-04-08 10:38:00,2015-04-08,0.0522,2610.0,5.0,1943.0,0.0522,0.0522,0.0522,10000100,2015-04-22,2015-04-22,P,2.8,2015-03-24
2228,2015-04-08 10:39:00,2015-04-08,0.0546,2730.0,5.0,1948.0,0.0546,0.0546,0.0546,10000100,2015-04-22,2015-04-22,P,2.8,2015-03-24
2229,2015-04-08 10:40:00,2015-04-08,0.0528,5221.0,10.0,1943.0,0.0515,0.0528,0.0515,10000100,2015-04-22,2015-04-22,P,2.8,2015-03-24
2230,2015-04-08 10:41:00,2015-04-08,0.0528,0.0,0.0,1943.0,0.0528,0.0528,0.0528,10000100,2015-04-22,2015-04-22,P,2.8,2015-03-24
2231,2015-04-08 10:42:00,2015-04-08,0.0521,8759.0,17.0,1949.0,0.0516,0.0514,0.0514,10000100,2015-04-22,2015-04-22,P,2.8,2015-03-24
2232,2015-04-08 10:43:00,2015-04-08,0.0514,514.0,1.0,1950.0,0.0514,0.0514,0.0514,10000100,2015-04-22,2015-04-22,P,2.8,2015-03-24
2233,2015-04-08 10:44:00,2015-04-08,0.0524,1039.0,2.0,1951.0,0.0515,0.0524,0.0515,10000100,2015-04-22,2015-04-22,P,2.8,2015-03-24
2234,2015-04-08 10:45:00,2015-04-08,0.0534,534.0,1.0,1952.0,0.0534,0.0534,0.0534,10000100,2015-04-22,2015-04-22,P,2.8,2015-03-24
2235,2015-04-08 10:46:00,2015-04-08,0.0533,6368.0,12.0,1964.0,0.0533,0.0531,0.0531,10000100,2015-04-22,2015-04-22,P,2.8,2015-03-24
2236,2015-04-08 10:47:00,2015-04-08,0.0532,3062.0,6.0,1960.0,0.0506,0.0532,0.0506,10000100,2015-04-22,2015-04-22,P,2.8,2015-03-24
2237,2015-04-08 10:48:00,2015-04-08,0.0532,4788.0,9.0,1960.0,0.0532,0.0532,0.0532,10000100,2015-04-22,2015-04-22,P,2.8,2015-03-24
2238,2015-04-08 10:49:00,2015-04-08,0.0566,6178.0,11.0,1971.0,0.055,0.0566,0.055,10000100,2015-04-22,2015-04-22,P,2.8,2015-03-24
2239,2015-04-08 10:50:00,2015-04-08,0.0571,4558.0,8.0,1979.0,0.0571,0.0566,0.0566,10000100,2015-04-22,2015-04-22,P,2.8,2015-03-24
2240,2015-04-08 10:51:00,2015-04-08,0.0566,0.0,0.0,1979.0,0.0566,0.0566,0.0566,10000100,2015-04-22,2015-04-22,P,2.8,2015-03-24
2241,2015-04-08 10:52:00,2015-04-08,0.0605,1210.0,2.0,1981.0,0.0605,0.0605,0.0605,10000100,2015-04-22,2015-04-22,P,2.8,2015-03-24
2242,2015-04-08 10:53:00,2015-04-08,0.061,6662.0,11.0,1985.0,0.0592,0.061,0.0592,10000100,2015-04-22,2015-04-22,P,2.8,2015-03-24
2243,2015-04-08 10:54:00,2015-04-08,0.0622,24161.0,39.0,1976.0,0.0616,0.0622,0.0616,10000100,2015-04-22,2015-04-22,P,2.8,2015-03-24
2244,2015-04-08 10:55:00,2015-04-08,0.0622,1866.0,3.0,1974.0,0.0622,0.0622,0.0622,10000100,2015-04-22,2015-04-22,P,2.8,2015-03-24
2245,2015-04-08 10:56:00,2015-04-08,0.062,9275.0,15.0,1961.0,0.062,0.0615,0.0615,10000100,2015-04-22,2015-04-22,P,2.8,2015-03-24
2246,2015-04-08 10:57:00,2015-04-08,0.0647,7393.0,12.0,1950.0,0.061,0.0647,0.061,10000100,2015-04-22,2015-04-22,P,2.8,2015-03-24
2247,2015-04-08 10:58:00,2015-04-08,0.0649,14905.0,23.0,1947.0,0.0648,0.0648,0.0648,10000100,2015-04-22,2015-04-22,P,2.8,2015-03-24
2248,2015-04-08 10:59:00,2015-04-08,0.065,3248.0,5.0,1947.0,0.0648,0.065,0.0648,10000100,2015-04-22,2015-04-22,P,2.8,2015-03-24
2249,2015-04-08 11:00:00,2015-04-08,0.0666,8498.0,13.0,1952.0,0.065,0.065,0.065,10000100,2015-04-22,2015-04-22,P,2.8,2015-03-24
2250,2015-04-08 11:01:00,2015-04-08,0.0621,1845.0,3.0,1950.0,0.0621,0.0603,0.0603,10000100,2015-04-22,2015-04-22,P,2.8,2015-03-24
2251,2015-04-08 11:02:00,2015-04-08,0.0603,0.0,0.0,1950.0,0.0603,0.0603,0.0603,10000100,2015-04-22,2015-04-22,P,2.8,2015-03-24
2252,2015-04-08 11:03:00,2015-04-08,0.063,3150.0,5.0,1945.0,0.063,0.063,0.063,10000100,2015-04-22,2015-04-22,P,2.8,2015-03-24
2253,2015-04-08 11:04:00,2015-04-08,0.061,7895.0,13.0,1932.0,0.0606,0.061,0.0606,10000100,2015-04-22,2015-04-22,P,2.8,2015-03-24
2254,2015-04-08 11:05:00,2015-04-08,0.061,0.0,0.0,1932.0,0.061,0.061,0.061,10000100,2015-04-22,2015-04-22,P,2.8,2015-03-24
2255,2015-04-08 11:06:00,2015-04-08,0.0619,8041.0,13.0,1923.0,0.0617,0.0619,0.0617,10000100,2015-04-22,2015-04-22,P,2.8,2015-03-24
2256,2015-04-08 11:07:00,2015-04-08,0.0625,6235.0,10.0,1923.0,0.062,0.0625,0.062,10000100,2015-04-22,2015-04-22,P,2.8,2015-03-24
2257,2015-04-08 11:08:00,2015-04-08,0.0648,1296.0,2.0,1923.0,0.0648,0.0648,0.0648,10000100,2015-04-22,2015-04-22,P,2.8,2015-03-24
2258,2015-04-08 11:09:00,2015-04-08,0.0648,5184.0,8.0,1922.0,0.0648,0.0648,0.0648,10000100,2015-04-22,2015-04-22,P,2.8,2015-03-24
2259,2015-04-08 11:10:00,2015-04-08,0.064,5744.0,9.0,1921.0,0.0637,0.064,0.0637,10000100,2015-04-22,2015-04-22,P,2.8,2015-03-24
2260,2015-04-08 11:11:00,2015-04-08,0.064,0.0,0.0,1921.0,0.064,0.064,0.064,10000100,2015-04-22,2015-04-22,P,2.8,2015-03-24
2261,2015-04-08 11:12:00,2015-04-08,0.064,0.0,0.0,1921.0,0.064,0.064,0.064,10000100,2015-04-22,2015-04-22,P,2.8,2015-03-24
2262,2015-04-08 11:13:00,2015-04-08,0.064,11953.0,19.0,1921.0,0.064,0.0614,0.0614,10000100,2015-04-22,2015-04-22,P,2.8,2015-03-24
2263,2015-04-08 11:14:00,2015-04-08,0.064,3840.0,6.0,1922.0,0.064,0.064,0.064,10000100,2015-04-22,2015-04-22,P,2.8,2015-03-24
2264,2015-04-08 11:15:00,2015-04-08,0.064,0.0,0.0,1922.0,0.064,0.064,0.064,10000100,2015-04-22,2015-04-22,P,2.8,2015-03-24
2265,2015-04-08 11:16:00,2015-04-08,0.064,0.0,0.0,1922.0,0.064,0.064,0.064,10000100,2015-04-22,2015-04-22,P,2.8,2015-03-24
2266,2015-04-08 11:17:00,2015-04-08,0.061,610.0,1.0,1921.0,0.061,0.061,0.061,10000100,2015-04-22,2015-04-22,P,2.8,2015-03-24
2267,2015-04-08 11:18:00,2015-04-08,0.0617,1851.0,3.0,1918.0,0.0617,0.0617,0.0617,10000100,2015-04-22,2015-04-22,P,2.8,2015-03-24
2268,2015-04-08 11:19:00,2015-04-08,0.0638,8913.0,14.0,1906.0,0.0637,0.0629,0.0629,10000100,2015-04-22,2015-04-22,P,2.8,2015-03-24
2269,2015-04-08 11:20:00,2015-04-08,0.0629,629.0,1.0,1905.0,0.0629,0.0629,0.0629,10000100,2015-04-22,2015-04-22,P,2.8,2015-03-24
2270,2015-04-08 11:21:00,2015-04-08,0.0619,3095.0,5.0,1905.0,0.0619,0.0619,0.0619,10000100,2015-04-22,2015-04-22,P,2.8,2015-03-24
2271,2015-04-08 11:22:00,2015-04-08,0.0619,0.0,0.0,1905.0,0.0619,0.0619,0.0619,10000100,2015-04-22,2015-04-22,P,2.8,2015-03-24
2272,2015-04-08 11:23:00,2015-04-08,0.0619,0.0,0.0,1905.0,0.0619,0.0619,0.0619,10000100,2015-04-22,2015-04-22,P,2.8,2015-03-24
2273,2015-04-08 11:24:00,2015-04-08,0.0619,0.0,0.0,1905.0,0.0619,0.0619,0.0619,10000100,2015-04-22,2015-04-22,P,2.8,2015-03-24
2274,2015-04-08 11:25:00,2015-04-08,0.0603,6030.0,10.0,1914.0,0.0603,0.0603,0.0603,10000100,2015-04-22,2015-04-22,P,2.8,2015-03-24
2275,2015-04-08 11:26:00,2015-04-08,0.0617,15200.0,25.0,1934.0,0.0617,0.0602,0.0602,10000100,2015-04-22,2015-04-22,P,2.8,2015-03-24
2276,2015-04-08 11:27:00,2015-04-08,0.0601,1192.0,2.0,1935.0,0.0601,0.0591,0.0591,10000100,2015-04-22,2015-04-22,P,2.8,2015-03-24
2277,2015-04-08 11:28:00,2015-04-08,0.0591,0.0,0.0,1935.0,0.0591,0.0591,0.0591,10000100,2015-04-22,2015-04-22,P,2.8,2015-03-24
2278,2015-04-08 11:29:00,2015-04-08,0.0542,4863.0,9.0,1943.0,0.0541,0.054000000000000006,0.054000000000000006,10000100,2015-04-22,2015-04-22,P,2.8,2015-03-24
2279,2015-04-08 11:30:00,2015-04-08,0.054000000000000006,2686.0,5.0,1946.0,0.054000000000000006,0.0533,0.0533,10000100,2015-04-22,2015-04-22,P,2.8,2015-03-24
2280,2015-04-08 13:01:00,2015-04-08,0.0516,10812.0,21.0,1966.0,0.0516,0.0501,0.0501,10000100,2015-04-22,2015-04-22,P,2.8,2015-03-24
2281,2015-04-08 13:02:00,2015-04-08,0.0501,0.0,0.0,1966.0,0.0501,0.0501,0.0501,10000100,2015-04-22,2015-04-22,P,2.8,2015-03-24
2282,2015-04-08 13:03:00,2015-04-08,0.0497,3971.0,8.0,1966.0,0.0497,0.0497,0.0497,10000100,2015-04-22,2015-04-22,P,2.8,2015-03-24
2283,2015-04-08 13:04:00,2015-04-08,0.0488,488.0,1.0,1967.0,0.0488,0.0488,0.0488,10000100,2015-04-22,2015-04-22,P,2.8,2015-03-24
2284,2015-04-08 13:05:00,2015-04-08,0.0479,1437.0,3.0,1970.0,0.0479,0.0479,0.0479,10000100,2015-04-22,2015-04-22,P,2.8,2015-03-24
2285,2015-04-08 13:06:00,2015-04-08,0.0482,482.0,1.0,1970.0,0.0482,0.0482,0.0482,10000100,2015-04-22,2015-04-22,P,2.8,2015-03-24
2286,2015-04-08 13:07:00,2015-04-08,0.0482,0.0,0.0,1970.0,0.0482,0.0482,0.0482,10000100,2015-04-22,2015-04-22,P,2.8,2015-03-24
2287,2015-04-08 13:08:00,2015-04-08,0.0482,0.0,0.0,1970.0,0.0482,0.0482,0.0482,10000100,2015-04-22,2015-04-22,P,2.8,2015-03-24
2288,2015-04-08 13:09:00,2015-04-08,0.0512,1024.0,2.0,1972.0,0.0512,0.0512,0.0512,10000100,2015-04-22,2015-04-22,P,2.8,2015-03-24
2289,2015-04-08 13:10:00,2015-04-08,0.0512,0.0,0.0,1972.0,0.0512,0.0512,0.0512,10000100,2015-04-22,2015-04-22,P,2.8,2015-03-24
2290,2015-04-08 13:11:00,2015-04-08,0.0512,0.0,0.0,1972.0,0.0512,0.0512,0.0512,10000100,2015-04-22,2015-04-22,P,2.8,2015-03-24
2291,2015-04-08 13:12:00,2015-04-08,0.0512,0.0,0.0,1972.0,0.0512,0.0512,0.0512,10000100,2015-04-22,2015-04-22,P,2.8,2015-03-24
2292,2015-04-08 13:13:00,2015-04-08,0.0512,0.0,0.0,1972.0,0.0512,0.0512,0.0512,10000100,2015-04-22,2015-04-22,P,2.8,2015-03-24
2293,2015-04-08 13:14:00,2015-04-08,0.0503,7009.0,14.0,1963.0,0.05,0.0503,0.05,10000100,2015-04-22,2015-04-22,P,2.8,2015-03-24
2294,2015-04-08 13:15:00,2015-04-08,0.0503,6006.0,12.0,1972.0,0.05,0.0503,0.05,10000100,2015-04-22,2015-04-22,P,2.8,2015-03-24
2295,2015-04-08 13:16:00,2015-04-08,0.0503,0.0,0.0,1972.0,0.0503,0.0503,0.0503,10000100,2015-04-22,2015-04-22,P,2.8,2015-03-24
2296,2015-04-08 13:17:00,2015-04-08,0.0482,4820.0,10.0,1982.0,0.0482,0.0482,0.0482,10000100,2015-04-22,2015-04-22,P,2.8,2015-03-24
2297,2015-04-08 13:18:00,2015-04-08,0.0482,5703.0,12.0,1990.0,0.0482,0.0455,0.0455,10000100,2015-04-22,2015-04-22,P,2.8,2015-03-24
2298,2015-04-08 13:19:00,2015-04-08,0.0429,4300.0,10.0,1980.0,0.0429,0.0429,0.0429,10000100,2015-04-22,2015-04-22,P,2.8,2015-03-24
2299,2015-04-08 13:20:00,2015-04-08,0.0429,0.0,0.0,1980.0,0.0429,0.0429,0.0429,10000100,2015-04-22,2015-04-22,P,2.8,2015-03-24
2300,2015-04-08 13:21:00,2015-04-08,0.0429,0.0,0.0,1980.0,0.0429,0.0429,0.0429,10000100,2015-04-22,2015-04-22,P,2.8,2015-03-24
2301,2015-04-08 13:22:00,2015-04-08,0.0429,4703.0,11.0,1972.0,0.0429,0.042,0.042,10000100,2015-04-22,2015-04-22,P,2.8,2015-03-24
2302,2015-04-08 13:23:00,2015-04-08,0.0434,11099.0,26.0,1968.0,0.042,0.0429,0.042,10000100,2015-04-22,2015-04-22,P,2.8,2015-03-24
2303,2015-04-08 13:24:00,2015-04-08,0.0436,4360.0,10.0,1978.0,0.0436,0.0436,0.0436,10000100,2015-04-22,2015-04-22,P,2.8,2015-03-24
2304,2015-04-08 13:25:00,2015-04-08,0.0422,4220.0,10.0,1968.0,0.0422,0.0422,0.0422,10000100,2015-04-22,2015-04-22,P,2.8,2015-03-24
2305,2015-04-08 13:26:00,2015-04-08,0.0448,8960.0,20.0,1988.0,0.0448,0.0448,0.0448,10000100,2015-04-22,2015-04-22,P,2.8,2015-03-24
2306,2015-04-08 13:27:00,2015-04-08,0.044,880.0,2.0,1990.0,0.044,0.044,0.044,10000100,2015-04-22,2015-04-22,P,2.8,2015-03-24
2307,2015-04-08 13:28:00,2015-04-08,0.0436,5122.0,12.0,2000.0,0.0425,0.0436,0.0425,10000100,2015-04-22,2015-04-22,P,2.8,2015-03-24
2308,2015-04-08 13:29:00,2015-04-08,0.0438,8192.0,19.0,2009.0,0.0425,0.0438,0.0425,10000100,2015-04-22,2015-04-22,P,2.8,2015-03-24
2309,2015-04-08 13:30:00,2015-04-08,0.0422,1266.0,3.0,2012.0,0.0422,0.0422,0.0422,10000100,2015-04-22,2015-04-22,P,2.8,2015-03-24
2310,2015-04-08 13:31:00,2015-04-08,0.0422,18718.0,45.0,2037.0,0.0422,0.04,0.04,10000100,2015-04-22,2015-04-22,P,2.8,2015-03-24
2311,2015-04-08 13:32:00,2015-04-08,0.04,2000.0,5.0,2039.0,0.04,0.04,0.04,10000100,2015-04-22,2015-04-22,P,2.8,2015-03-24
2312,2015-04-08 13:33:00,2015-04-08,0.0427,854.0,2.0,2041.0,0.0427,0.0427,0.0427,10000100,2015-04-22,2015-04-22,P,2.8,2015-03-24
2313,2015-04-08 13:34:00,2015-04-08,0.0424,4240.0,10.0,2051.0,0.0424,0.0424,0.0424,10000100,2015-04-22,2015-04-22,P,2.8,2015-03-24
2314,2015-04-08 13:35:00,2015-04-08,0.0431,4142.0,10.0,2053.0,0.0431,0.041,0.041,10000100,2015-04-22,2015-04-22,P,2.8,2015-03-24
2315,2015-04-08 13:36:00,2015-04-08,0.0427,4270.0,10.0,2053.0,0.0427,0.0427,0.0427,10000100,2015-04-22,2015-04-22,P,2.8,2015-03-24
2316,2015-04-08 13:37:00,2015-04-08,0.041,820.0,2.0,2052.0,0.041,0.041,0.041,10000100,2015-04-22,2015-04-22,P,2.8,2015-03-24
2317,2015-04-08 13:38:00,2015-04-08,0.0436,4330.0,10.0,2052.0,0.0436,0.0436,0.0436,10000100,2015-04-22,2015-04-22,P,2.8,2015-03-24
2318,2015-04-08 13:39:00,2015-04-08,0.0428,7101.0,17.0,2069.0,0.0427,0.0411,0.0411,10000100,2015-04-22,2015-04-22,P,2.8,2015-03-24
2319,2015-04-08 13:40:00,2015-04-08,0.0411,0.0,0.0,2069.0,0.0411,0.0411,0.0411,10000100,2015-04-22,2015-04-22,P,2.8,2015-03-24
2320,2015-04-08 13:41:00,2015-04-08,0.0436,4345.0,10.0,2068.0,0.0436,0.0436,0.0436,10000100,2015-04-22,2015-04-22,P,2.8,2015-03-24
2321,2015-04-08 13:42:00,2015-04-08,0.0436,872.0,2.0,2070.0,0.0436,0.0436,0.0436,10000100,2015-04-22,2015-04-22,P,2.8,2015-03-24
2322,2015-04-08 13:43:00,2015-04-08,0.044,1760.0,4.0,2070.0,0.044,0.044,0.044,10000100,2015-04-22,2015-04-22,P,2.8,2015-03-24
2323,2015-04-08 13:44:00,2015-04-08,0.0457,902.0,2.0,2069.0,0.0445,0.0457,0.0445,10000100,2015-04-22,2015-04-22,P,2.8,2015-03-24
2324,2015-04-08 13:45:00,2015-04-08,0.0457,1352.0,3.0,2069.0,0.0457,0.0438,0.0438,10000100,2015-04-22,2015-04-22,P,2.8,2015-03-24
2325,2015-04-08 13:46:00,2015-04-08,0.044,6557.0,15.0,2075.0,0.044,0.0435,0.0435,10000100,2015-04-22,2015-04-22,P,2.8,2015-03-24
2326,2015-04-08 13:47:00,2015-04-08,0.0435,0.0,0.0,2075.0,0.0435,0.0435,0.0435,10000100,2015-04-22,2015-04-22,P,2.8,2015-03-24
2327,2015-04-08 13:48:00,2015-04-08,0.041,4100.0,10.0,2075.0,0.041,0.041,0.041,10000100,2015-04-22,2015-04-22,P,2.8,2015-03-24
2328,2015-04-08 13:49:00,2015-04-08,0.041,0.0,0.0,2075.0,0.041,0.041,0.041,10000100,2015-04-22,2015-04-22,P,2.8,2015-03-24
2329,2015-04-08 13:50:00,2015-04-08,0.041,0.0,0.0,2075.0,0.041,0.041,0.041,10000100,2015-04-22,2015-04-22,P,2.8,2015-03-24
2330,2015-04-08 13:51:00,2015-04-08,0.041,0.0,0.0,2075.0,0.041,0.041,0.041,10000100,2015-04-22,2015-04-22,P,2.8,2015-03-24
2331,2015-04-08 13:52:00,2015-04-08,0.043,430.0,1.0,2076.0,0.043,0.043,0.043,10000100,2015-04-22,2015-04-22,P,2.8,2015-03-24
2332,2015-04-08 13:53:00,2015-04-08,0.0423,1266.0,3.0,2079.0,0.0423,0.042,0.042,10000100,2015-04-22,2015-04-22,P,2.8,2015-03-24
2333,2015-04-08 13:54:00,2015-04-08,0.0412,824.0,2.0,2081.0,0.0412,0.0412,0.0412,10000100,2015-04-22,2015-04-22,P,2.8,2015-03-24
2334,2015-04-08 13:55:00,2015-04-08,0.0412,0.0,0.0,2081.0,0.0412,0.0412,0.0412,10000100,2015-04-22,2015-04-22,P,2.8,2015-03-24
2335,2015-04-08 13:56:00,2015-04-08,0.0413,826.0,2.0,2083.0,0.0413,0.0413,0.0413,10000100,2015-04-22,2015-04-22,P,2.8,2015-03-24
2336,2015-04-08 13:57:00,2015-04-08,0.0413,0.0,0.0,2083.0,0.0413,0.0413,0.0413,10000100,2015-04-22,2015-04-22,P,2.8,2015-03-24
2337,2015-04-08 13:58:00,2015-04-08,0.0413,1238.0,3.0,2086.0,0.0413,0.0412,0.0412,10000100,2015-04-22,2015-04-22,P,2.8,2015-03-24
2338,2015-04-08 13:59:00,2015-04-08,0.0409,4093.0,10.0,2093.0,0.0409,0.0409,0.0409,10000100,2015-04-22,2015-04-22,P,2.8,2015-03-24
2339,2015-04-08 14:00:00,2015-04-08,0.0409,0.0,0.0,2093.0,0.0409,0.0409,0.0409,10000100,2015-04-22,2015-04-22,P,2.8,2015-03-24
2340,2015-04-08 14:01:00,2015-04-08,0.0417,2085.0,5.0,2093.0,0.0417,0.0417,0.0417,10000100,2015-04-22,2015-04-22,P,2.8,2015-03-24
2341,2015-04-08 14:02:00,2015-04-08,0.0417,0.0,0.0,2093.0,0.0417,0.0417,0.0417,10000100,2015-04-22,2015-04-22,P,2.8,2015-03-24
2342,2015-04-08 14:03:00,2015-04-08,0.0434,4220.0,10.0,2093.0,0.041,0.0434,0.041,10000100,2015-04-22,2015-04-22,P,2.8,2015-03-24
2343,2015-04-08 14:04:00,2015-04-08,0.045,3930.0,9.0,2092.0,0.042,0.045,0.042,10000100,2015-04-22,2015-04-22,P,2.8,2015-03-24
2344,2015-04-08 14:05:00,2015-04-08,0.0428,5135.0,12.0,2093.0,0.0428,0.0428,0.0427,10000100,2015-04-22,2015-04-22,P,2.8,2015-03-24
2345,2015-04-08 14:06:00,2015-04-08,0.0428,0.0,0.0,2093.0,0.0428,0.0428,0.0428,10000100,2015-04-22,2015-04-22,P,2.8,2015-03-24
2346,2015-04-08 14:07:00,2015-04-08,0.0459,9160.0,20.0,2112.0,0.0457,0.0459,0.0457,10000100,2015-04-22,2015-04-22,P,2.8,2015-03-24
2347,2015-04-08 14:08:00,2015-04-08,0.0446,4736.0,11.0,2103.0,0.0426,0.0446,0.0426,10000100,2015-04-22,2015-04-22,P,2.8,2015-03-24
2348,2015-04-08 14:09:00,2015-04-08,0.0448,12660.0,29.0,2120.0,0.0445,0.042,0.042,10000100,2015-04-22,2015-04-22,P,2.8,2015-03-24
2349,2015-04-08 14:10:00,2015-04-08,0.042,0.0,0.0,2120.0,0.042,0.042,0.042,10000100,2015-04-22,2015-04-22,P,2.8,2015-03-24
2350,2015-04-08 14:11:00,2015-04-08,0.0409,2454.0,6.0,2114.0,0.0409,0.0409,0.0409,10000100,2015-04-22,2015-04-22,P,2.8,2015-03-24
2351,2015-04-08 14:12:00,2015-04-08,0.0409,0.0,0.0,2114.0,0.0409,0.0409,0.0409,10000100,2015-04-22,2015-04-22,P,2.8,2015-03-24
2352,2015-04-08 14:13:00,2015-04-08,0.0409,0.0,0.0,2114.0,0.0409,0.0409,0.0409,10000100,2015-04-22,2015-04-22,P,2.8,2015-03-24
2353,2015-04-08 14:14:00,2015-04-08,0.0431,2155.0,5.0,2114.0,0.0431,0.0431,0.0431,10000100,2015-04-22,2015-04-22,P,2.8,2015-03-24
2354,2015-04-08 14:15:00,2015-04-08,0.0431,0.0,0.0,2114.0,0.0431,0.0431,0.0431,10000100,2015-04-22,2015-04-22,P,2.8,2015-03-24
2355,2015-04-08 14:16:00,2015-04-08,0.0431,0.0,0.0,2114.0,0.0431,0.0431,0.0431,10000100,2015-04-22,2015-04-22,P,2.8,2015-03-24
2356,2015-04-08 14:17:00,2015-04-08,0.0431,0.0,0.0,2114.0,0.0431,0.0431,0.0431,10000100,2015-04-22,2015-04-22,P,2.8,2015-03-24
2357,2015-04-08 14:18:00,2015-04-08,0.0458,3110.0,7.0,2113.0,0.0458,0.0434,0.0434,10000100,2015-04-22,2015-04-22,P,2.8,2015-03-24
2358,2015-04-08 14:19:00,2015-04-08,0.0462,5527.0,12.0,2104.0,0.045,0.0462,0.045,10000100,2015-04-22,2015-04-22,P,2.8,2015-03-24
2359,2015-04-08 14:20:00,2015-04-08,0.0476,1428.0,3.0,2107.0,0.0476,0.0476,0.0476,10000100,2015-04-22,2015-04-22,P,2.8,2015-03-24
2360,2015-04-08 14:21:00,2015-04-08,0.0473,2838.0,6.0,2107.0,0.0473,0.0473,0.0473,10000100,2015-04-22,2015-04-22,P,2.8,2015-03-24
2361,2015-04-08 14:22:00,2015-04-08,0.0477,5240.0,11.0,2106.0,0.047,0.0477,0.047,10000100,2015-04-22,2015-04-22,P,2.8,2015-03-24
2362,2015-04-08 14:23:00,2015-04-08,0.0466,8883.0,19.0,2096.0,0.0466,0.0465,0.0465,10000100,2015-04-22,2015-04-22,P,2.8,2015-03-24
2363,2015-04-08 14:24:00,2015-04-08,0.0496,4464.0,9.0,2095.0,0.0496,0.0496,0.0496,10000100,2015-04-22,2015-04-22,P,2.8,2015-03-24
2364,2015-04-08 14:25:00,2015-04-08,0.0473,8937.0,19.0,2095.0,0.0463,0.0473,0.0463,10000100,2015-04-22,2015-04-22,P,2.8,2015-03-24
2365,2015-04-08 14:26:00,2015-04-08,0.0498,16080.0,33.0,2104.0,0.0483,0.0498,0.0483,10000100,2015-04-22,2015-04-22,P,2.8,2015-03-24
2366,2015-04-08 14:27:00,2015-04-08,0.0489,1464.0,3.0,2104.0,0.0486,0.0489,0.0486,10000100,2015-04-22,2015-04-22,P,2.8,2015-03-24
2367,2015-04-08 14:28:00,2015-04-08,0.05,5977.0,12.0,2093.0,0.0497,0.0496,0.0496,10000100,2015-04-22,2015-04-22,P,2.8,2015-03-24
2368,2015-04-08 14:29:00,2015-04-08,0.0494,4925.0,10.0,2083.0,0.0494,0.0491,0.0491,10000100,2015-04-22,2015-04-22,P,2.8,2015-03-24
2369,2015-04-08 14:30:00,2015-04-08,0.0492,1476.0,3.0,2083.0,0.0492,0.0492,0.0492,10000100,2015-04-22,2015-04-22,P,2.8,2015-03-24
2370,2015-04-08 14:31:00,2015-04-08,0.0498,6873.0,14.0,2074.0,0.0498,0.0479,0.0479,10000100,2015-04-22,2015-04-22,P,2.8,2015-03-24
2371,2015-04-08 14:32:00,2015-04-08,0.0469,4690.0,10.0,2064.0,0.0469,0.0469,0.0469,10000100,2015-04-22,2015-04-22,P,2.8,2015-03-24
2372,2015-04-08 14:33:00,2015-04-08,0.0467,2802.0,6.0,2061.0,0.0467,0.0467,0.0467,10000100,2015-04-22,2015-04-22,P,2.8,2015-03-24
2373,2015-04-08 14:34:00,2015-04-08,0.0458,4120.0,9.0,2053.0,0.0458,0.0456,0.0456,10000100,2015-04-22,2015-04-22,P,2.8,2015-03-24
2374,2015-04-08 14:35:00,2015-04-08,0.0456,0.0,0.0,2053.0,0.0456,0.0456,0.0456,10000100,2015-04-22,2015-04-22,P,2.8,2015-03-24
2375,2015-04-08 14:36:00,2015-04-08,0.0458,8660.0,19.0,2038.0,0.0458,0.0445,0.0445,10000100,2015-04-22,2015-04-22,P,2.8,2015-03-24
2376,2015-04-08 14:37:00,2015-04-08,0.0455,2727.0,6.0,2034.0,0.0452,0.0455,0.0452,10000100,2015-04-22,2015-04-22,P,2.8,2015-03-24
2377,2015-04-08 14:38:00,2015-04-08,0.0457,4560.0,10.0,2029.0,0.0455,0.0457,0.0455,10000100,2015-04-22,2015-04-22,P,2.8,2015-03-24
2378,2015-04-08 14:39:00,2015-04-08,0.0454,2270.0,5.0,2029.0,0.0454,0.0454,0.0454,10000100,2015-04-22,2015-04-22,P,2.8,2015-03-24
2379,2015-04-08 14:40:00,2015-04-08,0.045,450.0,1.0,2030.0,0.045,0.045,0.045,10000100,2015-04-22,2015-04-22,P,2.8,2015-03-24
2380,2015-04-08 14:41:00,2015-04-08,0.045,0.0,0.0,2030.0,0.045,0.045,0.045,10000100,2015-04-22,2015-04-22,P,2.8,2015-03-24
2381,2015-04-08 14:42:00,2015-04-08,0.045,0.0,0.0,2030.0,0.045,0.045,0.045,10000100,2015-04-22,2015-04-22,P,2.8,2015-03-24
2382,2015-04-08 14:43:00,2015-04-08,0.047,470.0,1.0,2030.0,0.047,0.047,0.047,10000100,2015-04-22,2015-04-22,P,2.8,2015-03-24
2383,2015-04-08 14:44:00,2015-04-08,0.0439,4390.0,10.0,2020.0,0.0439,0.0439,0.0439,10000100,2015-04-22,2015-04-22,P,2.8,2015-03-24
2384,2015-04-08 14:45:00,2015-04-08,0.0413,1652.0,4.0,2016.0,0.0413,0.0413,0.0413,10000100,2015-04-22,2015-04-22,P,2.8,2015-03-24
2385,2015-04-08 14:46:00,2015-04-08,0.0413,826.0,2.0,2016.0,0.0413,0.0413,0.0413,10000100,2015-04-22,2015-04-22,P,2.8,2015-03-24
2386,2015-04-08 14:47:00,2015-04-08,0.0435,4704.0,11.0,2016.0,0.0433,0.0419,0.0419,10000100,2015-04-22,2015-04-22,P,2.8,2015-03-24
2387,2015-04-08 14:48:00,2015-04-08,0.0416,4180.0,10.0,2006.0,0.0416,0.0416,0.0416,10000100,2015-04-22,2015-04-22,P,2.8,2015-03-24
2388,2015-04-08 14:49:00,2015-04-08,0.0435,870.0,2.0,2006.0,0.0435,0.0435,0.0435,10000100,2015-04-22,2015-04-22,P,2.8,2015-03-24
2389,2015-04-08 14:50:00,2015-04-08,0.0435,0.0,0.0,2006.0,0.0435,0.0435,0.0435,10000100,2015-04-22,2015-04-22,P,2.8,2015-03-24
2390,2015-04-08 14:51:00,2015-04-08,0.0416,2080.0,5.0,2006.0,0.0416,0.0416,0.0416,10000100,2015-04-22,2015-04-22,P,2.8,2015-03-24
2391,2015-04-08 14:52:00,2015-04-08,0.0416,0.0,0.0,2006.0,0.0416,0.0416,0.0416,10000100,2015-04-22,2015-04-22,P,2.8,2015-03-24
2392,2015-04-08 14:53:00,2015-04-08,0.0416,0.0,0.0,2006.0,0.0416,0.0416,0.0416,10000100,2015-04-22,2015-04-22,P,2.8,2015-03-24
2393,2015-04-08 14:54:00,2015-04-08,0.0416,0.0,0.0,2006.0,0.0416,0.0416,0.0416,10000100,2015-04-22,2015-04-22,P,2.8,2015-03-24
2394,2015-04-08 14:55:00,2015-04-08,0.0416,0.0,0.0,2006.0,0.0416,0.0416,0.0416,10000100,2015-04-22,2015-04-22,P,2.8,2015-03-24
2395,2015-04-08 14:56:00,2015-04-08,0.0416,0.0,0.0,2006.0,0.0416,0.0416,0.0416,10000100,2015-04-22,2015-04-22,P,2.8,2015-03-24
2396,2015-04-08 14:57:00,2015-04-08,0.0416,2080.0,5.0,2001.0,0.0416,0.0416,0.0416,10000100,2015-04-22,2015-04-22,P,2.8,2015-03-24
2397,2015-04-08 14:58:00,2015-04-08,0.0416,0.0,0.0,2001.0,0.0416,0.0416,0.0416,10000100,2015-04-22,2015-04-22,P,2.8,2015-03-24
2398,2015-04-08 14:59:00,2015-04-08,0.0416,0.0,0.0,2001.0,0.0416,0.0416,0.0416,10000100,2015-04-22,2015-04-22,P,2.8,2015-03-24
2399,2015-04-08 15:00:00,2015-04-08,0.0416,832.0,2.0,1937.0,0.0416,0.0416,0.0416,10000100,2015-04-22,2015-04-22,P,2.8,2015-03-24
2400,2015-04-08 09:31:00,2015-04-08,0.3377,16885.0,5.0,243.0,0.3377,0.3377,0.3377,10000106,2015-05-27,2015-05-27,C,2.55,2015-03-26
2401,2015-04-08 09:32:00,2015-04-08,0.3377,0.0,0.0,243.0,0.3377,0.3377,0.3377,10000106,2015-05-27,2015-05-27,C,2.55,2015-03-26
2402,2015-04-08 09:33:00,2015-04-08,0.3377,0.0,0.0,243.0,0.3377,0.3377,0.3377,10000106,2015-05-27,2015-05-27,C,2.55,2015-03-26
2403,2015-04-08 09:34:00,2015-04-08,0.3377,0.0,0.0,243.0,0.3377,0.3377,0.3377,10000106,2015-05-27,2015-05-27,C,2.55,2015-03-26
2404,2015-04-08 09:35:00,2015-04-08,0.3377,0.0,0.0,243.0,0.3377,0.3377,0.3377,10000106,2015-05-27,2015-05-27,C,2.55,2015-03-26
2405,2015-04-08 09:36:00,2015-04-08,0.3377,0.0,0.0,243.0,0.3377,0.3377,0.3377,10000106,2015-05-27,2015-05-27,C,2.55,2015-03-26
2406,2015-04-08 09:37:00,2015-04-08,0.3377,0.0,0.0,243.0,0.3377,0.3377,0.3377,10000106,2015-05-27,2015-05-27,C,2.55,2015-03-26
2407,2015-04-08 09:38:00,2015-04-08,0.3377,0.0,0.0,243.0,0.3377,0.3377,0.3377,10000106,2015-05-27,2015-05-27,C,2.55,2015-03-26
2408,2015-04-08 09:39:00,2015-04-08,0.3377,0.0,0.0,243.0,0.3377,0.3377,0.3377,10000106,2015-05-27,2015-05-27,C,2.55,2015-03-26
2409,2015-04-08 09:40:00,2015-04-08,0.3377,0.0,0.0,243.0,0.3377,0.3377,0.3377,10000106,2015-05-27,2015-05-27,C,2.55,2015-03-26
2410,2015-04-08 09:41:00,2015-04-08,0.3377,0.0,0.0,243.0,0.3377,0.3377,0.3377,10000106,2015-05-27,2015-05-27,C,2.55,2015-03-26
2411,2015-04-08 09:42:00,2015-04-08,0.3377,0.0,0.0,243.0,0.3377,0.3377,0.3377,10000106,2015-05-27,2015-05-27,C,2.55,2015-03-26
2412,2015-04-08 09:43:00,2015-04-08,0.3377,0.0,0.0,243.0,0.3377,0.3377,0.3377,10000106,2015-05-27,2015-05-27,C,2.55,2015-03-26
2413,2015-04-08 09:44:00,2015-04-08,0.3377,0.0,0.0,243.0,0.3377,0.3377,0.3377,10000106,2015-05-27,2015-05-27,C,2.55,2015-03-26
2414,2015-04-08 09:45:00,2015-04-08,0.3377,0.0,0.0,243.0,0.3377,0.3377,0.3377,10000106,2015-05-27,2015-05-27,C,2.55,2015-03-26
2415,2015-04-08 09:46:00,2015-04-08,0.3379,67545.0,20.0,238.0,0.3373,0.3379,0.3373,10000106,2015-05-27,2015-05-27,C,2.55,2015-03-26
2416,2015-04-08 09:47:00,2015-04-08,0.3379,0.0,0.0,238.0,0.3379,0.3379,0.3379,10000106,2015-05-27,2015-05-27,C,2.55,2015-03-26
2417,2015-04-08 09:48:00,2015-04-08,0.3379,0.0,0.0,238.0,0.3379,0.3379,0.3379,10000106,2015-05-27,2015-05-27,C,2.55,2015-03-26
2418,2015-04-08 09:49:00,2015-04-08,0.3379,0.0,0.0,238.0,0.3379,0.3379,0.3379,10000106,2015-05-27,2015-05-27,C,2.55,2015-03-26
2419,2015-04-08 09:50:00,2015-04-08,0.3379,0.0,0.0,238.0,0.3379,0.3379,0.3379,10000106,2015-05-27,2015-05-27,C,2.55,2015-03-26
2420,2015-04-08 09:51:00,2015-04-08,0.3379,0.0,0.0,238.0,0.3379,0.3379,0.3379,10000106,2015-05-27,2015-05-27,C,2.55,2015-03-26
2421,2015-04-08 09:52:00,2015-04-08,0.3379,0.0,0.0,238.0,0.3379,0.3379,0.3379,10000106,2015-05-27,2015-05-27,C,2.55,2015-03-26
2422,2015-04-08 09:53:00,2015-04-08,0.3379,0.0,0.0,238.0,0.3379,0.3379,0.3379,10000106,2015-05-27,2015-05-27,C,2.55,2015-03-26
2423,2015-04-08 09:54:00,2015-04-08,0.3379,0.0,0.0,238.0,0.3379,0.3379,0.3379,10000106,2015-05-27,2015-05-27,C,2.55,2015-03-26
2424,2015-04-08 09:55:00,2015-04-08,0.3379,0.0,0.0,238.0,0.3379,0.3379,0.3379,10000106,2015-05-27,2015-05-27,C,2.55,2015-03-26
2425,2015-04-08 09:56:00,2015-04-08,0.3379,0.0,0.0,238.0,0.3379,0.3379,0.3379,10000106,2015-05-27,2015-05-27,C,2.55,2015-03-26
2426,2015-04-08 09:57:00,2015-04-08,0.3379,0.0,0.0,238.0,0.3379,0.3379,0.3379,10000106,2015-05-27,2015-05-27,C,2.55,2015-03-26
2427,2015-04-08 09:58:00,2015-04-08,0.3379,0.0,0.0,238.0,0.3379,0.3379,0.3379,10000106,2015-05-27,2015-05-27,C,2.55,2015-03-26
2428,2015-04-08 09:59:00,2015-04-08,0.3379,0.0,0.0,238.0,0.3379,0.3379,0.3379,10000106,2015-05-27,2015-05-27,C,2.55,2015-03-26
2429,2015-04-08 10:00:00,2015-04-08,0.3379,0.0,0.0,238.0,0.3379,0.3379,0.3379,10000106,2015-05-27,2015-05-27,C,2.55,2015-03-26
2430,2015-04-08 10:01:00,2015-04-08,0.3379,0.0,0.0,238.0,0.3379,0.3379,0.3379,10000106,2015-05-27,2015-05-27,C,2.55,2015-03-26
2431,2015-04-08 10:02:00,2015-04-08,0.3379,0.0,0.0,238.0,0.3379,0.3379,0.3379,10000106,2015-05-27,2015-05-27,C,2.55,2015-03-26
2432,2015-04-08 10:03:00,2015-04-08,0.3379,0.0,0.0,238.0,0.3379,0.3379,0.3379,10000106,2015-05-27,2015-05-27,C,2.55,2015-03-26
2433,2015-04-08 10:04:00,2015-04-08,0.3379,0.0,0.0,238.0,0.3379,0.3379,0.3379,10000106,2015-05-27,2015-05-27,C,2.55,2015-03-26
2434,2015-04-08 10:05:00,2015-04-08,0.3379,0.0,0.0,238.0,0.3379,0.3379,0.3379,10000106,2015-05-27,2015-05-27,C,2.55,2015-03-26
2435,2015-04-08 10:06:00,2015-04-08,0.3379,0.0,0.0,238.0,0.3379,0.3379,0.3379,10000106,2015-05-27,2015-05-27,C,2.55,2015-03-26
2436,2015-04-08 10:07:00,2015-04-08,0.3379,0.0,0.0,238.0,0.3379,0.3379,0.3379,10000106,2015-05-27,2015-05-27,C,2.55,2015-03-26
2437,2015-04-08 10:08:00,2015-04-08,0.3379,0.0,0.0,238.0,0.3379,0.3379,0.3379,10000106,2015-05-27,2015-05-27,C,2.55,2015-03-26
2438,2015-04-08 10:09:00,2015-04-08,0.3379,0.0,0.0,238.0,0.3379,0.3379,0.3379,10000106,2015-05-27,2015-05-27,C,2.55,2015-03-26
2439,2015-04-08 10:10:00,2015-04-08,0.3379,0.0,0.0,238.0,0.3379,0.3379,0.3379,10000106,2015-05-27,2015-05-27,C,2.55,2015-03-26
2440,2015-04-08 10:11:00,2015-04-08,0.3379,0.0,0.0,238.0,0.3379,0.3379,0.3379,10000106,2015-05-27,2015-05-27,C,2.55,2015-03-26
2441,2015-04-08 10:12:00,2015-04-08,0.3379,0.0,0.0,238.0,0.3379,0.3379,0.3379,10000106,2015-05-27,2015-05-27,C,2.55,2015-03-26
2442,2015-04-08 10:13:00,2015-04-08,0.3379,0.0,0.0,238.0,0.3379,0.3379,0.3379,10000106,2015-05-27,2015-05-27,C,2.55,2015-03-26
2443,2015-04-08 10:14:00,2015-04-08,0.3379,0.0,0.0,238.0,0.3379,0.3379,0.3379,10000106,2015-05-27,2015-05-27,C,2.55,2015-03-26
2444,2015-04-08 10:15:00,2015-04-08,0.3379,0.0,0.0,238.0,0.3379,0.3379,0.3379,10000106,2015-05-27,2015-05-27,C,2.55,2015-03-26
2445,2015-04-08 10:16:00,2015-04-08,0.3379,0.0,0.0,238.0,0.3379,0.3379,0.3379,10000106,2015-05-27,2015-05-27,C,2.55,2015-03-26
2446,2015-04-08 10:17:00,2015-04-08,0.3379,0.0,0.0,238.0,0.3379,0.3379,0.3379,10000106,2015-05-27,2015-05-27,C,2.55,2015-03-26
2447,2015-04-08 10:18:00,2015-04-08,0.3379,0.0,0.0,238.0,0.3379,0.3379,0.3379,10000106,2015-05-27,2015-05-27,C,2.55,2015-03-26
2448,2015-04-08 10:19:00,2015-04-08,0.3379,0.0,0.0,238.0,0.3379,0.3379,0.3379,10000106,2015-05-27,2015-05-27,C,2.55,2015-03-26
2449,2015-04-08 10:20:00,2015-04-08,0.3379,0.0,0.0,238.0,0.3379,0.3379,0.3379,10000106,2015-05-27,2015-05-27,C,2.55,2015-03-26
2450,2015-04-08 10:21:00,2015-04-08,0.3379,0.0,0.0,238.0,0.3379,0.3379,0.3379,10000106,2015-05-27,2015-05-27,C,2.55,2015-03-26
2451,2015-04-08 10:22:00,2015-04-08,0.3379,0.0,0.0,238.0,0.3379,0.3379,0.3379,10000106,2015-05-27,2015-05-27,C,2.55,2015-03-26
2452,2015-04-08 10:23:00,2015-04-08,0.3379,0.0,0.0,238.0,0.3379,0.3379,0.3379,10000106,2015-05-27,2015-05-27,C,2.55,2015-03-26
2453,2015-04-08 10:24:00,2015-04-08,0.3379,0.0,0.0,238.0,0.3379,0.3379,0.3379,10000106,2015-05-27,2015-05-27,C,2.55,2015-03-26
2454,2015-04-08 10:25:00,2015-04-08,0.3379,0.0,0.0,238.0,0.3379,0.3379,0.3379,10000106,2015-05-27,2015-05-27,C,2.55,2015-03-26
2455,2015-04-08 10:26:00,2015-04-08,0.3379,0.0,0.0,238.0,0.3379,0.3379,0.3379,10000106,2015-05-27,2015-05-27,C,2.55,2015-03-26
2456,2015-04-08 10:27:00,2015-04-08,0.3379,0.0,0.0,238.0,0.3379,0.3379,0.3379,10000106,2015-05-27,2015-05-27,C,2.55,2015-03-26
2457,2015-04-08 10:28:00,2015-04-08,0.3379,0.0,0.0,238.0,0.3379,0.3379,0.3379,10000106,2015-05-27,2015-05-27,C,2.55,2015-03-26
2458,2015-04-08 10:29:00,2015-04-08,0.3379,0.0,0.0,238.0,0.3379,0.3379,0.3379,10000106,2015-05-27,2015-05-27,C,2.55,2015-03-26
2459,2015-04-08 10:30:00,2015-04-08,0.3379,0.0,0.0,238.0,0.3379,0.3379,0.3379,10000106,2015-05-27,2015-05-27,C,2.55,2015-03-26
2460,2015-04-08 10:31:00,2015-04-08,0.3379,0.0,0.0,238.0,0.3379,0.3379,0.3379,10000106,2015-05-27,2015-05-27,C,2.55,2015-03-26
2461,2015-04-08 10:32:00,2015-04-08,0.3379,0.0,0.0,238.0,0.3379,0.3379,0.3379,10000106,2015-05-27,2015-05-27,C,2.55,2015-03-26
2462,2015-04-08 10:33:00,2015-04-08,0.3379,0.0,0.0,238.0,0.3379,0.3379,0.3379,10000106,2015-05-27,2015-05-27,C,2.55,2015-03-26
2463,2015-04-08 10:34:00,2015-04-08,0.3379,0.0,0.0,238.0,0.3379,0.3379,0.3379,10000106,2015-05-27,2015-05-27,C,2.55,2015-03-26
2464,2015-04-08 10:35:00,2015-04-08,0.3379,0.0,0.0,238.0,0.3379,0.3379,0.3379,10000106,2015-05-27,2015-05-27,C,2.55,2015-03-26
2465,2015-04-08 10:36:00,2015-04-08,0.3379,0.0,0.0,238.0,0.3379,0.3379,0.3379,10000106,2015-05-27,2015-05-27,C,2.55,2015-03-26
2466,2015-04-08 10:37:00,2015-04-08,0.3379,0.0,0.0,238.0,0.3379,0.3379,0.3379,10000106,2015-05-27,2015-05-27,C,2.55,2015-03-26
2467,2015-04-08 10:38:00,2015-04-08,0.3379,0.0,0.0,238.0,0.3379,0.3379,0.3379,10000106,2015-05-27,2015-05-27,C,2.55,2015-03-26
2468,2015-04-08 10:39:00,2015-04-08,0.3379,0.0,0.0,238.0,0.3379,0.3379,0.3379,10000106,2015-05-27,2015-05-27,C,2.55,2015-03-26
2469,2015-04-08 10:40:00,2015-04-08,0.3379,0.0,0.0,238.0,0.3379,0.3379,0.3379,10000106,2015-05-27,2015-05-27,C,2.55,2015-03-26
2470,2015-04-08 10:41:00,2015-04-08,0.3379,0.0,0.0,238.0,0.3379,0.3379,0.3379,10000106,2015-05-27,2015-05-27,C,2.55,2015-03-26
2471,2015-04-08 10:42:00,2015-04-08,0.3379,0.0,0.0,238.0,0.3379,0.3379,0.3379,10000106,2015-05-27,2015-05-27,C,2.55,2015-03-26
2472,2015-04-08 10:43:00,2015-04-08,0.3379,0.0,0.0,238.0,0.3379,0.3379,0.3379,10000106,2015-05-27,2015-05-27,C,2.55,2015-03-26
2473,2015-04-08 10:44:00,2015-04-08,0.3379,0.0,0.0,238.0,0.3379,0.3379,0.3379,10000106,2015-05-27,2015-05-27,C,2.55,2015-03-26
2474,2015-04-08 10:45:00,2015-04-08,0.3379,0.0,0.0,238.0,0.3379,0.3379,0.3379,10000106,2015-05-27,2015-05-27,C,2.55,2015-03-26
2475,2015-04-08 10:46:00,2015-04-08,0.3522,28176.0,8.0,235.0,0.3522,0.3522,0.3522,10000106,2015-05-27,2015-05-27,C,2.55,2015-03-26
2476,2015-04-08 10:47:00,2015-04-08,0.3522,0.0,0.0,235.0,0.3522,0.3522,0.3522,10000106,2015-05-27,2015-05-27,C,2.55,2015-03-26
2477,2015-04-08 10:48:00,2015-04-08,0.3522,0.0,0.0,235.0,0.3522,0.3522,0.3522,10000106,2015-05-27,2015-05-27,C,2.55,2015-03-26
2478,2015-04-08 10:49:00,2015-04-08,0.3522,0.0,0.0,235.0,0.3522,0.3522,0.3522,10000106,2015-05-27,2015-05-27,C,2.55,2015-03-26
2479,2015-04-08 10:50:00,2015-04-08,0.3522,0.0,0.0,235.0,0.3522,0.3522,0.3522,10000106,2015-05-27,2015-05-27,C,2.55,2015-03-26
2480,2015-04-08 10:51:00,2015-04-08,0.3508,3508.0,1.0,236.0,0.3508,0.3508,0.3508,10000106,2015-05-27,2015-05-27,C,2.55,2015-03-26
2481,2015-04-08 10:52:00,2015-04-08,0.3508,0.0,0.0,236.0,0.3508,0.3508,0.3508,10000106,2015-05-27,2015-05-27,C,2.55,2015-03-26
2482,2015-04-08 10:53:00,2015-04-08,0.3508,0.0,0.0,236.0,0.3508,0.3508,0.3508,10000106,2015-05-27,2015-05-27,C,2.55,2015-03-26
2483,2015-04-08 10:54:00,2015-04-08,0.3508,0.0,0.0,236.0,0.3508,0.3508,0.3508,10000106,2015-05-27,2015-05-27,C,2.55,2015-03-26
2484,2015-04-08 10:55:00,2015-04-08,0.3508,0.0,0.0,236.0,0.3508,0.3508,0.3508,10000106,2015-05-27,2015-05-27,C,2.55,2015-03-26
2485,2015-04-08 10:56:00,2015-04-08,0.3508,0.0,0.0,236.0,0.3508,0.3508,0.3508,10000106,2015-05-27,2015-05-27,C,2.55,2015-03-26
2486,2015-04-08 10:57:00,2015-04-08,0.3508,0.0,0.0,236.0,0.3508,0.3508,0.3508,10000106,2015-05-27,2015-05-27,C,2.55,2015-03-26
2487,2015-04-08 10:58:00,2015-04-08,0.3508,0.0,0.0,236.0,0.3508,0.3508,0.3508,10000106,2015-05-27,2015-05-27,C,2.55,2015-03-26
2488,2015-04-08 10:59:00,2015-04-08,0.3508,0.0,0.0,236.0,0.3508,0.3508,0.3508,10000106,2015-05-27,2015-05-27,C,2.55,2015-03-26
2489,2015-04-08 11:00:00,2015-04-08,0.3508,0.0,0.0,236.0,0.3508,0.3508,0.3508,10000106,2015-05-27,2015-05-27,C,2.55,2015-03-26
2490,2015-04-08 11:01:00,2015-04-08,0.3508,0.0,0.0,236.0,0.3508,0.3508,0.3508,10000106,2015-05-27,2015-05-27,C,2.55,2015-03-26
2491,2015-04-08 11:02:00,2015-04-08,0.3508,0.0,0.0,236.0,0.3508,0.3508,0.3508,10000106,2015-05-27,2015-05-27,C,2.55,2015-03-26
2492,2015-04-08 11:03:00,2015-04-08,0.3508,0.0,0.0,236.0,0.3508,0.3508,0.3508,10000106,2015-05-27,2015-05-27,C,2.55,2015-03-26
2493,2015-04-08 11:04:00,2015-04-08,0.3508,0.0,0.0,236.0,0.3508,0.3508,0.3508,10000106,2015-05-27,2015-05-27,C,2.55,2015-03-26
2494,2015-04-08 11:05:00,2015-04-08,0.3508,0.0,0.0,236.0,0.3508,0.3508,0.3508,10000106,2015-05-27,2015-05-27,C,2.55,2015-03-26
2495,2015-04-08 11:06:00,2015-04-08,0.3508,0.0,0.0,236.0,0.3508,0.3508,0.3508,10000106,2015-05-27,2015-05-27,C,2.55,2015-03-26
2496,2015-04-08 11:07:00,2015-04-08,0.3508,0.0,0.0,236.0,0.3508,0.3508,0.3508,10000106,2015-05-27,2015-05-27,C,2.55,2015-03-26
2497,2015-04-08 11:08:00,2015-04-08,0.3508,0.0,0.0,236.0,0.3508,0.3508,0.3508,10000106,2015-05-27,2015-05-27,C,2.55,2015-03-26
2498,2015-04-08 11:09:00,2015-04-08,0.3508,0.0,0.0,236.0,0.3508,0.3508,0.3508,10000106,2015-05-27,2015-05-27,C,2.55,2015-03-26
2499,2015-04-08 11:10:00,2015-04-08,0.3508,0.0,0.0,236.0,0.3508,0.3508,0.3508,10000106,2015-05-27,2015-05-27,C,2.55,2015-03-26
2500,2015-04-08 11:11:00,2015-04-08,0.3508,0.0,0.0,236.0,0.3508,0.3508,0.3508,10000106,2015-05-27,2015-05-27,C,2.55,2015-03-26
2501,2015-04-08 11:12:00,2015-04-08,0.3508,0.0,0.0,236.0,0.3508,0.3508,0.3508,10000106,2015-05-27,2015-05-27,C,2.55,2015-03-26
2502,2015-04-08 11:13:00,2015-04-08,0.3508,0.0,0.0,236.0,0.3508,0.3508,0.3508,10000106,2015-05-27,2015-05-27,C,2.55,2015-03-26
2503,2015-04-08 11:14:00,2015-04-08,0.3508,0.0,0.0,236.0,0.3508,0.3508,0.3508,10000106,2015-05-27,2015-05-27,C,2.55,2015-03-26
2504,2015-04-08 11:15:00,2015-04-08,0.3508,0.0,0.0,236.0,0.3508,0.3508,0.3508,10000106,2015-05-27,2015-05-27,C,2.55,2015-03-26
2505,2015-04-08 11:16:00,2015-04-08,0.3508,0.0,0.0,236.0,0.3508,0.3508,0.3508,10000106,2015-05-27,2015-05-27,C,2.55,2015-03-26
2506,2015-04-08 11:17:00,2015-04-08,0.3508,0.0,0.0,236.0,0.3508,0.3508,0.3508,10000106,2015-05-27,2015-05-27,C,2.55,2015-03-26
2507,2015-04-08 11:18:00,2015-04-08,0.3508,0.0,0.0,236.0,0.3508,0.3508,0.3508,10000106,2015-05-27,2015-05-27,C,2.55,2015-03-26
2508,2015-04-08 11:19:00,2015-04-08,0.3508,0.0,0.0,236.0,0.3508,0.3508,0.3508,10000106,2015-05-27,2015-05-27,C,2.55,2015-03-26
2509,2015-04-08 11:20:00,2015-04-08,0.3508,0.0,0.0,236.0,0.3508,0.3508,0.3508,10000106,2015-05-27,2015-05-27,C,2.55,2015-03-26
2510,2015-04-08 11:21:00,2015-04-08,0.3508,0.0,0.0,236.0,0.3508,0.3508,0.3508,10000106,2015-05-27,2015-05-27,C,2.55,2015-03-26
2511,2015-04-08 11:22:00,2015-04-08,0.3508,0.0,0.0,236.0,0.3508,0.3508,0.3508,10000106,2015-05-27,2015-05-27,C,2.55,2015-03-26
2512,2015-04-08 11:23:00,2015-04-08,0.3508,0.0,0.0,236.0,0.3508,0.3508,0.3508,10000106,2015-05-27,2015-05-27,C,2.55,2015-03-26
2513,2015-04-08 11:24:00,2015-04-08,0.3508,0.0,0.0,236.0,0.3508,0.3508,0.3508,10000106,2015-05-27,2015-05-27,C,2.55,2015-03-26
2514,2015-04-08 11:25:00,2015-04-08,0.3508,0.0,0.0,236.0,0.3508,0.3508,0.3508,10000106,2015-05-27,2015-05-27,C,2.55,2015-03-26
2515,2015-04-08 11:26:00,2015-04-08,0.3508,0.0,0.0,236.0,0.3508,0.3508,0.3508,10000106,2015-05-27,2015-05-27,C,2.55,2015-03-26
2516,2015-04-08 11:27:00,2015-04-08,0.3436,3436.0,1.0,236.0,0.3436,0.3436,0.3436,10000106,2015-05-27,2015-05-27,C,2.55,2015-03-26
2517,2015-04-08 11:28:00,2015-04-08,0.3436,0.0,0.0,236.0,0.3436,0.3436,0.3436,10000106,2015-05-27,2015-05-27,C,2.55,2015-03-26
2518,2015-04-08 11:29:00,2015-04-08,0.3436,0.0,0.0,236.0,0.3436,0.3436,0.3436,10000106,2015-05-27,2015-05-27,C,2.55,2015-03-26
2519,2015-04-08 11:30:00,2015-04-08,0.3436,0.0,0.0,236.0,0.3436,0.3436,0.3436,10000106,2015-05-27,2015-05-27,C,2.55,2015-03-26
2520,2015-04-08 13:01:00,2015-04-08,0.36,36000.0,10.0,236.0,0.36,0.36,0.36,10000106,2015-05-27,2015-05-27,C,2.55,2015-03-26
2521,2015-04-08 13:02:00,2015-04-08,0.36,0.0,0.0,236.0,0.36,0.36,0.36,10000106,2015-05-27,2015-05-27,C,2.55,2015-03-26
2522,2015-04-08 13:03:00,2015-04-08,0.36,0.0,0.0,236.0,0.36,0.36,0.36,10000106,2015-05-27,2015-05-27,C,2.55,2015-03-26
2523,2015-04-08 13:04:00,2015-04-08,0.36,0.0,0.0,236.0,0.36,0.36,0.36,10000106,2015-05-27,2015-05-27,C,2.55,2015-03-26
2524,2015-04-08 13:05:00,2015-04-08,0.36,0.0,0.0,236.0,0.36,0.36,0.36,10000106,2015-05-27,2015-05-27,C,2.55,2015-03-26
2525,2015-04-08 13:06:00,2015-04-08,0.36,0.0,0.0,236.0,0.36,0.36,0.36,10000106,2015-05-27,2015-05-27,C,2.55,2015-03-26
2526,2015-04-08 13:07:00,2015-04-08,0.36,0.0,0.0,236.0,0.36,0.36,0.36,10000106,2015-05-27,2015-05-27,C,2.55,2015-03-26
2527,2015-04-08 13:08:00,2015-04-08,0.36,0.0,0.0,236.0,0.36,0.36,0.36,10000106,2015-05-27,2015-05-27,C,2.55,2015-03-26
2528,2015-04-08 13:09:00,2015-04-08,0.36,0.0,0.0,236.0,0.36,0.36,0.36,10000106,2015-05-27,2015-05-27,C,2.55,2015-03-26
2529,2015-04-08 13:10:00,2015-04-08,0.36,0.0,0.0,236.0,0.36,0.36,0.36,10000106,2015-05-27,2015-05-27,C,2.55,2015-03-26
2530,2015-04-08 13:11:00,2015-04-08,0.36,0.0,0.0,236.0,0.36,0.36,0.36,10000106,2015-05-27,2015-05-27,C,2.55,2015-03-26
2531,2015-04-08 13:12:00,2015-04-08,0.36,0.0,0.0,236.0,0.36,0.36,0.36,10000106,2015-05-27,2015-05-27,C,2.55,2015-03-26
2532,2015-04-08 13:13:00,2015-04-08,0.36,0.0,0.0,236.0,0.36,0.36,0.36,10000106,2015-05-27,2015-05-27,C,2.55,2015-03-26
2533,2015-04-08 13:14:00,2015-04-08,0.36,0.0,0.0,236.0,0.36,0.36,0.36,10000106,2015-05-27,2015-05-27,C,2.55,2015-03-26
2534,2015-04-08 13:15:00,2015-04-08,0.36,0.0,0.0,236.0,0.36,0.36,0.36,10000106,2015-05-27,2015-05-27,C,2.55,2015-03-26
2535,2015-04-08 13:16:00,2015-04-08,0.36,0.0,0.0,236.0,0.36,0.36,0.36,10000106,2015-05-27,2015-05-27,C,2.55,2015-03-26
2536,2015-04-08 13:17:00,2015-04-08,0.36,0.0,0.0,236.0,0.36,0.36,0.36,10000106,2015-05-27,2015-05-27,C,2.55,2015-03-26
2537,2015-04-08 13:18:00,2015-04-08,0.36,0.0,0.0,236.0,0.36,0.36,0.36,10000106,2015-05-27,2015-05-27,C,2.55,2015-03-26
2538,2015-04-08 13:19:00,2015-04-08,0.3865,3865.0,1.0,236.0,0.3865,0.3865,0.3865,10000106,2015-05-27,2015-05-27,C,2.55,2015-03-26
2539,2015-04-08 13:20:00,2015-04-08,0.3865,0.0,0.0,236.0,0.3865,0.3865,0.3865,10000106,2015-05-27,2015-05-27,C,2.55,2015-03-26
2540,2015-04-08 13:21:00,2015-04-08,0.3865,0.0,0.0,236.0,0.3865,0.3865,0.3865,10000106,2015-05-27,2015-05-27,C,2.55,2015-03-26
2541,2015-04-08 13:22:00,2015-04-08,0.3865,0.0,0.0,236.0,0.3865,0.3865,0.3865,10000106,2015-05-27,2015-05-27,C,2.55,2015-03-26
2542,2015-04-08 13:23:00,2015-04-08,0.3865,0.0,0.0,236.0,0.3865,0.3865,0.3865,10000106,2015-05-27,2015-05-27,C,2.55,2015-03-26
2543,2015-04-08 13:24:00,2015-04-08,0.3865,0.0,0.0,236.0,0.3865,0.3865,0.3865,10000106,2015-05-27,2015-05-27,C,2.55,2015-03-26
2544,2015-04-08 13:25:00,2015-04-08,0.3865,0.0,0.0,236.0,0.3865,0.3865,0.3865,10000106,2015-05-27,2015-05-27,C,2.55,2015-03-26
2545,2015-04-08 13:26:00,2015-04-08,0.3865,0.0,0.0,236.0,0.3865,0.3865,0.3865,10000106,2015-05-27,2015-05-27,C,2.55,2015-03-26
2546,2015-04-08 13:27:00,2015-04-08,0.3865,0.0,0.0,236.0,0.3865,0.3865,0.3865,10000106,2015-05-27,2015-05-27,C,2.55,2015-03-26
2547,2015-04-08 13:28:00,2015-04-08,0.3865,0.0,0.0,236.0,0.3865,0.3865,0.3865,10000106,2015-05-27,2015-05-27,C,2.55,2015-03-26
2548,2015-04-08 13:29:00,2015-04-08,0.3865,0.0,0.0,236.0,0.3865,0.3865,0.3865,10000106,2015-05-27,2015-05-27,C,2.55,2015-03-26
2549,2015-04-08 13:30:00,2015-04-08,0.3865,0.0,0.0,236.0,0.3865,0.3865,0.3865,10000106,2015-05-27,2015-05-27,C,2.55,2015-03-26
2550,2015-04-08 13:31:00,2015-04-08,0.3865,0.0,0.0,236.0,0.3865,0.3865,0.3865,10000106,2015-05-27,2015-05-27,C,2.55,2015-03-26
2551,2015-04-08 13:32:00,2015-04-08,0.3865,0.0,0.0,236.0,0.3865,0.3865,0.3865,10000106,2015-05-27,2015-05-27,C,2.55,2015-03-26
2552,2015-04-08 13:33:00,2015-04-08,0.3865,0.0,0.0,236.0,0.3865,0.3865,0.3865,10000106,2015-05-27,2015-05-27,C,2.55,2015-03-26
2553,2015-04-08 13:34:00,2015-04-08,0.3865,0.0,0.0,236.0,0.3865,0.3865,0.3865,10000106,2015-05-27,2015-05-27,C,2.55,2015-03-26
2554,2015-04-08 13:35:00,2015-04-08,0.3865,0.0,0.0,236.0,0.3865,0.3865,0.3865,10000106,2015-05-27,2015-05-27,C,2.55,2015-03-26
2555,2015-04-08 13:36:00,2015-04-08,0.3865,0.0,0.0,236.0,0.3865,0.3865,0.3865,10000106,2015-05-27,2015-05-27,C,2.55,2015-03-26
2556,2015-04-08 13:37:00,2015-04-08,0.3865,0.0,0.0,236.0,0.3865,0.3865,0.3865,10000106,2015-05-27,2015-05-27,C,2.55,2015-03-26
2557,2015-04-08 13:38:00,2015-04-08,0.3865,0.0,0.0,236.0,0.3865,0.3865,0.3865,10000106,2015-05-27,2015-05-27,C,2.55,2015-03-26
2558,2015-04-08 13:39:00,2015-04-08,0.3865,0.0,0.0,236.0,0.3865,0.3865,0.3865,10000106,2015-05-27,2015-05-27,C,2.55,2015-03-26
2559,2015-04-08 13:40:00,2015-04-08,0.3865,0.0,0.0,236.0,0.3865,0.3865,0.3865,10000106,2015-05-27,2015-05-27,C,2.55,2015-03-26
2560,2015-04-08 13:41:00,2015-04-08,0.3865,0.0,0.0,236.0,0.3865,0.3865,0.3865,10000106,2015-05-27,2015-05-27,C,2.55,2015-03-26
2561,2015-04-08 13:42:00,2015-04-08,0.3865,0.0,0.0,236.0,0.3865,0.3865,0.3865,10000106,2015-05-27,2015-05-27,C,2.55,2015-03-26
2562,2015-04-08 13:43:00,2015-04-08,0.3865,0.0,0.0,236.0,0.3865,0.3865,0.3865,10000106,2015-05-27,2015-05-27,C,2.55,2015-03-26
2563,2015-04-08 13:44:00,2015-04-08,0.3865,0.0,0.0,236.0,0.3865,0.3865,0.3865,10000106,2015-05-27,2015-05-27,C,2.55,2015-03-26
2564,2015-04-08 13:45:00,2015-04-08,0.3865,0.0,0.0,236.0,0.3865,0.3865,0.3865,10000106,2015-05-27,2015-05-27,C,2.55,2015-03-26
2565,2015-04-08 13:46:00,2015-04-08,0.3865,0.0,0.0,236.0,0.3865,0.3865,0.3865,10000106,2015-05-27,2015-05-27,C,2.55,2015-03-26
2566,2015-04-08 13:47:00,2015-04-08,0.3865,0.0,0.0,236.0,0.3865,0.3865,0.3865,10000106,2015-05-27,2015-05-27,C,2.55,2015-03-26
2567,2015-04-08 13:48:00,2015-04-08,0.3865,0.0,0.0,236.0,0.3865,0.3865,0.3865,10000106,2015-05-27,2015-05-27,C,2.55,2015-03-26
2568,2015-04-08 13:49:00,2015-04-08,0.3865,0.0,0.0,236.0,0.3865,0.3865,0.3865,10000106,2015-05-27,2015-05-27,C,2.55,2015-03-26
2569,2015-04-08 13:50:00,2015-04-08,0.3865,0.0,0.0,236.0,0.3865,0.3865,0.3865,10000106,2015-05-27,2015-05-27,C,2.55,2015-03-26
2570,2015-04-08 13:51:00,2015-04-08,0.3865,0.0,0.0,236.0,0.3865,0.3865,0.3865,10000106,2015-05-27,2015-05-27,C,2.55,2015-03-26
2571,2015-04-08 13:52:00,2015-04-08,0.3865,0.0,0.0,236.0,0.3865,0.3865,0.3865,10000106,2015-05-27,2015-05-27,C,2.55,2015-03-26
2572,2015-04-08 13:53:00,2015-04-08,0.3865,0.0,0.0,236.0,0.3865,0.3865,0.3865,10000106,2015-05-27,2015-05-27,C,2.55,2015-03-26
2573,2015-04-08 13:54:00,2015-04-08,0.3865,0.0,0.0,236.0,0.3865,0.3865,0.3865,10000106,2015-05-27,2015-05-27,C,2.55,2015-03-26
2574,2015-04-08 13:55:00,2015-04-08,0.3865,0.0,0.0,236.0,0.3865,0.3865,0.3865,10000106,2015-05-27,2015-05-27,C,2.55,2015-03-26
2575,2015-04-08 13:56:00,2015-04-08,0.3865,0.0,0.0,236.0,0.3865,0.3865,0.3865,10000106,2015-05-27,2015-05-27,C,2.55,2015-03-26
2576,2015-04-08 13:57:00,2015-04-08,0.3865,0.0,0.0,236.0,0.3865,0.3865,0.3865,10000106,2015-05-27,2015-05-27,C,2.55,2015-03-26
2577,2015-04-08 13:58:00,2015-04-08,0.3865,0.0,0.0,236.0,0.3865,0.3865,0.3865,10000106,2015-05-27,2015-05-27,C,2.55,2015-03-26
2578,2015-04-08 13:59:00,2015-04-08,0.3865,0.0,0.0,236.0,0.3865,0.3865,0.3865,10000106,2015-05-27,2015-05-27,C,2.55,2015-03-26
2579,2015-04-08 14:00:00,2015-04-08,0.3865,0.0,0.0,236.0,0.3865,0.3865,0.3865,10000106,2015-05-27,2015-05-27,C,2.55,2015-03-26
2580,2015-04-08 14:01:00,2015-04-08,0.3865,0.0,0.0,236.0,0.3865,0.3865,0.3865,10000106,2015-05-27,2015-05-27,C,2.55,2015-03-26
2581,2015-04-08 14:02:00,2015-04-08,0.3865,0.0,0.0,236.0,0.3865,0.3865,0.3865,10000106,2015-05-27,2015-05-27,C,2.55,2015-03-26
2582,2015-04-08 14:03:00,2015-04-08,0.3865,0.0,0.0,236.0,0.3865,0.3865,0.3865,10000106,2015-05-27,2015-05-27,C,2.55,2015-03-26
2583,2015-04-08 14:04:00,2015-04-08,0.3865,0.0,0.0,236.0,0.3865,0.3865,0.3865,10000106,2015-05-27,2015-05-27,C,2.55,2015-03-26
2584,2015-04-08 14:05:00,2015-04-08,0.3865,0.0,0.0,236.0,0.3865,0.3865,0.3865,10000106,2015-05-27,2015-05-27,C,2.55,2015-03-26
2585,2015-04-08 14:06:00,2015-04-08,0.3865,0.0,0.0,236.0,0.3865,0.3865,0.3865,10000106,2015-05-27,2015-05-27,C,2.55,2015-03-26
2586,2015-04-08 14:07:00,2015-04-08,0.3865,0.0,0.0,236.0,0.3865,0.3865,0.3865,10000106,2015-05-27,2015-05-27,C,2.55,2015-03-26
2587,2015-04-08 14:08:00,2015-04-08,0.3865,0.0,0.0,236.0,0.3865,0.3865,0.3865,10000106,2015-05-27,2015-05-27,C,2.55,2015-03-26
2588,2015-04-08 14:09:00,2015-04-08,0.3865,0.0,0.0,236.0,0.3865,0.3865,0.3865,10000106,2015-05-27,2015-05-27,C,2.55,2015-03-26
2589,2015-04-08 14:10:00,2015-04-08,0.3865,0.0,0.0,236.0,0.3865,0.3865,0.3865,10000106,2015-05-27,2015-05-27,C,2.55,2015-03-26
2590,2015-04-08 14:11:00,2015-04-08,0.3865,0.0,0.0,236.0,0.3865,0.3865,0.3865,10000106,2015-05-27,2015-05-27,C,2.55,2015-03-26
2591,2015-04-08 14:12:00,2015-04-08,0.3865,0.0,0.0,236.0,0.3865,0.3865,0.3865,10000106,2015-05-27,2015-05-27,C,2.55,2015-03-26
2592,2015-04-08 14:13:00,2015-04-08,0.3865,0.0,0.0,236.0,0.3865,0.3865,0.3865,10000106,2015-05-27,2015-05-27,C,2.55,2015-03-26
2593,2015-04-08 14:14:00,2015-04-08,0.3865,0.0,0.0,236.0,0.3865,0.3865,0.3865,10000106,2015-05-27,2015-05-27,C,2.55,2015-03-26
2594,2015-04-08 14:15:00,2015-04-08,0.3865,0.0,0.0,236.0,0.3865,0.3865,0.3865,10000106,2015-05-27,2015-05-27,C,2.55,2015-03-26
2595,2015-04-08 14:16:00,2015-04-08,0.3865,0.0,0.0,236.0,0.3865,0.3865,0.3865,10000106,2015-05-27,2015-05-27,C,2.55,2015-03-26
2596,2015-04-08 14:17:00,2015-04-08,0.3865,0.0,0.0,236.0,0.3865,0.3865,0.3865,10000106,2015-05-27,2015-05-27,C,2.55,2015-03-26
2597,2015-04-08 14:18:00,2015-04-08,0.3865,0.0,0.0,236.0,0.3865,0.3865,0.3865,10000106,2015-05-27,2015-05-27,C,2.55,2015-03-26
2598,2015-04-08 14:19:00,2015-04-08,0.3865,0.0,0.0,236.0,0.3865,0.3865,0.3865,10000106,2015-05-27,2015-05-27,C,2.55,2015-03-26
2599,2015-04-08 14:20:00,2015-04-08,0.3865,0.0,0.0,236.0,0.3865,0.3865,0.3865,10000106,2015-05-27,2015-05-27,C,2.55,2015-03-26
2600,2015-04-08 14:21:00,2015-04-08,0.3865,0.0,0.0,236.0,0.3865,0.3865,0.3865,10000106,2015-05-27,2015-05-27,C,2.55,2015-03-26
2601,2015-04-08 14:22:00,2015-04-08,0.3631,29048.0,8.0,228.0,0.3631,0.3631,0.3631,10000106,2015-05-27,2015-05-27,C,2.55,2015-03-26
2602,2015-04-08 14:23:00,2015-04-08,0.3631,0.0,0.0,228.0,0.3631,0.3631,0.3631,10000106,2015-05-27,2015-05-27,C,2.55,2015-03-26
2603,2015-04-08 14:24:00,2015-04-08,0.3631,0.0,0.0,228.0,0.3631,0.3631,0.3631,10000106,2015-05-27,2015-05-27,C,2.55,2015-03-26
2604,2015-04-08 14:25:00,2015-04-08,0.3631,0.0,0.0,228.0,0.3631,0.3631,0.3631,10000106,2015-05-27,2015-05-27,C,2.55,2015-03-26
2605,2015-04-08 14:26:00,2015-04-08,0.3631,0.0,0.0,228.0,0.3631,0.3631,0.3631,10000106,2015-05-27,2015-05-27,C,2.55,2015-03-26
2606,2015-04-08 14:27:00,2015-04-08,0.3631,0.0,0.0,228.0,0.3631,0.3631,0.3631,10000106,2015-05-27,2015-05-27,C,2.55,2015-03-26
2607,2015-04-08 14:28:00,2015-04-08,0.3631,0.0,0.0,228.0,0.3631,0.3631,0.3631,10000106,2015-05-27,2015-05-27,C,2.55,2015-03-26
2608,2015-04-08 14:29:00,2015-04-08,0.3631,0.0,0.0,228.0,0.3631,0.3631,0.3631,10000106,2015-05-27,2015-05-27,C,2.55,2015-03-26
2609,2015-04-08 14:30:00,2015-04-08,0.3631,0.0,0.0,228.0,0.3631,0.3631,0.3631,10000106,2015-05-27,2015-05-27,C,2.55,2015-03-26
2610,2015-04-08 14:31:00,2015-04-08,0.3631,0.0,0.0,228.0,0.3631,0.3631,0.3631,10000106,2015-05-27,2015-05-27,C,2.55,2015-03-26
2611,2015-04-08 14:32:00,2015-04-08,0.3631,0.0,0.0,228.0,0.3631,0.3631,0.3631,10000106,2015-05-27,2015-05-27,C,2.55,2015-03-26
2612,2015-04-08 14:33:00,2015-04-08,0.3631,0.0,0.0,228.0,0.3631,0.3631,0.3631,10000106,2015-05-27,2015-05-27,C,2.55,2015-03-26
2613,2015-04-08 14:34:00,2015-04-08,0.3631,0.0,0.0,228.0,0.3631,0.3631,0.3631,10000106,2015-05-27,2015-05-27,C,2.55,2015-03-26
2614,2015-04-08 14:35:00,2015-04-08,0.3631,0.0,0.0,228.0,0.3631,0.3631,0.3631,10000106,2015-05-27,2015-05-27,C,2.55,2015-03-26
2615,2015-04-08 14:36:00,2015-04-08,0.3631,0.0,0.0,228.0,0.3631,0.3631,0.3631,10000106,2015-05-27,2015-05-27,C,2.55,2015-03-26
2616,2015-04-08 14:37:00,2015-04-08,0.3631,0.0,0.0,228.0,0.3631,0.3631,0.3631,10000106,2015-05-27,2015-05-27,C,2.55,2015-03-26
2617,2015-04-08 14:38:00,2015-04-08,0.3631,0.0,0.0,228.0,0.3631,0.3631,0.3631,10000106,2015-05-27,2015-05-27,C,2.55,2015-03-26
2618,2015-04-08 14:39:00,2015-04-08,0.3631,0.0,0.0,228.0,0.3631,0.3631,0.3631,10000106,2015-05-27,2015-05-27,C,2.55,2015-03-26
2619,2015-04-08 14:40:00,2015-04-08,0.3631,0.0,0.0,228.0,0.3631,0.3631,0.3631,10000106,2015-05-27,2015-05-27,C,2.55,2015-03-26
2620,2015-04-08 14:41:00,2015-04-08,0.3631,0.0,0.0,228.0,0.3631,0.3631,0.3631,10000106,2015-05-27,2015-05-27,C,2.55,2015-03-26
2621,2015-04-08 14:42:00,2015-04-08,0.3631,0.0,0.0,228.0,0.3631,0.3631,0.3631,10000106,2015-05-27,2015-05-27,C,2.55,2015-03-26
2622,2015-04-08 14:43:00,2015-04-08,0.3631,0.0,0.0,228.0,0.3631,0.3631,0.3631,10000106,2015-05-27,2015-05-27,C,2.55,2015-03-26
2623,2015-04-08 14:44:00,2015-04-08,0.3631,0.0,0.0,228.0,0.3631,0.3631,0.3631,10000106,2015-05-27,2015-05-27,C,2.55,2015-03-26
2624,2015-04-08 14:45:00,2015-04-08,0.3631,0.0,0.0,228.0,0.3631,0.3631,0.3631,10000106,2015-05-27,2015-05-27,C,2.55,2015-03-26
2625,2015-04-08 14:46:00,2015-04-08,0.3631,0.0,0.0,228.0,0.3631,0.3631,0.3631,10000106,2015-05-27,2015-05-27,C,2.55,2015-03-26
2626,2015-04-08 14:47:00,2015-04-08,0.3631,0.0,0.0,228.0,0.3631,0.3631,0.3631,10000106,2015-05-27,2015-05-27,C,2.55,2015-03-26
2627,2015-04-08 14:48:00,2015-04-08,0.3631,0.0,0.0,228.0,0.3631,0.3631,0.3631,10000106,2015-05-27,2015-05-27,C,2.55,2015-03-26
2628,2015-04-08 14:49:00,2015-04-08,0.3631,0.0,0.0,228.0,0.3631,0.3631,0.3631,10000106,2015-05-27,2015-05-27,C,2.55,2015-03-26
2629,2015-04-08 14:50:00,2015-04-08,0.3631,0.0,0.0,228.0,0.3631,0.3631,0.3631,10000106,2015-05-27,2015-05-27,C,2.55,2015-03-26
2630,2015-04-08 14:51:00,2015-04-08,0.3631,0.0,0.0,228.0,0.3631,0.3631,0.3631,10000106,2015-05-27,2015-05-27,C,2.55,2015-03-26
2631,2015-04-08 14:52:00,2015-04-08,0.3631,0.0,0.0,228.0,0.3631,0.3631,0.3631,10000106,2015-05-27,2015-05-27,C,2.55,2015-03-26
2632,2015-04-08 14:53:00,2015-04-08,0.3631,0.0,0.0,228.0,0.3631,0.3631,0.3631,10000106,2015-05-27,2015-05-27,C,2.55,2015-03-26
2633,2015-04-08 14:54:00,2015-04-08,0.3789,18945.0,5.0,223.0,0.3789,0.3789,0.3789,10000106,2015-05-27,2015-05-27,C,2.55,2015-03-26
2634,2015-04-08 14:55:00,2015-04-08,0.3789,0.0,0.0,223.0,0.3789,0.3789,0.3789,10000106,2015-05-27,2015-05-27,C,2.55,2015-03-26
2635,2015-04-08 14:56:00,2015-04-08,0.3789,0.0,0.0,223.0,0.3789,0.3789,0.3789,10000106,2015-05-27,2015-05-27,C,2.55,2015-03-26
2636,2015-04-08 14:57:00,2015-04-08,0.3774,3774.0,1.0,222.0,0.3774,0.3774,0.3774,10000106,2015-05-27,2015-05-27,C,2.55,2015-03-26
2637,2015-04-08 14:58:00,2015-04-08,0.3774,0.0,0.0,222.0,0.3774,0.3774,0.3774,10000106,2015-05-27,2015-05-27,C,2.55,2015-03-26
2638,2015-04-08 14:59:00,2015-04-08,0.3774,0.0,0.0,222.0,0.3774,0.3774,0.3774,10000106,2015-05-27,2015-05-27,C,2.55,2015-03-26
2639,2015-04-08 15:00:00,2015-04-08,0.3774,0.0,0.0,222.0,0.3774,0.3774,0.3774,10000106,2015-05-27,2015-05-27,C,2.55,2015-03-26
2640,2015-04-08 09:31:00,2015-04-08,0.1351,52849.0,41.0,41.0,0.1244,0.1336,0.127,10000136,2015-06-24,2015-06-24,C,2.95,2015-04-08
2641,2015-04-08 09:32:00,2015-04-08,0.1416,14085.0,10.0,51.0,0.1416,0.1416,0.1416,10000136,2015-06-24,2015-06-24,C,2.95,2015-04-08
2642,2015-04-08 09:33:00,2015-04-08,0.1416,0.0,0.0,51.0,0.1416,0.1416,0.1416,10000136,2015-06-24,2015-06-24,C,2.95,2015-04-08
2643,2015-04-08 09:34:00,2015-04-08,0.1416,0.0,0.0,51.0,0.1416,0.1416,0.1416,10000136,2015-06-24,2015-06-24,C,2.95,2015-04-08
2644,2015-04-08 09:35:00,2015-04-08,0.1416,0.0,0.0,51.0,0.1416,0.1416,0.1416,10000136,2015-06-24,2015-06-24,C,2.95,2015-04-08
2645,2015-04-08 09:36:00,2015-04-08,0.1416,0.0,0.0,51.0,0.1416,0.1416,0.1416,10000136,2015-06-24,2015-06-24,C,2.95,2015-04-08
2646,2015-04-08 09:37:00,2015-04-08,0.1416,0.0,0.0,51.0,0.1416,0.1416,0.1416,10000136,2015-06-24,2015-06-24,C,2.95,2015-04-08
2647,2015-04-08 09:38:00,2015-04-08,0.1416,0.0,0.0,51.0,0.1416,0.1416,0.1416,10000136,2015-06-24,2015-06-24,C,2.95,2015-04-08
2648,2015-04-08 09:39:00,2015-04-08,0.1416,0.0,0.0,51.0,0.1416,0.1416,0.1416,10000136,2015-06-24,2015-06-24,C,2.95,2015-04-08
2649,2015-04-08 09:40:00,2015-04-08,0.1416,0.0,0.0,51.0,0.1416,0.1416,0.1416,10000136,2015-06-24,2015-06-24,C,2.95,2015-04-08
2650,2015-04-08 09:41:00,2015-04-08,0.1412,14111.0,10.0,51.0,0.1411,0.1412,0.1411,10000136,2015-06-24,2015-06-24,C,2.95,2015-04-08
2651,2015-04-08 09:42:00,2015-04-08,0.1412,0.0,0.0,51.0,0.1412,0.1412,0.1412,10000136,2015-06-24,2015-06-24,C,2.95,2015-04-08
2652,2015-04-08 09:43:00,2015-04-08,0.1412,0.0,0.0,51.0,0.1412,0.1412,0.1412,10000136,2015-06-24,2015-06-24,C,2.95,2015-04-08
2653,2015-04-08 09:44:00,2015-04-08,0.1412,0.0,0.0,51.0,0.1412,0.1412,0.1412,10000136,2015-06-24,2015-06-24,C,2.95,2015-04-08
2654,2015-04-08 09:45:00,2015-04-08,0.1412,0.0,0.0,51.0,0.1412,0.1412,0.1412,10000136,2015-06-24,2015-06-24,C,2.95,2015-04-08
2655,2015-04-08 09:46:00,2015-04-08,0.1412,0.0,0.0,51.0,0.1412,0.1412,0.1412,10000136,2015-06-24,2015-06-24,C,2.95,2015-04-08
2656,2015-04-08 09:47:00,2015-04-08,0.1412,0.0,0.0,51.0,0.1412,0.1412,0.1412,10000136,2015-06-24,2015-06-24,C,2.95,2015-04-08
2657,2015-04-08 09:48:00,2015-04-08,0.1412,0.0,0.0,51.0,0.1412,0.1412,0.1412,10000136,2015-06-24,2015-06-24,C,2.95,2015-04-08
2658,2015-04-08 09:49:00,2015-04-08,0.1412,0.0,0.0,51.0,0.1412,0.1412,0.1412,10000136,2015-06-24,2015-06-24,C,2.95,2015-04-08
2659,2015-04-08 09:50:00,2015-04-08,0.1412,0.0,0.0,51.0,0.1412,0.1412,0.1412,10000136,2015-06-24,2015-06-24,C,2.95,2015-04-08
2660,2015-04-08 09:51:00,2015-04-08,0.1412,0.0,0.0,51.0,0.1412,0.1412,0.1412,10000136,2015-06-24,2015-06-24,C,2.95,2015-04-08
2661,2015-04-08 09:52:00,2015-04-08,0.1412,0.0,0.0,51.0,0.1412,0.1412,0.1412,10000136,2015-06-24,2015-06-24,C,2.95,2015-04-08
2662,2015-04-08 09:53:00,2015-04-08,0.1412,0.0,0.0,51.0,0.1412,0.1412,0.1412,10000136,2015-06-24,2015-06-24,C,2.95,2015-04-08
2663,2015-04-08 09:54:00,2015-04-08,0.14800000000000002,7400.0,5.0,56.0,0.14800000000000002,0.14800000000000002,0.14800000000000002,10000136,2015-06-24,2015-06-24,C,2.95,2015-04-08
2664,2015-04-08 09:55:00,2015-04-08,0.14800000000000002,0.0,0.0,56.0,0.14800000000000002,0.14800000000000002,0.14800000000000002,10000136,2015-06-24,2015-06-24,C,2.95,2015-04-08
2665,2015-04-08 09:56:00,2015-04-08,0.14800000000000002,0.0,0.0,56.0,0.14800000000000002,0.14800000000000002,0.14800000000000002,10000136,2015-06-24,2015-06-24,C,2.95,2015-04-08
2666,2015-04-08 09:57:00,2015-04-08,0.14800000000000002,0.0,0.0,56.0,0.14800000000000002,0.14800000000000002,0.14800000000000002,10000136,2015-06-24,2015-06-24,C,2.95,2015-04-08
2667,2015-04-08 09:58:00,2015-04-08,0.14800000000000002,0.0,0.0,56.0,0.14800000000000002,0.14800000000000002,0.14800000000000002,10000136,2015-06-24,2015-06-24,C,2.95,2015-04-08
2668,2015-04-08 09:59:00,2015-04-08,0.14800000000000002,0.0,0.0,56.0,0.14800000000000002,0.14800000000000002,0.14800000000000002,10000136,2015-06-24,2015-06-24,C,2.95,2015-04-08
2669,2015-04-08 10:00:00,2015-04-08,0.14800000000000002,0.0,0.0,56.0,0.14800000000000002,0.14800000000000002,0.14800000000000002,10000136,2015-06-24,2015-06-24,C,2.95,2015-04-08
2670,2015-04-08 10:01:00,2015-04-08,0.14800000000000002,0.0,0.0,56.0,0.14800000000000002,0.14800000000000002,0.14800000000000002,10000136,2015-06-24,2015-06-24,C,2.95,2015-04-08
2671,2015-04-08 10:02:00,2015-04-08,0.14800000000000002,0.0,0.0,56.0,0.14800000000000002,0.14800000000000002,0.14800000000000002,10000136,2015-06-24,2015-06-24,C,2.95,2015-04-08
2672,2015-04-08 10:03:00,2015-04-08,0.14800000000000002,0.0,0.0,56.0,0.14800000000000002,0.14800000000000002,0.14800000000000002,10000136,2015-06-24,2015-06-24,C,2.95,2015-04-08
2673,2015-04-08 10:04:00,2015-04-08,0.14800000000000002,0.0,0.0,56.0,0.14800000000000002,0.14800000000000002,0.14800000000000002,10000136,2015-06-24,2015-06-24,C,2.95,2015-04-08
2674,2015-04-08 10:05:00,2015-04-08,0.14800000000000002,0.0,0.0,56.0,0.14800000000000002,0.14800000000000002,0.14800000000000002,10000136,2015-06-24,2015-06-24,C,2.95,2015-04-08
2675,2015-04-08 10:06:00,2015-04-08,0.14800000000000002,0.0,0.0,56.0,0.14800000000000002,0.14800000000000002,0.14800000000000002,10000136,2015-06-24,2015-06-24,C,2.95,2015-04-08
2676,2015-04-08 10:07:00,2015-04-08,0.14800000000000002,0.0,0.0,56.0,0.14800000000000002,0.14800000000000002,0.14800000000000002,10000136,2015-06-24,2015-06-24,C,2.95,2015-04-08
2677,2015-04-08 10:08:00,2015-04-08,0.14800000000000002,0.0,0.0,56.0,0.14800000000000002,0.14800000000000002,0.14800000000000002,10000136,2015-06-24,2015-06-24,C,2.95,2015-04-08
2678,2015-04-08 10:09:00,2015-04-08,0.14800000000000002,0.0,0.0,56.0,0.14800000000000002,0.14800000000000002,0.14800000000000002,10000136,2015-06-24,2015-06-24,C,2.95,2015-04-08
2679,2015-04-08 10:10:00,2015-04-08,0.14800000000000002,0.0,0.0,56.0,0.14800000000000002,0.14800000000000002,0.14800000000000002,10000136,2015-06-24,2015-06-24,C,2.95,2015-04-08
2680,2015-04-08 10:11:00,2015-04-08,0.14800000000000002,0.0,0.0,56.0,0.14800000000000002,0.14800000000000002,0.14800000000000002,10000136,2015-06-24,2015-06-24,C,2.95,2015-04-08
2681,2015-04-08 10:12:00,2015-04-08,0.14800000000000002,0.0,0.0,56.0,0.14800000000000002,0.14800000000000002,0.14800000000000002,10000136,2015-06-24,2015-06-24,C,2.95,2015-04-08
2682,2015-04-08 10:13:00,2015-04-08,0.1435,1435.0,1.0,56.0,0.1435,0.1435,0.1435,10000136,2015-06-24,2015-06-24,C,2.95,2015-04-08
2683,2015-04-08 10:14:00,2015-04-08,0.1434,25812.0,18.0,65.0,0.1434,0.1434,0.1434,10000136,2015-06-24,2015-06-24,C,2.95,2015-04-08
2684,2015-04-08 10:15:00,2015-04-08,0.1434,0.0,0.0,65.0,0.1434,0.1434,0.1434,10000136,2015-06-24,2015-06-24,C,2.95,2015-04-08
2685,2015-04-08 10:16:00,2015-04-08,0.1434,0.0,0.0,65.0,0.1434,0.1434,0.1434,10000136,2015-06-24,2015-06-24,C,2.95,2015-04-08
2686,2015-04-08 10:17:00,2015-04-08,0.1434,0.0,0.0,65.0,0.1434,0.1434,0.1434,10000136,2015-06-24,2015-06-24,C,2.95,2015-04-08
2687,2015-04-08 10:18:00,2015-04-08,0.1434,0.0,0.0,65.0,0.1434,0.1434,0.1434,10000136,2015-06-24,2015-06-24,C,2.95,2015-04-08
2688,2015-04-08 10:19:00,2015-04-08,0.1434,0.0,0.0,65.0,0.1434,0.1434,0.1434,10000136,2015-06-24,2015-06-24,C,2.95,2015-04-08
2689,2015-04-08 10:20:00,2015-04-08,0.1434,0.0,0.0,65.0,0.1434,0.1434,0.1434,10000136,2015-06-24,2015-06-24,C,2.95,2015-04-08
2690,2015-04-08 10:21:00,2015-04-08,0.1434,0.0,0.0,65.0,0.1434,0.1434,0.1434,10000136,2015-06-24,2015-06-24,C,2.95,2015-04-08
2691,2015-04-08 10:22:00,2015-04-08,0.1434,0.0,0.0,65.0,0.1434,0.1434,0.1434,10000136,2015-06-24,2015-06-24,C,2.95,2015-04-08
2692,2015-04-08 10:23:00,2015-04-08,0.1434,0.0,0.0,65.0,0.1434,0.1434,0.1434,10000136,2015-06-24,2015-06-24,C,2.95,2015-04-08
2693,2015-04-08 10:24:00,2015-04-08,0.1434,0.0,0.0,65.0,0.1434,0.1434,0.1434,10000136,2015-06-24,2015-06-24,C,2.95,2015-04-08
2694,2015-04-08 10:25:00,2015-04-08,0.1434,0.0,0.0,65.0,0.1434,0.1434,0.1434,10000136,2015-06-24,2015-06-24,C,2.95,2015-04-08
2695,2015-04-08 10:26:00,2015-04-08,0.1434,0.0,0.0,65.0,0.1434,0.1434,0.1434,10000136,2015-06-24,2015-06-24,C,2.95,2015-04-08
2696,2015-04-08 10:27:00,2015-04-08,0.1434,0.0,0.0,65.0,0.1434,0.1434,0.1434,10000136,2015-06-24,2015-06-24,C,2.95,2015-04-08
2697,2015-04-08 10:28:00,2015-04-08,0.1434,0.0,0.0,65.0,0.1434,0.1434,0.1434,10000136,2015-06-24,2015-06-24,C,2.95,2015-04-08
2698,2015-04-08 10:29:00,2015-04-08,0.1434,0.0,0.0,65.0,0.1434,0.1434,0.1434,10000136,2015-06-24,2015-06-24,C,2.95,2015-04-08
2699,2015-04-08 10:30:00,2015-04-08,0.1434,0.0,0.0,65.0,0.1434,0.1434,0.1434,10000136,2015-06-24,2015-06-24,C,2.95,2015-04-08
2700,2015-04-08 10:31:00,2015-04-08,0.1434,0.0,0.0,65.0,0.1434,0.1434,0.1434,10000136,2015-06-24,2015-06-24,C,2.95,2015-04-08
2701,2015-04-08 10:32:00,2015-04-08,0.1434,0.0,0.0,65.0,0.1434,0.1434,0.1434,10000136,2015-06-24,2015-06-24,C,2.95,2015-04-08
2702,2015-04-08 10:33:00,2015-04-08,0.1434,0.0,0.0,65.0,0.1434,0.1434,0.1434,10000136,2015-06-24,2015-06-24,C,2.95,2015-04-08
2703,2015-04-08 10:34:00,2015-04-08,0.1434,0.0,0.0,65.0,0.1434,0.1434,0.1434,10000136,2015-06-24,2015-06-24,C,2.95,2015-04-08
2704,2015-04-08 10:35:00,2015-04-08,0.1434,0.0,0.0,65.0,0.1434,0.1434,0.1434,10000136,2015-06-24,2015-06-24,C,2.95,2015-04-08
2705,2015-04-08 10:36:00,2015-04-08,0.1434,0.0,0.0,65.0,0.1434,0.1434,0.1434,10000136,2015-06-24,2015-06-24,C,2.95,2015-04-08
2706,2015-04-08 10:37:00,2015-04-08,0.1434,0.0,0.0,65.0,0.1434,0.1434,0.1434,10000136,2015-06-24,2015-06-24,C,2.95,2015-04-08
2707,2015-04-08 10:38:00,2015-04-08,0.1434,0.0,0.0,65.0,0.1434,0.1434,0.1434,10000136,2015-06-24,2015-06-24,C,2.95,2015-04-08
2708,2015-04-08 10:39:00,2015-04-08,0.1434,0.0,0.0,65.0,0.1434,0.1434,0.1434,10000136,2015-06-24,2015-06-24,C,2.95,2015-04-08
2709,2015-04-08 10:40:00,2015-04-08,0.1434,0.0,0.0,65.0,0.1434,0.1434,0.1434,10000136,2015-06-24,2015-06-24,C,2.95,2015-04-08
2710,2015-04-08 10:41:00,2015-04-08,0.1434,0.0,0.0,65.0,0.1434,0.1434,0.1434,10000136,2015-06-24,2015-06-24,C,2.95,2015-04-08
2711,2015-04-08 10:42:00,2015-04-08,0.1434,0.0,0.0,65.0,0.1434,0.1434,0.1434,10000136,2015-06-24,2015-06-24,C,2.95,2015-04-08
2712,2015-04-08 10:43:00,2015-04-08,0.1434,0.0,0.0,65.0,0.1434,0.1434,0.1434,10000136,2015-06-24,2015-06-24,C,2.95,2015-04-08
2713,2015-04-08 10:44:00,2015-04-08,0.1434,0.0,0.0,65.0,0.1434,0.1434,0.1434,10000136,2015-06-24,2015-06-24,C,2.95,2015-04-08
2714,2015-04-08 10:45:00,2015-04-08,0.1434,0.0,0.0,65.0,0.1434,0.1434,0.1434,10000136,2015-06-24,2015-06-24,C,2.95,2015-04-08
2715,2015-04-08 10:46:00,2015-04-08,0.1434,0.0,0.0,65.0,0.1434,0.1434,0.1434,10000136,2015-06-24,2015-06-24,C,2.95,2015-04-08
2716,2015-04-08 10:47:00,2015-04-08,0.1434,0.0,0.0,65.0,0.1434,0.1434,0.1434,10000136,2015-06-24,2015-06-24,C,2.95,2015-04-08
2717,2015-04-08 10:48:00,2015-04-08,0.1434,0.0,0.0,65.0,0.1434,0.1434,0.1434,10000136,2015-06-24,2015-06-24,C,2.95,2015-04-08
2718,2015-04-08 10:49:00,2015-04-08,0.1434,0.0,0.0,65.0,0.1434,0.1434,0.1434,10000136,2015-06-24,2015-06-24,C,2.95,2015-04-08
2719,2015-04-08 10:50:00,2015-04-08,0.1434,0.0,0.0,65.0,0.1434,0.1434,0.1434,10000136,2015-06-24,2015-06-24,C,2.95,2015-04-08
2720,2015-04-08 10:51:00,2015-04-08,0.1434,0.0,0.0,65.0,0.1434,0.1434,0.1434,10000136,2015-06-24,2015-06-24,C,2.95,2015-04-08
2721,2015-04-08 10:52:00,2015-04-08,0.1434,0.0,0.0,65.0,0.1434,0.1434,0.1434,10000136,2015-06-24,2015-06-24,C,2.95,2015-04-08
2722,2015-04-08 10:53:00,2015-04-08,0.1435,25820.0,18.0,82.0,0.1435,0.1434,0.1434,10000136,2015-06-24,2015-06-24,C,2.95,2015-04-08
2723,2015-04-08 10:54:00,2015-04-08,0.1433,37178.0,26.0,91.0,0.1433,0.1423,0.1423,10000136,2015-06-24,2015-06-24,C,2.95,2015-04-08
2724,2015-04-08 10:55:00,2015-04-08,0.1423,0.0,0.0,91.0,0.1423,0.1423,0.1423,10000136,2015-06-24,2015-06-24,C,2.95,2015-04-08
2725,2015-04-08 10:56:00,2015-04-08,0.1423,0.0,0.0,91.0,0.1423,0.1423,0.1423,10000136,2015-06-24,2015-06-24,C,2.95,2015-04-08
2726,2015-04-08 10:57:00,2015-04-08,0.1423,0.0,0.0,91.0,0.1423,0.1423,0.1423,10000136,2015-06-24,2015-06-24,C,2.95,2015-04-08
2727,2015-04-08 10:58:00,2015-04-08,0.1423,0.0,0.0,91.0,0.1423,0.1423,0.1423,10000136,2015-06-24,2015-06-24,C,2.95,2015-04-08
2728,2015-04-08 10:59:00,2015-04-08,0.1309,6545.0,5.0,96.0,0.1309,0.1309,0.1309,10000136,2015-06-24,2015-06-24,C,2.95,2015-04-08
2729,2015-04-08 11:00:00,2015-04-08,0.1309,0.0,0.0,96.0,0.1309,0.1309,0.1309,10000136,2015-06-24,2015-06-24,C,2.95,2015-04-08
2730,2015-04-08 11:01:00,2015-04-08,0.1309,0.0,0.0,96.0,0.1309,0.1309,0.1309,10000136,2015-06-24,2015-06-24,C,2.95,2015-04-08
2731,2015-04-08 11:02:00,2015-04-08,0.1309,0.0,0.0,96.0,0.1309,0.1309,0.1309,10000136,2015-06-24,2015-06-24,C,2.95,2015-04-08
2732,2015-04-08 11:03:00,2015-04-08,0.1309,0.0,0.0,96.0,0.1309,0.1309,0.1309,10000136,2015-06-24,2015-06-24,C,2.95,2015-04-08
2733,2015-04-08 11:04:00,2015-04-08,0.1309,0.0,0.0,96.0,0.1309,0.1309,0.1309,10000136,2015-06-24,2015-06-24,C,2.95,2015-04-08
2734,2015-04-08 11:05:00,2015-04-08,0.1309,0.0,0.0,96.0,0.1309,0.1309,0.1309,10000136,2015-06-24,2015-06-24,C,2.95,2015-04-08
2735,2015-04-08 11:06:00,2015-04-08,0.1309,0.0,0.0,96.0,0.1309,0.1309,0.1309,10000136,2015-06-24,2015-06-24,C,2.95,2015-04-08
2736,2015-04-08 11:07:00,2015-04-08,0.1309,0.0,0.0,96.0,0.1309,0.1309,0.1309,10000136,2015-06-24,2015-06-24,C,2.95,2015-04-08
2737,2015-04-08 11:08:00,2015-04-08,0.1309,0.0,0.0,96.0,0.1309,0.1309,0.1309,10000136,2015-06-24,2015-06-24,C,2.95,2015-04-08
2738,2015-04-08 11:09:00,2015-04-08,0.1309,0.0,0.0,96.0,0.1309,0.1309,0.1309,10000136,2015-06-24,2015-06-24,C,2.95,2015-04-08
2739,2015-04-08 11:10:00,2015-04-08,0.1344,2688.0,2.0,96.0,0.1344,0.1344,0.1344,10000136,2015-06-24,2015-06-24,C,2.95,2015-04-08
2740,2015-04-08 11:11:00,2015-04-08,0.1344,0.0,0.0,96.0,0.1344,0.1344,0.1344,10000136,2015-06-24,2015-06-24,C,2.95,2015-04-08
2741,2015-04-08 11:12:00,2015-04-08,0.1344,0.0,0.0,96.0,0.1344,0.1344,0.1344,10000136,2015-06-24,2015-06-24,C,2.95,2015-04-08
2742,2015-04-08 11:13:00,2015-04-08,0.1344,0.0,0.0,96.0,0.1344,0.1344,0.1344,10000136,2015-06-24,2015-06-24,C,2.95,2015-04-08
2743,2015-04-08 11:14:00,2015-04-08,0.1344,0.0,0.0,96.0,0.1344,0.1344,0.1344,10000136,2015-06-24,2015-06-24,C,2.95,2015-04-08
2744,2015-04-08 11:15:00,2015-04-08,0.1344,0.0,0.0,96.0,0.1344,0.1344,0.1344,10000136,2015-06-24,2015-06-24,C,2.95,2015-04-08
2745,2015-04-08 11:16:00,2015-04-08,0.1344,0.0,0.0,96.0,0.1344,0.1344,0.1344,10000136,2015-06-24,2015-06-24,C,2.95,2015-04-08
2746,2015-04-08 11:17:00,2015-04-08,0.1344,0.0,0.0,96.0,0.1344,0.1344,0.1344,10000136,2015-06-24,2015-06-24,C,2.95,2015-04-08
2747,2015-04-08 11:18:00,2015-04-08,0.1344,0.0,0.0,96.0,0.1344,0.1344,0.1344,10000136,2015-06-24,2015-06-24,C,2.95,2015-04-08
2748,2015-04-08 11:19:00,2015-04-08,0.1344,0.0,0.0,96.0,0.1344,0.1344,0.1344,10000136,2015-06-24,2015-06-24,C,2.95,2015-04-08
2749,2015-04-08 11:20:00,2015-04-08,0.1344,0.0,0.0,96.0,0.1344,0.1344,0.1344,10000136,2015-06-24,2015-06-24,C,2.95,2015-04-08
2750,2015-04-08 11:21:00,2015-04-08,0.1344,0.0,0.0,96.0,0.1344,0.1344,0.1344,10000136,2015-06-24,2015-06-24,C,2.95,2015-04-08
2751,2015-04-08 11:22:00,2015-04-08,0.1344,0.0,0.0,96.0,0.1344,0.1344,0.1344,10000136,2015-06-24,2015-06-24,C,2.95,2015-04-08
2752,2015-04-08 11:23:00,2015-04-08,0.1344,6720.0,5.0,99.0,0.1344,0.1344,0.1344,10000136,2015-06-24,2015-06-24,C,2.95,2015-04-08
2753,2015-04-08 11:24:00,2015-04-08,0.1344,0.0,0.0,99.0,0.1344,0.1344,0.1344,10000136,2015-06-24,2015-06-24,C,2.95,2015-04-08
2754,2015-04-08 11:25:00,2015-04-08,0.1344,0.0,0.0,99.0,0.1344,0.1344,0.1344,10000136,2015-06-24,2015-06-24,C,2.95,2015-04-08
2755,2015-04-08 11:26:00,2015-04-08,0.1344,0.0,0.0,99.0,0.1344,0.1344,0.1344,10000136,2015-06-24,2015-06-24,C,2.95,2015-04-08
2756,2015-04-08 11:27:00,2015-04-08,0.1344,0.0,0.0,99.0,0.1344,0.1344,0.1344,10000136,2015-06-24,2015-06-24,C,2.95,2015-04-08
2757,2015-04-08 11:28:00,2015-04-08,0.1344,0.0,0.0,99.0,0.1344,0.1344,0.1344,10000136,2015-06-24,2015-06-24,C,2.95,2015-04-08
2758,2015-04-08 11:29:00,2015-04-08,0.1344,0.0,0.0,99.0,0.1344,0.1344,0.1344,10000136,2015-06-24,2015-06-24,C,2.95,2015-04-08
2759,2015-04-08 11:30:00,2015-04-08,0.1344,0.0,0.0,99.0,0.1344,0.1344,0.1344,10000136,2015-06-24,2015-06-24,C,2.95,2015-04-08
2760,2015-04-08 13:01:00,2015-04-08,0.1506,12048.0,8.0,91.0,0.1506,0.1506,0.1506,10000136,2015-06-24,2015-06-24,C,2.95,2015-04-08
2761,2015-04-08 13:02:00,2015-04-08,0.1506,0.0,0.0,91.0,0.1506,0.1506,0.1506,10000136,2015-06-24,2015-06-24,C,2.95,2015-04-08
2762,2015-04-08 13:03:00,2015-04-08,0.1506,0.0,0.0,91.0,0.1506,0.1506,0.1506,10000136,2015-06-24,2015-06-24,C,2.95,2015-04-08
2763,2015-04-08 13:04:00,2015-04-08,0.1506,0.0,0.0,91.0,0.1506,0.1506,0.1506,10000136,2015-06-24,2015-06-24,C,2.95,2015-04-08
2764,2015-04-08 13:05:00,2015-04-08,0.1548,7740.0,5.0,91.0,0.1548,0.1548,0.1548,10000136,2015-06-24,2015-06-24,C,2.95,2015-04-08
2765,2015-04-08 13:06:00,2015-04-08,0.1548,0.0,0.0,91.0,0.1548,0.1548,0.1548,10000136,2015-06-24,2015-06-24,C,2.95,2015-04-08
2766,2015-04-08 13:07:00,2015-04-08,0.1548,0.0,0.0,91.0,0.1548,0.1548,0.1548,10000136,2015-06-24,2015-06-24,C,2.95,2015-04-08
2767,2015-04-08 13:08:00,2015-04-08,0.1548,0.0,0.0,91.0,0.1548,0.1548,0.1548,10000136,2015-06-24,2015-06-24,C,2.95,2015-04-08
2768,2015-04-08 13:09:00,2015-04-08,0.1548,0.0,0.0,91.0,0.1548,0.1548,0.1548,10000136,2015-06-24,2015-06-24,C,2.95,2015-04-08
2769,2015-04-08 13:10:00,2015-04-08,0.1548,0.0,0.0,91.0,0.1548,0.1548,0.1548,10000136,2015-06-24,2015-06-24,C,2.95,2015-04-08
2770,2015-04-08 13:11:00,2015-04-08,0.1548,0.0,0.0,91.0,0.1548,0.1548,0.1548,10000136,2015-06-24,2015-06-24,C,2.95,2015-04-08
2771,2015-04-08 13:12:00,2015-04-08,0.1548,0.0,0.0,91.0,0.1548,0.1548,0.1548,10000136,2015-06-24,2015-06-24,C,2.95,2015-04-08
2772,2015-04-08 13:13:00,2015-04-08,0.1548,0.0,0.0,91.0,0.1548,0.1548,0.1548,10000136,2015-06-24,2015-06-24,C,2.95,2015-04-08
2773,2015-04-08 13:14:00,2015-04-08,0.1548,0.0,0.0,91.0,0.1548,0.1548,0.1548,10000136,2015-06-24,2015-06-24,C,2.95,2015-04-08
2774,2015-04-08 13:15:00,2015-04-08,0.1548,0.0,0.0,91.0,0.1548,0.1548,0.1548,10000136,2015-06-24,2015-06-24,C,2.95,2015-04-08
2775,2015-04-08 13:16:00,2015-04-08,0.1548,0.0,0.0,91.0,0.1548,0.1548,0.1548,10000136,2015-06-24,2015-06-24,C,2.95,2015-04-08
2776,2015-04-08 13:17:00,2015-04-08,0.1548,0.0,0.0,91.0,0.1548,0.1548,0.1548,10000136,2015-06-24,2015-06-24,C,2.95,2015-04-08
2777,2015-04-08 13:18:00,2015-04-08,0.1656,1656.0,1.0,91.0,0.1656,0.1656,0.1656,10000136,2015-06-24,2015-06-24,C,2.95,2015-04-08
2778,2015-04-08 13:19:00,2015-04-08,0.1656,0.0,0.0,91.0,0.1656,0.1656,0.1656,10000136,2015-06-24,2015-06-24,C,2.95,2015-04-08
2779,2015-04-08 13:20:00,2015-04-08,0.1656,0.0,0.0,91.0,0.1656,0.1656,0.1656,10000136,2015-06-24,2015-06-24,C,2.95,2015-04-08
2780,2015-04-08 13:21:00,2015-04-08,0.1656,0.0,0.0,91.0,0.1656,0.1656,0.1656,10000136,2015-06-24,2015-06-24,C,2.95,2015-04-08
2781,2015-04-08 13:22:00,2015-04-08,0.1656,0.0,0.0,91.0,0.1656,0.1656,0.1656,10000136,2015-06-24,2015-06-24,C,2.95,2015-04-08
2782,2015-04-08 13:23:00,2015-04-08,0.1656,0.0,0.0,91.0,0.1656,0.1656,0.1656,10000136,2015-06-24,2015-06-24,C,2.95,2015-04-08
2783,2015-04-08 13:24:00,2015-04-08,0.1656,0.0,0.0,91.0,0.1656,0.1656,0.1656,10000136,2015-06-24,2015-06-24,C,2.95,2015-04-08
2784,2015-04-08 13:25:00,2015-04-08,0.1656,0.0,0.0,91.0,0.1656,0.1656,0.1656,10000136,2015-06-24,2015-06-24,C,2.95,2015-04-08
2785,2015-04-08 13:26:00,2015-04-08,0.1656,0.0,0.0,91.0,0.1656,0.1656,0.1656,10000136,2015-06-24,2015-06-24,C,2.95,2015-04-08
2786,2015-04-08 13:27:00,2015-04-08,0.1656,0.0,0.0,91.0,0.1656,0.1656,0.1656,10000136,2015-06-24,2015-06-24,C,2.95,2015-04-08
2787,2015-04-08 13:28:00,2015-04-08,0.1656,0.0,0.0,91.0,0.1656,0.1656,0.1656,10000136,2015-06-24,2015-06-24,C,2.95,2015-04-08
2788,2015-04-08 13:29:00,2015-04-08,0.1656,0.0,0.0,91.0,0.1656,0.1656,0.1656,10000136,2015-06-24,2015-06-24,C,2.95,2015-04-08
2789,2015-04-08 13:30:00,2015-04-08,0.1656,0.0,0.0,91.0,0.1656,0.1656,0.1656,10000136,2015-06-24,2015-06-24,C,2.95,2015-04-08
2790,2015-04-08 13:31:00,2015-04-08,0.1656,0.0,0.0,91.0,0.1656,0.1656,0.1656,10000136,2015-06-24,2015-06-24,C,2.95,2015-04-08
2791,2015-04-08 13:32:00,2015-04-08,0.1656,0.0,0.0,91.0,0.1656,0.1656,0.1656,10000136,2015-06-24,2015-06-24,C,2.95,2015-04-08
2792,2015-04-08 13:33:00,2015-04-08,0.1656,0.0,0.0,91.0,0.1656,0.1656,0.1656,10000136,2015-06-24,2015-06-24,C,2.95,2015-04-08
2793,2015-04-08 13:34:00,2015-04-08,0.1656,0.0,0.0,91.0,0.1656,0.1656,0.1656,10000136,2015-06-24,2015-06-24,C,2.95,2015-04-08
2794,2015-04-08 13:35:00,2015-04-08,0.17,3400.0,2.0,91.0,0.17,0.17,0.17,10000136,2015-06-24,2015-06-24,C,2.95,2015-04-08
2795,2015-04-08 13:36:00,2015-04-08,0.17,6800.0,4.0,91.0,0.17,0.17,0.17,10000136,2015-06-24,2015-06-24,C,2.95,2015-04-08
2796,2015-04-08 13:37:00,2015-04-08,0.17,0.0,0.0,91.0,0.17,0.17,0.17,10000136,2015-06-24,2015-06-24,C,2.95,2015-04-08
2797,2015-04-08 13:38:00,2015-04-08,0.17,0.0,0.0,91.0,0.17,0.17,0.17,10000136,2015-06-24,2015-06-24,C,2.95,2015-04-08
2798,2015-04-08 13:39:00,2015-04-08,0.1601,8005.0,5.0,91.0,0.1601,0.1601,0.1601,10000136,2015-06-24,2015-06-24,C,2.95,2015-04-08
2799,2015-04-08 13:40:00,2015-04-08,0.1601,0.0,0.0,91.0,0.1601,0.1601,0.1601,10000136,2015-06-24,2015-06-24,C,2.95,2015-04-08
2800,2015-04-08 13:41:00,2015-04-08,0.1601,0.0,0.0,91.0,0.1601,0.1601,0.1601,10000136,2015-06-24,2015-06-24,C,2.95,2015-04-08
2801,2015-04-08 13:42:00,2015-04-08,0.1601,0.0,0.0,91.0,0.1601,0.1601,0.1601,10000136,2015-06-24,2015-06-24,C,2.95,2015-04-08
2802,2015-04-08 13:43:00,2015-04-08,0.1601,0.0,0.0,91.0,0.1601,0.1601,0.1601,10000136,2015-06-24,2015-06-24,C,2.95,2015-04-08
2803,2015-04-08 13:44:00,2015-04-08,0.1601,0.0,0.0,91.0,0.1601,0.1601,0.1601,10000136,2015-06-24,2015-06-24,C,2.95,2015-04-08
2804,2015-04-08 13:45:00,2015-04-08,0.1601,0.0,0.0,91.0,0.1601,0.1601,0.1601,10000136,2015-06-24,2015-06-24,C,2.95,2015-04-08
2805,2015-04-08 13:46:00,2015-04-08,0.1601,0.0,0.0,91.0,0.1601,0.1601,0.1601,10000136,2015-06-24,2015-06-24,C,2.95,2015-04-08
2806,2015-04-08 13:47:00,2015-04-08,0.1601,0.0,0.0,91.0,0.1601,0.1601,0.1601,10000136,2015-06-24,2015-06-24,C,2.95,2015-04-08
2807,2015-04-08 13:48:00,2015-04-08,0.1601,0.0,0.0,91.0,0.1601,0.1601,0.1601,10000136,2015-06-24,2015-06-24,C,2.95,2015-04-08
2808,2015-04-08 13:49:00,2015-04-08,0.1601,0.0,0.0,91.0,0.1601,0.1601,0.1601,10000136,2015-06-24,2015-06-24,C,2.95,2015-04-08
2809,2015-04-08 13:50:00,2015-04-08,0.1601,0.0,0.0,91.0,0.1601,0.1601,0.1601,10000136,2015-06-24,2015-06-24,C,2.95,2015-04-08
2810,2015-04-08 13:51:00,2015-04-08,0.1601,0.0,0.0,91.0,0.1601,0.1601,0.1601,10000136,2015-06-24,2015-06-24,C,2.95,2015-04-08
2811,2015-04-08 13:52:00,2015-04-08,0.1601,0.0,0.0,91.0,0.1601,0.1601,0.1601,10000136,2015-06-24,2015-06-24,C,2.95,2015-04-08
2812,2015-04-08 13:53:00,2015-04-08,0.1601,0.0,0.0,91.0,0.1601,0.1601,0.1601,10000136,2015-06-24,2015-06-24,C,2.95,2015-04-08
2813,2015-04-08 13:54:00,2015-04-08,0.1601,0.0,0.0,91.0,0.1601,0.1601,0.1601,10000136,2015-06-24,2015-06-24,C,2.95,2015-04-08
2814,2015-04-08 13:55:00,2015-04-08,0.1601,0.0,0.0,91.0,0.1601,0.1601,0.1601,10000136,2015-06-24,2015-06-24,C,2.95,2015-04-08
2815,2015-04-08 13:56:00,2015-04-08,0.1601,0.0,0.0,91.0,0.1601,0.1601,0.1601,10000136,2015-06-24,2015-06-24,C,2.95,2015-04-08
2816,2015-04-08 13:57:00,2015-04-08,0.1601,0.0,0.0,91.0,0.1601,0.1601,0.1601,10000136,2015-06-24,2015-06-24,C,2.95,2015-04-08
2817,2015-04-08 13:58:00,2015-04-08,0.1601,0.0,0.0,91.0,0.1601,0.1601,0.1601,10000136,2015-06-24,2015-06-24,C,2.95,2015-04-08
2818,2015-04-08 13:59:00,2015-04-08,0.1601,0.0,0.0,91.0,0.1601,0.1601,0.1601,10000136,2015-06-24,2015-06-24,C,2.95,2015-04-08
2819,2015-04-08 14:00:00,2015-04-08,0.1601,0.0,0.0,91.0,0.1601,0.1601,0.1601,10000136,2015-06-24,2015-06-24,C,2.95,2015-04-08
2820,2015-04-08 14:01:00,2015-04-08,0.1601,0.0,0.0,91.0,0.1601,0.1601,0.1601,10000136,2015-06-24,2015-06-24,C,2.95,2015-04-08
2821,2015-04-08 14:02:00,2015-04-08,0.1601,0.0,0.0,91.0,0.1601,0.1601,0.1601,10000136,2015-06-24,2015-06-24,C,2.95,2015-04-08
2822,2015-04-08 14:03:00,2015-04-08,0.1601,0.0,0.0,91.0,0.1601,0.1601,0.1601,10000136,2015-06-24,2015-06-24,C,2.95,2015-04-08
2823,2015-04-08 14:04:00,2015-04-08,0.1601,0.0,0.0,91.0,0.1601,0.1601,0.1601,10000136,2015-06-24,2015-06-24,C,2.95,2015-04-08
2824,2015-04-08 14:05:00,2015-04-08,0.1601,0.0,0.0,91.0,0.1601,0.1601,0.1601,10000136,2015-06-24,2015-06-24,C,2.95,2015-04-08
2825,2015-04-08 14:06:00,2015-04-08,0.1601,0.0,0.0,91.0,0.1601,0.1601,0.1601,10000136,2015-06-24,2015-06-24,C,2.95,2015-04-08
2826,2015-04-08 14:07:00,2015-04-08,0.1601,0.0,0.0,91.0,0.1601,0.1601,0.1601,10000136,2015-06-24,2015-06-24,C,2.95,2015-04-08
2827,2015-04-08 14:08:00,2015-04-08,0.1601,0.0,0.0,91.0,0.1601,0.1601,0.1601,10000136,2015-06-24,2015-06-24,C,2.95,2015-04-08
2828,2015-04-08 14:09:00,2015-04-08,0.1601,0.0,0.0,91.0,0.1601,0.1601,0.1601,10000136,2015-06-24,2015-06-24,C,2.95,2015-04-08
2829,2015-04-08 14:10:00,2015-04-08,0.1601,0.0,0.0,91.0,0.1601,0.1601,0.1601,10000136,2015-06-24,2015-06-24,C,2.95,2015-04-08
2830,2015-04-08 14:11:00,2015-04-08,0.1601,0.0,0.0,91.0,0.1601,0.1601,0.1601,10000136,2015-06-24,2015-06-24,C,2.95,2015-04-08
2831,2015-04-08 14:12:00,2015-04-08,0.1601,0.0,0.0,91.0,0.1601,0.1601,0.1601,10000136,2015-06-24,2015-06-24,C,2.95,2015-04-08
2832,2015-04-08 14:13:00,2015-04-08,0.1601,0.0,0.0,91.0,0.1601,0.1601,0.1601,10000136,2015-06-24,2015-06-24,C,2.95,2015-04-08
2833,2015-04-08 14:14:00,2015-04-08,0.1601,0.0,0.0,91.0,0.1601,0.1601,0.1601,10000136,2015-06-24,2015-06-24,C,2.95,2015-04-08
2834,2015-04-08 14:15:00,2015-04-08,0.1601,0.0,0.0,91.0,0.1601,0.1601,0.1601,10000136,2015-06-24,2015-06-24,C,2.95,2015-04-08
2835,2015-04-08 14:16:00,2015-04-08,0.1601,0.0,0.0,91.0,0.1601,0.1601,0.1601,10000136,2015-06-24,2015-06-24,C,2.95,2015-04-08
2836,2015-04-08 14:17:00,2015-04-08,0.1601,0.0,0.0,91.0,0.1601,0.1601,0.1601,10000136,2015-06-24,2015-06-24,C,2.95,2015-04-08
2837,2015-04-08 14:18:00,2015-04-08,0.1601,0.0,0.0,91.0,0.1601,0.1601,0.1601,10000136,2015-06-24,2015-06-24,C,2.95,2015-04-08
2838,2015-04-08 14:19:00,2015-04-08,0.1601,0.0,0.0,91.0,0.1601,0.1601,0.1601,10000136,2015-06-24,2015-06-24,C,2.95,2015-04-08
2839,2015-04-08 14:20:00,2015-04-08,0.1601,0.0,0.0,91.0,0.1601,0.1601,0.1601,10000136,2015-06-24,2015-06-24,C,2.95,2015-04-08
2840,2015-04-08 14:21:00,2015-04-08,0.1601,0.0,0.0,91.0,0.1601,0.1601,0.1601,10000136,2015-06-24,2015-06-24,C,2.95,2015-04-08
2841,2015-04-08 14:22:00,2015-04-08,0.1601,0.0,0.0,91.0,0.1601,0.1601,0.1601,10000136,2015-06-24,2015-06-24,C,2.95,2015-04-08
2842,2015-04-08 14:23:00,2015-04-08,0.1601,0.0,0.0,91.0,0.1601,0.1601,0.1601,10000136,2015-06-24,2015-06-24,C,2.95,2015-04-08
2843,2015-04-08 14:24:00,2015-04-08,0.1601,0.0,0.0,91.0,0.1601,0.1601,0.1601,10000136,2015-06-24,2015-06-24,C,2.95,2015-04-08
2844,2015-04-08 14:25:00,2015-04-08,0.1601,0.0,0.0,91.0,0.1601,0.1601,0.1601,10000136,2015-06-24,2015-06-24,C,2.95,2015-04-08
2845,2015-04-08 14:26:00,2015-04-08,0.1613,32150.0,20.0,100.0,0.1613,0.1601,0.1601,10000136,2015-06-24,2015-06-24,C,2.95,2015-04-08
2846,2015-04-08 14:27:00,2015-04-08,0.1601,0.0,0.0,100.0,0.1601,0.1601,0.1601,10000136,2015-06-24,2015-06-24,C,2.95,2015-04-08
2847,2015-04-08 14:28:00,2015-04-08,0.1601,0.0,0.0,100.0,0.1601,0.1601,0.1601,10000136,2015-06-24,2015-06-24,C,2.95,2015-04-08
2848,2015-04-08 14:29:00,2015-04-08,0.1601,0.0,0.0,100.0,0.1601,0.1601,0.1601,10000136,2015-06-24,2015-06-24,C,2.95,2015-04-08
2849,2015-04-08 14:30:00,2015-04-08,0.1601,0.0,0.0,100.0,0.1601,0.1601,0.1601,10000136,2015-06-24,2015-06-24,C,2.95,2015-04-08
2850,2015-04-08 14:31:00,2015-04-08,0.1601,0.0,0.0,100.0,0.1601,0.1601,0.1601,10000136,2015-06-24,2015-06-24,C,2.95,2015-04-08
2851,2015-04-08 14:32:00,2015-04-08,0.1601,0.0,0.0,100.0,0.1601,0.1601,0.1601,10000136,2015-06-24,2015-06-24,C,2.95,2015-04-08
2852,2015-04-08 14:33:00,2015-04-08,0.1601,0.0,0.0,100.0,0.1601,0.1601,0.1601,10000136,2015-06-24,2015-06-24,C,2.95,2015-04-08
2853,2015-04-08 14:34:00,2015-04-08,0.1601,0.0,0.0,100.0,0.1601,0.1601,0.1601,10000136,2015-06-24,2015-06-24,C,2.95,2015-04-08
2854,2015-04-08 14:35:00,2015-04-08,0.1601,0.0,0.0,100.0,0.1601,0.1601,0.1601,10000136,2015-06-24,2015-06-24,C,2.95,2015-04-08
2855,2015-04-08 14:36:00,2015-04-08,0.1701,17010.0,10.0,110.0,0.1701,0.1701,0.1701,10000136,2015-06-24,2015-06-24,C,2.95,2015-04-08
2856,2015-04-08 14:37:00,2015-04-08,0.1701,0.0,0.0,110.0,0.1701,0.1701,0.1701,10000136,2015-06-24,2015-06-24,C,2.95,2015-04-08
2857,2015-04-08 14:38:00,2015-04-08,0.1701,0.0,0.0,110.0,0.1701,0.1701,0.1701,10000136,2015-06-24,2015-06-24,C,2.95,2015-04-08
2858,2015-04-08 14:39:00,2015-04-08,0.1701,0.0,0.0,110.0,0.1701,0.1701,0.1701,10000136,2015-06-24,2015-06-24,C,2.95,2015-04-08
2859,2015-04-08 14:40:00,2015-04-08,0.1701,0.0,0.0,110.0,0.1701,0.1701,0.1701,10000136,2015-06-24,2015-06-24,C,2.95,2015-04-08
2860,2015-04-08 14:41:00,2015-04-08,0.1701,0.0,0.0,110.0,0.1701,0.1701,0.1701,10000136,2015-06-24,2015-06-24,C,2.95,2015-04-08
2861,2015-04-08 14:42:00,2015-04-08,0.1701,0.0,0.0,110.0,0.1701,0.1701,0.1701,10000136,2015-06-24,2015-06-24,C,2.95,2015-04-08
2862,2015-04-08 14:43:00,2015-04-08,0.1701,0.0,0.0,110.0,0.1701,0.1701,0.1701,10000136,2015-06-24,2015-06-24,C,2.95,2015-04-08
2863,2015-04-08 14:44:00,2015-04-08,0.1701,0.0,0.0,110.0,0.1701,0.1701,0.1701,10000136,2015-06-24,2015-06-24,C,2.95,2015-04-08
2864,2015-04-08 14:45:00,2015-04-08,0.1701,0.0,0.0,110.0,0.1701,0.1701,0.1701,10000136,2015-06-24,2015-06-24,C,2.95,2015-04-08
2865,2015-04-08 14:46:00,2015-04-08,0.1701,0.0,0.0,110.0,0.1701,0.1701,0.1701,10000136,2015-06-24,2015-06-24,C,2.95,2015-04-08
2866,2015-04-08 14:47:00,2015-04-08,0.1701,0.0,0.0,110.0,0.1701,0.1701,0.1701,10000136,2015-06-24,2015-06-24,C,2.95,2015-04-08
2867,2015-04-08 14:48:00,2015-04-08,0.1701,0.0,0.0,110.0,0.1701,0.1701,0.1701,10000136,2015-06-24,2015-06-24,C,2.95,2015-04-08
2868,2015-04-08 14:49:00,2015-04-08,0.1701,0.0,0.0,110.0,0.1701,0.1701,0.1701,10000136,2015-06-24,2015-06-24,C,2.95,2015-04-08
2869,2015-04-08 14:50:00,2015-04-08,0.1701,0.0,0.0,110.0,0.1701,0.1701,0.1701,10000136,2015-06-24,2015-06-24,C,2.95,2015-04-08
2870,2015-04-08 14:51:00,2015-04-08,0.1701,0.0,0.0,110.0,0.1701,0.1701,0.1701,10000136,2015-06-24,2015-06-24,C,2.95,2015-04-08
2871,2015-04-08 14:52:00,2015-04-08,0.1701,0.0,0.0,110.0,0.1701,0.1701,0.1701,10000136,2015-06-24,2015-06-24,C,2.95,2015-04-08
2872,2015-04-08 14:53:00,2015-04-08,0.1701,0.0,0.0,110.0,0.1701,0.1701,0.1701,10000136,2015-06-24,2015-06-24,C,2.95,2015-04-08
2873,2015-04-08 14:54:00,2015-04-08,0.1701,0.0,0.0,110.0,0.1701,0.1701,0.1701,10000136,2015-06-24,2015-06-24,C,2.95,2015-04-08
2874,2015-04-08 14:55:00,2015-04-08,0.1701,0.0,0.0,110.0,0.1701,0.1701,0.1701,10000136,2015-06-24,2015-06-24,C,2.95,2015-04-08
2875,2015-04-08 14:56:00,2015-04-08,0.1701,0.0,0.0,110.0,0.1701,0.1701,0.1701,10000136,2015-06-24,2015-06-24,C,2.95,2015-04-08
2876,2015-04-08 14:57:00,2015-04-08,0.1701,0.0,0.0,110.0,0.1701,0.1701,0.1701,10000136,2015-06-24,2015-06-24,C,2.95,2015-04-08
2877,2015-04-08 14:58:00,2015-04-08,0.1701,0.0,0.0,110.0,0.1701,0.1701,0.1701,10000136,2015-06-24,2015-06-24,C,2.95,2015-04-08
2878,2015-04-08 14:59:00,2015-04-08,0.1701,0.0,0.0,110.0,0.1701,0.1701,0.1701,10000136,2015-06-24,2015-06-24,C,2.95,2015-04-08
2879,2015-04-08 15:00:00,2015-04-08,0.1701,0.0,0.0,110.0,0.1701,0.1701,0.1701,10000136,2015-06-24,2015-06-24,C,2.95,2015-04-08
2880,2015-04-08 09:31:00,2015-04-08,0.041,0.0,0.0,0.0,0.041,0.041,0.041,10000038,2015-09-23,2015-09-23,P,2.3,2015-02-09
2881,2015-04-08 09:32:00,2015-04-08,0.041,0.0,0.0,0.0,0.041,0.041,0.041,10000038,2015-09-23,2015-09-23,P,2.3,2015-02-09
2882,2015-04-08 09:33:00,2015-04-08,0.041,0.0,0.0,0.0,0.041,0.041,0.041,10000038,2015-09-23,2015-09-23,P,2.3,2015-02-09
2883,2015-04-08 09:34:00,2015-04-08,0.041,0.0,0.0,0.0,0.041,0.041,0.041,10000038,2015-09-23,2015-09-23,P,2.3,2015-02-09
2884,2015-04-08 09:35:00,2015-04-08,0.041,0.0,0.0,0.0,0.041,0.041,0.041,10000038,2015-09-23,2015-09-23,P,2.3,2015-02-09
2885,2015-04-08 09:36:00,2015-04-08,0.041,0.0,0.0,0.0,0.041,0.041,0.041,10000038,2015-09-23,2015-09-23,P,2.3,2015-02-09
2886,2015-04-08 09:37:00,2015-04-08,0.041,0.0,0.0,0.0,0.041,0.041,0.041,10000038,2015-09-23,2015-09-23,P,2.3,2015-02-09
2887,2015-04-08 09:38:00,2015-04-08,0.041,0.0,0.0,0.0,0.041,0.041,0.041,10000038,2015-09-23,2015-09-23,P,2.3,2015-02-09
2888,2015-04-08 09:39:00,2015-04-08,0.041,0.0,0.0,0.0,0.041,0.041,0.041,10000038,2015-09-23,2015-09-23,P,2.3,2015-02-09
2889,2015-04-08 09:40:00,2015-04-08,0.041,0.0,0.0,0.0,0.041,0.041,0.041,10000038,2015-09-23,2015-09-23,P,2.3,2015-02-09
2890,2015-04-08 09:41:00,2015-04-08,0.041,0.0,0.0,0.0,0.041,0.041,0.041,10000038,2015-09-23,2015-09-23,P,2.3,2015-02-09
2891,2015-04-08 09:42:00,2015-04-08,0.041,0.0,0.0,0.0,0.041,0.041,0.041,10000038,2015-09-23,2015-09-23,P,2.3,2015-02-09
2892,2015-04-08 09:43:00,2015-04-08,0.041,0.0,0.0,0.0,0.041,0.041,0.041,10000038,2015-09-23,2015-09-23,P,2.3,2015-02-09
2893,2015-04-08 09:44:00,2015-04-08,0.041,0.0,0.0,0.0,0.041,0.041,0.041,10000038,2015-09-23,2015-09-23,P,2.3,2015-02-09
2894,2015-04-08 09:45:00,2015-04-08,0.041,0.0,0.0,0.0,0.041,0.041,0.041,10000038,2015-09-23,2015-09-23,P,2.3,2015-02-09
2895,2015-04-08 09:46:00,2015-04-08,0.041,0.0,0.0,0.0,0.041,0.041,0.041,10000038,2015-09-23,2015-09-23,P,2.3,2015-02-09
2896,2015-04-08 09:47:00,2015-04-08,0.041,0.0,0.0,0.0,0.041,0.041,0.041,10000038,2015-09-23,2015-09-23,P,2.3,2015-02-09
2897,2015-04-08 09:48:00,2015-04-08,0.041,0.0,0.0,0.0,0.041,0.041,0.041,10000038,2015-09-23,2015-09-23,P,2.3,2015-02-09
2898,2015-04-08 09:49:00,2015-04-08,0.041,0.0,0.0,0.0,0.041,0.041,0.041,10000038,2015-09-23,2015-09-23,P,2.3,2015-02-09
2899,2015-04-08 09:50:00,2015-04-08,0.041,0.0,0.0,0.0,0.041,0.041,0.041,10000038,2015-09-23,2015-09-23,P,2.3,2015-02-09
2900,2015-04-08 09:51:00,2015-04-08,0.041,0.0,0.0,0.0,0.041,0.041,0.041,10000038,2015-09-23,2015-09-23,P,2.3,2015-02-09
2901,2015-04-08 09:52:00,2015-04-08,0.041,0.0,0.0,0.0,0.041,0.041,0.041,10000038,2015-09-23,2015-09-23,P,2.3,2015-02-09
2902,2015-04-08 09:53:00,2015-04-08,0.041,0.0,0.0,0.0,0.041,0.041,0.041,10000038,2015-09-23,2015-09-23,P,2.3,2015-02-09
2903,2015-04-08 09:54:00,2015-04-08,0.041,0.0,0.0,0.0,0.041,0.041,0.041,10000038,2015-09-23,2015-09-23,P,2.3,2015-02-09
2904,2015-04-08 09:55:00,2015-04-08,0.041,0.0,0.0,0.0,0.041,0.041,0.041,10000038,2015-09-23,2015-09-23,P,2.3,2015-02-09
2905,2015-04-08 09:56:00,2015-04-08,0.041,0.0,0.0,0.0,0.041,0.041,0.041,10000038,2015-09-23,2015-09-23,P,2.3,2015-02-09
2906,2015-04-08 09:57:00,2015-04-08,0.041,0.0,0.0,0.0,0.041,0.041,0.041,10000038,2015-09-23,2015-09-23,P,2.3,2015-02-09
2907,2015-04-08 09:58:00,2015-04-08,0.041,0.0,0.0,0.0,0.041,0.041,0.041,10000038,2015-09-23,2015-09-23,P,2.3,2015-02-09
2908,2015-04-08 09:59:00,2015-04-08,0.041,0.0,0.0,0.0,0.041,0.041,0.041,10000038,2015-09-23,2015-09-23,P,2.3,2015-02-09
2909,2015-04-08 10:00:00,2015-04-08,0.041,0.0,0.0,0.0,0.041,0.041,0.041,10000038,2015-09-23,2015-09-23,P,2.3,2015-02-09
2910,2015-04-08 10:01:00,2015-04-08,0.041,0.0,0.0,0.0,0.041,0.041,0.041,10000038,2015-09-23,2015-09-23,P,2.3,2015-02-09
2911,2015-04-08 10:02:00,2015-04-08,0.041,0.0,0.0,0.0,0.041,0.041,0.041,10000038,2015-09-23,2015-09-23,P,2.3,2015-02-09
2912,2015-04-08 10:03:00,2015-04-08,0.041,0.0,0.0,0.0,0.041,0.041,0.041,10000038,2015-09-23,2015-09-23,P,2.3,2015-02-09
2913,2015-04-08 10:04:00,2015-04-08,0.041,0.0,0.0,0.0,0.041,0.041,0.041,10000038,2015-09-23,2015-09-23,P,2.3,2015-02-09
2914,2015-04-08 10:05:00,2015-04-08,0.041,0.0,0.0,0.0,0.041,0.041,0.041,10000038,2015-09-23,2015-09-23,P,2.3,2015-02-09
2915,2015-04-08 10:06:00,2015-04-08,0.041,0.0,0.0,0.0,0.041,0.041,0.041,10000038,2015-09-23,2015-09-23,P,2.3,2015-02-09
2916,2015-04-08 10:07:00,2015-04-08,0.041,0.0,0.0,0.0,0.041,0.041,0.041,10000038,2015-09-23,2015-09-23,P,2.3,2015-02-09
2917,2015-04-08 10:08:00,2015-04-08,0.041,0.0,0.0,0.0,0.041,0.041,0.041,10000038,2015-09-23,2015-09-23,P,2.3,2015-02-09
2918,2015-04-08 10:09:00,2015-04-08,0.041,0.0,0.0,0.0,0.041,0.041,0.041,10000038,2015-09-23,2015-09-23,P,2.3,2015-02-09
2919,2015-04-08 10:10:00,2015-04-08,0.041,0.0,0.0,0.0,0.041,0.041,0.041,10000038,2015-09-23,2015-09-23,P,2.3,2015-02-09
2920,2015-04-08 10:11:00,2015-04-08,0.041,0.0,0.0,0.0,0.041,0.041,0.041,10000038,2015-09-23,2015-09-23,P,2.3,2015-02-09
2921,2015-04-08 10:12:00,2015-04-08,0.041,0.0,0.0,0.0,0.041,0.041,0.041,10000038,2015-09-23,2015-09-23,P,2.3,2015-02-09
2922,2015-04-08 10:13:00,2015-04-08,0.041,0.0,0.0,0.0,0.041,0.041,0.041,10000038,2015-09-23,2015-09-23,P,2.3,2015-02-09
2923,2015-04-08 10:14:00,2015-04-08,0.041,0.0,0.0,0.0,0.041,0.041,0.041,10000038,2015-09-23,2015-09-23,P,2.3,2015-02-09
2924,2015-04-08 10:15:00,2015-04-08,0.041,0.0,0.0,0.0,0.041,0.041,0.041,10000038,2015-09-23,2015-09-23,P,2.3,2015-02-09
2925,2015-04-08 10:16:00,2015-04-08,0.041,0.0,0.0,0.0,0.041,0.041,0.041,10000038,2015-09-23,2015-09-23,P,2.3,2015-02-09
2926,2015-04-08 10:17:00,2015-04-08,0.041,0.0,0.0,0.0,0.041,0.041,0.041,10000038,2015-09-23,2015-09-23,P,2.3,2015-02-09
2927,2015-04-08 10:18:00,2015-04-08,0.041,0.0,0.0,0.0,0.041,0.041,0.041,10000038,2015-09-23,2015-09-23,P,2.3,2015-02-09
2928,2015-04-08 10:19:00,2015-04-08,0.041,0.0,0.0,0.0,0.041,0.041,0.041,10000038,2015-09-23,2015-09-23,P,2.3,2015-02-09
2929,2015-04-08 10:20:00,2015-04-08,0.041,0.0,0.0,0.0,0.041,0.041,0.041,10000038,2015-09-23,2015-09-23,P,2.3,2015-02-09
2930,2015-04-08 10:21:00,2015-04-08,0.041,0.0,0.0,0.0,0.041,0.041,0.041,10000038,2015-09-23,2015-09-23,P,2.3,2015-02-09
2931,2015-04-08 10:22:00,2015-04-08,0.041,0.0,0.0,0.0,0.041,0.041,0.041,10000038,2015-09-23,2015-09-23,P,2.3,2015-02-09
2932,2015-04-08 10:23:00,2015-04-08,0.041,0.0,0.0,0.0,0.041,0.041,0.041,10000038,2015-09-23,2015-09-23,P,2.3,2015-02-09
2933,2015-04-08 10:24:00,2015-04-08,0.041,0.0,0.0,0.0,0.041,0.041,0.041,10000038,2015-09-23,2015-09-23,P,2.3,2015-02-09
2934,2015-04-08 10:25:00,2015-04-08,0.041,0.0,0.0,0.0,0.041,0.041,0.041,10000038,2015-09-23,2015-09-23,P,2.3,2015-02-09
2935,2015-04-08 10:26:00,2015-04-08,0.041,0.0,0.0,0.0,0.041,0.041,0.041,10000038,2015-09-23,2015-09-23,P,2.3,2015-02-09
2936,2015-04-08 10:27:00,2015-04-08,0.041,0.0,0.0,0.0,0.041,0.041,0.041,10000038,2015-09-23,2015-09-23,P,2.3,2015-02-09
2937,2015-04-08 10:28:00,2015-04-08,0.041,0.0,0.0,0.0,0.041,0.041,0.041,10000038,2015-09-23,2015-09-23,P,2.3,2015-02-09
2938,2015-04-08 10:29:00,2015-04-08,0.041,0.0,0.0,0.0,0.041,0.041,0.041,10000038,2015-09-23,2015-09-23,P,2.3,2015-02-09
2939,2015-04-08 10:30:00,2015-04-08,0.041,0.0,0.0,0.0,0.041,0.041,0.041,10000038,2015-09-23,2015-09-23,P,2.3,2015-02-09
2940,2015-04-08 10:31:00,2015-04-08,0.041,0.0,0.0,0.0,0.041,0.041,0.041,10000038,2015-09-23,2015-09-23,P,2.3,2015-02-09
2941,2015-04-08 10:32:00,2015-04-08,0.041,0.0,0.0,0.0,0.041,0.041,0.041,10000038,2015-09-23,2015-09-23,P,2.3,2015-02-09
2942,2015-04-08 10:33:00,2015-04-08,0.041,0.0,0.0,0.0,0.041,0.041,0.041,10000038,2015-09-23,2015-09-23,P,2.3,2015-02-09
2943,2015-04-08 10:34:00,2015-04-08,0.041,0.0,0.0,0.0,0.041,0.041,0.041,10000038,2015-09-23,2015-09-23,P,2.3,2015-02-09
2944,2015-04-08 10:35:00,2015-04-08,0.041,0.0,0.0,0.0,0.041,0.041,0.041,10000038,2015-09-23,2015-09-23,P,2.3,2015-02-09
2945,2015-04-08 10:36:00,2015-04-08,0.041,0.0,0.0,0.0,0.041,0.041,0.041,10000038,2015-09-23,2015-09-23,P,2.3,2015-02-09
2946,2015-04-08 10:37:00,2015-04-08,0.041,0.0,0.0,0.0,0.041,0.041,0.041,10000038,2015-09-23,2015-09-23,P,2.3,2015-02-09
2947,2015-04-08 10:38:00,2015-04-08,0.041,0.0,0.0,0.0,0.041,0.041,0.041,10000038,2015-09-23,2015-09-23,P,2.3,2015-02-09
2948,2015-04-08 10:39:00,2015-04-08,0.041,0.0,0.0,0.0,0.041,0.041,0.041,10000038,2015-09-23,2015-09-23,P,2.3,2015-02-09
2949,2015-04-08 10:40:00,2015-04-08,0.0368,1840.0,5.0,1170.0,0.0368,0.0368,0.0368,10000038,2015-09-23,2015-09-23,P,2.3,2015-02-09
2950,2015-04-08 10:41:00,2015-04-08,0.0368,0.0,0.0,1170.0,0.0368,0.0368,0.0368,10000038,2015-09-23,2015-09-23,P,2.3,2015-02-09
2951,2015-04-08 10:42:00,2015-04-08,0.0368,0.0,0.0,1170.0,0.0368,0.0368,0.0368,10000038,2015-09-23,2015-09-23,P,2.3,2015-02-09
2952,2015-04-08 10:43:00,2015-04-08,0.0368,0.0,0.0,1170.0,0.0368,0.0368,0.0368,10000038,2015-09-23,2015-09-23,P,2.3,2015-02-09
2953,2015-04-08 10:44:00,2015-04-08,0.0368,1840.0,5.0,1170.0,0.0368,0.0368,0.0368,10000038,2015-09-23,2015-09-23,P,2.3,2015-02-09
2954,2015-04-08 10:45:00,2015-04-08,0.0368,0.0,0.0,1170.0,0.0368,0.0368,0.0368,10000038,2015-09-23,2015-09-23,P,2.3,2015-02-09
2955,2015-04-08 10:46:00,2015-04-08,0.0368,0.0,0.0,1170.0,0.0368,0.0368,0.0368,10000038,2015-09-23,2015-09-23,P,2.3,2015-02-09
2956,2015-04-08 10:47:00,2015-04-08,0.0368,0.0,0.0,1170.0,0.0368,0.0368,0.0368,10000038,2015-09-23,2015-09-23,P,2.3,2015-02-09
2957,2015-04-08 10:48:00,2015-04-08,0.0368,0.0,0.0,1170.0,0.0368,0.0368,0.0368,10000038,2015-09-23,2015-09-23,P,2.3,2015-02-09
2958,2015-04-08 10:49:00,2015-04-08,0.0368,0.0,0.0,1170.0,0.0368,0.0368,0.0368,10000038,2015-09-23,2015-09-23,P,2.3,2015-02-09
2959,2015-04-08 10:50:00,2015-04-08,0.0368,0.0,0.0,1170.0,0.0368,0.0368,0.0368,10000038,2015-09-23,2015-09-23,P,2.3,2015-02-09
2960,2015-04-08 10:51:00,2015-04-08,0.0368,0.0,0.0,1170.0,0.0368,0.0368,0.0368,10000038,2015-09-23,2015-09-23,P,2.3,2015-02-09
2961,2015-04-08 10:52:00,2015-04-08,0.0368,0.0,0.0,1170.0,0.0368,0.0368,0.0368,10000038,2015-09-23,2015-09-23,P,2.3,2015-02-09
2962,2015-04-08 10:53:00,2015-04-08,0.0368,0.0,0.0,1170.0,0.0368,0.0368,0.0368,10000038,2015-09-23,2015-09-23,P,2.3,2015-02-09
2963,2015-04-08 10:54:00,2015-04-08,0.0368,0.0,0.0,1170.0,0.0368,0.0368,0.0368,10000038,2015-09-23,2015-09-23,P,2.3,2015-02-09
2964,2015-04-08 10:55:00,2015-04-08,0.0368,0.0,0.0,1170.0,0.0368,0.0368,0.0368,10000038,2015-09-23,2015-09-23,P,2.3,2015-02-09
2965,2015-04-08 10:56:00,2015-04-08,0.0368,0.0,0.0,1170.0,0.0368,0.0368,0.0368,10000038,2015-09-23,2015-09-23,P,2.3,2015-02-09
2966,2015-04-08 10:57:00,2015-04-08,0.0368,0.0,0.0,1170.0,0.0368,0.0368,0.0368,10000038,2015-09-23,2015-09-23,P,2.3,2015-02-09
2967,2015-04-08 10:58:00,2015-04-08,0.0368,0.0,0.0,1170.0,0.0368,0.0368,0.0368,10000038,2015-09-23,2015-09-23,P,2.3,2015-02-09
2968,2015-04-08 10:59:00,2015-04-08,0.0368,0.0,0.0,1170.0,0.0368,0.0368,0.0368,10000038,2015-09-23,2015-09-23,P,2.3,2015-02-09
2969,2015-04-08 11:00:00,2015-04-08,0.0368,0.0,0.0,1170.0,0.0368,0.0368,0.0368,10000038,2015-09-23,2015-09-23,P,2.3,2015-02-09
2970,2015-04-08 11:01:00,2015-04-08,0.0368,0.0,0.0,1170.0,0.0368,0.0368,0.0368,10000038,2015-09-23,2015-09-23,P,2.3,2015-02-09
2971,2015-04-08 11:02:00,2015-04-08,0.0368,0.0,0.0,1170.0,0.0368,0.0368,0.0368,10000038,2015-09-23,2015-09-23,P,2.3,2015-02-09
2972,2015-04-08 11:03:00,2015-04-08,0.0368,0.0,0.0,1170.0,0.0368,0.0368,0.0368,10000038,2015-09-23,2015-09-23,P,2.3,2015-02-09
2973,2015-04-08 11:04:00,2015-04-08,0.0368,0.0,0.0,1170.0,0.0368,0.0368,0.0368,10000038,2015-09-23,2015-09-23,P,2.3,2015-02-09
2974,2015-04-08 11:05:00,2015-04-08,0.0368,0.0,0.0,1170.0,0.0368,0.0368,0.0368,10000038,2015-09-23,2015-09-23,P,2.3,2015-02-09
2975,2015-04-08 11:06:00,2015-04-08,0.0368,0.0,0.0,1170.0,0.0368,0.0368,0.0368,10000038,2015-09-23,2015-09-23,P,2.3,2015-02-09
2976,2015-04-08 11:07:00,2015-04-08,0.0368,0.0,0.0,1170.0,0.0368,0.0368,0.0368,10000038,2015-09-23,2015-09-23,P,2.3,2015-02-09
2977,2015-04-08 11:08:00,2015-04-08,0.0368,0.0,0.0,1170.0,0.0368,0.0368,0.0368,10000038,2015-09-23,2015-09-23,P,2.3,2015-02-09
2978,2015-04-08 11:09:00,2015-04-08,0.0368,0.0,0.0,1170.0,0.0368,0.0368,0.0368,10000038,2015-09-23,2015-09-23,P,2.3,2015-02-09
2979,2015-04-08 11:10:00,2015-04-08,0.0368,0.0,0.0,1170.0,0.0368,0.0368,0.0368,10000038,2015-09-23,2015-09-23,P,2.3,2015-02-09
2980,2015-04-08 11:11:00,2015-04-08,0.0368,0.0,0.0,1170.0,0.0368,0.0368,0.0368,10000038,2015-09-23,2015-09-23,P,2.3,2015-02-09
2981,2015-04-08 11:12:00,2015-04-08,0.0368,0.0,0.0,1170.0,0.0368,0.0368,0.0368,10000038,2015-09-23,2015-09-23,P,2.3,2015-02-09
2982,2015-04-08 11:13:00,2015-04-08,0.0368,0.0,0.0,1170.0,0.0368,0.0368,0.0368,10000038,2015-09-23,2015-09-23,P,2.3,2015-02-09
2983,2015-04-08 11:14:00,2015-04-08,0.0368,0.0,0.0,1170.0,0.0368,0.0368,0.0368,10000038,2015-09-23,2015-09-23,P,2.3,2015-02-09
2984,2015-04-08 11:15:00,2015-04-08,0.0368,0.0,0.0,1170.0,0.0368,0.0368,0.0368,10000038,2015-09-23,2015-09-23,P,2.3,2015-02-09
2985,2015-04-08 11:16:00,2015-04-08,0.0368,0.0,0.0,1170.0,0.0368,0.0368,0.0368,10000038,2015-09-23,2015-09-23,P,2.3,2015-02-09
2986,2015-04-08 11:17:00,2015-04-08,0.0368,0.0,0.0,1170.0,0.0368,0.0368,0.0368,10000038,2015-09-23,2015-09-23,P,2.3,2015-02-09
2987,2015-04-08 11:18:00,2015-04-08,0.0368,0.0,0.0,1170.0,0.0368,0.0368,0.0368,10000038,2015-09-23,2015-09-23,P,2.3,2015-02-09
2988,2015-04-08 11:19:00,2015-04-08,0.0368,0.0,0.0,1170.0,0.0368,0.0368,0.0368,10000038,2015-09-23,2015-09-23,P,2.3,2015-02-09
2989,2015-04-08 11:20:00,2015-04-08,0.0368,0.0,0.0,1170.0,0.0368,0.0368,0.0368,10000038,2015-09-23,2015-09-23,P,2.3,2015-02-09
2990,2015-04-08 11:21:00,2015-04-08,0.0368,0.0,0.0,1170.0,0.0368,0.0368,0.0368,10000038,2015-09-23,2015-09-23,P,2.3,2015-02-09
2991,2015-04-08 11:22:00,2015-04-08,0.0368,0.0,0.0,1170.0,0.0368,0.0368,0.0368,10000038,2015-09-23,2015-09-23,P,2.3,2015-02-09
2992,2015-04-08 11:23:00,2015-04-08,0.0368,0.0,0.0,1170.0,0.0368,0.0368,0.0368,10000038,2015-09-23,2015-09-23,P,2.3,2015-02-09
2993,2015-04-08 11:24:00,2015-04-08,0.0368,0.0,0.0,1170.0,0.0368,0.0368,0.0368,10000038,2015-09-23,2015-09-23,P,2.3,2015-02-09
2994,2015-04-08 11:25:00,2015-04-08,0.0368,0.0,0.0,1170.0,0.0368,0.0368,0.0368,10000038,2015-09-23,2015-09-23,P,2.3,2015-02-09
2995,2015-04-08 11:26:00,2015-04-08,0.0368,0.0,0.0,1170.0,0.0368,0.0368,0.0368,10000038,2015-09-23,2015-09-23,P,2.3,2015-02-09
2996,2015-04-08 11:27:00,2015-04-08,0.0368,0.0,0.0,1170.0,0.0368,0.0368,0.0368,10000038,2015-09-23,2015-09-23,P,2.3,2015-02-09
2997,2015-04-08 11:28:00,2015-04-08,0.0368,0.0,0.0,1170.0,0.0368,0.0368,0.0368,10000038,2015-09-23,2015-09-23,P,2.3,2015-02-09
2998,2015-04-08 11:29:00,2015-04-08,0.0368,0.0,0.0,1170.0,0.0368,0.0368,0.0368,10000038,2015-09-23,2015-09-23,P,2.3,2015-02-09
2999,2015-04-08 11:30:00,2015-04-08,0.0368,0.0,0.0,1170.0,0.0368,0.0368,0.0368,10000038,2015-09-23,2015-09-23,P,2.3,2015-02-09
3000,2015-04-08 13:01:00,2015-04-08,0.0368,0.0,0.0,1170.0,0.0368,0.0368,0.0368,10000038,2015-09-23,2015-09-23,P,2.3,2015-02-09
3001,2015-04-08 13:02:00,2015-04-08,0.0368,0.0,0.0,1170.0,0.0368,0.0368,0.0368,10000038,2015-09-23,2015-09-23,P,2.3,2015-02-09
3002,2015-04-08 13:03:00,2015-04-08,0.0368,0.0,0.0,1170.0,0.0368,0.0368,0.0368,10000038,2015-09-23,2015-09-23,P,2.3,2015-02-09
3003,2015-04-08 13:04:00,2015-04-08,0.0368,0.0,0.0,1170.0,0.0368,0.0368,0.0368,10000038,2015-09-23,2015-09-23,P,2.3,2015-02-09
3004,2015-04-08 13:05:00,2015-04-08,0.0368,0.0,0.0,1170.0,0.0368,0.0368,0.0368,10000038,2015-09-23,2015-09-23,P,2.3,2015-02-09
3005,2015-04-08 13:06:00,2015-04-08,0.0368,0.0,0.0,1170.0,0.0368,0.0368,0.0368,10000038,2015-09-23,2015-09-23,P,2.3,2015-02-09
3006,2015-04-08 13:07:00,2015-04-08,0.0368,0.0,0.0,1170.0,0.0368,0.0368,0.0368,10000038,2015-09-23,2015-09-23,P,2.3,2015-02-09
3007,2015-04-08 13:08:00,2015-04-08,0.0368,0.0,0.0,1170.0,0.0368,0.0368,0.0368,10000038,2015-09-23,2015-09-23,P,2.3,2015-02-09
3008,2015-04-08 13:09:00,2015-04-08,0.0368,0.0,0.0,1170.0,0.0368,0.0368,0.0368,10000038,2015-09-23,2015-09-23,P,2.3,2015-02-09
3009,2015-04-08 13:10:00,2015-04-08,0.0368,0.0,0.0,1170.0,0.0368,0.0368,0.0368,10000038,2015-09-23,2015-09-23,P,2.3,2015-02-09
3010,2015-04-08 13:11:00,2015-04-08,0.0368,0.0,0.0,1170.0,0.0368,0.0368,0.0368,10000038,2015-09-23,2015-09-23,P,2.3,2015-02-09
3011,2015-04-08 13:12:00,2015-04-08,0.0368,0.0,0.0,1170.0,0.0368,0.0368,0.0368,10000038,2015-09-23,2015-09-23,P,2.3,2015-02-09
3012,2015-04-08 13:13:00,2015-04-08,0.0368,0.0,0.0,1170.0,0.0368,0.0368,0.0368,10000038,2015-09-23,2015-09-23,P,2.3,2015-02-09
3013,2015-04-08 13:14:00,2015-04-08,0.0368,0.0,0.0,1170.0,0.0368,0.0368,0.0368,10000038,2015-09-23,2015-09-23,P,2.3,2015-02-09
3014,2015-04-08 13:15:00,2015-04-08,0.0368,0.0,0.0,1170.0,0.0368,0.0368,0.0368,10000038,2015-09-23,2015-09-23,P,2.3,2015-02-09
3015,2015-04-08 13:16:00,2015-04-08,0.0368,0.0,0.0,1170.0,0.0368,0.0368,0.0368,10000038,2015-09-23,2015-09-23,P,2.3,2015-02-09
3016,2015-04-08 13:17:00,2015-04-08,0.0368,0.0,0.0,1170.0,0.0368,0.0368,0.0368,10000038,2015-09-23,2015-09-23,P,2.3,2015-02-09
3017,2015-04-08 13:18:00,2015-04-08,0.0368,0.0,0.0,1170.0,0.0368,0.0368,0.0368,10000038,2015-09-23,2015-09-23,P,2.3,2015-02-09
3018,2015-04-08 13:19:00,2015-04-08,0.0368,0.0,0.0,1170.0,0.0368,0.0368,0.0368,10000038,2015-09-23,2015-09-23,P,2.3,2015-02-09
3019,2015-04-08 13:20:00,2015-04-08,0.0368,0.0,0.0,1170.0,0.0368,0.0368,0.0368,10000038,2015-09-23,2015-09-23,P,2.3,2015-02-09
3020,2015-04-08 13:21:00,2015-04-08,0.0368,0.0,0.0,1170.0,0.0368,0.0368,0.0368,10000038,2015-09-23,2015-09-23,P,2.3,2015-02-09
3021,2015-04-08 13:22:00,2015-04-08,0.0368,0.0,0.0,1170.0,0.0368,0.0368,0.0368,10000038,2015-09-23,2015-09-23,P,2.3,2015-02-09
3022,2015-04-08 13:23:00,2015-04-08,0.0368,0.0,0.0,1170.0,0.0368,0.0368,0.0368,10000038,2015-09-23,2015-09-23,P,2.3,2015-02-09
3023,2015-04-08 13:24:00,2015-04-08,0.0368,0.0,0.0,1170.0,0.0368,0.0368,0.0368,10000038,2015-09-23,2015-09-23,P,2.3,2015-02-09
3024,2015-04-08 13:25:00,2015-04-08,0.0368,0.0,0.0,1170.0,0.0368,0.0368,0.0368,10000038,2015-09-23,2015-09-23,P,2.3,2015-02-09
3025,2015-04-08 13:26:00,2015-04-08,0.0368,0.0,0.0,1170.0,0.0368,0.0368,0.0368,10000038,2015-09-23,2015-09-23,P,2.3,2015-02-09
3026,2015-04-08 13:27:00,2015-04-08,0.0368,0.0,0.0,1170.0,0.0368,0.0368,0.0368,10000038,2015-09-23,2015-09-23,P,2.3,2015-02-09
3027,2015-04-08 13:28:00,2015-04-08,0.0368,0.0,0.0,1170.0,0.0368,0.0368,0.0368,10000038,2015-09-23,2015-09-23,P,2.3,2015-02-09
3028,2015-04-08 13:29:00,2015-04-08,0.0368,0.0,0.0,1170.0,0.0368,0.0368,0.0368,10000038,2015-09-23,2015-09-23,P,2.3,2015-02-09
3029,2015-04-08 13:30:00,2015-04-08,0.0368,0.0,0.0,1170.0,0.0368,0.0368,0.0368,10000038,2015-09-23,2015-09-23,P,2.3,2015-02-09
3030,2015-04-08 13:31:00,2015-04-08,0.0368,0.0,0.0,1170.0,0.0368,0.0368,0.0368,10000038,2015-09-23,2015-09-23,P,2.3,2015-02-09
3031,2015-04-08 13:32:00,2015-04-08,0.0368,0.0,0.0,1170.0,0.0368,0.0368,0.0368,10000038,2015-09-23,2015-09-23,P,2.3,2015-02-09
3032,2015-04-08 13:33:00,2015-04-08,0.0368,0.0,0.0,1170.0,0.0368,0.0368,0.0368,10000038,2015-09-23,2015-09-23,P,2.3,2015-02-09
3033,2015-04-08 13:34:00,2015-04-08,0.0368,0.0,0.0,1170.0,0.0368,0.0368,0.0368,10000038,2015-09-23,2015-09-23,P,2.3,2015-02-09
3034,2015-04-08 13:35:00,2015-04-08,0.0368,0.0,0.0,1170.0,0.0368,0.0368,0.0368,10000038,2015-09-23,2015-09-23,P,2.3,2015-02-09
3035,2015-04-08 13:36:00,2015-04-08,0.0368,0.0,0.0,1170.0,0.0368,0.0368,0.0368,10000038,2015-09-23,2015-09-23,P,2.3,2015-02-09
3036,2015-04-08 13:37:00,2015-04-08,0.0368,0.0,0.0,1170.0,0.0368,0.0368,0.0368,10000038,2015-09-23,2015-09-23,P,2.3,2015-02-09
3037,2015-04-08 13:38:00,2015-04-08,0.0368,0.0,0.0,1170.0,0.0368,0.0368,0.0368,10000038,2015-09-23,2015-09-23,P,2.3,2015-02-09
3038,2015-04-08 13:39:00,2015-04-08,0.0368,0.0,0.0,1170.0,0.0368,0.0368,0.0368,10000038,2015-09-23,2015-09-23,P,2.3,2015-02-09
3039,2015-04-08 13:40:00,2015-04-08,0.0368,0.0,0.0,1170.0,0.0368,0.0368,0.0368,10000038,2015-09-23,2015-09-23,P,2.3,2015-02-09
3040,2015-04-08 13:41:00,2015-04-08,0.0368,0.0,0.0,1170.0,0.0368,0.0368,0.0368,10000038,2015-09-23,2015-09-23,P,2.3,2015-02-09
3041,2015-04-08 13:42:00,2015-04-08,0.0368,0.0,0.0,1170.0,0.0368,0.0368,0.0368,10000038,2015-09-23,2015-09-23,P,2.3,2015-02-09
3042,2015-04-08 13:43:00,2015-04-08,0.0368,0.0,0.0,1170.0,0.0368,0.0368,0.0368,10000038,2015-09-23,2015-09-23,P,2.3,2015-02-09
3043,2015-04-08 13:44:00,2015-04-08,0.0368,0.0,0.0,1170.0,0.0368,0.0368,0.0368,10000038,2015-09-23,2015-09-23,P,2.3,2015-02-09
3044,2015-04-08 13:45:00,2015-04-08,0.0368,0.0,0.0,1170.0,0.0368,0.0368,0.0368,10000038,2015-09-23,2015-09-23,P,2.3,2015-02-09
3045,2015-04-08 13:46:00,2015-04-08,0.0368,0.0,0.0,1170.0,0.0368,0.0368,0.0368,10000038,2015-09-23,2015-09-23,P,2.3,2015-02-09
3046,2015-04-08 13:47:00,2015-04-08,0.0368,0.0,0.0,1170.0,0.0368,0.0368,0.0368,10000038,2015-09-23,2015-09-23,P,2.3,2015-02-09
3047,2015-04-08 13:48:00,2015-04-08,0.0368,0.0,0.0,1170.0,0.0368,0.0368,0.0368,10000038,2015-09-23,2015-09-23,P,2.3,2015-02-09
3048,2015-04-08 13:49:00,2015-04-08,0.0368,0.0,0.0,1170.0,0.0368,0.0368,0.0368,10000038,2015-09-23,2015-09-23,P,2.3,2015-02-09
3049,2015-04-08 13:50:00,2015-04-08,0.0368,0.0,0.0,1170.0,0.0368,0.0368,0.0368,10000038,2015-09-23,2015-09-23,P,2.3,2015-02-09
3050,2015-04-08 13:51:00,2015-04-08,0.0368,0.0,0.0,1170.0,0.0368,0.0368,0.0368,10000038,2015-09-23,2015-09-23,P,2.3,2015-02-09
3051,2015-04-08 13:52:00,2015-04-08,0.0368,0.0,0.0,1170.0,0.0368,0.0368,0.0368,10000038,2015-09-23,2015-09-23,P,2.3,2015-02-09
3052,2015-04-08 13:53:00,2015-04-08,0.0368,0.0,0.0,1170.0,0.0368,0.0368,0.0368,10000038,2015-09-23,2015-09-23,P,2.3,2015-02-09
3053,2015-04-08 13:54:00,2015-04-08,0.0368,0.0,0.0,1170.0,0.0368,0.0368,0.0368,10000038,2015-09-23,2015-09-23,P,2.3,2015-02-09
3054,2015-04-08 13:55:00,2015-04-08,0.0368,0.0,0.0,1170.0,0.0368,0.0368,0.0368,10000038,2015-09-23,2015-09-23,P,2.3,2015-02-09
3055,2015-04-08 13:56:00,2015-04-08,0.0368,0.0,0.0,1170.0,0.0368,0.0368,0.0368,10000038,2015-09-23,2015-09-23,P,2.3,2015-02-09
3056,2015-04-08 13:57:00,2015-04-08,0.0368,0.0,0.0,1170.0,0.0368,0.0368,0.0368,10000038,2015-09-23,2015-09-23,P,2.3,2015-02-09
3057,2015-04-08 13:58:00,2015-04-08,0.0368,0.0,0.0,1170.0,0.0368,0.0368,0.0368,10000038,2015-09-23,2015-09-23,P,2.3,2015-02-09
3058,2015-04-08 13:59:00,2015-04-08,0.0368,0.0,0.0,1170.0,0.0368,0.0368,0.0368,10000038,2015-09-23,2015-09-23,P,2.3,2015-02-09
3059,2015-04-08 14:00:00,2015-04-08,0.0368,0.0,0.0,1170.0,0.0368,0.0368,0.0368,10000038,2015-09-23,2015-09-23,P,2.3,2015-02-09
3060,2015-04-08 14:01:00,2015-04-08,0.0368,0.0,0.0,1170.0,0.0368,0.0368,0.0368,10000038,2015-09-23,2015-09-23,P,2.3,2015-02-09
3061,2015-04-08 14:02:00,2015-04-08,0.0368,0.0,0.0,1170.0,0.0368,0.0368,0.0368,10000038,2015-09-23,2015-09-23,P,2.3,2015-02-09
3062,2015-04-08 14:03:00,2015-04-08,0.0368,0.0,0.0,1170.0,0.0368,0.0368,0.0368,10000038,2015-09-23,2015-09-23,P,2.3,2015-02-09
3063,2015-04-08 14:04:00,2015-04-08,0.0368,0.0,0.0,1170.0,0.0368,0.0368,0.0368,10000038,2015-09-23,2015-09-23,P,2.3,2015-02-09
3064,2015-04-08 14:05:00,2015-04-08,0.0368,0.0,0.0,1170.0,0.0368,0.0368,0.0368,10000038,2015-09-23,2015-09-23,P,2.3,2015-02-09
3065,2015-04-08 14:06:00,2015-04-08,0.0368,0.0,0.0,1170.0,0.0368,0.0368,0.0368,10000038,2015-09-23,2015-09-23,P,2.3,2015-02-09
3066,2015-04-08 14:07:00,2015-04-08,0.0368,0.0,0.0,1170.0,0.0368,0.0368,0.0368,10000038,2015-09-23,2015-09-23,P,2.3,2015-02-09
3067,2015-04-08 14:08:00,2015-04-08,0.0368,0.0,0.0,1170.0,0.0368,0.0368,0.0368,10000038,2015-09-23,2015-09-23,P,2.3,2015-02-09
3068,2015-04-08 14:09:00,2015-04-08,0.0368,0.0,0.0,1170.0,0.0368,0.0368,0.0368,10000038,2015-09-23,2015-09-23,P,2.3,2015-02-09
3069,2015-04-08 14:10:00,2015-04-08,0.0368,0.0,0.0,1170.0,0.0368,0.0368,0.0368,10000038,2015-09-23,2015-09-23,P,2.3,2015-02-09
3070,2015-04-08 14:11:00,2015-04-08,0.0368,0.0,0.0,1170.0,0.0368,0.0368,0.0368,10000038,2015-09-23,2015-09-23,P,2.3,2015-02-09
3071,2015-04-08 14:12:00,2015-04-08,0.0368,0.0,0.0,1170.0,0.0368,0.0368,0.0368,10000038,2015-09-23,2015-09-23,P,2.3,2015-02-09
3072,2015-04-08 14:13:00,2015-04-08,0.0368,0.0,0.0,1170.0,0.0368,0.0368,0.0368,10000038,2015-09-23,2015-09-23,P,2.3,2015-02-09
3073,2015-04-08 14:14:00,2015-04-08,0.0368,0.0,0.0,1170.0,0.0368,0.0368,0.0368,10000038,2015-09-23,2015-09-23,P,2.3,2015-02-09
3074,2015-04-08 14:15:00,2015-04-08,0.0368,0.0,0.0,1170.0,0.0368,0.0368,0.0368,10000038,2015-09-23,2015-09-23,P,2.3,2015-02-09
3075,2015-04-08 14:16:00,2015-04-08,0.0368,0.0,0.0,1170.0,0.0368,0.0368,0.0368,10000038,2015-09-23,2015-09-23,P,2.3,2015-02-09
3076,2015-04-08 14:17:00,2015-04-08,0.0368,0.0,0.0,1170.0,0.0368,0.0368,0.0368,10000038,2015-09-23,2015-09-23,P,2.3,2015-02-09
3077,2015-04-08 14:18:00,2015-04-08,0.0368,0.0,0.0,1170.0,0.0368,0.0368,0.0368,10000038,2015-09-23,2015-09-23,P,2.3,2015-02-09
3078,2015-04-08 14:19:00,2015-04-08,0.0374,1870.0,5.0,1175.0,0.0374,0.0374,0.0374,10000038,2015-09-23,2015-09-23,P,2.3,2015-02-09
3079,2015-04-08 14:20:00,2015-04-08,0.0374,0.0,0.0,1175.0,0.0374,0.0374,0.0374,10000038,2015-09-23,2015-09-23,P,2.3,2015-02-09
3080,2015-04-08 14:21:00,2015-04-08,0.0374,0.0,0.0,1175.0,0.0374,0.0374,0.0374,10000038,2015-09-23,2015-09-23,P,2.3,2015-02-09
3081,2015-04-08 14:22:00,2015-04-08,0.0374,0.0,0.0,1175.0,0.0374,0.0374,0.0374,10000038,2015-09-23,2015-09-23,P,2.3,2015-02-09
3082,2015-04-08 14:23:00,2015-04-08,0.0374,0.0,0.0,1175.0,0.0374,0.0374,0.0374,10000038,2015-09-23,2015-09-23,P,2.3,2015-02-09
3083,2015-04-08 14:24:00,2015-04-08,0.0374,0.0,0.0,1175.0,0.0374,0.0374,0.0374,10000038,2015-09-23,2015-09-23,P,2.3,2015-02-09
3084,2015-04-08 14:25:00,2015-04-08,0.0374,0.0,0.0,1175.0,0.0374,0.0374,0.0374,10000038,2015-09-23,2015-09-23,P,2.3,2015-02-09
3085,2015-04-08 14:26:00,2015-04-08,0.0374,0.0,0.0,1175.0,0.0374,0.0374,0.0374,10000038,2015-09-23,2015-09-23,P,2.3,2015-02-09
3086,2015-04-08 14:27:00,2015-04-08,0.0375,750.0,2.0,1177.0,0.0375,0.0375,0.0375,10000038,2015-09-23,2015-09-23,P,2.3,2015-02-09
3087,2015-04-08 14:28:00,2015-04-08,0.0375,0.0,0.0,1177.0,0.0375,0.0375,0.0375,10000038,2015-09-23,2015-09-23,P,2.3,2015-02-09
3088,2015-04-08 14:29:00,2015-04-08,0.0375,0.0,0.0,1177.0,0.0375,0.0375,0.0375,10000038,2015-09-23,2015-09-23,P,2.3,2015-02-09
3089,2015-04-08 14:30:00,2015-04-08,0.0375,0.0,0.0,1177.0,0.0375,0.0375,0.0375,10000038,2015-09-23,2015-09-23,P,2.3,2015-02-09
3090,2015-04-08 14:31:00,2015-04-08,0.0375,0.0,0.0,1177.0,0.0375,0.0375,0.0375,10000038,2015-09-23,2015-09-23,P,2.3,2015-02-09
3091,2015-04-08 14:32:00,2015-04-08,0.0375,0.0,0.0,1177.0,0.0375,0.0375,0.0375,10000038,2015-09-23,2015-09-23,P,2.3,2015-02-09
3092,2015-04-08 14:33:00,2015-04-08,0.0375,0.0,0.0,1177.0,0.0375,0.0375,0.0375,10000038,2015-09-23,2015-09-23,P,2.3,2015-02-09
3093,2015-04-08 14:34:00,2015-04-08,0.0375,0.0,0.0,1177.0,0.0375,0.0375,0.0375,10000038,2015-09-23,2015-09-23,P,2.3,2015-02-09
3094,2015-04-08 14:35:00,2015-04-08,0.0375,0.0,0.0,1177.0,0.0375,0.0375,0.0375,10000038,2015-09-23,2015-09-23,P,2.3,2015-02-09
3095,2015-04-08 14:36:00,2015-04-08,0.0375,0.0,0.0,1177.0,0.0375,0.0375,0.0375,10000038,2015-09-23,2015-09-23,P,2.3,2015-02-09
3096,2015-04-08 14:37:00,2015-04-08,0.0375,0.0,0.0,1177.0,0.0375,0.0375,0.0375,10000038,2015-09-23,2015-09-23,P,2.3,2015-02-09
3097,2015-04-08 14:38:00,2015-04-08,0.0375,0.0,0.0,1177.0,0.0375,0.0375,0.0375,10000038,2015-09-23,2015-09-23,P,2.3,2015-02-09
3098,2015-04-08 14:39:00,2015-04-08,0.0375,0.0,0.0,1177.0,0.0375,0.0375,0.0375,10000038,2015-09-23,2015-09-23,P,2.3,2015-02-09
3099,2015-04-08 14:40:00,2015-04-08,0.0375,0.0,0.0,1177.0,0.0375,0.0375,0.0375,10000038,2015-09-23,2015-09-23,P,2.3,2015-02-09
3100,2015-04-08 14:41:00,2015-04-08,0.0375,0.0,0.0,1177.0,0.0375,0.0375,0.0375,10000038,2015-09-23,2015-09-23,P,2.3,2015-02-09
3101,2015-04-08 14:42:00,2015-04-08,0.0375,0.0,0.0,1177.0,0.0375,0.0375,0.0375,10000038,2015-09-23,2015-09-23,P,2.3,2015-02-09
3102,2015-04-08 14:43:00,2015-04-08,0.0375,0.0,0.0,1177.0,0.0375,0.0375,0.0375,10000038,2015-09-23,2015-09-23,P,2.3,2015-02-09
3103,2015-04-08 14:44:00,2015-04-08,0.0375,0.0,0.0,1177.0,0.0375,0.0375,0.0375,10000038,2015-09-23,2015-09-23,P,2.3,2015-02-09
3104,2015-04-08 14:45:00,2015-04-08,0.0375,0.0,0.0,1177.0,0.0375,0.0375,0.0375,10000038,2015-09-23,2015-09-23,P,2.3,2015-02-09
3105,2015-04-08 14:46:00,2015-04-08,0.0375,0.0,0.0,1177.0,0.0375,0.0375,0.0375,10000038,2015-09-23,2015-09-23,P,2.3,2015-02-09
3106,2015-04-08 14:47:00,2015-04-08,0.0375,0.0,0.0,1177.0,0.0375,0.0375,0.0375,10000038,2015-09-23,2015-09-23,P,2.3,2015-02-09
3107,2015-04-08 14:48:00,2015-04-08,0.0375,0.0,0.0,1177.0,0.0375,0.0375,0.0375,10000038,2015-09-23,2015-09-23,P,2.3,2015-02-09
3108,2015-04-08 14:49:00,2015-04-08,0.0375,0.0,0.0,1177.0,0.0375,0.0375,0.0375,10000038,2015-09-23,2015-09-23,P,2.3,2015-02-09
3109,2015-04-08 14:50:00,2015-04-08,0.0375,0.0,0.0,1177.0,0.0375,0.0375,0.0375,10000038,2015-09-23,2015-09-23,P,2.3,2015-02-09
3110,2015-04-08 14:51:00,2015-04-08,0.0375,0.0,0.0,1177.0,0.0375,0.0375,0.0375,10000038,2015-09-23,2015-09-23,P,2.3,2015-02-09
3111,2015-04-08 14:52:00,2015-04-08,0.0375,0.0,0.0,1177.0,0.0375,0.0375,0.0375,10000038,2015-09-23,2015-09-23,P,2.3,2015-02-09
3112,2015-04-08 14:53:00,2015-04-08,0.0375,0.0,0.0,1177.0,0.0375,0.0375,0.0375,10000038,2015-09-23,2015-09-23,P,2.3,2015-02-09
3113,2015-04-08 14:54:00,2015-04-08,0.0375,0.0,0.0,1177.0,0.0375,0.0375,0.0375,10000038,2015-09-23,2015-09-23,P,2.3,2015-02-09
3114,2015-04-08 14:55:00,2015-04-08,0.0375,0.0,0.0,1177.0,0.0375,0.0375,0.0375,10000038,2015-09-23,2015-09-23,P,2.3,2015-02-09
3115,2015-04-08 14:56:00,2015-04-08,0.0375,0.0,0.0,1177.0,0.0375,0.0375,0.0375,10000038,2015-09-23,2015-09-23,P,2.3,2015-02-09
3116,2015-04-08 14:57:00,2015-04-08,0.0375,0.0,0.0,1177.0,0.0375,0.0375,0.0375,10000038,2015-09-23,2015-09-23,P,2.3,2015-02-09
3117,2015-04-08 14:58:00,2015-04-08,0.0375,0.0,0.0,1177.0,0.0375,0.0375,0.0375,10000038,2015-09-23,2015-09-23,P,2.3,2015-02-09
3118,2015-04-08 14:59:00,2015-04-08,0.0375,0.0,0.0,1177.0,0.0375,0.0375,0.0375,10000038,2015-09-23,2015-09-23,P,2.3,2015-02-09
3119,2015-04-08 15:00:00,2015-04-08,0.0375,0.0,0.0,1177.0,0.0375,0.0375,0.0375,10000038,2015-09-23,2015-09-23,P,2.3,2015-02-09
3120,2015-04-08 09:31:00,2015-04-08,0.2758,2758.0,1.0,297.0,0.2758,0.2758,0.2758,10000103,2015-09-23,2015-09-23,C,2.8,2015-03-24
3121,2015-04-08 09:32:00,2015-04-08,0.2758,0.0,0.0,297.0,0.2758,0.2758,0.2758,10000103,2015-09-23,2015-09-23,C,2.8,2015-03-24
3122,2015-04-08 09:33:00,2015-04-08,0.2758,0.0,0.0,297.0,0.2758,0.2758,0.2758,10000103,2015-09-23,2015-09-23,C,2.8,2015-03-24
3123,2015-04-08 09:34:00,2015-04-08,0.2758,0.0,0.0,297.0,0.2758,0.2758,0.2758,10000103,2015-09-23,2015-09-23,C,2.8,2015-03-24
3124,2015-04-08 09:35:00,2015-04-08,0.2758,0.0,0.0,297.0,0.2758,0.2758,0.2758,10000103,2015-09-23,2015-09-23,C,2.8,2015-03-24
3125,2015-04-08 09:36:00,2015-04-08,0.2758,0.0,0.0,297.0,0.2758,0.2758,0.2758,10000103,2015-09-23,2015-09-23,C,2.8,2015-03-24
3126,2015-04-08 09:37:00,2015-04-08,0.2758,0.0,0.0,297.0,0.2758,0.2758,0.2758,10000103,2015-09-23,2015-09-23,C,2.8,2015-03-24
3127,2015-04-08 09:38:00,2015-04-08,0.2758,0.0,0.0,297.0,0.2758,0.2758,0.2758,10000103,2015-09-23,2015-09-23,C,2.8,2015-03-24
3128,2015-04-08 09:39:00,2015-04-08,0.2758,0.0,0.0,297.0,0.2758,0.2758,0.2758,10000103,2015-09-23,2015-09-23,C,2.8,2015-03-24
3129,2015-04-08 09:40:00,2015-04-08,0.2758,0.0,0.0,297.0,0.2758,0.2758,0.2758,10000103,2015-09-23,2015-09-23,C,2.8,2015-03-24
3130,2015-04-08 09:41:00,2015-04-08,0.2758,0.0,0.0,297.0,0.2758,0.2758,0.2758,10000103,2015-09-23,2015-09-23,C,2.8,2015-03-24
3131,2015-04-08 09:42:00,2015-04-08,0.2758,0.0,0.0,297.0,0.2758,0.2758,0.2758,10000103,2015-09-23,2015-09-23,C,2.8,2015-03-24
3132,2015-04-08 09:43:00,2015-04-08,0.2758,0.0,0.0,297.0,0.2758,0.2758,0.2758,10000103,2015-09-23,2015-09-23,C,2.8,2015-03-24
3133,2015-04-08 09:44:00,2015-04-08,0.2758,0.0,0.0,297.0,0.2758,0.2758,0.2758,10000103,2015-09-23,2015-09-23,C,2.8,2015-03-24
3134,2015-04-08 09:45:00,2015-04-08,0.2758,0.0,0.0,297.0,0.2758,0.2758,0.2758,10000103,2015-09-23,2015-09-23,C,2.8,2015-03-24
3135,2015-04-08 09:46:00,2015-04-08,0.2758,0.0,0.0,297.0,0.2758,0.2758,0.2758,10000103,2015-09-23,2015-09-23,C,2.8,2015-03-24
3136,2015-04-08 09:47:00,2015-04-08,0.2758,0.0,0.0,297.0,0.2758,0.2758,0.2758,10000103,2015-09-23,2015-09-23,C,2.8,2015-03-24
3137,2015-04-08 09:48:00,2015-04-08,0.2758,0.0,0.0,297.0,0.2758,0.2758,0.2758,10000103,2015-09-23,2015-09-23,C,2.8,2015-03-24
3138,2015-04-08 09:49:00,2015-04-08,0.2758,0.0,0.0,297.0,0.2758,0.2758,0.2758,10000103,2015-09-23,2015-09-23,C,2.8,2015-03-24
3139,2015-04-08 09:50:00,2015-04-08,0.2758,0.0,0.0,297.0,0.2758,0.2758,0.2758,10000103,2015-09-23,2015-09-23,C,2.8,2015-03-24
3140,2015-04-08 09:51:00,2015-04-08,0.2758,0.0,0.0,297.0,0.2758,0.2758,0.2758,10000103,2015-09-23,2015-09-23,C,2.8,2015-03-24
3141,2015-04-08 09:52:00,2015-04-08,0.2758,0.0,0.0,297.0,0.2758,0.2758,0.2758,10000103,2015-09-23,2015-09-23,C,2.8,2015-03-24
3142,2015-04-08 09:53:00,2015-04-08,0.2758,0.0,0.0,297.0,0.2758,0.2758,0.2758,10000103,2015-09-23,2015-09-23,C,2.8,2015-03-24
3143,2015-04-08 09:54:00,2015-04-08,0.2758,0.0,0.0,297.0,0.2758,0.2758,0.2758,10000103,2015-09-23,2015-09-23,C,2.8,2015-03-24
3144,2015-04-08 09:55:00,2015-04-08,0.2758,0.0,0.0,297.0,0.2758,0.2758,0.2758,10000103,2015-09-23,2015-09-23,C,2.8,2015-03-24
3145,2015-04-08 09:56:00,2015-04-08,0.297,2970.0,1.0,296.0,0.297,0.297,0.297,10000103,2015-09-23,2015-09-23,C,2.8,2015-03-24
3146,2015-04-08 09:57:00,2015-04-08,0.3044,30420.0,10.0,301.0,0.3044,0.3044,0.3044,10000103,2015-09-23,2015-09-23,C,2.8,2015-03-24
3147,2015-04-08 09:58:00,2015-04-08,0.3044,0.0,0.0,301.0,0.3044,0.3044,0.3044,10000103,2015-09-23,2015-09-23,C,2.8,2015-03-24
3148,2015-04-08 09:59:00,2015-04-08,0.3044,0.0,0.0,301.0,0.3044,0.3044,0.3044,10000103,2015-09-23,2015-09-23,C,2.8,2015-03-24
3149,2015-04-08 10:00:00,2015-04-08,0.3044,0.0,0.0,301.0,0.3044,0.3044,0.3044,10000103,2015-09-23,2015-09-23,C,2.8,2015-03-24
3150,2015-04-08 10:01:00,2015-04-08,0.3044,0.0,0.0,301.0,0.3044,0.3044,0.3044,10000103,2015-09-23,2015-09-23,C,2.8,2015-03-24
3151,2015-04-08 10:02:00,2015-04-08,0.3044,0.0,0.0,301.0,0.3044,0.3044,0.3044,10000103,2015-09-23,2015-09-23,C,2.8,2015-03-24
3152,2015-04-08 10:03:00,2015-04-08,0.3044,0.0,0.0,301.0,0.3044,0.3044,0.3044,10000103,2015-09-23,2015-09-23,C,2.8,2015-03-24
3153,2015-04-08 10:04:00,2015-04-08,0.3044,0.0,0.0,301.0,0.3044,0.3044,0.3044,10000103,2015-09-23,2015-09-23,C,2.8,2015-03-24
3154,2015-04-08 10:05:00,2015-04-08,0.3044,0.0,0.0,301.0,0.3044,0.3044,0.3044,10000103,2015-09-23,2015-09-23,C,2.8,2015-03-24
3155,2015-04-08 10:06:00,2015-04-08,0.3044,0.0,0.0,301.0,0.3044,0.3044,0.3044,10000103,2015-09-23,2015-09-23,C,2.8,2015-03-24
3156,2015-04-08 10:07:00,2015-04-08,0.3044,0.0,0.0,301.0,0.3044,0.3044,0.3044,10000103,2015-09-23,2015-09-23,C,2.8,2015-03-24
3157,2015-04-08 10:08:00,2015-04-08,0.3044,0.0,0.0,301.0,0.3044,0.3044,0.3044,10000103,2015-09-23,2015-09-23,C,2.8,2015-03-24
3158,2015-04-08 10:09:00,2015-04-08,0.3044,0.0,0.0,301.0,0.3044,0.3044,0.3044,10000103,2015-09-23,2015-09-23,C,2.8,2015-03-24
3159,2015-04-08 10:10:00,2015-04-08,0.3044,0.0,0.0,301.0,0.3044,0.3044,0.3044,10000103,2015-09-23,2015-09-23,C,2.8,2015-03-24
3160,2015-04-08 10:11:00,2015-04-08,0.3044,0.0,0.0,301.0,0.3044,0.3044,0.3044,10000103,2015-09-23,2015-09-23,C,2.8,2015-03-24
3161,2015-04-08 10:12:00,2015-04-08,0.3044,0.0,0.0,301.0,0.3044,0.3044,0.3044,10000103,2015-09-23,2015-09-23,C,2.8,2015-03-24
3162,2015-04-08 10:13:00,2015-04-08,0.3044,0.0,0.0,301.0,0.3044,0.3044,0.3044,10000103,2015-09-23,2015-09-23,C,2.8,2015-03-24
3163,2015-04-08 10:14:00,2015-04-08,0.3044,0.0,0.0,301.0,0.3044,0.3044,0.3044,10000103,2015-09-23,2015-09-23,C,2.8,2015-03-24
3164,2015-04-08 10:15:00,2015-04-08,0.3044,0.0,0.0,301.0,0.3044,0.3044,0.3044,10000103,2015-09-23,2015-09-23,C,2.8,2015-03-24
3165,2015-04-08 10:16:00,2015-04-08,0.3044,0.0,0.0,301.0,0.3044,0.3044,0.3044,10000103,2015-09-23,2015-09-23,C,2.8,2015-03-24
3166,2015-04-08 10:17:00,2015-04-08,0.3044,0.0,0.0,301.0,0.3044,0.3044,0.3044,10000103,2015-09-23,2015-09-23,C,2.8,2015-03-24
3167,2015-04-08 10:18:00,2015-04-08,0.3044,0.0,0.0,301.0,0.3044,0.3044,0.3044,10000103,2015-09-23,2015-09-23,C,2.8,2015-03-24
3168,2015-04-08 10:19:00,2015-04-08,0.3044,0.0,0.0,301.0,0.3044,0.3044,0.3044,10000103,2015-09-23,2015-09-23,C,2.8,2015-03-24
3169,2015-04-08 10:20:00,2015-04-08,0.3044,0.0,0.0,301.0,0.3044,0.3044,0.3044,10000103,2015-09-23,2015-09-23,C,2.8,2015-03-24
3170,2015-04-08 10:21:00,2015-04-08,0.3044,0.0,0.0,301.0,0.3044,0.3044,0.3044,10000103,2015-09-23,2015-09-23,C,2.8,2015-03-24
3171,2015-04-08 10:22:00,2015-04-08,0.3044,0.0,0.0,301.0,0.3044,0.3044,0.3044,10000103,2015-09-23,2015-09-23,C,2.8,2015-03-24
3172,2015-04-08 10:23:00,2015-04-08,0.3044,0.0,0.0,301.0,0.3044,0.3044,0.3044,10000103,2015-09-23,2015-09-23,C,2.8,2015-03-24
3173,2015-04-08 10:24:00,2015-04-08,0.3044,0.0,0.0,301.0,0.3044,0.3044,0.3044,10000103,2015-09-23,2015-09-23,C,2.8,2015-03-24
3174,2015-04-08 10:25:00,2015-04-08,0.3044,0.0,0.0,301.0,0.3044,0.3044,0.3044,10000103,2015-09-23,2015-09-23,C,2.8,2015-03-24
3175,2015-04-08 10:26:00,2015-04-08,0.3044,0.0,0.0,301.0,0.3044,0.3044,0.3044,10000103,2015-09-23,2015-09-23,C,2.8,2015-03-24
3176,2015-04-08 10:27:00,2015-04-08,0.3044,0.0,0.0,301.0,0.3044,0.3044,0.3044,10000103,2015-09-23,2015-09-23,C,2.8,2015-03-24
3177,2015-04-08 10:28:00,2015-04-08,0.3044,0.0,0.0,301.0,0.3044,0.3044,0.3044,10000103,2015-09-23,2015-09-23,C,2.8,2015-03-24
3178,2015-04-08 10:29:00,2015-04-08,0.3044,0.0,0.0,301.0,0.3044,0.3044,0.3044,10000103,2015-09-23,2015-09-23,C,2.8,2015-03-24
3179,2015-04-08 10:30:00,2015-04-08,0.3044,0.0,0.0,301.0,0.3044,0.3044,0.3044,10000103,2015-09-23,2015-09-23,C,2.8,2015-03-24
3180,2015-04-08 10:31:00,2015-04-08,0.3044,0.0,0.0,301.0,0.3044,0.3044,0.3044,10000103,2015-09-23,2015-09-23,C,2.8,2015-03-24
3181,2015-04-08 10:32:00,2015-04-08,0.3044,0.0,0.0,301.0,0.3044,0.3044,0.3044,10000103,2015-09-23,2015-09-23,C,2.8,2015-03-24
3182,2015-04-08 10:33:00,2015-04-08,0.3044,0.0,0.0,301.0,0.3044,0.3044,0.3044,10000103,2015-09-23,2015-09-23,C,2.8,2015-03-24
3183,2015-04-08 10:34:00,2015-04-08,0.3044,0.0,0.0,301.0,0.3044,0.3044,0.3044,10000103,2015-09-23,2015-09-23,C,2.8,2015-03-24
3184,2015-04-08 10:35:00,2015-04-08,0.3044,0.0,0.0,301.0,0.3044,0.3044,0.3044,10000103,2015-09-23,2015-09-23,C,2.8,2015-03-24
3185,2015-04-08 10:36:00,2015-04-08,0.3044,0.0,0.0,301.0,0.3044,0.3044,0.3044,10000103,2015-09-23,2015-09-23,C,2.8,2015-03-24
3186,2015-04-08 10:37:00,2015-04-08,0.3044,0.0,0.0,301.0,0.3044,0.3044,0.3044,10000103,2015-09-23,2015-09-23,C,2.8,2015-03-24
3187,2015-04-08 10:38:00,2015-04-08,0.3044,0.0,0.0,301.0,0.3044,0.3044,0.3044,10000103,2015-09-23,2015-09-23,C,2.8,2015-03-24
3188,2015-04-08 10:39:00,2015-04-08,0.3044,0.0,0.0,301.0,0.3044,0.3044,0.3044,10000103,2015-09-23,2015-09-23,C,2.8,2015-03-24
3189,2015-04-08 10:40:00,2015-04-08,0.3044,0.0,0.0,301.0,0.3044,0.3044,0.3044,10000103,2015-09-23,2015-09-23,C,2.8,2015-03-24
3190,2015-04-08 10:41:00,2015-04-08,0.3044,0.0,0.0,301.0,0.3044,0.3044,0.3044,10000103,2015-09-23,2015-09-23,C,2.8,2015-03-24
3191,2015-04-08 10:42:00,2015-04-08,0.3044,0.0,0.0,301.0,0.3044,0.3044,0.3044,10000103,2015-09-23,2015-09-23,C,2.8,2015-03-24
3192,2015-04-08 10:43:00,2015-04-08,0.3044,0.0,0.0,301.0,0.3044,0.3044,0.3044,10000103,2015-09-23,2015-09-23,C,2.8,2015-03-24
3193,2015-04-08 10:44:00,2015-04-08,0.3044,0.0,0.0,301.0,0.3044,0.3044,0.3044,10000103,2015-09-23,2015-09-23,C,2.8,2015-03-24
3194,2015-04-08 10:45:00,2015-04-08,0.3044,0.0,0.0,301.0,0.3044,0.3044,0.3044,10000103,2015-09-23,2015-09-23,C,2.8,2015-03-24
3195,2015-04-08 10:46:00,2015-04-08,0.3044,0.0,0.0,301.0,0.3044,0.3044,0.3044,10000103,2015-09-23,2015-09-23,C,2.8,2015-03-24
3196,2015-04-08 10:47:00,2015-04-08,0.3044,0.0,0.0,301.0,0.3044,0.3044,0.3044,10000103,2015-09-23,2015-09-23,C,2.8,2015-03-24
3197,2015-04-08 10:48:00,2015-04-08,0.3044,0.0,0.0,301.0,0.3044,0.3044,0.3044,10000103,2015-09-23,2015-09-23,C,2.8,2015-03-24
3198,2015-04-08 10:49:00,2015-04-08,0.3044,0.0,0.0,301.0,0.3044,0.3044,0.3044,10000103,2015-09-23,2015-09-23,C,2.8,2015-03-24
3199,2015-04-08 10:50:00,2015-04-08,0.3044,0.0,0.0,301.0,0.3044,0.3044,0.3044,10000103,2015-09-23,2015-09-23,C,2.8,2015-03-24
3200,2015-04-08 10:51:00,2015-04-08,0.3044,0.0,0.0,301.0,0.3044,0.3044,0.3044,10000103,2015-09-23,2015-09-23,C,2.8,2015-03-24
3201,2015-04-08 10:52:00,2015-04-08,0.3044,0.0,0.0,301.0,0.3044,0.3044,0.3044,10000103,2015-09-23,2015-09-23,C,2.8,2015-03-24
3202,2015-04-08 10:53:00,2015-04-08,0.3044,0.0,0.0,301.0,0.3044,0.3044,0.3044,10000103,2015-09-23,2015-09-23,C,2.8,2015-03-24
3203,2015-04-08 10:54:00,2015-04-08,0.3044,0.0,0.0,301.0,0.3044,0.3044,0.3044,10000103,2015-09-23,2015-09-23,C,2.8,2015-03-24
3204,2015-04-08 10:55:00,2015-04-08,0.3044,0.0,0.0,301.0,0.3044,0.3044,0.3044,10000103,2015-09-23,2015-09-23,C,2.8,2015-03-24
3205,2015-04-08 10:56:00,2015-04-08,0.3044,0.0,0.0,301.0,0.3044,0.3044,0.3044,10000103,2015-09-23,2015-09-23,C,2.8,2015-03-24
3206,2015-04-08 10:57:00,2015-04-08,0.3044,0.0,0.0,301.0,0.3044,0.3044,0.3044,10000103,2015-09-23,2015-09-23,C,2.8,2015-03-24
3207,2015-04-08 10:58:00,2015-04-08,0.3044,0.0,0.0,301.0,0.3044,0.3044,0.3044,10000103,2015-09-23,2015-09-23,C,2.8,2015-03-24
3208,2015-04-08 10:59:00,2015-04-08,0.3044,0.0,0.0,301.0,0.3044,0.3044,0.3044,10000103,2015-09-23,2015-09-23,C,2.8,2015-03-24
3209,2015-04-08 11:00:00,2015-04-08,0.3044,0.0,0.0,301.0,0.3044,0.3044,0.3044,10000103,2015-09-23,2015-09-23,C,2.8,2015-03-24
3210,2015-04-08 11:01:00,2015-04-08,0.3044,0.0,0.0,301.0,0.3044,0.3044,0.3044,10000103,2015-09-23,2015-09-23,C,2.8,2015-03-24
3211,2015-04-08 11:02:00,2015-04-08,0.3044,0.0,0.0,301.0,0.3044,0.3044,0.3044,10000103,2015-09-23,2015-09-23,C,2.8,2015-03-24
3212,2015-04-08 11:03:00,2015-04-08,0.3044,0.0,0.0,301.0,0.3044,0.3044,0.3044,10000103,2015-09-23,2015-09-23,C,2.8,2015-03-24
3213,2015-04-08 11:04:00,2015-04-08,0.3044,0.0,0.0,301.0,0.3044,0.3044,0.3044,10000103,2015-09-23,2015-09-23,C,2.8,2015-03-24
3214,2015-04-08 11:05:00,2015-04-08,0.3044,0.0,0.0,301.0,0.3044,0.3044,0.3044,10000103,2015-09-23,2015-09-23,C,2.8,2015-03-24
3215,2015-04-08 11:06:00,2015-04-08,0.3044,0.0,0.0,301.0,0.3044,0.3044,0.3044,10000103,2015-09-23,2015-09-23,C,2.8,2015-03-24
3216,2015-04-08 11:07:00,2015-04-08,0.3044,0.0,0.0,301.0,0.3044,0.3044,0.3044,10000103,2015-09-23,2015-09-23,C,2.8,2015-03-24
3217,2015-04-08 11:08:00,2015-04-08,0.3044,0.0,0.0,301.0,0.3044,0.3044,0.3044,10000103,2015-09-23,2015-09-23,C,2.8,2015-03-24
3218,2015-04-08 11:09:00,2015-04-08,0.3044,0.0,0.0,301.0,0.3044,0.3044,0.3044,10000103,2015-09-23,2015-09-23,C,2.8,2015-03-24
3219,2015-04-08 11:10:00,2015-04-08,0.3044,0.0,0.0,301.0,0.3044,0.3044,0.3044,10000103,2015-09-23,2015-09-23,C,2.8,2015-03-24
3220,2015-04-08 11:11:00,2015-04-08,0.3044,0.0,0.0,301.0,0.3044,0.3044,0.3044,10000103,2015-09-23,2015-09-23,C,2.8,2015-03-24
3221,2015-04-08 11:12:00,2015-04-08,0.3044,0.0,0.0,301.0,0.3044,0.3044,0.3044,10000103,2015-09-23,2015-09-23,C,2.8,2015-03-24
3222,2015-04-08 11:13:00,2015-04-08,0.3044,0.0,0.0,301.0,0.3044,0.3044,0.3044,10000103,2015-09-23,2015-09-23,C,2.8,2015-03-24
3223,2015-04-08 11:14:00,2015-04-08,0.3044,0.0,0.0,301.0,0.3044,0.3044,0.3044,10000103,2015-09-23,2015-09-23,C,2.8,2015-03-24
3224,2015-04-08 11:15:00,2015-04-08,0.3044,0.0,0.0,301.0,0.3044,0.3044,0.3044,10000103,2015-09-23,2015-09-23,C,2.8,2015-03-24
3225,2015-04-08 11:16:00,2015-04-08,0.3044,0.0,0.0,301.0,0.3044,0.3044,0.3044,10000103,2015-09-23,2015-09-23,C,2.8,2015-03-24
3226,2015-04-08 11:17:00,2015-04-08,0.3044,0.0,0.0,301.0,0.3044,0.3044,0.3044,10000103,2015-09-23,2015-09-23,C,2.8,2015-03-24
3227,2015-04-08 11:18:00,2015-04-08,0.3044,0.0,0.0,301.0,0.3044,0.3044,0.3044,10000103,2015-09-23,2015-09-23,C,2.8,2015-03-24
3228,2015-04-08 11:19:00,2015-04-08,0.3044,0.0,0.0,301.0,0.3044,0.3044,0.3044,10000103,2015-09-23,2015-09-23,C,2.8,2015-03-24
3229,2015-04-08 11:20:00,2015-04-08,0.3044,0.0,0.0,301.0,0.3044,0.3044,0.3044,10000103,2015-09-23,2015-09-23,C,2.8,2015-03-24
3230,2015-04-08 11:21:00,2015-04-08,0.3044,0.0,0.0,301.0,0.3044,0.3044,0.3044,10000103,2015-09-23,2015-09-23,C,2.8,2015-03-24
3231,2015-04-08 11:22:00,2015-04-08,0.3044,0.0,0.0,301.0,0.3044,0.3044,0.3044,10000103,2015-09-23,2015-09-23,C,2.8,2015-03-24
3232,2015-04-08 11:23:00,2015-04-08,0.3044,0.0,0.0,301.0,0.3044,0.3044,0.3044,10000103,2015-09-23,2015-09-23,C,2.8,2015-03-24
3233,2015-04-08 11:24:00,2015-04-08,0.3044,0.0,0.0,301.0,0.3044,0.3044,0.3044,10000103,2015-09-23,2015-09-23,C,2.8,2015-03-24
3234,2015-04-08 11:25:00,2015-04-08,0.3044,0.0,0.0,301.0,0.3044,0.3044,0.3044,10000103,2015-09-23,2015-09-23,C,2.8,2015-03-24
3235,2015-04-08 11:26:00,2015-04-08,0.3044,0.0,0.0,301.0,0.3044,0.3044,0.3044,10000103,2015-09-23,2015-09-23,C,2.8,2015-03-24
3236,2015-04-08 11:27:00,2015-04-08,0.3044,0.0,0.0,301.0,0.3044,0.3044,0.3044,10000103,2015-09-23,2015-09-23,C,2.8,2015-03-24
3237,2015-04-08 11:28:00,2015-04-08,0.3132,15660.0,5.0,306.0,0.3132,0.3132,0.3132,10000103,2015-09-23,2015-09-23,C,2.8,2015-03-24
3238,2015-04-08 11:29:00,2015-04-08,0.3132,0.0,0.0,306.0,0.3132,0.3132,0.3132,10000103,2015-09-23,2015-09-23,C,2.8,2015-03-24
3239,2015-04-08 11:30:00,2015-04-08,0.3132,0.0,0.0,306.0,0.3132,0.3132,0.3132,10000103,2015-09-23,2015-09-23,C,2.8,2015-03-24
3240,2015-04-08 13:01:00,2015-04-08,0.3132,0.0,0.0,306.0,0.3132,0.3132,0.3132,10000103,2015-09-23,2015-09-23,C,2.8,2015-03-24
3241,2015-04-08 13:02:00,2015-04-08,0.3132,0.0,0.0,306.0,0.3132,0.3132,0.3132,10000103,2015-09-23,2015-09-23,C,2.8,2015-03-24
3242,2015-04-08 13:03:00,2015-04-08,0.3132,0.0,0.0,306.0,0.3132,0.3132,0.3132,10000103,2015-09-23,2015-09-23,C,2.8,2015-03-24
3243,2015-04-08 13:04:00,2015-04-08,0.3132,0.0,0.0,306.0,0.3132,0.3132,0.3132,10000103,2015-09-23,2015-09-23,C,2.8,2015-03-24
3244,2015-04-08 13:05:00,2015-04-08,0.3132,0.0,0.0,306.0,0.3132,0.3132,0.3132,10000103,2015-09-23,2015-09-23,C,2.8,2015-03-24
3245,2015-04-08 13:06:00,2015-04-08,0.3132,0.0,0.0,306.0,0.3132,0.3132,0.3132,10000103,2015-09-23,2015-09-23,C,2.8,2015-03-24
3246,2015-04-08 13:07:00,2015-04-08,0.3132,0.0,0.0,306.0,0.3132,0.3132,0.3132,10000103,2015-09-23,2015-09-23,C,2.8,2015-03-24
3247,2015-04-08 13:08:00,2015-04-08,0.3132,0.0,0.0,306.0,0.3132,0.3132,0.3132,10000103,2015-09-23,2015-09-23,C,2.8,2015-03-24
3248,2015-04-08 13:09:00,2015-04-08,0.3132,0.0,0.0,306.0,0.3132,0.3132,0.3132,10000103,2015-09-23,2015-09-23,C,2.8,2015-03-24
3249,2015-04-08 13:10:00,2015-04-08,0.3132,0.0,0.0,306.0,0.3132,0.3132,0.3132,10000103,2015-09-23,2015-09-23,C,2.8,2015-03-24
3250,2015-04-08 13:11:00,2015-04-08,0.3132,0.0,0.0,306.0,0.3132,0.3132,0.3132,10000103,2015-09-23,2015-09-23,C,2.8,2015-03-24
3251,2015-04-08 13:12:00,2015-04-08,0.3132,0.0,0.0,306.0,0.3132,0.3132,0.3132,10000103,2015-09-23,2015-09-23,C,2.8,2015-03-24
3252,2015-04-08 13:13:00,2015-04-08,0.3132,0.0,0.0,306.0,0.3132,0.3132,0.3132,10000103,2015-09-23,2015-09-23,C,2.8,2015-03-24
3253,2015-04-08 13:14:00,2015-04-08,0.3132,0.0,0.0,306.0,0.3132,0.3132,0.3132,10000103,2015-09-23,2015-09-23,C,2.8,2015-03-24
3254,2015-04-08 13:15:00,2015-04-08,0.3132,0.0,0.0,306.0,0.3132,0.3132,0.3132,10000103,2015-09-23,2015-09-23,C,2.8,2015-03-24
3255,2015-04-08 13:16:00,2015-04-08,0.3132,0.0,0.0,306.0,0.3132,0.3132,0.3132,10000103,2015-09-23,2015-09-23,C,2.8,2015-03-24
3256,2015-04-08 13:17:00,2015-04-08,0.3132,0.0,0.0,306.0,0.3132,0.3132,0.3132,10000103,2015-09-23,2015-09-23,C,2.8,2015-03-24
3257,2015-04-08 13:18:00,2015-04-08,0.3132,0.0,0.0,306.0,0.3132,0.3132,0.3132,10000103,2015-09-23,2015-09-23,C,2.8,2015-03-24
3258,2015-04-08 13:19:00,2015-04-08,0.3132,0.0,0.0,306.0,0.3132,0.3132,0.3132,10000103,2015-09-23,2015-09-23,C,2.8,2015-03-24
3259,2015-04-08 13:20:00,2015-04-08,0.3132,0.0,0.0,306.0,0.3132,0.3132,0.3132,10000103,2015-09-23,2015-09-23,C,2.8,2015-03-24
3260,2015-04-08 13:21:00,2015-04-08,0.3227,3227.0,1.0,305.0,0.3227,0.3227,0.3227,10000103,2015-09-23,2015-09-23,C,2.8,2015-03-24
3261,2015-04-08 13:22:00,2015-04-08,0.3227,0.0,0.0,305.0,0.3227,0.3227,0.3227,10000103,2015-09-23,2015-09-23,C,2.8,2015-03-24
3262,2015-04-08 13:23:00,2015-04-08,0.3227,0.0,0.0,305.0,0.3227,0.3227,0.3227,10000103,2015-09-23,2015-09-23,C,2.8,2015-03-24
3263,2015-04-08 13:24:00,2015-04-08,0.3227,0.0,0.0,305.0,0.3227,0.3227,0.3227,10000103,2015-09-23,2015-09-23,C,2.8,2015-03-24
3264,2015-04-08 13:25:00,2015-04-08,0.3227,0.0,0.0,305.0,0.3227,0.3227,0.3227,10000103,2015-09-23,2015-09-23,C,2.8,2015-03-24
3265,2015-04-08 13:26:00,2015-04-08,0.3227,0.0,0.0,305.0,0.3227,0.3227,0.3227,10000103,2015-09-23,2015-09-23,C,2.8,2015-03-24
3266,2015-04-08 13:27:00,2015-04-08,0.3227,0.0,0.0,305.0,0.3227,0.3227,0.3227,10000103,2015-09-23,2015-09-23,C,2.8,2015-03-24
3267,2015-04-08 13:28:00,2015-04-08,0.3227,0.0,0.0,305.0,0.3227,0.3227,0.3227,10000103,2015-09-23,2015-09-23,C,2.8,2015-03-24
3268,2015-04-08 13:29:00,2015-04-08,0.3227,0.0,0.0,305.0,0.3227,0.3227,0.3227,10000103,2015-09-23,2015-09-23,C,2.8,2015-03-24
3269,2015-04-08 13:30:00,2015-04-08,0.3227,0.0,0.0,305.0,0.3227,0.3227,0.3227,10000103,2015-09-23,2015-09-23,C,2.8,2015-03-24
3270,2015-04-08 13:31:00,2015-04-08,0.3227,0.0,0.0,305.0,0.3227,0.3227,0.3227,10000103,2015-09-23,2015-09-23,C,2.8,2015-03-24
3271,2015-04-08 13:32:00,2015-04-08,0.3227,0.0,0.0,305.0,0.3227,0.3227,0.3227,10000103,2015-09-23,2015-09-23,C,2.8,2015-03-24
3272,2015-04-08 13:33:00,2015-04-08,0.3419,3419.0,1.0,306.0,0.3419,0.3419,0.3419,10000103,2015-09-23,2015-09-23,C,2.8,2015-03-24
3273,2015-04-08 13:34:00,2015-04-08,0.3419,0.0,0.0,306.0,0.3419,0.3419,0.3419,10000103,2015-09-23,2015-09-23,C,2.8,2015-03-24
3274,2015-04-08 13:35:00,2015-04-08,0.3419,0.0,0.0,306.0,0.3419,0.3419,0.3419,10000103,2015-09-23,2015-09-23,C,2.8,2015-03-24
3275,2015-04-08 13:36:00,2015-04-08,0.3419,0.0,0.0,306.0,0.3419,0.3419,0.3419,10000103,2015-09-23,2015-09-23,C,2.8,2015-03-24
3276,2015-04-08 13:37:00,2015-04-08,0.3419,0.0,0.0,306.0,0.3419,0.3419,0.3419,10000103,2015-09-23,2015-09-23,C,2.8,2015-03-24
3277,2015-04-08 13:38:00,2015-04-08,0.3419,0.0,0.0,306.0,0.3419,0.3419,0.3419,10000103,2015-09-23,2015-09-23,C,2.8,2015-03-24
3278,2015-04-08 13:39:00,2015-04-08,0.3419,0.0,0.0,306.0,0.3419,0.3419,0.3419,10000103,2015-09-23,2015-09-23,C,2.8,2015-03-24
3279,2015-04-08 13:40:00,2015-04-08,0.3419,0.0,0.0,306.0,0.3419,0.3419,0.3419,10000103,2015-09-23,2015-09-23,C,2.8,2015-03-24
3280,2015-04-08 13:41:00,2015-04-08,0.3419,0.0,0.0,306.0,0.3419,0.3419,0.3419,10000103,2015-09-23,2015-09-23,C,2.8,2015-03-24
3281,2015-04-08 13:42:00,2015-04-08,0.3419,0.0,0.0,306.0,0.3419,0.3419,0.3419,10000103,2015-09-23,2015-09-23,C,2.8,2015-03-24
3282,2015-04-08 13:43:00,2015-04-08,0.3419,0.0,0.0,306.0,0.3419,0.3419,0.3419,10000103,2015-09-23,2015-09-23,C,2.8,2015-03-24
3283,2015-04-08 13:44:00,2015-04-08,0.3419,0.0,0.0,306.0,0.3419,0.3419,0.3419,10000103,2015-09-23,2015-09-23,C,2.8,2015-03-24
3284,2015-04-08 13:45:00,2015-04-08,0.3419,0.0,0.0,306.0,0.3419,0.3419,0.3419,10000103,2015-09-23,2015-09-23,C,2.8,2015-03-24
3285,2015-04-08 13:46:00,2015-04-08,0.3419,0.0,0.0,306.0,0.3419,0.3419,0.3419,10000103,2015-09-23,2015-09-23,C,2.8,2015-03-24
3286,2015-04-08 13:47:00,2015-04-08,0.3419,0.0,0.0,306.0,0.3419,0.3419,0.3419,10000103,2015-09-23,2015-09-23,C,2.8,2015-03-24
3287,2015-04-08 13:48:00,2015-04-08,0.3419,0.0,0.0,306.0,0.3419,0.3419,0.3419,10000103,2015-09-23,2015-09-23,C,2.8,2015-03-24
3288,2015-04-08 13:49:00,2015-04-08,0.3419,0.0,0.0,306.0,0.3419,0.3419,0.3419,10000103,2015-09-23,2015-09-23,C,2.8,2015-03-24
3289,2015-04-08 13:50:00,2015-04-08,0.3419,0.0,0.0,306.0,0.3419,0.3419,0.3419,10000103,2015-09-23,2015-09-23,C,2.8,2015-03-24
3290,2015-04-08 13:51:00,2015-04-08,0.3419,0.0,0.0,306.0,0.3419,0.3419,0.3419,10000103,2015-09-23,2015-09-23,C,2.8,2015-03-24
3291,2015-04-08 13:52:00,2015-04-08,0.3419,0.0,0.0,306.0,0.3419,0.3419,0.3419,10000103,2015-09-23,2015-09-23,C,2.8,2015-03-24
3292,2015-04-08 13:53:00,2015-04-08,0.3419,0.0,0.0,306.0,0.3419,0.3419,0.3419,10000103,2015-09-23,2015-09-23,C,2.8,2015-03-24
3293,2015-04-08 13:54:00,2015-04-08,0.3419,0.0,0.0,306.0,0.3419,0.3419,0.3419,10000103,2015-09-23,2015-09-23,C,2.8,2015-03-24
3294,2015-04-08 13:55:00,2015-04-08,0.3419,0.0,0.0,306.0,0.3419,0.3419,0.3419,10000103,2015-09-23,2015-09-23,C,2.8,2015-03-24
3295,2015-04-08 13:56:00,2015-04-08,0.3419,0.0,0.0,306.0,0.3419,0.3419,0.3419,10000103,2015-09-23,2015-09-23,C,2.8,2015-03-24
3296,2015-04-08 13:57:00,2015-04-08,0.3419,0.0,0.0,306.0,0.3419,0.3419,0.3419,10000103,2015-09-23,2015-09-23,C,2.8,2015-03-24
3297,2015-04-08 13:58:00,2015-04-08,0.3419,0.0,0.0,306.0,0.3419,0.3419,0.3419,10000103,2015-09-23,2015-09-23,C,2.8,2015-03-24
3298,2015-04-08 13:59:00,2015-04-08,0.3419,0.0,0.0,306.0,0.3419,0.3419,0.3419,10000103,2015-09-23,2015-09-23,C,2.8,2015-03-24
3299,2015-04-08 14:00:00,2015-04-08,0.3419,0.0,0.0,306.0,0.3419,0.3419,0.3419,10000103,2015-09-23,2015-09-23,C,2.8,2015-03-24
3300,2015-04-08 14:01:00,2015-04-08,0.3419,0.0,0.0,306.0,0.3419,0.3419,0.3419,10000103,2015-09-23,2015-09-23,C,2.8,2015-03-24
3301,2015-04-08 14:02:00,2015-04-08,0.3419,0.0,0.0,306.0,0.3419,0.3419,0.3419,10000103,2015-09-23,2015-09-23,C,2.8,2015-03-24
3302,2015-04-08 14:03:00,2015-04-08,0.3419,0.0,0.0,306.0,0.3419,0.3419,0.3419,10000103,2015-09-23,2015-09-23,C,2.8,2015-03-24
3303,2015-04-08 14:04:00,2015-04-08,0.3419,0.0,0.0,306.0,0.3419,0.3419,0.3419,10000103,2015-09-23,2015-09-23,C,2.8,2015-03-24
3304,2015-04-08 14:05:00,2015-04-08,0.3419,0.0,0.0,306.0,0.3419,0.3419,0.3419,10000103,2015-09-23,2015-09-23,C,2.8,2015-03-24
3305,2015-04-08 14:06:00,2015-04-08,0.3419,0.0,0.0,306.0,0.3419,0.3419,0.3419,10000103,2015-09-23,2015-09-23,C,2.8,2015-03-24
3306,2015-04-08 14:07:00,2015-04-08,0.3419,0.0,0.0,306.0,0.3419,0.3419,0.3419,10000103,2015-09-23,2015-09-23,C,2.8,2015-03-24
3307,2015-04-08 14:08:00,2015-04-08,0.3419,0.0,0.0,306.0,0.3419,0.3419,0.3419,10000103,2015-09-23,2015-09-23,C,2.8,2015-03-24
3308,2015-04-08 14:09:00,2015-04-08,0.3419,0.0,0.0,306.0,0.3419,0.3419,0.3419,10000103,2015-09-23,2015-09-23,C,2.8,2015-03-24
3309,2015-04-08 14:10:00,2015-04-08,0.3419,0.0,0.0,306.0,0.3419,0.3419,0.3419,10000103,2015-09-23,2015-09-23,C,2.8,2015-03-24
3310,2015-04-08 14:11:00,2015-04-08,0.3419,0.0,0.0,306.0,0.3419,0.3419,0.3419,10000103,2015-09-23,2015-09-23,C,2.8,2015-03-24
3311,2015-04-08 14:12:00,2015-04-08,0.3419,0.0,0.0,306.0,0.3419,0.3419,0.3419,10000103,2015-09-23,2015-09-23,C,2.8,2015-03-24
3312,2015-04-08 14:13:00,2015-04-08,0.3419,0.0,0.0,306.0,0.3419,0.3419,0.3419,10000103,2015-09-23,2015-09-23,C,2.8,2015-03-24
3313,2015-04-08 14:14:00,2015-04-08,0.3419,0.0,0.0,306.0,0.3419,0.3419,0.3419,10000103,2015-09-23,2015-09-23,C,2.8,2015-03-24
3314,2015-04-08 14:15:00,2015-04-08,0.3419,0.0,0.0,306.0,0.3419,0.3419,0.3419,10000103,2015-09-23,2015-09-23,C,2.8,2015-03-24
3315,2015-04-08 14:16:00,2015-04-08,0.3419,0.0,0.0,306.0,0.3419,0.3419,0.3419,10000103,2015-09-23,2015-09-23,C,2.8,2015-03-24
3316,2015-04-08 14:17:00,2015-04-08,0.3419,0.0,0.0,306.0,0.3419,0.3419,0.3419,10000103,2015-09-23,2015-09-23,C,2.8,2015-03-24
3317,2015-04-08 14:18:00,2015-04-08,0.3419,0.0,0.0,306.0,0.3419,0.3419,0.3419,10000103,2015-09-23,2015-09-23,C,2.8,2015-03-24
3318,2015-04-08 14:19:00,2015-04-08,0.3419,0.0,0.0,306.0,0.3419,0.3419,0.3419,10000103,2015-09-23,2015-09-23,C,2.8,2015-03-24
3319,2015-04-08 14:20:00,2015-04-08,0.3419,0.0,0.0,306.0,0.3419,0.3419,0.3419,10000103,2015-09-23,2015-09-23,C,2.8,2015-03-24
3320,2015-04-08 14:21:00,2015-04-08,0.3419,0.0,0.0,306.0,0.3419,0.3419,0.3419,10000103,2015-09-23,2015-09-23,C,2.8,2015-03-24
3321,2015-04-08 14:22:00,2015-04-08,0.3419,0.0,0.0,306.0,0.3419,0.3419,0.3419,10000103,2015-09-23,2015-09-23,C,2.8,2015-03-24
3322,2015-04-08 14:23:00,2015-04-08,0.3419,0.0,0.0,306.0,0.3419,0.3419,0.3419,10000103,2015-09-23,2015-09-23,C,2.8,2015-03-24
3323,2015-04-08 14:24:00,2015-04-08,0.3419,0.0,0.0,306.0,0.3419,0.3419,0.3419,10000103,2015-09-23,2015-09-23,C,2.8,2015-03-24
3324,2015-04-08 14:25:00,2015-04-08,0.3419,0.0,0.0,306.0,0.3419,0.3419,0.3419,10000103,2015-09-23,2015-09-23,C,2.8,2015-03-24
3325,2015-04-08 14:26:00,2015-04-08,0.3419,0.0,0.0,306.0,0.3419,0.3419,0.3419,10000103,2015-09-23,2015-09-23,C,2.8,2015-03-24
3326,2015-04-08 14:27:00,2015-04-08,0.3419,0.0,0.0,306.0,0.3419,0.3419,0.3419,10000103,2015-09-23,2015-09-23,C,2.8,2015-03-24
3327,2015-04-08 14:28:00,2015-04-08,0.3419,0.0,0.0,306.0,0.3419,0.3419,0.3419,10000103,2015-09-23,2015-09-23,C,2.8,2015-03-24
3328,2015-04-08 14:29:00,2015-04-08,0.3419,0.0,0.0,306.0,0.3419,0.3419,0.3419,10000103,2015-09-23,2015-09-23,C,2.8,2015-03-24
3329,2015-04-08 14:30:00,2015-04-08,0.3419,0.0,0.0,306.0,0.3419,0.3419,0.3419,10000103,2015-09-23,2015-09-23,C,2.8,2015-03-24
3330,2015-04-08 14:31:00,2015-04-08,0.3419,0.0,0.0,306.0,0.3419,0.3419,0.3419,10000103,2015-09-23,2015-09-23,C,2.8,2015-03-24
3331,2015-04-08 14:32:00,2015-04-08,0.3419,0.0,0.0,306.0,0.3419,0.3419,0.3419,10000103,2015-09-23,2015-09-23,C,2.8,2015-03-24
3332,2015-04-08 14:33:00,2015-04-08,0.3419,0.0,0.0,306.0,0.3419,0.3419,0.3419,10000103,2015-09-23,2015-09-23,C,2.8,2015-03-24
3333,2015-04-08 14:34:00,2015-04-08,0.3419,0.0,0.0,306.0,0.3419,0.3419,0.3419,10000103,2015-09-23,2015-09-23,C,2.8,2015-03-24
3334,2015-04-08 14:35:00,2015-04-08,0.3419,0.0,0.0,306.0,0.3419,0.3419,0.3419,10000103,2015-09-23,2015-09-23,C,2.8,2015-03-24
3335,2015-04-08 14:36:00,2015-04-08,0.3419,0.0,0.0,306.0,0.3419,0.3419,0.3419,10000103,2015-09-23,2015-09-23,C,2.8,2015-03-24
3336,2015-04-08 14:37:00,2015-04-08,0.3419,0.0,0.0,306.0,0.3419,0.3419,0.3419,10000103,2015-09-23,2015-09-23,C,2.8,2015-03-24
3337,2015-04-08 14:38:00,2015-04-08,0.3419,0.0,0.0,306.0,0.3419,0.3419,0.3419,10000103,2015-09-23,2015-09-23,C,2.8,2015-03-24
3338,2015-04-08 14:39:00,2015-04-08,0.3419,0.0,0.0,306.0,0.3419,0.3419,0.3419,10000103,2015-09-23,2015-09-23,C,2.8,2015-03-24
3339,2015-04-08 14:40:00,2015-04-08,0.3419,0.0,0.0,306.0,0.3419,0.3419,0.3419,10000103,2015-09-23,2015-09-23,C,2.8,2015-03-24
3340,2015-04-08 14:41:00,2015-04-08,0.3419,0.0,0.0,306.0,0.3419,0.3419,0.3419,10000103,2015-09-23,2015-09-23,C,2.8,2015-03-24
3341,2015-04-08 14:42:00,2015-04-08,0.3419,0.0,0.0,306.0,0.3419,0.3419,0.3419,10000103,2015-09-23,2015-09-23,C,2.8,2015-03-24
3342,2015-04-08 14:43:00,2015-04-08,0.3419,0.0,0.0,306.0,0.3419,0.3419,0.3419,10000103,2015-09-23,2015-09-23,C,2.8,2015-03-24
3343,2015-04-08 14:44:00,2015-04-08,0.3419,0.0,0.0,306.0,0.3419,0.3419,0.3419,10000103,2015-09-23,2015-09-23,C,2.8,2015-03-24
3344,2015-04-08 14:45:00,2015-04-08,0.3419,0.0,0.0,306.0,0.3419,0.3419,0.3419,10000103,2015-09-23,2015-09-23,C,2.8,2015-03-24
3345,2015-04-08 14:46:00,2015-04-08,0.3419,0.0,0.0,306.0,0.3419,0.3419,0.3419,10000103,2015-09-23,2015-09-23,C,2.8,2015-03-24
3346,2015-04-08 14:47:00,2015-04-08,0.3419,0.0,0.0,306.0,0.3419,0.3419,0.3419,10000103,2015-09-23,2015-09-23,C,2.8,2015-03-24
3347,2015-04-08 14:48:00,2015-04-08,0.3419,0.0,0.0,306.0,0.3419,0.3419,0.3419,10000103,2015-09-23,2015-09-23,C,2.8,2015-03-24
3348,2015-04-08 14:49:00,2015-04-08,0.3419,0.0,0.0,306.0,0.3419,0.3419,0.3419,10000103,2015-09-23,2015-09-23,C,2.8,2015-03-24
3349,2015-04-08 14:50:00,2015-04-08,0.3419,0.0,0.0,306.0,0.3419,0.3419,0.3419,10000103,2015-09-23,2015-09-23,C,2.8,2015-03-24
3350,2015-04-08 14:51:00,2015-04-08,0.3419,0.0,0.0,306.0,0.3419,0.3419,0.3419,10000103,2015-09-23,2015-09-23,C,2.8,2015-03-24
3351,2015-04-08 14:52:00,2015-04-08,0.3419,0.0,0.0,306.0,0.3419,0.3419,0.3419,10000103,2015-09-23,2015-09-23,C,2.8,2015-03-24
3352,2015-04-08 14:53:00,2015-04-08,0.3419,0.0,0.0,306.0,0.3419,0.3419,0.3419,10000103,2015-09-23,2015-09-23,C,2.8,2015-03-24
3353,2015-04-08 14:54:00,2015-04-08,0.3419,0.0,0.0,306.0,0.3419,0.3419,0.3419,10000103,2015-09-23,2015-09-23,C,2.8,2015-03-24
3354,2015-04-08 14:55:00,2015-04-08,0.3419,0.0,0.0,306.0,0.3419,0.3419,0.3419,10000103,2015-09-23,2015-09-23,C,2.8,2015-03-24
3355,2015-04-08 14:56:00,2015-04-08,0.3419,0.0,0.0,306.0,0.3419,0.3419,0.3419,10000103,2015-09-23,2015-09-23,C,2.8,2015-03-24
3356,2015-04-08 14:57:00,2015-04-08,0.3419,0.0,0.0,306.0,0.3419,0.3419,0.3419,10000103,2015-09-23,2015-09-23,C,2.8,2015-03-24
3357,2015-04-08 14:58:00,2015-04-08,0.3419,0.0,0.0,306.0,0.3419,0.3419,0.3419,10000103,2015-09-23,2015-09-23,C,2.8,2015-03-24
3358,2015-04-08 14:59:00,2015-04-08,0.3419,0.0,0.0,306.0,0.3419,0.3419,0.3419,10000103,2015-09-23,2015-09-23,C,2.8,2015-03-24
3359,2015-04-08 15:00:00,2015-04-08,0.3419,0.0,0.0,306.0,0.3419,0.3419,0.3419,10000103,2015-09-23,2015-09-23,C,2.8,2015-03-24
3360,2015-04-08 09:31:00,2015-04-08,0.0085,665.0,8.0,1833.0,0.008,0.0085,0.008,10000060,2015-04-22,2015-04-22,P,2.55,2015-02-27
3361,2015-04-08 09:32:00,2015-04-08,0.008,2085.0,27.0,1850.0,0.008,0.006,0.006,10000060,2015-04-22,2015-04-22,P,2.55,2015-02-27
3362,2015-04-08 09:33:00,2015-04-08,0.0075,75.0,1.0,1851.0,0.0075,0.0075,0.0075,10000060,2015-04-22,2015-04-22,P,2.55,2015-02-27
3363,2015-04-08 09:34:00,2015-04-08,0.0075,375.0,5.0,1856.0,0.0075,0.0075,0.0075,10000060,2015-04-22,2015-04-22,P,2.55,2015-02-27
3364,2015-04-08 09:35:00,2015-04-08,0.0075,0.0,0.0,1856.0,0.0075,0.0075,0.0075,10000060,2015-04-22,2015-04-22,P,2.55,2015-02-27
3365,2015-04-08 09:36:00,2015-04-08,0.0075,0.0,0.0,1856.0,0.0075,0.0075,0.0075,10000060,2015-04-22,2015-04-22,P,2.55,2015-02-27
3366,2015-04-08 09:37:00,2015-04-08,0.0075,0.0,0.0,1856.0,0.0075,0.0075,0.0075,10000060,2015-04-22,2015-04-22,P,2.55,2015-02-27
3367,2015-04-08 09:38:00,2015-04-08,0.0075,0.0,0.0,1856.0,0.0075,0.0075,0.0075,10000060,2015-04-22,2015-04-22,P,2.55,2015-02-27
3368,2015-04-08 09:39:00,2015-04-08,0.0085,170.0,2.0,1858.0,0.0085,0.0085,0.0085,10000060,2015-04-22,2015-04-22,P,2.55,2015-02-27
3369,2015-04-08 09:40:00,2015-04-08,0.0085,0.0,0.0,1858.0,0.0085,0.0085,0.0085,10000060,2015-04-22,2015-04-22,P,2.55,2015-02-27
3370,2015-04-08 09:41:00,2015-04-08,0.0085,0.0,0.0,1858.0,0.0085,0.0085,0.0085,10000060,2015-04-22,2015-04-22,P,2.55,2015-02-27
3371,2015-04-08 09:42:00,2015-04-08,0.0085,0.0,0.0,1858.0,0.0085,0.0085,0.0085,10000060,2015-04-22,2015-04-22,P,2.55,2015-02-27
3372,2015-04-08 09:43:00,2015-04-08,0.0084,1160.0,14.0,1871.0,0.008,0.0083,0.008,10000060,2015-04-22,2015-04-22,P,2.55,2015-02-27
3373,2015-04-08 09:44:00,2015-04-08,0.0084,168.0,2.0,1873.0,0.0084,0.0084,0.0084,10000060,2015-04-22,2015-04-22,P,2.55,2015-02-27
3374,2015-04-08 09:45:00,2015-04-08,0.0084,0.0,0.0,1873.0,0.0084,0.0084,0.0084,10000060,2015-04-22,2015-04-22,P,2.55,2015-02-27
3375,2015-04-08 09:46:00,2015-04-08,0.0084,0.0,0.0,1873.0,0.0084,0.0084,0.0084,10000060,2015-04-22,2015-04-22,P,2.55,2015-02-27
3376,2015-04-08 09:47:00,2015-04-08,0.0073,146.0,2.0,1873.0,0.0073,0.0073,0.0073,10000060,2015-04-22,2015-04-22,P,2.55,2015-02-27
3377,2015-04-08 09:48:00,2015-04-08,0.0073,0.0,0.0,1873.0,0.0073,0.0073,0.0073,10000060,2015-04-22,2015-04-22,P,2.55,2015-02-27
3378,2015-04-08 09:49:00,2015-04-08,0.0073,0.0,0.0,1873.0,0.0073,0.0073,0.0073,10000060,2015-04-22,2015-04-22,P,2.55,2015-02-27
3379,2015-04-08 09:50:00,2015-04-08,0.0073,0.0,0.0,1873.0,0.0073,0.0073,0.0073,10000060,2015-04-22,2015-04-22,P,2.55,2015-02-27
3380,2015-04-08 09:51:00,2015-04-08,0.0074,148.0,2.0,1874.0,0.0074,0.0074,0.0074,10000060,2015-04-22,2015-04-22,P,2.55,2015-02-27
3381,2015-04-08 09:52:00,2015-04-08,0.0077,385.0,5.0,1879.0,0.0077,0.0077,0.0077,10000060,2015-04-22,2015-04-22,P,2.55,2015-02-27
3382,2015-04-08 09:53:00,2015-04-08,0.0077,0.0,0.0,1879.0,0.0077,0.0077,0.0077,10000060,2015-04-22,2015-04-22,P,2.55,2015-02-27
3383,2015-04-08 09:54:00,2015-04-08,0.0073,292.0,4.0,1879.0,0.0073,0.0073,0.0073,10000060,2015-04-22,2015-04-22,P,2.55,2015-02-27
3384,2015-04-08 09:55:00,2015-04-08,0.0073,338.0,5.0,1881.0,0.0073,0.0064,0.0064,10000060,2015-04-22,2015-04-22,P,2.55,2015-02-27
3385,2015-04-08 09:56:00,2015-04-08,0.0064,128.0,2.0,1883.0,0.0064,0.0064,0.0064,10000060,2015-04-22,2015-04-22,P,2.55,2015-02-27
3386,2015-04-08 09:57:00,2015-04-08,0.0064,0.0,0.0,1883.0,0.0064,0.0064,0.0064,10000060,2015-04-22,2015-04-22,P,2.55,2015-02-27
3387,2015-04-08 09:58:00,2015-04-08,0.0064,645.0,10.0,1888.0,0.0064,0.0064,0.0064,10000060,2015-04-22,2015-04-22,P,2.55,2015-02-27
3388,2015-04-08 09:59:00,2015-04-08,0.0062,310.0,5.0,1893.0,0.0062,0.0062,0.0062,10000060,2015-04-22,2015-04-22,P,2.55,2015-02-27
3389,2015-04-08 10:00:00,2015-04-08,0.0062,62.0,1.0,1894.0,0.0062,0.0062,0.0062,10000060,2015-04-22,2015-04-22,P,2.55,2015-02-27
3390,2015-04-08 10:01:00,2015-04-08,0.0064,640.0,10.0,1904.0,0.0064,0.0064,0.0064,10000060,2015-04-22,2015-04-22,P,2.55,2015-02-27
3391,2015-04-08 10:02:00,2015-04-08,0.0064,0.0,0.0,1904.0,0.0064,0.0064,0.0064,10000060,2015-04-22,2015-04-22,P,2.55,2015-02-27
3392,2015-04-08 10:03:00,2015-04-08,0.0068,136.0,2.0,1906.0,0.0068,0.0068,0.0068,10000060,2015-04-22,2015-04-22,P,2.55,2015-02-27
3393,2015-04-08 10:04:00,2015-04-08,0.0068,372.0,6.0,1908.0,0.006,0.0058,0.0058,10000060,2015-04-22,2015-04-22,P,2.55,2015-02-27
3394,2015-04-08 10:05:00,2015-04-08,0.0068,136.0,2.0,1910.0,0.0068,0.0068,0.0068,10000060,2015-04-22,2015-04-22,P,2.55,2015-02-27
3395,2015-04-08 10:06:00,2015-04-08,0.006999999999999999,700.0,10.0,1920.0,0.006999999999999999,0.006999999999999999,0.006999999999999999,10000060,2015-04-22,2015-04-22,P,2.55,2015-02-27
3396,2015-04-08 10:07:00,2015-04-08,0.006999999999999999,0.0,0.0,1920.0,0.006999999999999999,0.006999999999999999,0.006999999999999999,10000060,2015-04-22,2015-04-22,P,2.55,2015-02-27
3397,2015-04-08 10:08:00,2015-04-08,0.0058,116.0,2.0,1920.0,0.0058,0.0058,0.0058,10000060,2015-04-22,2015-04-22,P,2.55,2015-02-27
3398,2015-04-08 10:09:00,2015-04-08,0.0058,0.0,0.0,1920.0,0.0058,0.0058,0.0058,10000060,2015-04-22,2015-04-22,P,2.55,2015-02-27
3399,2015-04-08 10:10:00,2015-04-08,0.0058,0.0,0.0,1920.0,0.0058,0.0058,0.0058,10000060,2015-04-22,2015-04-22,P,2.55,2015-02-27
3400,2015-04-08 10:11:00,2015-04-08,0.0058,0.0,0.0,1920.0,0.0058,0.0058,0.0058,10000060,2015-04-22,2015-04-22,P,2.55,2015-02-27
3401,2015-04-08 10:12:00,2015-04-08,0.0058,0.0,0.0,1920.0,0.0058,0.0058,0.0058,10000060,2015-04-22,2015-04-22,P,2.55,2015-02-27
3402,2015-04-08 10:13:00,2015-04-08,0.0058,0.0,0.0,1920.0,0.0058,0.0058,0.0058,10000060,2015-04-22,2015-04-22,P,2.55,2015-02-27
3403,2015-04-08 10:14:00,2015-04-08,0.0058,0.0,0.0,1920.0,0.0058,0.0058,0.0058,10000060,2015-04-22,2015-04-22,P,2.55,2015-02-27
3404,2015-04-08 10:15:00,2015-04-08,0.0058,0.0,0.0,1920.0,0.0058,0.0058,0.0058,10000060,2015-04-22,2015-04-22,P,2.55,2015-02-27
3405,2015-04-08 10:16:00,2015-04-08,0.0058,0.0,0.0,1920.0,0.0058,0.0058,0.0058,10000060,2015-04-22,2015-04-22,P,2.55,2015-02-27
3406,2015-04-08 10:17:00,2015-04-08,0.0058,0.0,0.0,1920.0,0.0058,0.0058,0.0058,10000060,2015-04-22,2015-04-22,P,2.55,2015-02-27
3407,2015-04-08 10:18:00,2015-04-08,0.0058,0.0,0.0,1920.0,0.0058,0.0058,0.0058,10000060,2015-04-22,2015-04-22,P,2.55,2015-02-27
3408,2015-04-08 10:19:00,2015-04-08,0.0058,0.0,0.0,1920.0,0.0058,0.0058,0.0058,10000060,2015-04-22,2015-04-22,P,2.55,2015-02-27
3409,2015-04-08 10:20:00,2015-04-08,0.0058,0.0,0.0,1920.0,0.0058,0.0058,0.0058,10000060,2015-04-22,2015-04-22,P,2.55,2015-02-27
3410,2015-04-08 10:21:00,2015-04-08,0.0081,405.0,5.0,1925.0,0.0081,0.0081,0.0081,10000060,2015-04-22,2015-04-22,P,2.55,2015-02-27
3411,2015-04-08 10:22:00,2015-04-08,0.0078,390.0,5.0,1930.0,0.0078,0.0078,0.0078,10000060,2015-04-22,2015-04-22,P,2.55,2015-02-27
3412,2015-04-08 10:23:00,2015-04-08,0.0078,0.0,0.0,1930.0,0.0078,0.0078,0.0078,10000060,2015-04-22,2015-04-22,P,2.55,2015-02-27
3413,2015-04-08 10:24:00,2015-04-08,0.0078,0.0,0.0,1930.0,0.0078,0.0078,0.0078,10000060,2015-04-22,2015-04-22,P,2.55,2015-02-27
3414,2015-04-08 10:25:00,2015-04-08,0.0078,0.0,0.0,1930.0,0.0078,0.0078,0.0078,10000060,2015-04-22,2015-04-22,P,2.55,2015-02-27
3415,2015-04-08 10:26:00,2015-04-08,0.0084,168.0,2.0,1932.0,0.0084,0.0084,0.0084,10000060,2015-04-22,2015-04-22,P,2.55,2015-02-27
3416,2015-04-08 10:27:00,2015-04-08,0.0084,0.0,0.0,1932.0,0.0084,0.0084,0.0084,10000060,2015-04-22,2015-04-22,P,2.55,2015-02-27
3417,2015-04-08 10:28:00,2015-04-08,0.0084,0.0,0.0,1932.0,0.0084,0.0084,0.0084,10000060,2015-04-22,2015-04-22,P,2.55,2015-02-27
3418,2015-04-08 10:29:00,2015-04-08,0.0084,0.0,0.0,1932.0,0.0084,0.0084,0.0084,10000060,2015-04-22,2015-04-22,P,2.55,2015-02-27
3419,2015-04-08 10:30:00,2015-04-08,0.0084,0.0,0.0,1932.0,0.0084,0.0084,0.0084,10000060,2015-04-22,2015-04-22,P,2.55,2015-02-27
3420,2015-04-08 10:31:00,2015-04-08,0.0084,0.0,0.0,1932.0,0.0084,0.0084,0.0084,10000060,2015-04-22,2015-04-22,P,2.55,2015-02-27
3421,2015-04-08 10:32:00,2015-04-08,0.0084,0.0,0.0,1932.0,0.0084,0.0084,0.0084,10000060,2015-04-22,2015-04-22,P,2.55,2015-02-27
3422,2015-04-08 10:33:00,2015-04-08,0.0084,0.0,0.0,1932.0,0.0084,0.0084,0.0084,10000060,2015-04-22,2015-04-22,P,2.55,2015-02-27
3423,2015-04-08 10:34:00,2015-04-08,0.0084,0.0,0.0,1932.0,0.0084,0.0084,0.0084,10000060,2015-04-22,2015-04-22,P,2.55,2015-02-27
3424,2015-04-08 10:35:00,2015-04-08,0.0066,253.0,4.0,1933.0,0.0066,0.0061,0.0061,10000060,2015-04-22,2015-04-22,P,2.55,2015-02-27
3425,2015-04-08 10:36:00,2015-04-08,0.0061,244.0,4.0,1937.0,0.0061,0.0061,0.0061,10000060,2015-04-22,2015-04-22,P,2.55,2015-02-27
3426,2015-04-08 10:37:00,2015-04-08,0.0072,1755.0,25.0,1957.0,0.0071,0.0065,0.0065,10000060,2015-04-22,2015-04-22,P,2.55,2015-02-27
3427,2015-04-08 10:38:00,2015-04-08,0.0065,0.0,0.0,1957.0,0.0065,0.0065,0.0065,10000060,2015-04-22,2015-04-22,P,2.55,2015-02-27
3428,2015-04-08 10:39:00,2015-04-08,0.0065,0.0,0.0,1957.0,0.0065,0.0065,0.0065,10000060,2015-04-22,2015-04-22,P,2.55,2015-02-27
3429,2015-04-08 10:40:00,2015-04-08,0.0065,0.0,0.0,1957.0,0.0065,0.0065,0.0065,10000060,2015-04-22,2015-04-22,P,2.55,2015-02-27
3430,2015-04-08 10:41:00,2015-04-08,0.0067,1826.0,28.0,1983.0,0.0066,0.0067,0.0064,10000060,2015-04-22,2015-04-22,P,2.55,2015-02-27
3431,2015-04-08 10:42:00,2015-04-08,0.0066,437.0,7.0,1990.0,0.0066,0.0061,0.0061,10000060,2015-04-22,2015-04-22,P,2.55,2015-02-27
3432,2015-04-08 10:43:00,2015-04-08,0.0058,407.0,7.0,1989.0,0.0058,0.0058,0.0058,10000060,2015-04-22,2015-04-22,P,2.55,2015-02-27
3433,2015-04-08 10:44:00,2015-04-08,0.0058,1164.0,22.0,1968.0,0.0058,0.0052,0.0052,10000060,2015-04-22,2015-04-22,P,2.55,2015-02-27
3434,2015-04-08 10:45:00,2015-04-08,0.0052,0.0,0.0,1968.0,0.0052,0.0052,0.0052,10000060,2015-04-22,2015-04-22,P,2.55,2015-02-27
3435,2015-04-08 10:46:00,2015-04-08,0.0052,0.0,0.0,1968.0,0.0052,0.0052,0.0052,10000060,2015-04-22,2015-04-22,P,2.55,2015-02-27
3436,2015-04-08 10:47:00,2015-04-08,0.0052,0.0,0.0,1968.0,0.0052,0.0052,0.0052,10000060,2015-04-22,2015-04-22,P,2.55,2015-02-27
3437,2015-04-08 10:48:00,2015-04-08,0.0052,0.0,0.0,1968.0,0.0052,0.0052,0.0052,10000060,2015-04-22,2015-04-22,P,2.55,2015-02-27
3438,2015-04-08 10:49:00,2015-04-08,0.0052,0.0,0.0,1968.0,0.0052,0.0052,0.0052,10000060,2015-04-22,2015-04-22,P,2.55,2015-02-27
3439,2015-04-08 10:50:00,2015-04-08,0.0067,131.0,2.0,1968.0,0.0067,0.0064,0.0064,10000060,2015-04-22,2015-04-22,P,2.55,2015-02-27
3440,2015-04-08 10:51:00,2015-04-08,0.0064,0.0,0.0,1968.0,0.0064,0.0064,0.0064,10000060,2015-04-22,2015-04-22,P,2.55,2015-02-27
3441,2015-04-08 10:52:00,2015-04-08,0.0064,0.0,0.0,1968.0,0.0064,0.0064,0.0064,10000060,2015-04-22,2015-04-22,P,2.55,2015-02-27
3442,2015-04-08 10:53:00,2015-04-08,0.0072,216.0,3.0,1968.0,0.0072,0.0072,0.0072,10000060,2015-04-22,2015-04-22,P,2.55,2015-02-27
3443,2015-04-08 10:54:00,2015-04-08,0.0072,360.0,5.0,1968.0,0.0072,0.0072,0.0072,10000060,2015-04-22,2015-04-22,P,2.55,2015-02-27
3444,2015-04-08 10:55:00,2015-04-08,0.0072,0.0,0.0,1968.0,0.0072,0.0072,0.0072,10000060,2015-04-22,2015-04-22,P,2.55,2015-02-27
3445,2015-04-08 10:56:00,2015-04-08,0.0085,850.0,10.0,1978.0,0.0085,0.0085,0.0085,10000060,2015-04-22,2015-04-22,P,2.55,2015-02-27
3446,2015-04-08 10:57:00,2015-04-08,0.0085,0.0,0.0,1978.0,0.0085,0.0085,0.0085,10000060,2015-04-22,2015-04-22,P,2.55,2015-02-27
3447,2015-04-08 10:58:00,2015-04-08,0.0072,72.0,1.0,1978.0,0.0072,0.0072,0.0072,10000060,2015-04-22,2015-04-22,P,2.55,2015-02-27
3448,2015-04-08 10:59:00,2015-04-08,0.0072,0.0,0.0,1978.0,0.0072,0.0072,0.0072,10000060,2015-04-22,2015-04-22,P,2.55,2015-02-27
3449,2015-04-08 11:00:00,2015-04-08,0.0083,581.0,7.0,1985.0,0.0083,0.0083,0.0083,10000060,2015-04-22,2015-04-22,P,2.55,2015-02-27
3450,2015-04-08 11:01:00,2015-04-08,0.0083,319.0,4.0,1988.0,0.0083,0.006999999999999999,0.006999999999999999,10000060,2015-04-22,2015-04-22,P,2.55,2015-02-27
3451,2015-04-08 11:02:00,2015-04-08,0.006999999999999999,0.0,0.0,1988.0,0.006999999999999999,0.006999999999999999,0.006999999999999999,10000060,2015-04-22,2015-04-22,P,2.55,2015-02-27
3452,2015-04-08 11:03:00,2015-04-08,0.0069,966.0,14.0,1988.0,0.0069,0.0069,0.0069,10000060,2015-04-22,2015-04-22,P,2.55,2015-02-27
3453,2015-04-08 11:04:00,2015-04-08,0.0069,0.0,0.0,1988.0,0.0069,0.0069,0.0069,10000060,2015-04-22,2015-04-22,P,2.55,2015-02-27
3454,2015-04-08 11:05:00,2015-04-08,0.0069,0.0,0.0,1988.0,0.0069,0.0069,0.0069,10000060,2015-04-22,2015-04-22,P,2.55,2015-02-27
3455,2015-04-08 11:06:00,2015-04-08,0.0069,0.0,0.0,1988.0,0.0069,0.0069,0.0069,10000060,2015-04-22,2015-04-22,P,2.55,2015-02-27
3456,2015-04-08 11:07:00,2015-04-08,0.0069,0.0,0.0,1988.0,0.0069,0.0069,0.0069,10000060,2015-04-22,2015-04-22,P,2.55,2015-02-27
3457,2015-04-08 11:08:00,2015-04-08,0.0069,0.0,0.0,1988.0,0.0069,0.0069,0.0069,10000060,2015-04-22,2015-04-22,P,2.55,2015-02-27
3458,2015-04-08 11:09:00,2015-04-08,0.0069,0.0,0.0,1988.0,0.0069,0.0069,0.0069,10000060,2015-04-22,2015-04-22,P,2.55,2015-02-27
3459,2015-04-08 11:10:00,2015-04-08,0.0069,0.0,0.0,1988.0,0.0069,0.0069,0.0069,10000060,2015-04-22,2015-04-22,P,2.55,2015-02-27
3460,2015-04-08 11:11:00,2015-04-08,0.0069,0.0,0.0,1988.0,0.0069,0.0069,0.0069,10000060,2015-04-22,2015-04-22,P,2.55,2015-02-27
3461,2015-04-08 11:12:00,2015-04-08,0.0077,616.0,8.0,1996.0,0.0077,0.0077,0.0077,10000060,2015-04-22,2015-04-22,P,2.55,2015-02-27
3462,2015-04-08 11:13:00,2015-04-08,0.0077,0.0,0.0,1996.0,0.0077,0.0077,0.0077,10000060,2015-04-22,2015-04-22,P,2.55,2015-02-27
3463,2015-04-08 11:14:00,2015-04-08,0.0077,0.0,0.0,1996.0,0.0077,0.0077,0.0077,10000060,2015-04-22,2015-04-22,P,2.55,2015-02-27
3464,2015-04-08 11:15:00,2015-04-08,0.0077,0.0,0.0,1996.0,0.0077,0.0077,0.0077,10000060,2015-04-22,2015-04-22,P,2.55,2015-02-27
3465,2015-04-08 11:16:00,2015-04-08,0.0077,0.0,0.0,1996.0,0.0077,0.0077,0.0077,10000060,2015-04-22,2015-04-22,P,2.55,2015-02-27
3466,2015-04-08 11:17:00,2015-04-08,0.0077,0.0,0.0,1996.0,0.0077,0.0077,0.0077,10000060,2015-04-22,2015-04-22,P,2.55,2015-02-27
3467,2015-04-08 11:18:00,2015-04-08,0.0077,0.0,0.0,1996.0,0.0077,0.0077,0.0077,10000060,2015-04-22,2015-04-22,P,2.55,2015-02-27
3468,2015-04-08 11:19:00,2015-04-08,0.0077,0.0,0.0,1996.0,0.0077,0.0077,0.0077,10000060,2015-04-22,2015-04-22,P,2.55,2015-02-27
3469,2015-04-08 11:20:00,2015-04-08,0.0077,0.0,0.0,1996.0,0.0077,0.0077,0.0077,10000060,2015-04-22,2015-04-22,P,2.55,2015-02-27
3470,2015-04-08 11:21:00,2015-04-08,0.0077,0.0,0.0,1996.0,0.0077,0.0077,0.0077,10000060,2015-04-22,2015-04-22,P,2.55,2015-02-27
3471,2015-04-08 11:22:00,2015-04-08,0.0077,0.0,0.0,1996.0,0.0077,0.0077,0.0077,10000060,2015-04-22,2015-04-22,P,2.55,2015-02-27
3472,2015-04-08 11:23:00,2015-04-08,0.0077,0.0,0.0,1996.0,0.0077,0.0077,0.0077,10000060,2015-04-22,2015-04-22,P,2.55,2015-02-27
3473,2015-04-08 11:24:00,2015-04-08,0.0077,0.0,0.0,1996.0,0.0077,0.0077,0.0077,10000060,2015-04-22,2015-04-22,P,2.55,2015-02-27
3474,2015-04-08 11:25:00,2015-04-08,0.0077,0.0,0.0,1996.0,0.0077,0.0077,0.0077,10000060,2015-04-22,2015-04-22,P,2.55,2015-02-27
3475,2015-04-08 11:26:00,2015-04-08,0.0077,0.0,0.0,1996.0,0.0077,0.0077,0.0077,10000060,2015-04-22,2015-04-22,P,2.55,2015-02-27
3476,2015-04-08 11:27:00,2015-04-08,0.0065,195.0,3.0,1999.0,0.0065,0.0065,0.0065,10000060,2015-04-22,2015-04-22,P,2.55,2015-02-27
3477,2015-04-08 11:28:00,2015-04-08,0.0065,65.0,1.0,1999.0,0.0065,0.0065,0.0065,10000060,2015-04-22,2015-04-22,P,2.55,2015-02-27
3478,2015-04-08 11:29:00,2015-04-08,0.0065,0.0,0.0,1999.0,0.0065,0.0065,0.0065,10000060,2015-04-22,2015-04-22,P,2.55,2015-02-27
3479,2015-04-08 11:30:00,2015-04-08,0.0065,789.0,13.0,2002.0,0.0065,0.0057,0.0057,10000060,2015-04-22,2015-04-22,P,2.55,2015-02-27
3480,2015-04-08 13:01:00,2015-04-08,0.0057,0.0,0.0,2002.0,0.0057,0.0057,0.0057,10000060,2015-04-22,2015-04-22,P,2.55,2015-02-27
3481,2015-04-08 13:02:00,2015-04-08,0.0057,0.0,0.0,2002.0,0.0057,0.0057,0.0057,10000060,2015-04-22,2015-04-22,P,2.55,2015-02-27
3482,2015-04-08 13:03:00,2015-04-08,0.0066,1310.0,20.0,2022.0,0.0066,0.0065,0.0065,10000060,2015-04-22,2015-04-22,P,2.55,2015-02-27
3483,2015-04-08 13:04:00,2015-04-08,0.0065,0.0,0.0,2022.0,0.0065,0.0065,0.0065,10000060,2015-04-22,2015-04-22,P,2.55,2015-02-27
3484,2015-04-08 13:05:00,2015-04-08,0.0065,0.0,0.0,2022.0,0.0065,0.0065,0.0065,10000060,2015-04-22,2015-04-22,P,2.55,2015-02-27
3485,2015-04-08 13:06:00,2015-04-08,0.0065,0.0,0.0,2022.0,0.0065,0.0065,0.0065,10000060,2015-04-22,2015-04-22,P,2.55,2015-02-27
3486,2015-04-08 13:07:00,2015-04-08,0.0065,0.0,0.0,2022.0,0.0065,0.0065,0.0065,10000060,2015-04-22,2015-04-22,P,2.55,2015-02-27
3487,2015-04-08 13:08:00,2015-04-08,0.0066,660.0,10.0,2032.0,0.0066,0.0066,0.0066,10000060,2015-04-22,2015-04-22,P,2.55,2015-02-27
3488,2015-04-08 13:09:00,2015-04-08,0.0069,138.0,2.0,2032.0,0.0069,0.0069,0.0069,10000060,2015-04-22,2015-04-22,P,2.55,2015-02-27
3489,2015-04-08 13:10:00,2015-04-08,0.0069,69.0,1.0,2032.0,0.0069,0.0069,0.0069,10000060,2015-04-22,2015-04-22,P,2.55,2015-02-27
3490,2015-04-08 13:11:00,2015-04-08,0.0069,0.0,0.0,2032.0,0.0069,0.0069,0.0069,10000060,2015-04-22,2015-04-22,P,2.55,2015-02-27
3491,2015-04-08 13:12:00,2015-04-08,0.0058,116.0,2.0,2032.0,0.0058,0.0058,0.0058,10000060,2015-04-22,2015-04-22,P,2.55,2015-02-27
3492,2015-04-08 13:13:00,2015-04-08,0.0058,0.0,0.0,2032.0,0.0058,0.0058,0.0058,10000060,2015-04-22,2015-04-22,P,2.55,2015-02-27
3493,2015-04-08 13:14:00,2015-04-08,0.0058,290.0,5.0,2032.0,0.0058,0.0058,0.0058,10000060,2015-04-22,2015-04-22,P,2.55,2015-02-27
3494,2015-04-08 13:15:00,2015-04-08,0.0058,0.0,0.0,2032.0,0.0058,0.0058,0.0058,10000060,2015-04-22,2015-04-22,P,2.55,2015-02-27
3495,2015-04-08 13:16:00,2015-04-08,0.0058,174.0,3.0,2032.0,0.0058,0.0058,0.0058,10000060,2015-04-22,2015-04-22,P,2.55,2015-02-27
3496,2015-04-08 13:17:00,2015-04-08,0.0057,285.0,5.0,2033.0,0.0057,0.0057,0.0057,10000060,2015-04-22,2015-04-22,P,2.55,2015-02-27
3497,2015-04-08 13:18:00,2015-04-08,0.0057,0.0,0.0,2033.0,0.0057,0.0057,0.0057,10000060,2015-04-22,2015-04-22,P,2.55,2015-02-27
3498,2015-04-08 13:19:00,2015-04-08,0.0057,0.0,0.0,2033.0,0.0057,0.0057,0.0057,10000060,2015-04-22,2015-04-22,P,2.55,2015-02-27
3499,2015-04-08 13:20:00,2015-04-08,0.0057,0.0,0.0,2033.0,0.0057,0.0057,0.0057,10000060,2015-04-22,2015-04-22,P,2.55,2015-02-27
3500,2015-04-08 13:21:00,2015-04-08,0.0057,0.0,0.0,2033.0,0.0057,0.0057,0.0057,10000060,2015-04-22,2015-04-22,P,2.55,2015-02-27
3501,2015-04-08 13:22:00,2015-04-08,0.0057,228.0,4.0,2033.0,0.0057,0.0057,0.0057,10000060,2015-04-22,2015-04-22,P,2.55,2015-02-27
3502,2015-04-08 13:23:00,2015-04-08,0.0057,57.0,1.0,2034.0,0.0057,0.0057,0.0057,10000060,2015-04-22,2015-04-22,P,2.55,2015-02-27
3503,2015-04-08 13:24:00,2015-04-08,0.0057,0.0,0.0,2034.0,0.0057,0.0057,0.0057,10000060,2015-04-22,2015-04-22,P,2.55,2015-02-27
3504,2015-04-08 13:25:00,2015-04-08,0.0057,0.0,0.0,2034.0,0.0057,0.0057,0.0057,10000060,2015-04-22,2015-04-22,P,2.55,2015-02-27
3505,2015-04-08 13:26:00,2015-04-08,0.0057,0.0,0.0,2034.0,0.0057,0.0057,0.0057,10000060,2015-04-22,2015-04-22,P,2.55,2015-02-27
3506,2015-04-08 13:27:00,2015-04-08,0.0057,0.0,0.0,2034.0,0.0057,0.0057,0.0057,10000060,2015-04-22,2015-04-22,P,2.55,2015-02-27
3507,2015-04-08 13:28:00,2015-04-08,0.0057,0.0,0.0,2034.0,0.0057,0.0057,0.0057,10000060,2015-04-22,2015-04-22,P,2.55,2015-02-27
3508,2015-04-08 13:29:00,2015-04-08,0.0057,0.0,0.0,2034.0,0.0057,0.0057,0.0057,10000060,2015-04-22,2015-04-22,P,2.55,2015-02-27
3509,2015-04-08 13:30:00,2015-04-08,0.0057,0.0,0.0,2034.0,0.0057,0.0057,0.0057,10000060,2015-04-22,2015-04-22,P,2.55,2015-02-27
3510,2015-04-08 13:31:00,2015-04-08,0.0057,57.0,1.0,2035.0,0.0057,0.0057,0.0057,10000060,2015-04-22,2015-04-22,P,2.55,2015-02-27
3511,2015-04-08 13:32:00,2015-04-08,0.0052,104.0,2.0,2037.0,0.0052,0.0052,0.0052,10000060,2015-04-22,2015-04-22,P,2.55,2015-02-27
3512,2015-04-08 13:33:00,2015-04-08,0.0044,84.0,2.0,2035.0,0.0044,0.004,0.004,10000060,2015-04-22,2015-04-22,P,2.55,2015-02-27
3513,2015-04-08 13:34:00,2015-04-08,0.004,0.0,0.0,2035.0,0.004,0.004,0.004,10000060,2015-04-22,2015-04-22,P,2.55,2015-02-27
3514,2015-04-08 13:35:00,2015-04-08,0.004,0.0,0.0,2035.0,0.004,0.004,0.004,10000060,2015-04-22,2015-04-22,P,2.55,2015-02-27
3515,2015-04-08 13:36:00,2015-04-08,0.004,0.0,0.0,2035.0,0.004,0.004,0.004,10000060,2015-04-22,2015-04-22,P,2.55,2015-02-27
3516,2015-04-08 13:37:00,2015-04-08,0.0048,718.0,16.0,2038.0,0.0048,0.004,0.004,10000060,2015-04-22,2015-04-22,P,2.55,2015-02-27
3517,2015-04-08 13:38:00,2015-04-08,0.004,0.0,0.0,2038.0,0.004,0.004,0.004,10000060,2015-04-22,2015-04-22,P,2.55,2015-02-27
3518,2015-04-08 13:39:00,2015-04-08,0.004,0.0,0.0,2038.0,0.004,0.004,0.004,10000060,2015-04-22,2015-04-22,P,2.55,2015-02-27
3519,2015-04-08 13:40:00,2015-04-08,0.0045,225.0,5.0,2033.0,0.0045,0.0045,0.0045,10000060,2015-04-22,2015-04-22,P,2.55,2015-02-27
3520,2015-04-08 13:41:00,2015-04-08,0.0045,0.0,0.0,2033.0,0.0045,0.0045,0.0045,10000060,2015-04-22,2015-04-22,P,2.55,2015-02-27
3521,2015-04-08 13:42:00,2015-04-08,0.0045,0.0,0.0,2033.0,0.0045,0.0045,0.0045,10000060,2015-04-22,2015-04-22,P,2.55,2015-02-27
3522,2015-04-08 13:43:00,2015-04-08,0.0045,0.0,0.0,2033.0,0.0045,0.0045,0.0045,10000060,2015-04-22,2015-04-22,P,2.55,2015-02-27
3523,2015-04-08 13:44:00,2015-04-08,0.0049,97.0,2.0,2034.0,0.0049,0.0048,0.0048,10000060,2015-04-22,2015-04-22,P,2.55,2015-02-27
3524,2015-04-08 13:45:00,2015-04-08,0.0048,0.0,0.0,2034.0,0.0048,0.0048,0.0048,10000060,2015-04-22,2015-04-22,P,2.55,2015-02-27
3525,2015-04-08 13:46:00,2015-04-08,0.0048,0.0,0.0,2034.0,0.0048,0.0048,0.0048,10000060,2015-04-22,2015-04-22,P,2.55,2015-02-27
3526,2015-04-08 13:47:00,2015-04-08,0.0048,0.0,0.0,2034.0,0.0048,0.0048,0.0048,10000060,2015-04-22,2015-04-22,P,2.55,2015-02-27
3527,2015-04-08 13:48:00,2015-04-08,0.0048,0.0,0.0,2034.0,0.0048,0.0048,0.0048,10000060,2015-04-22,2015-04-22,P,2.55,2015-02-27
3528,2015-04-08 13:49:00,2015-04-08,0.0048,0.0,0.0,2034.0,0.0048,0.0048,0.0048,10000060,2015-04-22,2015-04-22,P,2.55,2015-02-27
3529,2015-04-08 13:50:00,2015-04-08,0.0048,0.0,0.0,2034.0,0.0048,0.0048,0.0048,10000060,2015-04-22,2015-04-22,P,2.55,2015-02-27
3530,2015-04-08 13:51:00,2015-04-08,0.0048,0.0,0.0,2034.0,0.0048,0.0048,0.0048,10000060,2015-04-22,2015-04-22,P,2.55,2015-02-27
3531,2015-04-08 13:52:00,2015-04-08,0.0048,0.0,0.0,2034.0,0.0048,0.0048,0.0048,10000060,2015-04-22,2015-04-22,P,2.55,2015-02-27
3532,2015-04-08 13:53:00,2015-04-08,0.0041,2635.0,64.0,1972.0,0.0041,0.0041,0.004,10000060,2015-04-22,2015-04-22,P,2.55,2015-02-27
3533,2015-04-08 13:54:00,2015-04-08,0.0041,0.0,0.0,1972.0,0.0041,0.0041,0.0041,10000060,2015-04-22,2015-04-22,P,2.55,2015-02-27
3534,2015-04-08 13:55:00,2015-04-08,0.0041,0.0,0.0,1972.0,0.0041,0.0041,0.0041,10000060,2015-04-22,2015-04-22,P,2.55,2015-02-27
3535,2015-04-08 13:56:00,2015-04-08,0.0042,84.0,2.0,1970.0,0.0042,0.0042,0.0042,10000060,2015-04-22,2015-04-22,P,2.55,2015-02-27
3536,2015-04-08 13:57:00,2015-04-08,0.0042,0.0,0.0,1970.0,0.0042,0.0042,0.0042,10000060,2015-04-22,2015-04-22,P,2.55,2015-02-27
3537,2015-04-08 13:58:00,2015-04-08,0.0042,0.0,0.0,1970.0,0.0042,0.0042,0.0042,10000060,2015-04-22,2015-04-22,P,2.55,2015-02-27
3538,2015-04-08 13:59:00,2015-04-08,0.0042,0.0,0.0,1970.0,0.0042,0.0042,0.0042,10000060,2015-04-22,2015-04-22,P,2.55,2015-02-27
3539,2015-04-08 14:00:00,2015-04-08,0.0042,0.0,0.0,1970.0,0.0042,0.0042,0.0042,10000060,2015-04-22,2015-04-22,P,2.55,2015-02-27
3540,2015-04-08 14:01:00,2015-04-08,0.0042,0.0,0.0,1970.0,0.0042,0.0042,0.0042,10000060,2015-04-22,2015-04-22,P,2.55,2015-02-27
3541,2015-04-08 14:02:00,2015-04-08,0.0042,0.0,0.0,1970.0,0.0042,0.0042,0.0042,10000060,2015-04-22,2015-04-22,P,2.55,2015-02-27
3542,2015-04-08 14:03:00,2015-04-08,0.0042,0.0,0.0,1970.0,0.0042,0.0042,0.0042,10000060,2015-04-22,2015-04-22,P,2.55,2015-02-27
3543,2015-04-08 14:04:00,2015-04-08,0.0042,0.0,0.0,1970.0,0.0042,0.0042,0.0042,10000060,2015-04-22,2015-04-22,P,2.55,2015-02-27
3544,2015-04-08 14:05:00,2015-04-08,0.0042,0.0,0.0,1970.0,0.0042,0.0042,0.0042,10000060,2015-04-22,2015-04-22,P,2.55,2015-02-27
3545,2015-04-08 14:06:00,2015-04-08,0.0042,0.0,0.0,1970.0,0.0042,0.0042,0.0042,10000060,2015-04-22,2015-04-22,P,2.55,2015-02-27
3546,2015-04-08 14:07:00,2015-04-08,0.0042,0.0,0.0,1970.0,0.0042,0.0042,0.0042,10000060,2015-04-22,2015-04-22,P,2.55,2015-02-27
3547,2015-04-08 14:08:00,2015-04-08,0.0042,0.0,0.0,1970.0,0.0042,0.0042,0.0042,10000060,2015-04-22,2015-04-22,P,2.55,2015-02-27
3548,2015-04-08 14:09:00,2015-04-08,0.0042,0.0,0.0,1970.0,0.0042,0.0042,0.0042,10000060,2015-04-22,2015-04-22,P,2.55,2015-02-27
3549,2015-04-08 14:10:00,2015-04-08,0.0042,0.0,0.0,1970.0,0.0042,0.0042,0.0042,10000060,2015-04-22,2015-04-22,P,2.55,2015-02-27
3550,2015-04-08 14:11:00,2015-04-08,0.0042,0.0,0.0,1970.0,0.0042,0.0042,0.0042,10000060,2015-04-22,2015-04-22,P,2.55,2015-02-27
3551,2015-04-08 14:12:00,2015-04-08,0.0042,0.0,0.0,1970.0,0.0042,0.0042,0.0042,10000060,2015-04-22,2015-04-22,P,2.55,2015-02-27
3552,2015-04-08 14:13:00,2015-04-08,0.0042,0.0,0.0,1970.0,0.0042,0.0042,0.0042,10000060,2015-04-22,2015-04-22,P,2.55,2015-02-27
3553,2015-04-08 14:14:00,2015-04-08,0.0042,0.0,0.0,1970.0,0.0042,0.0042,0.0042,10000060,2015-04-22,2015-04-22,P,2.55,2015-02-27
3554,2015-04-08 14:15:00,2015-04-08,0.0042,0.0,0.0,1970.0,0.0042,0.0042,0.0042,10000060,2015-04-22,2015-04-22,P,2.55,2015-02-27
3555,2015-04-08 14:16:00,2015-04-08,0.0042,0.0,0.0,1970.0,0.0042,0.0042,0.0042,10000060,2015-04-22,2015-04-22,P,2.55,2015-02-27
3556,2015-04-08 14:17:00,2015-04-08,0.0042,336.0,8.0,1978.0,0.0042,0.0042,0.0042,10000060,2015-04-22,2015-04-22,P,2.55,2015-02-27
3557,2015-04-08 14:18:00,2015-04-08,0.0042,0.0,0.0,1978.0,0.0042,0.0042,0.0042,10000060,2015-04-22,2015-04-22,P,2.55,2015-02-27
3558,2015-04-08 14:19:00,2015-04-08,0.005,300.0,6.0,1978.0,0.005,0.005,0.005,10000060,2015-04-22,2015-04-22,P,2.55,2015-02-27
3559,2015-04-08 14:20:00,2015-04-08,0.005,0.0,0.0,1978.0,0.005,0.005,0.005,10000060,2015-04-22,2015-04-22,P,2.55,2015-02-27
3560,2015-04-08 14:21:00,2015-04-08,0.0043,215.0,5.0,1973.0,0.0043,0.0043,0.0043,10000060,2015-04-22,2015-04-22,P,2.55,2015-02-27
3561,2015-04-08 14:22:00,2015-04-08,0.0043,0.0,0.0,1973.0,0.0043,0.0043,0.0043,10000060,2015-04-22,2015-04-22,P,2.55,2015-02-27
3562,2015-04-08 14:23:00,2015-04-08,0.0047,473.0,10.0,1973.0,0.0047,0.0047,0.0047,10000060,2015-04-22,2015-04-22,P,2.55,2015-02-27
3563,2015-04-08 14:24:00,2015-04-08,0.0047,0.0,0.0,1973.0,0.0047,0.0047,0.0047,10000060,2015-04-22,2015-04-22,P,2.55,2015-02-27
3564,2015-04-08 14:25:00,2015-04-08,0.0047,0.0,0.0,1973.0,0.0047,0.0047,0.0047,10000060,2015-04-22,2015-04-22,P,2.55,2015-02-27
3565,2015-04-08 14:26:00,2015-04-08,0.0047,0.0,0.0,1973.0,0.0047,0.0047,0.0047,10000060,2015-04-22,2015-04-22,P,2.55,2015-02-27
3566,2015-04-08 14:27:00,2015-04-08,0.0047,0.0,0.0,1973.0,0.0047,0.0047,0.0047,10000060,2015-04-22,2015-04-22,P,2.55,2015-02-27
3567,2015-04-08 14:28:00,2015-04-08,0.0047,0.0,0.0,1973.0,0.0047,0.0047,0.0047,10000060,2015-04-22,2015-04-22,P,2.55,2015-02-27
3568,2015-04-08 14:29:00,2015-04-08,0.0047,0.0,0.0,1973.0,0.0047,0.0047,0.0047,10000060,2015-04-22,2015-04-22,P,2.55,2015-02-27
3569,2015-04-08 14:30:00,2015-04-08,0.0047,0.0,0.0,1973.0,0.0047,0.0047,0.0047,10000060,2015-04-22,2015-04-22,P,2.55,2015-02-27
3570,2015-04-08 14:31:00,2015-04-08,0.0057,285.0,5.0,1978.0,0.0057,0.0057,0.0057,10000060,2015-04-22,2015-04-22,P,2.55,2015-02-27
3571,2015-04-08 14:32:00,2015-04-08,0.0057,0.0,0.0,1978.0,0.0057,0.0057,0.0057,10000060,2015-04-22,2015-04-22,P,2.55,2015-02-27
3572,2015-04-08 14:33:00,2015-04-08,0.0057,0.0,0.0,1978.0,0.0057,0.0057,0.0057,10000060,2015-04-22,2015-04-22,P,2.55,2015-02-27
3573,2015-04-08 14:34:00,2015-04-08,0.0057,0.0,0.0,1978.0,0.0057,0.0057,0.0057,10000060,2015-04-22,2015-04-22,P,2.55,2015-02-27
3574,2015-04-08 14:35:00,2015-04-08,0.0057,0.0,0.0,1978.0,0.0057,0.0057,0.0057,10000060,2015-04-22,2015-04-22,P,2.55,2015-02-27
3575,2015-04-08 14:36:00,2015-04-08,0.0057,0.0,0.0,1978.0,0.0057,0.0057,0.0057,10000060,2015-04-22,2015-04-22,P,2.55,2015-02-27
3576,2015-04-08 14:37:00,2015-04-08,0.0057,0.0,0.0,1978.0,0.0057,0.0057,0.0057,10000060,2015-04-22,2015-04-22,P,2.55,2015-02-27
3577,2015-04-08 14:38:00,2015-04-08,0.0057,0.0,0.0,1978.0,0.0057,0.0057,0.0057,10000060,2015-04-22,2015-04-22,P,2.55,2015-02-27
3578,2015-04-08 14:39:00,2015-04-08,0.0057,0.0,0.0,1978.0,0.0057,0.0057,0.0057,10000060,2015-04-22,2015-04-22,P,2.55,2015-02-27
3579,2015-04-08 14:40:00,2015-04-08,0.0057,0.0,0.0,1978.0,0.0057,0.0057,0.0057,10000060,2015-04-22,2015-04-22,P,2.55,2015-02-27
3580,2015-04-08 14:41:00,2015-04-08,0.0057,0.0,0.0,1978.0,0.0057,0.0057,0.0057,10000060,2015-04-22,2015-04-22,P,2.55,2015-02-27
3581,2015-04-08 14:42:00,2015-04-08,0.0057,0.0,0.0,1978.0,0.0057,0.0057,0.0057,10000060,2015-04-22,2015-04-22,P,2.55,2015-02-27
3582,2015-04-08 14:43:00,2015-04-08,0.0057,0.0,0.0,1978.0,0.0057,0.0057,0.0057,10000060,2015-04-22,2015-04-22,P,2.55,2015-02-27
3583,2015-04-08 14:44:00,2015-04-08,0.0057,0.0,0.0,1978.0,0.0057,0.0057,0.0057,10000060,2015-04-22,2015-04-22,P,2.55,2015-02-27
3584,2015-04-08 14:45:00,2015-04-08,0.0042,42.0,1.0,1979.0,0.0042,0.0042,0.0042,10000060,2015-04-22,2015-04-22,P,2.55,2015-02-27
3585,2015-04-08 14:46:00,2015-04-08,0.0042,0.0,0.0,1979.0,0.0042,0.0042,0.0042,10000060,2015-04-22,2015-04-22,P,2.55,2015-02-27
3586,2015-04-08 14:47:00,2015-04-08,0.0042,42.0,1.0,1980.0,0.0042,0.0042,0.0042,10000060,2015-04-22,2015-04-22,P,2.55,2015-02-27
3587,2015-04-08 14:48:00,2015-04-08,0.0042,0.0,0.0,1980.0,0.0042,0.0042,0.0042,10000060,2015-04-22,2015-04-22,P,2.55,2015-02-27
3588,2015-04-08 14:49:00,2015-04-08,0.0042,0.0,0.0,1980.0,0.0042,0.0042,0.0042,10000060,2015-04-22,2015-04-22,P,2.55,2015-02-27
3589,2015-04-08 14:50:00,2015-04-08,0.005,100.0,2.0,1982.0,0.005,0.005,0.005,10000060,2015-04-22,2015-04-22,P,2.55,2015-02-27
3590,2015-04-08 14:51:00,2015-04-08,0.005,0.0,0.0,1982.0,0.005,0.005,0.005,10000060,2015-04-22,2015-04-22,P,2.55,2015-02-27
3591,2015-04-08 14:52:00,2015-04-08,0.0056,112.0,2.0,1984.0,0.0056,0.0056,0.0056,10000060,2015-04-22,2015-04-22,P,2.55,2015-02-27
3592,2015-04-08 14:53:00,2015-04-08,0.0056,0.0,0.0,1984.0,0.0056,0.0056,0.0056,10000060,2015-04-22,2015-04-22,P,2.55,2015-02-27
3593,2015-04-08 14:54:00,2015-04-08,0.0056,0.0,0.0,1984.0,0.0056,0.0056,0.0056,10000060,2015-04-22,2015-04-22,P,2.55,2015-02-27
3594,2015-04-08 14:55:00,2015-04-08,0.0056,0.0,0.0,1984.0,0.0056,0.0056,0.0056,10000060,2015-04-22,2015-04-22,P,2.55,2015-02-27
3595,2015-04-08 14:56:00,2015-04-08,0.0056,0.0,0.0,1984.0,0.0056,0.0056,0.0056,10000060,2015-04-22,2015-04-22,P,2.55,2015-02-27
3596,2015-04-08 14:57:00,2015-04-08,0.0056,0.0,0.0,1984.0,0.0056,0.0056,0.0056,10000060,2015-04-22,2015-04-22,P,2.55,2015-02-27
3597,2015-04-08 14:58:00,2015-04-08,0.0056,0.0,0.0,1984.0,0.0056,0.0056,0.0056,10000060,2015-04-22,2015-04-22,P,2.55,2015-02-27
3598,2015-04-08 14:59:00,2015-04-08,0.0056,0.0,0.0,1984.0,0.0056,0.0056,0.0056,10000060,2015-04-22,2015-04-22,P,2.55,2015-02-27
3599,2015-04-08 15:00:00,2015-04-08,0.0056,0.0,0.0,1984.0,0.0056,0.0056,0.0056,10000060,2015-04-22,2015-04-22,P,2.55,2015-02-27
3600,2015-04-08 09:31:00,2015-04-08,0.2526,41740.0,20.0,20.0,0.1648,0.2526,0.1648,10000142,2015-09-23,2015-09-23,P,2.95,2015-04-08
3601,2015-04-08 09:32:00,2015-04-08,0.2526,0.0,0.0,20.0,0.2526,0.2526,0.2526,10000142,2015-09-23,2015-09-23,P,2.95,2015-04-08
3602,2015-04-08 09:33:00,2015-04-08,0.2526,0.0,0.0,20.0,0.2526,0.2526,0.2526,10000142,2015-09-23,2015-09-23,P,2.95,2015-04-08
3603,2015-04-08 09:34:00,2015-04-08,0.2727,13635.0,5.0,25.0,0.2727,0.2727,0.2727,10000142,2015-09-23,2015-09-23,P,2.95,2015-04-08
3604,2015-04-08 09:35:00,2015-04-08,0.2727,0.0,0.0,25.0,0.2727,0.2727,0.2727,10000142,2015-09-23,2015-09-23,P,2.95,2015-04-08
3605,2015-04-08 09:36:00,2015-04-08,0.2727,0.0,0.0,25.0,0.2727,0.2727,0.2727,10000142,2015-09-23,2015-09-23,P,2.95,2015-04-08
3606,2015-04-08 09:37:00,2015-04-08,0.2727,0.0,0.0,25.0,0.2727,0.2727,0.2727,10000142,2015-09-23,2015-09-23,P,2.95,2015-04-08
3607,2015-04-08 09:38:00,2015-04-08,0.2727,0.0,0.0,25.0,0.2727,0.2727,0.2727,10000142,2015-09-23,2015-09-23,P,2.95,2015-04-08
3608,2015-04-08 09:39:00,2015-04-08,0.2727,0.0,0.0,25.0,0.2727,0.2727,0.2727,10000142,2015-09-23,2015-09-23,P,2.95,2015-04-08
3609,2015-04-08 09:40:00,2015-04-08,0.2727,0.0,0.0,25.0,0.2727,0.2727,0.2727,10000142,2015-09-23,2015-09-23,P,2.95,2015-04-08
3610,2015-04-08 09:41:00,2015-04-08,0.2727,0.0,0.0,25.0,0.2727,0.2727,0.2727,10000142,2015-09-23,2015-09-23,P,2.95,2015-04-08
3611,2015-04-08 09:42:00,2015-04-08,0.2727,0.0,0.0,25.0,0.2727,0.2727,0.2727,10000142,2015-09-23,2015-09-23,P,2.95,2015-04-08
3612,2015-04-08 09:43:00,2015-04-08,0.2725,2725.0,1.0,26.0,0.2725,0.2725,0.2725,10000142,2015-09-23,2015-09-23,P,2.95,2015-04-08
3613,2015-04-08 09:44:00,2015-04-08,0.2725,0.0,0.0,26.0,0.2725,0.2725,0.2725,10000142,2015-09-23,2015-09-23,P,2.95,2015-04-08
3614,2015-04-08 09:45:00,2015-04-08,0.2725,0.0,0.0,26.0,0.2725,0.2725,0.2725,10000142,2015-09-23,2015-09-23,P,2.95,2015-04-08
3615,2015-04-08 09:46:00,2015-04-08,0.2725,0.0,0.0,26.0,0.2725,0.2725,0.2725,10000142,2015-09-23,2015-09-23,P,2.95,2015-04-08
3616,2015-04-08 09:47:00,2015-04-08,0.2725,0.0,0.0,26.0,0.2725,0.2725,0.2725,10000142,2015-09-23,2015-09-23,P,2.95,2015-04-08
3617,2015-04-08 09:48:00,2015-04-08,0.2725,0.0,0.0,26.0,0.2725,0.2725,0.2725,10000142,2015-09-23,2015-09-23,P,2.95,2015-04-08
3618,2015-04-08 09:49:00,2015-04-08,0.2725,0.0,0.0,26.0,0.2725,0.2725,0.2725,10000142,2015-09-23,2015-09-23,P,2.95,2015-04-08
3619,2015-04-08 09:50:00,2015-04-08,0.2725,0.0,0.0,26.0,0.2725,0.2725,0.2725,10000142,2015-09-23,2015-09-23,P,2.95,2015-04-08
3620,2015-04-08 09:51:00,2015-04-08,0.2725,0.0,0.0,26.0,0.2725,0.2725,0.2725,10000142,2015-09-23,2015-09-23,P,2.95,2015-04-08
3621,2015-04-08 09:52:00,2015-04-08,0.2725,0.0,0.0,26.0,0.2725,0.2725,0.2725,10000142,2015-09-23,2015-09-23,P,2.95,2015-04-08
3622,2015-04-08 09:53:00,2015-04-08,0.2725,0.0,0.0,26.0,0.2725,0.2725,0.2725,10000142,2015-09-23,2015-09-23,P,2.95,2015-04-08
3623,2015-04-08 09:54:00,2015-04-08,0.2725,0.0,0.0,26.0,0.2725,0.2725,0.2725,10000142,2015-09-23,2015-09-23,P,2.95,2015-04-08
3624,2015-04-08 09:55:00,2015-04-08,0.2725,0.0,0.0,26.0,0.2725,0.2725,0.2725,10000142,2015-09-23,2015-09-23,P,2.95,2015-04-08
3625,2015-04-08 09:56:00,2015-04-08,0.2725,0.0,0.0,26.0,0.2725,0.2725,0.2725,10000142,2015-09-23,2015-09-23,P,2.95,2015-04-08
3626,2015-04-08 09:57:00,2015-04-08,0.2725,0.0,0.0,26.0,0.2725,0.2725,0.2725,10000142,2015-09-23,2015-09-23,P,2.95,2015-04-08
3627,2015-04-08 09:58:00,2015-04-08,0.2725,0.0,0.0,26.0,0.2725,0.2725,0.2725,10000142,2015-09-23,2015-09-23,P,2.95,2015-04-08
3628,2015-04-08 09:59:00,2015-04-08,0.2725,0.0,0.0,26.0,0.2725,0.2725,0.2725,10000142,2015-09-23,2015-09-23,P,2.95,2015-04-08
3629,2015-04-08 10:00:00,2015-04-08,0.2725,0.0,0.0,26.0,0.2725,0.2725,0.2725,10000142,2015-09-23,2015-09-23,P,2.95,2015-04-08
3630,2015-04-08 10:01:00,2015-04-08,0.2725,0.0,0.0,26.0,0.2725,0.2725,0.2725,10000142,2015-09-23,2015-09-23,P,2.95,2015-04-08
3631,2015-04-08 10:02:00,2015-04-08,0.2725,0.0,0.0,26.0,0.2725,0.2725,0.2725,10000142,2015-09-23,2015-09-23,P,2.95,2015-04-08
3632,2015-04-08 10:03:00,2015-04-08,0.2725,0.0,0.0,26.0,0.2725,0.2725,0.2725,10000142,2015-09-23,2015-09-23,P,2.95,2015-04-08
3633,2015-04-08 10:04:00,2015-04-08,0.2725,0.0,0.0,26.0,0.2725,0.2725,0.2725,10000142,2015-09-23,2015-09-23,P,2.95,2015-04-08
3634,2015-04-08 10:05:00,2015-04-08,0.2725,0.0,0.0,26.0,0.2725,0.2725,0.2725,10000142,2015-09-23,2015-09-23,P,2.95,2015-04-08
3635,2015-04-08 10:06:00,2015-04-08,0.2725,0.0,0.0,26.0,0.2725,0.2725,0.2725,10000142,2015-09-23,2015-09-23,P,2.95,2015-04-08
3636,2015-04-08 10:07:00,2015-04-08,0.2725,0.0,0.0,26.0,0.2725,0.2725,0.2725,10000142,2015-09-23,2015-09-23,P,2.95,2015-04-08
3637,2015-04-08 10:08:00,2015-04-08,0.2725,0.0,0.0,26.0,0.2725,0.2725,0.2725,10000142,2015-09-23,2015-09-23,P,2.95,2015-04-08
3638,2015-04-08 10:09:00,2015-04-08,0.2725,0.0,0.0,26.0,0.2725,0.2725,0.2725,10000142,2015-09-23,2015-09-23,P,2.95,2015-04-08
3639,2015-04-08 10:10:00,2015-04-08,0.2725,0.0,0.0,26.0,0.2725,0.2725,0.2725,10000142,2015-09-23,2015-09-23,P,2.95,2015-04-08
3640,2015-04-08 10:11:00,2015-04-08,0.2725,0.0,0.0,26.0,0.2725,0.2725,0.2725,10000142,2015-09-23,2015-09-23,P,2.95,2015-04-08
3641,2015-04-08 10:12:00,2015-04-08,0.2725,0.0,0.0,26.0,0.2725,0.2725,0.2725,10000142,2015-09-23,2015-09-23,P,2.95,2015-04-08
3642,2015-04-08 10:13:00,2015-04-08,0.2725,0.0,0.0,26.0,0.2725,0.2725,0.2725,10000142,2015-09-23,2015-09-23,P,2.95,2015-04-08
3643,2015-04-08 10:14:00,2015-04-08,0.2725,0.0,0.0,26.0,0.2725,0.2725,0.2725,10000142,2015-09-23,2015-09-23,P,2.95,2015-04-08
3644,2015-04-08 10:15:00,2015-04-08,0.2725,0.0,0.0,26.0,0.2725,0.2725,0.2725,10000142,2015-09-23,2015-09-23,P,2.95,2015-04-08
3645,2015-04-08 10:16:00,2015-04-08,0.2725,0.0,0.0,26.0,0.2725,0.2725,0.2725,10000142,2015-09-23,2015-09-23,P,2.95,2015-04-08
3646,2015-04-08 10:17:00,2015-04-08,0.2725,0.0,0.0,26.0,0.2725,0.2725,0.2725,10000142,2015-09-23,2015-09-23,P,2.95,2015-04-08
3647,2015-04-08 10:18:00,2015-04-08,0.2725,0.0,0.0,26.0,0.2725,0.2725,0.2725,10000142,2015-09-23,2015-09-23,P,2.95,2015-04-08
3648,2015-04-08 10:19:00,2015-04-08,0.2725,0.0,0.0,26.0,0.2725,0.2725,0.2725,10000142,2015-09-23,2015-09-23,P,2.95,2015-04-08
3649,2015-04-08 10:20:00,2015-04-08,0.2725,0.0,0.0,26.0,0.2725,0.2725,0.2725,10000142,2015-09-23,2015-09-23,P,2.95,2015-04-08
3650,2015-04-08 10:21:00,2015-04-08,0.2725,0.0,0.0,26.0,0.2725,0.2725,0.2725,10000142,2015-09-23,2015-09-23,P,2.95,2015-04-08
3651,2015-04-08 10:22:00,2015-04-08,0.2725,0.0,0.0,26.0,0.2725,0.2725,0.2725,10000142,2015-09-23,2015-09-23,P,2.95,2015-04-08
3652,2015-04-08 10:23:00,2015-04-08,0.2725,0.0,0.0,26.0,0.2725,0.2725,0.2725,10000142,2015-09-23,2015-09-23,P,2.95,2015-04-08
3653,2015-04-08 10:24:00,2015-04-08,0.2725,0.0,0.0,26.0,0.2725,0.2725,0.2725,10000142,2015-09-23,2015-09-23,P,2.95,2015-04-08
3654,2015-04-08 10:25:00,2015-04-08,0.2725,0.0,0.0,26.0,0.2725,0.2725,0.2725,10000142,2015-09-23,2015-09-23,P,2.95,2015-04-08
3655,2015-04-08 10:26:00,2015-04-08,0.2725,0.0,0.0,26.0,0.2725,0.2725,0.2725,10000142,2015-09-23,2015-09-23,P,2.95,2015-04-08
3656,2015-04-08 10:27:00,2015-04-08,0.2725,0.0,0.0,26.0,0.2725,0.2725,0.2725,10000142,2015-09-23,2015-09-23,P,2.95,2015-04-08
3657,2015-04-08 10:28:00,2015-04-08,0.2725,0.0,0.0,26.0,0.2725,0.2725,0.2725,10000142,2015-09-23,2015-09-23,P,2.95,2015-04-08
3658,2015-04-08 10:29:00,2015-04-08,0.2725,0.0,0.0,26.0,0.2725,0.2725,0.2725,10000142,2015-09-23,2015-09-23,P,2.95,2015-04-08
3659,2015-04-08 10:30:00,2015-04-08,0.2725,0.0,0.0,26.0,0.2725,0.2725,0.2725,10000142,2015-09-23,2015-09-23,P,2.95,2015-04-08
3660,2015-04-08 10:31:00,2015-04-08,0.2725,0.0,0.0,26.0,0.2725,0.2725,0.2725,10000142,2015-09-23,2015-09-23,P,2.95,2015-04-08
3661,2015-04-08 10:32:00,2015-04-08,0.2725,0.0,0.0,26.0,0.2725,0.2725,0.2725,10000142,2015-09-23,2015-09-23,P,2.95,2015-04-08
3662,2015-04-08 10:33:00,2015-04-08,0.2725,0.0,0.0,26.0,0.2725,0.2725,0.2725,10000142,2015-09-23,2015-09-23,P,2.95,2015-04-08
3663,2015-04-08 10:34:00,2015-04-08,0.2725,0.0,0.0,26.0,0.2725,0.2725,0.2725,10000142,2015-09-23,2015-09-23,P,2.95,2015-04-08
3664,2015-04-08 10:35:00,2015-04-08,0.2725,0.0,0.0,26.0,0.2725,0.2725,0.2725,10000142,2015-09-23,2015-09-23,P,2.95,2015-04-08
3665,2015-04-08 10:36:00,2015-04-08,0.2725,0.0,0.0,26.0,0.2725,0.2725,0.2725,10000142,2015-09-23,2015-09-23,P,2.95,2015-04-08
3666,2015-04-08 10:37:00,2015-04-08,0.2725,0.0,0.0,26.0,0.2725,0.2725,0.2725,10000142,2015-09-23,2015-09-23,P,2.95,2015-04-08
3667,2015-04-08 10:38:00,2015-04-08,0.2725,0.0,0.0,26.0,0.2725,0.2725,0.2725,10000142,2015-09-23,2015-09-23,P,2.95,2015-04-08
3668,2015-04-08 10:39:00,2015-04-08,0.2725,0.0,0.0,26.0,0.2725,0.2725,0.2725,10000142,2015-09-23,2015-09-23,P,2.95,2015-04-08
3669,2015-04-08 10:40:00,2015-04-08,0.2725,0.0,0.0,26.0,0.2725,0.2725,0.2725,10000142,2015-09-23,2015-09-23,P,2.95,2015-04-08
3670,2015-04-08 10:41:00,2015-04-08,0.2725,0.0,0.0,26.0,0.2725,0.2725,0.2725,10000142,2015-09-23,2015-09-23,P,2.95,2015-04-08
3671,2015-04-08 10:42:00,2015-04-08,0.2725,0.0,0.0,26.0,0.2725,0.2725,0.2725,10000142,2015-09-23,2015-09-23,P,2.95,2015-04-08
3672,2015-04-08 10:43:00,2015-04-08,0.2725,0.0,0.0,26.0,0.2725,0.2725,0.2725,10000142,2015-09-23,2015-09-23,P,2.95,2015-04-08
3673,2015-04-08 10:44:00,2015-04-08,0.2725,0.0,0.0,26.0,0.2725,0.2725,0.2725,10000142,2015-09-23,2015-09-23,P,2.95,2015-04-08
3674,2015-04-08 10:45:00,2015-04-08,0.2725,0.0,0.0,26.0,0.2725,0.2725,0.2725,10000142,2015-09-23,2015-09-23,P,2.95,2015-04-08
3675,2015-04-08 10:46:00,2015-04-08,0.2725,0.0,0.0,26.0,0.2725,0.2725,0.2725,10000142,2015-09-23,2015-09-23,P,2.95,2015-04-08
3676,2015-04-08 10:47:00,2015-04-08,0.2725,0.0,0.0,26.0,0.2725,0.2725,0.2725,10000142,2015-09-23,2015-09-23,P,2.95,2015-04-08
3677,2015-04-08 10:48:00,2015-04-08,0.2725,0.0,0.0,26.0,0.2725,0.2725,0.2725,10000142,2015-09-23,2015-09-23,P,2.95,2015-04-08
3678,2015-04-08 10:49:00,2015-04-08,0.2725,0.0,0.0,26.0,0.2725,0.2725,0.2725,10000142,2015-09-23,2015-09-23,P,2.95,2015-04-08
3679,2015-04-08 10:50:00,2015-04-08,0.2725,0.0,0.0,26.0,0.2725,0.2725,0.2725,10000142,2015-09-23,2015-09-23,P,2.95,2015-04-08
3680,2015-04-08 10:51:00,2015-04-08,0.2725,0.0,0.0,26.0,0.2725,0.2725,0.2725,10000142,2015-09-23,2015-09-23,P,2.95,2015-04-08
3681,2015-04-08 10:52:00,2015-04-08,0.2725,0.0,0.0,26.0,0.2725,0.2725,0.2725,10000142,2015-09-23,2015-09-23,P,2.95,2015-04-08
3682,2015-04-08 10:53:00,2015-04-08,0.2725,0.0,0.0,26.0,0.2725,0.2725,0.2725,10000142,2015-09-23,2015-09-23,P,2.95,2015-04-08
3683,2015-04-08 10:54:00,2015-04-08,0.2725,0.0,0.0,26.0,0.2725,0.2725,0.2725,10000142,2015-09-23,2015-09-23,P,2.95,2015-04-08
3684,2015-04-08 10:55:00,2015-04-08,0.2725,0.0,0.0,26.0,0.2725,0.2725,0.2725,10000142,2015-09-23,2015-09-23,P,2.95,2015-04-08
3685,2015-04-08 10:56:00,2015-04-08,0.2725,0.0,0.0,26.0,0.2725,0.2725,0.2725,10000142,2015-09-23,2015-09-23,P,2.95,2015-04-08
3686,2015-04-08 10:57:00,2015-04-08,0.2725,0.0,0.0,26.0,0.2725,0.2725,0.2725,10000142,2015-09-23,2015-09-23,P,2.95,2015-04-08
3687,2015-04-08 10:58:00,2015-04-08,0.2725,0.0,0.0,26.0,0.2725,0.2725,0.2725,10000142,2015-09-23,2015-09-23,P,2.95,2015-04-08
3688,2015-04-08 10:59:00,2015-04-08,0.2725,0.0,0.0,26.0,0.2725,0.2725,0.2725,10000142,2015-09-23,2015-09-23,P,2.95,2015-04-08
3689,2015-04-08 11:00:00,2015-04-08,0.2725,0.0,0.0,26.0,0.2725,0.2725,0.2725,10000142,2015-09-23,2015-09-23,P,2.95,2015-04-08
3690,2015-04-08 11:01:00,2015-04-08,0.2725,0.0,0.0,26.0,0.2725,0.2725,0.2725,10000142,2015-09-23,2015-09-23,P,2.95,2015-04-08
3691,2015-04-08 11:02:00,2015-04-08,0.2725,0.0,0.0,26.0,0.2725,0.2725,0.2725,10000142,2015-09-23,2015-09-23,P,2.95,2015-04-08
3692,2015-04-08 11:03:00,2015-04-08,0.2725,0.0,0.0,26.0,0.2725,0.2725,0.2725,10000142,2015-09-23,2015-09-23,P,2.95,2015-04-08
3693,2015-04-08 11:04:00,2015-04-08,0.2725,0.0,0.0,26.0,0.2725,0.2725,0.2725,10000142,2015-09-23,2015-09-23,P,2.95,2015-04-08
3694,2015-04-08 11:05:00,2015-04-08,0.2725,0.0,0.0,26.0,0.2725,0.2725,0.2725,10000142,2015-09-23,2015-09-23,P,2.95,2015-04-08
3695,2015-04-08 11:06:00,2015-04-08,0.2725,0.0,0.0,26.0,0.2725,0.2725,0.2725,10000142,2015-09-23,2015-09-23,P,2.95,2015-04-08
3696,2015-04-08 11:07:00,2015-04-08,0.2725,0.0,0.0,26.0,0.2725,0.2725,0.2725,10000142,2015-09-23,2015-09-23,P,2.95,2015-04-08
3697,2015-04-08 11:08:00,2015-04-08,0.2725,0.0,0.0,26.0,0.2725,0.2725,0.2725,10000142,2015-09-23,2015-09-23,P,2.95,2015-04-08
3698,2015-04-08 11:09:00,2015-04-08,0.2725,0.0,0.0,26.0,0.2725,0.2725,0.2725,10000142,2015-09-23,2015-09-23,P,2.95,2015-04-08
3699,2015-04-08 11:10:00,2015-04-08,0.2895,2895.0,1.0,26.0,0.2895,0.2895,0.2895,10000142,2015-09-23,2015-09-23,P,2.95,2015-04-08
3700,2015-04-08 11:11:00,2015-04-08,0.2895,0.0,0.0,26.0,0.2895,0.2895,0.2895,10000142,2015-09-23,2015-09-23,P,2.95,2015-04-08
3701,2015-04-08 11:12:00,2015-04-08,0.2895,0.0,0.0,26.0,0.2895,0.2895,0.2895,10000142,2015-09-23,2015-09-23,P,2.95,2015-04-08
3702,2015-04-08 11:13:00,2015-04-08,0.2895,0.0,0.0,26.0,0.2895,0.2895,0.2895,10000142,2015-09-23,2015-09-23,P,2.95,2015-04-08
3703,2015-04-08 11:14:00,2015-04-08,0.2895,0.0,0.0,26.0,0.2895,0.2895,0.2895,10000142,2015-09-23,2015-09-23,P,2.95,2015-04-08
3704,2015-04-08 11:15:00,2015-04-08,0.2895,0.0,0.0,26.0,0.2895,0.2895,0.2895,10000142,2015-09-23,2015-09-23,P,2.95,2015-04-08
3705,2015-04-08 11:16:00,2015-04-08,0.2895,0.0,0.0,26.0,0.2895,0.2895,0.2895,10000142,2015-09-23,2015-09-23,P,2.95,2015-04-08
3706,2015-04-08 11:17:00,2015-04-08,0.2895,0.0,0.0,26.0,0.2895,0.2895,0.2895,10000142,2015-09-23,2015-09-23,P,2.95,2015-04-08
3707,2015-04-08 11:18:00,2015-04-08,0.2895,0.0,0.0,26.0,0.2895,0.2895,0.2895,10000142,2015-09-23,2015-09-23,P,2.95,2015-04-08
3708,2015-04-08 11:19:00,2015-04-08,0.2895,0.0,0.0,26.0,0.2895,0.2895,0.2895,10000142,2015-09-23,2015-09-23,P,2.95,2015-04-08
3709,2015-04-08 11:20:00,2015-04-08,0.2895,0.0,0.0,26.0,0.2895,0.2895,0.2895,10000142,2015-09-23,2015-09-23,P,2.95,2015-04-08
3710,2015-04-08 11:21:00,2015-04-08,0.2895,0.0,0.0,26.0,0.2895,0.2895,0.2895,10000142,2015-09-23,2015-09-23,P,2.95,2015-04-08
3711,2015-04-08 11:22:00,2015-04-08,0.2895,0.0,0.0,26.0,0.2895,0.2895,0.2895,10000142,2015-09-23,2015-09-23,P,2.95,2015-04-08
3712,2015-04-08 11:23:00,2015-04-08,0.2895,0.0,0.0,26.0,0.2895,0.2895,0.2895,10000142,2015-09-23,2015-09-23,P,2.95,2015-04-08
3713,2015-04-08 11:24:00,2015-04-08,0.2895,0.0,0.0,26.0,0.2895,0.2895,0.2895,10000142,2015-09-23,2015-09-23,P,2.95,2015-04-08
3714,2015-04-08 11:25:00,2015-04-08,0.2895,0.0,0.0,26.0,0.2895,0.2895,0.2895,10000142,2015-09-23,2015-09-23,P,2.95,2015-04-08
3715,2015-04-08 11:26:00,2015-04-08,0.2895,0.0,0.0,26.0,0.2895,0.2895,0.2895,10000142,2015-09-23,2015-09-23,P,2.95,2015-04-08
3716,2015-04-08 11:27:00,2015-04-08,0.2895,0.0,0.0,26.0,0.2895,0.2895,0.2895,10000142,2015-09-23,2015-09-23,P,2.95,2015-04-08
3717,2015-04-08 11:28:00,2015-04-08,0.2895,0.0,0.0,26.0,0.2895,0.2895,0.2895,10000142,2015-09-23,2015-09-23,P,2.95,2015-04-08
3718,2015-04-08 11:29:00,2015-04-08,0.2895,0.0,0.0,26.0,0.2895,0.2895,0.2895,10000142,2015-09-23,2015-09-23,P,2.95,2015-04-08
3719,2015-04-08 11:30:00,2015-04-08,0.2895,0.0,0.0,26.0,0.2895,0.2895,0.2895,10000142,2015-09-23,2015-09-23,P,2.95,2015-04-08
3720,2015-04-08 13:01:00,2015-04-08,0.2895,0.0,0.0,26.0,0.2895,0.2895,0.2895,10000142,2015-09-23,2015-09-23,P,2.95,2015-04-08
3721,2015-04-08 13:02:00,2015-04-08,0.2895,0.0,0.0,26.0,0.2895,0.2895,0.2895,10000142,2015-09-23,2015-09-23,P,2.95,2015-04-08
3722,2015-04-08 13:03:00,2015-04-08,0.2895,0.0,0.0,26.0,0.2895,0.2895,0.2895,10000142,2015-09-23,2015-09-23,P,2.95,2015-04-08
3723,2015-04-08 13:04:00,2015-04-08,0.2895,0.0,0.0,26.0,0.2895,0.2895,0.2895,10000142,2015-09-23,2015-09-23,P,2.95,2015-04-08
3724,2015-04-08 13:05:00,2015-04-08,0.2895,0.0,0.0,26.0,0.2895,0.2895,0.2895,10000142,2015-09-23,2015-09-23,P,2.95,2015-04-08
3725,2015-04-08 13:06:00,2015-04-08,0.2895,0.0,0.0,26.0,0.2895,0.2895,0.2895,10000142,2015-09-23,2015-09-23,P,2.95,2015-04-08
3726,2015-04-08 13:07:00,2015-04-08,0.2895,0.0,0.0,26.0,0.2895,0.2895,0.2895,10000142,2015-09-23,2015-09-23,P,2.95,2015-04-08
3727,2015-04-08 13:08:00,2015-04-08,0.2895,0.0,0.0,26.0,0.2895,0.2895,0.2895,10000142,2015-09-23,2015-09-23,P,2.95,2015-04-08
3728,2015-04-08 13:09:00,2015-04-08,0.2895,0.0,0.0,26.0,0.2895,0.2895,0.2895,10000142,2015-09-23,2015-09-23,P,2.95,2015-04-08
3729,2015-04-08 13:10:00,2015-04-08,0.2895,0.0,0.0,26.0,0.2895,0.2895,0.2895,10000142,2015-09-23,2015-09-23,P,2.95,2015-04-08
3730,2015-04-08 13:11:00,2015-04-08,0.2895,0.0,0.0,26.0,0.2895,0.2895,0.2895,10000142,2015-09-23,2015-09-23,P,2.95,2015-04-08
3731,2015-04-08 13:12:00,2015-04-08,0.2895,0.0,0.0,26.0,0.2895,0.2895,0.2895,10000142,2015-09-23,2015-09-23,P,2.95,2015-04-08
3732,2015-04-08 13:13:00,2015-04-08,0.2895,0.0,0.0,26.0,0.2895,0.2895,0.2895,10000142,2015-09-23,2015-09-23,P,2.95,2015-04-08
3733,2015-04-08 13:14:00,2015-04-08,0.2895,0.0,0.0,26.0,0.2895,0.2895,0.2895,10000142,2015-09-23,2015-09-23,P,2.95,2015-04-08
3734,2015-04-08 13:15:00,2015-04-08,0.2895,0.0,0.0,26.0,0.2895,0.2895,0.2895,10000142,2015-09-23,2015-09-23,P,2.95,2015-04-08
3735,2015-04-08 13:16:00,2015-04-08,0.2895,0.0,0.0,26.0,0.2895,0.2895,0.2895,10000142,2015-09-23,2015-09-23,P,2.95,2015-04-08
3736,2015-04-08 13:17:00,2015-04-08,0.2895,0.0,0.0,26.0,0.2895,0.2895,0.2895,10000142,2015-09-23,2015-09-23,P,2.95,2015-04-08
3737,2015-04-08 13:18:00,2015-04-08,0.2895,0.0,0.0,26.0,0.2895,0.2895,0.2895,10000142,2015-09-23,2015-09-23,P,2.95,2015-04-08
3738,2015-04-08 13:19:00,2015-04-08,0.2895,0.0,0.0,26.0,0.2895,0.2895,0.2895,10000142,2015-09-23,2015-09-23,P,2.95,2015-04-08
3739,2015-04-08 13:20:00,2015-04-08,0.2895,0.0,0.0,26.0,0.2895,0.2895,0.2895,10000142,2015-09-23,2015-09-23,P,2.95,2015-04-08
3740,2015-04-08 13:21:00,2015-04-08,0.2895,0.0,0.0,26.0,0.2895,0.2895,0.2895,10000142,2015-09-23,2015-09-23,P,2.95,2015-04-08
3741,2015-04-08 13:22:00,2015-04-08,0.2895,0.0,0.0,26.0,0.2895,0.2895,0.2895,10000142,2015-09-23,2015-09-23,P,2.95,2015-04-08
3742,2015-04-08 13:23:00,2015-04-08,0.2895,0.0,0.0,26.0,0.2895,0.2895,0.2895,10000142,2015-09-23,2015-09-23,P,2.95,2015-04-08
3743,2015-04-08 13:24:00,2015-04-08,0.2895,0.0,0.0,26.0,0.2895,0.2895,0.2895,10000142,2015-09-23,2015-09-23,P,2.95,2015-04-08
3744,2015-04-08 13:25:00,2015-04-08,0.2895,0.0,0.0,26.0,0.2895,0.2895,0.2895,10000142,2015-09-23,2015-09-23,P,2.95,2015-04-08
3745,2015-04-08 13:26:00,2015-04-08,0.2895,0.0,0.0,26.0,0.2895,0.2895,0.2895,10000142,2015-09-23,2015-09-23,P,2.95,2015-04-08
3746,2015-04-08 13:27:00,2015-04-08,0.2895,0.0,0.0,26.0,0.2895,0.2895,0.2895,10000142,2015-09-23,2015-09-23,P,2.95,2015-04-08
3747,2015-04-08 13:28:00,2015-04-08,0.2895,0.0,0.0,26.0,0.2895,0.2895,0.2895,10000142,2015-09-23,2015-09-23,P,2.95,2015-04-08
3748,2015-04-08 13:29:00,2015-04-08,0.2895,0.0,0.0,26.0,0.2895,0.2895,0.2895,10000142,2015-09-23,2015-09-23,P,2.95,2015-04-08
3749,2015-04-08 13:30:00,2015-04-08,0.2895,0.0,0.0,26.0,0.2895,0.2895,0.2895,10000142,2015-09-23,2015-09-23,P,2.95,2015-04-08
3750,2015-04-08 13:31:00,2015-04-08,0.2895,0.0,0.0,26.0,0.2895,0.2895,0.2895,10000142,2015-09-23,2015-09-23,P,2.95,2015-04-08
3751,2015-04-08 13:32:00,2015-04-08,0.2895,0.0,0.0,26.0,0.2895,0.2895,0.2895,10000142,2015-09-23,2015-09-23,P,2.95,2015-04-08
3752,2015-04-08 13:33:00,2015-04-08,0.2895,0.0,0.0,26.0,0.2895,0.2895,0.2895,10000142,2015-09-23,2015-09-23,P,2.95,2015-04-08
3753,2015-04-08 13:34:00,2015-04-08,0.2895,0.0,0.0,26.0,0.2895,0.2895,0.2895,10000142,2015-09-23,2015-09-23,P,2.95,2015-04-08
3754,2015-04-08 13:35:00,2015-04-08,0.2895,0.0,0.0,26.0,0.2895,0.2895,0.2895,10000142,2015-09-23,2015-09-23,P,2.95,2015-04-08
3755,2015-04-08 13:36:00,2015-04-08,0.2895,0.0,0.0,26.0,0.2895,0.2895,0.2895,10000142,2015-09-23,2015-09-23,P,2.95,2015-04-08
3756,2015-04-08 13:37:00,2015-04-08,0.2895,0.0,0.0,26.0,0.2895,0.2895,0.2895,10000142,2015-09-23,2015-09-23,P,2.95,2015-04-08
3757,2015-04-08 13:38:00,2015-04-08,0.2895,0.0,0.0,26.0,0.2895,0.2895,0.2895,10000142,2015-09-23,2015-09-23,P,2.95,2015-04-08
3758,2015-04-08 13:39:00,2015-04-08,0.2895,0.0,0.0,26.0,0.2895,0.2895,0.2895,10000142,2015-09-23,2015-09-23,P,2.95,2015-04-08
3759,2015-04-08 13:40:00,2015-04-08,0.2895,0.0,0.0,26.0,0.2895,0.2895,0.2895,10000142,2015-09-23,2015-09-23,P,2.95,2015-04-08
3760,2015-04-08 13:41:00,2015-04-08,0.2895,0.0,0.0,26.0,0.2895,0.2895,0.2895,10000142,2015-09-23,2015-09-23,P,2.95,2015-04-08
3761,2015-04-08 13:42:00,2015-04-08,0.2895,0.0,0.0,26.0,0.2895,0.2895,0.2895,10000142,2015-09-23,2015-09-23,P,2.95,2015-04-08
3762,2015-04-08 13:43:00,2015-04-08,0.2895,0.0,0.0,26.0,0.2895,0.2895,0.2895,10000142,2015-09-23,2015-09-23,P,2.95,2015-04-08
3763,2015-04-08 13:44:00,2015-04-08,0.2895,0.0,0.0,26.0,0.2895,0.2895,0.2895,10000142,2015-09-23,2015-09-23,P,2.95,2015-04-08
3764,2015-04-08 13:45:00,2015-04-08,0.2895,0.0,0.0,26.0,0.2895,0.2895,0.2895,10000142,2015-09-23,2015-09-23,P,2.95,2015-04-08
3765,2015-04-08 13:46:00,2015-04-08,0.2895,0.0,0.0,26.0,0.2895,0.2895,0.2895,10000142,2015-09-23,2015-09-23,P,2.95,2015-04-08
3766,2015-04-08 13:47:00,2015-04-08,0.2895,0.0,0.0,26.0,0.2895,0.2895,0.2895,10000142,2015-09-23,2015-09-23,P,2.95,2015-04-08
3767,2015-04-08 13:48:00,2015-04-08,0.2895,0.0,0.0,26.0,0.2895,0.2895,0.2895,10000142,2015-09-23,2015-09-23,P,2.95,2015-04-08
3768,2015-04-08 13:49:00,2015-04-08,0.2895,0.0,0.0,26.0,0.2895,0.2895,0.2895,10000142,2015-09-23,2015-09-23,P,2.95,2015-04-08
3769,2015-04-08 13:50:00,2015-04-08,0.2895,0.0,0.0,26.0,0.2895,0.2895,0.2895,10000142,2015-09-23,2015-09-23,P,2.95,2015-04-08
3770,2015-04-08 13:51:00,2015-04-08,0.2895,0.0,0.0,26.0,0.2895,0.2895,0.2895,10000142,2015-09-23,2015-09-23,P,2.95,2015-04-08
3771,2015-04-08 13:52:00,2015-04-08,0.2895,0.0,0.0,26.0,0.2895,0.2895,0.2895,10000142,2015-09-23,2015-09-23,P,2.95,2015-04-08
3772,2015-04-08 13:53:00,2015-04-08,0.2895,0.0,0.0,26.0,0.2895,0.2895,0.2895,10000142,2015-09-23,2015-09-23,P,2.95,2015-04-08
3773,2015-04-08 13:54:00,2015-04-08,0.2895,0.0,0.0,26.0,0.2895,0.2895,0.2895,10000142,2015-09-23,2015-09-23,P,2.95,2015-04-08
3774,2015-04-08 13:55:00,2015-04-08,0.2895,0.0,0.0,26.0,0.2895,0.2895,0.2895,10000142,2015-09-23,2015-09-23,P,2.95,2015-04-08
3775,2015-04-08 13:56:00,2015-04-08,0.2895,0.0,0.0,26.0,0.2895,0.2895,0.2895,10000142,2015-09-23,2015-09-23,P,2.95,2015-04-08
3776,2015-04-08 13:57:00,2015-04-08,0.2895,0.0,0.0,26.0,0.2895,0.2895,0.2895,10000142,2015-09-23,2015-09-23,P,2.95,2015-04-08
3777,2015-04-08 13:58:00,2015-04-08,0.2895,0.0,0.0,26.0,0.2895,0.2895,0.2895,10000142,2015-09-23,2015-09-23,P,2.95,2015-04-08
3778,2015-04-08 13:59:00,2015-04-08,0.2895,0.0,0.0,26.0,0.2895,0.2895,0.2895,10000142,2015-09-23,2015-09-23,P,2.95,2015-04-08
3779,2015-04-08 14:00:00,2015-04-08,0.2895,0.0,0.0,26.0,0.2895,0.2895,0.2895,10000142,2015-09-23,2015-09-23,P,2.95,2015-04-08
3780,2015-04-08 14:01:00,2015-04-08,0.2895,0.0,0.0,26.0,0.2895,0.2895,0.2895,10000142,2015-09-23,2015-09-23,P,2.95,2015-04-08
3781,2015-04-08 14:02:00,2015-04-08,0.2895,0.0,0.0,26.0,0.2895,0.2895,0.2895,10000142,2015-09-23,2015-09-23,P,2.95,2015-04-08
3782,2015-04-08 14:03:00,2015-04-08,0.2895,0.0,0.0,26.0,0.2895,0.2895,0.2895,10000142,2015-09-23,2015-09-23,P,2.95,2015-04-08
3783,2015-04-08 14:04:00,2015-04-08,0.2895,0.0,0.0,26.0,0.2895,0.2895,0.2895,10000142,2015-09-23,2015-09-23,P,2.95,2015-04-08
3784,2015-04-08 14:05:00,2015-04-08,0.2895,0.0,0.0,26.0,0.2895,0.2895,0.2895,10000142,2015-09-23,2015-09-23,P,2.95,2015-04-08
3785,2015-04-08 14:06:00,2015-04-08,0.2895,0.0,0.0,26.0,0.2895,0.2895,0.2895,10000142,2015-09-23,2015-09-23,P,2.95,2015-04-08
3786,2015-04-08 14:07:00,2015-04-08,0.2895,0.0,0.0,26.0,0.2895,0.2895,0.2895,10000142,2015-09-23,2015-09-23,P,2.95,2015-04-08
3787,2015-04-08 14:08:00,2015-04-08,0.2895,0.0,0.0,26.0,0.2895,0.2895,0.2895,10000142,2015-09-23,2015-09-23,P,2.95,2015-04-08
3788,2015-04-08 14:09:00,2015-04-08,0.2895,0.0,0.0,26.0,0.2895,0.2895,0.2895,10000142,2015-09-23,2015-09-23,P,2.95,2015-04-08
3789,2015-04-08 14:10:00,2015-04-08,0.2895,0.0,0.0,26.0,0.2895,0.2895,0.2895,10000142,2015-09-23,2015-09-23,P,2.95,2015-04-08
3790,2015-04-08 14:11:00,2015-04-08,0.2895,0.0,0.0,26.0,0.2895,0.2895,0.2895,10000142,2015-09-23,2015-09-23,P,2.95,2015-04-08
3791,2015-04-08 14:12:00,2015-04-08,0.2895,0.0,0.0,26.0,0.2895,0.2895,0.2895,10000142,2015-09-23,2015-09-23,P,2.95,2015-04-08
3792,2015-04-08 14:13:00,2015-04-08,0.2895,0.0,0.0,26.0,0.2895,0.2895,0.2895,10000142,2015-09-23,2015-09-23,P,2.95,2015-04-08
3793,2015-04-08 14:14:00,2015-04-08,0.2895,0.0,0.0,26.0,0.2895,0.2895,0.2895,10000142,2015-09-23,2015-09-23,P,2.95,2015-04-08
3794,2015-04-08 14:15:00,2015-04-08,0.2895,0.0,0.0,26.0,0.2895,0.2895,0.2895,10000142,2015-09-23,2015-09-23,P,2.95,2015-04-08
3795,2015-04-08 14:16:00,2015-04-08,0.2895,0.0,0.0,26.0,0.2895,0.2895,0.2895,10000142,2015-09-23,2015-09-23,P,2.95,2015-04-08
3796,2015-04-08 14:17:00,2015-04-08,0.2895,0.0,0.0,26.0,0.2895,0.2895,0.2895,10000142,2015-09-23,2015-09-23,P,2.95,2015-04-08
3797,2015-04-08 14:18:00,2015-04-08,0.2895,0.0,0.0,26.0,0.2895,0.2895,0.2895,10000142,2015-09-23,2015-09-23,P,2.95,2015-04-08
3798,2015-04-08 14:19:00,2015-04-08,0.2895,0.0,0.0,26.0,0.2895,0.2895,0.2895,10000142,2015-09-23,2015-09-23,P,2.95,2015-04-08
3799,2015-04-08 14:20:00,2015-04-08,0.2895,0.0,0.0,26.0,0.2895,0.2895,0.2895,10000142,2015-09-23,2015-09-23,P,2.95,2015-04-08
3800,2015-04-08 14:21:00,2015-04-08,0.2895,0.0,0.0,26.0,0.2895,0.2895,0.2895,10000142,2015-09-23,2015-09-23,P,2.95,2015-04-08
3801,2015-04-08 14:22:00,2015-04-08,0.2895,0.0,0.0,26.0,0.2895,0.2895,0.2895,10000142,2015-09-23,2015-09-23,P,2.95,2015-04-08
3802,2015-04-08 14:23:00,2015-04-08,0.2895,0.0,0.0,26.0,0.2895,0.2895,0.2895,10000142,2015-09-23,2015-09-23,P,2.95,2015-04-08
3803,2015-04-08 14:24:00,2015-04-08,0.2895,0.0,0.0,26.0,0.2895,0.2895,0.2895,10000142,2015-09-23,2015-09-23,P,2.95,2015-04-08
3804,2015-04-08 14:25:00,2015-04-08,0.2895,0.0,0.0,26.0,0.2895,0.2895,0.2895,10000142,2015-09-23,2015-09-23,P,2.95,2015-04-08
3805,2015-04-08 14:26:00,2015-04-08,0.2895,0.0,0.0,26.0,0.2895,0.2895,0.2895,10000142,2015-09-23,2015-09-23,P,2.95,2015-04-08
3806,2015-04-08 14:27:00,2015-04-08,0.2895,0.0,0.0,26.0,0.2895,0.2895,0.2895,10000142,2015-09-23,2015-09-23,P,2.95,2015-04-08
3807,2015-04-08 14:28:00,2015-04-08,0.2895,0.0,0.0,26.0,0.2895,0.2895,0.2895,10000142,2015-09-23,2015-09-23,P,2.95,2015-04-08
3808,2015-04-08 14:29:00,2015-04-08,0.2895,0.0,0.0,26.0,0.2895,0.2895,0.2895,10000142,2015-09-23,2015-09-23,P,2.95,2015-04-08
3809,2015-04-08 14:30:00,2015-04-08,0.2895,0.0,0.0,26.0,0.2895,0.2895,0.2895,10000142,2015-09-23,2015-09-23,P,2.95,2015-04-08
3810,2015-04-08 14:31:00,2015-04-08,0.2895,0.0,0.0,26.0,0.2895,0.2895,0.2895,10000142,2015-09-23,2015-09-23,P,2.95,2015-04-08
3811,2015-04-08 14:32:00,2015-04-08,0.2895,0.0,0.0,26.0,0.2895,0.2895,0.2895,10000142,2015-09-23,2015-09-23,P,2.95,2015-04-08
3812,2015-04-08 14:33:00,2015-04-08,0.2895,0.0,0.0,26.0,0.2895,0.2895,0.2895,10000142,2015-09-23,2015-09-23,P,2.95,2015-04-08
3813,2015-04-08 14:34:00,2015-04-08,0.2895,0.0,0.0,26.0,0.2895,0.2895,0.2895,10000142,2015-09-23,2015-09-23,P,2.95,2015-04-08
3814,2015-04-08 14:35:00,2015-04-08,0.2895,0.0,0.0,26.0,0.2895,0.2895,0.2895,10000142,2015-09-23,2015-09-23,P,2.95,2015-04-08
3815,2015-04-08 14:36:00,2015-04-08,0.2895,0.0,0.0,26.0,0.2895,0.2895,0.2895,10000142,2015-09-23,2015-09-23,P,2.95,2015-04-08
3816,2015-04-08 14:37:00,2015-04-08,0.2895,0.0,0.0,26.0,0.2895,0.2895,0.2895,10000142,2015-09-23,2015-09-23,P,2.95,2015-04-08
3817,2015-04-08 14:38:00,2015-04-08,0.2895,0.0,0.0,26.0,0.2895,0.2895,0.2895,10000142,2015-09-23,2015-09-23,P,2.95,2015-04-08
3818,2015-04-08 14:39:00,2015-04-08,0.2895,0.0,0.0,26.0,0.2895,0.2895,0.2895,10000142,2015-09-23,2015-09-23,P,2.95,2015-04-08
3819,2015-04-08 14:40:00,2015-04-08,0.2895,0.0,0.0,26.0,0.2895,0.2895,0.2895,10000142,2015-09-23,2015-09-23,P,2.95,2015-04-08
3820,2015-04-08 14:41:00,2015-04-08,0.2895,0.0,0.0,26.0,0.2895,0.2895,0.2895,10000142,2015-09-23,2015-09-23,P,2.95,2015-04-08
3821,2015-04-08 14:42:00,2015-04-08,0.2895,0.0,0.0,26.0,0.2895,0.2895,0.2895,10000142,2015-09-23,2015-09-23,P,2.95,2015-04-08
3822,2015-04-08 14:43:00,2015-04-08,0.2895,0.0,0.0,26.0,0.2895,0.2895,0.2895,10000142,2015-09-23,2015-09-23,P,2.95,2015-04-08
3823,2015-04-08 14:44:00,2015-04-08,0.2895,0.0,0.0,26.0,0.2895,0.2895,0.2895,10000142,2015-09-23,2015-09-23,P,2.95,2015-04-08
3824,2015-04-08 14:45:00,2015-04-08,0.2895,0.0,0.0,26.0,0.2895,0.2895,0.2895,10000142,2015-09-23,2015-09-23,P,2.95,2015-04-08
3825,2015-04-08 14:46:00,2015-04-08,0.2895,0.0,0.0,26.0,0.2895,0.2895,0.2895,10000142,2015-09-23,2015-09-23,P,2.95,2015-04-08
3826,2015-04-08 14:47:00,2015-04-08,0.2895,0.0,0.0,26.0,0.2895,0.2895,0.2895,10000142,2015-09-23,2015-09-23,P,2.95,2015-04-08
3827,2015-04-08 14:48:00,2015-04-08,0.2895,0.0,0.0,26.0,0.2895,0.2895,0.2895,10000142,2015-09-23,2015-09-23,P,2.95,2015-04-08
3828,2015-04-08 14:49:00,2015-04-08,0.2895,0.0,0.0,26.0,0.2895,0.2895,0.2895,10000142,2015-09-23,2015-09-23,P,2.95,2015-04-08
3829,2015-04-08 14:50:00,2015-04-08,0.2895,0.0,0.0,26.0,0.2895,0.2895,0.2895,10000142,2015-09-23,2015-09-23,P,2.95,2015-04-08
3830,2015-04-08 14:51:00,2015-04-08,0.2895,0.0,0.0,26.0,0.2895,0.2895,0.2895,10000142,2015-09-23,2015-09-23,P,2.95,2015-04-08
3831,2015-04-08 14:52:00,2015-04-08,0.2895,0.0,0.0,26.0,0.2895,0.2895,0.2895,10000142,2015-09-23,2015-09-23,P,2.95,2015-04-08
3832,2015-04-08 14:53:00,2015-04-08,0.2895,0.0,0.0,26.0,0.2895,0.2895,0.2895,10000142,2015-09-23,2015-09-23,P,2.95,2015-04-08
3833,2015-04-08 14:54:00,2015-04-08,0.2895,0.0,0.0,26.0,0.2895,0.2895,0.2895,10000142,2015-09-23,2015-09-23,P,2.95,2015-04-08
3834,2015-04-08 14:55:00,2015-04-08,0.2895,0.0,0.0,26.0,0.2895,0.2895,0.2895,10000142,2015-09-23,2015-09-23,P,2.95,2015-04-08
3835,2015-04-08 14:56:00,2015-04-08,0.2895,0.0,0.0,26.0,0.2895,0.2895,0.2895,10000142,2015-09-23,2015-09-23,P,2.95,2015-04-08
3836,2015-04-08 14:57:00,2015-04-08,0.2895,0.0,0.0,26.0,0.2895,0.2895,0.2895,10000142,2015-09-23,2015-09-23,P,2.95,2015-04-08
3837,2015-04-08 14:58:00,2015-04-08,0.2895,0.0,0.0,26.0,0.2895,0.2895,0.2895,10000142,2015-09-23,2015-09-23,P,2.95,2015-04-08
3838,2015-04-08 14:59:00,2015-04-08,0.2895,0.0,0.0,26.0,0.2895,0.2895,0.2895,10000142,2015-09-23,2015-09-23,P,2.95,2015-04-08
3839,2015-04-08 15:00:00,2015-04-08,0.2895,0.0,0.0,26.0,0.2895,0.2895,0.2895,10000142,2015-09-23,2015-09-23,P,2.95,2015-04-08
3840,2015-04-08 09:31:00,2015-04-08,0.1467,0.0,0.0,0.0,0.1486,0.1486,0.1467,10000135,2015-06-24,2015-06-24,C,2.9,2015-04-08
3841,2015-04-08 09:32:00,2015-04-08,0.1486,0.0,0.0,0.0,0.1486,0.1486,0.1486,10000135,2015-06-24,2015-06-24,C,2.9,2015-04-08
3842,2015-04-08 09:33:00,2015-04-08,0.1486,0.0,0.0,0.0,0.1486,0.1486,0.1486,10000135,2015-06-24,2015-06-24,C,2.9,2015-04-08
3843,2015-04-08 09:34:00,2015-04-08,0.1486,0.0,0.0,0.0,0.1486,0.1486,0.1486,10000135,2015-06-24,2015-06-24,C,2.9,2015-04-08
3844,2015-04-08 09:35:00,2015-04-08,0.1486,0.0,0.0,0.0,0.1486,0.1486,0.1486,10000135,2015-06-24,2015-06-24,C,2.9,2015-04-08
3845,2015-04-08 09:36:00,2015-04-08,0.1618,22760.0,15.0,15.0,0.1618,0.1618,0.1618,10000135,2015-06-24,2015-06-24,C,2.9,2015-04-08
3846,2015-04-08 09:37:00,2015-04-08,0.1618,0.0,0.0,15.0,0.1618,0.1618,0.1618,10000135,2015-06-24,2015-06-24,C,2.9,2015-04-08
3847,2015-04-08 09:38:00,2015-04-08,0.1618,0.0,0.0,15.0,0.1618,0.1618,0.1618,10000135,2015-06-24,2015-06-24,C,2.9,2015-04-08
3848,2015-04-08 09:39:00,2015-04-08,0.1618,0.0,0.0,15.0,0.1618,0.1618,0.1618,10000135,2015-06-24,2015-06-24,C,2.9,2015-04-08
3849,2015-04-08 09:40:00,2015-04-08,0.1618,0.0,0.0,15.0,0.1618,0.1618,0.1618,10000135,2015-06-24,2015-06-24,C,2.9,2015-04-08
3850,2015-04-08 09:41:00,2015-04-08,0.1618,0.0,0.0,15.0,0.1618,0.1618,0.1618,10000135,2015-06-24,2015-06-24,C,2.9,2015-04-08
3851,2015-04-08 09:42:00,2015-04-08,0.1618,0.0,0.0,15.0,0.1618,0.1618,0.1618,10000135,2015-06-24,2015-06-24,C,2.9,2015-04-08
3852,2015-04-08 09:43:00,2015-04-08,0.1618,0.0,0.0,15.0,0.1618,0.1618,0.1618,10000135,2015-06-24,2015-06-24,C,2.9,2015-04-08
3853,2015-04-08 09:44:00,2015-04-08,0.1634,8170.0,5.0,20.0,0.1634,0.1634,0.1634,10000135,2015-06-24,2015-06-24,C,2.9,2015-04-08
3854,2015-04-08 09:45:00,2015-04-08,0.1634,3268.0,2.0,22.0,0.1634,0.1634,0.1634,10000135,2015-06-24,2015-06-24,C,2.9,2015-04-08
3855,2015-04-08 09:46:00,2015-04-08,0.1634,0.0,0.0,22.0,0.1634,0.1634,0.1634,10000135,2015-06-24,2015-06-24,C,2.9,2015-04-08
3856,2015-04-08 09:47:00,2015-04-08,0.1634,0.0,0.0,22.0,0.1634,0.1634,0.1634,10000135,2015-06-24,2015-06-24,C,2.9,2015-04-08
3857,2015-04-08 09:48:00,2015-04-08,0.1634,0.0,0.0,22.0,0.1634,0.1634,0.1634,10000135,2015-06-24,2015-06-24,C,2.9,2015-04-08
3858,2015-04-08 09:49:00,2015-04-08,0.1634,0.0,0.0,22.0,0.1634,0.1634,0.1634,10000135,2015-06-24,2015-06-24,C,2.9,2015-04-08
3859,2015-04-08 09:50:00,2015-04-08,0.1634,0.0,0.0,22.0,0.1634,0.1634,0.1634,10000135,2015-06-24,2015-06-24,C,2.9,2015-04-08
3860,2015-04-08 09:51:00,2015-04-08,0.1634,0.0,0.0,22.0,0.1634,0.1634,0.1634,10000135,2015-06-24,2015-06-24,C,2.9,2015-04-08
3861,2015-04-08 09:52:00,2015-04-08,0.1634,0.0,0.0,22.0,0.1634,0.1634,0.1634,10000135,2015-06-24,2015-06-24,C,2.9,2015-04-08
3862,2015-04-08 09:53:00,2015-04-08,0.1634,0.0,0.0,22.0,0.1634,0.1634,0.1634,10000135,2015-06-24,2015-06-24,C,2.9,2015-04-08
3863,2015-04-08 09:54:00,2015-04-08,0.1634,0.0,0.0,22.0,0.1634,0.1634,0.1634,10000135,2015-06-24,2015-06-24,C,2.9,2015-04-08
3864,2015-04-08 09:55:00,2015-04-08,0.1634,0.0,0.0,22.0,0.1634,0.1634,0.1634,10000135,2015-06-24,2015-06-24,C,2.9,2015-04-08
3865,2015-04-08 09:56:00,2015-04-08,0.1634,0.0,0.0,22.0,0.1634,0.1634,0.1634,10000135,2015-06-24,2015-06-24,C,2.9,2015-04-08
3866,2015-04-08 09:57:00,2015-04-08,0.1634,0.0,0.0,22.0,0.1634,0.1634,0.1634,10000135,2015-06-24,2015-06-24,C,2.9,2015-04-08
3867,2015-04-08 09:58:00,2015-04-08,0.1634,0.0,0.0,22.0,0.1634,0.1634,0.1634,10000135,2015-06-24,2015-06-24,C,2.9,2015-04-08
3868,2015-04-08 09:59:00,2015-04-08,0.1634,0.0,0.0,22.0,0.1634,0.1634,0.1634,10000135,2015-06-24,2015-06-24,C,2.9,2015-04-08
3869,2015-04-08 10:00:00,2015-04-08,0.1634,0.0,0.0,22.0,0.1634,0.1634,0.1634,10000135,2015-06-24,2015-06-24,C,2.9,2015-04-08
3870,2015-04-08 10:01:00,2015-04-08,0.1634,0.0,0.0,22.0,0.1634,0.1634,0.1634,10000135,2015-06-24,2015-06-24,C,2.9,2015-04-08
3871,2015-04-08 10:02:00,2015-04-08,0.1634,0.0,0.0,22.0,0.1634,0.1634,0.1634,10000135,2015-06-24,2015-06-24,C,2.9,2015-04-08
3872,2015-04-08 10:03:00,2015-04-08,0.1634,0.0,0.0,22.0,0.1634,0.1634,0.1634,10000135,2015-06-24,2015-06-24,C,2.9,2015-04-08
3873,2015-04-08 10:04:00,2015-04-08,0.1634,0.0,0.0,22.0,0.1634,0.1634,0.1634,10000135,2015-06-24,2015-06-24,C,2.9,2015-04-08
3874,2015-04-08 10:05:00,2015-04-08,0.1634,0.0,0.0,22.0,0.1634,0.1634,0.1634,10000135,2015-06-24,2015-06-24,C,2.9,2015-04-08
3875,2015-04-08 10:06:00,2015-04-08,0.1634,0.0,0.0,22.0,0.1634,0.1634,0.1634,10000135,2015-06-24,2015-06-24,C,2.9,2015-04-08
3876,2015-04-08 10:07:00,2015-04-08,0.1634,0.0,0.0,22.0,0.1634,0.1634,0.1634,10000135,2015-06-24,2015-06-24,C,2.9,2015-04-08
3877,2015-04-08 10:08:00,2015-04-08,0.1634,0.0,0.0,22.0,0.1634,0.1634,0.1634,10000135,2015-06-24,2015-06-24,C,2.9,2015-04-08
3878,2015-04-08 10:09:00,2015-04-08,0.1634,0.0,0.0,22.0,0.1634,0.1634,0.1634,10000135,2015-06-24,2015-06-24,C,2.9,2015-04-08
3879,2015-04-08 10:10:00,2015-04-08,0.1634,0.0,0.0,22.0,0.1634,0.1634,0.1634,10000135,2015-06-24,2015-06-24,C,2.9,2015-04-08
3880,2015-04-08 10:11:00,2015-04-08,0.1634,0.0,0.0,22.0,0.1634,0.1634,0.1634,10000135,2015-06-24,2015-06-24,C,2.9,2015-04-08
3881,2015-04-08 10:12:00,2015-04-08,0.1634,0.0,0.0,22.0,0.1634,0.1634,0.1634,10000135,2015-06-24,2015-06-24,C,2.9,2015-04-08
3882,2015-04-08 10:13:00,2015-04-08,0.1634,0.0,0.0,22.0,0.1634,0.1634,0.1634,10000135,2015-06-24,2015-06-24,C,2.9,2015-04-08
3883,2015-04-08 10:14:00,2015-04-08,0.1634,0.0,0.0,22.0,0.1634,0.1634,0.1634,10000135,2015-06-24,2015-06-24,C,2.9,2015-04-08
3884,2015-04-08 10:15:00,2015-04-08,0.1634,0.0,0.0,22.0,0.1634,0.1634,0.1634,10000135,2015-06-24,2015-06-24,C,2.9,2015-04-08
3885,2015-04-08 10:16:00,2015-04-08,0.1634,0.0,0.0,22.0,0.1634,0.1634,0.1634,10000135,2015-06-24,2015-06-24,C,2.9,2015-04-08
3886,2015-04-08 10:17:00,2015-04-08,0.1634,0.0,0.0,22.0,0.1634,0.1634,0.1634,10000135,2015-06-24,2015-06-24,C,2.9,2015-04-08
3887,2015-04-08 10:18:00,2015-04-08,0.1634,0.0,0.0,22.0,0.1634,0.1634,0.1634,10000135,2015-06-24,2015-06-24,C,2.9,2015-04-08
3888,2015-04-08 10:19:00,2015-04-08,0.1634,0.0,0.0,22.0,0.1634,0.1634,0.1634,10000135,2015-06-24,2015-06-24,C,2.9,2015-04-08
3889,2015-04-08 10:20:00,2015-04-08,0.1634,0.0,0.0,22.0,0.1634,0.1634,0.1634,10000135,2015-06-24,2015-06-24,C,2.9,2015-04-08
3890,2015-04-08 10:21:00,2015-04-08,0.1634,0.0,0.0,22.0,0.1634,0.1634,0.1634,10000135,2015-06-24,2015-06-24,C,2.9,2015-04-08
3891,2015-04-08 10:22:00,2015-04-08,0.1634,0.0,0.0,22.0,0.1634,0.1634,0.1634,10000135,2015-06-24,2015-06-24,C,2.9,2015-04-08
3892,2015-04-08 10:23:00,2015-04-08,0.1634,0.0,0.0,22.0,0.1634,0.1634,0.1634,10000135,2015-06-24,2015-06-24,C,2.9,2015-04-08
3893,2015-04-08 10:24:00,2015-04-08,0.1634,0.0,0.0,22.0,0.1634,0.1634,0.1634,10000135,2015-06-24,2015-06-24,C,2.9,2015-04-08
3894,2015-04-08 10:25:00,2015-04-08,0.1634,0.0,0.0,22.0,0.1634,0.1634,0.1634,10000135,2015-06-24,2015-06-24,C,2.9,2015-04-08
3895,2015-04-08 10:26:00,2015-04-08,0.1634,0.0,0.0,22.0,0.1634,0.1634,0.1634,10000135,2015-06-24,2015-06-24,C,2.9,2015-04-08
3896,2015-04-08 10:27:00,2015-04-08,0.1634,0.0,0.0,22.0,0.1634,0.1634,0.1634,10000135,2015-06-24,2015-06-24,C,2.9,2015-04-08
3897,2015-04-08 10:28:00,2015-04-08,0.1634,0.0,0.0,22.0,0.1634,0.1634,0.1634,10000135,2015-06-24,2015-06-24,C,2.9,2015-04-08
3898,2015-04-08 10:29:00,2015-04-08,0.1634,0.0,0.0,22.0,0.1634,0.1634,0.1634,10000135,2015-06-24,2015-06-24,C,2.9,2015-04-08
3899,2015-04-08 10:30:00,2015-04-08,0.1634,0.0,0.0,22.0,0.1634,0.1634,0.1634,10000135,2015-06-24,2015-06-24,C,2.9,2015-04-08
3900,2015-04-08 10:31:00,2015-04-08,0.1634,0.0,0.0,22.0,0.1634,0.1634,0.1634,10000135,2015-06-24,2015-06-24,C,2.9,2015-04-08
3901,2015-04-08 10:32:00,2015-04-08,0.1703,8515.0,5.0,27.0,0.1703,0.1703,0.1703,10000135,2015-06-24,2015-06-24,C,2.9,2015-04-08
3902,2015-04-08 10:33:00,2015-04-08,0.1703,0.0,0.0,27.0,0.1703,0.1703,0.1703,10000135,2015-06-24,2015-06-24,C,2.9,2015-04-08
3903,2015-04-08 10:34:00,2015-04-08,0.1703,0.0,0.0,27.0,0.1703,0.1703,0.1703,10000135,2015-06-24,2015-06-24,C,2.9,2015-04-08
3904,2015-04-08 10:35:00,2015-04-08,0.1703,0.0,0.0,27.0,0.1703,0.1703,0.1703,10000135,2015-06-24,2015-06-24,C,2.9,2015-04-08
3905,2015-04-08 10:36:00,2015-04-08,0.1703,0.0,0.0,27.0,0.1703,0.1703,0.1703,10000135,2015-06-24,2015-06-24,C,2.9,2015-04-08
3906,2015-04-08 10:37:00,2015-04-08,0.1703,0.0,0.0,27.0,0.1703,0.1703,0.1703,10000135,2015-06-24,2015-06-24,C,2.9,2015-04-08
3907,2015-04-08 10:38:00,2015-04-08,0.1703,0.0,0.0,27.0,0.1703,0.1703,0.1703,10000135,2015-06-24,2015-06-24,C,2.9,2015-04-08
3908,2015-04-08 10:39:00,2015-04-08,0.1703,0.0,0.0,27.0,0.1703,0.1703,0.1703,10000135,2015-06-24,2015-06-24,C,2.9,2015-04-08
3909,2015-04-08 10:40:00,2015-04-08,0.1703,0.0,0.0,27.0,0.1703,0.1703,0.1703,10000135,2015-06-24,2015-06-24,C,2.9,2015-04-08
3910,2015-04-08 10:41:00,2015-04-08,0.1703,0.0,0.0,27.0,0.1703,0.1703,0.1703,10000135,2015-06-24,2015-06-24,C,2.9,2015-04-08
3911,2015-04-08 10:42:00,2015-04-08,0.1703,0.0,0.0,27.0,0.1703,0.1703,0.1703,10000135,2015-06-24,2015-06-24,C,2.9,2015-04-08
3912,2015-04-08 10:43:00,2015-04-08,0.1703,0.0,0.0,27.0,0.1703,0.1703,0.1703,10000135,2015-06-24,2015-06-24,C,2.9,2015-04-08
3913,2015-04-08 10:44:00,2015-04-08,0.1703,0.0,0.0,27.0,0.1703,0.1703,0.1703,10000135,2015-06-24,2015-06-24,C,2.9,2015-04-08
3914,2015-04-08 10:45:00,2015-04-08,0.1703,0.0,0.0,27.0,0.1703,0.1703,0.1703,10000135,2015-06-24,2015-06-24,C,2.9,2015-04-08
3915,2015-04-08 10:46:00,2015-04-08,0.1703,0.0,0.0,27.0,0.1703,0.1703,0.1703,10000135,2015-06-24,2015-06-24,C,2.9,2015-04-08
3916,2015-04-08 10:47:00,2015-04-08,0.1703,0.0,0.0,27.0,0.1703,0.1703,0.1703,10000135,2015-06-24,2015-06-24,C,2.9,2015-04-08
3917,2015-04-08 10:48:00,2015-04-08,0.1703,0.0,0.0,27.0,0.1703,0.1703,0.1703,10000135,2015-06-24,2015-06-24,C,2.9,2015-04-08
3918,2015-04-08 10:49:00,2015-04-08,0.1703,0.0,0.0,27.0,0.1703,0.1703,0.1703,10000135,2015-06-24,2015-06-24,C,2.9,2015-04-08
3919,2015-04-08 10:50:00,2015-04-08,0.1703,0.0,0.0,27.0,0.1703,0.1703,0.1703,10000135,2015-06-24,2015-06-24,C,2.9,2015-04-08
3920,2015-04-08 10:51:00,2015-04-08,0.1703,0.0,0.0,27.0,0.1703,0.1703,0.1703,10000135,2015-06-24,2015-06-24,C,2.9,2015-04-08
3921,2015-04-08 10:52:00,2015-04-08,0.1703,0.0,0.0,27.0,0.1703,0.1703,0.1703,10000135,2015-06-24,2015-06-24,C,2.9,2015-04-08
3922,2015-04-08 10:53:00,2015-04-08,0.1703,0.0,0.0,27.0,0.1703,0.1703,0.1703,10000135,2015-06-24,2015-06-24,C,2.9,2015-04-08
3923,2015-04-08 10:54:00,2015-04-08,0.1703,0.0,0.0,27.0,0.1703,0.1703,0.1703,10000135,2015-06-24,2015-06-24,C,2.9,2015-04-08
3924,2015-04-08 10:55:00,2015-04-08,0.1703,0.0,0.0,27.0,0.1703,0.1703,0.1703,10000135,2015-06-24,2015-06-24,C,2.9,2015-04-08
3925,2015-04-08 10:56:00,2015-04-08,0.1703,0.0,0.0,27.0,0.1703,0.1703,0.1703,10000135,2015-06-24,2015-06-24,C,2.9,2015-04-08
3926,2015-04-08 10:57:00,2015-04-08,0.1703,0.0,0.0,27.0,0.1703,0.1703,0.1703,10000135,2015-06-24,2015-06-24,C,2.9,2015-04-08
3927,2015-04-08 10:58:00,2015-04-08,0.1703,0.0,0.0,27.0,0.1703,0.1703,0.1703,10000135,2015-06-24,2015-06-24,C,2.9,2015-04-08
3928,2015-04-08 10:59:00,2015-04-08,0.1703,0.0,0.0,27.0,0.1703,0.1703,0.1703,10000135,2015-06-24,2015-06-24,C,2.9,2015-04-08
3929,2015-04-08 11:00:00,2015-04-08,0.1703,0.0,0.0,27.0,0.1703,0.1703,0.1703,10000135,2015-06-24,2015-06-24,C,2.9,2015-04-08
3930,2015-04-08 11:01:00,2015-04-08,0.1703,0.0,0.0,27.0,0.1703,0.1703,0.1703,10000135,2015-06-24,2015-06-24,C,2.9,2015-04-08
3931,2015-04-08 11:02:00,2015-04-08,0.1703,0.0,0.0,27.0,0.1703,0.1703,0.1703,10000135,2015-06-24,2015-06-24,C,2.9,2015-04-08
3932,2015-04-08 11:03:00,2015-04-08,0.1703,0.0,0.0,27.0,0.1703,0.1703,0.1703,10000135,2015-06-24,2015-06-24,C,2.9,2015-04-08
3933,2015-04-08 11:04:00,2015-04-08,0.1703,0.0,0.0,27.0,0.1703,0.1703,0.1703,10000135,2015-06-24,2015-06-24,C,2.9,2015-04-08
3934,2015-04-08 11:05:00,2015-04-08,0.1703,0.0,0.0,27.0,0.1703,0.1703,0.1703,10000135,2015-06-24,2015-06-24,C,2.9,2015-04-08
3935,2015-04-08 11:06:00,2015-04-08,0.1703,0.0,0.0,27.0,0.1703,0.1703,0.1703,10000135,2015-06-24,2015-06-24,C,2.9,2015-04-08
3936,2015-04-08 11:07:00,2015-04-08,0.1703,0.0,0.0,27.0,0.1703,0.1703,0.1703,10000135,2015-06-24,2015-06-24,C,2.9,2015-04-08
3937,2015-04-08 11:08:00,2015-04-08,0.1703,0.0,0.0,27.0,0.1703,0.1703,0.1703,10000135,2015-06-24,2015-06-24,C,2.9,2015-04-08
3938,2015-04-08 11:09:00,2015-04-08,0.1703,0.0,0.0,27.0,0.1703,0.1703,0.1703,10000135,2015-06-24,2015-06-24,C,2.9,2015-04-08
3939,2015-04-08 11:10:00,2015-04-08,0.1703,0.0,0.0,27.0,0.1703,0.1703,0.1703,10000135,2015-06-24,2015-06-24,C,2.9,2015-04-08
3940,2015-04-08 11:11:00,2015-04-08,0.1703,0.0,0.0,27.0,0.1703,0.1703,0.1703,10000135,2015-06-24,2015-06-24,C,2.9,2015-04-08
3941,2015-04-08 11:12:00,2015-04-08,0.1703,0.0,0.0,27.0,0.1703,0.1703,0.1703,10000135,2015-06-24,2015-06-24,C,2.9,2015-04-08
3942,2015-04-08 11:13:00,2015-04-08,0.1703,0.0,0.0,27.0,0.1703,0.1703,0.1703,10000135,2015-06-24,2015-06-24,C,2.9,2015-04-08
3943,2015-04-08 11:14:00,2015-04-08,0.1703,0.0,0.0,27.0,0.1703,0.1703,0.1703,10000135,2015-06-24,2015-06-24,C,2.9,2015-04-08
3944,2015-04-08 11:15:00,2015-04-08,0.1703,0.0,0.0,27.0,0.1703,0.1703,0.1703,10000135,2015-06-24,2015-06-24,C,2.9,2015-04-08
3945,2015-04-08 11:16:00,2015-04-08,0.1703,0.0,0.0,27.0,0.1703,0.1703,0.1703,10000135,2015-06-24,2015-06-24,C,2.9,2015-04-08
3946,2015-04-08 11:17:00,2015-04-08,0.1703,0.0,0.0,27.0,0.1703,0.1703,0.1703,10000135,2015-06-24,2015-06-24,C,2.9,2015-04-08
3947,2015-04-08 11:18:00,2015-04-08,0.1703,0.0,0.0,27.0,0.1703,0.1703,0.1703,10000135,2015-06-24,2015-06-24,C,2.9,2015-04-08
3948,2015-04-08 11:19:00,2015-04-08,0.1703,0.0,0.0,27.0,0.1703,0.1703,0.1703,10000135,2015-06-24,2015-06-24,C,2.9,2015-04-08
3949,2015-04-08 11:20:00,2015-04-08,0.1703,0.0,0.0,27.0,0.1703,0.1703,0.1703,10000135,2015-06-24,2015-06-24,C,2.9,2015-04-08
3950,2015-04-08 11:21:00,2015-04-08,0.1703,0.0,0.0,27.0,0.1703,0.1703,0.1703,10000135,2015-06-24,2015-06-24,C,2.9,2015-04-08
3951,2015-04-08 11:22:00,2015-04-08,0.1703,0.0,0.0,27.0,0.1703,0.1703,0.1703,10000135,2015-06-24,2015-06-24,C,2.9,2015-04-08
3952,2015-04-08 11:23:00,2015-04-08,0.1703,0.0,0.0,27.0,0.1703,0.1703,0.1703,10000135,2015-06-24,2015-06-24,C,2.9,2015-04-08
3953,2015-04-08 11:24:00,2015-04-08,0.1703,0.0,0.0,27.0,0.1703,0.1703,0.1703,10000135,2015-06-24,2015-06-24,C,2.9,2015-04-08
3954,2015-04-08 11:25:00,2015-04-08,0.1703,0.0,0.0,27.0,0.1703,0.1703,0.1703,10000135,2015-06-24,2015-06-24,C,2.9,2015-04-08
3955,2015-04-08 11:26:00,2015-04-08,0.1703,0.0,0.0,27.0,0.1703,0.1703,0.1703,10000135,2015-06-24,2015-06-24,C,2.9,2015-04-08
3956,2015-04-08 11:27:00,2015-04-08,0.1703,0.0,0.0,27.0,0.1703,0.1703,0.1703,10000135,2015-06-24,2015-06-24,C,2.9,2015-04-08
3957,2015-04-08 11:28:00,2015-04-08,0.1703,0.0,0.0,27.0,0.1703,0.1703,0.1703,10000135,2015-06-24,2015-06-24,C,2.9,2015-04-08
3958,2015-04-08 11:29:00,2015-04-08,0.1703,0.0,0.0,27.0,0.1703,0.1703,0.1703,10000135,2015-06-24,2015-06-24,C,2.9,2015-04-08
3959,2015-04-08 11:30:00,2015-04-08,0.1703,0.0,0.0,27.0,0.1703,0.1703,0.1703,10000135,2015-06-24,2015-06-24,C,2.9,2015-04-08
3960,2015-04-08 13:01:00,2015-04-08,0.1703,0.0,0.0,27.0,0.1703,0.1703,0.1703,10000135,2015-06-24,2015-06-24,C,2.9,2015-04-08
3961,2015-04-08 13:02:00,2015-04-08,0.1703,0.0,0.0,27.0,0.1703,0.1703,0.1703,10000135,2015-06-24,2015-06-24,C,2.9,2015-04-08
3962,2015-04-08 13:03:00,2015-04-08,0.1703,0.0,0.0,27.0,0.1703,0.1703,0.1703,10000135,2015-06-24,2015-06-24,C,2.9,2015-04-08
3963,2015-04-08 13:04:00,2015-04-08,0.1703,0.0,0.0,27.0,0.1703,0.1703,0.1703,10000135,2015-06-24,2015-06-24,C,2.9,2015-04-08
3964,2015-04-08 13:05:00,2015-04-08,0.1703,0.0,0.0,27.0,0.1703,0.1703,0.1703,10000135,2015-06-24,2015-06-24,C,2.9,2015-04-08
3965,2015-04-08 13:06:00,2015-04-08,0.1703,0.0,0.0,27.0,0.1703,0.1703,0.1703,10000135,2015-06-24,2015-06-24,C,2.9,2015-04-08
3966,2015-04-08 13:07:00,2015-04-08,0.1703,0.0,0.0,27.0,0.1703,0.1703,0.1703,10000135,2015-06-24,2015-06-24,C,2.9,2015-04-08
3967,2015-04-08 13:08:00,2015-04-08,0.1703,0.0,0.0,27.0,0.1703,0.1703,0.1703,10000135,2015-06-24,2015-06-24,C,2.9,2015-04-08
3968,2015-04-08 13:09:00,2015-04-08,0.1703,0.0,0.0,27.0,0.1703,0.1703,0.1703,10000135,2015-06-24,2015-06-24,C,2.9,2015-04-08
3969,2015-04-08 13:10:00,2015-04-08,0.1703,0.0,0.0,27.0,0.1703,0.1703,0.1703,10000135,2015-06-24,2015-06-24,C,2.9,2015-04-08
3970,2015-04-08 13:11:00,2015-04-08,0.1703,0.0,0.0,27.0,0.1703,0.1703,0.1703,10000135,2015-06-24,2015-06-24,C,2.9,2015-04-08
3971,2015-04-08 13:12:00,2015-04-08,0.1703,0.0,0.0,27.0,0.1703,0.1703,0.1703,10000135,2015-06-24,2015-06-24,C,2.9,2015-04-08
3972,2015-04-08 13:13:00,2015-04-08,0.1703,0.0,0.0,27.0,0.1703,0.1703,0.1703,10000135,2015-06-24,2015-06-24,C,2.9,2015-04-08
3973,2015-04-08 13:14:00,2015-04-08,0.1703,0.0,0.0,27.0,0.1703,0.1703,0.1703,10000135,2015-06-24,2015-06-24,C,2.9,2015-04-08
3974,2015-04-08 13:15:00,2015-04-08,0.1703,0.0,0.0,27.0,0.1703,0.1703,0.1703,10000135,2015-06-24,2015-06-24,C,2.9,2015-04-08
3975,2015-04-08 13:16:00,2015-04-08,0.1703,0.0,0.0,27.0,0.1703,0.1703,0.1703,10000135,2015-06-24,2015-06-24,C,2.9,2015-04-08
3976,2015-04-08 13:17:00,2015-04-08,0.1703,0.0,0.0,27.0,0.1703,0.1703,0.1703,10000135,2015-06-24,2015-06-24,C,2.9,2015-04-08
3977,2015-04-08 13:18:00,2015-04-08,0.1703,0.0,0.0,27.0,0.1703,0.1703,0.1703,10000135,2015-06-24,2015-06-24,C,2.9,2015-04-08
3978,2015-04-08 13:19:00,2015-04-08,0.1703,0.0,0.0,27.0,0.1703,0.1703,0.1703,10000135,2015-06-24,2015-06-24,C,2.9,2015-04-08
3979,2015-04-08 13:20:00,2015-04-08,0.1703,0.0,0.0,27.0,0.1703,0.1703,0.1703,10000135,2015-06-24,2015-06-24,C,2.9,2015-04-08
3980,2015-04-08 13:21:00,2015-04-08,0.1703,0.0,0.0,27.0,0.1703,0.1703,0.1703,10000135,2015-06-24,2015-06-24,C,2.9,2015-04-08
3981,2015-04-08 13:22:00,2015-04-08,0.1703,0.0,0.0,27.0,0.1703,0.1703,0.1703,10000135,2015-06-24,2015-06-24,C,2.9,2015-04-08
3982,2015-04-08 13:23:00,2015-04-08,0.1703,0.0,0.0,27.0,0.1703,0.1703,0.1703,10000135,2015-06-24,2015-06-24,C,2.9,2015-04-08
3983,2015-04-08 13:24:00,2015-04-08,0.1703,0.0,0.0,27.0,0.1703,0.1703,0.1703,10000135,2015-06-24,2015-06-24,C,2.9,2015-04-08
3984,2015-04-08 13:25:00,2015-04-08,0.1703,0.0,0.0,27.0,0.1703,0.1703,0.1703,10000135,2015-06-24,2015-06-24,C,2.9,2015-04-08
3985,2015-04-08 13:26:00,2015-04-08,0.1703,0.0,0.0,27.0,0.1703,0.1703,0.1703,10000135,2015-06-24,2015-06-24,C,2.9,2015-04-08
3986,2015-04-08 13:27:00,2015-04-08,0.1703,0.0,0.0,27.0,0.1703,0.1703,0.1703,10000135,2015-06-24,2015-06-24,C,2.9,2015-04-08
3987,2015-04-08 13:28:00,2015-04-08,0.1703,0.0,0.0,27.0,0.1703,0.1703,0.1703,10000135,2015-06-24,2015-06-24,C,2.9,2015-04-08
3988,2015-04-08 13:29:00,2015-04-08,0.1703,0.0,0.0,27.0,0.1703,0.1703,0.1703,10000135,2015-06-24,2015-06-24,C,2.9,2015-04-08
3989,2015-04-08 13:30:00,2015-04-08,0.1703,0.0,0.0,27.0,0.1703,0.1703,0.1703,10000135,2015-06-24,2015-06-24,C,2.9,2015-04-08
3990,2015-04-08 13:31:00,2015-04-08,0.1703,0.0,0.0,27.0,0.1703,0.1703,0.1703,10000135,2015-06-24,2015-06-24,C,2.9,2015-04-08
3991,2015-04-08 13:32:00,2015-04-08,0.1703,0.0,0.0,27.0,0.1703,0.1703,0.1703,10000135,2015-06-24,2015-06-24,C,2.9,2015-04-08
3992,2015-04-08 13:33:00,2015-04-08,0.1703,0.0,0.0,27.0,0.1703,0.1703,0.1703,10000135,2015-06-24,2015-06-24,C,2.9,2015-04-08
3993,2015-04-08 13:34:00,2015-04-08,0.1703,0.0,0.0,27.0,0.1703,0.1703,0.1703,10000135,2015-06-24,2015-06-24,C,2.9,2015-04-08
3994,2015-04-08 13:35:00,2015-04-08,0.194,3880.0,2.0,29.0,0.194,0.194,0.194,10000135,2015-06-24,2015-06-24,C,2.9,2015-04-08
3995,2015-04-08 13:36:00,2015-04-08,0.1984,5952.0,3.0,29.0,0.1984,0.1984,0.1984,10000135,2015-06-24,2015-06-24,C,2.9,2015-04-08
3996,2015-04-08 13:37:00,2015-04-08,0.1984,0.0,0.0,29.0,0.1984,0.1984,0.1984,10000135,2015-06-24,2015-06-24,C,2.9,2015-04-08
3997,2015-04-08 13:38:00,2015-04-08,0.1984,0.0,0.0,29.0,0.1984,0.1984,0.1984,10000135,2015-06-24,2015-06-24,C,2.9,2015-04-08
3998,2015-04-08 13:39:00,2015-04-08,0.192,1920.0,1.0,28.0,0.192,0.192,0.192,10000135,2015-06-24,2015-06-24,C,2.9,2015-04-08
3999,2015-04-08 13:40:00,2015-04-08,0.192,0.0,0.0,28.0,0.192,0.192,0.192,10000135,2015-06-24,2015-06-24,C,2.9,2015-04-08
4000,2015-04-08 13:41:00,2015-04-08,0.192,7680.0,4.0,28.0,0.192,0.192,0.192,10000135,2015-06-24,2015-06-24,C,2.9,2015-04-08
4001,2015-04-08 13:42:00,2015-04-08,0.192,0.0,0.0,28.0,0.192,0.192,0.192,10000135,2015-06-24,2015-06-24,C,2.9,2015-04-08
4002,2015-04-08 13:43:00,2015-04-08,0.192,0.0,0.0,28.0,0.192,0.192,0.192,10000135,2015-06-24,2015-06-24,C,2.9,2015-04-08
4003,2015-04-08 13:44:00,2015-04-08,0.192,0.0,0.0,28.0,0.192,0.192,0.192,10000135,2015-06-24,2015-06-24,C,2.9,2015-04-08
4004,2015-04-08 13:45:00,2015-04-08,0.192,0.0,0.0,28.0,0.192,0.192,0.192,10000135,2015-06-24,2015-06-24,C,2.9,2015-04-08
4005,2015-04-08 13:46:00,2015-04-08,0.192,0.0,0.0,28.0,0.192,0.192,0.192,10000135,2015-06-24,2015-06-24,C,2.9,2015-04-08
4006,2015-04-08 13:47:00,2015-04-08,0.192,0.0,0.0,28.0,0.192,0.192,0.192,10000135,2015-06-24,2015-06-24,C,2.9,2015-04-08
4007,2015-04-08 13:48:00,2015-04-08,0.192,0.0,0.0,28.0,0.192,0.192,0.192,10000135,2015-06-24,2015-06-24,C,2.9,2015-04-08
4008,2015-04-08 13:49:00,2015-04-08,0.192,0.0,0.0,28.0,0.192,0.192,0.192,10000135,2015-06-24,2015-06-24,C,2.9,2015-04-08
4009,2015-04-08 13:50:00,2015-04-08,0.192,0.0,0.0,28.0,0.192,0.192,0.192,10000135,2015-06-24,2015-06-24,C,2.9,2015-04-08
4010,2015-04-08 13:51:00,2015-04-08,0.192,0.0,0.0,28.0,0.192,0.192,0.192,10000135,2015-06-24,2015-06-24,C,2.9,2015-04-08
4011,2015-04-08 13:52:00,2015-04-08,0.192,0.0,0.0,28.0,0.192,0.192,0.192,10000135,2015-06-24,2015-06-24,C,2.9,2015-04-08
4012,2015-04-08 13:53:00,2015-04-08,0.192,0.0,0.0,28.0,0.192,0.192,0.192,10000135,2015-06-24,2015-06-24,C,2.9,2015-04-08
4013,2015-04-08 13:54:00,2015-04-08,0.192,0.0,0.0,28.0,0.192,0.192,0.192,10000135,2015-06-24,2015-06-24,C,2.9,2015-04-08
4014,2015-04-08 13:55:00,2015-04-08,0.192,0.0,0.0,28.0,0.192,0.192,0.192,10000135,2015-06-24,2015-06-24,C,2.9,2015-04-08
4015,2015-04-08 13:56:00,2015-04-08,0.192,0.0,0.0,28.0,0.192,0.192,0.192,10000135,2015-06-24,2015-06-24,C,2.9,2015-04-08
4016,2015-04-08 13:57:00,2015-04-08,0.192,0.0,0.0,28.0,0.192,0.192,0.192,10000135,2015-06-24,2015-06-24,C,2.9,2015-04-08
4017,2015-04-08 13:58:00,2015-04-08,0.192,0.0,0.0,28.0,0.192,0.192,0.192,10000135,2015-06-24,2015-06-24,C,2.9,2015-04-08
4018,2015-04-08 13:59:00,2015-04-08,0.192,0.0,0.0,28.0,0.192,0.192,0.192,10000135,2015-06-24,2015-06-24,C,2.9,2015-04-08
4019,2015-04-08 14:00:00,2015-04-08,0.192,0.0,0.0,28.0,0.192,0.192,0.192,10000135,2015-06-24,2015-06-24,C,2.9,2015-04-08
4020,2015-04-08 14:01:00,2015-04-08,0.192,0.0,0.0,28.0,0.192,0.192,0.192,10000135,2015-06-24,2015-06-24,C,2.9,2015-04-08
4021,2015-04-08 14:02:00,2015-04-08,0.192,0.0,0.0,28.0,0.192,0.192,0.192,10000135,2015-06-24,2015-06-24,C,2.9,2015-04-08
4022,2015-04-08 14:03:00,2015-04-08,0.192,0.0,0.0,28.0,0.192,0.192,0.192,10000135,2015-06-24,2015-06-24,C,2.9,2015-04-08
4023,2015-04-08 14:04:00,2015-04-08,0.192,0.0,0.0,28.0,0.192,0.192,0.192,10000135,2015-06-24,2015-06-24,C,2.9,2015-04-08
4024,2015-04-08 14:05:00,2015-04-08,0.1827,9135.0,5.0,28.0,0.1827,0.1827,0.1827,10000135,2015-06-24,2015-06-24,C,2.9,2015-04-08
4025,2015-04-08 14:06:00,2015-04-08,0.1827,9135.0,5.0,28.0,0.1827,0.1827,0.1827,10000135,2015-06-24,2015-06-24,C,2.9,2015-04-08
4026,2015-04-08 14:07:00,2015-04-08,0.1827,0.0,0.0,28.0,0.1827,0.1827,0.1827,10000135,2015-06-24,2015-06-24,C,2.9,2015-04-08
4027,2015-04-08 14:08:00,2015-04-08,0.1827,0.0,0.0,28.0,0.1827,0.1827,0.1827,10000135,2015-06-24,2015-06-24,C,2.9,2015-04-08
4028,2015-04-08 14:09:00,2015-04-08,0.1827,0.0,0.0,28.0,0.1827,0.1827,0.1827,10000135,2015-06-24,2015-06-24,C,2.9,2015-04-08
4029,2015-04-08 14:10:00,2015-04-08,0.1827,0.0,0.0,28.0,0.1827,0.1827,0.1827,10000135,2015-06-24,2015-06-24,C,2.9,2015-04-08
4030,2015-04-08 14:11:00,2015-04-08,0.1827,0.0,0.0,28.0,0.1827,0.1827,0.1827,10000135,2015-06-24,2015-06-24,C,2.9,2015-04-08
4031,2015-04-08 14:12:00,2015-04-08,0.1827,0.0,0.0,28.0,0.1827,0.1827,0.1827,10000135,2015-06-24,2015-06-24,C,2.9,2015-04-08
4032,2015-04-08 14:13:00,2015-04-08,0.1827,0.0,0.0,28.0,0.1827,0.1827,0.1827,10000135,2015-06-24,2015-06-24,C,2.9,2015-04-08
4033,2015-04-08 14:14:00,2015-04-08,0.1827,0.0,0.0,28.0,0.1827,0.1827,0.1827,10000135,2015-06-24,2015-06-24,C,2.9,2015-04-08
4034,2015-04-08 14:15:00,2015-04-08,0.1827,0.0,0.0,28.0,0.1827,0.1827,0.1827,10000135,2015-06-24,2015-06-24,C,2.9,2015-04-08
4035,2015-04-08 14:16:00,2015-04-08,0.1827,0.0,0.0,28.0,0.1827,0.1827,0.1827,10000135,2015-06-24,2015-06-24,C,2.9,2015-04-08
4036,2015-04-08 14:17:00,2015-04-08,0.1827,0.0,0.0,28.0,0.1827,0.1827,0.1827,10000135,2015-06-24,2015-06-24,C,2.9,2015-04-08
4037,2015-04-08 14:18:00,2015-04-08,0.1827,0.0,0.0,28.0,0.1827,0.1827,0.1827,10000135,2015-06-24,2015-06-24,C,2.9,2015-04-08
4038,2015-04-08 14:19:00,2015-04-08,0.1827,0.0,0.0,28.0,0.1827,0.1827,0.1827,10000135,2015-06-24,2015-06-24,C,2.9,2015-04-08
4039,2015-04-08 14:20:00,2015-04-08,0.1827,0.0,0.0,28.0,0.1827,0.1827,0.1827,10000135,2015-06-24,2015-06-24,C,2.9,2015-04-08
4040,2015-04-08 14:21:00,2015-04-08,0.1827,0.0,0.0,28.0,0.1827,0.1827,0.1827,10000135,2015-06-24,2015-06-24,C,2.9,2015-04-08
4041,2015-04-08 14:22:00,2015-04-08,0.1827,0.0,0.0,28.0,0.1827,0.1827,0.1827,10000135,2015-06-24,2015-06-24,C,2.9,2015-04-08
4042,2015-04-08 14:23:00,2015-04-08,0.1827,0.0,0.0,28.0,0.1827,0.1827,0.1827,10000135,2015-06-24,2015-06-24,C,2.9,2015-04-08
4043,2015-04-08 14:24:00,2015-04-08,0.1827,0.0,0.0,28.0,0.1827,0.1827,0.1827,10000135,2015-06-24,2015-06-24,C,2.9,2015-04-08
4044,2015-04-08 14:25:00,2015-04-08,0.1827,0.0,0.0,28.0,0.1827,0.1827,0.1827,10000135,2015-06-24,2015-06-24,C,2.9,2015-04-08
4045,2015-04-08 14:26:00,2015-04-08,0.1827,0.0,0.0,28.0,0.1827,0.1827,0.1827,10000135,2015-06-24,2015-06-24,C,2.9,2015-04-08
4046,2015-04-08 14:27:00,2015-04-08,0.1827,0.0,0.0,28.0,0.1827,0.1827,0.1827,10000135,2015-06-24,2015-06-24,C,2.9,2015-04-08
4047,2015-04-08 14:28:00,2015-04-08,0.1827,0.0,0.0,28.0,0.1827,0.1827,0.1827,10000135,2015-06-24,2015-06-24,C,2.9,2015-04-08
4048,2015-04-08 14:29:00,2015-04-08,0.1827,0.0,0.0,28.0,0.1827,0.1827,0.1827,10000135,2015-06-24,2015-06-24,C,2.9,2015-04-08
4049,2015-04-08 14:30:00,2015-04-08,0.1827,0.0,0.0,28.0,0.1827,0.1827,0.1827,10000135,2015-06-24,2015-06-24,C,2.9,2015-04-08
4050,2015-04-08 14:31:00,2015-04-08,0.1827,0.0,0.0,28.0,0.1827,0.1827,0.1827,10000135,2015-06-24,2015-06-24,C,2.9,2015-04-08
4051,2015-04-08 14:32:00,2015-04-08,0.1827,0.0,0.0,28.0,0.1827,0.1827,0.1827,10000135,2015-06-24,2015-06-24,C,2.9,2015-04-08
4052,2015-04-08 14:33:00,2015-04-08,0.1827,0.0,0.0,28.0,0.1827,0.1827,0.1827,10000135,2015-06-24,2015-06-24,C,2.9,2015-04-08
4053,2015-04-08 14:34:00,2015-04-08,0.1827,0.0,0.0,28.0,0.1827,0.1827,0.1827,10000135,2015-06-24,2015-06-24,C,2.9,2015-04-08
4054,2015-04-08 14:35:00,2015-04-08,0.1827,0.0,0.0,28.0,0.1827,0.1827,0.1827,10000135,2015-06-24,2015-06-24,C,2.9,2015-04-08
4055,2015-04-08 14:36:00,2015-04-08,0.1827,0.0,0.0,28.0,0.1827,0.1827,0.1827,10000135,2015-06-24,2015-06-24,C,2.9,2015-04-08
4056,2015-04-08 14:37:00,2015-04-08,0.1827,0.0,0.0,28.0,0.1827,0.1827,0.1827,10000135,2015-06-24,2015-06-24,C,2.9,2015-04-08
4057,2015-04-08 14:38:00,2015-04-08,0.1827,0.0,0.0,28.0,0.1827,0.1827,0.1827,10000135,2015-06-24,2015-06-24,C,2.9,2015-04-08
4058,2015-04-08 14:39:00,2015-04-08,0.1827,0.0,0.0,28.0,0.1827,0.1827,0.1827,10000135,2015-06-24,2015-06-24,C,2.9,2015-04-08
4059,2015-04-08 14:40:00,2015-04-08,0.1827,0.0,0.0,28.0,0.1827,0.1827,0.1827,10000135,2015-06-24,2015-06-24,C,2.9,2015-04-08
4060,2015-04-08 14:41:00,2015-04-08,0.1827,0.0,0.0,28.0,0.1827,0.1827,0.1827,10000135,2015-06-24,2015-06-24,C,2.9,2015-04-08
4061,2015-04-08 14:42:00,2015-04-08,0.1827,0.0,0.0,28.0,0.1827,0.1827,0.1827,10000135,2015-06-24,2015-06-24,C,2.9,2015-04-08
4062,2015-04-08 14:43:00,2015-04-08,0.1827,0.0,0.0,28.0,0.1827,0.1827,0.1827,10000135,2015-06-24,2015-06-24,C,2.9,2015-04-08
4063,2015-04-08 14:44:00,2015-04-08,0.1827,0.0,0.0,28.0,0.1827,0.1827,0.1827,10000135,2015-06-24,2015-06-24,C,2.9,2015-04-08
4064,2015-04-08 14:45:00,2015-04-08,0.1827,0.0,0.0,28.0,0.1827,0.1827,0.1827,10000135,2015-06-24,2015-06-24,C,2.9,2015-04-08
4065,2015-04-08 14:46:00,2015-04-08,0.1827,0.0,0.0,28.0,0.1827,0.1827,0.1827,10000135,2015-06-24,2015-06-24,C,2.9,2015-04-08
4066,2015-04-08 14:47:00,2015-04-08,0.1827,0.0,0.0,28.0,0.1827,0.1827,0.1827,10000135,2015-06-24,2015-06-24,C,2.9,2015-04-08
4067,2015-04-08 14:48:00,2015-04-08,0.1827,0.0,0.0,28.0,0.1827,0.1827,0.1827,10000135,2015-06-24,2015-06-24,C,2.9,2015-04-08
4068,2015-04-08 14:49:00,2015-04-08,0.1827,0.0,0.0,28.0,0.1827,0.1827,0.1827,10000135,2015-06-24,2015-06-24,C,2.9,2015-04-08
4069,2015-04-08 14:50:00,2015-04-08,0.1827,0.0,0.0,28.0,0.1827,0.1827,0.1827,10000135,2015-06-24,2015-06-24,C,2.9,2015-04-08
4070,2015-04-08 14:51:00,2015-04-08,0.1827,0.0,0.0,28.0,0.1827,0.1827,0.1827,10000135,2015-06-24,2015-06-24,C,2.9,2015-04-08
4071,2015-04-08 14:52:00,2015-04-08,0.1827,0.0,0.0,28.0,0.1827,0.1827,0.1827,10000135,2015-06-24,2015-06-24,C,2.9,2015-04-08
4072,2015-04-08 14:53:00,2015-04-08,0.1827,0.0,0.0,28.0,0.1827,0.1827,0.1827,10000135,2015-06-24,2015-06-24,C,2.9,2015-04-08
4073,2015-04-08 14:54:00,2015-04-08,0.1827,0.0,0.0,28.0,0.1827,0.1827,0.1827,10000135,2015-06-24,2015-06-24,C,2.9,2015-04-08
4074,2015-04-08 14:55:00,2015-04-08,0.1827,0.0,0.0,28.0,0.1827,0.1827,0.1827,10000135,2015-06-24,2015-06-24,C,2.9,2015-04-08
4075,2015-04-08 14:56:00,2015-04-08,0.1827,0.0,0.0,28.0,0.1827,0.1827,0.1827,10000135,2015-06-24,2015-06-24,C,2.9,2015-04-08
4076,2015-04-08 14:57:00,2015-04-08,0.1827,0.0,0.0,28.0,0.1827,0.1827,0.1827,10000135,2015-06-24,2015-06-24,C,2.9,2015-04-08
4077,2015-04-08 14:58:00,2015-04-08,0.1827,0.0,0.0,28.0,0.1827,0.1827,0.1827,10000135,2015-06-24,2015-06-24,C,2.9,2015-04-08
4078,2015-04-08 14:59:00,2015-04-08,0.1827,0.0,0.0,28.0,0.1827,0.1827,0.1827,10000135,2015-06-24,2015-06-24,C,2.9,2015-04-08
4079,2015-04-08 15:00:00,2015-04-08,0.1827,0.0,0.0,28.0,0.1827,0.1827,0.1827,10000135,2015-06-24,2015-06-24,C,2.9,2015-04-08
4080,2015-04-08 09:31:00,2015-04-08,0.0538,538.0,1.0,267.0,0.0538,0.0538,0.0538,10000062,2015-06-24,2015-06-24,P,2.55,2015-02-27
4081,2015-04-08 09:32:00,2015-04-08,0.0538,0.0,0.0,267.0,0.0538,0.0538,0.0538,10000062,2015-06-24,2015-06-24,P,2.55,2015-02-27
4082,2015-04-08 09:33:00,2015-04-08,0.0538,0.0,0.0,267.0,0.0538,0.0538,0.0538,10000062,2015-06-24,2015-06-24,P,2.55,2015-02-27
4083,2015-04-08 09:34:00,2015-04-08,0.0538,0.0,0.0,267.0,0.0538,0.0538,0.0538,10000062,2015-06-24,2015-06-24,P,2.55,2015-02-27
4084,2015-04-08 09:35:00,2015-04-08,0.0538,0.0,0.0,267.0,0.0538,0.0538,0.0538,10000062,2015-06-24,2015-06-24,P,2.55,2015-02-27
4085,2015-04-08 09:36:00,2015-04-08,0.0538,0.0,0.0,267.0,0.0538,0.0538,0.0538,10000062,2015-06-24,2015-06-24,P,2.55,2015-02-27
4086,2015-04-08 09:37:00,2015-04-08,0.0538,0.0,0.0,267.0,0.0538,0.0538,0.0538,10000062,2015-06-24,2015-06-24,P,2.55,2015-02-27
4087,2015-04-08 09:38:00,2015-04-08,0.0538,0.0,0.0,267.0,0.0538,0.0538,0.0538,10000062,2015-06-24,2015-06-24,P,2.55,2015-02-27
4088,2015-04-08 09:39:00,2015-04-08,0.0538,0.0,0.0,267.0,0.0538,0.0538,0.0538,10000062,2015-06-24,2015-06-24,P,2.55,2015-02-27
4089,2015-04-08 09:40:00,2015-04-08,0.0538,0.0,0.0,267.0,0.0538,0.0538,0.0538,10000062,2015-06-24,2015-06-24,P,2.55,2015-02-27
4090,2015-04-08 09:41:00,2015-04-08,0.0538,0.0,0.0,267.0,0.0538,0.0538,0.0538,10000062,2015-06-24,2015-06-24,P,2.55,2015-02-27
4091,2015-04-08 09:42:00,2015-04-08,0.0538,0.0,0.0,267.0,0.0538,0.0538,0.0538,10000062,2015-06-24,2015-06-24,P,2.55,2015-02-27
4092,2015-04-08 09:43:00,2015-04-08,0.0538,0.0,0.0,267.0,0.0538,0.0538,0.0538,10000062,2015-06-24,2015-06-24,P,2.55,2015-02-27
4093,2015-04-08 09:44:00,2015-04-08,0.0538,0.0,0.0,267.0,0.0538,0.0538,0.0538,10000062,2015-06-24,2015-06-24,P,2.55,2015-02-27
4094,2015-04-08 09:45:00,2015-04-08,0.0538,0.0,0.0,267.0,0.0538,0.0538,0.0538,10000062,2015-06-24,2015-06-24,P,2.55,2015-02-27
4095,2015-04-08 09:46:00,2015-04-08,0.0538,0.0,0.0,267.0,0.0538,0.0538,0.0538,10000062,2015-06-24,2015-06-24,P,2.55,2015-02-27
4096,2015-04-08 09:47:00,2015-04-08,0.0538,0.0,0.0,267.0,0.0538,0.0538,0.0538,10000062,2015-06-24,2015-06-24,P,2.55,2015-02-27
4097,2015-04-08 09:48:00,2015-04-08,0.0538,0.0,0.0,267.0,0.0538,0.0538,0.0538,10000062,2015-06-24,2015-06-24,P,2.55,2015-02-27
4098,2015-04-08 09:49:00,2015-04-08,0.0538,0.0,0.0,267.0,0.0538,0.0538,0.0538,10000062,2015-06-24,2015-06-24,P,2.55,2015-02-27
4099,2015-04-08 09:50:00,2015-04-08,0.0538,0.0,0.0,267.0,0.0538,0.0538,0.0538,10000062,2015-06-24,2015-06-24,P,2.55,2015-02-27
4100,2015-04-08 09:51:00,2015-04-08,0.0538,0.0,0.0,267.0,0.0538,0.0538,0.0538,10000062,2015-06-24,2015-06-24,P,2.55,2015-02-27
4101,2015-04-08 09:52:00,2015-04-08,0.0538,0.0,0.0,267.0,0.0538,0.0538,0.0538,10000062,2015-06-24,2015-06-24,P,2.55,2015-02-27
4102,2015-04-08 09:53:00,2015-04-08,0.0538,0.0,0.0,267.0,0.0538,0.0538,0.0538,10000062,2015-06-24,2015-06-24,P,2.55,2015-02-27
4103,2015-04-08 09:54:00,2015-04-08,0.0538,0.0,0.0,267.0,0.0538,0.0538,0.0538,10000062,2015-06-24,2015-06-24,P,2.55,2015-02-27
4104,2015-04-08 09:55:00,2015-04-08,0.0538,0.0,0.0,267.0,0.0538,0.0538,0.0538,10000062,2015-06-24,2015-06-24,P,2.55,2015-02-27
4105,2015-04-08 09:56:00,2015-04-08,0.0538,0.0,0.0,267.0,0.0538,0.0538,0.0538,10000062,2015-06-24,2015-06-24,P,2.55,2015-02-27
4106,2015-04-08 09:57:00,2015-04-08,0.0538,0.0,0.0,267.0,0.0538,0.0538,0.0538,10000062,2015-06-24,2015-06-24,P,2.55,2015-02-27
4107,2015-04-08 09:58:00,2015-04-08,0.0538,0.0,0.0,267.0,0.0538,0.0538,0.0538,10000062,2015-06-24,2015-06-24,P,2.55,2015-02-27
4108,2015-04-08 09:59:00,2015-04-08,0.05,4500.0,9.0,258.0,0.05,0.05,0.05,10000062,2015-06-24,2015-06-24,P,2.55,2015-02-27
4109,2015-04-08 10:00:00,2015-04-08,0.05,0.0,0.0,258.0,0.05,0.05,0.05,10000062,2015-06-24,2015-06-24,P,2.55,2015-02-27
4110,2015-04-08 10:01:00,2015-04-08,0.05,0.0,0.0,258.0,0.05,0.05,0.05,10000062,2015-06-24,2015-06-24,P,2.55,2015-02-27
4111,2015-04-08 10:02:00,2015-04-08,0.05,0.0,0.0,258.0,0.05,0.05,0.05,10000062,2015-06-24,2015-06-24,P,2.55,2015-02-27
4112,2015-04-08 10:03:00,2015-04-08,0.05,0.0,0.0,258.0,0.05,0.05,0.05,10000062,2015-06-24,2015-06-24,P,2.55,2015-02-27
4113,2015-04-08 10:04:00,2015-04-08,0.05,0.0,0.0,258.0,0.05,0.05,0.05,10000062,2015-06-24,2015-06-24,P,2.55,2015-02-27
4114,2015-04-08 10:05:00,2015-04-08,0.05,0.0,0.0,258.0,0.05,0.05,0.05,10000062,2015-06-24,2015-06-24,P,2.55,2015-02-27
4115,2015-04-08 10:06:00,2015-04-08,0.05,0.0,0.0,258.0,0.05,0.05,0.05,10000062,2015-06-24,2015-06-24,P,2.55,2015-02-27
4116,2015-04-08 10:07:00,2015-04-08,0.05,0.0,0.0,258.0,0.05,0.05,0.05,10000062,2015-06-24,2015-06-24,P,2.55,2015-02-27
4117,2015-04-08 10:08:00,2015-04-08,0.05,0.0,0.0,258.0,0.05,0.05,0.05,10000062,2015-06-24,2015-06-24,P,2.55,2015-02-27
4118,2015-04-08 10:09:00,2015-04-08,0.05,0.0,0.0,258.0,0.05,0.05,0.05,10000062,2015-06-24,2015-06-24,P,2.55,2015-02-27
4119,2015-04-08 10:10:00,2015-04-08,0.05,0.0,0.0,258.0,0.05,0.05,0.05,10000062,2015-06-24,2015-06-24,P,2.55,2015-02-27
4120,2015-04-08 10:11:00,2015-04-08,0.05,0.0,0.0,258.0,0.05,0.05,0.05,10000062,2015-06-24,2015-06-24,P,2.55,2015-02-27
4121,2015-04-08 10:12:00,2015-04-08,0.05,0.0,0.0,258.0,0.05,0.05,0.05,10000062,2015-06-24,2015-06-24,P,2.55,2015-02-27
4122,2015-04-08 10:13:00,2015-04-08,0.0529,5270.0,10.0,268.0,0.0525,0.0529,0.0525,10000062,2015-06-24,2015-06-24,P,2.55,2015-02-27
4123,2015-04-08 10:14:00,2015-04-08,0.0529,0.0,0.0,268.0,0.0529,0.0529,0.0529,10000062,2015-06-24,2015-06-24,P,2.55,2015-02-27
4124,2015-04-08 10:15:00,2015-04-08,0.0529,0.0,0.0,268.0,0.0529,0.0529,0.0529,10000062,2015-06-24,2015-06-24,P,2.55,2015-02-27
4125,2015-04-08 10:16:00,2015-04-08,0.0529,0.0,0.0,268.0,0.0529,0.0529,0.0529,10000062,2015-06-24,2015-06-24,P,2.55,2015-02-27
4126,2015-04-08 10:17:00,2015-04-08,0.0529,0.0,0.0,268.0,0.0529,0.0529,0.0529,10000062,2015-06-24,2015-06-24,P,2.55,2015-02-27
4127,2015-04-08 10:18:00,2015-04-08,0.0529,0.0,0.0,268.0,0.0529,0.0529,0.0529,10000062,2015-06-24,2015-06-24,P,2.55,2015-02-27
4128,2015-04-08 10:19:00,2015-04-08,0.0529,0.0,0.0,268.0,0.0529,0.0529,0.0529,10000062,2015-06-24,2015-06-24,P,2.55,2015-02-27
4129,2015-04-08 10:20:00,2015-04-08,0.0529,0.0,0.0,268.0,0.0529,0.0529,0.0529,10000062,2015-06-24,2015-06-24,P,2.55,2015-02-27
4130,2015-04-08 10:21:00,2015-04-08,0.0529,0.0,0.0,268.0,0.0529,0.0529,0.0529,10000062,2015-06-24,2015-06-24,P,2.55,2015-02-27
4131,2015-04-08 10:22:00,2015-04-08,0.0529,0.0,0.0,268.0,0.0529,0.0529,0.0529,10000062,2015-06-24,2015-06-24,P,2.55,2015-02-27
4132,2015-04-08 10:23:00,2015-04-08,0.0529,0.0,0.0,268.0,0.0529,0.0529,0.0529,10000062,2015-06-24,2015-06-24,P,2.55,2015-02-27
4133,2015-04-08 10:24:00,2015-04-08,0.0529,0.0,0.0,268.0,0.0529,0.0529,0.0529,10000062,2015-06-24,2015-06-24,P,2.55,2015-02-27
4134,2015-04-08 10:25:00,2015-04-08,0.0529,0.0,0.0,268.0,0.0529,0.0529,0.0529,10000062,2015-06-24,2015-06-24,P,2.55,2015-02-27
4135,2015-04-08 10:26:00,2015-04-08,0.0529,0.0,0.0,268.0,0.0529,0.0529,0.0529,10000062,2015-06-24,2015-06-24,P,2.55,2015-02-27
4136,2015-04-08 10:27:00,2015-04-08,0.0529,0.0,0.0,268.0,0.0529,0.0529,0.0529,10000062,2015-06-24,2015-06-24,P,2.55,2015-02-27
4137,2015-04-08 10:28:00,2015-04-08,0.0529,0.0,0.0,268.0,0.0529,0.0529,0.0529,10000062,2015-06-24,2015-06-24,P,2.55,2015-02-27
4138,2015-04-08 10:29:00,2015-04-08,0.0529,0.0,0.0,268.0,0.0529,0.0529,0.0529,10000062,2015-06-24,2015-06-24,P,2.55,2015-02-27
4139,2015-04-08 10:30:00,2015-04-08,0.0529,0.0,0.0,268.0,0.0529,0.0529,0.0529,10000062,2015-06-24,2015-06-24,P,2.55,2015-02-27
4140,2015-04-08 10:31:00,2015-04-08,0.0529,0.0,0.0,268.0,0.0529,0.0529,0.0529,10000062,2015-06-24,2015-06-24,P,2.55,2015-02-27
4141,2015-04-08 10:32:00,2015-04-08,0.0529,0.0,0.0,268.0,0.0529,0.0529,0.0529,10000062,2015-06-24,2015-06-24,P,2.55,2015-02-27
4142,2015-04-08 10:33:00,2015-04-08,0.053,5300.0,10.0,268.0,0.053,0.053,0.053,10000062,2015-06-24,2015-06-24,P,2.55,2015-02-27
4143,2015-04-08 10:34:00,2015-04-08,0.053,0.0,0.0,268.0,0.053,0.053,0.053,10000062,2015-06-24,2015-06-24,P,2.55,2015-02-27
4144,2015-04-08 10:35:00,2015-04-08,0.053,0.0,0.0,268.0,0.053,0.053,0.053,10000062,2015-06-24,2015-06-24,P,2.55,2015-02-27
4145,2015-04-08 10:36:00,2015-04-08,0.053,0.0,0.0,268.0,0.053,0.053,0.053,10000062,2015-06-24,2015-06-24,P,2.55,2015-02-27
4146,2015-04-08 10:37:00,2015-04-08,0.053,0.0,0.0,268.0,0.053,0.053,0.053,10000062,2015-06-24,2015-06-24,P,2.55,2015-02-27
4147,2015-04-08 10:38:00,2015-04-08,0.053,0.0,0.0,268.0,0.053,0.053,0.053,10000062,2015-06-24,2015-06-24,P,2.55,2015-02-27
4148,2015-04-08 10:39:00,2015-04-08,0.053,0.0,0.0,268.0,0.053,0.053,0.053,10000062,2015-06-24,2015-06-24,P,2.55,2015-02-27
4149,2015-04-08 10:40:00,2015-04-08,0.053,0.0,0.0,268.0,0.053,0.053,0.053,10000062,2015-06-24,2015-06-24,P,2.55,2015-02-27
4150,2015-04-08 10:41:00,2015-04-08,0.053,0.0,0.0,268.0,0.053,0.053,0.053,10000062,2015-06-24,2015-06-24,P,2.55,2015-02-27
4151,2015-04-08 10:42:00,2015-04-08,0.053,0.0,0.0,268.0,0.053,0.053,0.053,10000062,2015-06-24,2015-06-24,P,2.55,2015-02-27
4152,2015-04-08 10:43:00,2015-04-08,0.053,0.0,0.0,268.0,0.053,0.053,0.053,10000062,2015-06-24,2015-06-24,P,2.55,2015-02-27
4153,2015-04-08 10:44:00,2015-04-08,0.0488,488.0,1.0,268.0,0.0488,0.0488,0.0488,10000062,2015-06-24,2015-06-24,P,2.55,2015-02-27
4154,2015-04-08 10:45:00,2015-04-08,0.0488,0.0,0.0,268.0,0.0488,0.0488,0.0488,10000062,2015-06-24,2015-06-24,P,2.55,2015-02-27
4155,2015-04-08 10:46:00,2015-04-08,0.0488,0.0,0.0,268.0,0.0488,0.0488,0.0488,10000062,2015-06-24,2015-06-24,P,2.55,2015-02-27
4156,2015-04-08 10:47:00,2015-04-08,0.0488,0.0,0.0,268.0,0.0488,0.0488,0.0488,10000062,2015-06-24,2015-06-24,P,2.55,2015-02-27
4157,2015-04-08 10:48:00,2015-04-08,0.0488,0.0,0.0,268.0,0.0488,0.0488,0.0488,10000062,2015-06-24,2015-06-24,P,2.55,2015-02-27
4158,2015-04-08 10:49:00,2015-04-08,0.0488,0.0,0.0,268.0,0.0488,0.0488,0.0488,10000062,2015-06-24,2015-06-24,P,2.55,2015-02-27
4159,2015-04-08 10:50:00,2015-04-08,0.0488,0.0,0.0,268.0,0.0488,0.0488,0.0488,10000062,2015-06-24,2015-06-24,P,2.55,2015-02-27
4160,2015-04-08 10:51:00,2015-04-08,0.0488,0.0,0.0,268.0,0.0488,0.0488,0.0488,10000062,2015-06-24,2015-06-24,P,2.55,2015-02-27
4161,2015-04-08 10:52:00,2015-04-08,0.0488,0.0,0.0,268.0,0.0488,0.0488,0.0488,10000062,2015-06-24,2015-06-24,P,2.55,2015-02-27
4162,2015-04-08 10:53:00,2015-04-08,0.0488,0.0,0.0,268.0,0.0488,0.0488,0.0488,10000062,2015-06-24,2015-06-24,P,2.55,2015-02-27
4163,2015-04-08 10:54:00,2015-04-08,0.0488,0.0,0.0,268.0,0.0488,0.0488,0.0488,10000062,2015-06-24,2015-06-24,P,2.55,2015-02-27
4164,2015-04-08 10:55:00,2015-04-08,0.0488,0.0,0.0,268.0,0.0488,0.0488,0.0488,10000062,2015-06-24,2015-06-24,P,2.55,2015-02-27
4165,2015-04-08 10:56:00,2015-04-08,0.0488,0.0,0.0,268.0,0.0488,0.0488,0.0488,10000062,2015-06-24,2015-06-24,P,2.55,2015-02-27
4166,2015-04-08 10:57:00,2015-04-08,0.0488,0.0,0.0,268.0,0.0488,0.0488,0.0488,10000062,2015-06-24,2015-06-24,P,2.55,2015-02-27
4167,2015-04-08 10:58:00,2015-04-08,0.0488,0.0,0.0,268.0,0.0488,0.0488,0.0488,10000062,2015-06-24,2015-06-24,P,2.55,2015-02-27
4168,2015-04-08 10:59:00,2015-04-08,0.0488,0.0,0.0,268.0,0.0488,0.0488,0.0488,10000062,2015-06-24,2015-06-24,P,2.55,2015-02-27
4169,2015-04-08 11:00:00,2015-04-08,0.0488,0.0,0.0,268.0,0.0488,0.0488,0.0488,10000062,2015-06-24,2015-06-24,P,2.55,2015-02-27
4170,2015-04-08 11:01:00,2015-04-08,0.0488,0.0,0.0,268.0,0.0488,0.0488,0.0488,10000062,2015-06-24,2015-06-24,P,2.55,2015-02-27
4171,2015-04-08 11:02:00,2015-04-08,0.0488,0.0,0.0,268.0,0.0488,0.0488,0.0488,10000062,2015-06-24,2015-06-24,P,2.55,2015-02-27
4172,2015-04-08 11:03:00,2015-04-08,0.0488,0.0,0.0,268.0,0.0488,0.0488,0.0488,10000062,2015-06-24,2015-06-24,P,2.55,2015-02-27
4173,2015-04-08 11:04:00,2015-04-08,0.0488,0.0,0.0,268.0,0.0488,0.0488,0.0488,10000062,2015-06-24,2015-06-24,P,2.55,2015-02-27
4174,2015-04-08 11:05:00,2015-04-08,0.0488,0.0,0.0,268.0,0.0488,0.0488,0.0488,10000062,2015-06-24,2015-06-24,P,2.55,2015-02-27
4175,2015-04-08 11:06:00,2015-04-08,0.0488,0.0,0.0,268.0,0.0488,0.0488,0.0488,10000062,2015-06-24,2015-06-24,P,2.55,2015-02-27
4176,2015-04-08 11:07:00,2015-04-08,0.0488,0.0,0.0,268.0,0.0488,0.0488,0.0488,10000062,2015-06-24,2015-06-24,P,2.55,2015-02-27
4177,2015-04-08 11:08:00,2015-04-08,0.0488,0.0,0.0,268.0,0.0488,0.0488,0.0488,10000062,2015-06-24,2015-06-24,P,2.55,2015-02-27
4178,2015-04-08 11:09:00,2015-04-08,0.0488,0.0,0.0,268.0,0.0488,0.0488,0.0488,10000062,2015-06-24,2015-06-24,P,2.55,2015-02-27
4179,2015-04-08 11:10:00,2015-04-08,0.0488,0.0,0.0,268.0,0.0488,0.0488,0.0488,10000062,2015-06-24,2015-06-24,P,2.55,2015-02-27
4180,2015-04-08 11:11:00,2015-04-08,0.0488,0.0,0.0,268.0,0.0488,0.0488,0.0488,10000062,2015-06-24,2015-06-24,P,2.55,2015-02-27
4181,2015-04-08 11:12:00,2015-04-08,0.0488,0.0,0.0,268.0,0.0488,0.0488,0.0488,10000062,2015-06-24,2015-06-24,P,2.55,2015-02-27
4182,2015-04-08 11:13:00,2015-04-08,0.0488,0.0,0.0,268.0,0.0488,0.0488,0.0488,10000062,2015-06-24,2015-06-24,P,2.55,2015-02-27
4183,2015-04-08 11:14:00,2015-04-08,0.0488,0.0,0.0,268.0,0.0488,0.0488,0.0488,10000062,2015-06-24,2015-06-24,P,2.55,2015-02-27
4184,2015-04-08 11:15:00,2015-04-08,0.0488,0.0,0.0,268.0,0.0488,0.0488,0.0488,10000062,2015-06-24,2015-06-24,P,2.55,2015-02-27
4185,2015-04-08 11:16:00,2015-04-08,0.0488,0.0,0.0,268.0,0.0488,0.0488,0.0488,10000062,2015-06-24,2015-06-24,P,2.55,2015-02-27
4186,2015-04-08 11:17:00,2015-04-08,0.0488,0.0,0.0,268.0,0.0488,0.0488,0.0488,10000062,2015-06-24,2015-06-24,P,2.55,2015-02-27
4187,2015-04-08 11:18:00,2015-04-08,0.0488,0.0,0.0,268.0,0.0488,0.0488,0.0488,10000062,2015-06-24,2015-06-24,P,2.55,2015-02-27
4188,2015-04-08 11:19:00,2015-04-08,0.0488,0.0,0.0,268.0,0.0488,0.0488,0.0488,10000062,2015-06-24,2015-06-24,P,2.55,2015-02-27
4189,2015-04-08 11:20:00,2015-04-08,0.0488,0.0,0.0,268.0,0.0488,0.0488,0.0488,10000062,2015-06-24,2015-06-24,P,2.55,2015-02-27
4190,2015-04-08 11:21:00,2015-04-08,0.0488,0.0,0.0,268.0,0.0488,0.0488,0.0488,10000062,2015-06-24,2015-06-24,P,2.55,2015-02-27
4191,2015-04-08 11:22:00,2015-04-08,0.0488,0.0,0.0,268.0,0.0488,0.0488,0.0488,10000062,2015-06-24,2015-06-24,P,2.55,2015-02-27
4192,2015-04-08 11:23:00,2015-04-08,0.0488,0.0,0.0,268.0,0.0488,0.0488,0.0488,10000062,2015-06-24,2015-06-24,P,2.55,2015-02-27
4193,2015-04-08 11:24:00,2015-04-08,0.0488,0.0,0.0,268.0,0.0488,0.0488,0.0488,10000062,2015-06-24,2015-06-24,P,2.55,2015-02-27
4194,2015-04-08 11:25:00,2015-04-08,0.0488,0.0,0.0,268.0,0.0488,0.0488,0.0488,10000062,2015-06-24,2015-06-24,P,2.55,2015-02-27
4195,2015-04-08 11:26:00,2015-04-08,0.0488,0.0,0.0,268.0,0.0488,0.0488,0.0488,10000062,2015-06-24,2015-06-24,P,2.55,2015-02-27
4196,2015-04-08 11:27:00,2015-04-08,0.0488,0.0,0.0,268.0,0.0488,0.0488,0.0488,10000062,2015-06-24,2015-06-24,P,2.55,2015-02-27
4197,2015-04-08 11:28:00,2015-04-08,0.0488,0.0,0.0,268.0,0.0488,0.0488,0.0488,10000062,2015-06-24,2015-06-24,P,2.55,2015-02-27
4198,2015-04-08 11:29:00,2015-04-08,0.0488,0.0,0.0,268.0,0.0488,0.0488,0.0488,10000062,2015-06-24,2015-06-24,P,2.55,2015-02-27
4199,2015-04-08 11:30:00,2015-04-08,0.0488,0.0,0.0,268.0,0.0488,0.0488,0.0488,10000062,2015-06-24,2015-06-24,P,2.55,2015-02-27
4200,2015-04-08 13:01:00,2015-04-08,0.0477,477.0,1.0,269.0,0.0477,0.0477,0.0477,10000062,2015-06-24,2015-06-24,P,2.55,2015-02-27
4201,2015-04-08 13:02:00,2015-04-08,0.0477,0.0,0.0,269.0,0.0477,0.0477,0.0477,10000062,2015-06-24,2015-06-24,P,2.55,2015-02-27
4202,2015-04-08 13:03:00,2015-04-08,0.0477,0.0,0.0,269.0,0.0477,0.0477,0.0477,10000062,2015-06-24,2015-06-24,P,2.55,2015-02-27
4203,2015-04-08 13:04:00,2015-04-08,0.0477,0.0,0.0,269.0,0.0477,0.0477,0.0477,10000062,2015-06-24,2015-06-24,P,2.55,2015-02-27
4204,2015-04-08 13:05:00,2015-04-08,0.0477,0.0,0.0,269.0,0.0477,0.0477,0.0477,10000062,2015-06-24,2015-06-24,P,2.55,2015-02-27
4205,2015-04-08 13:06:00,2015-04-08,0.0477,0.0,0.0,269.0,0.0477,0.0477,0.0477,10000062,2015-06-24,2015-06-24,P,2.55,2015-02-27
4206,2015-04-08 13:07:00,2015-04-08,0.0477,0.0,0.0,269.0,0.0477,0.0477,0.0477,10000062,2015-06-24,2015-06-24,P,2.55,2015-02-27
4207,2015-04-08 13:08:00,2015-04-08,0.0477,0.0,0.0,269.0,0.0477,0.0477,0.0477,10000062,2015-06-24,2015-06-24,P,2.55,2015-02-27
4208,2015-04-08 13:09:00,2015-04-08,0.0477,0.0,0.0,269.0,0.0477,0.0477,0.0477,10000062,2015-06-24,2015-06-24,P,2.55,2015-02-27
4209,2015-04-08 13:10:00,2015-04-08,0.0477,0.0,0.0,269.0,0.0477,0.0477,0.0477,10000062,2015-06-24,2015-06-24,P,2.55,2015-02-27
4210,2015-04-08 13:11:00,2015-04-08,0.0477,0.0,0.0,269.0,0.0477,0.0477,0.0477,10000062,2015-06-24,2015-06-24,P,2.55,2015-02-27
4211,2015-04-08 13:12:00,2015-04-08,0.0477,0.0,0.0,269.0,0.0477,0.0477,0.0477,10000062,2015-06-24,2015-06-24,P,2.55,2015-02-27
4212,2015-04-08 13:13:00,2015-04-08,0.0477,0.0,0.0,269.0,0.0477,0.0477,0.0477,10000062,2015-06-24,2015-06-24,P,2.55,2015-02-27
4213,2015-04-08 13:14:00,2015-04-08,0.0477,0.0,0.0,269.0,0.0477,0.0477,0.0477,10000062,2015-06-24,2015-06-24,P,2.55,2015-02-27
4214,2015-04-08 13:15:00,2015-04-08,0.0477,0.0,0.0,269.0,0.0477,0.0477,0.0477,10000062,2015-06-24,2015-06-24,P,2.55,2015-02-27
4215,2015-04-08 13:16:00,2015-04-08,0.0477,0.0,0.0,269.0,0.0477,0.0477,0.0477,10000062,2015-06-24,2015-06-24,P,2.55,2015-02-27
4216,2015-04-08 13:17:00,2015-04-08,0.0477,0.0,0.0,269.0,0.0477,0.0477,0.0477,10000062,2015-06-24,2015-06-24,P,2.55,2015-02-27
4217,2015-04-08 13:18:00,2015-04-08,0.0477,0.0,0.0,269.0,0.0477,0.0477,0.0477,10000062,2015-06-24,2015-06-24,P,2.55,2015-02-27
4218,2015-04-08 13:19:00,2015-04-08,0.0477,0.0,0.0,269.0,0.0477,0.0477,0.0477,10000062,2015-06-24,2015-06-24,P,2.55,2015-02-27
4219,2015-04-08 13:20:00,2015-04-08,0.0477,0.0,0.0,269.0,0.0477,0.0477,0.0477,10000062,2015-06-24,2015-06-24,P,2.55,2015-02-27
4220,2015-04-08 13:21:00,2015-04-08,0.0477,0.0,0.0,269.0,0.0477,0.0477,0.0477,10000062,2015-06-24,2015-06-24,P,2.55,2015-02-27
4221,2015-04-08 13:22:00,2015-04-08,0.0477,0.0,0.0,269.0,0.0477,0.0477,0.0477,10000062,2015-06-24,2015-06-24,P,2.55,2015-02-27
4222,2015-04-08 13:23:00,2015-04-08,0.0477,0.0,0.0,269.0,0.0477,0.0477,0.0477,10000062,2015-06-24,2015-06-24,P,2.55,2015-02-27
4223,2015-04-08 13:24:00,2015-04-08,0.0477,0.0,0.0,269.0,0.0477,0.0477,0.0477,10000062,2015-06-24,2015-06-24,P,2.55,2015-02-27
4224,2015-04-08 13:25:00,2015-04-08,0.0477,0.0,0.0,269.0,0.0477,0.0477,0.0477,10000062,2015-06-24,2015-06-24,P,2.55,2015-02-27
4225,2015-04-08 13:26:00,2015-04-08,0.0477,0.0,0.0,269.0,0.0477,0.0477,0.0477,10000062,2015-06-24,2015-06-24,P,2.55,2015-02-27
4226,2015-04-08 13:27:00,2015-04-08,0.0477,0.0,0.0,269.0,0.0477,0.0477,0.0477,10000062,2015-06-24,2015-06-24,P,2.55,2015-02-27
4227,2015-04-08 13:28:00,2015-04-08,0.0477,0.0,0.0,269.0,0.0477,0.0477,0.0477,10000062,2015-06-24,2015-06-24,P,2.55,2015-02-27
4228,2015-04-08 13:29:00,2015-04-08,0.0447,2235.0,5.0,269.0,0.0447,0.0447,0.0447,10000062,2015-06-24,2015-06-24,P,2.55,2015-02-27
4229,2015-04-08 13:30:00,2015-04-08,0.044,1320.0,3.0,269.0,0.044,0.044,0.044,10000062,2015-06-24,2015-06-24,P,2.55,2015-02-27
4230,2015-04-08 13:31:00,2015-04-08,0.044,0.0,0.0,269.0,0.044,0.044,0.044,10000062,2015-06-24,2015-06-24,P,2.55,2015-02-27
4231,2015-04-08 13:32:00,2015-04-08,0.044,0.0,0.0,269.0,0.044,0.044,0.044,10000062,2015-06-24,2015-06-24,P,2.55,2015-02-27
4232,2015-04-08 13:33:00,2015-04-08,0.044,0.0,0.0,269.0,0.044,0.044,0.044,10000062,2015-06-24,2015-06-24,P,2.55,2015-02-27
4233,2015-04-08 13:34:00,2015-04-08,0.044,0.0,0.0,269.0,0.044,0.044,0.044,10000062,2015-06-24,2015-06-24,P,2.55,2015-02-27
4234,2015-04-08 13:35:00,2015-04-08,0.044,0.0,0.0,269.0,0.044,0.044,0.044,10000062,2015-06-24,2015-06-24,P,2.55,2015-02-27
4235,2015-04-08 13:36:00,2015-04-08,0.044,0.0,0.0,269.0,0.044,0.044,0.044,10000062,2015-06-24,2015-06-24,P,2.55,2015-02-27
4236,2015-04-08 13:37:00,2015-04-08,0.044,0.0,0.0,269.0,0.044,0.044,0.044,10000062,2015-06-24,2015-06-24,P,2.55,2015-02-27
4237,2015-04-08 13:38:00,2015-04-08,0.044,0.0,0.0,269.0,0.044,0.044,0.044,10000062,2015-06-24,2015-06-24,P,2.55,2015-02-27
4238,2015-04-08 13:39:00,2015-04-08,0.044,0.0,0.0,269.0,0.044,0.044,0.044,10000062,2015-06-24,2015-06-24,P,2.55,2015-02-27
4239,2015-04-08 13:40:00,2015-04-08,0.044,0.0,0.0,269.0,0.044,0.044,0.044,10000062,2015-06-24,2015-06-24,P,2.55,2015-02-27
4240,2015-04-08 13:41:00,2015-04-08,0.044,0.0,0.0,269.0,0.044,0.044,0.044,10000062,2015-06-24,2015-06-24,P,2.55,2015-02-27
4241,2015-04-08 13:42:00,2015-04-08,0.044,0.0,0.0,269.0,0.044,0.044,0.044,10000062,2015-06-24,2015-06-24,P,2.55,2015-02-27
4242,2015-04-08 13:43:00,2015-04-08,0.044,0.0,0.0,269.0,0.044,0.044,0.044,10000062,2015-06-24,2015-06-24,P,2.55,2015-02-27
4243,2015-04-08 13:44:00,2015-04-08,0.044,0.0,0.0,269.0,0.044,0.044,0.044,10000062,2015-06-24,2015-06-24,P,2.55,2015-02-27
4244,2015-04-08 13:45:00,2015-04-08,0.044,0.0,0.0,269.0,0.044,0.044,0.044,10000062,2015-06-24,2015-06-24,P,2.55,2015-02-27
4245,2015-04-08 13:46:00,2015-04-08,0.044,0.0,0.0,269.0,0.044,0.044,0.044,10000062,2015-06-24,2015-06-24,P,2.55,2015-02-27
4246,2015-04-08 13:47:00,2015-04-08,0.044,0.0,0.0,269.0,0.044,0.044,0.044,10000062,2015-06-24,2015-06-24,P,2.55,2015-02-27
4247,2015-04-08 13:48:00,2015-04-08,0.044,0.0,0.0,269.0,0.044,0.044,0.044,10000062,2015-06-24,2015-06-24,P,2.55,2015-02-27
4248,2015-04-08 13:49:00,2015-04-08,0.044,0.0,0.0,269.0,0.044,0.044,0.044,10000062,2015-06-24,2015-06-24,P,2.55,2015-02-27
4249,2015-04-08 13:50:00,2015-04-08,0.044,0.0,0.0,269.0,0.044,0.044,0.044,10000062,2015-06-24,2015-06-24,P,2.55,2015-02-27
4250,2015-04-08 13:51:00,2015-04-08,0.044,0.0,0.0,269.0,0.044,0.044,0.044,10000062,2015-06-24,2015-06-24,P,2.55,2015-02-27
4251,2015-04-08 13:52:00,2015-04-08,0.044,0.0,0.0,269.0,0.044,0.044,0.044,10000062,2015-06-24,2015-06-24,P,2.55,2015-02-27
4252,2015-04-08 13:53:00,2015-04-08,0.044,0.0,0.0,269.0,0.044,0.044,0.044,10000062,2015-06-24,2015-06-24,P,2.55,2015-02-27
4253,2015-04-08 13:54:00,2015-04-08,0.0485,485.0,1.0,270.0,0.0485,0.0485,0.0485,10000062,2015-06-24,2015-06-24,P,2.55,2015-02-27
4254,2015-04-08 13:55:00,2015-04-08,0.0485,0.0,0.0,270.0,0.0485,0.0485,0.0485,10000062,2015-06-24,2015-06-24,P,2.55,2015-02-27
4255,2015-04-08 13:56:00,2015-04-08,0.0485,0.0,0.0,270.0,0.0485,0.0485,0.0485,10000062,2015-06-24,2015-06-24,P,2.55,2015-02-27
4256,2015-04-08 13:57:00,2015-04-08,0.0485,0.0,0.0,270.0,0.0485,0.0485,0.0485,10000062,2015-06-24,2015-06-24,P,2.55,2015-02-27
4257,2015-04-08 13:58:00,2015-04-08,0.0485,0.0,0.0,270.0,0.0485,0.0485,0.0485,10000062,2015-06-24,2015-06-24,P,2.55,2015-02-27
4258,2015-04-08 13:59:00,2015-04-08,0.0485,0.0,0.0,270.0,0.0485,0.0485,0.0485,10000062,2015-06-24,2015-06-24,P,2.55,2015-02-27
4259,2015-04-08 14:00:00,2015-04-08,0.0485,0.0,0.0,270.0,0.0485,0.0485,0.0485,10000062,2015-06-24,2015-06-24,P,2.55,2015-02-27
4260,2015-04-08 14:01:00,2015-04-08,0.0485,0.0,0.0,270.0,0.0485,0.0485,0.0485,10000062,2015-06-24,2015-06-24,P,2.55,2015-02-27
4261,2015-04-08 14:02:00,2015-04-08,0.0485,0.0,0.0,270.0,0.0485,0.0485,0.0485,10000062,2015-06-24,2015-06-24,P,2.55,2015-02-27
4262,2015-04-08 14:03:00,2015-04-08,0.0485,0.0,0.0,270.0,0.0485,0.0485,0.0485,10000062,2015-06-24,2015-06-24,P,2.55,2015-02-27
4263,2015-04-08 14:04:00,2015-04-08,0.0485,0.0,0.0,270.0,0.0485,0.0485,0.0485,10000062,2015-06-24,2015-06-24,P,2.55,2015-02-27
4264,2015-04-08 14:05:00,2015-04-08,0.0485,0.0,0.0,270.0,0.0485,0.0485,0.0485,10000062,2015-06-24,2015-06-24,P,2.55,2015-02-27
4265,2015-04-08 14:06:00,2015-04-08,0.0485,0.0,0.0,270.0,0.0485,0.0485,0.0485,10000062,2015-06-24,2015-06-24,P,2.55,2015-02-27
4266,2015-04-08 14:07:00,2015-04-08,0.0485,0.0,0.0,270.0,0.0485,0.0485,0.0485,10000062,2015-06-24,2015-06-24,P,2.55,2015-02-27
4267,2015-04-08 14:08:00,2015-04-08,0.0485,0.0,0.0,270.0,0.0485,0.0485,0.0485,10000062,2015-06-24,2015-06-24,P,2.55,2015-02-27
4268,2015-04-08 14:09:00,2015-04-08,0.0485,0.0,0.0,270.0,0.0485,0.0485,0.0485,10000062,2015-06-24,2015-06-24,P,2.55,2015-02-27
4269,2015-04-08 14:10:00,2015-04-08,0.0485,0.0,0.0,270.0,0.0485,0.0485,0.0485,10000062,2015-06-24,2015-06-24,P,2.55,2015-02-27
4270,2015-04-08 14:11:00,2015-04-08,0.0485,0.0,0.0,270.0,0.0485,0.0485,0.0485,10000062,2015-06-24,2015-06-24,P,2.55,2015-02-27
4271,2015-04-08 14:12:00,2015-04-08,0.0485,0.0,0.0,270.0,0.0485,0.0485,0.0485,10000062,2015-06-24,2015-06-24,P,2.55,2015-02-27
4272,2015-04-08 14:13:00,2015-04-08,0.0485,0.0,0.0,270.0,0.0485,0.0485,0.0485,10000062,2015-06-24,2015-06-24,P,2.55,2015-02-27
4273,2015-04-08 14:14:00,2015-04-08,0.0485,0.0,0.0,270.0,0.0485,0.0485,0.0485,10000062,2015-06-24,2015-06-24,P,2.55,2015-02-27
4274,2015-04-08 14:15:00,2015-04-08,0.0485,0.0,0.0,270.0,0.0485,0.0485,0.0485,10000062,2015-06-24,2015-06-24,P,2.55,2015-02-27
4275,2015-04-08 14:16:00,2015-04-08,0.0485,0.0,0.0,270.0,0.0485,0.0485,0.0485,10000062,2015-06-24,2015-06-24,P,2.55,2015-02-27
4276,2015-04-08 14:17:00,2015-04-08,0.0485,0.0,0.0,270.0,0.0485,0.0485,0.0485,10000062,2015-06-24,2015-06-24,P,2.55,2015-02-27
4277,2015-04-08 14:18:00,2015-04-08,0.0485,0.0,0.0,270.0,0.0485,0.0485,0.0485,10000062,2015-06-24,2015-06-24,P,2.55,2015-02-27
4278,2015-04-08 14:19:00,2015-04-08,0.0486,2430.0,5.0,270.0,0.0486,0.0486,0.0486,10000062,2015-06-24,2015-06-24,P,2.55,2015-02-27
4279,2015-04-08 14:20:00,2015-04-08,0.0486,0.0,0.0,270.0,0.0486,0.0486,0.0486,10000062,2015-06-24,2015-06-24,P,2.55,2015-02-27
4280,2015-04-08 14:21:00,2015-04-08,0.0486,0.0,0.0,270.0,0.0486,0.0486,0.0486,10000062,2015-06-24,2015-06-24,P,2.55,2015-02-27
4281,2015-04-08 14:22:00,2015-04-08,0.0486,0.0,0.0,270.0,0.0486,0.0486,0.0486,10000062,2015-06-24,2015-06-24,P,2.55,2015-02-27
4282,2015-04-08 14:23:00,2015-04-08,0.0486,0.0,0.0,270.0,0.0486,0.0486,0.0486,10000062,2015-06-24,2015-06-24,P,2.55,2015-02-27
4283,2015-04-08 14:24:00,2015-04-08,0.0486,0.0,0.0,270.0,0.0486,0.0486,0.0486,10000062,2015-06-24,2015-06-24,P,2.55,2015-02-27
4284,2015-04-08 14:25:00,2015-04-08,0.0486,0.0,0.0,270.0,0.0486,0.0486,0.0486,10000062,2015-06-24,2015-06-24,P,2.55,2015-02-27
4285,2015-04-08 14:26:00,2015-04-08,0.0486,0.0,0.0,270.0,0.0486,0.0486,0.0486,10000062,2015-06-24,2015-06-24,P,2.55,2015-02-27
4286,2015-04-08 14:27:00,2015-04-08,0.0486,0.0,0.0,270.0,0.0486,0.0486,0.0486,10000062,2015-06-24,2015-06-24,P,2.55,2015-02-27
4287,2015-04-08 14:28:00,2015-04-08,0.0486,0.0,0.0,270.0,0.0486,0.0486,0.0486,10000062,2015-06-24,2015-06-24,P,2.55,2015-02-27
4288,2015-04-08 14:29:00,2015-04-08,0.0486,0.0,0.0,270.0,0.0486,0.0486,0.0486,10000062,2015-06-24,2015-06-24,P,2.55,2015-02-27
4289,2015-04-08 14:30:00,2015-04-08,0.0486,0.0,0.0,270.0,0.0486,0.0486,0.0486,10000062,2015-06-24,2015-06-24,P,2.55,2015-02-27
4290,2015-04-08 14:31:00,2015-04-08,0.0486,0.0,0.0,270.0,0.0486,0.0486,0.0486,10000062,2015-06-24,2015-06-24,P,2.55,2015-02-27
4291,2015-04-08 14:32:00,2015-04-08,0.0486,0.0,0.0,270.0,0.0486,0.0486,0.0486,10000062,2015-06-24,2015-06-24,P,2.55,2015-02-27
4292,2015-04-08 14:33:00,2015-04-08,0.0486,0.0,0.0,270.0,0.0486,0.0486,0.0486,10000062,2015-06-24,2015-06-24,P,2.55,2015-02-27
4293,2015-04-08 14:34:00,2015-04-08,0.0486,0.0,0.0,270.0,0.0486,0.0486,0.0486,10000062,2015-06-24,2015-06-24,P,2.55,2015-02-27
4294,2015-04-08 14:35:00,2015-04-08,0.0486,0.0,0.0,270.0,0.0486,0.0486,0.0486,10000062,2015-06-24,2015-06-24,P,2.55,2015-02-27
4295,2015-04-08 14:36:00,2015-04-08,0.0486,0.0,0.0,270.0,0.0486,0.0486,0.0486,10000062,2015-06-24,2015-06-24,P,2.55,2015-02-27
4296,2015-04-08 14:37:00,2015-04-08,0.0486,0.0,0.0,270.0,0.0486,0.0486,0.0486,10000062,2015-06-24,2015-06-24,P,2.55,2015-02-27
4297,2015-04-08 14:38:00,2015-04-08,0.0486,0.0,0.0,270.0,0.0486,0.0486,0.0486,10000062,2015-06-24,2015-06-24,P,2.55,2015-02-27
4298,2015-04-08 14:39:00,2015-04-08,0.0486,0.0,0.0,270.0,0.0486,0.0486,0.0486,10000062,2015-06-24,2015-06-24,P,2.55,2015-02-27
4299,2015-04-08 14:40:00,2015-04-08,0.0486,0.0,0.0,270.0,0.0486,0.0486,0.0486,10000062,2015-06-24,2015-06-24,P,2.55,2015-02-27
4300,2015-04-08 14:41:00,2015-04-08,0.0486,0.0,0.0,270.0,0.0486,0.0486,0.0486,10000062,2015-06-24,2015-06-24,P,2.55,2015-02-27
4301,2015-04-08 14:42:00,2015-04-08,0.0486,0.0,0.0,270.0,0.0486,0.0486,0.0486,10000062,2015-06-24,2015-06-24,P,2.55,2015-02-27
4302,2015-04-08 14:43:00,2015-04-08,0.0486,0.0,0.0,270.0,0.0486,0.0486,0.0486,10000062,2015-06-24,2015-06-24,P,2.55,2015-02-27
4303,2015-04-08 14:44:00,2015-04-08,0.0486,0.0,0.0,270.0,0.0486,0.0486,0.0486,10000062,2015-06-24,2015-06-24,P,2.55,2015-02-27
4304,2015-04-08 14:45:00,2015-04-08,0.0486,0.0,0.0,270.0,0.0486,0.0486,0.0486,10000062,2015-06-24,2015-06-24,P,2.55,2015-02-27
4305,2015-04-08 14:46:00,2015-04-08,0.0486,0.0,0.0,270.0,0.0486,0.0486,0.0486,10000062,2015-06-24,2015-06-24,P,2.55,2015-02-27
4306,2015-04-08 14:47:00,2015-04-08,0.0486,0.0,0.0,270.0,0.0486,0.0486,0.0486,10000062,2015-06-24,2015-06-24,P,2.55,2015-02-27
4307,2015-04-08 14:48:00,2015-04-08,0.0486,0.0,0.0,270.0,0.0486,0.0486,0.0486,10000062,2015-06-24,2015-06-24,P,2.55,2015-02-27
4308,2015-04-08 14:49:00,2015-04-08,0.0486,0.0,0.0,270.0,0.0486,0.0486,0.0486,10000062,2015-06-24,2015-06-24,P,2.55,2015-02-27
4309,2015-04-08 14:50:00,2015-04-08,0.0486,0.0,0.0,270.0,0.0486,0.0486,0.0486,10000062,2015-06-24,2015-06-24,P,2.55,2015-02-27
4310,2015-04-08 14:51:00,2015-04-08,0.0486,0.0,0.0,270.0,0.0486,0.0486,0.0486,10000062,2015-06-24,2015-06-24,P,2.55,2015-02-27
4311,2015-04-08 14:52:00,2015-04-08,0.0486,0.0,0.0,270.0,0.0486,0.0486,0.0486,10000062,2015-06-24,2015-06-24,P,2.55,2015-02-27
4312,2015-04-08 14:53:00,2015-04-08,0.0486,0.0,0.0,270.0,0.0486,0.0486,0.0486,10000062,2015-06-24,2015-06-24,P,2.55,2015-02-27
4313,2015-04-08 14:54:00,2015-04-08,0.0486,0.0,0.0,270.0,0.0486,0.0486,0.0486,10000062,2015-06-24,2015-06-24,P,2.55,2015-02-27
4314,2015-04-08 14:55:00,2015-04-08,0.0486,0.0,0.0,270.0,0.0486,0.0486,0.0486,10000062,2015-06-24,2015-06-24,P,2.55,2015-02-27
4315,2015-04-08 14:56:00,2015-04-08,0.0486,0.0,0.0,270.0,0.0486,0.0486,0.0486,10000062,2015-06-24,2015-06-24,P,2.55,2015-02-27
4316,2015-04-08 14:57:00,2015-04-08,0.0486,0.0,0.0,270.0,0.0486,0.0486,0.0486,10000062,2015-06-24,2015-06-24,P,2.55,2015-02-27
4317,2015-04-08 14:58:00,2015-04-08,0.0486,0.0,0.0,270.0,0.0486,0.0486,0.0486,10000062,2015-06-24,2015-06-24,P,2.55,2015-02-27
4318,2015-04-08 14:59:00,2015-04-08,0.0486,0.0,0.0,270.0,0.0486,0.0486,0.0486,10000062,2015-06-24,2015-06-24,P,2.55,2015-02-27
4319,2015-04-08 15:00:00,2015-04-08,0.0486,0.0,0.0,270.0,0.0486,0.0486,0.0486,10000062,2015-06-24,2015-06-24,P,2.55,2015-02-27
4320,2015-04-08 09:31:00,2015-04-08,0.0081,899.0,11.0,1167.0,0.0089,0.0081,0.0081,10000026,2015-06-24,2015-06-24,P,2.2,2015-02-09
4321,2015-04-08 09:32:00,2015-04-08,0.009000000000000001,900.0,10.0,1177.0,0.009000000000000001,0.009000000000000001,0.009000000000000001,10000026,2015-06-24,2015-06-24,P,2.2,2015-02-09
4322,2015-04-08 09:33:00,2015-04-08,0.009000000000000001,0.0,0.0,1177.0,0.009000000000000001,0.009000000000000001,0.009000000000000001,10000026,2015-06-24,2015-06-24,P,2.2,2015-02-09
4323,2015-04-08 09:34:00,2015-04-08,0.009000000000000001,0.0,0.0,1177.0,0.009000000000000001,0.009000000000000001,0.009000000000000001,10000026,2015-06-24,2015-06-24,P,2.2,2015-02-09
4324,2015-04-08 09:35:00,2015-04-08,0.009000000000000001,0.0,0.0,1177.0,0.009000000000000001,0.009000000000000001,0.009000000000000001,10000026,2015-06-24,2015-06-24,P,2.2,2015-02-09
4325,2015-04-08 09:36:00,2015-04-08,0.009000000000000001,0.0,0.0,1177.0,0.009000000000000001,0.009000000000000001,0.009000000000000001,10000026,2015-06-24,2015-06-24,P,2.2,2015-02-09
4326,2015-04-08 09:37:00,2015-04-08,0.009000000000000001,0.0,0.0,1177.0,0.009000000000000001,0.009000000000000001,0.009000000000000001,10000026,2015-06-24,2015-06-24,P,2.2,2015-02-09
4327,2015-04-08 09:38:00,2015-04-08,0.009000000000000001,0.0,0.0,1177.0,0.009000000000000001,0.009000000000000001,0.009000000000000001,10000026,2015-06-24,2015-06-24,P,2.2,2015-02-09
4328,2015-04-08 09:39:00,2015-04-08,0.009000000000000001,0.0,0.0,1177.0,0.009000000000000001,0.009000000000000001,0.009000000000000001,10000026,2015-06-24,2015-06-24,P,2.2,2015-02-09
4329,2015-04-08 09:40:00,2015-04-08,0.009000000000000001,0.0,0.0,1177.0,0.009000000000000001,0.009000000000000001,0.009000000000000001,10000026,2015-06-24,2015-06-24,P,2.2,2015-02-09
4330,2015-04-08 09:41:00,2015-04-08,0.009000000000000001,0.0,0.0,1177.0,0.009000000000000001,0.009000000000000001,0.009000000000000001,10000026,2015-06-24,2015-06-24,P,2.2,2015-02-09
4331,2015-04-08 09:42:00,2015-04-08,0.009000000000000001,0.0,0.0,1177.0,0.009000000000000001,0.009000000000000001,0.009000000000000001,10000026,2015-06-24,2015-06-24,P,2.2,2015-02-09
4332,2015-04-08 09:43:00,2015-04-08,0.009000000000000001,0.0,0.0,1177.0,0.009000000000000001,0.009000000000000001,0.009000000000000001,10000026,2015-06-24,2015-06-24,P,2.2,2015-02-09
4333,2015-04-08 09:44:00,2015-04-08,0.009000000000000001,0.0,0.0,1177.0,0.009000000000000001,0.009000000000000001,0.009000000000000001,10000026,2015-06-24,2015-06-24,P,2.2,2015-02-09
4334,2015-04-08 09:45:00,2015-04-08,0.009000000000000001,0.0,0.0,1177.0,0.009000000000000001,0.009000000000000001,0.009000000000000001,10000026,2015-06-24,2015-06-24,P,2.2,2015-02-09
4335,2015-04-08 09:46:00,2015-04-08,0.009000000000000001,0.0,0.0,1177.0,0.009000000000000001,0.009000000000000001,0.009000000000000001,10000026,2015-06-24,2015-06-24,P,2.2,2015-02-09
4336,2015-04-08 09:47:00,2015-04-08,0.009000000000000001,0.0,0.0,1177.0,0.009000000000000001,0.009000000000000001,0.009000000000000001,10000026,2015-06-24,2015-06-24,P,2.2,2015-02-09
4337,2015-04-08 09:48:00,2015-04-08,0.009000000000000001,0.0,0.0,1177.0,0.009000000000000001,0.009000000000000001,0.009000000000000001,10000026,2015-06-24,2015-06-24,P,2.2,2015-02-09
4338,2015-04-08 09:49:00,2015-04-08,0.009000000000000001,0.0,0.0,1177.0,0.009000000000000001,0.009000000000000001,0.009000000000000001,10000026,2015-06-24,2015-06-24,P,2.2,2015-02-09
4339,2015-04-08 09:50:00,2015-04-08,0.009000000000000001,0.0,0.0,1177.0,0.009000000000000001,0.009000000000000001,0.009000000000000001,10000026,2015-06-24,2015-06-24,P,2.2,2015-02-09
4340,2015-04-08 09:51:00,2015-04-08,0.009000000000000001,0.0,0.0,1177.0,0.009000000000000001,0.009000000000000001,0.009000000000000001,10000026,2015-06-24,2015-06-24,P,2.2,2015-02-09
4341,2015-04-08 09:52:00,2015-04-08,0.009000000000000001,0.0,0.0,1177.0,0.009000000000000001,0.009000000000000001,0.009000000000000001,10000026,2015-06-24,2015-06-24,P,2.2,2015-02-09
4342,2015-04-08 09:53:00,2015-04-08,0.009000000000000001,0.0,0.0,1177.0,0.009000000000000001,0.009000000000000001,0.009000000000000001,10000026,2015-06-24,2015-06-24,P,2.2,2015-02-09
4343,2015-04-08 09:54:00,2015-04-08,0.009000000000000001,0.0,0.0,1177.0,0.009000000000000001,0.009000000000000001,0.009000000000000001,10000026,2015-06-24,2015-06-24,P,2.2,2015-02-09
4344,2015-04-08 09:55:00,2015-04-08,0.009000000000000001,0.0,0.0,1177.0,0.009000000000000001,0.009000000000000001,0.009000000000000001,10000026,2015-06-24,2015-06-24,P,2.2,2015-02-09
4345,2015-04-08 09:56:00,2015-04-08,0.009000000000000001,0.0,0.0,1177.0,0.009000000000000001,0.009000000000000001,0.009000000000000001,10000026,2015-06-24,2015-06-24,P,2.2,2015-02-09
4346,2015-04-08 09:57:00,2015-04-08,0.008,800.0,10.0,1187.0,0.008,0.008,0.008,10000026,2015-06-24,2015-06-24,P,2.2,2015-02-09
4347,2015-04-08 09:58:00,2015-04-08,0.0079,1422.0,18.0,1205.0,0.0079,0.0079,0.0079,10000026,2015-06-24,2015-06-24,P,2.2,2015-02-09
4348,2015-04-08 09:59:00,2015-04-08,0.0079,158.0,2.0,1207.0,0.0079,0.0079,0.0079,10000026,2015-06-24,2015-06-24,P,2.2,2015-02-09
4349,2015-04-08 10:00:00,2015-04-08,0.0079,0.0,0.0,1207.0,0.0079,0.0079,0.0079,10000026,2015-06-24,2015-06-24,P,2.2,2015-02-09
4350,2015-04-08 10:01:00,2015-04-08,0.0079,0.0,0.0,1207.0,0.0079,0.0079,0.0079,10000026,2015-06-24,2015-06-24,P,2.2,2015-02-09
4351,2015-04-08 10:02:00,2015-04-08,0.0079,0.0,0.0,1207.0,0.0079,0.0079,0.0079,10000026,2015-06-24,2015-06-24,P,2.2,2015-02-09
4352,2015-04-08 10:03:00,2015-04-08,0.0079,0.0,0.0,1207.0,0.0079,0.0079,0.0079,10000026,2015-06-24,2015-06-24,P,2.2,2015-02-09
4353,2015-04-08 10:04:00,2015-04-08,0.0079,0.0,0.0,1207.0,0.0079,0.0079,0.0079,10000026,2015-06-24,2015-06-24,P,2.2,2015-02-09
4354,2015-04-08 10:05:00,2015-04-08,0.0079,0.0,0.0,1207.0,0.0079,0.0079,0.0079,10000026,2015-06-24,2015-06-24,P,2.2,2015-02-09
4355,2015-04-08 10:06:00,2015-04-08,0.0079,0.0,0.0,1207.0,0.0079,0.0079,0.0079,10000026,2015-06-24,2015-06-24,P,2.2,2015-02-09
4356,2015-04-08 10:07:00,2015-04-08,0.0079,0.0,0.0,1207.0,0.0079,0.0079,0.0079,10000026,2015-06-24,2015-06-24,P,2.2,2015-02-09
4357,2015-04-08 10:08:00,2015-04-08,0.0079,0.0,0.0,1207.0,0.0079,0.0079,0.0079,10000026,2015-06-24,2015-06-24,P,2.2,2015-02-09
4358,2015-04-08 10:09:00,2015-04-08,0.0079,0.0,0.0,1207.0,0.0079,0.0079,0.0079,10000026,2015-06-24,2015-06-24,P,2.2,2015-02-09
4359,2015-04-08 10:10:00,2015-04-08,0.0079,0.0,0.0,1207.0,0.0079,0.0079,0.0079,10000026,2015-06-24,2015-06-24,P,2.2,2015-02-09
4360,2015-04-08 10:11:00,2015-04-08,0.0079,0.0,0.0,1207.0,0.0079,0.0079,0.0079,10000026,2015-06-24,2015-06-24,P,2.2,2015-02-09
4361,2015-04-08 10:12:00,2015-04-08,0.0079,0.0,0.0,1207.0,0.0079,0.0079,0.0079,10000026,2015-06-24,2015-06-24,P,2.2,2015-02-09
4362,2015-04-08 10:13:00,2015-04-08,0.0079,0.0,0.0,1207.0,0.0079,0.0079,0.0079,10000026,2015-06-24,2015-06-24,P,2.2,2015-02-09
4363,2015-04-08 10:14:00,2015-04-08,0.0079,0.0,0.0,1207.0,0.0079,0.0079,0.0079,10000026,2015-06-24,2015-06-24,P,2.2,2015-02-09
4364,2015-04-08 10:15:00,2015-04-08,0.0079,0.0,0.0,1207.0,0.0079,0.0079,0.0079,10000026,2015-06-24,2015-06-24,P,2.2,2015-02-09
4365,2015-04-08 10:16:00,2015-04-08,0.0079,0.0,0.0,1207.0,0.0079,0.0079,0.0079,10000026,2015-06-24,2015-06-24,P,2.2,2015-02-09
4366,2015-04-08 10:17:00,2015-04-08,0.0079,0.0,0.0,1207.0,0.0079,0.0079,0.0079,10000026,2015-06-24,2015-06-24,P,2.2,2015-02-09
4367,2015-04-08 10:18:00,2015-04-08,0.0079,0.0,0.0,1207.0,0.0079,0.0079,0.0079,10000026,2015-06-24,2015-06-24,P,2.2,2015-02-09
4368,2015-04-08 10:19:00,2015-04-08,0.0079,0.0,0.0,1207.0,0.0079,0.0079,0.0079,10000026,2015-06-24,2015-06-24,P,2.2,2015-02-09
4369,2015-04-08 10:20:00,2015-04-08,0.0079,0.0,0.0,1207.0,0.0079,0.0079,0.0079,10000026,2015-06-24,2015-06-24,P,2.2,2015-02-09
4370,2015-04-08 10:21:00,2015-04-08,0.0079,0.0,0.0,1207.0,0.0079,0.0079,0.0079,10000026,2015-06-24,2015-06-24,P,2.2,2015-02-09
4371,2015-04-08 10:22:00,2015-04-08,0.0079,0.0,0.0,1207.0,0.0079,0.0079,0.0079,10000026,2015-06-24,2015-06-24,P,2.2,2015-02-09
4372,2015-04-08 10:23:00,2015-04-08,0.0079,0.0,0.0,1207.0,0.0079,0.0079,0.0079,10000026,2015-06-24,2015-06-24,P,2.2,2015-02-09
4373,2015-04-08 10:24:00,2015-04-08,0.0079,0.0,0.0,1207.0,0.0079,0.0079,0.0079,10000026,2015-06-24,2015-06-24,P,2.2,2015-02-09
4374,2015-04-08 10:25:00,2015-04-08,0.0079,0.0,0.0,1207.0,0.0079,0.0079,0.0079,10000026,2015-06-24,2015-06-24,P,2.2,2015-02-09
4375,2015-04-08 10:26:00,2015-04-08,0.0079,0.0,0.0,1207.0,0.0079,0.0079,0.0079,10000026,2015-06-24,2015-06-24,P,2.2,2015-02-09
4376,2015-04-08 10:27:00,2015-04-08,0.0079,0.0,0.0,1207.0,0.0079,0.0079,0.0079,10000026,2015-06-24,2015-06-24,P,2.2,2015-02-09
4377,2015-04-08 10:28:00,2015-04-08,0.0079,0.0,0.0,1207.0,0.0079,0.0079,0.0079,10000026,2015-06-24,2015-06-24,P,2.2,2015-02-09
4378,2015-04-08 10:29:00,2015-04-08,0.0079,0.0,0.0,1207.0,0.0079,0.0079,0.0079,10000026,2015-06-24,2015-06-24,P,2.2,2015-02-09
4379,2015-04-08 10:30:00,2015-04-08,0.0079,0.0,0.0,1207.0,0.0079,0.0079,0.0079,10000026,2015-06-24,2015-06-24,P,2.2,2015-02-09
4380,2015-04-08 10:31:00,2015-04-08,0.0079,0.0,0.0,1207.0,0.0079,0.0079,0.0079,10000026,2015-06-24,2015-06-24,P,2.2,2015-02-09
4381,2015-04-08 10:32:00,2015-04-08,0.0079,0.0,0.0,1207.0,0.0079,0.0079,0.0079,10000026,2015-06-24,2015-06-24,P,2.2,2015-02-09
4382,2015-04-08 10:33:00,2015-04-08,0.0079,0.0,0.0,1207.0,0.0079,0.0079,0.0079,10000026,2015-06-24,2015-06-24,P,2.2,2015-02-09
4383,2015-04-08 10:34:00,2015-04-08,0.0079,0.0,0.0,1207.0,0.0079,0.0079,0.0079,10000026,2015-06-24,2015-06-24,P,2.2,2015-02-09
4384,2015-04-08 10:35:00,2015-04-08,0.0079,0.0,0.0,1207.0,0.0079,0.0079,0.0079,10000026,2015-06-24,2015-06-24,P,2.2,2015-02-09
4385,2015-04-08 10:36:00,2015-04-08,0.0079,0.0,0.0,1207.0,0.0079,0.0079,0.0079,10000026,2015-06-24,2015-06-24,P,2.2,2015-02-09
4386,2015-04-08 10:37:00,2015-04-08,0.0079,0.0,0.0,1207.0,0.0079,0.0079,0.0079,10000026,2015-06-24,2015-06-24,P,2.2,2015-02-09
4387,2015-04-08 10:38:00,2015-04-08,0.0079,0.0,0.0,1207.0,0.0079,0.0079,0.0079,10000026,2015-06-24,2015-06-24,P,2.2,2015-02-09
4388,2015-04-08 10:39:00,2015-04-08,0.0079,0.0,0.0,1207.0,0.0079,0.0079,0.0079,10000026,2015-06-24,2015-06-24,P,2.2,2015-02-09
4389,2015-04-08 10:40:00,2015-04-08,0.0079,0.0,0.0,1207.0,0.0079,0.0079,0.0079,10000026,2015-06-24,2015-06-24,P,2.2,2015-02-09
4390,2015-04-08 10:41:00,2015-04-08,0.0079,0.0,0.0,1207.0,0.0079,0.0079,0.0079,10000026,2015-06-24,2015-06-24,P,2.2,2015-02-09
4391,2015-04-08 10:42:00,2015-04-08,0.0079,0.0,0.0,1207.0,0.0079,0.0079,0.0079,10000026,2015-06-24,2015-06-24,P,2.2,2015-02-09
4392,2015-04-08 10:43:00,2015-04-08,0.0079,0.0,0.0,1207.0,0.0079,0.0079,0.0079,10000026,2015-06-24,2015-06-24,P,2.2,2015-02-09
4393,2015-04-08 10:44:00,2015-04-08,0.0079,0.0,0.0,1207.0,0.0079,0.0079,0.0079,10000026,2015-06-24,2015-06-24,P,2.2,2015-02-09
4394,2015-04-08 10:45:00,2015-04-08,0.0079,0.0,0.0,1207.0,0.0079,0.0079,0.0079,10000026,2015-06-24,2015-06-24,P,2.2,2015-02-09
4395,2015-04-08 10:46:00,2015-04-08,0.0079,0.0,0.0,1207.0,0.0079,0.0079,0.0079,10000026,2015-06-24,2015-06-24,P,2.2,2015-02-09
4396,2015-04-08 10:47:00,2015-04-08,0.0079,0.0,0.0,1207.0,0.0079,0.0079,0.0079,10000026,2015-06-24,2015-06-24,P,2.2,2015-02-09
4397,2015-04-08 10:48:00,2015-04-08,0.0079,0.0,0.0,1207.0,0.0079,0.0079,0.0079,10000026,2015-06-24,2015-06-24,P,2.2,2015-02-09
4398,2015-04-08 10:49:00,2015-04-08,0.0079,0.0,0.0,1207.0,0.0079,0.0079,0.0079,10000026,2015-06-24,2015-06-24,P,2.2,2015-02-09
4399,2015-04-08 10:50:00,2015-04-08,0.0079,0.0,0.0,1207.0,0.0079,0.0079,0.0079,10000026,2015-06-24,2015-06-24,P,2.2,2015-02-09
4400,2015-04-08 10:51:00,2015-04-08,0.0079,0.0,0.0,1207.0,0.0079,0.0079,0.0079,10000026,2015-06-24,2015-06-24,P,2.2,2015-02-09
4401,2015-04-08 10:52:00,2015-04-08,0.0079,0.0,0.0,1207.0,0.0079,0.0079,0.0079,10000026,2015-06-24,2015-06-24,P,2.2,2015-02-09
4402,2015-04-08 10:53:00,2015-04-08,0.0079,0.0,0.0,1207.0,0.0079,0.0079,0.0079,10000026,2015-06-24,2015-06-24,P,2.2,2015-02-09
4403,2015-04-08 10:54:00,2015-04-08,0.0079,0.0,0.0,1207.0,0.0079,0.0079,0.0079,10000026,2015-06-24,2015-06-24,P,2.2,2015-02-09
4404,2015-04-08 10:55:00,2015-04-08,0.0079,0.0,0.0,1207.0,0.0079,0.0079,0.0079,10000026,2015-06-24,2015-06-24,P,2.2,2015-02-09
4405,2015-04-08 10:56:00,2015-04-08,0.0079,0.0,0.0,1207.0,0.0079,0.0079,0.0079,10000026,2015-06-24,2015-06-24,P,2.2,2015-02-09
4406,2015-04-08 10:57:00,2015-04-08,0.0079,0.0,0.0,1207.0,0.0079,0.0079,0.0079,10000026,2015-06-24,2015-06-24,P,2.2,2015-02-09
4407,2015-04-08 10:58:00,2015-04-08,0.0079,0.0,0.0,1207.0,0.0079,0.0079,0.0079,10000026,2015-06-24,2015-06-24,P,2.2,2015-02-09
4408,2015-04-08 10:59:00,2015-04-08,0.0079,0.0,0.0,1207.0,0.0079,0.0079,0.0079,10000026,2015-06-24,2015-06-24,P,2.2,2015-02-09
4409,2015-04-08 11:00:00,2015-04-08,0.0079,0.0,0.0,1207.0,0.0079,0.0079,0.0079,10000026,2015-06-24,2015-06-24,P,2.2,2015-02-09
4410,2015-04-08 11:01:00,2015-04-08,0.0079,0.0,0.0,1207.0,0.0079,0.0079,0.0079,10000026,2015-06-24,2015-06-24,P,2.2,2015-02-09
4411,2015-04-08 11:02:00,2015-04-08,0.0079,0.0,0.0,1207.0,0.0079,0.0079,0.0079,10000026,2015-06-24,2015-06-24,P,2.2,2015-02-09
4412,2015-04-08 11:03:00,2015-04-08,0.0079,0.0,0.0,1207.0,0.0079,0.0079,0.0079,10000026,2015-06-24,2015-06-24,P,2.2,2015-02-09
4413,2015-04-08 11:04:00,2015-04-08,0.0079,0.0,0.0,1207.0,0.0079,0.0079,0.0079,10000026,2015-06-24,2015-06-24,P,2.2,2015-02-09
4414,2015-04-08 11:05:00,2015-04-08,0.0079,0.0,0.0,1207.0,0.0079,0.0079,0.0079,10000026,2015-06-24,2015-06-24,P,2.2,2015-02-09
4415,2015-04-08 11:06:00,2015-04-08,0.0079,0.0,0.0,1207.0,0.0079,0.0079,0.0079,10000026,2015-06-24,2015-06-24,P,2.2,2015-02-09
4416,2015-04-08 11:07:00,2015-04-08,0.0079,0.0,0.0,1207.0,0.0079,0.0079,0.0079,10000026,2015-06-24,2015-06-24,P,2.2,2015-02-09
4417,2015-04-08 11:08:00,2015-04-08,0.0079,0.0,0.0,1207.0,0.0079,0.0079,0.0079,10000026,2015-06-24,2015-06-24,P,2.2,2015-02-09
4418,2015-04-08 11:09:00,2015-04-08,0.0079,0.0,0.0,1207.0,0.0079,0.0079,0.0079,10000026,2015-06-24,2015-06-24,P,2.2,2015-02-09
4419,2015-04-08 11:10:00,2015-04-08,0.0085,425.0,5.0,1212.0,0.0085,0.0085,0.0085,10000026,2015-06-24,2015-06-24,P,2.2,2015-02-09
4420,2015-04-08 11:11:00,2015-04-08,0.0085,0.0,0.0,1212.0,0.0085,0.0085,0.0085,10000026,2015-06-24,2015-06-24,P,2.2,2015-02-09
4421,2015-04-08 11:12:00,2015-04-08,0.0085,0.0,0.0,1212.0,0.0085,0.0085,0.0085,10000026,2015-06-24,2015-06-24,P,2.2,2015-02-09
4422,2015-04-08 11:13:00,2015-04-08,0.0085,0.0,0.0,1212.0,0.0085,0.0085,0.0085,10000026,2015-06-24,2015-06-24,P,2.2,2015-02-09
4423,2015-04-08 11:14:00,2015-04-08,0.0085,0.0,0.0,1212.0,0.0085,0.0085,0.0085,10000026,2015-06-24,2015-06-24,P,2.2,2015-02-09
4424,2015-04-08 11:15:00,2015-04-08,0.0085,0.0,0.0,1212.0,0.0085,0.0085,0.0085,10000026,2015-06-24,2015-06-24,P,2.2,2015-02-09
4425,2015-04-08 11:16:00,2015-04-08,0.0085,0.0,0.0,1212.0,0.0085,0.0085,0.0085,10000026,2015-06-24,2015-06-24,P,2.2,2015-02-09
4426,2015-04-08 11:17:00,2015-04-08,0.0085,0.0,0.0,1212.0,0.0085,0.0085,0.0085,10000026,2015-06-24,2015-06-24,P,2.2,2015-02-09
4427,2015-04-08 11:18:00,2015-04-08,0.0085,0.0,0.0,1212.0,0.0085,0.0085,0.0085,10000026,2015-06-24,2015-06-24,P,2.2,2015-02-09
4428,2015-04-08 11:19:00,2015-04-08,0.0085,0.0,0.0,1212.0,0.0085,0.0085,0.0085,10000026,2015-06-24,2015-06-24,P,2.2,2015-02-09
4429,2015-04-08 11:20:00,2015-04-08,0.0085,0.0,0.0,1212.0,0.0085,0.0085,0.0085,10000026,2015-06-24,2015-06-24,P,2.2,2015-02-09
4430,2015-04-08 11:21:00,2015-04-08,0.0085,0.0,0.0,1212.0,0.0085,0.0085,0.0085,10000026,2015-06-24,2015-06-24,P,2.2,2015-02-09
4431,2015-04-08 11:22:00,2015-04-08,0.0085,0.0,0.0,1212.0,0.0085,0.0085,0.0085,10000026,2015-06-24,2015-06-24,P,2.2,2015-02-09
4432,2015-04-08 11:23:00,2015-04-08,0.0085,0.0,0.0,1212.0,0.0085,0.0085,0.0085,10000026,2015-06-24,2015-06-24,P,2.2,2015-02-09
4433,2015-04-08 11:24:00,2015-04-08,0.0085,0.0,0.0,1212.0,0.0085,0.0085,0.0085,10000026,2015-06-24,2015-06-24,P,2.2,2015-02-09
4434,2015-04-08 11:25:00,2015-04-08,0.0085,0.0,0.0,1212.0,0.0085,0.0085,0.0085,10000026,2015-06-24,2015-06-24,P,2.2,2015-02-09
4435,2015-04-08 11:26:00,2015-04-08,0.0085,0.0,0.0,1212.0,0.0085,0.0085,0.0085,10000026,2015-06-24,2015-06-24,P,2.2,2015-02-09
4436,2015-04-08 11:27:00,2015-04-08,0.0085,0.0,0.0,1212.0,0.0085,0.0085,0.0085,10000026,2015-06-24,2015-06-24,P,2.2,2015-02-09
4437,2015-04-08 11:28:00,2015-04-08,0.0085,0.0,0.0,1212.0,0.0085,0.0085,0.0085,10000026,2015-06-24,2015-06-24,P,2.2,2015-02-09
4438,2015-04-08 11:29:00,2015-04-08,0.0085,0.0,0.0,1212.0,0.0085,0.0085,0.0085,10000026,2015-06-24,2015-06-24,P,2.2,2015-02-09
4439,2015-04-08 11:30:00,2015-04-08,0.0085,0.0,0.0,1212.0,0.0085,0.0085,0.0085,10000026,2015-06-24,2015-06-24,P,2.2,2015-02-09
4440,2015-04-08 13:01:00,2015-04-08,0.0085,0.0,0.0,1212.0,0.0085,0.0085,0.0085,10000026,2015-06-24,2015-06-24,P,2.2,2015-02-09
4441,2015-04-08 13:02:00,2015-04-08,0.0085,0.0,0.0,1212.0,0.0085,0.0085,0.0085,10000026,2015-06-24,2015-06-24,P,2.2,2015-02-09
4442,2015-04-08 13:03:00,2015-04-08,0.0085,0.0,0.0,1212.0,0.0085,0.0085,0.0085,10000026,2015-06-24,2015-06-24,P,2.2,2015-02-09
4443,2015-04-08 13:04:00,2015-04-08,0.0085,0.0,0.0,1212.0,0.0085,0.0085,0.0085,10000026,2015-06-24,2015-06-24,P,2.2,2015-02-09
4444,2015-04-08 13:05:00,2015-04-08,0.0085,0.0,0.0,1212.0,0.0085,0.0085,0.0085,10000026,2015-06-24,2015-06-24,P,2.2,2015-02-09
4445,2015-04-08 13:06:00,2015-04-08,0.0085,0.0,0.0,1212.0,0.0085,0.0085,0.0085,10000026,2015-06-24,2015-06-24,P,2.2,2015-02-09
4446,2015-04-08 13:07:00,2015-04-08,0.0085,0.0,0.0,1212.0,0.0085,0.0085,0.0085,10000026,2015-06-24,2015-06-24,P,2.2,2015-02-09
4447,2015-04-08 13:08:00,2015-04-08,0.0085,0.0,0.0,1212.0,0.0085,0.0085,0.0085,10000026,2015-06-24,2015-06-24,P,2.2,2015-02-09
4448,2015-04-08 13:09:00,2015-04-08,0.0085,0.0,0.0,1212.0,0.0085,0.0085,0.0085,10000026,2015-06-24,2015-06-24,P,2.2,2015-02-09
4449,2015-04-08 13:10:00,2015-04-08,0.0085,0.0,0.0,1212.0,0.0085,0.0085,0.0085,10000026,2015-06-24,2015-06-24,P,2.2,2015-02-09
4450,2015-04-08 13:11:00,2015-04-08,0.0085,0.0,0.0,1212.0,0.0085,0.0085,0.0085,10000026,2015-06-24,2015-06-24,P,2.2,2015-02-09
4451,2015-04-08 13:12:00,2015-04-08,0.0085,0.0,0.0,1212.0,0.0085,0.0085,0.0085,10000026,2015-06-24,2015-06-24,P,2.2,2015-02-09
4452,2015-04-08 13:13:00,2015-04-08,0.0085,0.0,0.0,1212.0,0.0085,0.0085,0.0085,10000026,2015-06-24,2015-06-24,P,2.2,2015-02-09
4453,2015-04-08 13:14:00,2015-04-08,0.0085,0.0,0.0,1212.0,0.0085,0.0085,0.0085,10000026,2015-06-24,2015-06-24,P,2.2,2015-02-09
4454,2015-04-08 13:15:00,2015-04-08,0.0085,0.0,0.0,1212.0,0.0085,0.0085,0.0085,10000026,2015-06-24,2015-06-24,P,2.2,2015-02-09
4455,2015-04-08 13:16:00,2015-04-08,0.0085,0.0,0.0,1212.0,0.0085,0.0085,0.0085,10000026,2015-06-24,2015-06-24,P,2.2,2015-02-09
4456,2015-04-08 13:17:00,2015-04-08,0.0085,0.0,0.0,1212.0,0.0085,0.0085,0.0085,10000026,2015-06-24,2015-06-24,P,2.2,2015-02-09
4457,2015-04-08 13:18:00,2015-04-08,0.0085,0.0,0.0,1212.0,0.0085,0.0085,0.0085,10000026,2015-06-24,2015-06-24,P,2.2,2015-02-09
4458,2015-04-08 13:19:00,2015-04-08,0.0085,0.0,0.0,1212.0,0.0085,0.0085,0.0085,10000026,2015-06-24,2015-06-24,P,2.2,2015-02-09
4459,2015-04-08 13:20:00,2015-04-08,0.008,800.0,10.0,1222.0,0.008,0.008,0.008,10000026,2015-06-24,2015-06-24,P,2.2,2015-02-09
4460,2015-04-08 13:21:00,2015-04-08,0.0079,711.0,9.0,1231.0,0.0079,0.0079,0.0079,10000026,2015-06-24,2015-06-24,P,2.2,2015-02-09
4461,2015-04-08 13:22:00,2015-04-08,0.0079,0.0,0.0,1231.0,0.0079,0.0079,0.0079,10000026,2015-06-24,2015-06-24,P,2.2,2015-02-09
4462,2015-04-08 13:23:00,2015-04-08,0.0079,0.0,0.0,1231.0,0.0079,0.0079,0.0079,10000026,2015-06-24,2015-06-24,P,2.2,2015-02-09
4463,2015-04-08 13:24:00,2015-04-08,0.0081,405.0,5.0,1236.0,0.0081,0.0081,0.0081,10000026,2015-06-24,2015-06-24,P,2.2,2015-02-09
4464,2015-04-08 13:25:00,2015-04-08,0.0081,0.0,0.0,1236.0,0.0081,0.0081,0.0081,10000026,2015-06-24,2015-06-24,P,2.2,2015-02-09
4465,2015-04-08 13:26:00,2015-04-08,0.0081,0.0,0.0,1236.0,0.0081,0.0081,0.0081,10000026,2015-06-24,2015-06-24,P,2.2,2015-02-09
4466,2015-04-08 13:27:00,2015-04-08,0.0081,0.0,0.0,1236.0,0.0081,0.0081,0.0081,10000026,2015-06-24,2015-06-24,P,2.2,2015-02-09
4467,2015-04-08 13:28:00,2015-04-08,0.0087,87.0,1.0,1237.0,0.0087,0.0087,0.0087,10000026,2015-06-24,2015-06-24,P,2.2,2015-02-09
4468,2015-04-08 13:29:00,2015-04-08,0.0087,0.0,0.0,1237.0,0.0087,0.0087,0.0087,10000026,2015-06-24,2015-06-24,P,2.2,2015-02-09
4469,2015-04-08 13:30:00,2015-04-08,0.0087,0.0,0.0,1237.0,0.0087,0.0087,0.0087,10000026,2015-06-24,2015-06-24,P,2.2,2015-02-09
4470,2015-04-08 13:31:00,2015-04-08,0.0087,0.0,0.0,1237.0,0.0087,0.0087,0.0087,10000026,2015-06-24,2015-06-24,P,2.2,2015-02-09
4471,2015-04-08 13:32:00,2015-04-08,0.0087,0.0,0.0,1237.0,0.0087,0.0087,0.0087,10000026,2015-06-24,2015-06-24,P,2.2,2015-02-09
4472,2015-04-08 13:33:00,2015-04-08,0.0087,0.0,0.0,1237.0,0.0087,0.0087,0.0087,10000026,2015-06-24,2015-06-24,P,2.2,2015-02-09
4473,2015-04-08 13:34:00,2015-04-08,0.0087,0.0,0.0,1237.0,0.0087,0.0087,0.0087,10000026,2015-06-24,2015-06-24,P,2.2,2015-02-09
4474,2015-04-08 13:35:00,2015-04-08,0.0087,0.0,0.0,1237.0,0.0087,0.0087,0.0087,10000026,2015-06-24,2015-06-24,P,2.2,2015-02-09
4475,2015-04-08 13:36:00,2015-04-08,0.0087,0.0,0.0,1237.0,0.0087,0.0087,0.0087,10000026,2015-06-24,2015-06-24,P,2.2,2015-02-09
4476,2015-04-08 13:37:00,2015-04-08,0.0087,0.0,0.0,1237.0,0.0087,0.0087,0.0087,10000026,2015-06-24,2015-06-24,P,2.2,2015-02-09
4477,2015-04-08 13:38:00,2015-04-08,0.0087,0.0,0.0,1237.0,0.0087,0.0087,0.0087,10000026,2015-06-24,2015-06-24,P,2.2,2015-02-09
4478,2015-04-08 13:39:00,2015-04-08,0.0087,0.0,0.0,1237.0,0.0087,0.0087,0.0087,10000026,2015-06-24,2015-06-24,P,2.2,2015-02-09
4479,2015-04-08 13:40:00,2015-04-08,0.0087,0.0,0.0,1237.0,0.0087,0.0087,0.0087,10000026,2015-06-24,2015-06-24,P,2.2,2015-02-09
4480,2015-04-08 13:41:00,2015-04-08,0.0087,0.0,0.0,1237.0,0.0087,0.0087,0.0087,10000026,2015-06-24,2015-06-24,P,2.2,2015-02-09
4481,2015-04-08 13:42:00,2015-04-08,0.0087,0.0,0.0,1237.0,0.0087,0.0087,0.0087,10000026,2015-06-24,2015-06-24,P,2.2,2015-02-09
4482,2015-04-08 13:43:00,2015-04-08,0.0087,0.0,0.0,1237.0,0.0087,0.0087,0.0087,10000026,2015-06-24,2015-06-24,P,2.2,2015-02-09
4483,2015-04-08 13:44:00,2015-04-08,0.0087,0.0,0.0,1237.0,0.0087,0.0087,0.0087,10000026,2015-06-24,2015-06-24,P,2.2,2015-02-09
4484,2015-04-08 13:45:00,2015-04-08,0.0087,0.0,0.0,1237.0,0.0087,0.0087,0.0087,10000026,2015-06-24,2015-06-24,P,2.2,2015-02-09
4485,2015-04-08 13:46:00,2015-04-08,0.0087,0.0,0.0,1237.0,0.0087,0.0087,0.0087,10000026,2015-06-24,2015-06-24,P,2.2,2015-02-09
4486,2015-04-08 13:47:00,2015-04-08,0.0087,0.0,0.0,1237.0,0.0087,0.0087,0.0087,10000026,2015-06-24,2015-06-24,P,2.2,2015-02-09
4487,2015-04-08 13:48:00,2015-04-08,0.0087,0.0,0.0,1237.0,0.0087,0.0087,0.0087,10000026,2015-06-24,2015-06-24,P,2.2,2015-02-09
4488,2015-04-08 13:49:00,2015-04-08,0.0087,0.0,0.0,1237.0,0.0087,0.0087,0.0087,10000026,2015-06-24,2015-06-24,P,2.2,2015-02-09
4489,2015-04-08 13:50:00,2015-04-08,0.0087,0.0,0.0,1237.0,0.0087,0.0087,0.0087,10000026,2015-06-24,2015-06-24,P,2.2,2015-02-09
4490,2015-04-08 13:51:00,2015-04-08,0.0087,0.0,0.0,1237.0,0.0087,0.0087,0.0087,10000026,2015-06-24,2015-06-24,P,2.2,2015-02-09
4491,2015-04-08 13:52:00,2015-04-08,0.0087,0.0,0.0,1237.0,0.0087,0.0087,0.0087,10000026,2015-06-24,2015-06-24,P,2.2,2015-02-09
4492,2015-04-08 13:53:00,2015-04-08,0.0087,0.0,0.0,1237.0,0.0087,0.0087,0.0087,10000026,2015-06-24,2015-06-24,P,2.2,2015-02-09
4493,2015-04-08 13:54:00,2015-04-08,0.0087,0.0,0.0,1237.0,0.0087,0.0087,0.0087,10000026,2015-06-24,2015-06-24,P,2.2,2015-02-09
4494,2015-04-08 13:55:00,2015-04-08,0.0087,0.0,0.0,1237.0,0.0087,0.0087,0.0087,10000026,2015-06-24,2015-06-24,P,2.2,2015-02-09
4495,2015-04-08 13:56:00,2015-04-08,0.0087,0.0,0.0,1237.0,0.0087,0.0087,0.0087,10000026,2015-06-24,2015-06-24,P,2.2,2015-02-09
4496,2015-04-08 13:57:00,2015-04-08,0.0087,0.0,0.0,1237.0,0.0087,0.0087,0.0087,10000026,2015-06-24,2015-06-24,P,2.2,2015-02-09
4497,2015-04-08 13:58:00,2015-04-08,0.0087,0.0,0.0,1237.0,0.0087,0.0087,0.0087,10000026,2015-06-24,2015-06-24,P,2.2,2015-02-09
4498,2015-04-08 13:59:00,2015-04-08,0.0087,0.0,0.0,1237.0,0.0087,0.0087,0.0087,10000026,2015-06-24,2015-06-24,P,2.2,2015-02-09
4499,2015-04-08 14:00:00,2015-04-08,0.0087,0.0,0.0,1237.0,0.0087,0.0087,0.0087,10000026,2015-06-24,2015-06-24,P,2.2,2015-02-09
4500,2015-04-08 14:01:00,2015-04-08,0.0087,0.0,0.0,1237.0,0.0087,0.0087,0.0087,10000026,2015-06-24,2015-06-24,P,2.2,2015-02-09
4501,2015-04-08 14:02:00,2015-04-08,0.0087,0.0,0.0,1237.0,0.0087,0.0087,0.0087,10000026,2015-06-24,2015-06-24,P,2.2,2015-02-09
4502,2015-04-08 14:03:00,2015-04-08,0.0087,0.0,0.0,1237.0,0.0087,0.0087,0.0087,10000026,2015-06-24,2015-06-24,P,2.2,2015-02-09
4503,2015-04-08 14:04:00,2015-04-08,0.0087,0.0,0.0,1237.0,0.0087,0.0087,0.0087,10000026,2015-06-24,2015-06-24,P,2.2,2015-02-09
4504,2015-04-08 14:05:00,2015-04-08,0.0087,0.0,0.0,1237.0,0.0087,0.0087,0.0087,10000026,2015-06-24,2015-06-24,P,2.2,2015-02-09
4505,2015-04-08 14:06:00,2015-04-08,0.0087,0.0,0.0,1237.0,0.0087,0.0087,0.0087,10000026,2015-06-24,2015-06-24,P,2.2,2015-02-09
4506,2015-04-08 14:07:00,2015-04-08,0.0087,0.0,0.0,1237.0,0.0087,0.0087,0.0087,10000026,2015-06-24,2015-06-24,P,2.2,2015-02-09
4507,2015-04-08 14:08:00,2015-04-08,0.0087,0.0,0.0,1237.0,0.0087,0.0087,0.0087,10000026,2015-06-24,2015-06-24,P,2.2,2015-02-09
4508,2015-04-08 14:09:00,2015-04-08,0.0087,0.0,0.0,1237.0,0.0087,0.0087,0.0087,10000026,2015-06-24,2015-06-24,P,2.2,2015-02-09
4509,2015-04-08 14:10:00,2015-04-08,0.0087,0.0,0.0,1237.0,0.0087,0.0087,0.0087,10000026,2015-06-24,2015-06-24,P,2.2,2015-02-09
4510,2015-04-08 14:11:00,2015-04-08,0.0087,0.0,0.0,1237.0,0.0087,0.0087,0.0087,10000026,2015-06-24,2015-06-24,P,2.2,2015-02-09
4511,2015-04-08 14:12:00,2015-04-08,0.0087,0.0,0.0,1237.0,0.0087,0.0087,0.0087,10000026,2015-06-24,2015-06-24,P,2.2,2015-02-09
4512,2015-04-08 14:13:00,2015-04-08,0.0087,0.0,0.0,1237.0,0.0087,0.0087,0.0087,10000026,2015-06-24,2015-06-24,P,2.2,2015-02-09
4513,2015-04-08 14:14:00,2015-04-08,0.0087,0.0,0.0,1237.0,0.0087,0.0087,0.0087,10000026,2015-06-24,2015-06-24,P,2.2,2015-02-09
4514,2015-04-08 14:15:00,2015-04-08,0.0087,0.0,0.0,1237.0,0.0087,0.0087,0.0087,10000026,2015-06-24,2015-06-24,P,2.2,2015-02-09
4515,2015-04-08 14:16:00,2015-04-08,0.0087,0.0,0.0,1237.0,0.0087,0.0087,0.0087,10000026,2015-06-24,2015-06-24,P,2.2,2015-02-09
4516,2015-04-08 14:17:00,2015-04-08,0.0087,0.0,0.0,1237.0,0.0087,0.0087,0.0087,10000026,2015-06-24,2015-06-24,P,2.2,2015-02-09
4517,2015-04-08 14:18:00,2015-04-08,0.0087,0.0,0.0,1237.0,0.0087,0.0087,0.0087,10000026,2015-06-24,2015-06-24,P,2.2,2015-02-09
4518,2015-04-08 14:19:00,2015-04-08,0.0087,0.0,0.0,1237.0,0.0087,0.0087,0.0087,10000026,2015-06-24,2015-06-24,P,2.2,2015-02-09
4519,2015-04-08 14:20:00,2015-04-08,0.0087,0.0,0.0,1237.0,0.0087,0.0087,0.0087,10000026,2015-06-24,2015-06-24,P,2.2,2015-02-09
4520,2015-04-08 14:21:00,2015-04-08,0.0087,0.0,0.0,1237.0,0.0087,0.0087,0.0087,10000026,2015-06-24,2015-06-24,P,2.2,2015-02-09
4521,2015-04-08 14:22:00,2015-04-08,0.0087,0.0,0.0,1237.0,0.0087,0.0087,0.0087,10000026,2015-06-24,2015-06-24,P,2.2,2015-02-09
4522,2015-04-08 14:23:00,2015-04-08,0.0087,0.0,0.0,1237.0,0.0087,0.0087,0.0087,10000026,2015-06-24,2015-06-24,P,2.2,2015-02-09
4523,2015-04-08 14:24:00,2015-04-08,0.0087,0.0,0.0,1237.0,0.0087,0.0087,0.0087,10000026,2015-06-24,2015-06-24,P,2.2,2015-02-09
4524,2015-04-08 14:25:00,2015-04-08,0.0087,0.0,0.0,1237.0,0.0087,0.0087,0.0087,10000026,2015-06-24,2015-06-24,P,2.2,2015-02-09
4525,2015-04-08 14:26:00,2015-04-08,0.0087,0.0,0.0,1237.0,0.0087,0.0087,0.0087,10000026,2015-06-24,2015-06-24,P,2.2,2015-02-09
4526,2015-04-08 14:27:00,2015-04-08,0.0087,0.0,0.0,1237.0,0.0087,0.0087,0.0087,10000026,2015-06-24,2015-06-24,P,2.2,2015-02-09
4527,2015-04-08 14:28:00,2015-04-08,0.0087,0.0,0.0,1237.0,0.0087,0.0087,0.0087,10000026,2015-06-24,2015-06-24,P,2.2,2015-02-09
4528,2015-04-08 14:29:00,2015-04-08,0.0087,0.0,0.0,1237.0,0.0087,0.0087,0.0087,10000026,2015-06-24,2015-06-24,P,2.2,2015-02-09
4529,2015-04-08 14:30:00,2015-04-08,0.0087,0.0,0.0,1237.0,0.0087,0.0087,0.0087,10000026,2015-06-24,2015-06-24,P,2.2,2015-02-09
4530,2015-04-08 14:31:00,2015-04-08,0.0087,0.0,0.0,1237.0,0.0087,0.0087,0.0087,10000026,2015-06-24,2015-06-24,P,2.2,2015-02-09
4531,2015-04-08 14:32:00,2015-04-08,0.0087,0.0,0.0,1237.0,0.0087,0.0087,0.0087,10000026,2015-06-24,2015-06-24,P,2.2,2015-02-09
4532,2015-04-08 14:33:00,2015-04-08,0.0087,0.0,0.0,1237.0,0.0087,0.0087,0.0087,10000026,2015-06-24,2015-06-24,P,2.2,2015-02-09
4533,2015-04-08 14:34:00,2015-04-08,0.0087,0.0,0.0,1237.0,0.0087,0.0087,0.0087,10000026,2015-06-24,2015-06-24,P,2.2,2015-02-09
4534,2015-04-08 14:35:00,2015-04-08,0.0087,0.0,0.0,1237.0,0.0087,0.0087,0.0087,10000026,2015-06-24,2015-06-24,P,2.2,2015-02-09
4535,2015-04-08 14:36:00,2015-04-08,0.0087,0.0,0.0,1237.0,0.0087,0.0087,0.0087,10000026,2015-06-24,2015-06-24,P,2.2,2015-02-09
4536,2015-04-08 14:37:00,2015-04-08,0.0087,0.0,0.0,1237.0,0.0087,0.0087,0.0087,10000026,2015-06-24,2015-06-24,P,2.2,2015-02-09
4537,2015-04-08 14:38:00,2015-04-08,0.0087,0.0,0.0,1237.0,0.0087,0.0087,0.0087,10000026,2015-06-24,2015-06-24,P,2.2,2015-02-09
4538,2015-04-08 14:39:00,2015-04-08,0.0087,0.0,0.0,1237.0,0.0087,0.0087,0.0087,10000026,2015-06-24,2015-06-24,P,2.2,2015-02-09
4539,2015-04-08 14:40:00,2015-04-08,0.0087,0.0,0.0,1237.0,0.0087,0.0087,0.0087,10000026,2015-06-24,2015-06-24,P,2.2,2015-02-09
4540,2015-04-08 14:41:00,2015-04-08,0.0087,0.0,0.0,1237.0,0.0087,0.0087,0.0087,10000026,2015-06-24,2015-06-24,P,2.2,2015-02-09
4541,2015-04-08 14:42:00,2015-04-08,0.0087,0.0,0.0,1237.0,0.0087,0.0087,0.0087,10000026,2015-06-24,2015-06-24,P,2.2,2015-02-09
4542,2015-04-08 14:43:00,2015-04-08,0.0087,0.0,0.0,1237.0,0.0087,0.0087,0.0087,10000026,2015-06-24,2015-06-24,P,2.2,2015-02-09
4543,2015-04-08 14:44:00,2015-04-08,0.0087,0.0,0.0,1237.0,0.0087,0.0087,0.0087,10000026,2015-06-24,2015-06-24,P,2.2,2015-02-09
4544,2015-04-08 14:45:00,2015-04-08,0.0087,0.0,0.0,1237.0,0.0087,0.0087,0.0087,10000026,2015-06-24,2015-06-24,P,2.2,2015-02-09
4545,2015-04-08 14:46:00,2015-04-08,0.0087,0.0,0.0,1237.0,0.0087,0.0087,0.0087,10000026,2015-06-24,2015-06-24,P,2.2,2015-02-09
4546,2015-04-08 14:47:00,2015-04-08,0.0087,0.0,0.0,1237.0,0.0087,0.0087,0.0087,10000026,2015-06-24,2015-06-24,P,2.2,2015-02-09
4547,2015-04-08 14:48:00,2015-04-08,0.0087,0.0,0.0,1237.0,0.0087,0.0087,0.0087,10000026,2015-06-24,2015-06-24,P,2.2,2015-02-09
4548,2015-04-08 14:49:00,2015-04-08,0.0087,0.0,0.0,1237.0,0.0087,0.0087,0.0087,10000026,2015-06-24,2015-06-24,P,2.2,2015-02-09
4549,2015-04-08 14:50:00,2015-04-08,0.0087,0.0,0.0,1237.0,0.0087,0.0087,0.0087,10000026,2015-06-24,2015-06-24,P,2.2,2015-02-09
4550,2015-04-08 14:51:00,2015-04-08,0.0087,0.0,0.0,1237.0,0.0087,0.0087,0.0087,10000026,2015-06-24,2015-06-24,P,2.2,2015-02-09
4551,2015-04-08 14:52:00,2015-04-08,0.0087,0.0,0.0,1237.0,0.0087,0.0087,0.0087,10000026,2015-06-24,2015-06-24,P,2.2,2015-02-09
4552,2015-04-08 14:53:00,2015-04-08,0.0087,0.0,0.0,1237.0,0.0087,0.0087,0.0087,10000026,2015-06-24,2015-06-24,P,2.2,2015-02-09
4553,2015-04-08 14:54:00,2015-04-08,0.0087,0.0,0.0,1237.0,0.0087,0.0087,0.0087,10000026,2015-06-24,2015-06-24,P,2.2,2015-02-09
4554,2015-04-08 14:55:00,2015-04-08,0.0087,0.0,0.0,1237.0,0.0087,0.0087,0.0087,10000026,2015-06-24,2015-06-24,P,2.2,2015-02-09
4555,2015-04-08 14:56:00,2015-04-08,0.0087,0.0,0.0,1237.0,0.0087,0.0087,0.0087,10000026,2015-06-24,2015-06-24,P,2.2,2015-02-09
4556,2015-04-08 14:57:00,2015-04-08,0.0087,0.0,0.0,1237.0,0.0087,0.0087,0.0087,10000026,2015-06-24,2015-06-24,P,2.2,2015-02-09
4557,2015-04-08 14:58:00,2015-04-08,0.0087,0.0,0.0,1237.0,0.0087,0.0087,0.0087,10000026,2015-06-24,2015-06-24,P,2.2,2015-02-09
4558,2015-04-08 14:59:00,2015-04-08,0.0087,0.0,0.0,1237.0,0.0087,0.0087,0.0087,10000026,2015-06-24,2015-06-24,P,2.2,2015-02-09
4559,2015-04-08 15:00:00,2015-04-08,0.0087,0.0,0.0,1237.0,0.0087,0.0087,0.0087,10000026,2015-06-24,2015-06-24,P,2.2,2015-02-09
4560,2015-04-08 09:31:00,2015-04-08,0.1486,11885.0,8.0,8.0,0.1486,0.1485,0.1485,10000130,2015-04-22,2015-04-22,P,2.95,2015-04-08
4561,2015-04-08 09:32:00,2015-04-08,0.1485,0.0,0.0,8.0,0.1485,0.1485,0.1485,10000130,2015-04-22,2015-04-22,P,2.95,2015-04-08
4562,2015-04-08 09:33:00,2015-04-08,0.1485,1485.0,1.0,9.0,0.1485,0.1485,0.1485,10000130,2015-04-22,2015-04-22,P,2.95,2015-04-08
4563,2015-04-08 09:34:00,2015-04-08,0.1485,0.0,0.0,9.0,0.1485,0.1485,0.1485,10000130,2015-04-22,2015-04-22,P,2.95,2015-04-08
4564,2015-04-08 09:35:00,2015-04-08,0.1485,0.0,0.0,9.0,0.1485,0.1485,0.1485,10000130,2015-04-22,2015-04-22,P,2.95,2015-04-08
4565,2015-04-08 09:36:00,2015-04-08,0.1485,0.0,0.0,9.0,0.1485,0.1485,0.1485,10000130,2015-04-22,2015-04-22,P,2.95,2015-04-08
4566,2015-04-08 09:37:00,2015-04-08,0.158,15800.0,10.0,19.0,0.158,0.158,0.158,10000130,2015-04-22,2015-04-22,P,2.95,2015-04-08
4567,2015-04-08 09:38:00,2015-04-08,0.1592,25342.0,16.0,35.0,0.159,0.157,0.157,10000130,2015-04-22,2015-04-22,P,2.95,2015-04-08
4568,2015-04-08 09:39:00,2015-04-08,0.1562,10948.0,7.0,42.0,0.1562,0.1562,0.1562,10000130,2015-04-22,2015-04-22,P,2.95,2015-04-08
4569,2015-04-08 09:40:00,2015-04-08,0.1559,18268.0,12.0,52.0,0.1559,0.1515,0.1515,10000130,2015-04-22,2015-04-22,P,2.95,2015-04-08
4570,2015-04-08 09:41:00,2015-04-08,0.1515,0.0,0.0,52.0,0.1515,0.1515,0.1515,10000130,2015-04-22,2015-04-22,P,2.95,2015-04-08
4571,2015-04-08 09:42:00,2015-04-08,0.1515,0.0,0.0,52.0,0.1515,0.1515,0.1515,10000130,2015-04-22,2015-04-22,P,2.95,2015-04-08
4572,2015-04-08 09:43:00,2015-04-08,0.152,3040.0,2.0,54.0,0.152,0.152,0.152,10000130,2015-04-22,2015-04-22,P,2.95,2015-04-08
4573,2015-04-08 09:44:00,2015-04-08,0.1497,2994.0,2.0,56.0,0.1497,0.1497,0.1497,10000130,2015-04-22,2015-04-22,P,2.95,2015-04-08
4574,2015-04-08 09:45:00,2015-04-08,0.1477,23330.0,16.0,71.0,0.1477,0.1446,0.1446,10000130,2015-04-22,2015-04-22,P,2.95,2015-04-08
4575,2015-04-08 09:46:00,2015-04-08,0.1477,21691.0,15.0,85.0,0.1477,0.1439,0.1435,10000130,2015-04-22,2015-04-22,P,2.95,2015-04-08
4576,2015-04-08 09:47:00,2015-04-08,0.1456,52390.0,37.0,121.0,0.1456,0.1398,0.1398,10000130,2015-04-22,2015-04-22,P,2.95,2015-04-08
4577,2015-04-08 09:48:00,2015-04-08,0.1422,8532.0,6.0,122.0,0.1422,0.1422,0.1422,10000130,2015-04-22,2015-04-22,P,2.95,2015-04-08
4578,2015-04-08 09:49:00,2015-04-08,0.1421,9947.0,7.0,129.0,0.1421,0.1421,0.1421,10000130,2015-04-22,2015-04-22,P,2.95,2015-04-08
4579,2015-04-08 09:50:00,2015-04-08,0.1421,0.0,0.0,129.0,0.1421,0.1421,0.1421,10000130,2015-04-22,2015-04-22,P,2.95,2015-04-08
4580,2015-04-08 09:51:00,2015-04-08,0.1421,0.0,0.0,129.0,0.1421,0.1421,0.1421,10000130,2015-04-22,2015-04-22,P,2.95,2015-04-08
4581,2015-04-08 09:52:00,2015-04-08,0.142,1420.0,1.0,130.0,0.142,0.142,0.142,10000130,2015-04-22,2015-04-22,P,2.95,2015-04-08
4582,2015-04-08 09:53:00,2015-04-08,0.142,0.0,0.0,130.0,0.142,0.142,0.142,10000130,2015-04-22,2015-04-22,P,2.95,2015-04-08
4583,2015-04-08 09:54:00,2015-04-08,0.1403,14048.0,10.0,140.0,0.1403,0.1403,0.1403,10000130,2015-04-22,2015-04-22,P,2.95,2015-04-08
4584,2015-04-08 09:55:00,2015-04-08,0.1388,16496.0,12.0,152.0,0.1388,0.1372,0.1372,10000130,2015-04-22,2015-04-22,P,2.95,2015-04-08
4585,2015-04-08 09:56:00,2015-04-08,0.1379,4113.0,3.0,155.0,0.1379,0.1367,0.1367,10000130,2015-04-22,2015-04-22,P,2.95,2015-04-08
4586,2015-04-08 09:57:00,2015-04-08,0.136,9490.0,7.0,152.0,0.136,0.1345,0.1345,10000130,2015-04-22,2015-04-22,P,2.95,2015-04-08
4587,2015-04-08 09:58:00,2015-04-08,0.1345,0.0,0.0,152.0,0.1345,0.1345,0.1345,10000130,2015-04-22,2015-04-22,P,2.95,2015-04-08
4588,2015-04-08 09:59:00,2015-04-08,0.13,54015.0,43.0,192.0,0.1261,0.13,0.1249,10000130,2015-04-22,2015-04-22,P,2.95,2015-04-08
4589,2015-04-08 10:00:00,2015-04-08,0.13,51261.0,41.0,232.0,0.1249,0.13,0.1243,10000130,2015-04-22,2015-04-22,P,2.95,2015-04-08
4590,2015-04-08 10:01:00,2015-04-08,0.13,15600.0,12.0,240.0,0.13,0.13,0.13,10000130,2015-04-22,2015-04-22,P,2.95,2015-04-08
4591,2015-04-08 10:02:00,2015-04-08,0.13,0.0,0.0,240.0,0.13,0.13,0.13,10000130,2015-04-22,2015-04-22,P,2.95,2015-04-08
4592,2015-04-08 10:03:00,2015-04-08,0.1258,12596.0,10.0,250.0,0.1258,0.1258,0.1258,10000130,2015-04-22,2015-04-22,P,2.95,2015-04-08
4593,2015-04-08 10:04:00,2015-04-08,0.1258,0.0,0.0,250.0,0.1258,0.1258,0.1258,10000130,2015-04-22,2015-04-22,P,2.95,2015-04-08
4594,2015-04-08 10:05:00,2015-04-08,0.1258,0.0,0.0,250.0,0.1258,0.1258,0.1258,10000130,2015-04-22,2015-04-22,P,2.95,2015-04-08
4595,2015-04-08 10:06:00,2015-04-08,0.1258,0.0,0.0,250.0,0.1258,0.1258,0.1258,10000130,2015-04-22,2015-04-22,P,2.95,2015-04-08
4596,2015-04-08 10:07:00,2015-04-08,0.136,8160.0,6.0,250.0,0.136,0.136,0.136,10000130,2015-04-22,2015-04-22,P,2.95,2015-04-08
4597,2015-04-08 10:08:00,2015-04-08,0.136,0.0,0.0,250.0,0.136,0.136,0.136,10000130,2015-04-22,2015-04-22,P,2.95,2015-04-08
4598,2015-04-08 10:09:00,2015-04-08,0.14,5600.0,4.0,254.0,0.14,0.14,0.14,10000130,2015-04-22,2015-04-22,P,2.95,2015-04-08
4599,2015-04-08 10:10:00,2015-04-08,0.14,11200.0,8.0,262.0,0.14,0.14,0.14,10000130,2015-04-22,2015-04-22,P,2.95,2015-04-08
4600,2015-04-08 10:11:00,2015-04-08,0.14300000000000002,1430.0,1.0,262.0,0.14300000000000002,0.14300000000000002,0.14300000000000002,10000130,2015-04-22,2015-04-22,P,2.95,2015-04-08
4601,2015-04-08 10:12:00,2015-04-08,0.14300000000000002,0.0,0.0,262.0,0.14300000000000002,0.14300000000000002,0.14300000000000002,10000130,2015-04-22,2015-04-22,P,2.95,2015-04-08
4602,2015-04-08 10:13:00,2015-04-08,0.1432,7160.0,5.0,267.0,0.1432,0.1432,0.1432,10000130,2015-04-22,2015-04-22,P,2.95,2015-04-08
4603,2015-04-08 10:14:00,2015-04-08,0.1469,11752.0,8.0,275.0,0.1469,0.1469,0.1469,10000130,2015-04-22,2015-04-22,P,2.95,2015-04-08
4604,2015-04-08 10:15:00,2015-04-08,0.1469,0.0,0.0,275.0,0.1469,0.1469,0.1469,10000130,2015-04-22,2015-04-22,P,2.95,2015-04-08
4605,2015-04-08 10:16:00,2015-04-08,0.1469,0.0,0.0,275.0,0.1469,0.1469,0.1469,10000130,2015-04-22,2015-04-22,P,2.95,2015-04-08
4606,2015-04-08 10:17:00,2015-04-08,0.1469,0.0,0.0,275.0,0.1469,0.1469,0.1469,10000130,2015-04-22,2015-04-22,P,2.95,2015-04-08
4607,2015-04-08 10:18:00,2015-04-08,0.1468,1468.0,1.0,274.0,0.1468,0.1468,0.1468,10000130,2015-04-22,2015-04-22,P,2.95,2015-04-08
4608,2015-04-08 10:19:00,2015-04-08,0.1468,0.0,0.0,274.0,0.1468,0.1468,0.1468,10000130,2015-04-22,2015-04-22,P,2.95,2015-04-08
4609,2015-04-08 10:20:00,2015-04-08,0.1452,21830.0,15.0,289.0,0.1452,0.1451,0.1451,10000130,2015-04-22,2015-04-22,P,2.95,2015-04-08
4610,2015-04-08 10:21:00,2015-04-08,0.1417,7085.0,5.0,294.0,0.1417,0.1417,0.1417,10000130,2015-04-22,2015-04-22,P,2.95,2015-04-08
4611,2015-04-08 10:22:00,2015-04-08,0.1411,28180.0,20.0,314.0,0.1411,0.1407,0.1407,10000130,2015-04-22,2015-04-22,P,2.95,2015-04-08
4612,2015-04-08 10:23:00,2015-04-08,0.1407,0.0,0.0,314.0,0.1407,0.1407,0.1407,10000130,2015-04-22,2015-04-22,P,2.95,2015-04-08
4613,2015-04-08 10:24:00,2015-04-08,0.1407,0.0,0.0,314.0,0.1407,0.1407,0.1407,10000130,2015-04-22,2015-04-22,P,2.95,2015-04-08
4614,2015-04-08 10:25:00,2015-04-08,0.1407,0.0,0.0,314.0,0.1407,0.1407,0.1407,10000130,2015-04-22,2015-04-22,P,2.95,2015-04-08
4615,2015-04-08 10:26:00,2015-04-08,0.1407,0.0,0.0,314.0,0.1407,0.1407,0.1407,10000130,2015-04-22,2015-04-22,P,2.95,2015-04-08
4616,2015-04-08 10:27:00,2015-04-08,0.1407,0.0,0.0,314.0,0.1407,0.1407,0.1407,10000130,2015-04-22,2015-04-22,P,2.95,2015-04-08
4617,2015-04-08 10:28:00,2015-04-08,0.1407,0.0,0.0,314.0,0.1407,0.1407,0.1407,10000130,2015-04-22,2015-04-22,P,2.95,2015-04-08
4618,2015-04-08 10:29:00,2015-04-08,0.1428,70947.0,50.0,364.0,0.1428,0.1412,0.1412,10000130,2015-04-22,2015-04-22,P,2.95,2015-04-08
4619,2015-04-08 10:30:00,2015-04-08,0.1443,29683.0,21.0,385.0,0.1412,0.1412,0.1412,10000130,2015-04-22,2015-04-22,P,2.95,2015-04-08
4620,2015-04-08 10:31:00,2015-04-08,0.1401,14051.0,10.0,395.0,0.1401,0.1401,0.1401,10000130,2015-04-22,2015-04-22,P,2.95,2015-04-08
4621,2015-04-08 10:32:00,2015-04-08,0.14,14000.0,10.0,405.0,0.14,0.14,0.14,10000130,2015-04-22,2015-04-22,P,2.95,2015-04-08
4622,2015-04-08 10:33:00,2015-04-08,0.14,0.0,0.0,405.0,0.14,0.14,0.14,10000130,2015-04-22,2015-04-22,P,2.95,2015-04-08
4623,2015-04-08 10:34:00,2015-04-08,0.14,0.0,0.0,405.0,0.14,0.14,0.14,10000130,2015-04-22,2015-04-22,P,2.95,2015-04-08
4624,2015-04-08 10:35:00,2015-04-08,0.135,36209.0,27.0,427.0,0.1343,0.1349,0.133,10000130,2015-04-22,2015-04-22,P,2.95,2015-04-08
4625,2015-04-08 10:36:00,2015-04-08,0.1349,5386.0,4.0,431.0,0.1349,0.1344,0.1344,10000130,2015-04-22,2015-04-22,P,2.95,2015-04-08
4626,2015-04-08 10:37:00,2015-04-08,0.1344,0.0,0.0,431.0,0.1344,0.1344,0.1344,10000130,2015-04-22,2015-04-22,P,2.95,2015-04-08
4627,2015-04-08 10:38:00,2015-04-08,0.1344,0.0,0.0,431.0,0.1344,0.1344,0.1344,10000130,2015-04-22,2015-04-22,P,2.95,2015-04-08
4628,2015-04-08 10:39:00,2015-04-08,0.1349,21479.0,16.0,447.0,0.1349,0.1342,0.1342,10000130,2015-04-22,2015-04-22,P,2.95,2015-04-08
4629,2015-04-08 10:40:00,2015-04-08,0.1372,137030.0,102.0,533.0,0.1361,0.1342,0.1331,10000130,2015-04-22,2015-04-22,P,2.95,2015-04-08
4630,2015-04-08 10:41:00,2015-04-08,0.1332,15964.0,12.0,545.0,0.1322,0.1332,0.1322,10000130,2015-04-22,2015-04-22,P,2.95,2015-04-08
4631,2015-04-08 10:42:00,2015-04-08,0.1332,25178.0,19.0,548.0,0.1331,0.1316,0.1316,10000130,2015-04-22,2015-04-22,P,2.95,2015-04-08
4632,2015-04-08 10:43:00,2015-04-08,0.1316,28876.0,22.0,570.0,0.1316,0.1306,0.1306,10000130,2015-04-22,2015-04-22,P,2.95,2015-04-08
4633,2015-04-08 10:44:00,2015-04-08,0.1306,0.0,0.0,570.0,0.1306,0.1306,0.1306,10000130,2015-04-22,2015-04-22,P,2.95,2015-04-08
4634,2015-04-08 10:45:00,2015-04-08,0.1297,38545.0,30.0,564.0,0.1281,0.1297,0.1281,10000130,2015-04-22,2015-04-22,P,2.95,2015-04-08
4635,2015-04-08 10:46:00,2015-04-08,0.1347,13470.0,10.0,572.0,0.1347,0.1347,0.1347,10000130,2015-04-22,2015-04-22,P,2.95,2015-04-08
4636,2015-04-08 10:47:00,2015-04-08,0.1345,2690.0,2.0,574.0,0.1345,0.1345,0.1345,10000130,2015-04-22,2015-04-22,P,2.95,2015-04-08
4637,2015-04-08 10:48:00,2015-04-08,0.1345,0.0,0.0,574.0,0.1345,0.1345,0.1345,10000130,2015-04-22,2015-04-22,P,2.95,2015-04-08
4638,2015-04-08 10:49:00,2015-04-08,0.1345,0.0,0.0,574.0,0.1345,0.1345,0.1345,10000130,2015-04-22,2015-04-22,P,2.95,2015-04-08
4639,2015-04-08 10:50:00,2015-04-08,0.1389,6945.0,5.0,579.0,0.1389,0.1389,0.1389,10000130,2015-04-22,2015-04-22,P,2.95,2015-04-08
4640,2015-04-08 10:51:00,2015-04-08,0.1404,1404.0,1.0,579.0,0.1404,0.1404,0.1404,10000130,2015-04-22,2015-04-22,P,2.95,2015-04-08
4641,2015-04-08 10:52:00,2015-04-08,0.1404,0.0,0.0,579.0,0.1404,0.1404,0.1404,10000130,2015-04-22,2015-04-22,P,2.95,2015-04-08
4642,2015-04-08 10:53:00,2015-04-08,0.1404,0.0,0.0,579.0,0.1404,0.1404,0.1404,10000130,2015-04-22,2015-04-22,P,2.95,2015-04-08
4643,2015-04-08 10:54:00,2015-04-08,0.1517,16670.0,11.0,579.0,0.15,0.1517,0.15,10000130,2015-04-22,2015-04-22,P,2.95,2015-04-08
4644,2015-04-08 10:55:00,2015-04-08,0.1541,15410.0,10.0,579.0,0.1541,0.1541,0.1541,10000130,2015-04-22,2015-04-22,P,2.95,2015-04-08
4645,2015-04-08 10:56:00,2015-04-08,0.1541,0.0,0.0,579.0,0.1541,0.1541,0.1541,10000130,2015-04-22,2015-04-22,P,2.95,2015-04-08
4646,2015-04-08 10:57:00,2015-04-08,0.1541,0.0,0.0,579.0,0.1541,0.1541,0.1541,10000130,2015-04-22,2015-04-22,P,2.95,2015-04-08
4647,2015-04-08 10:58:00,2015-04-08,0.1585,15850.0,10.0,580.0,0.1585,0.1585,0.1585,10000130,2015-04-22,2015-04-22,P,2.95,2015-04-08
4648,2015-04-08 10:59:00,2015-04-08,0.1585,0.0,0.0,580.0,0.1585,0.1585,0.1585,10000130,2015-04-22,2015-04-22,P,2.95,2015-04-08
4649,2015-04-08 11:00:00,2015-04-08,0.1585,0.0,0.0,580.0,0.1585,0.1585,0.1585,10000130,2015-04-22,2015-04-22,P,2.95,2015-04-08
4650,2015-04-08 11:01:00,2015-04-08,0.1503,30025.0,20.0,600.0,0.1503,0.15,0.15,10000130,2015-04-22,2015-04-22,P,2.95,2015-04-08
4651,2015-04-08 11:02:00,2015-04-08,0.1458,1458.0,1.0,601.0,0.1458,0.1458,0.1458,10000130,2015-04-22,2015-04-22,P,2.95,2015-04-08
4652,2015-04-08 11:03:00,2015-04-08,0.15,4500.0,3.0,603.0,0.15,0.15,0.15,10000130,2015-04-22,2015-04-22,P,2.95,2015-04-08
4653,2015-04-08 11:04:00,2015-04-08,0.146,7300.0,5.0,608.0,0.146,0.146,0.146,10000130,2015-04-22,2015-04-22,P,2.95,2015-04-08
4654,2015-04-08 11:05:00,2015-04-08,0.146,0.0,0.0,608.0,0.146,0.146,0.146,10000130,2015-04-22,2015-04-22,P,2.95,2015-04-08
4655,2015-04-08 11:06:00,2015-04-08,0.146,7300.0,5.0,608.0,0.146,0.146,0.146,10000130,2015-04-22,2015-04-22,P,2.95,2015-04-08
4656,2015-04-08 11:07:00,2015-04-08,0.146,0.0,0.0,608.0,0.146,0.146,0.146,10000130,2015-04-22,2015-04-22,P,2.95,2015-04-08
4657,2015-04-08 11:08:00,2015-04-08,0.146,0.0,0.0,608.0,0.146,0.146,0.146,10000130,2015-04-22,2015-04-22,P,2.95,2015-04-08
4658,2015-04-08 11:09:00,2015-04-08,0.146,0.0,0.0,608.0,0.146,0.146,0.146,10000130,2015-04-22,2015-04-22,P,2.95,2015-04-08
4659,2015-04-08 11:10:00,2015-04-08,0.146,0.0,0.0,608.0,0.146,0.146,0.146,10000130,2015-04-22,2015-04-22,P,2.95,2015-04-08
4660,2015-04-08 11:11:00,2015-04-08,0.1485,7425.0,5.0,613.0,0.1485,0.1485,0.1485,10000130,2015-04-22,2015-04-22,P,2.95,2015-04-08
4661,2015-04-08 11:12:00,2015-04-08,0.1485,7425.0,5.0,618.0,0.1485,0.1485,0.1485,10000130,2015-04-22,2015-04-22,P,2.95,2015-04-08
4662,2015-04-08 11:13:00,2015-04-08,0.1485,0.0,0.0,618.0,0.1485,0.1485,0.1485,10000130,2015-04-22,2015-04-22,P,2.95,2015-04-08
4663,2015-04-08 11:14:00,2015-04-08,0.1485,0.0,0.0,618.0,0.1485,0.1485,0.1485,10000130,2015-04-22,2015-04-22,P,2.95,2015-04-08
4664,2015-04-08 11:15:00,2015-04-08,0.1485,0.0,0.0,618.0,0.1485,0.1485,0.1485,10000130,2015-04-22,2015-04-22,P,2.95,2015-04-08
4665,2015-04-08 11:16:00,2015-04-08,0.1485,0.0,0.0,618.0,0.1485,0.1485,0.1485,10000130,2015-04-22,2015-04-22,P,2.95,2015-04-08
4666,2015-04-08 11:17:00,2015-04-08,0.1485,0.0,0.0,618.0,0.1485,0.1485,0.1485,10000130,2015-04-22,2015-04-22,P,2.95,2015-04-08
4667,2015-04-08 11:18:00,2015-04-08,0.1485,0.0,0.0,618.0,0.1485,0.1485,0.1485,10000130,2015-04-22,2015-04-22,P,2.95,2015-04-08
4668,2015-04-08 11:19:00,2015-04-08,0.1525,27330.0,18.0,618.0,0.151,0.1525,0.151,10000130,2015-04-22,2015-04-22,P,2.95,2015-04-08
4669,2015-04-08 11:20:00,2015-04-08,0.1525,0.0,0.0,618.0,0.1525,0.1525,0.1525,10000130,2015-04-22,2015-04-22,P,2.95,2015-04-08
4670,2015-04-08 11:21:00,2015-04-08,0.1525,0.0,0.0,618.0,0.1525,0.1525,0.1525,10000130,2015-04-22,2015-04-22,P,2.95,2015-04-08
4671,2015-04-08 11:22:00,2015-04-08,0.1525,0.0,0.0,618.0,0.1525,0.1525,0.1525,10000130,2015-04-22,2015-04-22,P,2.95,2015-04-08
4672,2015-04-08 11:23:00,2015-04-08,0.1525,0.0,0.0,618.0,0.1525,0.1525,0.1525,10000130,2015-04-22,2015-04-22,P,2.95,2015-04-08
4673,2015-04-08 11:24:00,2015-04-08,0.1525,0.0,0.0,618.0,0.1525,0.1525,0.1525,10000130,2015-04-22,2015-04-22,P,2.95,2015-04-08
4674,2015-04-08 11:25:00,2015-04-08,0.1458,17493.0,12.0,630.0,0.1458,0.1457,0.1457,10000130,2015-04-22,2015-04-22,P,2.95,2015-04-08
4675,2015-04-08 11:26:00,2015-04-08,0.1473,11696.0,8.0,638.0,0.1455,0.1473,0.1455,10000130,2015-04-22,2015-04-22,P,2.95,2015-04-08
4676,2015-04-08 11:27:00,2015-04-08,0.1379,8274.0,6.0,641.0,0.1379,0.1379,0.1379,10000130,2015-04-22,2015-04-22,P,2.95,2015-04-08
4677,2015-04-08 11:28:00,2015-04-08,0.1379,0.0,0.0,641.0,0.1379,0.1379,0.1379,10000130,2015-04-22,2015-04-22,P,2.95,2015-04-08
4678,2015-04-08 11:29:00,2015-04-08,0.1379,0.0,0.0,641.0,0.1379,0.1379,0.1379,10000130,2015-04-22,2015-04-22,P,2.95,2015-04-08
4679,2015-04-08 11:30:00,2015-04-08,0.1379,0.0,0.0,641.0,0.1379,0.1379,0.1379,10000130,2015-04-22,2015-04-22,P,2.95,2015-04-08
4680,2015-04-08 13:01:00,2015-04-08,0.1301,125461.0,97.0,712.0,0.1301,0.128,0.128,10000130,2015-04-22,2015-04-22,P,2.95,2015-04-08
4681,2015-04-08 13:02:00,2015-04-08,0.1304,13040.0,10.0,702.0,0.1304,0.1304,0.1304,10000130,2015-04-22,2015-04-22,P,2.95,2015-04-08
4682,2015-04-08 13:03:00,2015-04-08,0.1304,0.0,0.0,702.0,0.1304,0.1304,0.1304,10000130,2015-04-22,2015-04-22,P,2.95,2015-04-08
4683,2015-04-08 13:04:00,2015-04-08,0.1304,0.0,0.0,702.0,0.1304,0.1304,0.1304,10000130,2015-04-22,2015-04-22,P,2.95,2015-04-08
4684,2015-04-08 13:05:00,2015-04-08,0.1258,6290.0,5.0,702.0,0.1258,0.1258,0.1258,10000130,2015-04-22,2015-04-22,P,2.95,2015-04-08
4685,2015-04-08 13:06:00,2015-04-08,0.1258,0.0,0.0,702.0,0.1258,0.1258,0.1258,10000130,2015-04-22,2015-04-22,P,2.95,2015-04-08
4686,2015-04-08 13:07:00,2015-04-08,0.1258,0.0,0.0,702.0,0.1258,0.1258,0.1258,10000130,2015-04-22,2015-04-22,P,2.95,2015-04-08
4687,2015-04-08 13:08:00,2015-04-08,0.1306,2612.0,2.0,702.0,0.1306,0.1306,0.1306,10000130,2015-04-22,2015-04-22,P,2.95,2015-04-08
4688,2015-04-08 13:09:00,2015-04-08,0.133,13300.0,10.0,702.0,0.133,0.133,0.133,10000130,2015-04-22,2015-04-22,P,2.95,2015-04-08
4689,2015-04-08 13:10:00,2015-04-08,0.133,0.0,0.0,702.0,0.133,0.133,0.133,10000130,2015-04-22,2015-04-22,P,2.95,2015-04-08
4690,2015-04-08 13:11:00,2015-04-08,0.133,0.0,0.0,702.0,0.133,0.133,0.133,10000130,2015-04-22,2015-04-22,P,2.95,2015-04-08
4691,2015-04-08 13:12:00,2015-04-08,0.1308,13080.0,10.0,712.0,0.1308,0.1308,0.1308,10000130,2015-04-22,2015-04-22,P,2.95,2015-04-08
4692,2015-04-08 13:13:00,2015-04-08,0.1308,0.0,0.0,712.0,0.1308,0.1308,0.1308,10000130,2015-04-22,2015-04-22,P,2.95,2015-04-08
4693,2015-04-08 13:14:00,2015-04-08,0.1308,0.0,0.0,712.0,0.1308,0.1308,0.1308,10000130,2015-04-22,2015-04-22,P,2.95,2015-04-08
4694,2015-04-08 13:15:00,2015-04-08,0.1319,2638.0,2.0,712.0,0.1319,0.1319,0.1319,10000130,2015-04-22,2015-04-22,P,2.95,2015-04-08
4695,2015-04-08 13:16:00,2015-04-08,0.1319,0.0,0.0,712.0,0.1319,0.1319,0.1319,10000130,2015-04-22,2015-04-22,P,2.95,2015-04-08
4696,2015-04-08 13:17:00,2015-04-08,0.1319,0.0,0.0,712.0,0.1319,0.1319,0.1319,10000130,2015-04-22,2015-04-22,P,2.95,2015-04-08
4697,2015-04-08 13:18:00,2015-04-08,0.1212,4824.0,4.0,712.0,0.1212,0.12,0.12,10000130,2015-04-22,2015-04-22,P,2.95,2015-04-08
4698,2015-04-08 13:19:00,2015-04-08,0.117,3506.0,3.0,711.0,0.117,0.1168,0.1168,10000130,2015-04-22,2015-04-22,P,2.95,2015-04-08
4699,2015-04-08 13:20:00,2015-04-08,0.1185,29305.0,25.0,691.0,0.1163,0.1185,0.1163,10000130,2015-04-22,2015-04-22,P,2.95,2015-04-08
4700,2015-04-08 13:21:00,2015-04-08,0.111,1110.0,1.0,692.0,0.111,0.111,0.111,10000130,2015-04-22,2015-04-22,P,2.95,2015-04-08
4701,2015-04-08 13:22:00,2015-04-08,0.111,0.0,0.0,692.0,0.111,0.111,0.111,10000130,2015-04-22,2015-04-22,P,2.95,2015-04-08
4702,2015-04-08 13:23:00,2015-04-08,0.111,22214.0,20.0,707.0,0.111,0.111,0.111,10000130,2015-04-22,2015-04-22,P,2.95,2015-04-08
4703,2015-04-08 13:24:00,2015-04-08,0.111,0.0,0.0,707.0,0.111,0.111,0.111,10000130,2015-04-22,2015-04-22,P,2.95,2015-04-08
4704,2015-04-08 13:25:00,2015-04-08,0.1156,11560.0,10.0,717.0,0.1156,0.1156,0.1156,10000130,2015-04-22,2015-04-22,P,2.95,2015-04-08
4705,2015-04-08 13:26:00,2015-04-08,0.1156,0.0,0.0,717.0,0.1156,0.1156,0.1156,10000130,2015-04-22,2015-04-22,P,2.95,2015-04-08
4706,2015-04-08 13:27:00,2015-04-08,0.1156,0.0,0.0,717.0,0.1156,0.1156,0.1156,10000130,2015-04-22,2015-04-22,P,2.95,2015-04-08
4707,2015-04-08 13:28:00,2015-04-08,0.1156,0.0,0.0,717.0,0.1156,0.1156,0.1156,10000130,2015-04-22,2015-04-22,P,2.95,2015-04-08
4708,2015-04-08 13:29:00,2015-04-08,0.1156,0.0,0.0,717.0,0.1156,0.1156,0.1156,10000130,2015-04-22,2015-04-22,P,2.95,2015-04-08
4709,2015-04-08 13:30:00,2015-04-08,0.1109,5550.0,5.0,722.0,0.1109,0.1109,0.1109,10000130,2015-04-22,2015-04-22,P,2.95,2015-04-08
4710,2015-04-08 13:31:00,2015-04-08,0.1109,6646.0,6.0,727.0,0.1109,0.1101,0.1101,10000130,2015-04-22,2015-04-22,P,2.95,2015-04-08
4711,2015-04-08 13:32:00,2015-04-08,0.108,1080.0,1.0,728.0,0.108,0.108,0.108,10000130,2015-04-22,2015-04-22,P,2.95,2015-04-08
4712,2015-04-08 13:33:00,2015-04-08,0.108,0.0,0.0,728.0,0.108,0.108,0.108,10000130,2015-04-22,2015-04-22,P,2.95,2015-04-08
4713,2015-04-08 13:34:00,2015-04-08,0.1149,22938.0,20.0,747.0,0.1145,0.1149,0.1145,10000130,2015-04-22,2015-04-22,P,2.95,2015-04-08
4714,2015-04-08 13:35:00,2015-04-08,0.1149,0.0,0.0,747.0,0.1149,0.1149,0.1149,10000130,2015-04-22,2015-04-22,P,2.95,2015-04-08
4715,2015-04-08 13:36:00,2015-04-08,0.1147,11470.0,10.0,757.0,0.1147,0.1147,0.1147,10000130,2015-04-22,2015-04-22,P,2.95,2015-04-08
4716,2015-04-08 13:37:00,2015-04-08,0.1154,5770.0,5.0,762.0,0.1154,0.1154,0.1154,10000130,2015-04-22,2015-04-22,P,2.95,2015-04-08
4717,2015-04-08 13:38:00,2015-04-08,0.1176,17430.0,15.0,777.0,0.114,0.1176,0.113,10000130,2015-04-22,2015-04-22,P,2.95,2015-04-08
4718,2015-04-08 13:39:00,2015-04-08,0.1089,10890.0,10.0,777.0,0.1089,0.1089,0.1089,10000130,2015-04-22,2015-04-22,P,2.95,2015-04-08
4719,2015-04-08 13:40:00,2015-04-08,0.1141,6641.0,6.0,777.0,0.11,0.1141,0.11,10000130,2015-04-22,2015-04-22,P,2.95,2015-04-08
4720,2015-04-08 13:41:00,2015-04-08,0.1141,0.0,0.0,777.0,0.1141,0.1141,0.1141,10000130,2015-04-22,2015-04-22,P,2.95,2015-04-08
4721,2015-04-08 13:42:00,2015-04-08,0.1141,0.0,0.0,777.0,0.1141,0.1141,0.1141,10000130,2015-04-22,2015-04-22,P,2.95,2015-04-08
4722,2015-04-08 13:43:00,2015-04-08,0.1141,0.0,0.0,777.0,0.1141,0.1141,0.1141,10000130,2015-04-22,2015-04-22,P,2.95,2015-04-08
4723,2015-04-08 13:44:00,2015-04-08,0.1141,0.0,0.0,777.0,0.1141,0.1141,0.1141,10000130,2015-04-22,2015-04-22,P,2.95,2015-04-08
4724,2015-04-08 13:45:00,2015-04-08,0.1187,3547.0,3.0,780.0,0.118,0.1187,0.118,10000130,2015-04-22,2015-04-22,P,2.95,2015-04-08
4725,2015-04-08 13:46:00,2015-04-08,0.1156,11560.0,10.0,790.0,0.1156,0.1156,0.1156,10000130,2015-04-22,2015-04-22,P,2.95,2015-04-08
4726,2015-04-08 13:47:00,2015-04-08,0.1156,0.0,0.0,790.0,0.1156,0.1156,0.1156,10000130,2015-04-22,2015-04-22,P,2.95,2015-04-08
4727,2015-04-08 13:48:00,2015-04-08,0.1156,0.0,0.0,790.0,0.1156,0.1156,0.1156,10000130,2015-04-22,2015-04-22,P,2.95,2015-04-08
4728,2015-04-08 13:49:00,2015-04-08,0.1083,1083.0,1.0,790.0,0.1083,0.1083,0.1083,10000130,2015-04-22,2015-04-22,P,2.95,2015-04-08
4729,2015-04-08 13:50:00,2015-04-08,0.1083,0.0,0.0,790.0,0.1083,0.1083,0.1083,10000130,2015-04-22,2015-04-22,P,2.95,2015-04-08
4730,2015-04-08 13:51:00,2015-04-08,0.1083,0.0,0.0,790.0,0.1083,0.1083,0.1083,10000130,2015-04-22,2015-04-22,P,2.95,2015-04-08
4731,2015-04-08 13:52:00,2015-04-08,0.1182,11805.0,10.0,800.0,0.1182,0.1182,0.1182,10000130,2015-04-22,2015-04-22,P,2.95,2015-04-08
4732,2015-04-08 13:53:00,2015-04-08,0.109,95920.0,88.0,790.0,0.109,0.109,0.109,10000130,2015-04-22,2015-04-22,P,2.95,2015-04-08
4733,2015-04-08 13:54:00,2015-04-08,0.115,1150.0,1.0,790.0,0.115,0.115,0.115,10000130,2015-04-22,2015-04-22,P,2.95,2015-04-08
4734,2015-04-08 13:55:00,2015-04-08,0.115,0.0,0.0,790.0,0.115,0.115,0.115,10000130,2015-04-22,2015-04-22,P,2.95,2015-04-08
4735,2015-04-08 13:56:00,2015-04-08,0.115,0.0,0.0,790.0,0.115,0.115,0.115,10000130,2015-04-22,2015-04-22,P,2.95,2015-04-08
4736,2015-04-08 13:57:00,2015-04-08,0.11,2200.0,2.0,792.0,0.11,0.11,0.11,10000130,2015-04-22,2015-04-22,P,2.95,2015-04-08
4737,2015-04-08 13:58:00,2015-04-08,0.11,0.0,0.0,792.0,0.11,0.11,0.11,10000130,2015-04-22,2015-04-22,P,2.95,2015-04-08
4738,2015-04-08 13:59:00,2015-04-08,0.11,8800.0,8.0,800.0,0.11,0.11,0.11,10000130,2015-04-22,2015-04-22,P,2.95,2015-04-08
4739,2015-04-08 14:00:00,2015-04-08,0.11,0.0,0.0,800.0,0.11,0.11,0.11,10000130,2015-04-22,2015-04-22,P,2.95,2015-04-08
4740,2015-04-08 14:01:00,2015-04-08,0.11,12000.0,11.0,811.0,0.11,0.109,0.109,10000130,2015-04-22,2015-04-22,P,2.95,2015-04-08
4741,2015-04-08 14:02:00,2015-04-08,0.11,8800.0,8.0,811.0,0.11,0.11,0.11,10000130,2015-04-22,2015-04-22,P,2.95,2015-04-08
4742,2015-04-08 14:03:00,2015-04-08,0.11,0.0,0.0,811.0,0.11,0.11,0.11,10000130,2015-04-22,2015-04-22,P,2.95,2015-04-08
4743,2015-04-08 14:04:00,2015-04-08,0.113,2260.0,2.0,812.0,0.113,0.113,0.113,10000130,2015-04-22,2015-04-22,P,2.95,2015-04-08
4744,2015-04-08 14:05:00,2015-04-08,0.113,0.0,0.0,812.0,0.113,0.113,0.113,10000130,2015-04-22,2015-04-22,P,2.95,2015-04-08
4745,2015-04-08 14:06:00,2015-04-08,0.1119,2238.0,2.0,812.0,0.1119,0.1119,0.1119,10000130,2015-04-22,2015-04-22,P,2.95,2015-04-08
4746,2015-04-08 14:07:00,2015-04-08,0.1119,0.0,0.0,812.0,0.1119,0.1119,0.1119,10000130,2015-04-22,2015-04-22,P,2.95,2015-04-08
4747,2015-04-08 14:08:00,2015-04-08,0.1119,0.0,0.0,812.0,0.1119,0.1119,0.1119,10000130,2015-04-22,2015-04-22,P,2.95,2015-04-08
4748,2015-04-08 14:09:00,2015-04-08,0.1119,0.0,0.0,812.0,0.1119,0.1119,0.1119,10000130,2015-04-22,2015-04-22,P,2.95,2015-04-08
4749,2015-04-08 14:10:00,2015-04-08,0.1119,0.0,0.0,812.0,0.1119,0.1119,0.1119,10000130,2015-04-22,2015-04-22,P,2.95,2015-04-08
4750,2015-04-08 14:11:00,2015-04-08,0.1119,0.0,0.0,812.0,0.1119,0.1119,0.1119,10000130,2015-04-22,2015-04-22,P,2.95,2015-04-08
4751,2015-04-08 14:12:00,2015-04-08,0.1119,0.0,0.0,812.0,0.1119,0.1119,0.1119,10000130,2015-04-22,2015-04-22,P,2.95,2015-04-08
4752,2015-04-08 14:13:00,2015-04-08,0.112,3334.0,3.0,812.0,0.112,0.1107,0.1107,10000130,2015-04-22,2015-04-22,P,2.95,2015-04-08
4753,2015-04-08 14:14:00,2015-04-08,0.1107,0.0,0.0,812.0,0.1107,0.1107,0.1107,10000130,2015-04-22,2015-04-22,P,2.95,2015-04-08
4754,2015-04-08 14:15:00,2015-04-08,0.1107,0.0,0.0,812.0,0.1107,0.1107,0.1107,10000130,2015-04-22,2015-04-22,P,2.95,2015-04-08
4755,2015-04-08 14:16:00,2015-04-08,0.1107,0.0,0.0,812.0,0.1107,0.1107,0.1107,10000130,2015-04-22,2015-04-22,P,2.95,2015-04-08
4756,2015-04-08 14:17:00,2015-04-08,0.1107,0.0,0.0,812.0,0.1107,0.1107,0.1107,10000130,2015-04-22,2015-04-22,P,2.95,2015-04-08
4757,2015-04-08 14:18:00,2015-04-08,0.1107,0.0,0.0,812.0,0.1107,0.1107,0.1107,10000130,2015-04-22,2015-04-22,P,2.95,2015-04-08
4758,2015-04-08 14:19:00,2015-04-08,0.1187,31863.0,27.0,812.0,0.1174,0.1187,0.1174,10000130,2015-04-22,2015-04-22,P,2.95,2015-04-08
4759,2015-04-08 14:20:00,2015-04-08,0.1208,4807.0,4.0,813.0,0.1208,0.1208,0.1183,10000130,2015-04-22,2015-04-22,P,2.95,2015-04-08
4760,2015-04-08 14:21:00,2015-04-08,0.1231,20766.0,17.0,813.0,0.1208,0.1231,0.1208,10000130,2015-04-22,2015-04-22,P,2.95,2015-04-08
4761,2015-04-08 14:22:00,2015-04-08,0.1231,0.0,0.0,813.0,0.1231,0.1231,0.1231,10000130,2015-04-22,2015-04-22,P,2.95,2015-04-08
4762,2015-04-08 14:23:00,2015-04-08,0.1231,0.0,0.0,813.0,0.1231,0.1231,0.1231,10000130,2015-04-22,2015-04-22,P,2.95,2015-04-08
4763,2015-04-08 14:24:00,2015-04-08,0.126,2520.0,2.0,815.0,0.126,0.126,0.126,10000130,2015-04-22,2015-04-22,P,2.95,2015-04-08
4764,2015-04-08 14:25:00,2015-04-08,0.1275,22822.0,18.0,833.0,0.126,0.1275,0.126,10000130,2015-04-22,2015-04-22,P,2.95,2015-04-08
4765,2015-04-08 14:26:00,2015-04-08,0.1275,0.0,0.0,833.0,0.1275,0.1275,0.1275,10000130,2015-04-22,2015-04-22,P,2.95,2015-04-08
4766,2015-04-08 14:27:00,2015-04-08,0.1275,0.0,0.0,833.0,0.1275,0.1275,0.1275,10000130,2015-04-22,2015-04-22,P,2.95,2015-04-08
4767,2015-04-08 14:28:00,2015-04-08,0.1275,0.0,0.0,833.0,0.1275,0.1275,0.1275,10000130,2015-04-22,2015-04-22,P,2.95,2015-04-08
4768,2015-04-08 14:29:00,2015-04-08,0.1299,19318.0,15.0,840.0,0.1275,0.1299,0.1275,10000130,2015-04-22,2015-04-22,P,2.95,2015-04-08
4769,2015-04-08 14:30:00,2015-04-08,0.1299,14289.0,11.0,844.0,0.1299,0.1299,0.1299,10000130,2015-04-22,2015-04-22,P,2.95,2015-04-08
4770,2015-04-08 14:31:00,2015-04-08,0.1299,18186.0,14.0,849.0,0.1299,0.1299,0.1299,10000130,2015-04-22,2015-04-22,P,2.95,2015-04-08
4771,2015-04-08 14:32:00,2015-04-08,0.1299,0.0,0.0,849.0,0.1299,0.1299,0.1299,10000130,2015-04-22,2015-04-22,P,2.95,2015-04-08
4772,2015-04-08 14:33:00,2015-04-08,0.121,13310.0,11.0,839.0,0.121,0.121,0.121,10000130,2015-04-22,2015-04-22,P,2.95,2015-04-08
4773,2015-04-08 14:34:00,2015-04-08,0.1201,1201.0,1.0,839.0,0.1201,0.1201,0.1201,10000130,2015-04-22,2015-04-22,P,2.95,2015-04-08
4774,2015-04-08 14:35:00,2015-04-08,0.1201,0.0,0.0,839.0,0.1201,0.1201,0.1201,10000130,2015-04-22,2015-04-22,P,2.95,2015-04-08
4775,2015-04-08 14:36:00,2015-04-08,0.1201,0.0,0.0,839.0,0.1201,0.1201,0.1201,10000130,2015-04-22,2015-04-22,P,2.95,2015-04-08
4776,2015-04-08 14:37:00,2015-04-08,0.1193,7158.0,6.0,845.0,0.1193,0.1193,0.1193,10000130,2015-04-22,2015-04-22,P,2.95,2015-04-08
4777,2015-04-08 14:38:00,2015-04-08,0.1223,2446.0,2.0,845.0,0.1223,0.1223,0.1223,10000130,2015-04-22,2015-04-22,P,2.95,2015-04-08
4778,2015-04-08 14:39:00,2015-04-08,0.122,2440.0,2.0,843.0,0.122,0.122,0.122,10000130,2015-04-22,2015-04-22,P,2.95,2015-04-08
4779,2015-04-08 14:40:00,2015-04-08,0.1225,18302.0,15.0,843.0,0.1217,0.1206,0.1206,10000130,2015-04-22,2015-04-22,P,2.95,2015-04-08
4780,2015-04-08 14:41:00,2015-04-08,0.1225,7350.0,6.0,843.0,0.1225,0.1225,0.1225,10000130,2015-04-22,2015-04-22,P,2.95,2015-04-08
4781,2015-04-08 14:42:00,2015-04-08,0.1192,1192.0,1.0,843.0,0.1192,0.1192,0.1192,10000130,2015-04-22,2015-04-22,P,2.95,2015-04-08
4782,2015-04-08 14:43:00,2015-04-08,0.1192,0.0,0.0,843.0,0.1192,0.1192,0.1192,10000130,2015-04-22,2015-04-22,P,2.95,2015-04-08
4783,2015-04-08 14:44:00,2015-04-08,0.119,21194.0,18.0,833.0,0.119,0.1172,0.1172,10000130,2015-04-22,2015-04-22,P,2.95,2015-04-08
4784,2015-04-08 14:45:00,2015-04-08,0.1174,2348.0,2.0,831.0,0.1174,0.1174,0.1174,10000130,2015-04-22,2015-04-22,P,2.95,2015-04-08
4785,2015-04-08 14:46:00,2015-04-08,0.1174,0.0,0.0,831.0,0.1174,0.1174,0.1174,10000130,2015-04-22,2015-04-22,P,2.95,2015-04-08
4786,2015-04-08 14:47:00,2015-04-08,0.1174,0.0,0.0,831.0,0.1174,0.1174,0.1174,10000130,2015-04-22,2015-04-22,P,2.95,2015-04-08
4787,2015-04-08 14:48:00,2015-04-08,0.1174,0.0,0.0,831.0,0.1174,0.1174,0.1174,10000130,2015-04-22,2015-04-22,P,2.95,2015-04-08
4788,2015-04-08 14:49:00,2015-04-08,0.1174,0.0,0.0,831.0,0.1174,0.1174,0.1174,10000130,2015-04-22,2015-04-22,P,2.95,2015-04-08
4789,2015-04-08 14:50:00,2015-04-08,0.1109,1109.0,1.0,831.0,0.1109,0.1109,0.1109,10000130,2015-04-22,2015-04-22,P,2.95,2015-04-08
4790,2015-04-08 14:51:00,2015-04-08,0.117,2340.0,2.0,830.0,0.117,0.117,0.117,10000130,2015-04-22,2015-04-22,P,2.95,2015-04-08
4791,2015-04-08 14:52:00,2015-04-08,0.117,5850.0,5.0,830.0,0.117,0.117,0.117,10000130,2015-04-22,2015-04-22,P,2.95,2015-04-08
4792,2015-04-08 14:53:00,2015-04-08,0.117,0.0,0.0,830.0,0.117,0.117,0.117,10000130,2015-04-22,2015-04-22,P,2.95,2015-04-08
4793,2015-04-08 14:54:00,2015-04-08,0.117,1170.0,1.0,829.0,0.117,0.117,0.117,10000130,2015-04-22,2015-04-22,P,2.95,2015-04-08
4794,2015-04-08 14:55:00,2015-04-08,0.117,0.0,0.0,829.0,0.117,0.117,0.117,10000130,2015-04-22,2015-04-22,P,2.95,2015-04-08
4795,2015-04-08 14:56:00,2015-04-08,0.117,0.0,0.0,829.0,0.117,0.117,0.117,10000130,2015-04-22,2015-04-22,P,2.95,2015-04-08
4796,2015-04-08 14:57:00,2015-04-08,0.117,0.0,0.0,829.0,0.117,0.117,0.117,10000130,2015-04-22,2015-04-22,P,2.95,2015-04-08
4797,2015-04-08 14:58:00,2015-04-08,0.117,0.0,0.0,829.0,0.117,0.117,0.117,10000130,2015-04-22,2015-04-22,P,2.95,2015-04-08
4798,2015-04-08 14:59:00,2015-04-08,0.117,0.0,0.0,829.0,0.117,0.117,0.117,10000130,2015-04-22,2015-04-22,P,2.95,2015-04-08
4799,2015-04-08 15:00:00,2015-04-08,0.117,0.0,0.0,829.0,0.117,0.117,0.117,10000130,2015-04-22,2015-04-22,P,2.95,2015-04-08
4800,2015-04-08 09:31:00,2015-04-08,0.1165,58637.0,54.0,34.0,0.1165,0.1043,0.0913,10000129,2015-04-22,2015-04-22,P,2.9,2015-04-08
4801,2015-04-08 09:32:00,2015-04-08,0.1043,0.0,0.0,34.0,0.1043,0.1043,0.1043,10000129,2015-04-22,2015-04-22,P,2.9,2015-04-08
4802,2015-04-08 09:33:00,2015-04-08,0.1043,0.0,0.0,34.0,0.1043,0.1043,0.1043,10000129,2015-04-22,2015-04-22,P,2.9,2015-04-08
4803,2015-04-08 09:34:00,2015-04-08,0.113,5650.0,5.0,39.0,0.113,0.113,0.113,10000129,2015-04-22,2015-04-22,P,2.9,2015-04-08
4804,2015-04-08 09:35:00,2015-04-08,0.1165,2275.0,2.0,39.0,0.111,0.1165,0.111,10000129,2015-04-22,2015-04-22,P,2.9,2015-04-08
4805,2015-04-08 09:36:00,2015-04-08,0.1189,14215.0,12.0,51.0,0.1165,0.1165,0.1165,10000129,2015-04-22,2015-04-22,P,2.9,2015-04-08
4806,2015-04-08 09:37:00,2015-04-08,0.1165,0.0,0.0,51.0,0.1165,0.1165,0.1165,10000129,2015-04-22,2015-04-22,P,2.9,2015-04-08
4807,2015-04-08 09:38:00,2015-04-08,0.1226,12260.0,10.0,61.0,0.1226,0.1226,0.1226,10000129,2015-04-22,2015-04-22,P,2.9,2015-04-08
4808,2015-04-08 09:39:00,2015-04-08,0.1226,15839.0,13.0,74.0,0.1226,0.1217,0.1217,10000129,2015-04-22,2015-04-22,P,2.9,2015-04-08
4809,2015-04-08 09:40:00,2015-04-08,0.1247,7447.0,6.0,80.0,0.1247,0.124,0.124,10000129,2015-04-22,2015-04-22,P,2.9,2015-04-08
4810,2015-04-08 09:41:00,2015-04-08,0.1212,12120.0,10.0,90.0,0.1212,0.1212,0.1212,10000129,2015-04-22,2015-04-22,P,2.9,2015-04-08
4811,2015-04-08 09:42:00,2015-04-08,0.1211,2422.0,2.0,92.0,0.1211,0.1211,0.1211,10000129,2015-04-22,2015-04-22,P,2.9,2015-04-08
4812,2015-04-08 09:43:00,2015-04-08,0.121,25303.0,21.0,113.0,0.121,0.12,0.12,10000129,2015-04-22,2015-04-22,P,2.9,2015-04-08
4813,2015-04-08 09:44:00,2015-04-08,0.1165,10157.0,9.0,108.0,0.1165,0.1111,0.1111,10000129,2015-04-22,2015-04-22,P,2.9,2015-04-08
4814,2015-04-08 09:45:00,2015-04-08,0.1111,0.0,0.0,108.0,0.1111,0.1111,0.1111,10000129,2015-04-22,2015-04-22,P,2.9,2015-04-08
4815,2015-04-08 09:46:00,2015-04-08,0.1111,22070.0,20.0,98.0,0.1111,0.1096,0.1096,10000129,2015-04-22,2015-04-22,P,2.9,2015-04-08
4816,2015-04-08 09:47:00,2015-04-08,0.1063,17006.0,16.0,99.0,0.1063,0.1061,0.1061,10000129,2015-04-22,2015-04-22,P,2.9,2015-04-08
4817,2015-04-08 09:48:00,2015-04-08,0.1059,5295.0,5.0,94.0,0.1059,0.1059,0.1059,10000129,2015-04-22,2015-04-22,P,2.9,2015-04-08
4818,2015-04-08 09:49:00,2015-04-08,0.1094,16395.0,15.0,104.0,0.1091,0.1094,0.1091,10000129,2015-04-22,2015-04-22,P,2.9,2015-04-08
4819,2015-04-08 09:50:00,2015-04-08,0.1099,10990.0,10.0,114.0,0.1099,0.1099,0.1099,10000129,2015-04-22,2015-04-22,P,2.9,2015-04-08
4820,2015-04-08 09:51:00,2015-04-08,0.1138,11380.0,10.0,124.0,0.1138,0.1138,0.1138,10000129,2015-04-22,2015-04-22,P,2.9,2015-04-08
4821,2015-04-08 09:52:00,2015-04-08,0.1138,0.0,0.0,124.0,0.1138,0.1138,0.1138,10000129,2015-04-22,2015-04-22,P,2.9,2015-04-08
4822,2015-04-08 09:53:00,2015-04-08,0.1138,0.0,0.0,124.0,0.1138,0.1138,0.1138,10000129,2015-04-22,2015-04-22,P,2.9,2015-04-08
4823,2015-04-08 09:54:00,2015-04-08,0.1089,2178.0,2.0,126.0,0.1089,0.1089,0.1089,10000129,2015-04-22,2015-04-22,P,2.9,2015-04-08
4824,2015-04-08 09:55:00,2015-04-08,0.1058,2113.0,2.0,127.0,0.1058,0.1055,0.1055,10000129,2015-04-22,2015-04-22,P,2.9,2015-04-08
4825,2015-04-08 09:56:00,2015-04-08,0.1005,9045.0,9.0,127.0,0.1005,0.1005,0.1005,10000129,2015-04-22,2015-04-22,P,2.9,2015-04-08
4826,2015-04-08 09:57:00,2015-04-08,0.099,19830.0,20.0,147.0,0.099,0.099,0.099,10000129,2015-04-22,2015-04-22,P,2.9,2015-04-08
4827,2015-04-08 09:58:00,2015-04-08,0.099,0.0,0.0,147.0,0.099,0.099,0.099,10000129,2015-04-22,2015-04-22,P,2.9,2015-04-08
4828,2015-04-08 09:59:00,2015-04-08,0.099,0.0,0.0,147.0,0.099,0.099,0.099,10000129,2015-04-22,2015-04-22,P,2.9,2015-04-08
4829,2015-04-08 10:00:00,2015-04-08,0.0988,988.0,1.0,147.0,0.0988,0.0988,0.0988,10000129,2015-04-22,2015-04-22,P,2.9,2015-04-08
4830,2015-04-08 10:01:00,2015-04-08,0.1014,1971.0,2.0,149.0,0.0957,0.1014,0.0957,10000129,2015-04-22,2015-04-22,P,2.9,2015-04-08
4831,2015-04-08 10:02:00,2015-04-08,0.1009,2017.0,2.0,150.0,0.1009,0.1008,0.1008,10000129,2015-04-22,2015-04-22,P,2.9,2015-04-08
4832,2015-04-08 10:03:00,2015-04-08,0.1008,0.0,0.0,150.0,0.1008,0.1008,0.1008,10000129,2015-04-22,2015-04-22,P,2.9,2015-04-08
4833,2015-04-08 10:04:00,2015-04-08,0.1029,6153.0,6.0,151.0,0.1029,0.1008,0.1008,10000129,2015-04-22,2015-04-22,P,2.9,2015-04-08
4834,2015-04-08 10:05:00,2015-04-08,0.1008,0.0,0.0,151.0,0.1008,0.1008,0.1008,10000129,2015-04-22,2015-04-22,P,2.9,2015-04-08
4835,2015-04-08 10:06:00,2015-04-08,0.1008,0.0,0.0,151.0,0.1008,0.1008,0.1008,10000129,2015-04-22,2015-04-22,P,2.9,2015-04-08
4836,2015-04-08 10:07:00,2015-04-08,0.1008,0.0,0.0,151.0,0.1008,0.1008,0.1008,10000129,2015-04-22,2015-04-22,P,2.9,2015-04-08
4837,2015-04-08 10:08:00,2015-04-08,0.1008,0.0,0.0,151.0,0.1008,0.1008,0.1008,10000129,2015-04-22,2015-04-22,P,2.9,2015-04-08
4838,2015-04-08 10:09:00,2015-04-08,0.1008,0.0,0.0,151.0,0.1008,0.1008,0.1008,10000129,2015-04-22,2015-04-22,P,2.9,2015-04-08
4839,2015-04-08 10:10:00,2015-04-08,0.1008,0.0,0.0,151.0,0.1008,0.1008,0.1008,10000129,2015-04-22,2015-04-22,P,2.9,2015-04-08
4840,2015-04-08 10:11:00,2015-04-08,0.105,2100.0,2.0,151.0,0.105,0.105,0.105,10000129,2015-04-22,2015-04-22,P,2.9,2015-04-08
4841,2015-04-08 10:12:00,2015-04-08,0.1111,1111.0,1.0,152.0,0.1111,0.1111,0.1111,10000129,2015-04-22,2015-04-22,P,2.9,2015-04-08
4842,2015-04-08 10:13:00,2015-04-08,0.1111,0.0,0.0,152.0,0.1111,0.1111,0.1111,10000129,2015-04-22,2015-04-22,P,2.9,2015-04-08
4843,2015-04-08 10:14:00,2015-04-08,0.1111,0.0,0.0,152.0,0.1111,0.1111,0.1111,10000129,2015-04-22,2015-04-22,P,2.9,2015-04-08
4844,2015-04-08 10:15:00,2015-04-08,0.1111,0.0,0.0,152.0,0.1111,0.1111,0.1111,10000129,2015-04-22,2015-04-22,P,2.9,2015-04-08
4845,2015-04-08 10:16:00,2015-04-08,0.1111,0.0,0.0,152.0,0.1111,0.1111,0.1111,10000129,2015-04-22,2015-04-22,P,2.9,2015-04-08
4846,2015-04-08 10:17:00,2015-04-08,0.1111,0.0,0.0,152.0,0.1111,0.1111,0.1111,10000129,2015-04-22,2015-04-22,P,2.9,2015-04-08
4847,2015-04-08 10:18:00,2015-04-08,0.1118,2236.0,2.0,152.0,0.1118,0.1118,0.1118,10000129,2015-04-22,2015-04-22,P,2.9,2015-04-08
4848,2015-04-08 10:19:00,2015-04-08,0.1125,5625.0,5.0,157.0,0.1125,0.1125,0.1125,10000129,2015-04-22,2015-04-22,P,2.9,2015-04-08
4849,2015-04-08 10:20:00,2015-04-08,0.1125,0.0,0.0,157.0,0.1125,0.1125,0.1125,10000129,2015-04-22,2015-04-22,P,2.9,2015-04-08
4850,2015-04-08 10:21:00,2015-04-08,0.1125,0.0,0.0,157.0,0.1125,0.1125,0.1125,10000129,2015-04-22,2015-04-22,P,2.9,2015-04-08
4851,2015-04-08 10:22:00,2015-04-08,0.1125,0.0,0.0,157.0,0.1125,0.1125,0.1125,10000129,2015-04-22,2015-04-22,P,2.9,2015-04-08
4852,2015-04-08 10:23:00,2015-04-08,0.1125,0.0,0.0,157.0,0.1125,0.1125,0.1125,10000129,2015-04-22,2015-04-22,P,2.9,2015-04-08
4853,2015-04-08 10:24:00,2015-04-08,0.1125,0.0,0.0,157.0,0.1125,0.1125,0.1125,10000129,2015-04-22,2015-04-22,P,2.9,2015-04-08
4854,2015-04-08 10:25:00,2015-04-08,0.1148,6882.0,6.0,163.0,0.1142,0.1148,0.1142,10000129,2015-04-22,2015-04-22,P,2.9,2015-04-08
4855,2015-04-08 10:26:00,2015-04-08,0.1148,0.0,0.0,163.0,0.1148,0.1148,0.1148,10000129,2015-04-22,2015-04-22,P,2.9,2015-04-08
4856,2015-04-08 10:27:00,2015-04-08,0.1148,0.0,0.0,163.0,0.1148,0.1148,0.1148,10000129,2015-04-22,2015-04-22,P,2.9,2015-04-08
4857,2015-04-08 10:28:00,2015-04-08,0.1148,0.0,0.0,163.0,0.1148,0.1148,0.1148,10000129,2015-04-22,2015-04-22,P,2.9,2015-04-08
4858,2015-04-08 10:29:00,2015-04-08,0.1148,0.0,0.0,163.0,0.1148,0.1148,0.1148,10000129,2015-04-22,2015-04-22,P,2.9,2015-04-08
4859,2015-04-08 10:30:00,2015-04-08,0.1148,0.0,0.0,163.0,0.1148,0.1148,0.1148,10000129,2015-04-22,2015-04-22,P,2.9,2015-04-08
4860,2015-04-08 10:31:00,2015-04-08,0.1148,0.0,0.0,163.0,0.1148,0.1148,0.1148,10000129,2015-04-22,2015-04-22,P,2.9,2015-04-08
4861,2015-04-08 10:32:00,2015-04-08,0.1148,0.0,0.0,163.0,0.1148,0.1148,0.1148,10000129,2015-04-22,2015-04-22,P,2.9,2015-04-08
4862,2015-04-08 10:33:00,2015-04-08,0.1148,0.0,0.0,163.0,0.1148,0.1148,0.1148,10000129,2015-04-22,2015-04-22,P,2.9,2015-04-08
4863,2015-04-08 10:34:00,2015-04-08,0.1023,1023.0,1.0,164.0,0.1023,0.1023,0.1023,10000129,2015-04-22,2015-04-22,P,2.9,2015-04-08
4864,2015-04-08 10:35:00,2015-04-08,0.1023,0.0,0.0,164.0,0.1023,0.1023,0.1023,10000129,2015-04-22,2015-04-22,P,2.9,2015-04-08
4865,2015-04-08 10:36:00,2015-04-08,0.1021,5113.0,5.0,169.0,0.1021,0.1021,0.1021,10000129,2015-04-22,2015-04-22,P,2.9,2015-04-08
4866,2015-04-08 10:37:00,2015-04-08,0.1021,0.0,0.0,169.0,0.1021,0.1021,0.1021,10000129,2015-04-22,2015-04-22,P,2.9,2015-04-08
4867,2015-04-08 10:38:00,2015-04-08,0.1021,0.0,0.0,169.0,0.1021,0.1021,0.1021,10000129,2015-04-22,2015-04-22,P,2.9,2015-04-08
4868,2015-04-08 10:39:00,2015-04-08,0.1015,5075.0,5.0,174.0,0.1015,0.1015,0.1015,10000129,2015-04-22,2015-04-22,P,2.9,2015-04-08
4869,2015-04-08 10:40:00,2015-04-08,0.1008,16115.0,16.0,188.0,0.1008,0.1006,0.1006,10000129,2015-04-22,2015-04-22,P,2.9,2015-04-08
4870,2015-04-08 10:41:00,2015-04-08,0.1006,0.0,0.0,188.0,0.1006,0.1006,0.1006,10000129,2015-04-22,2015-04-22,P,2.9,2015-04-08
4871,2015-04-08 10:42:00,2015-04-08,0.1,3998.0,4.0,192.0,0.1,0.0999,0.0999,10000129,2015-04-22,2015-04-22,P,2.9,2015-04-08
4872,2015-04-08 10:43:00,2015-04-08,0.0972,9660.0,10.0,199.0,0.0972,0.0962,0.0962,10000129,2015-04-22,2015-04-22,P,2.9,2015-04-08
4873,2015-04-08 10:44:00,2015-04-08,0.0999,3888.0,4.0,200.0,0.0999,0.0963,0.0963,10000129,2015-04-22,2015-04-22,P,2.9,2015-04-08
4874,2015-04-08 10:45:00,2015-04-08,0.0963,0.0,0.0,200.0,0.0963,0.0963,0.0963,10000129,2015-04-22,2015-04-22,P,2.9,2015-04-08
4875,2015-04-08 10:46:00,2015-04-08,0.0974,974.0,1.0,201.0,0.0974,0.0974,0.0974,10000129,2015-04-22,2015-04-22,P,2.9,2015-04-08
4876,2015-04-08 10:47:00,2015-04-08,0.1037,2074.0,2.0,203.0,0.1037,0.1037,0.1037,10000129,2015-04-22,2015-04-22,P,2.9,2015-04-08
4877,2015-04-08 10:48:00,2015-04-08,0.1037,0.0,0.0,203.0,0.1037,0.1037,0.1037,10000129,2015-04-22,2015-04-22,P,2.9,2015-04-08
4878,2015-04-08 10:49:00,2015-04-08,0.1037,0.0,0.0,203.0,0.1037,0.1037,0.1037,10000129,2015-04-22,2015-04-22,P,2.9,2015-04-08
4879,2015-04-08 10:50:00,2015-04-08,0.106,5300.0,5.0,208.0,0.106,0.106,0.106,10000129,2015-04-22,2015-04-22,P,2.9,2015-04-08
4880,2015-04-08 10:51:00,2015-04-08,0.106,0.0,0.0,208.0,0.106,0.106,0.106,10000129,2015-04-22,2015-04-22,P,2.9,2015-04-08
4881,2015-04-08 10:52:00,2015-04-08,0.106,0.0,0.0,208.0,0.106,0.106,0.106,10000129,2015-04-22,2015-04-22,P,2.9,2015-04-08
4882,2015-04-08 10:53:00,2015-04-08,0.1156,40030.0,35.0,224.0,0.1118,0.115,0.1118,10000129,2015-04-22,2015-04-22,P,2.9,2015-04-08
4883,2015-04-08 10:54:00,2015-04-08,0.1176,10492.0,9.0,233.0,0.1171,0.1176,0.1163,10000129,2015-04-22,2015-04-22,P,2.9,2015-04-08
4884,2015-04-08 10:55:00,2015-04-08,0.119,26175.0,22.0,234.0,0.1188,0.119,0.1188,10000129,2015-04-22,2015-04-22,P,2.9,2015-04-08
4885,2015-04-08 10:56:00,2015-04-08,0.119,0.0,0.0,234.0,0.119,0.119,0.119,10000129,2015-04-22,2015-04-22,P,2.9,2015-04-08
4886,2015-04-08 10:57:00,2015-04-08,0.1211,27474.0,23.0,236.0,0.119,0.1211,0.119,10000129,2015-04-22,2015-04-22,P,2.9,2015-04-08
4887,2015-04-08 10:58:00,2015-04-08,0.1222,6110.0,5.0,241.0,0.1222,0.1222,0.1222,10000129,2015-04-22,2015-04-22,P,2.9,2015-04-08
4888,2015-04-08 10:59:00,2015-04-08,0.1214,12090.0,10.0,246.0,0.1214,0.1204,0.1204,10000129,2015-04-22,2015-04-22,P,2.9,2015-04-08
4889,2015-04-08 11:00:00,2015-04-08,0.1204,0.0,0.0,246.0,0.1204,0.1204,0.1204,10000129,2015-04-22,2015-04-22,P,2.9,2015-04-08
4890,2015-04-08 11:01:00,2015-04-08,0.1165,17205.0,15.0,232.0,0.1165,0.1145,0.1145,10000129,2015-04-22,2015-04-22,P,2.9,2015-04-08
4891,2015-04-08 11:02:00,2015-04-08,0.1102,11023.0,10.0,232.0,0.1102,0.1102,0.1102,10000129,2015-04-22,2015-04-22,P,2.9,2015-04-08
4892,2015-04-08 11:03:00,2015-04-08,0.1102,0.0,0.0,232.0,0.1102,0.1102,0.1102,10000129,2015-04-22,2015-04-22,P,2.9,2015-04-08
4893,2015-04-08 11:04:00,2015-04-08,0.1176,3408.0,3.0,233.0,0.1116,0.1176,0.1116,10000129,2015-04-22,2015-04-22,P,2.9,2015-04-08
4894,2015-04-08 11:05:00,2015-04-08,0.1176,0.0,0.0,233.0,0.1176,0.1176,0.1176,10000129,2015-04-22,2015-04-22,P,2.9,2015-04-08
4895,2015-04-08 11:06:00,2015-04-08,0.1176,0.0,0.0,233.0,0.1176,0.1176,0.1176,10000129,2015-04-22,2015-04-22,P,2.9,2015-04-08
4896,2015-04-08 11:07:00,2015-04-08,0.1176,0.0,0.0,233.0,0.1176,0.1176,0.1176,10000129,2015-04-22,2015-04-22,P,2.9,2015-04-08
4897,2015-04-08 11:08:00,2015-04-08,0.1176,0.0,0.0,233.0,0.1176,0.1176,0.1176,10000129,2015-04-22,2015-04-22,P,2.9,2015-04-08
4898,2015-04-08 11:09:00,2015-04-08,0.1176,0.0,0.0,233.0,0.1176,0.1176,0.1176,10000129,2015-04-22,2015-04-22,P,2.9,2015-04-08
4899,2015-04-08 11:10:00,2015-04-08,0.1176,0.0,0.0,233.0,0.1176,0.1176,0.1176,10000129,2015-04-22,2015-04-22,P,2.9,2015-04-08
4900,2015-04-08 11:11:00,2015-04-08,0.1176,0.0,0.0,233.0,0.1176,0.1176,0.1176,10000129,2015-04-22,2015-04-22,P,2.9,2015-04-08
4901,2015-04-08 11:12:00,2015-04-08,0.1176,0.0,0.0,233.0,0.1176,0.1176,0.1176,10000129,2015-04-22,2015-04-22,P,2.9,2015-04-08
4902,2015-04-08 11:13:00,2015-04-08,0.1176,0.0,0.0,233.0,0.1176,0.1176,0.1176,10000129,2015-04-22,2015-04-22,P,2.9,2015-04-08
4903,2015-04-08 11:14:00,2015-04-08,0.1139,2278.0,2.0,235.0,0.1139,0.1139,0.1139,10000129,2015-04-22,2015-04-22,P,2.9,2015-04-08
4904,2015-04-08 11:15:00,2015-04-08,0.1139,0.0,0.0,235.0,0.1139,0.1139,0.1139,10000129,2015-04-22,2015-04-22,P,2.9,2015-04-08
4905,2015-04-08 11:16:00,2015-04-08,0.1139,0.0,0.0,235.0,0.1139,0.1139,0.1139,10000129,2015-04-22,2015-04-22,P,2.9,2015-04-08
4906,2015-04-08 11:17:00,2015-04-08,0.1139,0.0,0.0,235.0,0.1139,0.1139,0.1139,10000129,2015-04-22,2015-04-22,P,2.9,2015-04-08
4907,2015-04-08 11:18:00,2015-04-08,0.1126,5630.0,5.0,240.0,0.1126,0.1126,0.1126,10000129,2015-04-22,2015-04-22,P,2.9,2015-04-08
4908,2015-04-08 11:19:00,2015-04-08,0.1126,0.0,0.0,240.0,0.1126,0.1126,0.1126,10000129,2015-04-22,2015-04-22,P,2.9,2015-04-08
4909,2015-04-08 11:20:00,2015-04-08,0.1126,0.0,0.0,240.0,0.1126,0.1126,0.1126,10000129,2015-04-22,2015-04-22,P,2.9,2015-04-08
4910,2015-04-08 11:21:00,2015-04-08,0.1126,0.0,0.0,240.0,0.1126,0.1126,0.1126,10000129,2015-04-22,2015-04-22,P,2.9,2015-04-08
4911,2015-04-08 11:22:00,2015-04-08,0.1126,0.0,0.0,240.0,0.1126,0.1126,0.1126,10000129,2015-04-22,2015-04-22,P,2.9,2015-04-08
4912,2015-04-08 11:23:00,2015-04-08,0.1126,0.0,0.0,240.0,0.1126,0.1126,0.1126,10000129,2015-04-22,2015-04-22,P,2.9,2015-04-08
4913,2015-04-08 11:24:00,2015-04-08,0.1126,0.0,0.0,240.0,0.1126,0.1126,0.1126,10000129,2015-04-22,2015-04-22,P,2.9,2015-04-08
4914,2015-04-08 11:25:00,2015-04-08,0.1112,1112.0,1.0,240.0,0.1112,0.1112,0.1112,10000129,2015-04-22,2015-04-22,P,2.9,2015-04-08
4915,2015-04-08 11:26:00,2015-04-08,0.1118,4454.0,4.0,240.0,0.11,0.1118,0.11,10000129,2015-04-22,2015-04-22,P,2.9,2015-04-08
4916,2015-04-08 11:27:00,2015-04-08,0.1118,0.0,0.0,240.0,0.1118,0.1118,0.1118,10000129,2015-04-22,2015-04-22,P,2.9,2015-04-08
4917,2015-04-08 11:28:00,2015-04-08,0.1118,0.0,0.0,240.0,0.1118,0.1118,0.1118,10000129,2015-04-22,2015-04-22,P,2.9,2015-04-08
4918,2015-04-08 11:29:00,2015-04-08,0.105,5250.0,5.0,240.0,0.105,0.105,0.105,10000129,2015-04-22,2015-04-22,P,2.9,2015-04-08
4919,2015-04-08 11:30:00,2015-04-08,0.105,0.0,0.0,240.0,0.105,0.105,0.105,10000129,2015-04-22,2015-04-22,P,2.9,2015-04-08
4920,2015-04-08 13:01:00,2015-04-08,0.0973,13433.0,14.0,254.0,0.0973,0.0956,0.0955,10000129,2015-04-22,2015-04-22,P,2.9,2015-04-08
4921,2015-04-08 13:02:00,2015-04-08,0.0942,1884.0,2.0,256.0,0.0942,0.0942,0.0942,10000129,2015-04-22,2015-04-22,P,2.9,2015-04-08
4922,2015-04-08 13:03:00,2015-04-08,0.0942,0.0,0.0,256.0,0.0942,0.0942,0.0942,10000129,2015-04-22,2015-04-22,P,2.9,2015-04-08
4923,2015-04-08 13:04:00,2015-04-08,0.0942,0.0,0.0,256.0,0.0942,0.0942,0.0942,10000129,2015-04-22,2015-04-22,P,2.9,2015-04-08
4924,2015-04-08 13:05:00,2015-04-08,0.0959,5560.0,6.0,261.0,0.092,0.0959,0.092,10000129,2015-04-22,2015-04-22,P,2.9,2015-04-08
4925,2015-04-08 13:06:00,2015-04-08,0.0959,0.0,0.0,261.0,0.0959,0.0959,0.0959,10000129,2015-04-22,2015-04-22,P,2.9,2015-04-08
4926,2015-04-08 13:07:00,2015-04-08,0.0959,0.0,0.0,261.0,0.0959,0.0959,0.0959,10000129,2015-04-22,2015-04-22,P,2.9,2015-04-08
4927,2015-04-08 13:08:00,2015-04-08,0.0968,4840.0,5.0,266.0,0.0968,0.0968,0.0968,10000129,2015-04-22,2015-04-22,P,2.9,2015-04-08
4928,2015-04-08 13:09:00,2015-04-08,0.0973,9730.0,10.0,276.0,0.0973,0.0973,0.0973,10000129,2015-04-22,2015-04-22,P,2.9,2015-04-08
4929,2015-04-08 13:10:00,2015-04-08,0.0981,981.0,1.0,277.0,0.0981,0.0981,0.0981,10000129,2015-04-22,2015-04-22,P,2.9,2015-04-08
4930,2015-04-08 13:11:00,2015-04-08,0.0981,0.0,0.0,277.0,0.0981,0.0981,0.0981,10000129,2015-04-22,2015-04-22,P,2.9,2015-04-08
4931,2015-04-08 13:12:00,2015-04-08,0.0981,0.0,0.0,277.0,0.0981,0.0981,0.0981,10000129,2015-04-22,2015-04-22,P,2.9,2015-04-08
4932,2015-04-08 13:13:00,2015-04-08,0.0981,0.0,0.0,277.0,0.0981,0.0981,0.0981,10000129,2015-04-22,2015-04-22,P,2.9,2015-04-08
4933,2015-04-08 13:14:00,2015-04-08,0.0981,0.0,0.0,277.0,0.0981,0.0981,0.0981,10000129,2015-04-22,2015-04-22,P,2.9,2015-04-08
4934,2015-04-08 13:15:00,2015-04-08,0.0913,27415.0,30.0,291.0,0.0913,0.0912,0.0912,10000129,2015-04-22,2015-04-22,P,2.9,2015-04-08
4935,2015-04-08 13:16:00,2015-04-08,0.0912,0.0,0.0,291.0,0.0912,0.0912,0.0912,10000129,2015-04-22,2015-04-22,P,2.9,2015-04-08
4936,2015-04-08 13:17:00,2015-04-08,0.0912,0.0,0.0,291.0,0.0912,0.0912,0.0912,10000129,2015-04-22,2015-04-22,P,2.9,2015-04-08
4937,2015-04-08 13:18:00,2015-04-08,0.0901,20196.0,23.0,314.0,0.0901,0.0874,0.0874,10000129,2015-04-22,2015-04-22,P,2.9,2015-04-08
4938,2015-04-08 13:19:00,2015-04-08,0.0873,17751.0,21.0,325.0,0.0842,0.0873,0.084,10000129,2015-04-22,2015-04-22,P,2.9,2015-04-08
4939,2015-04-08 13:20:00,2015-04-08,0.0813,2439.0,3.0,325.0,0.0813,0.0813,0.0813,10000129,2015-04-22,2015-04-22,P,2.9,2015-04-08
4940,2015-04-08 13:21:00,2015-04-08,0.0853,6541.0,8.0,332.0,0.0853,0.0805,0.0805,10000129,2015-04-22,2015-04-22,P,2.9,2015-04-08
4941,2015-04-08 13:22:00,2015-04-08,0.0841,5632.0,7.0,334.0,0.079,0.0841,0.079,10000129,2015-04-22,2015-04-22,P,2.9,2015-04-08
4942,2015-04-08 13:23:00,2015-04-08,0.0801,1602.0,2.0,336.0,0.0801,0.0801,0.0801,10000129,2015-04-22,2015-04-22,P,2.9,2015-04-08
4943,2015-04-08 13:24:00,2015-04-08,0.0805,4025.0,5.0,336.0,0.0805,0.0805,0.0805,10000129,2015-04-22,2015-04-22,P,2.9,2015-04-08
4944,2015-04-08 13:25:00,2015-04-08,0.0862,1722.0,2.0,338.0,0.0862,0.086,0.086,10000129,2015-04-22,2015-04-22,P,2.9,2015-04-08
4945,2015-04-08 13:26:00,2015-04-08,0.0868,8680.0,10.0,348.0,0.0868,0.0868,0.0868,10000129,2015-04-22,2015-04-22,P,2.9,2015-04-08
4946,2015-04-08 13:27:00,2015-04-08,0.0868,0.0,0.0,348.0,0.0868,0.0868,0.0868,10000129,2015-04-22,2015-04-22,P,2.9,2015-04-08
4947,2015-04-08 13:28:00,2015-04-08,0.08199999999999999,4100.0,5.0,353.0,0.08199999999999999,0.08199999999999999,0.08199999999999999,10000129,2015-04-22,2015-04-22,P,2.9,2015-04-08
4948,2015-04-08 13:29:00,2015-04-08,0.08199999999999999,0.0,0.0,353.0,0.08199999999999999,0.08199999999999999,0.08199999999999999,10000129,2015-04-22,2015-04-22,P,2.9,2015-04-08
4949,2015-04-08 13:30:00,2015-04-08,0.0843,2529.0,3.0,356.0,0.0843,0.0843,0.0843,10000129,2015-04-22,2015-04-22,P,2.9,2015-04-08
4950,2015-04-08 13:31:00,2015-04-08,0.081,8050.0,10.0,366.0,0.081,0.08,0.08,10000129,2015-04-22,2015-04-22,P,2.9,2015-04-08
4951,2015-04-08 13:32:00,2015-04-08,0.081,7224.0,9.0,372.0,0.0786,0.081,0.0786,10000129,2015-04-22,2015-04-22,P,2.9,2015-04-08
4952,2015-04-08 13:33:00,2015-04-08,0.081,3216.0,4.0,374.0,0.0798,0.081,0.0798,10000129,2015-04-22,2015-04-22,P,2.9,2015-04-08
4953,2015-04-08 13:34:00,2015-04-08,0.081,0.0,0.0,374.0,0.081,0.081,0.081,10000129,2015-04-22,2015-04-22,P,2.9,2015-04-08
4954,2015-04-08 13:35:00,2015-04-08,0.081,0.0,0.0,374.0,0.081,0.081,0.081,10000129,2015-04-22,2015-04-22,P,2.9,2015-04-08
4955,2015-04-08 13:36:00,2015-04-08,0.0845,2493.0,3.0,373.0,0.0824,0.0845,0.0824,10000129,2015-04-22,2015-04-22,P,2.9,2015-04-08
4956,2015-04-08 13:37:00,2015-04-08,0.0845,0.0,0.0,373.0,0.0845,0.0845,0.0845,10000129,2015-04-22,2015-04-22,P,2.9,2015-04-08
4957,2015-04-08 13:38:00,2015-04-08,0.0845,0.0,0.0,373.0,0.0845,0.0845,0.0845,10000129,2015-04-22,2015-04-22,P,2.9,2015-04-08
4958,2015-04-08 13:39:00,2015-04-08,0.0845,0.0,0.0,373.0,0.0845,0.0845,0.0845,10000129,2015-04-22,2015-04-22,P,2.9,2015-04-08
4959,2015-04-08 13:40:00,2015-04-08,0.0845,0.0,0.0,373.0,0.0845,0.0845,0.0845,10000129,2015-04-22,2015-04-22,P,2.9,2015-04-08
4960,2015-04-08 13:41:00,2015-04-08,0.0845,1690.0,2.0,375.0,0.0845,0.0845,0.0845,10000129,2015-04-22,2015-04-22,P,2.9,2015-04-08
4961,2015-04-08 13:42:00,2015-04-08,0.0858,1716.0,2.0,373.0,0.0858,0.0858,0.0858,10000129,2015-04-22,2015-04-22,P,2.9,2015-04-08
4962,2015-04-08 13:43:00,2015-04-08,0.0842,842.0,1.0,372.0,0.0842,0.0842,0.0842,10000129,2015-04-22,2015-04-22,P,2.9,2015-04-08
4963,2015-04-08 13:44:00,2015-04-08,0.0888,4440.0,5.0,377.0,0.0888,0.0888,0.0888,10000129,2015-04-22,2015-04-22,P,2.9,2015-04-08
4964,2015-04-08 13:45:00,2015-04-08,0.0902,4510.0,5.0,382.0,0.0902,0.0902,0.0902,10000129,2015-04-22,2015-04-22,P,2.9,2015-04-08
4965,2015-04-08 13:46:00,2015-04-08,0.0902,0.0,0.0,382.0,0.0902,0.0902,0.0902,10000129,2015-04-22,2015-04-22,P,2.9,2015-04-08
4966,2015-04-08 13:47:00,2015-04-08,0.0812,812.0,1.0,383.0,0.0812,0.0812,0.0812,10000129,2015-04-22,2015-04-22,P,2.9,2015-04-08
4967,2015-04-08 13:48:00,2015-04-08,0.0812,0.0,0.0,383.0,0.0812,0.0812,0.0812,10000129,2015-04-22,2015-04-22,P,2.9,2015-04-08
4968,2015-04-08 13:49:00,2015-04-08,0.0828,8280.0,10.0,393.0,0.0828,0.0828,0.0828,10000129,2015-04-22,2015-04-22,P,2.9,2015-04-08
4969,2015-04-08 13:50:00,2015-04-08,0.081,4050.0,5.0,398.0,0.081,0.081,0.081,10000129,2015-04-22,2015-04-22,P,2.9,2015-04-08
4970,2015-04-08 13:51:00,2015-04-08,0.0811,4055.0,5.0,403.0,0.0811,0.0811,0.0811,10000129,2015-04-22,2015-04-22,P,2.9,2015-04-08
4971,2015-04-08 13:52:00,2015-04-08,0.0811,0.0,0.0,403.0,0.0811,0.0811,0.0811,10000129,2015-04-22,2015-04-22,P,2.9,2015-04-08
4972,2015-04-08 13:53:00,2015-04-08,0.0811,0.0,0.0,403.0,0.0811,0.0811,0.0811,10000129,2015-04-22,2015-04-22,P,2.9,2015-04-08
4973,2015-04-08 13:54:00,2015-04-08,0.0844,4220.0,5.0,408.0,0.0844,0.0844,0.0844,10000129,2015-04-22,2015-04-22,P,2.9,2015-04-08
4974,2015-04-08 13:55:00,2015-04-08,0.0807,4035.0,5.0,413.0,0.0807,0.0807,0.0807,10000129,2015-04-22,2015-04-22,P,2.9,2015-04-08
4975,2015-04-08 13:56:00,2015-04-08,0.08,4000.0,5.0,418.0,0.08,0.08,0.08,10000129,2015-04-22,2015-04-22,P,2.9,2015-04-08
4976,2015-04-08 13:57:00,2015-04-08,0.0798,3990.0,5.0,423.0,0.0798,0.0798,0.0798,10000129,2015-04-22,2015-04-22,P,2.9,2015-04-08
4977,2015-04-08 13:58:00,2015-04-08,0.0789,7033.0,9.0,432.0,0.0789,0.0772,0.0772,10000129,2015-04-22,2015-04-22,P,2.9,2015-04-08
4978,2015-04-08 13:59:00,2015-04-08,0.0772,0.0,0.0,432.0,0.0772,0.0772,0.0772,10000129,2015-04-22,2015-04-22,P,2.9,2015-04-08
4979,2015-04-08 14:00:00,2015-04-08,0.0772,0.0,0.0,432.0,0.0772,0.0772,0.0772,10000129,2015-04-22,2015-04-22,P,2.9,2015-04-08
4980,2015-04-08 14:01:00,2015-04-08,0.0772,0.0,0.0,432.0,0.0772,0.0772,0.0772,10000129,2015-04-22,2015-04-22,P,2.9,2015-04-08
4981,2015-04-08 14:02:00,2015-04-08,0.0772,0.0,0.0,432.0,0.0772,0.0772,0.0772,10000129,2015-04-22,2015-04-22,P,2.9,2015-04-08
4982,2015-04-08 14:03:00,2015-04-08,0.0772,0.0,0.0,432.0,0.0772,0.0772,0.0772,10000129,2015-04-22,2015-04-22,P,2.9,2015-04-08
4983,2015-04-08 14:04:00,2015-04-08,0.0825,33000.0,40.0,432.0,0.0825,0.0825,0.0825,10000129,2015-04-22,2015-04-22,P,2.9,2015-04-08
4984,2015-04-08 14:05:00,2015-04-08,0.085,850.0,1.0,433.0,0.085,0.085,0.085,10000129,2015-04-22,2015-04-22,P,2.9,2015-04-08
4985,2015-04-08 14:06:00,2015-04-08,0.085,1700.0,2.0,435.0,0.085,0.085,0.085,10000129,2015-04-22,2015-04-22,P,2.9,2015-04-08
4986,2015-04-08 14:07:00,2015-04-08,0.0887,2617.0,3.0,436.0,0.0887,0.0843,0.0843,10000129,2015-04-22,2015-04-22,P,2.9,2015-04-08
4987,2015-04-08 14:08:00,2015-04-08,0.0843,0.0,0.0,436.0,0.0843,0.0843,0.0843,10000129,2015-04-22,2015-04-22,P,2.9,2015-04-08
4988,2015-04-08 14:09:00,2015-04-08,0.0843,0.0,0.0,436.0,0.0843,0.0843,0.0843,10000129,2015-04-22,2015-04-22,P,2.9,2015-04-08
4989,2015-04-08 14:10:00,2015-04-08,0.0836,8360.0,10.0,446.0,0.0836,0.0836,0.0836,10000129,2015-04-22,2015-04-22,P,2.9,2015-04-08
4990,2015-04-08 14:11:00,2015-04-08,0.0836,0.0,0.0,446.0,0.0836,0.0836,0.0836,10000129,2015-04-22,2015-04-22,P,2.9,2015-04-08
4991,2015-04-08 14:12:00,2015-04-08,0.0836,0.0,0.0,446.0,0.0836,0.0836,0.0836,10000129,2015-04-22,2015-04-22,P,2.9,2015-04-08
4992,2015-04-08 14:13:00,2015-04-08,0.0836,0.0,0.0,446.0,0.0836,0.0836,0.0836,10000129,2015-04-22,2015-04-22,P,2.9,2015-04-08
4993,2015-04-08 14:14:00,2015-04-08,0.0809,4045.0,5.0,451.0,0.0809,0.0809,0.0809,10000129,2015-04-22,2015-04-22,P,2.9,2015-04-08
4994,2015-04-08 14:15:00,2015-04-08,0.0809,0.0,0.0,451.0,0.0809,0.0809,0.0809,10000129,2015-04-22,2015-04-22,P,2.9,2015-04-08
4995,2015-04-08 14:16:00,2015-04-08,0.0809,0.0,0.0,451.0,0.0809,0.0809,0.0809,10000129,2015-04-22,2015-04-22,P,2.9,2015-04-08
4996,2015-04-08 14:17:00,2015-04-08,0.0809,0.0,0.0,451.0,0.0809,0.0809,0.0809,10000129,2015-04-22,2015-04-22,P,2.9,2015-04-08
4997,2015-04-08 14:18:00,2015-04-08,0.0809,0.0,0.0,451.0,0.0809,0.0809,0.0809,10000129,2015-04-22,2015-04-22,P,2.9,2015-04-08
4998,2015-04-08 14:19:00,2015-04-08,0.0901,2703.0,3.0,448.0,0.0901,0.0901,0.0901,10000129,2015-04-22,2015-04-22,P,2.9,2015-04-08
4999,2015-04-08 14:20:00,2015-04-08,0.0901,0.0,0.0,448.0,0.0901,0.0901,0.0901,10000129,2015-04-22,2015-04-22,P,2.9,2015-04-08
5000,2015-04-08 14:21:00,2015-04-08,0.0901,0.0,0.0,448.0,0.0901,0.0901,0.0901,10000129,2015-04-22,2015-04-22,P,2.9,2015-04-08
5001,2015-04-08 14:22:00,2015-04-08,0.0901,0.0,0.0,448.0,0.0901,0.0901,0.0901,10000129,2015-04-22,2015-04-22,P,2.9,2015-04-08
5002,2015-04-08 14:23:00,2015-04-08,0.0901,0.0,0.0,448.0,0.0901,0.0901,0.0901,10000129,2015-04-22,2015-04-22,P,2.9,2015-04-08
5003,2015-04-08 14:24:00,2015-04-08,0.0901,0.0,0.0,448.0,0.0901,0.0901,0.0901,10000129,2015-04-22,2015-04-22,P,2.9,2015-04-08
5004,2015-04-08 14:25:00,2015-04-08,0.094,2820.0,3.0,448.0,0.094,0.094,0.094,10000129,2015-04-22,2015-04-22,P,2.9,2015-04-08
5005,2015-04-08 14:26:00,2015-04-08,0.0964,1924.0,2.0,448.0,0.096,0.0964,0.096,10000129,2015-04-22,2015-04-22,P,2.9,2015-04-08
5006,2015-04-08 14:27:00,2015-04-08,0.0964,0.0,0.0,448.0,0.0964,0.0964,0.0964,10000129,2015-04-22,2015-04-22,P,2.9,2015-04-08
5007,2015-04-08 14:28:00,2015-04-08,0.0964,0.0,0.0,448.0,0.0964,0.0964,0.0964,10000129,2015-04-22,2015-04-22,P,2.9,2015-04-08
5008,2015-04-08 14:29:00,2015-04-08,0.0964,0.0,0.0,448.0,0.0964,0.0964,0.0964,10000129,2015-04-22,2015-04-22,P,2.9,2015-04-08
5009,2015-04-08 14:30:00,2015-04-08,0.0964,0.0,0.0,448.0,0.0964,0.0964,0.0964,10000129,2015-04-22,2015-04-22,P,2.9,2015-04-08
5010,2015-04-08 14:31:00,2015-04-08,0.0964,0.0,0.0,448.0,0.0964,0.0964,0.0964,10000129,2015-04-22,2015-04-22,P,2.9,2015-04-08
5011,2015-04-08 14:32:00,2015-04-08,0.0947,1894.0,2.0,450.0,0.0947,0.0947,0.0947,10000129,2015-04-22,2015-04-22,P,2.9,2015-04-08
5012,2015-04-08 14:33:00,2015-04-08,0.0937,9335.0,10.0,454.0,0.093,0.0937,0.093,10000129,2015-04-22,2015-04-22,P,2.9,2015-04-08
5013,2015-04-08 14:34:00,2015-04-08,0.0937,4685.0,5.0,459.0,0.0937,0.0937,0.0937,10000129,2015-04-22,2015-04-22,P,2.9,2015-04-08
5014,2015-04-08 14:35:00,2015-04-08,0.0915,915.0,1.0,460.0,0.0915,0.0915,0.0915,10000129,2015-04-22,2015-04-22,P,2.9,2015-04-08
5015,2015-04-08 14:36:00,2015-04-08,0.0914,2716.0,3.0,460.0,0.0901,0.0914,0.0901,10000129,2015-04-22,2015-04-22,P,2.9,2015-04-08
5016,2015-04-08 14:37:00,2015-04-08,0.0914,0.0,0.0,460.0,0.0914,0.0914,0.0914,10000129,2015-04-22,2015-04-22,P,2.9,2015-04-08
5017,2015-04-08 14:38:00,2015-04-08,0.0914,0.0,0.0,460.0,0.0914,0.0914,0.0914,10000129,2015-04-22,2015-04-22,P,2.9,2015-04-08
5018,2015-04-08 14:39:00,2015-04-08,0.09,9000.0,10.0,470.0,0.09,0.09,0.09,10000129,2015-04-22,2015-04-22,P,2.9,2015-04-08
5019,2015-04-08 14:40:00,2015-04-08,0.09,0.0,0.0,470.0,0.09,0.09,0.09,10000129,2015-04-22,2015-04-22,P,2.9,2015-04-08
5020,2015-04-08 14:41:00,2015-04-08,0.09,0.0,0.0,470.0,0.09,0.09,0.09,10000129,2015-04-22,2015-04-22,P,2.9,2015-04-08
5021,2015-04-08 14:42:00,2015-04-08,0.09,0.0,0.0,470.0,0.09,0.09,0.09,10000129,2015-04-22,2015-04-22,P,2.9,2015-04-08
5022,2015-04-08 14:43:00,2015-04-08,0.09,0.0,0.0,470.0,0.09,0.09,0.09,10000129,2015-04-22,2015-04-22,P,2.9,2015-04-08
5023,2015-04-08 14:44:00,2015-04-08,0.09,0.0,0.0,470.0,0.09,0.09,0.09,10000129,2015-04-22,2015-04-22,P,2.9,2015-04-08
5024,2015-04-08 14:45:00,2015-04-08,0.0856,13576.0,16.0,470.0,0.0848,0.0856,0.0848,10000129,2015-04-22,2015-04-22,P,2.9,2015-04-08
5025,2015-04-08 14:46:00,2015-04-08,0.0856,0.0,0.0,470.0,0.0856,0.0856,0.0856,10000129,2015-04-22,2015-04-22,P,2.9,2015-04-08
5026,2015-04-08 14:47:00,2015-04-08,0.0843,843.0,1.0,470.0,0.0843,0.0843,0.0843,10000129,2015-04-22,2015-04-22,P,2.9,2015-04-08
5027,2015-04-08 14:48:00,2015-04-08,0.0843,0.0,0.0,470.0,0.0843,0.0843,0.0843,10000129,2015-04-22,2015-04-22,P,2.9,2015-04-08
5028,2015-04-08 14:49:00,2015-04-08,0.0862,5958.0,7.0,472.0,0.0862,0.0824,0.0824,10000129,2015-04-22,2015-04-22,P,2.9,2015-04-08
5029,2015-04-08 14:50:00,2015-04-08,0.0824,0.0,0.0,472.0,0.0824,0.0824,0.0824,10000129,2015-04-22,2015-04-22,P,2.9,2015-04-08
5030,2015-04-08 14:51:00,2015-04-08,0.0824,0.0,0.0,472.0,0.0824,0.0824,0.0824,10000129,2015-04-22,2015-04-22,P,2.9,2015-04-08
5031,2015-04-08 14:52:00,2015-04-08,0.0824,0.0,0.0,472.0,0.0824,0.0824,0.0824,10000129,2015-04-22,2015-04-22,P,2.9,2015-04-08
5032,2015-04-08 14:53:00,2015-04-08,0.0855,1710.0,2.0,474.0,0.0855,0.0855,0.0855,10000129,2015-04-22,2015-04-22,P,2.9,2015-04-08
5033,2015-04-08 14:54:00,2015-04-08,0.0855,0.0,0.0,474.0,0.0855,0.0855,0.0855,10000129,2015-04-22,2015-04-22,P,2.9,2015-04-08
5034,2015-04-08 14:55:00,2015-04-08,0.0855,0.0,0.0,474.0,0.0855,0.0855,0.0855,10000129,2015-04-22,2015-04-22,P,2.9,2015-04-08
5035,2015-04-08 14:56:00,2015-04-08,0.0855,0.0,0.0,474.0,0.0855,0.0855,0.0855,10000129,2015-04-22,2015-04-22,P,2.9,2015-04-08
5036,2015-04-08 14:57:00,2015-04-08,0.0855,0.0,0.0,474.0,0.0855,0.0855,0.0855,10000129,2015-04-22,2015-04-22,P,2.9,2015-04-08
5037,2015-04-08 14:58:00,2015-04-08,0.0855,0.0,0.0,474.0,0.0855,0.0855,0.0855,10000129,2015-04-22,2015-04-22,P,2.9,2015-04-08
5038,2015-04-08 14:59:00,2015-04-08,0.0855,0.0,0.0,474.0,0.0855,0.0855,0.0855,10000129,2015-04-22,2015-04-22,P,2.9,2015-04-08
5039,2015-04-08 15:00:00,2015-04-08,0.0858,858.0,1.0,381.0,0.0858,0.0858,0.0858,10000129,2015-04-22,2015-04-22,P,2.9,2015-04-08
5040,2015-04-08 09:31:00,2015-04-08,0.1691,8455.0,5.0,5.0,0.1691,0.1691,0.1691,10000133,2015-05-27,2015-05-27,P,2.9,2015-04-08
5041,2015-04-08 09:32:00,2015-04-08,0.1691,0.0,0.0,5.0,0.1691,0.1691,0.1691,10000133,2015-05-27,2015-05-27,P,2.9,2015-04-08
5042,2015-04-08 09:33:00,2015-04-08,0.1691,0.0,0.0,5.0,0.1691,0.1691,0.1691,10000133,2015-05-27,2015-05-27,P,2.9,2015-04-08
5043,2015-04-08 09:34:00,2015-04-08,0.1691,0.0,0.0,5.0,0.1691,0.1691,0.1691,10000133,2015-05-27,2015-05-27,P,2.9,2015-04-08
5044,2015-04-08 09:35:00,2015-04-08,0.1691,0.0,0.0,5.0,0.1691,0.1691,0.1691,10000133,2015-05-27,2015-05-27,P,2.9,2015-04-08
5045,2015-04-08 09:36:00,2015-04-08,0.1691,0.0,0.0,5.0,0.1691,0.1691,0.1691,10000133,2015-05-27,2015-05-27,P,2.9,2015-04-08
5046,2015-04-08 09:37:00,2015-04-08,0.1691,0.0,0.0,5.0,0.1691,0.1691,0.1691,10000133,2015-05-27,2015-05-27,P,2.9,2015-04-08
5047,2015-04-08 09:38:00,2015-04-08,0.1691,0.0,0.0,5.0,0.1691,0.1691,0.1691,10000133,2015-05-27,2015-05-27,P,2.9,2015-04-08
5048,2015-04-08 09:39:00,2015-04-08,0.1691,0.0,0.0,5.0,0.1691,0.1691,0.1691,10000133,2015-05-27,2015-05-27,P,2.9,2015-04-08
5049,2015-04-08 09:40:00,2015-04-08,0.1691,0.0,0.0,5.0,0.1691,0.1691,0.1691,10000133,2015-05-27,2015-05-27,P,2.9,2015-04-08
5050,2015-04-08 09:41:00,2015-04-08,0.1691,0.0,0.0,5.0,0.1691,0.1691,0.1691,10000133,2015-05-27,2015-05-27,P,2.9,2015-04-08
5051,2015-04-08 09:42:00,2015-04-08,0.1691,0.0,0.0,5.0,0.1691,0.1691,0.1691,10000133,2015-05-27,2015-05-27,P,2.9,2015-04-08
5052,2015-04-08 09:43:00,2015-04-08,0.1691,0.0,0.0,5.0,0.1691,0.1691,0.1691,10000133,2015-05-27,2015-05-27,P,2.9,2015-04-08
5053,2015-04-08 09:44:00,2015-04-08,0.1691,0.0,0.0,5.0,0.1691,0.1691,0.1691,10000133,2015-05-27,2015-05-27,P,2.9,2015-04-08
5054,2015-04-08 09:45:00,2015-04-08,0.1691,0.0,0.0,5.0,0.1691,0.1691,0.1691,10000133,2015-05-27,2015-05-27,P,2.9,2015-04-08
5055,2015-04-08 09:46:00,2015-04-08,0.1691,0.0,0.0,5.0,0.1691,0.1691,0.1691,10000133,2015-05-27,2015-05-27,P,2.9,2015-04-08
5056,2015-04-08 09:47:00,2015-04-08,0.1691,0.0,0.0,5.0,0.1691,0.1691,0.1691,10000133,2015-05-27,2015-05-27,P,2.9,2015-04-08
5057,2015-04-08 09:48:00,2015-04-08,0.1691,0.0,0.0,5.0,0.1691,0.1691,0.1691,10000133,2015-05-27,2015-05-27,P,2.9,2015-04-08
5058,2015-04-08 09:49:00,2015-04-08,0.1691,0.0,0.0,5.0,0.1691,0.1691,0.1691,10000133,2015-05-27,2015-05-27,P,2.9,2015-04-08
5059,2015-04-08 09:50:00,2015-04-08,0.1691,0.0,0.0,5.0,0.1691,0.1691,0.1691,10000133,2015-05-27,2015-05-27,P,2.9,2015-04-08
5060,2015-04-08 09:51:00,2015-04-08,0.1691,0.0,0.0,5.0,0.1691,0.1691,0.1691,10000133,2015-05-27,2015-05-27,P,2.9,2015-04-08
5061,2015-04-08 09:52:00,2015-04-08,0.1691,0.0,0.0,5.0,0.1691,0.1691,0.1691,10000133,2015-05-27,2015-05-27,P,2.9,2015-04-08
5062,2015-04-08 09:53:00,2015-04-08,0.1691,8455.0,5.0,10.0,0.1691,0.1691,0.1691,10000133,2015-05-27,2015-05-27,P,2.9,2015-04-08
5063,2015-04-08 09:54:00,2015-04-08,0.1691,0.0,0.0,10.0,0.1691,0.1691,0.1691,10000133,2015-05-27,2015-05-27,P,2.9,2015-04-08
5064,2015-04-08 09:55:00,2015-04-08,0.1691,0.0,0.0,10.0,0.1691,0.1691,0.1691,10000133,2015-05-27,2015-05-27,P,2.9,2015-04-08
5065,2015-04-08 09:56:00,2015-04-08,0.1691,0.0,0.0,10.0,0.1691,0.1691,0.1691,10000133,2015-05-27,2015-05-27,P,2.9,2015-04-08
5066,2015-04-08 09:57:00,2015-04-08,0.1691,0.0,0.0,10.0,0.1691,0.1691,0.1691,10000133,2015-05-27,2015-05-27,P,2.9,2015-04-08
5067,2015-04-08 09:58:00,2015-04-08,0.1691,0.0,0.0,10.0,0.1691,0.1691,0.1691,10000133,2015-05-27,2015-05-27,P,2.9,2015-04-08
5068,2015-04-08 09:59:00,2015-04-08,0.1691,0.0,0.0,10.0,0.1691,0.1691,0.1691,10000133,2015-05-27,2015-05-27,P,2.9,2015-04-08
5069,2015-04-08 10:00:00,2015-04-08,0.1691,0.0,0.0,10.0,0.1691,0.1691,0.1691,10000133,2015-05-27,2015-05-27,P,2.9,2015-04-08
5070,2015-04-08 10:01:00,2015-04-08,0.1691,0.0,0.0,10.0,0.1691,0.1691,0.1691,10000133,2015-05-27,2015-05-27,P,2.9,2015-04-08
5071,2015-04-08 10:02:00,2015-04-08,0.1691,0.0,0.0,10.0,0.1691,0.1691,0.1691,10000133,2015-05-27,2015-05-27,P,2.9,2015-04-08
5072,2015-04-08 10:03:00,2015-04-08,0.1691,0.0,0.0,10.0,0.1691,0.1691,0.1691,10000133,2015-05-27,2015-05-27,P,2.9,2015-04-08
5073,2015-04-08 10:04:00,2015-04-08,0.1691,0.0,0.0,10.0,0.1691,0.1691,0.1691,10000133,2015-05-27,2015-05-27,P,2.9,2015-04-08
5074,2015-04-08 10:05:00,2015-04-08,0.1691,0.0,0.0,10.0,0.1691,0.1691,0.1691,10000133,2015-05-27,2015-05-27,P,2.9,2015-04-08
5075,2015-04-08 10:06:00,2015-04-08,0.1691,0.0,0.0,10.0,0.1691,0.1691,0.1691,10000133,2015-05-27,2015-05-27,P,2.9,2015-04-08
5076,2015-04-08 10:07:00,2015-04-08,0.1691,0.0,0.0,10.0,0.1691,0.1691,0.1691,10000133,2015-05-27,2015-05-27,P,2.9,2015-04-08
5077,2015-04-08 10:08:00,2015-04-08,0.1691,0.0,0.0,10.0,0.1691,0.1691,0.1691,10000133,2015-05-27,2015-05-27,P,2.9,2015-04-08
5078,2015-04-08 10:09:00,2015-04-08,0.1691,0.0,0.0,10.0,0.1691,0.1691,0.1691,10000133,2015-05-27,2015-05-27,P,2.9,2015-04-08
5079,2015-04-08 10:10:00,2015-04-08,0.1691,0.0,0.0,10.0,0.1691,0.1691,0.1691,10000133,2015-05-27,2015-05-27,P,2.9,2015-04-08
5080,2015-04-08 10:11:00,2015-04-08,0.1691,0.0,0.0,10.0,0.1691,0.1691,0.1691,10000133,2015-05-27,2015-05-27,P,2.9,2015-04-08
5081,2015-04-08 10:12:00,2015-04-08,0.1691,0.0,0.0,10.0,0.1691,0.1691,0.1691,10000133,2015-05-27,2015-05-27,P,2.9,2015-04-08
5082,2015-04-08 10:13:00,2015-04-08,0.1691,0.0,0.0,10.0,0.1691,0.1691,0.1691,10000133,2015-05-27,2015-05-27,P,2.9,2015-04-08
5083,2015-04-08 10:14:00,2015-04-08,0.1691,0.0,0.0,10.0,0.1691,0.1691,0.1691,10000133,2015-05-27,2015-05-27,P,2.9,2015-04-08
5084,2015-04-08 10:15:00,2015-04-08,0.1691,0.0,0.0,10.0,0.1691,0.1691,0.1691,10000133,2015-05-27,2015-05-27,P,2.9,2015-04-08
5085,2015-04-08 10:16:00,2015-04-08,0.1691,0.0,0.0,10.0,0.1691,0.1691,0.1691,10000133,2015-05-27,2015-05-27,P,2.9,2015-04-08
5086,2015-04-08 10:17:00,2015-04-08,0.1691,0.0,0.0,10.0,0.1691,0.1691,0.1691,10000133,2015-05-27,2015-05-27,P,2.9,2015-04-08
5087,2015-04-08 10:18:00,2015-04-08,0.1691,0.0,0.0,10.0,0.1691,0.1691,0.1691,10000133,2015-05-27,2015-05-27,P,2.9,2015-04-08
5088,2015-04-08 10:19:00,2015-04-08,0.1691,0.0,0.0,10.0,0.1691,0.1691,0.1691,10000133,2015-05-27,2015-05-27,P,2.9,2015-04-08
5089,2015-04-08 10:20:00,2015-04-08,0.1691,0.0,0.0,10.0,0.1691,0.1691,0.1691,10000133,2015-05-27,2015-05-27,P,2.9,2015-04-08
5090,2015-04-08 10:21:00,2015-04-08,0.1691,0.0,0.0,10.0,0.1691,0.1691,0.1691,10000133,2015-05-27,2015-05-27,P,2.9,2015-04-08
5091,2015-04-08 10:22:00,2015-04-08,0.1691,0.0,0.0,10.0,0.1691,0.1691,0.1691,10000133,2015-05-27,2015-05-27,P,2.9,2015-04-08
5092,2015-04-08 10:23:00,2015-04-08,0.1691,0.0,0.0,10.0,0.1691,0.1691,0.1691,10000133,2015-05-27,2015-05-27,P,2.9,2015-04-08
5093,2015-04-08 10:24:00,2015-04-08,0.1691,0.0,0.0,10.0,0.1691,0.1691,0.1691,10000133,2015-05-27,2015-05-27,P,2.9,2015-04-08
5094,2015-04-08 10:25:00,2015-04-08,0.1691,0.0,0.0,10.0,0.1691,0.1691,0.1691,10000133,2015-05-27,2015-05-27,P,2.9,2015-04-08
5095,2015-04-08 10:26:00,2015-04-08,0.1691,0.0,0.0,10.0,0.1691,0.1691,0.1691,10000133,2015-05-27,2015-05-27,P,2.9,2015-04-08
5096,2015-04-08 10:27:00,2015-04-08,0.1691,0.0,0.0,10.0,0.1691,0.1691,0.1691,10000133,2015-05-27,2015-05-27,P,2.9,2015-04-08
5097,2015-04-08 10:28:00,2015-04-08,0.1691,0.0,0.0,10.0,0.1691,0.1691,0.1691,10000133,2015-05-27,2015-05-27,P,2.9,2015-04-08
5098,2015-04-08 10:29:00,2015-04-08,0.1691,0.0,0.0,10.0,0.1691,0.1691,0.1691,10000133,2015-05-27,2015-05-27,P,2.9,2015-04-08
5099,2015-04-08 10:30:00,2015-04-08,0.1691,0.0,0.0,10.0,0.1691,0.1691,0.1691,10000133,2015-05-27,2015-05-27,P,2.9,2015-04-08
5100,2015-04-08 10:31:00,2015-04-08,0.1691,0.0,0.0,10.0,0.1691,0.1691,0.1691,10000133,2015-05-27,2015-05-27,P,2.9,2015-04-08
5101,2015-04-08 10:32:00,2015-04-08,0.1691,0.0,0.0,10.0,0.1691,0.1691,0.1691,10000133,2015-05-27,2015-05-27,P,2.9,2015-04-08
5102,2015-04-08 10:33:00,2015-04-08,0.1691,0.0,0.0,10.0,0.1691,0.1691,0.1691,10000133,2015-05-27,2015-05-27,P,2.9,2015-04-08
5103,2015-04-08 10:34:00,2015-04-08,0.1691,0.0,0.0,10.0,0.1691,0.1691,0.1691,10000133,2015-05-27,2015-05-27,P,2.9,2015-04-08
5104,2015-04-08 10:35:00,2015-04-08,0.1691,0.0,0.0,10.0,0.1691,0.1691,0.1691,10000133,2015-05-27,2015-05-27,P,2.9,2015-04-08
5105,2015-04-08 10:36:00,2015-04-08,0.1691,0.0,0.0,10.0,0.1691,0.1691,0.1691,10000133,2015-05-27,2015-05-27,P,2.9,2015-04-08
5106,2015-04-08 10:37:00,2015-04-08,0.1691,0.0,0.0,10.0,0.1691,0.1691,0.1691,10000133,2015-05-27,2015-05-27,P,2.9,2015-04-08
5107,2015-04-08 10:38:00,2015-04-08,0.1691,0.0,0.0,10.0,0.1691,0.1691,0.1691,10000133,2015-05-27,2015-05-27,P,2.9,2015-04-08
5108,2015-04-08 10:39:00,2015-04-08,0.1691,0.0,0.0,10.0,0.1691,0.1691,0.1691,10000133,2015-05-27,2015-05-27,P,2.9,2015-04-08
5109,2015-04-08 10:40:00,2015-04-08,0.1691,0.0,0.0,10.0,0.1691,0.1691,0.1691,10000133,2015-05-27,2015-05-27,P,2.9,2015-04-08
5110,2015-04-08 10:41:00,2015-04-08,0.1691,0.0,0.0,10.0,0.1691,0.1691,0.1691,10000133,2015-05-27,2015-05-27,P,2.9,2015-04-08
5111,2015-04-08 10:42:00,2015-04-08,0.1691,0.0,0.0,10.0,0.1691,0.1691,0.1691,10000133,2015-05-27,2015-05-27,P,2.9,2015-04-08
5112,2015-04-08 10:43:00,2015-04-08,0.1691,0.0,0.0,10.0,0.1691,0.1691,0.1691,10000133,2015-05-27,2015-05-27,P,2.9,2015-04-08
5113,2015-04-08 10:44:00,2015-04-08,0.1691,0.0,0.0,10.0,0.1691,0.1691,0.1691,10000133,2015-05-27,2015-05-27,P,2.9,2015-04-08
5114,2015-04-08 10:45:00,2015-04-08,0.1691,0.0,0.0,10.0,0.1691,0.1691,0.1691,10000133,2015-05-27,2015-05-27,P,2.9,2015-04-08
5115,2015-04-08 10:46:00,2015-04-08,0.1691,0.0,0.0,10.0,0.1691,0.1691,0.1691,10000133,2015-05-27,2015-05-27,P,2.9,2015-04-08
5116,2015-04-08 10:47:00,2015-04-08,0.1639,3278.0,2.0,12.0,0.1639,0.1639,0.1639,10000133,2015-05-27,2015-05-27,P,2.9,2015-04-08
5117,2015-04-08 10:48:00,2015-04-08,0.1639,0.0,0.0,12.0,0.1639,0.1639,0.1639,10000133,2015-05-27,2015-05-27,P,2.9,2015-04-08
5118,2015-04-08 10:49:00,2015-04-08,0.1639,0.0,0.0,12.0,0.1639,0.1639,0.1639,10000133,2015-05-27,2015-05-27,P,2.9,2015-04-08
5119,2015-04-08 10:50:00,2015-04-08,0.1639,0.0,0.0,12.0,0.1639,0.1639,0.1639,10000133,2015-05-27,2015-05-27,P,2.9,2015-04-08
5120,2015-04-08 10:51:00,2015-04-08,0.1639,0.0,0.0,12.0,0.1639,0.1639,0.1639,10000133,2015-05-27,2015-05-27,P,2.9,2015-04-08
5121,2015-04-08 10:52:00,2015-04-08,0.1639,0.0,0.0,12.0,0.1639,0.1639,0.1639,10000133,2015-05-27,2015-05-27,P,2.9,2015-04-08
5122,2015-04-08 10:53:00,2015-04-08,0.1639,0.0,0.0,12.0,0.1639,0.1639,0.1639,10000133,2015-05-27,2015-05-27,P,2.9,2015-04-08
5123,2015-04-08 10:54:00,2015-04-08,0.1639,0.0,0.0,12.0,0.1639,0.1639,0.1639,10000133,2015-05-27,2015-05-27,P,2.9,2015-04-08
5124,2015-04-08 10:55:00,2015-04-08,0.1639,0.0,0.0,12.0,0.1639,0.1639,0.1639,10000133,2015-05-27,2015-05-27,P,2.9,2015-04-08
5125,2015-04-08 10:56:00,2015-04-08,0.1639,0.0,0.0,12.0,0.1639,0.1639,0.1639,10000133,2015-05-27,2015-05-27,P,2.9,2015-04-08
5126,2015-04-08 10:57:00,2015-04-08,0.1639,0.0,0.0,12.0,0.1639,0.1639,0.1639,10000133,2015-05-27,2015-05-27,P,2.9,2015-04-08
5127,2015-04-08 10:58:00,2015-04-08,0.1639,0.0,0.0,12.0,0.1639,0.1639,0.1639,10000133,2015-05-27,2015-05-27,P,2.9,2015-04-08
5128,2015-04-08 10:59:00,2015-04-08,0.1639,0.0,0.0,12.0,0.1639,0.1639,0.1639,10000133,2015-05-27,2015-05-27,P,2.9,2015-04-08
5129,2015-04-08 11:00:00,2015-04-08,0.1639,0.0,0.0,12.0,0.1639,0.1639,0.1639,10000133,2015-05-27,2015-05-27,P,2.9,2015-04-08
5130,2015-04-08 11:01:00,2015-04-08,0.1639,0.0,0.0,12.0,0.1639,0.1639,0.1639,10000133,2015-05-27,2015-05-27,P,2.9,2015-04-08
5131,2015-04-08 11:02:00,2015-04-08,0.1639,0.0,0.0,12.0,0.1639,0.1639,0.1639,10000133,2015-05-27,2015-05-27,P,2.9,2015-04-08
5132,2015-04-08 11:03:00,2015-04-08,0.1639,0.0,0.0,12.0,0.1639,0.1639,0.1639,10000133,2015-05-27,2015-05-27,P,2.9,2015-04-08
5133,2015-04-08 11:04:00,2015-04-08,0.1639,0.0,0.0,12.0,0.1639,0.1639,0.1639,10000133,2015-05-27,2015-05-27,P,2.9,2015-04-08
5134,2015-04-08 11:05:00,2015-04-08,0.1639,0.0,0.0,12.0,0.1639,0.1639,0.1639,10000133,2015-05-27,2015-05-27,P,2.9,2015-04-08
5135,2015-04-08 11:06:00,2015-04-08,0.1639,0.0,0.0,12.0,0.1639,0.1639,0.1639,10000133,2015-05-27,2015-05-27,P,2.9,2015-04-08
5136,2015-04-08 11:07:00,2015-04-08,0.1639,0.0,0.0,12.0,0.1639,0.1639,0.1639,10000133,2015-05-27,2015-05-27,P,2.9,2015-04-08
5137,2015-04-08 11:08:00,2015-04-08,0.1639,0.0,0.0,12.0,0.1639,0.1639,0.1639,10000133,2015-05-27,2015-05-27,P,2.9,2015-04-08
5138,2015-04-08 11:09:00,2015-04-08,0.1639,0.0,0.0,12.0,0.1639,0.1639,0.1639,10000133,2015-05-27,2015-05-27,P,2.9,2015-04-08
5139,2015-04-08 11:10:00,2015-04-08,0.1639,0.0,0.0,12.0,0.1639,0.1639,0.1639,10000133,2015-05-27,2015-05-27,P,2.9,2015-04-08
5140,2015-04-08 11:11:00,2015-04-08,0.1639,0.0,0.0,12.0,0.1639,0.1639,0.1639,10000133,2015-05-27,2015-05-27,P,2.9,2015-04-08
5141,2015-04-08 11:12:00,2015-04-08,0.1639,0.0,0.0,12.0,0.1639,0.1639,0.1639,10000133,2015-05-27,2015-05-27,P,2.9,2015-04-08
5142,2015-04-08 11:13:00,2015-04-08,0.1639,0.0,0.0,12.0,0.1639,0.1639,0.1639,10000133,2015-05-27,2015-05-27,P,2.9,2015-04-08
5143,2015-04-08 11:14:00,2015-04-08,0.1639,0.0,0.0,12.0,0.1639,0.1639,0.1639,10000133,2015-05-27,2015-05-27,P,2.9,2015-04-08
5144,2015-04-08 11:15:00,2015-04-08,0.1639,0.0,0.0,12.0,0.1639,0.1639,0.1639,10000133,2015-05-27,2015-05-27,P,2.9,2015-04-08
5145,2015-04-08 11:16:00,2015-04-08,0.1639,0.0,0.0,12.0,0.1639,0.1639,0.1639,10000133,2015-05-27,2015-05-27,P,2.9,2015-04-08
5146,2015-04-08 11:17:00,2015-04-08,0.1639,0.0,0.0,12.0,0.1639,0.1639,0.1639,10000133,2015-05-27,2015-05-27,P,2.9,2015-04-08
5147,2015-04-08 11:18:00,2015-04-08,0.1639,0.0,0.0,12.0,0.1639,0.1639,0.1639,10000133,2015-05-27,2015-05-27,P,2.9,2015-04-08
5148,2015-04-08 11:19:00,2015-04-08,0.1639,0.0,0.0,12.0,0.1639,0.1639,0.1639,10000133,2015-05-27,2015-05-27,P,2.9,2015-04-08
5149,2015-04-08 11:20:00,2015-04-08,0.1639,0.0,0.0,12.0,0.1639,0.1639,0.1639,10000133,2015-05-27,2015-05-27,P,2.9,2015-04-08
5150,2015-04-08 11:21:00,2015-04-08,0.1639,0.0,0.0,12.0,0.1639,0.1639,0.1639,10000133,2015-05-27,2015-05-27,P,2.9,2015-04-08
5151,2015-04-08 11:22:00,2015-04-08,0.1639,0.0,0.0,12.0,0.1639,0.1639,0.1639,10000133,2015-05-27,2015-05-27,P,2.9,2015-04-08
5152,2015-04-08 11:23:00,2015-04-08,0.1639,0.0,0.0,12.0,0.1639,0.1639,0.1639,10000133,2015-05-27,2015-05-27,P,2.9,2015-04-08
5153,2015-04-08 11:24:00,2015-04-08,0.1639,0.0,0.0,12.0,0.1639,0.1639,0.1639,10000133,2015-05-27,2015-05-27,P,2.9,2015-04-08
5154,2015-04-08 11:25:00,2015-04-08,0.1639,0.0,0.0,12.0,0.1639,0.1639,0.1639,10000133,2015-05-27,2015-05-27,P,2.9,2015-04-08
5155,2015-04-08 11:26:00,2015-04-08,0.1639,0.0,0.0,12.0,0.1639,0.1639,0.1639,10000133,2015-05-27,2015-05-27,P,2.9,2015-04-08
5156,2015-04-08 11:27:00,2015-04-08,0.1639,0.0,0.0,12.0,0.1639,0.1639,0.1639,10000133,2015-05-27,2015-05-27,P,2.9,2015-04-08
5157,2015-04-08 11:28:00,2015-04-08,0.1639,0.0,0.0,12.0,0.1639,0.1639,0.1639,10000133,2015-05-27,2015-05-27,P,2.9,2015-04-08
5158,2015-04-08 11:29:00,2015-04-08,0.1639,0.0,0.0,12.0,0.1639,0.1639,0.1639,10000133,2015-05-27,2015-05-27,P,2.9,2015-04-08
5159,2015-04-08 11:30:00,2015-04-08,0.1639,0.0,0.0,12.0,0.1639,0.1639,0.1639,10000133,2015-05-27,2015-05-27,P,2.9,2015-04-08
5160,2015-04-08 13:01:00,2015-04-08,0.1639,0.0,0.0,12.0,0.1639,0.1639,0.1639,10000133,2015-05-27,2015-05-27,P,2.9,2015-04-08
5161,2015-04-08 13:02:00,2015-04-08,0.1639,0.0,0.0,12.0,0.1639,0.1639,0.1639,10000133,2015-05-27,2015-05-27,P,2.9,2015-04-08
5162,2015-04-08 13:03:00,2015-04-08,0.1639,0.0,0.0,12.0,0.1639,0.1639,0.1639,10000133,2015-05-27,2015-05-27,P,2.9,2015-04-08
5163,2015-04-08 13:04:00,2015-04-08,0.1639,0.0,0.0,12.0,0.1639,0.1639,0.1639,10000133,2015-05-27,2015-05-27,P,2.9,2015-04-08
5164,2015-04-08 13:05:00,2015-04-08,0.1639,0.0,0.0,12.0,0.1639,0.1639,0.1639,10000133,2015-05-27,2015-05-27,P,2.9,2015-04-08
5165,2015-04-08 13:06:00,2015-04-08,0.1639,0.0,0.0,12.0,0.1639,0.1639,0.1639,10000133,2015-05-27,2015-05-27,P,2.9,2015-04-08
5166,2015-04-08 13:07:00,2015-04-08,0.1591,1591.0,1.0,13.0,0.1591,0.1591,0.1591,10000133,2015-05-27,2015-05-27,P,2.9,2015-04-08
5167,2015-04-08 13:08:00,2015-04-08,0.1591,0.0,0.0,13.0,0.1591,0.1591,0.1591,10000133,2015-05-27,2015-05-27,P,2.9,2015-04-08
5168,2015-04-08 13:09:00,2015-04-08,0.1591,0.0,0.0,13.0,0.1591,0.1591,0.1591,10000133,2015-05-27,2015-05-27,P,2.9,2015-04-08
5169,2015-04-08 13:10:00,2015-04-08,0.1591,0.0,0.0,13.0,0.1591,0.1591,0.1591,10000133,2015-05-27,2015-05-27,P,2.9,2015-04-08
5170,2015-04-08 13:11:00,2015-04-08,0.1591,0.0,0.0,13.0,0.1591,0.1591,0.1591,10000133,2015-05-27,2015-05-27,P,2.9,2015-04-08
5171,2015-04-08 13:12:00,2015-04-08,0.1591,0.0,0.0,13.0,0.1591,0.1591,0.1591,10000133,2015-05-27,2015-05-27,P,2.9,2015-04-08
5172,2015-04-08 13:13:00,2015-04-08,0.1591,0.0,0.0,13.0,0.1591,0.1591,0.1591,10000133,2015-05-27,2015-05-27,P,2.9,2015-04-08
5173,2015-04-08 13:14:00,2015-04-08,0.1591,0.0,0.0,13.0,0.1591,0.1591,0.1591,10000133,2015-05-27,2015-05-27,P,2.9,2015-04-08
5174,2015-04-08 13:15:00,2015-04-08,0.1591,0.0,0.0,13.0,0.1591,0.1591,0.1591,10000133,2015-05-27,2015-05-27,P,2.9,2015-04-08
5175,2015-04-08 13:16:00,2015-04-08,0.1591,0.0,0.0,13.0,0.1591,0.1591,0.1591,10000133,2015-05-27,2015-05-27,P,2.9,2015-04-08
5176,2015-04-08 13:17:00,2015-04-08,0.1591,0.0,0.0,13.0,0.1591,0.1591,0.1591,10000133,2015-05-27,2015-05-27,P,2.9,2015-04-08
5177,2015-04-08 13:18:00,2015-04-08,0.1591,0.0,0.0,13.0,0.1591,0.1591,0.1591,10000133,2015-05-27,2015-05-27,P,2.9,2015-04-08
5178,2015-04-08 13:19:00,2015-04-08,0.1591,0.0,0.0,13.0,0.1591,0.1591,0.1591,10000133,2015-05-27,2015-05-27,P,2.9,2015-04-08
5179,2015-04-08 13:20:00,2015-04-08,0.1591,0.0,0.0,13.0,0.1591,0.1591,0.1591,10000133,2015-05-27,2015-05-27,P,2.9,2015-04-08
5180,2015-04-08 13:21:00,2015-04-08,0.1493,2986.0,2.0,15.0,0.1493,0.1493,0.1493,10000133,2015-05-27,2015-05-27,P,2.9,2015-04-08
5181,2015-04-08 13:22:00,2015-04-08,0.1493,0.0,0.0,15.0,0.1493,0.1493,0.1493,10000133,2015-05-27,2015-05-27,P,2.9,2015-04-08
5182,2015-04-08 13:23:00,2015-04-08,0.1493,0.0,0.0,15.0,0.1493,0.1493,0.1493,10000133,2015-05-27,2015-05-27,P,2.9,2015-04-08
5183,2015-04-08 13:24:00,2015-04-08,0.1493,0.0,0.0,15.0,0.1493,0.1493,0.1493,10000133,2015-05-27,2015-05-27,P,2.9,2015-04-08
5184,2015-04-08 13:25:00,2015-04-08,0.1493,0.0,0.0,15.0,0.1493,0.1493,0.1493,10000133,2015-05-27,2015-05-27,P,2.9,2015-04-08
5185,2015-04-08 13:26:00,2015-04-08,0.1493,0.0,0.0,15.0,0.1493,0.1493,0.1493,10000133,2015-05-27,2015-05-27,P,2.9,2015-04-08
5186,2015-04-08 13:27:00,2015-04-08,0.1493,0.0,0.0,15.0,0.1493,0.1493,0.1493,10000133,2015-05-27,2015-05-27,P,2.9,2015-04-08
5187,2015-04-08 13:28:00,2015-04-08,0.1493,0.0,0.0,15.0,0.1493,0.1493,0.1493,10000133,2015-05-27,2015-05-27,P,2.9,2015-04-08
5188,2015-04-08 13:29:00,2015-04-08,0.1493,0.0,0.0,15.0,0.1493,0.1493,0.1493,10000133,2015-05-27,2015-05-27,P,2.9,2015-04-08
5189,2015-04-08 13:30:00,2015-04-08,0.1493,0.0,0.0,15.0,0.1493,0.1493,0.1493,10000133,2015-05-27,2015-05-27,P,2.9,2015-04-08
5190,2015-04-08 13:31:00,2015-04-08,0.1493,0.0,0.0,15.0,0.1493,0.1493,0.1493,10000133,2015-05-27,2015-05-27,P,2.9,2015-04-08
5191,2015-04-08 13:32:00,2015-04-08,0.1493,0.0,0.0,15.0,0.1493,0.1493,0.1493,10000133,2015-05-27,2015-05-27,P,2.9,2015-04-08
5192,2015-04-08 13:33:00,2015-04-08,0.1493,0.0,0.0,15.0,0.1493,0.1493,0.1493,10000133,2015-05-27,2015-05-27,P,2.9,2015-04-08
5193,2015-04-08 13:34:00,2015-04-08,0.1493,0.0,0.0,15.0,0.1493,0.1493,0.1493,10000133,2015-05-27,2015-05-27,P,2.9,2015-04-08
5194,2015-04-08 13:35:00,2015-04-08,0.1493,0.0,0.0,15.0,0.1493,0.1493,0.1493,10000133,2015-05-27,2015-05-27,P,2.9,2015-04-08
5195,2015-04-08 13:36:00,2015-04-08,0.1493,0.0,0.0,15.0,0.1493,0.1493,0.1493,10000133,2015-05-27,2015-05-27,P,2.9,2015-04-08
5196,2015-04-08 13:37:00,2015-04-08,0.1493,0.0,0.0,15.0,0.1493,0.1493,0.1493,10000133,2015-05-27,2015-05-27,P,2.9,2015-04-08
5197,2015-04-08 13:38:00,2015-04-08,0.142,14200.0,10.0,15.0,0.142,0.142,0.142,10000133,2015-05-27,2015-05-27,P,2.9,2015-04-08
5198,2015-04-08 13:39:00,2015-04-08,0.142,0.0,0.0,15.0,0.142,0.142,0.142,10000133,2015-05-27,2015-05-27,P,2.9,2015-04-08
5199,2015-04-08 13:40:00,2015-04-08,0.142,0.0,0.0,15.0,0.142,0.142,0.142,10000133,2015-05-27,2015-05-27,P,2.9,2015-04-08
5200,2015-04-08 13:41:00,2015-04-08,0.142,0.0,0.0,15.0,0.142,0.142,0.142,10000133,2015-05-27,2015-05-27,P,2.9,2015-04-08
5201,2015-04-08 13:42:00,2015-04-08,0.142,0.0,0.0,15.0,0.142,0.142,0.142,10000133,2015-05-27,2015-05-27,P,2.9,2015-04-08
5202,2015-04-08 13:43:00,2015-04-08,0.142,0.0,0.0,15.0,0.142,0.142,0.142,10000133,2015-05-27,2015-05-27,P,2.9,2015-04-08
5203,2015-04-08 13:44:00,2015-04-08,0.142,0.0,0.0,15.0,0.142,0.142,0.142,10000133,2015-05-27,2015-05-27,P,2.9,2015-04-08
5204,2015-04-08 13:45:00,2015-04-08,0.142,0.0,0.0,15.0,0.142,0.142,0.142,10000133,2015-05-27,2015-05-27,P,2.9,2015-04-08
5205,2015-04-08 13:46:00,2015-04-08,0.142,0.0,0.0,15.0,0.142,0.142,0.142,10000133,2015-05-27,2015-05-27,P,2.9,2015-04-08
5206,2015-04-08 13:47:00,2015-04-08,0.142,0.0,0.0,15.0,0.142,0.142,0.142,10000133,2015-05-27,2015-05-27,P,2.9,2015-04-08
5207,2015-04-08 13:48:00,2015-04-08,0.142,0.0,0.0,15.0,0.142,0.142,0.142,10000133,2015-05-27,2015-05-27,P,2.9,2015-04-08
5208,2015-04-08 13:49:00,2015-04-08,0.142,0.0,0.0,15.0,0.142,0.142,0.142,10000133,2015-05-27,2015-05-27,P,2.9,2015-04-08
5209,2015-04-08 13:50:00,2015-04-08,0.142,0.0,0.0,15.0,0.142,0.142,0.142,10000133,2015-05-27,2015-05-27,P,2.9,2015-04-08
5210,2015-04-08 13:51:00,2015-04-08,0.142,0.0,0.0,15.0,0.142,0.142,0.142,10000133,2015-05-27,2015-05-27,P,2.9,2015-04-08
5211,2015-04-08 13:52:00,2015-04-08,0.142,0.0,0.0,15.0,0.142,0.142,0.142,10000133,2015-05-27,2015-05-27,P,2.9,2015-04-08
5212,2015-04-08 13:53:00,2015-04-08,0.142,0.0,0.0,15.0,0.142,0.142,0.142,10000133,2015-05-27,2015-05-27,P,2.9,2015-04-08
5213,2015-04-08 13:54:00,2015-04-08,0.142,0.0,0.0,15.0,0.142,0.142,0.142,10000133,2015-05-27,2015-05-27,P,2.9,2015-04-08
5214,2015-04-08 13:55:00,2015-04-08,0.142,0.0,0.0,15.0,0.142,0.142,0.142,10000133,2015-05-27,2015-05-27,P,2.9,2015-04-08
5215,2015-04-08 13:56:00,2015-04-08,0.142,0.0,0.0,15.0,0.142,0.142,0.142,10000133,2015-05-27,2015-05-27,P,2.9,2015-04-08
5216,2015-04-08 13:57:00,2015-04-08,0.142,0.0,0.0,15.0,0.142,0.142,0.142,10000133,2015-05-27,2015-05-27,P,2.9,2015-04-08
5217,2015-04-08 13:58:00,2015-04-08,0.142,0.0,0.0,15.0,0.142,0.142,0.142,10000133,2015-05-27,2015-05-27,P,2.9,2015-04-08
5218,2015-04-08 13:59:00,2015-04-08,0.142,0.0,0.0,15.0,0.142,0.142,0.142,10000133,2015-05-27,2015-05-27,P,2.9,2015-04-08
5219,2015-04-08 14:00:00,2015-04-08,0.142,0.0,0.0,15.0,0.142,0.142,0.142,10000133,2015-05-27,2015-05-27,P,2.9,2015-04-08
5220,2015-04-08 14:01:00,2015-04-08,0.142,0.0,0.0,15.0,0.142,0.142,0.142,10000133,2015-05-27,2015-05-27,P,2.9,2015-04-08
5221,2015-04-08 14:02:00,2015-04-08,0.142,0.0,0.0,15.0,0.142,0.142,0.142,10000133,2015-05-27,2015-05-27,P,2.9,2015-04-08
5222,2015-04-08 14:03:00,2015-04-08,0.142,0.0,0.0,15.0,0.142,0.142,0.142,10000133,2015-05-27,2015-05-27,P,2.9,2015-04-08
5223,2015-04-08 14:04:00,2015-04-08,0.142,0.0,0.0,15.0,0.142,0.142,0.142,10000133,2015-05-27,2015-05-27,P,2.9,2015-04-08
5224,2015-04-08 14:05:00,2015-04-08,0.142,0.0,0.0,15.0,0.142,0.142,0.142,10000133,2015-05-27,2015-05-27,P,2.9,2015-04-08
5225,2015-04-08 14:06:00,2015-04-08,0.142,0.0,0.0,15.0,0.142,0.142,0.142,10000133,2015-05-27,2015-05-27,P,2.9,2015-04-08
5226,2015-04-08 14:07:00,2015-04-08,0.142,0.0,0.0,15.0,0.142,0.142,0.142,10000133,2015-05-27,2015-05-27,P,2.9,2015-04-08
5227,2015-04-08 14:08:00,2015-04-08,0.1528,4584.0,3.0,18.0,0.1528,0.1528,0.1528,10000133,2015-05-27,2015-05-27,P,2.9,2015-04-08
5228,2015-04-08 14:09:00,2015-04-08,0.1528,0.0,0.0,18.0,0.1528,0.1528,0.1528,10000133,2015-05-27,2015-05-27,P,2.9,2015-04-08
5229,2015-04-08 14:10:00,2015-04-08,0.1528,0.0,0.0,18.0,0.1528,0.1528,0.1528,10000133,2015-05-27,2015-05-27,P,2.9,2015-04-08
5230,2015-04-08 14:11:00,2015-04-08,0.1528,0.0,0.0,18.0,0.1528,0.1528,0.1528,10000133,2015-05-27,2015-05-27,P,2.9,2015-04-08
5231,2015-04-08 14:12:00,2015-04-08,0.1528,0.0,0.0,18.0,0.1528,0.1528,0.1528,10000133,2015-05-27,2015-05-27,P,2.9,2015-04-08
5232,2015-04-08 14:13:00,2015-04-08,0.1528,0.0,0.0,18.0,0.1528,0.1528,0.1528,10000133,2015-05-27,2015-05-27,P,2.9,2015-04-08
5233,2015-04-08 14:14:00,2015-04-08,0.1528,0.0,0.0,18.0,0.1528,0.1528,0.1528,10000133,2015-05-27,2015-05-27,P,2.9,2015-04-08
5234,2015-04-08 14:15:00,2015-04-08,0.1528,0.0,0.0,18.0,0.1528,0.1528,0.1528,10000133,2015-05-27,2015-05-27,P,2.9,2015-04-08
5235,2015-04-08 14:16:00,2015-04-08,0.1528,0.0,0.0,18.0,0.1528,0.1528,0.1528,10000133,2015-05-27,2015-05-27,P,2.9,2015-04-08
5236,2015-04-08 14:17:00,2015-04-08,0.1528,0.0,0.0,18.0,0.1528,0.1528,0.1528,10000133,2015-05-27,2015-05-27,P,2.9,2015-04-08
5237,2015-04-08 14:18:00,2015-04-08,0.1528,0.0,0.0,18.0,0.1528,0.1528,0.1528,10000133,2015-05-27,2015-05-27,P,2.9,2015-04-08
5238,2015-04-08 14:19:00,2015-04-08,0.1528,0.0,0.0,18.0,0.1528,0.1528,0.1528,10000133,2015-05-27,2015-05-27,P,2.9,2015-04-08
5239,2015-04-08 14:20:00,2015-04-08,0.1528,0.0,0.0,18.0,0.1528,0.1528,0.1528,10000133,2015-05-27,2015-05-27,P,2.9,2015-04-08
5240,2015-04-08 14:21:00,2015-04-08,0.1528,0.0,0.0,18.0,0.1528,0.1528,0.1528,10000133,2015-05-27,2015-05-27,P,2.9,2015-04-08
5241,2015-04-08 14:22:00,2015-04-08,0.1528,0.0,0.0,18.0,0.1528,0.1528,0.1528,10000133,2015-05-27,2015-05-27,P,2.9,2015-04-08
5242,2015-04-08 14:23:00,2015-04-08,0.1528,0.0,0.0,18.0,0.1528,0.1528,0.1528,10000133,2015-05-27,2015-05-27,P,2.9,2015-04-08
5243,2015-04-08 14:24:00,2015-04-08,0.1528,0.0,0.0,18.0,0.1528,0.1528,0.1528,10000133,2015-05-27,2015-05-27,P,2.9,2015-04-08
5244,2015-04-08 14:25:00,2015-04-08,0.1528,0.0,0.0,18.0,0.1528,0.1528,0.1528,10000133,2015-05-27,2015-05-27,P,2.9,2015-04-08
5245,2015-04-08 14:26:00,2015-04-08,0.1528,0.0,0.0,18.0,0.1528,0.1528,0.1528,10000133,2015-05-27,2015-05-27,P,2.9,2015-04-08
5246,2015-04-08 14:27:00,2015-04-08,0.1646,3292.0,2.0,20.0,0.1646,0.1646,0.1646,10000133,2015-05-27,2015-05-27,P,2.9,2015-04-08
5247,2015-04-08 14:28:00,2015-04-08,0.1646,0.0,0.0,20.0,0.1646,0.1646,0.1646,10000133,2015-05-27,2015-05-27,P,2.9,2015-04-08
5248,2015-04-08 14:29:00,2015-04-08,0.1646,0.0,0.0,20.0,0.1646,0.1646,0.1646,10000133,2015-05-27,2015-05-27,P,2.9,2015-04-08
5249,2015-04-08 14:30:00,2015-04-08,0.1645,1645.0,1.0,21.0,0.1645,0.1645,0.1645,10000133,2015-05-27,2015-05-27,P,2.9,2015-04-08
5250,2015-04-08 14:31:00,2015-04-08,0.1645,0.0,0.0,21.0,0.1645,0.1645,0.1645,10000133,2015-05-27,2015-05-27,P,2.9,2015-04-08
5251,2015-04-08 14:32:00,2015-04-08,0.1645,0.0,0.0,21.0,0.1645,0.1645,0.1645,10000133,2015-05-27,2015-05-27,P,2.9,2015-04-08
5252,2015-04-08 14:33:00,2015-04-08,0.1645,0.0,0.0,21.0,0.1645,0.1645,0.1645,10000133,2015-05-27,2015-05-27,P,2.9,2015-04-08
5253,2015-04-08 14:34:00,2015-04-08,0.1645,0.0,0.0,21.0,0.1645,0.1645,0.1645,10000133,2015-05-27,2015-05-27,P,2.9,2015-04-08
5254,2015-04-08 14:35:00,2015-04-08,0.1645,0.0,0.0,21.0,0.1645,0.1645,0.1645,10000133,2015-05-27,2015-05-27,P,2.9,2015-04-08
5255,2015-04-08 14:36:00,2015-04-08,0.1645,0.0,0.0,21.0,0.1645,0.1645,0.1645,10000133,2015-05-27,2015-05-27,P,2.9,2015-04-08
5256,2015-04-08 14:37:00,2015-04-08,0.1555,3110.0,2.0,23.0,0.1555,0.1555,0.1555,10000133,2015-05-27,2015-05-27,P,2.9,2015-04-08
5257,2015-04-08 14:38:00,2015-04-08,0.1555,0.0,0.0,23.0,0.1555,0.1555,0.1555,10000133,2015-05-27,2015-05-27,P,2.9,2015-04-08
5258,2015-04-08 14:39:00,2015-04-08,0.1555,0.0,0.0,23.0,0.1555,0.1555,0.1555,10000133,2015-05-27,2015-05-27,P,2.9,2015-04-08
5259,2015-04-08 14:40:00,2015-04-08,0.1555,0.0,0.0,23.0,0.1555,0.1555,0.1555,10000133,2015-05-27,2015-05-27,P,2.9,2015-04-08
5260,2015-04-08 14:41:00,2015-04-08,0.1555,0.0,0.0,23.0,0.1555,0.1555,0.1555,10000133,2015-05-27,2015-05-27,P,2.9,2015-04-08
5261,2015-04-08 14:42:00,2015-04-08,0.1555,0.0,0.0,23.0,0.1555,0.1555,0.1555,10000133,2015-05-27,2015-05-27,P,2.9,2015-04-08
5262,2015-04-08 14:43:00,2015-04-08,0.1575,3150.0,2.0,25.0,0.1575,0.1575,0.1575,10000133,2015-05-27,2015-05-27,P,2.9,2015-04-08
5263,2015-04-08 14:44:00,2015-04-08,0.1575,0.0,0.0,25.0,0.1575,0.1575,0.1575,10000133,2015-05-27,2015-05-27,P,2.9,2015-04-08
5264,2015-04-08 14:45:00,2015-04-08,0.1505,1505.0,1.0,26.0,0.1505,0.1505,0.1505,10000133,2015-05-27,2015-05-27,P,2.9,2015-04-08
5265,2015-04-08 14:46:00,2015-04-08,0.1521,1521.0,1.0,27.0,0.1521,0.1521,0.1521,10000133,2015-05-27,2015-05-27,P,2.9,2015-04-08
5266,2015-04-08 14:47:00,2015-04-08,0.1521,1521.0,1.0,28.0,0.1521,0.1521,0.1521,10000133,2015-05-27,2015-05-27,P,2.9,2015-04-08
5267,2015-04-08 14:48:00,2015-04-08,0.1521,0.0,0.0,28.0,0.1521,0.1521,0.1521,10000133,2015-05-27,2015-05-27,P,2.9,2015-04-08
5268,2015-04-08 14:49:00,2015-04-08,0.1521,0.0,0.0,28.0,0.1521,0.1521,0.1521,10000133,2015-05-27,2015-05-27,P,2.9,2015-04-08
5269,2015-04-08 14:50:00,2015-04-08,0.1521,0.0,0.0,28.0,0.1521,0.1521,0.1521,10000133,2015-05-27,2015-05-27,P,2.9,2015-04-08
5270,2015-04-08 14:51:00,2015-04-08,0.1521,0.0,0.0,28.0,0.1521,0.1521,0.1521,10000133,2015-05-27,2015-05-27,P,2.9,2015-04-08
5271,2015-04-08 14:52:00,2015-04-08,0.1521,0.0,0.0,28.0,0.1521,0.1521,0.1521,10000133,2015-05-27,2015-05-27,P,2.9,2015-04-08
5272,2015-04-08 14:53:00,2015-04-08,0.1521,0.0,0.0,28.0,0.1521,0.1521,0.1521,10000133,2015-05-27,2015-05-27,P,2.9,2015-04-08
5273,2015-04-08 14:54:00,2015-04-08,0.1521,0.0,0.0,28.0,0.1521,0.1521,0.1521,10000133,2015-05-27,2015-05-27,P,2.9,2015-04-08
5274,2015-04-08 14:55:00,2015-04-08,0.1521,0.0,0.0,28.0,0.1521,0.1521,0.1521,10000133,2015-05-27,2015-05-27,P,2.9,2015-04-08
5275,2015-04-08 14:56:00,2015-04-08,0.1521,0.0,0.0,28.0,0.1521,0.1521,0.1521,10000133,2015-05-27,2015-05-27,P,2.9,2015-04-08
5276,2015-04-08 14:57:00,2015-04-08,0.1521,0.0,0.0,28.0,0.1521,0.1521,0.1521,10000133,2015-05-27,2015-05-27,P,2.9,2015-04-08
5277,2015-04-08 14:58:00,2015-04-08,0.1521,0.0,0.0,28.0,0.1521,0.1521,0.1521,10000133,2015-05-27,2015-05-27,P,2.9,2015-04-08
5278,2015-04-08 14:59:00,2015-04-08,0.1521,0.0,0.0,28.0,0.1521,0.1521,0.1521,10000133,2015-05-27,2015-05-27,P,2.9,2015-04-08
5279,2015-04-08 15:00:00,2015-04-08,0.1525,1525.0,1.0,24.0,0.1525,0.1525,0.1525,10000133,2015-05-27,2015-05-27,P,2.9,2015-04-08
5280,2015-04-08 09:31:00,2015-04-08,0.3848,0.0,0.0,0.0,0.3848,0.3848,0.3848,10000043,2015-04-22,2015-04-22,C,2.45,2015-02-10
5281,2015-04-08 09:32:00,2015-04-08,0.395,-840807.0,-202.0,843.0,0.395,0.395,0.395,10000043,2015-04-22,2015-04-22,C,2.45,2015-02-10
5282,2015-04-08 09:33:00,2015-04-08,0.395,0.0,0.0,843.0,0.395,0.395,0.395,10000043,2015-04-22,2015-04-22,C,2.45,2015-02-10
5283,2015-04-08 09:34:00,2015-04-08,0.395,0.0,0.0,843.0,0.395,0.395,0.395,10000043,2015-04-22,2015-04-22,C,2.45,2015-02-10
5284,2015-04-08 09:35:00,2015-04-08,0.395,0.0,0.0,843.0,0.395,0.395,0.395,10000043,2015-04-22,2015-04-22,C,2.45,2015-02-10
5285,2015-04-08 09:36:00,2015-04-08,0.395,0.0,0.0,843.0,0.395,0.395,0.395,10000043,2015-04-22,2015-04-22,C,2.45,2015-02-10
5286,2015-04-08 09:37:00,2015-04-08,0.3888,19440.0,5.0,848.0,0.3888,0.3888,0.3888,10000043,2015-04-22,2015-04-22,C,2.45,2015-02-10
5287,2015-04-08 09:38:00,2015-04-08,0.3888,0.0,0.0,848.0,0.3888,0.3888,0.3888,10000043,2015-04-22,2015-04-22,C,2.45,2015-02-10
5288,2015-04-08 09:39:00,2015-04-08,0.3888,0.0,0.0,848.0,0.3888,0.3888,0.3888,10000043,2015-04-22,2015-04-22,C,2.45,2015-02-10
5289,2015-04-08 09:40:00,2015-04-08,0.3888,0.0,0.0,848.0,0.3888,0.3888,0.3888,10000043,2015-04-22,2015-04-22,C,2.45,2015-02-10
5290,2015-04-08 09:41:00,2015-04-08,0.3888,0.0,0.0,848.0,0.3888,0.3888,0.3888,10000043,2015-04-22,2015-04-22,C,2.45,2015-02-10
5291,2015-04-08 09:42:00,2015-04-08,0.3888,0.0,0.0,848.0,0.3888,0.3888,0.3888,10000043,2015-04-22,2015-04-22,C,2.45,2015-02-10
5292,2015-04-08 09:43:00,2015-04-08,0.3888,0.0,0.0,848.0,0.3888,0.3888,0.3888,10000043,2015-04-22,2015-04-22,C,2.45,2015-02-10
5293,2015-04-08 09:44:00,2015-04-08,0.3888,0.0,0.0,848.0,0.3888,0.3888,0.3888,10000043,2015-04-22,2015-04-22,C,2.45,2015-02-10
5294,2015-04-08 09:45:00,2015-04-08,0.3888,0.0,0.0,848.0,0.3888,0.3888,0.3888,10000043,2015-04-22,2015-04-22,C,2.45,2015-02-10
5295,2015-04-08 09:46:00,2015-04-08,0.3888,0.0,0.0,848.0,0.3888,0.3888,0.3888,10000043,2015-04-22,2015-04-22,C,2.45,2015-02-10
5296,2015-04-08 09:47:00,2015-04-08,0.3888,0.0,0.0,848.0,0.3888,0.3888,0.3888,10000043,2015-04-22,2015-04-22,C,2.45,2015-02-10
5297,2015-04-08 09:48:00,2015-04-08,0.3952,3952.0,1.0,847.0,0.3952,0.3952,0.3952,10000043,2015-04-22,2015-04-22,C,2.45,2015-02-10
5298,2015-04-08 09:49:00,2015-04-08,0.3952,0.0,0.0,847.0,0.3952,0.3952,0.3952,10000043,2015-04-22,2015-04-22,C,2.45,2015-02-10
5299,2015-04-08 09:50:00,2015-04-08,0.3952,0.0,0.0,847.0,0.3952,0.3952,0.3952,10000043,2015-04-22,2015-04-22,C,2.45,2015-02-10
5300,2015-04-08 09:51:00,2015-04-08,0.3952,0.0,0.0,847.0,0.3952,0.3952,0.3952,10000043,2015-04-22,2015-04-22,C,2.45,2015-02-10
5301,2015-04-08 09:52:00,2015-04-08,0.3952,0.0,0.0,847.0,0.3952,0.3952,0.3952,10000043,2015-04-22,2015-04-22,C,2.45,2015-02-10
5302,2015-04-08 09:53:00,2015-04-08,0.3952,0.0,0.0,847.0,0.3952,0.3952,0.3952,10000043,2015-04-22,2015-04-22,C,2.45,2015-02-10
5303,2015-04-08 09:54:00,2015-04-08,0.3952,0.0,0.0,847.0,0.3952,0.3952,0.3952,10000043,2015-04-22,2015-04-22,C,2.45,2015-02-10
5304,2015-04-08 09:55:00,2015-04-08,0.3952,0.0,0.0,847.0,0.3952,0.3952,0.3952,10000043,2015-04-22,2015-04-22,C,2.45,2015-02-10
5305,2015-04-08 09:56:00,2015-04-08,0.4113,4113.0,1.0,847.0,0.4113,0.4113,0.4113,10000043,2015-04-22,2015-04-22,C,2.45,2015-02-10
5306,2015-04-08 09:57:00,2015-04-08,0.4149,12447.0,3.0,844.0,0.4149,0.4149,0.4149,10000043,2015-04-22,2015-04-22,C,2.45,2015-02-10
5307,2015-04-08 09:58:00,2015-04-08,0.4149,0.0,0.0,844.0,0.4149,0.4149,0.4149,10000043,2015-04-22,2015-04-22,C,2.45,2015-02-10
5308,2015-04-08 09:59:00,2015-04-08,0.4149,0.0,0.0,844.0,0.4149,0.4149,0.4149,10000043,2015-04-22,2015-04-22,C,2.45,2015-02-10
5309,2015-04-08 10:00:00,2015-04-08,0.4149,0.0,0.0,844.0,0.4149,0.4149,0.4149,10000043,2015-04-22,2015-04-22,C,2.45,2015-02-10
5310,2015-04-08 10:01:00,2015-04-08,0.4149,0.0,0.0,844.0,0.4149,0.4149,0.4149,10000043,2015-04-22,2015-04-22,C,2.45,2015-02-10
5311,2015-04-08 10:02:00,2015-04-08,0.4149,0.0,0.0,844.0,0.4149,0.4149,0.4149,10000043,2015-04-22,2015-04-22,C,2.45,2015-02-10
5312,2015-04-08 10:03:00,2015-04-08,0.4149,0.0,0.0,844.0,0.4149,0.4149,0.4149,10000043,2015-04-22,2015-04-22,C,2.45,2015-02-10
5313,2015-04-08 10:04:00,2015-04-08,0.4149,0.0,0.0,844.0,0.4149,0.4149,0.4149,10000043,2015-04-22,2015-04-22,C,2.45,2015-02-10
5314,2015-04-08 10:05:00,2015-04-08,0.4149,0.0,0.0,844.0,0.4149,0.4149,0.4149,10000043,2015-04-22,2015-04-22,C,2.45,2015-02-10
5315,2015-04-08 10:06:00,2015-04-08,0.4125,12375.0,3.0,847.0,0.4125,0.4125,0.4125,10000043,2015-04-22,2015-04-22,C,2.45,2015-02-10
5316,2015-04-08 10:07:00,2015-04-08,0.4125,0.0,0.0,847.0,0.4125,0.4125,0.4125,10000043,2015-04-22,2015-04-22,C,2.45,2015-02-10
5317,2015-04-08 10:08:00,2015-04-08,0.4125,0.0,0.0,847.0,0.4125,0.4125,0.4125,10000043,2015-04-22,2015-04-22,C,2.45,2015-02-10
5318,2015-04-08 10:09:00,2015-04-08,0.4125,0.0,0.0,847.0,0.4125,0.4125,0.4125,10000043,2015-04-22,2015-04-22,C,2.45,2015-02-10
5319,2015-04-08 10:10:00,2015-04-08,0.4125,0.0,0.0,847.0,0.4125,0.4125,0.4125,10000043,2015-04-22,2015-04-22,C,2.45,2015-02-10
5320,2015-04-08 10:11:00,2015-04-08,0.4125,0.0,0.0,847.0,0.4125,0.4125,0.4125,10000043,2015-04-22,2015-04-22,C,2.45,2015-02-10
5321,2015-04-08 10:12:00,2015-04-08,0.4125,0.0,0.0,847.0,0.4125,0.4125,0.4125,10000043,2015-04-22,2015-04-22,C,2.45,2015-02-10
5322,2015-04-08 10:13:00,2015-04-08,0.4125,0.0,0.0,847.0,0.4125,0.4125,0.4125,10000043,2015-04-22,2015-04-22,C,2.45,2015-02-10
5323,2015-04-08 10:14:00,2015-04-08,0.4125,0.0,0.0,847.0,0.4125,0.4125,0.4125,10000043,2015-04-22,2015-04-22,C,2.45,2015-02-10
5324,2015-04-08 10:15:00,2015-04-08,0.4125,0.0,0.0,847.0,0.4125,0.4125,0.4125,10000043,2015-04-22,2015-04-22,C,2.45,2015-02-10
5325,2015-04-08 10:16:00,2015-04-08,0.4125,0.0,0.0,847.0,0.4125,0.4125,0.4125,10000043,2015-04-22,2015-04-22,C,2.45,2015-02-10
5326,2015-04-08 10:17:00,2015-04-08,0.4125,0.0,0.0,847.0,0.4125,0.4125,0.4125,10000043,2015-04-22,2015-04-22,C,2.45,2015-02-10
5327,2015-04-08 10:18:00,2015-04-08,0.4125,0.0,0.0,847.0,0.4125,0.4125,0.4125,10000043,2015-04-22,2015-04-22,C,2.45,2015-02-10
5328,2015-04-08 10:19:00,2015-04-08,0.4125,0.0,0.0,847.0,0.4125,0.4125,0.4125,10000043,2015-04-22,2015-04-22,C,2.45,2015-02-10
5329,2015-04-08 10:20:00,2015-04-08,0.4125,0.0,0.0,847.0,0.4125,0.4125,0.4125,10000043,2015-04-22,2015-04-22,C,2.45,2015-02-10
5330,2015-04-08 10:21:00,2015-04-08,0.4125,0.0,0.0,847.0,0.4125,0.4125,0.4125,10000043,2015-04-22,2015-04-22,C,2.45,2015-02-10
5331,2015-04-08 10:22:00,2015-04-08,0.4125,0.0,0.0,847.0,0.4125,0.4125,0.4125,10000043,2015-04-22,2015-04-22,C,2.45,2015-02-10
5332,2015-04-08 10:23:00,2015-04-08,0.4125,0.0,0.0,847.0,0.4125,0.4125,0.4125,10000043,2015-04-22,2015-04-22,C,2.45,2015-02-10
5333,2015-04-08 10:24:00,2015-04-08,0.4125,0.0,0.0,847.0,0.4125,0.4125,0.4125,10000043,2015-04-22,2015-04-22,C,2.45,2015-02-10
5334,2015-04-08 10:25:00,2015-04-08,0.4125,0.0,0.0,847.0,0.4125,0.4125,0.4125,10000043,2015-04-22,2015-04-22,C,2.45,2015-02-10
5335,2015-04-08 10:26:00,2015-04-08,0.4125,0.0,0.0,847.0,0.4125,0.4125,0.4125,10000043,2015-04-22,2015-04-22,C,2.45,2015-02-10
5336,2015-04-08 10:27:00,2015-04-08,0.4125,0.0,0.0,847.0,0.4125,0.4125,0.4125,10000043,2015-04-22,2015-04-22,C,2.45,2015-02-10
5337,2015-04-08 10:28:00,2015-04-08,0.4125,0.0,0.0,847.0,0.4125,0.4125,0.4125,10000043,2015-04-22,2015-04-22,C,2.45,2015-02-10
5338,2015-04-08 10:29:00,2015-04-08,0.4125,0.0,0.0,847.0,0.4125,0.4125,0.4125,10000043,2015-04-22,2015-04-22,C,2.45,2015-02-10
5339,2015-04-08 10:30:00,2015-04-08,0.4125,0.0,0.0,847.0,0.4125,0.4125,0.4125,10000043,2015-04-22,2015-04-22,C,2.45,2015-02-10
5340,2015-04-08 10:31:00,2015-04-08,0.4125,0.0,0.0,847.0,0.4125,0.4125,0.4125,10000043,2015-04-22,2015-04-22,C,2.45,2015-02-10
5341,2015-04-08 10:32:00,2015-04-08,0.4125,0.0,0.0,847.0,0.4125,0.4125,0.4125,10000043,2015-04-22,2015-04-22,C,2.45,2015-02-10
5342,2015-04-08 10:33:00,2015-04-08,0.4068,20340.0,5.0,847.0,0.4068,0.4068,0.4068,10000043,2015-04-22,2015-04-22,C,2.45,2015-02-10
5343,2015-04-08 10:34:00,2015-04-08,0.4068,0.0,0.0,847.0,0.4068,0.4068,0.4068,10000043,2015-04-22,2015-04-22,C,2.45,2015-02-10
5344,2015-04-08 10:35:00,2015-04-08,0.4068,0.0,0.0,847.0,0.4068,0.4068,0.4068,10000043,2015-04-22,2015-04-22,C,2.45,2015-02-10
5345,2015-04-08 10:36:00,2015-04-08,0.4068,0.0,0.0,847.0,0.4068,0.4068,0.4068,10000043,2015-04-22,2015-04-22,C,2.45,2015-02-10
5346,2015-04-08 10:37:00,2015-04-08,0.4242,4242.0,1.0,848.0,0.4242,0.4242,0.4242,10000043,2015-04-22,2015-04-22,C,2.45,2015-02-10
5347,2015-04-08 10:38:00,2015-04-08,0.424,4240.0,1.0,848.0,0.424,0.424,0.424,10000043,2015-04-22,2015-04-22,C,2.45,2015-02-10
5348,2015-04-08 10:39:00,2015-04-08,0.424,0.0,0.0,848.0,0.424,0.424,0.424,10000043,2015-04-22,2015-04-22,C,2.45,2015-02-10
5349,2015-04-08 10:40:00,2015-04-08,0.424,0.0,0.0,848.0,0.424,0.424,0.424,10000043,2015-04-22,2015-04-22,C,2.45,2015-02-10
5350,2015-04-08 10:41:00,2015-04-08,0.424,0.0,0.0,848.0,0.424,0.424,0.424,10000043,2015-04-22,2015-04-22,C,2.45,2015-02-10
5351,2015-04-08 10:42:00,2015-04-08,0.4239,16956.0,4.0,848.0,0.4239,0.4239,0.4239,10000043,2015-04-22,2015-04-22,C,2.45,2015-02-10
5352,2015-04-08 10:43:00,2015-04-08,0.4239,0.0,0.0,848.0,0.4239,0.4239,0.4239,10000043,2015-04-22,2015-04-22,C,2.45,2015-02-10
5353,2015-04-08 10:44:00,2015-04-08,0.4239,0.0,0.0,848.0,0.4239,0.4239,0.4239,10000043,2015-04-22,2015-04-22,C,2.45,2015-02-10
5354,2015-04-08 10:45:00,2015-04-08,0.4239,0.0,0.0,848.0,0.4239,0.4239,0.4239,10000043,2015-04-22,2015-04-22,C,2.45,2015-02-10
5355,2015-04-08 10:46:00,2015-04-08,0.4239,0.0,0.0,848.0,0.4239,0.4239,0.4239,10000043,2015-04-22,2015-04-22,C,2.45,2015-02-10
5356,2015-04-08 10:47:00,2015-04-08,0.4239,0.0,0.0,848.0,0.4239,0.4239,0.4239,10000043,2015-04-22,2015-04-22,C,2.45,2015-02-10
5357,2015-04-08 10:48:00,2015-04-08,0.4239,0.0,0.0,848.0,0.4239,0.4239,0.4239,10000043,2015-04-22,2015-04-22,C,2.45,2015-02-10
5358,2015-04-08 10:49:00,2015-04-08,0.4239,0.0,0.0,848.0,0.4239,0.4239,0.4239,10000043,2015-04-22,2015-04-22,C,2.45,2015-02-10
5359,2015-04-08 10:50:00,2015-04-08,0.4239,0.0,0.0,848.0,0.4239,0.4239,0.4239,10000043,2015-04-22,2015-04-22,C,2.45,2015-02-10
5360,2015-04-08 10:51:00,2015-04-08,0.4239,0.0,0.0,848.0,0.4239,0.4239,0.4239,10000043,2015-04-22,2015-04-22,C,2.45,2015-02-10
5361,2015-04-08 10:52:00,2015-04-08,0.4239,0.0,0.0,848.0,0.4239,0.4239,0.4239,10000043,2015-04-22,2015-04-22,C,2.45,2015-02-10
5362,2015-04-08 10:53:00,2015-04-08,0.4024,180585.0,45.0,858.0,0.4024,0.3981,0.3981,10000043,2015-04-22,2015-04-22,C,2.45,2015-02-10
5363,2015-04-08 10:54:00,2015-04-08,0.3951,78970.0,20.0,878.0,0.3951,0.3946,0.3946,10000043,2015-04-22,2015-04-22,C,2.45,2015-02-10
5364,2015-04-08 10:55:00,2015-04-08,0.3946,0.0,0.0,878.0,0.3946,0.3946,0.3946,10000043,2015-04-22,2015-04-22,C,2.45,2015-02-10
5365,2015-04-08 10:56:00,2015-04-08,0.3946,0.0,0.0,878.0,0.3946,0.3946,0.3946,10000043,2015-04-22,2015-04-22,C,2.45,2015-02-10
5366,2015-04-08 10:57:00,2015-04-08,0.3946,0.0,0.0,878.0,0.3946,0.3946,0.3946,10000043,2015-04-22,2015-04-22,C,2.45,2015-02-10
5367,2015-04-08 10:58:00,2015-04-08,0.387,58015.0,15.0,893.0,0.387,0.3863,0.3863,10000043,2015-04-22,2015-04-22,C,2.45,2015-02-10
5368,2015-04-08 10:59:00,2015-04-08,0.3863,0.0,0.0,893.0,0.3863,0.3863,0.3863,10000043,2015-04-22,2015-04-22,C,2.45,2015-02-10
5369,2015-04-08 11:00:00,2015-04-08,0.3863,0.0,0.0,893.0,0.3863,0.3863,0.3863,10000043,2015-04-22,2015-04-22,C,2.45,2015-02-10
5370,2015-04-08 11:01:00,2015-04-08,0.3863,0.0,0.0,893.0,0.3863,0.3863,0.3863,10000043,2015-04-22,2015-04-22,C,2.45,2015-02-10
5371,2015-04-08 11:02:00,2015-04-08,0.3863,0.0,0.0,893.0,0.3863,0.3863,0.3863,10000043,2015-04-22,2015-04-22,C,2.45,2015-02-10
5372,2015-04-08 11:03:00,2015-04-08,0.3863,0.0,0.0,893.0,0.3863,0.3863,0.3863,10000043,2015-04-22,2015-04-22,C,2.45,2015-02-10
5373,2015-04-08 11:04:00,2015-04-08,0.3863,0.0,0.0,893.0,0.3863,0.3863,0.3863,10000043,2015-04-22,2015-04-22,C,2.45,2015-02-10
5374,2015-04-08 11:05:00,2015-04-08,0.3863,0.0,0.0,893.0,0.3863,0.3863,0.3863,10000043,2015-04-22,2015-04-22,C,2.45,2015-02-10
5375,2015-04-08 11:06:00,2015-04-08,0.3863,0.0,0.0,893.0,0.3863,0.3863,0.3863,10000043,2015-04-22,2015-04-22,C,2.45,2015-02-10
5376,2015-04-08 11:07:00,2015-04-08,0.3863,0.0,0.0,893.0,0.3863,0.3863,0.3863,10000043,2015-04-22,2015-04-22,C,2.45,2015-02-10
5377,2015-04-08 11:08:00,2015-04-08,0.3863,0.0,0.0,893.0,0.3863,0.3863,0.3863,10000043,2015-04-22,2015-04-22,C,2.45,2015-02-10
5378,2015-04-08 11:09:00,2015-04-08,0.3863,0.0,0.0,893.0,0.3863,0.3863,0.3863,10000043,2015-04-22,2015-04-22,C,2.45,2015-02-10
5379,2015-04-08 11:10:00,2015-04-08,0.3863,0.0,0.0,893.0,0.3863,0.3863,0.3863,10000043,2015-04-22,2015-04-22,C,2.45,2015-02-10
5380,2015-04-08 11:11:00,2015-04-08,0.3863,0.0,0.0,893.0,0.3863,0.3863,0.3863,10000043,2015-04-22,2015-04-22,C,2.45,2015-02-10
5381,2015-04-08 11:12:00,2015-04-08,0.3863,0.0,0.0,893.0,0.3863,0.3863,0.3863,10000043,2015-04-22,2015-04-22,C,2.45,2015-02-10
5382,2015-04-08 11:13:00,2015-04-08,0.3863,0.0,0.0,893.0,0.3863,0.3863,0.3863,10000043,2015-04-22,2015-04-22,C,2.45,2015-02-10
5383,2015-04-08 11:14:00,2015-04-08,0.3863,0.0,0.0,893.0,0.3863,0.3863,0.3863,10000043,2015-04-22,2015-04-22,C,2.45,2015-02-10
5384,2015-04-08 11:15:00,2015-04-08,0.398,39800.0,10.0,903.0,0.398,0.398,0.398,10000043,2015-04-22,2015-04-22,C,2.45,2015-02-10
5385,2015-04-08 11:16:00,2015-04-08,0.398,0.0,0.0,903.0,0.398,0.398,0.398,10000043,2015-04-22,2015-04-22,C,2.45,2015-02-10
5386,2015-04-08 11:17:00,2015-04-08,0.398,0.0,0.0,903.0,0.398,0.398,0.398,10000043,2015-04-22,2015-04-22,C,2.45,2015-02-10
5387,2015-04-08 11:18:00,2015-04-08,0.398,0.0,0.0,903.0,0.398,0.398,0.398,10000043,2015-04-22,2015-04-22,C,2.45,2015-02-10
5388,2015-04-08 11:19:00,2015-04-08,0.398,0.0,0.0,903.0,0.398,0.398,0.398,10000043,2015-04-22,2015-04-22,C,2.45,2015-02-10
5389,2015-04-08 11:20:00,2015-04-08,0.398,0.0,0.0,903.0,0.398,0.398,0.398,10000043,2015-04-22,2015-04-22,C,2.45,2015-02-10
5390,2015-04-08 11:21:00,2015-04-08,0.398,0.0,0.0,903.0,0.398,0.398,0.398,10000043,2015-04-22,2015-04-22,C,2.45,2015-02-10
5391,2015-04-08 11:22:00,2015-04-08,0.398,0.0,0.0,903.0,0.398,0.398,0.398,10000043,2015-04-22,2015-04-22,C,2.45,2015-02-10
5392,2015-04-08 11:23:00,2015-04-08,0.398,0.0,0.0,903.0,0.398,0.398,0.398,10000043,2015-04-22,2015-04-22,C,2.45,2015-02-10
5393,2015-04-08 11:24:00,2015-04-08,0.398,0.0,0.0,903.0,0.398,0.398,0.398,10000043,2015-04-22,2015-04-22,C,2.45,2015-02-10
5394,2015-04-08 11:25:00,2015-04-08,0.398,0.0,0.0,903.0,0.398,0.398,0.398,10000043,2015-04-22,2015-04-22,C,2.45,2015-02-10
5395,2015-04-08 11:26:00,2015-04-08,0.398,0.0,0.0,903.0,0.398,0.398,0.398,10000043,2015-04-22,2015-04-22,C,2.45,2015-02-10
5396,2015-04-08 11:27:00,2015-04-08,0.4139,4139.0,1.0,904.0,0.4139,0.4139,0.4139,10000043,2015-04-22,2015-04-22,C,2.45,2015-02-10
5397,2015-04-08 11:28:00,2015-04-08,0.4139,0.0,0.0,904.0,0.4139,0.4139,0.4139,10000043,2015-04-22,2015-04-22,C,2.45,2015-02-10
5398,2015-04-08 11:29:00,2015-04-08,0.4139,0.0,0.0,904.0,0.4139,0.4139,0.4139,10000043,2015-04-22,2015-04-22,C,2.45,2015-02-10
5399,2015-04-08 11:30:00,2015-04-08,0.4139,0.0,0.0,904.0,0.4139,0.4139,0.4139,10000043,2015-04-22,2015-04-22,C,2.45,2015-02-10
5400,2015-04-08 13:01:00,2015-04-08,0.425,38210.0,9.0,895.0,0.424,0.425,0.424,10000043,2015-04-22,2015-04-22,C,2.45,2015-02-10
5401,2015-04-08 13:02:00,2015-04-08,0.4271,46811.0,11.0,884.0,0.4254,0.4271,0.4254,10000043,2015-04-22,2015-04-22,C,2.45,2015-02-10
5402,2015-04-08 13:03:00,2015-04-08,0.4271,0.0,0.0,884.0,0.4271,0.4271,0.4271,10000043,2015-04-22,2015-04-22,C,2.45,2015-02-10
5403,2015-04-08 13:04:00,2015-04-08,0.4271,0.0,0.0,884.0,0.4271,0.4271,0.4271,10000043,2015-04-22,2015-04-22,C,2.45,2015-02-10
5404,2015-04-08 13:05:00,2015-04-08,0.4325,21625.0,5.0,884.0,0.4325,0.4325,0.4325,10000043,2015-04-22,2015-04-22,C,2.45,2015-02-10
5405,2015-04-08 13:06:00,2015-04-08,0.4325,0.0,0.0,884.0,0.4325,0.4325,0.4325,10000043,2015-04-22,2015-04-22,C,2.45,2015-02-10
5406,2015-04-08 13:07:00,2015-04-08,0.4325,0.0,0.0,884.0,0.4325,0.4325,0.4325,10000043,2015-04-22,2015-04-22,C,2.45,2015-02-10
5407,2015-04-08 13:08:00,2015-04-08,0.4325,0.0,0.0,884.0,0.4325,0.4325,0.4325,10000043,2015-04-22,2015-04-22,C,2.45,2015-02-10
5408,2015-04-08 13:09:00,2015-04-08,0.4325,0.0,0.0,884.0,0.4325,0.4325,0.4325,10000043,2015-04-22,2015-04-22,C,2.45,2015-02-10
5409,2015-04-08 13:10:00,2015-04-08,0.4325,0.0,0.0,884.0,0.4325,0.4325,0.4325,10000043,2015-04-22,2015-04-22,C,2.45,2015-02-10
5410,2015-04-08 13:11:00,2015-04-08,0.4325,0.0,0.0,884.0,0.4325,0.4325,0.4325,10000043,2015-04-22,2015-04-22,C,2.45,2015-02-10
5411,2015-04-08 13:12:00,2015-04-08,0.4325,0.0,0.0,884.0,0.4325,0.4325,0.4325,10000043,2015-04-22,2015-04-22,C,2.45,2015-02-10
5412,2015-04-08 13:13:00,2015-04-08,0.4325,0.0,0.0,884.0,0.4325,0.4325,0.4325,10000043,2015-04-22,2015-04-22,C,2.45,2015-02-10
5413,2015-04-08 13:14:00,2015-04-08,0.4325,0.0,0.0,884.0,0.4325,0.4325,0.4325,10000043,2015-04-22,2015-04-22,C,2.45,2015-02-10
5414,2015-04-08 13:15:00,2015-04-08,0.4325,0.0,0.0,884.0,0.4325,0.4325,0.4325,10000043,2015-04-22,2015-04-22,C,2.45,2015-02-10
5415,2015-04-08 13:16:00,2015-04-08,0.4325,0.0,0.0,884.0,0.4325,0.4325,0.4325,10000043,2015-04-22,2015-04-22,C,2.45,2015-02-10
5416,2015-04-08 13:17:00,2015-04-08,0.4325,0.0,0.0,884.0,0.4325,0.4325,0.4325,10000043,2015-04-22,2015-04-22,C,2.45,2015-02-10
5417,2015-04-08 13:18:00,2015-04-08,0.4325,0.0,0.0,884.0,0.4325,0.4325,0.4325,10000043,2015-04-22,2015-04-22,C,2.45,2015-02-10
5418,2015-04-08 13:19:00,2015-04-08,0.4325,0.0,0.0,884.0,0.4325,0.4325,0.4325,10000043,2015-04-22,2015-04-22,C,2.45,2015-02-10
5419,2015-04-08 13:20:00,2015-04-08,0.4325,0.0,0.0,884.0,0.4325,0.4325,0.4325,10000043,2015-04-22,2015-04-22,C,2.45,2015-02-10
5420,2015-04-08 13:21:00,2015-04-08,0.4325,0.0,0.0,884.0,0.4325,0.4325,0.4325,10000043,2015-04-22,2015-04-22,C,2.45,2015-02-10
5421,2015-04-08 13:22:00,2015-04-08,0.4325,0.0,0.0,884.0,0.4325,0.4325,0.4325,10000043,2015-04-22,2015-04-22,C,2.45,2015-02-10
5422,2015-04-08 13:23:00,2015-04-08,0.4465,22325.0,5.0,884.0,0.4465,0.4465,0.4465,10000043,2015-04-22,2015-04-22,C,2.45,2015-02-10
5423,2015-04-08 13:24:00,2015-04-08,0.4487,22435.0,5.0,884.0,0.4487,0.4487,0.4487,10000043,2015-04-22,2015-04-22,C,2.45,2015-02-10
5424,2015-04-08 13:25:00,2015-04-08,0.4487,0.0,0.0,884.0,0.4487,0.4487,0.4487,10000043,2015-04-22,2015-04-22,C,2.45,2015-02-10
5425,2015-04-08 13:26:00,2015-04-08,0.4487,0.0,0.0,884.0,0.4487,0.4487,0.4487,10000043,2015-04-22,2015-04-22,C,2.45,2015-02-10
5426,2015-04-08 13:27:00,2015-04-08,0.4487,0.0,0.0,884.0,0.4487,0.4487,0.4487,10000043,2015-04-22,2015-04-22,C,2.45,2015-02-10
5427,2015-04-08 13:28:00,2015-04-08,0.4484,4484.0,1.0,883.0,0.4484,0.4484,0.4484,10000043,2015-04-22,2015-04-22,C,2.45,2015-02-10
5428,2015-04-08 13:29:00,2015-04-08,0.4443,4443.0,1.0,882.0,0.4443,0.4443,0.4443,10000043,2015-04-22,2015-04-22,C,2.45,2015-02-10
5429,2015-04-08 13:30:00,2015-04-08,0.4443,0.0,0.0,882.0,0.4443,0.4443,0.4443,10000043,2015-04-22,2015-04-22,C,2.45,2015-02-10
5430,2015-04-08 13:31:00,2015-04-08,0.4443,0.0,0.0,882.0,0.4443,0.4443,0.4443,10000043,2015-04-22,2015-04-22,C,2.45,2015-02-10
5431,2015-04-08 13:32:00,2015-04-08,0.4443,0.0,0.0,882.0,0.4443,0.4443,0.4443,10000043,2015-04-22,2015-04-22,C,2.45,2015-02-10
5432,2015-04-08 13:33:00,2015-04-08,0.4443,0.0,0.0,882.0,0.4443,0.4443,0.4443,10000043,2015-04-22,2015-04-22,C,2.45,2015-02-10
5433,2015-04-08 13:34:00,2015-04-08,0.4443,0.0,0.0,882.0,0.4443,0.4443,0.4443,10000043,2015-04-22,2015-04-22,C,2.45,2015-02-10
5434,2015-04-08 13:35:00,2015-04-08,0.4443,0.0,0.0,882.0,0.4443,0.4443,0.4443,10000043,2015-04-22,2015-04-22,C,2.45,2015-02-10
5435,2015-04-08 13:36:00,2015-04-08,0.4443,0.0,0.0,882.0,0.4443,0.4443,0.4443,10000043,2015-04-22,2015-04-22,C,2.45,2015-02-10
5436,2015-04-08 13:37:00,2015-04-08,0.4443,0.0,0.0,882.0,0.4443,0.4443,0.4443,10000043,2015-04-22,2015-04-22,C,2.45,2015-02-10
5437,2015-04-08 13:38:00,2015-04-08,0.4443,0.0,0.0,882.0,0.4443,0.4443,0.4443,10000043,2015-04-22,2015-04-22,C,2.45,2015-02-10
5438,2015-04-08 13:39:00,2015-04-08,0.4443,0.0,0.0,882.0,0.4443,0.4443,0.4443,10000043,2015-04-22,2015-04-22,C,2.45,2015-02-10
5439,2015-04-08 13:40:00,2015-04-08,0.4443,0.0,0.0,882.0,0.4443,0.4443,0.4443,10000043,2015-04-22,2015-04-22,C,2.45,2015-02-10
5440,2015-04-08 13:41:00,2015-04-08,0.4443,0.0,0.0,882.0,0.4443,0.4443,0.4443,10000043,2015-04-22,2015-04-22,C,2.45,2015-02-10
5441,2015-04-08 13:42:00,2015-04-08,0.4443,0.0,0.0,882.0,0.4443,0.4443,0.4443,10000043,2015-04-22,2015-04-22,C,2.45,2015-02-10
5442,2015-04-08 13:43:00,2015-04-08,0.4443,0.0,0.0,882.0,0.4443,0.4443,0.4443,10000043,2015-04-22,2015-04-22,C,2.45,2015-02-10
5443,2015-04-08 13:44:00,2015-04-08,0.4443,0.0,0.0,882.0,0.4443,0.4443,0.4443,10000043,2015-04-22,2015-04-22,C,2.45,2015-02-10
5444,2015-04-08 13:45:00,2015-04-08,0.4449,44490.0,10.0,882.0,0.4449,0.4449,0.4449,10000043,2015-04-22,2015-04-22,C,2.45,2015-02-10
5445,2015-04-08 13:46:00,2015-04-08,0.4449,0.0,0.0,882.0,0.4449,0.4449,0.4449,10000043,2015-04-22,2015-04-22,C,2.45,2015-02-10
5446,2015-04-08 13:47:00,2015-04-08,0.4449,0.0,0.0,882.0,0.4449,0.4449,0.4449,10000043,2015-04-22,2015-04-22,C,2.45,2015-02-10
5447,2015-04-08 13:48:00,2015-04-08,0.4449,0.0,0.0,882.0,0.4449,0.4449,0.4449,10000043,2015-04-22,2015-04-22,C,2.45,2015-02-10
5448,2015-04-08 13:49:00,2015-04-08,0.4449,0.0,0.0,882.0,0.4449,0.4449,0.4449,10000043,2015-04-22,2015-04-22,C,2.45,2015-02-10
5449,2015-04-08 13:50:00,2015-04-08,0.4449,0.0,0.0,882.0,0.4449,0.4449,0.4449,10000043,2015-04-22,2015-04-22,C,2.45,2015-02-10
5450,2015-04-08 13:51:00,2015-04-08,0.448,26880.0,6.0,882.0,0.448,0.448,0.448,10000043,2015-04-22,2015-04-22,C,2.45,2015-02-10
5451,2015-04-08 13:52:00,2015-04-08,0.448,0.0,0.0,882.0,0.448,0.448,0.448,10000043,2015-04-22,2015-04-22,C,2.45,2015-02-10
5452,2015-04-08 13:53:00,2015-04-08,0.448,0.0,0.0,882.0,0.448,0.448,0.448,10000043,2015-04-22,2015-04-22,C,2.45,2015-02-10
5453,2015-04-08 13:54:00,2015-04-08,0.448,0.0,0.0,882.0,0.448,0.448,0.448,10000043,2015-04-22,2015-04-22,C,2.45,2015-02-10
5454,2015-04-08 13:55:00,2015-04-08,0.448,0.0,0.0,882.0,0.448,0.448,0.448,10000043,2015-04-22,2015-04-22,C,2.45,2015-02-10
5455,2015-04-08 13:56:00,2015-04-08,0.448,0.0,0.0,882.0,0.448,0.448,0.448,10000043,2015-04-22,2015-04-22,C,2.45,2015-02-10
5456,2015-04-08 13:57:00,2015-04-08,0.448,0.0,0.0,882.0,0.448,0.448,0.448,10000043,2015-04-22,2015-04-22,C,2.45,2015-02-10
5457,2015-04-08 13:58:00,2015-04-08,0.448,0.0,0.0,882.0,0.448,0.448,0.448,10000043,2015-04-22,2015-04-22,C,2.45,2015-02-10
5458,2015-04-08 13:59:00,2015-04-08,0.448,0.0,0.0,882.0,0.448,0.448,0.448,10000043,2015-04-22,2015-04-22,C,2.45,2015-02-10
5459,2015-04-08 14:00:00,2015-04-08,0.448,0.0,0.0,882.0,0.448,0.448,0.448,10000043,2015-04-22,2015-04-22,C,2.45,2015-02-10
5460,2015-04-08 14:01:00,2015-04-08,0.4528,22640.0,5.0,882.0,0.4528,0.4528,0.4528,10000043,2015-04-22,2015-04-22,C,2.45,2015-02-10
5461,2015-04-08 14:02:00,2015-04-08,0.4528,0.0,0.0,882.0,0.4528,0.4528,0.4528,10000043,2015-04-22,2015-04-22,C,2.45,2015-02-10
5462,2015-04-08 14:03:00,2015-04-08,0.4528,0.0,0.0,882.0,0.4528,0.4528,0.4528,10000043,2015-04-22,2015-04-22,C,2.45,2015-02-10
5463,2015-04-08 14:04:00,2015-04-08,0.4528,0.0,0.0,882.0,0.4528,0.4528,0.4528,10000043,2015-04-22,2015-04-22,C,2.45,2015-02-10
5464,2015-04-08 14:05:00,2015-04-08,0.4528,0.0,0.0,882.0,0.4528,0.4528,0.4528,10000043,2015-04-22,2015-04-22,C,2.45,2015-02-10
5465,2015-04-08 14:06:00,2015-04-08,0.4528,0.0,0.0,882.0,0.4528,0.4528,0.4528,10000043,2015-04-22,2015-04-22,C,2.45,2015-02-10
5466,2015-04-08 14:07:00,2015-04-08,0.4528,0.0,0.0,882.0,0.4528,0.4528,0.4528,10000043,2015-04-22,2015-04-22,C,2.45,2015-02-10
5467,2015-04-08 14:08:00,2015-04-08,0.4528,0.0,0.0,882.0,0.4528,0.4528,0.4528,10000043,2015-04-22,2015-04-22,C,2.45,2015-02-10
5468,2015-04-08 14:09:00,2015-04-08,0.4528,0.0,0.0,882.0,0.4528,0.4528,0.4528,10000043,2015-04-22,2015-04-22,C,2.45,2015-02-10
5469,2015-04-08 14:10:00,2015-04-08,0.4528,0.0,0.0,882.0,0.4528,0.4528,0.4528,10000043,2015-04-22,2015-04-22,C,2.45,2015-02-10
5470,2015-04-08 14:11:00,2015-04-08,0.4528,0.0,0.0,882.0,0.4528,0.4528,0.4528,10000043,2015-04-22,2015-04-22,C,2.45,2015-02-10
5471,2015-04-08 14:12:00,2015-04-08,0.4528,0.0,0.0,882.0,0.4528,0.4528,0.4528,10000043,2015-04-22,2015-04-22,C,2.45,2015-02-10
5472,2015-04-08 14:13:00,2015-04-08,0.4528,0.0,0.0,882.0,0.4528,0.4528,0.4528,10000043,2015-04-22,2015-04-22,C,2.45,2015-02-10
5473,2015-04-08 14:14:00,2015-04-08,0.4528,0.0,0.0,882.0,0.4528,0.4528,0.4528,10000043,2015-04-22,2015-04-22,C,2.45,2015-02-10
5474,2015-04-08 14:15:00,2015-04-08,0.4528,0.0,0.0,882.0,0.4528,0.4528,0.4528,10000043,2015-04-22,2015-04-22,C,2.45,2015-02-10
5475,2015-04-08 14:16:00,2015-04-08,0.4528,0.0,0.0,882.0,0.4528,0.4528,0.4528,10000043,2015-04-22,2015-04-22,C,2.45,2015-02-10
5476,2015-04-08 14:17:00,2015-04-08,0.4528,0.0,0.0,882.0,0.4528,0.4528,0.4528,10000043,2015-04-22,2015-04-22,C,2.45,2015-02-10
5477,2015-04-08 14:18:00,2015-04-08,0.4528,0.0,0.0,882.0,0.4528,0.4528,0.4528,10000043,2015-04-22,2015-04-22,C,2.45,2015-02-10
5478,2015-04-08 14:19:00,2015-04-08,0.44,57122.0,13.0,881.0,0.44,0.4388,0.4388,10000043,2015-04-22,2015-04-22,C,2.45,2015-02-10
5479,2015-04-08 14:20:00,2015-04-08,0.4388,0.0,0.0,881.0,0.4388,0.4388,0.4388,10000043,2015-04-22,2015-04-22,C,2.45,2015-02-10
5480,2015-04-08 14:21:00,2015-04-08,0.4333,25998.0,6.0,875.0,0.4333,0.4333,0.4333,10000043,2015-04-22,2015-04-22,C,2.45,2015-02-10
5481,2015-04-08 14:22:00,2015-04-08,0.4333,0.0,0.0,875.0,0.4333,0.4333,0.4333,10000043,2015-04-22,2015-04-22,C,2.45,2015-02-10
5482,2015-04-08 14:23:00,2015-04-08,0.4333,0.0,0.0,875.0,0.4333,0.4333,0.4333,10000043,2015-04-22,2015-04-22,C,2.45,2015-02-10
5483,2015-04-08 14:24:00,2015-04-08,0.4333,0.0,0.0,875.0,0.4333,0.4333,0.4333,10000043,2015-04-22,2015-04-22,C,2.45,2015-02-10
5484,2015-04-08 14:25:00,2015-04-08,0.4333,0.0,0.0,875.0,0.4333,0.4333,0.4333,10000043,2015-04-22,2015-04-22,C,2.45,2015-02-10
5485,2015-04-08 14:26:00,2015-04-08,0.4333,0.0,0.0,875.0,0.4333,0.4333,0.4333,10000043,2015-04-22,2015-04-22,C,2.45,2015-02-10
5486,2015-04-08 14:27:00,2015-04-08,0.4333,0.0,0.0,875.0,0.4333,0.4333,0.4333,10000043,2015-04-22,2015-04-22,C,2.45,2015-02-10
5487,2015-04-08 14:28:00,2015-04-08,0.4221,12663.0,3.0,872.0,0.4221,0.4221,0.4221,10000043,2015-04-22,2015-04-22,C,2.45,2015-02-10
5488,2015-04-08 14:29:00,2015-04-08,0.4221,0.0,0.0,872.0,0.4221,0.4221,0.4221,10000043,2015-04-22,2015-04-22,C,2.45,2015-02-10
5489,2015-04-08 14:30:00,2015-04-08,0.4221,0.0,0.0,872.0,0.4221,0.4221,0.4221,10000043,2015-04-22,2015-04-22,C,2.45,2015-02-10
5490,2015-04-08 14:31:00,2015-04-08,0.4221,0.0,0.0,872.0,0.4221,0.4221,0.4221,10000043,2015-04-22,2015-04-22,C,2.45,2015-02-10
5491,2015-04-08 14:32:00,2015-04-08,0.4221,0.0,0.0,872.0,0.4221,0.4221,0.4221,10000043,2015-04-22,2015-04-22,C,2.45,2015-02-10
5492,2015-04-08 14:33:00,2015-04-08,0.4221,0.0,0.0,872.0,0.4221,0.4221,0.4221,10000043,2015-04-22,2015-04-22,C,2.45,2015-02-10
5493,2015-04-08 14:34:00,2015-04-08,0.4221,0.0,0.0,872.0,0.4221,0.4221,0.4221,10000043,2015-04-22,2015-04-22,C,2.45,2015-02-10
5494,2015-04-08 14:35:00,2015-04-08,0.4221,0.0,0.0,872.0,0.4221,0.4221,0.4221,10000043,2015-04-22,2015-04-22,C,2.45,2015-02-10
5495,2015-04-08 14:36:00,2015-04-08,0.4221,0.0,0.0,872.0,0.4221,0.4221,0.4221,10000043,2015-04-22,2015-04-22,C,2.45,2015-02-10
5496,2015-04-08 14:37:00,2015-04-08,0.4221,0.0,0.0,872.0,0.4221,0.4221,0.4221,10000043,2015-04-22,2015-04-22,C,2.45,2015-02-10
5497,2015-04-08 14:38:00,2015-04-08,0.4221,0.0,0.0,872.0,0.4221,0.4221,0.4221,10000043,2015-04-22,2015-04-22,C,2.45,2015-02-10
5498,2015-04-08 14:39:00,2015-04-08,0.4221,0.0,0.0,872.0,0.4221,0.4221,0.4221,10000043,2015-04-22,2015-04-22,C,2.45,2015-02-10
5499,2015-04-08 14:40:00,2015-04-08,0.4221,0.0,0.0,872.0,0.4221,0.4221,0.4221,10000043,2015-04-22,2015-04-22,C,2.45,2015-02-10
5500,2015-04-08 14:41:00,2015-04-08,0.4221,0.0,0.0,872.0,0.4221,0.4221,0.4221,10000043,2015-04-22,2015-04-22,C,2.45,2015-02-10
5501,2015-04-08 14:42:00,2015-04-08,0.4221,0.0,0.0,872.0,0.4221,0.4221,0.4221,10000043,2015-04-22,2015-04-22,C,2.45,2015-02-10
5502,2015-04-08 14:43:00,2015-04-08,0.4221,0.0,0.0,872.0,0.4221,0.4221,0.4221,10000043,2015-04-22,2015-04-22,C,2.45,2015-02-10
5503,2015-04-08 14:44:00,2015-04-08,0.4221,0.0,0.0,872.0,0.4221,0.4221,0.4221,10000043,2015-04-22,2015-04-22,C,2.45,2015-02-10
5504,2015-04-08 14:45:00,2015-04-08,0.4221,0.0,0.0,872.0,0.4221,0.4221,0.4221,10000043,2015-04-22,2015-04-22,C,2.45,2015-02-10
5505,2015-04-08 14:46:00,2015-04-08,0.4221,0.0,0.0,872.0,0.4221,0.4221,0.4221,10000043,2015-04-22,2015-04-22,C,2.45,2015-02-10
5506,2015-04-08 14:47:00,2015-04-08,0.4221,0.0,0.0,872.0,0.4221,0.4221,0.4221,10000043,2015-04-22,2015-04-22,C,2.45,2015-02-10
5507,2015-04-08 14:48:00,2015-04-08,0.4221,0.0,0.0,872.0,0.4221,0.4221,0.4221,10000043,2015-04-22,2015-04-22,C,2.45,2015-02-10
5508,2015-04-08 14:49:00,2015-04-08,0.4221,0.0,0.0,872.0,0.4221,0.4221,0.4221,10000043,2015-04-22,2015-04-22,C,2.45,2015-02-10
5509,2015-04-08 14:50:00,2015-04-08,0.4221,0.0,0.0,872.0,0.4221,0.4221,0.4221,10000043,2015-04-22,2015-04-22,C,2.45,2015-02-10
5510,2015-04-08 14:51:00,2015-04-08,0.4221,0.0,0.0,872.0,0.4221,0.4221,0.4221,10000043,2015-04-22,2015-04-22,C,2.45,2015-02-10
5511,2015-04-08 14:52:00,2015-04-08,0.4221,0.0,0.0,872.0,0.4221,0.4221,0.4221,10000043,2015-04-22,2015-04-22,C,2.45,2015-02-10
5512,2015-04-08 14:53:00,2015-04-08,0.4221,0.0,0.0,872.0,0.4221,0.4221,0.4221,10000043,2015-04-22,2015-04-22,C,2.45,2015-02-10
5513,2015-04-08 14:54:00,2015-04-08,0.4415,22075.0,5.0,867.0,0.4415,0.4415,0.4415,10000043,2015-04-22,2015-04-22,C,2.45,2015-02-10
5514,2015-04-08 14:55:00,2015-04-08,0.4525,4525.0,1.0,867.0,0.4525,0.4525,0.4525,10000043,2015-04-22,2015-04-22,C,2.45,2015-02-10
5515,2015-04-08 14:56:00,2015-04-08,0.4525,0.0,0.0,867.0,0.4525,0.4525,0.4525,10000043,2015-04-22,2015-04-22,C,2.45,2015-02-10
5516,2015-04-08 14:57:00,2015-04-08,0.4525,0.0,0.0,867.0,0.4525,0.4525,0.4525,10000043,2015-04-22,2015-04-22,C,2.45,2015-02-10
5517,2015-04-08 14:58:00,2015-04-08,0.4525,0.0,0.0,867.0,0.4525,0.4525,0.4525,10000043,2015-04-22,2015-04-22,C,2.45,2015-02-10
5518,2015-04-08 14:59:00,2015-04-08,0.4525,0.0,0.0,867.0,0.4525,0.4525,0.4525,10000043,2015-04-22,2015-04-22,C,2.45,2015-02-10
5519,2015-04-08 15:00:00,2015-04-08,0.4467,4467.0,1.0,849.0,0.4467,0.4467,0.4467,10000043,2015-04-22,2015-04-22,C,2.45,2015-02-10
5520,2015-04-08 09:31:00,2015-04-08,0.1282,14694.0,12.0,12.0,0.1202,0.1282,0.1224,10000131,2015-05-27,2015-05-27,C,2.9,2015-04-08
5521,2015-04-08 09:32:00,2015-04-08,0.1282,0.0,0.0,12.0,0.1282,0.1282,0.1282,10000131,2015-05-27,2015-05-27,C,2.9,2015-04-08
5522,2015-04-08 09:33:00,2015-04-08,0.1256,13781.0,11.0,22.0,0.1256,0.1249,0.1249,10000131,2015-05-27,2015-05-27,C,2.9,2015-04-08
5523,2015-04-08 09:34:00,2015-04-08,0.1249,0.0,0.0,22.0,0.1249,0.1249,0.1249,10000131,2015-05-27,2015-05-27,C,2.9,2015-04-08
5524,2015-04-08 09:35:00,2015-04-08,0.1234,11078.0,9.0,31.0,0.1234,0.1227,0.1227,10000131,2015-05-27,2015-05-27,C,2.9,2015-04-08
5525,2015-04-08 09:36:00,2015-04-08,0.1202,12019.0,10.0,41.0,0.1202,0.1201,0.1201,10000131,2015-05-27,2015-05-27,C,2.9,2015-04-08
5526,2015-04-08 09:37:00,2015-04-08,0.1201,16699.0,14.0,51.0,0.1201,0.1178,0.1178,10000131,2015-05-27,2015-05-27,C,2.9,2015-04-08
5527,2015-04-08 09:38:00,2015-04-08,0.1197,11965.0,10.0,61.0,0.1196,0.1197,0.1196,10000131,2015-05-27,2015-05-27,C,2.9,2015-04-08
5528,2015-04-08 09:39:00,2015-04-08,0.1197,0.0,0.0,61.0,0.1197,0.1197,0.1197,10000131,2015-05-27,2015-05-27,C,2.9,2015-04-08
5529,2015-04-08 09:40:00,2015-04-08,0.1197,0.0,0.0,61.0,0.1197,0.1197,0.1197,10000131,2015-05-27,2015-05-27,C,2.9,2015-04-08
5530,2015-04-08 09:41:00,2015-04-08,0.1197,0.0,0.0,61.0,0.1197,0.1197,0.1197,10000131,2015-05-27,2015-05-27,C,2.9,2015-04-08
5531,2015-04-08 09:42:00,2015-04-08,0.1224,6120.0,5.0,66.0,0.1224,0.1224,0.1224,10000131,2015-05-27,2015-05-27,C,2.9,2015-04-08
5532,2015-04-08 09:43:00,2015-04-08,0.1224,0.0,0.0,66.0,0.1224,0.1224,0.1224,10000131,2015-05-27,2015-05-27,C,2.9,2015-04-08
5533,2015-04-08 09:44:00,2015-04-08,0.1224,0.0,0.0,66.0,0.1224,0.1224,0.1224,10000131,2015-05-27,2015-05-27,C,2.9,2015-04-08
5534,2015-04-08 09:45:00,2015-04-08,0.1224,0.0,0.0,66.0,0.1224,0.1224,0.1224,10000131,2015-05-27,2015-05-27,C,2.9,2015-04-08
5535,2015-04-08 09:46:00,2015-04-08,0.1224,0.0,0.0,66.0,0.1224,0.1224,0.1224,10000131,2015-05-27,2015-05-27,C,2.9,2015-04-08
5536,2015-04-08 09:47:00,2015-04-08,0.1224,0.0,0.0,66.0,0.1224,0.1224,0.1224,10000131,2015-05-27,2015-05-27,C,2.9,2015-04-08
5537,2015-04-08 09:48:00,2015-04-08,0.1278,6390.0,5.0,66.0,0.1278,0.1278,0.1278,10000131,2015-05-27,2015-05-27,C,2.9,2015-04-08
5538,2015-04-08 09:49:00,2015-04-08,0.1278,0.0,0.0,66.0,0.1278,0.1278,0.1278,10000131,2015-05-27,2015-05-27,C,2.9,2015-04-08
5539,2015-04-08 09:50:00,2015-04-08,0.1278,0.0,0.0,66.0,0.1278,0.1278,0.1278,10000131,2015-05-27,2015-05-27,C,2.9,2015-04-08
5540,2015-04-08 09:51:00,2015-04-08,0.1264,12615.0,10.0,71.0,0.1264,0.1264,0.1264,10000131,2015-05-27,2015-05-27,C,2.9,2015-04-08
5541,2015-04-08 09:52:00,2015-04-08,0.1263,2526.0,2.0,73.0,0.1263,0.1263,0.1263,10000131,2015-05-27,2015-05-27,C,2.9,2015-04-08
5542,2015-04-08 09:53:00,2015-04-08,0.1263,0.0,0.0,73.0,0.1263,0.1263,0.1263,10000131,2015-05-27,2015-05-27,C,2.9,2015-04-08
5543,2015-04-08 09:54:00,2015-04-08,0.129,1290.0,1.0,74.0,0.129,0.129,0.129,10000131,2015-05-27,2015-05-27,C,2.9,2015-04-08
5544,2015-04-08 09:55:00,2015-04-08,0.129,11610.0,9.0,83.0,0.129,0.129,0.129,10000131,2015-05-27,2015-05-27,C,2.9,2015-04-08
5545,2015-04-08 09:56:00,2015-04-08,0.129,0.0,0.0,83.0,0.129,0.129,0.129,10000131,2015-05-27,2015-05-27,C,2.9,2015-04-08
5546,2015-04-08 09:57:00,2015-04-08,0.1322,1322.0,1.0,84.0,0.1322,0.1322,0.1322,10000131,2015-05-27,2015-05-27,C,2.9,2015-04-08
5547,2015-04-08 09:58:00,2015-04-08,0.1322,0.0,0.0,84.0,0.1322,0.1322,0.1322,10000131,2015-05-27,2015-05-27,C,2.9,2015-04-08
5548,2015-04-08 09:59:00,2015-04-08,0.1322,0.0,0.0,84.0,0.1322,0.1322,0.1322,10000131,2015-05-27,2015-05-27,C,2.9,2015-04-08
5549,2015-04-08 10:00:00,2015-04-08,0.1322,0.0,0.0,84.0,0.1322,0.1322,0.1322,10000131,2015-05-27,2015-05-27,C,2.9,2015-04-08
5550,2015-04-08 10:01:00,2015-04-08,0.1322,0.0,0.0,84.0,0.1322,0.1322,0.1322,10000131,2015-05-27,2015-05-27,C,2.9,2015-04-08
5551,2015-04-08 10:02:00,2015-04-08,0.1322,0.0,0.0,84.0,0.1322,0.1322,0.1322,10000131,2015-05-27,2015-05-27,C,2.9,2015-04-08
5552,2015-04-08 10:03:00,2015-04-08,0.1322,0.0,0.0,84.0,0.1322,0.1322,0.1322,10000131,2015-05-27,2015-05-27,C,2.9,2015-04-08
5553,2015-04-08 10:04:00,2015-04-08,0.1322,0.0,0.0,84.0,0.1322,0.1322,0.1322,10000131,2015-05-27,2015-05-27,C,2.9,2015-04-08
5554,2015-04-08 10:05:00,2015-04-08,0.1322,0.0,0.0,84.0,0.1322,0.1322,0.1322,10000131,2015-05-27,2015-05-27,C,2.9,2015-04-08
5555,2015-04-08 10:06:00,2015-04-08,0.1322,0.0,0.0,84.0,0.1322,0.1322,0.1322,10000131,2015-05-27,2015-05-27,C,2.9,2015-04-08
5556,2015-04-08 10:07:00,2015-04-08,0.1322,0.0,0.0,84.0,0.1322,0.1322,0.1322,10000131,2015-05-27,2015-05-27,C,2.9,2015-04-08
5557,2015-04-08 10:08:00,2015-04-08,0.1298,2596.0,2.0,86.0,0.1298,0.1298,0.1298,10000131,2015-05-27,2015-05-27,C,2.9,2015-04-08
5558,2015-04-08 10:09:00,2015-04-08,0.1298,12970.0,10.0,96.0,0.1296,0.1298,0.1296,10000131,2015-05-27,2015-05-27,C,2.9,2015-04-08
5559,2015-04-08 10:10:00,2015-04-08,0.1298,12980.0,10.0,106.0,0.1298,0.1298,0.1298,10000131,2015-05-27,2015-05-27,C,2.9,2015-04-08
5560,2015-04-08 10:11:00,2015-04-08,0.1298,0.0,0.0,106.0,0.1298,0.1298,0.1298,10000131,2015-05-27,2015-05-27,C,2.9,2015-04-08
5561,2015-04-08 10:12:00,2015-04-08,0.1298,0.0,0.0,106.0,0.1298,0.1298,0.1298,10000131,2015-05-27,2015-05-27,C,2.9,2015-04-08
5562,2015-04-08 10:13:00,2015-04-08,0.1259,18815.0,15.0,121.0,0.1259,0.1252,0.1252,10000131,2015-05-27,2015-05-27,C,2.9,2015-04-08
5563,2015-04-08 10:14:00,2015-04-08,0.1252,0.0,0.0,121.0,0.1252,0.1252,0.1252,10000131,2015-05-27,2015-05-27,C,2.9,2015-04-08
5564,2015-04-08 10:15:00,2015-04-08,0.1252,0.0,0.0,121.0,0.1252,0.1252,0.1252,10000131,2015-05-27,2015-05-27,C,2.9,2015-04-08
5565,2015-04-08 10:16:00,2015-04-08,0.1252,0.0,0.0,121.0,0.1252,0.1252,0.1252,10000131,2015-05-27,2015-05-27,C,2.9,2015-04-08
5566,2015-04-08 10:17:00,2015-04-08,0.1252,0.0,0.0,121.0,0.1252,0.1252,0.1252,10000131,2015-05-27,2015-05-27,C,2.9,2015-04-08
5567,2015-04-08 10:18:00,2015-04-08,0.1252,0.0,0.0,121.0,0.1252,0.1252,0.1252,10000131,2015-05-27,2015-05-27,C,2.9,2015-04-08
5568,2015-04-08 10:19:00,2015-04-08,0.1252,0.0,0.0,121.0,0.1252,0.1252,0.1252,10000131,2015-05-27,2015-05-27,C,2.9,2015-04-08
5569,2015-04-08 10:20:00,2015-04-08,0.1263,1263.0,1.0,122.0,0.1263,0.1263,0.1263,10000131,2015-05-27,2015-05-27,C,2.9,2015-04-08
5570,2015-04-08 10:21:00,2015-04-08,0.1263,0.0,0.0,122.0,0.1263,0.1263,0.1263,10000131,2015-05-27,2015-05-27,C,2.9,2015-04-08
5571,2015-04-08 10:22:00,2015-04-08,0.1263,0.0,0.0,122.0,0.1263,0.1263,0.1263,10000131,2015-05-27,2015-05-27,C,2.9,2015-04-08
5572,2015-04-08 10:23:00,2015-04-08,0.1297,5188.0,4.0,126.0,0.1297,0.1297,0.1297,10000131,2015-05-27,2015-05-27,C,2.9,2015-04-08
5573,2015-04-08 10:24:00,2015-04-08,0.1297,0.0,0.0,126.0,0.1297,0.1297,0.1297,10000131,2015-05-27,2015-05-27,C,2.9,2015-04-08
5574,2015-04-08 10:25:00,2015-04-08,0.1297,0.0,0.0,126.0,0.1297,0.1297,0.1297,10000131,2015-05-27,2015-05-27,C,2.9,2015-04-08
5575,2015-04-08 10:26:00,2015-04-08,0.1297,0.0,0.0,126.0,0.1297,0.1297,0.1297,10000131,2015-05-27,2015-05-27,C,2.9,2015-04-08
5576,2015-04-08 10:27:00,2015-04-08,0.1297,0.0,0.0,126.0,0.1297,0.1297,0.1297,10000131,2015-05-27,2015-05-27,C,2.9,2015-04-08
5577,2015-04-08 10:28:00,2015-04-08,0.1297,0.0,0.0,126.0,0.1297,0.1297,0.1297,10000131,2015-05-27,2015-05-27,C,2.9,2015-04-08
5578,2015-04-08 10:29:00,2015-04-08,0.1297,0.0,0.0,126.0,0.1297,0.1297,0.1297,10000131,2015-05-27,2015-05-27,C,2.9,2015-04-08
5579,2015-04-08 10:30:00,2015-04-08,0.1297,0.0,0.0,126.0,0.1297,0.1297,0.1297,10000131,2015-05-27,2015-05-27,C,2.9,2015-04-08
5580,2015-04-08 10:31:00,2015-04-08,0.1297,0.0,0.0,126.0,0.1297,0.1297,0.1297,10000131,2015-05-27,2015-05-27,C,2.9,2015-04-08
5581,2015-04-08 10:32:00,2015-04-08,0.1297,0.0,0.0,126.0,0.1297,0.1297,0.1297,10000131,2015-05-27,2015-05-27,C,2.9,2015-04-08
5582,2015-04-08 10:33:00,2015-04-08,0.1297,0.0,0.0,126.0,0.1297,0.1297,0.1297,10000131,2015-05-27,2015-05-27,C,2.9,2015-04-08
5583,2015-04-08 10:34:00,2015-04-08,0.1324,13198.0,10.0,130.0,0.1324,0.1324,0.1324,10000131,2015-05-27,2015-05-27,C,2.9,2015-04-08
5584,2015-04-08 10:35:00,2015-04-08,0.1324,0.0,0.0,130.0,0.1324,0.1324,0.1324,10000131,2015-05-27,2015-05-27,C,2.9,2015-04-08
5585,2015-04-08 10:36:00,2015-04-08,0.1324,0.0,0.0,130.0,0.1324,0.1324,0.1324,10000131,2015-05-27,2015-05-27,C,2.9,2015-04-08
5586,2015-04-08 10:37:00,2015-04-08,0.1324,0.0,0.0,130.0,0.1324,0.1324,0.1324,10000131,2015-05-27,2015-05-27,C,2.9,2015-04-08
5587,2015-04-08 10:38:00,2015-04-08,0.1324,0.0,0.0,130.0,0.1324,0.1324,0.1324,10000131,2015-05-27,2015-05-27,C,2.9,2015-04-08
5588,2015-04-08 10:39:00,2015-04-08,0.1324,0.0,0.0,130.0,0.1324,0.1324,0.1324,10000131,2015-05-27,2015-05-27,C,2.9,2015-04-08
5589,2015-04-08 10:40:00,2015-04-08,0.1374,6870.0,5.0,135.0,0.1374,0.1374,0.1374,10000131,2015-05-27,2015-05-27,C,2.9,2015-04-08
5590,2015-04-08 10:41:00,2015-04-08,0.1374,0.0,0.0,135.0,0.1374,0.1374,0.1374,10000131,2015-05-27,2015-05-27,C,2.9,2015-04-08
5591,2015-04-08 10:42:00,2015-04-08,0.1374,6870.0,5.0,140.0,0.1374,0.1374,0.1374,10000131,2015-05-27,2015-05-27,C,2.9,2015-04-08
5592,2015-04-08 10:43:00,2015-04-08,0.1374,0.0,0.0,140.0,0.1374,0.1374,0.1374,10000131,2015-05-27,2015-05-27,C,2.9,2015-04-08
5593,2015-04-08 10:44:00,2015-04-08,0.1374,0.0,0.0,140.0,0.1374,0.1374,0.1374,10000131,2015-05-27,2015-05-27,C,2.9,2015-04-08
5594,2015-04-08 10:45:00,2015-04-08,0.1374,0.0,0.0,140.0,0.1374,0.1374,0.1374,10000131,2015-05-27,2015-05-27,C,2.9,2015-04-08
5595,2015-04-08 10:46:00,2015-04-08,0.1374,0.0,0.0,140.0,0.1374,0.1374,0.1374,10000131,2015-05-27,2015-05-27,C,2.9,2015-04-08
5596,2015-04-08 10:47:00,2015-04-08,0.1382,4146.0,3.0,143.0,0.1382,0.1382,0.1382,10000131,2015-05-27,2015-05-27,C,2.9,2015-04-08
5597,2015-04-08 10:48:00,2015-04-08,0.1382,0.0,0.0,143.0,0.1382,0.1382,0.1382,10000131,2015-05-27,2015-05-27,C,2.9,2015-04-08
5598,2015-04-08 10:49:00,2015-04-08,0.1382,0.0,0.0,143.0,0.1382,0.1382,0.1382,10000131,2015-05-27,2015-05-27,C,2.9,2015-04-08
5599,2015-04-08 10:50:00,2015-04-08,0.1382,0.0,0.0,143.0,0.1382,0.1382,0.1382,10000131,2015-05-27,2015-05-27,C,2.9,2015-04-08
5600,2015-04-08 10:51:00,2015-04-08,0.1382,0.0,0.0,143.0,0.1382,0.1382,0.1382,10000131,2015-05-27,2015-05-27,C,2.9,2015-04-08
5601,2015-04-08 10:52:00,2015-04-08,0.1288,1288.0,1.0,143.0,0.1288,0.1288,0.1288,10000131,2015-05-27,2015-05-27,C,2.9,2015-04-08
5602,2015-04-08 10:53:00,2015-04-08,0.1288,0.0,0.0,143.0,0.1288,0.1288,0.1288,10000131,2015-05-27,2015-05-27,C,2.9,2015-04-08
5603,2015-04-08 10:54:00,2015-04-08,0.1288,0.0,0.0,143.0,0.1288,0.1288,0.1288,10000131,2015-05-27,2015-05-27,C,2.9,2015-04-08
5604,2015-04-08 10:55:00,2015-04-08,0.1288,0.0,0.0,143.0,0.1288,0.1288,0.1288,10000131,2015-05-27,2015-05-27,C,2.9,2015-04-08
5605,2015-04-08 10:56:00,2015-04-08,0.1288,0.0,0.0,143.0,0.1288,0.1288,0.1288,10000131,2015-05-27,2015-05-27,C,2.9,2015-04-08
5606,2015-04-08 10:57:00,2015-04-08,0.1232,3696.0,3.0,146.0,0.1232,0.1232,0.1232,10000131,2015-05-27,2015-05-27,C,2.9,2015-04-08
5607,2015-04-08 10:58:00,2015-04-08,0.1232,0.0,0.0,146.0,0.1232,0.1232,0.1232,10000131,2015-05-27,2015-05-27,C,2.9,2015-04-08
5608,2015-04-08 10:59:00,2015-04-08,0.1232,0.0,0.0,146.0,0.1232,0.1232,0.1232,10000131,2015-05-27,2015-05-27,C,2.9,2015-04-08
5609,2015-04-08 11:00:00,2015-04-08,0.1232,0.0,0.0,146.0,0.1232,0.1232,0.1232,10000131,2015-05-27,2015-05-27,C,2.9,2015-04-08
5610,2015-04-08 11:01:00,2015-04-08,0.1232,0.0,0.0,146.0,0.1232,0.1232,0.1232,10000131,2015-05-27,2015-05-27,C,2.9,2015-04-08
5611,2015-04-08 11:02:00,2015-04-08,0.1232,0.0,0.0,146.0,0.1232,0.1232,0.1232,10000131,2015-05-27,2015-05-27,C,2.9,2015-04-08
5612,2015-04-08 11:03:00,2015-04-08,0.1232,0.0,0.0,146.0,0.1232,0.1232,0.1232,10000131,2015-05-27,2015-05-27,C,2.9,2015-04-08
5613,2015-04-08 11:04:00,2015-04-08,0.1232,0.0,0.0,146.0,0.1232,0.1232,0.1232,10000131,2015-05-27,2015-05-27,C,2.9,2015-04-08
5614,2015-04-08 11:05:00,2015-04-08,0.1232,0.0,0.0,146.0,0.1232,0.1232,0.1232,10000131,2015-05-27,2015-05-27,C,2.9,2015-04-08
5615,2015-04-08 11:06:00,2015-04-08,0.1232,0.0,0.0,146.0,0.1232,0.1232,0.1232,10000131,2015-05-27,2015-05-27,C,2.9,2015-04-08
5616,2015-04-08 11:07:00,2015-04-08,0.1232,0.0,0.0,146.0,0.1232,0.1232,0.1232,10000131,2015-05-27,2015-05-27,C,2.9,2015-04-08
5617,2015-04-08 11:08:00,2015-04-08,0.1232,0.0,0.0,146.0,0.1232,0.1232,0.1232,10000131,2015-05-27,2015-05-27,C,2.9,2015-04-08
5618,2015-04-08 11:09:00,2015-04-08,0.1232,0.0,0.0,146.0,0.1232,0.1232,0.1232,10000131,2015-05-27,2015-05-27,C,2.9,2015-04-08
5619,2015-04-08 11:10:00,2015-04-08,0.1232,0.0,0.0,146.0,0.1232,0.1232,0.1232,10000131,2015-05-27,2015-05-27,C,2.9,2015-04-08
5620,2015-04-08 11:11:00,2015-04-08,0.1232,0.0,0.0,146.0,0.1232,0.1232,0.1232,10000131,2015-05-27,2015-05-27,C,2.9,2015-04-08
5621,2015-04-08 11:12:00,2015-04-08,0.1232,0.0,0.0,146.0,0.1232,0.1232,0.1232,10000131,2015-05-27,2015-05-27,C,2.9,2015-04-08
5622,2015-04-08 11:13:00,2015-04-08,0.1232,0.0,0.0,146.0,0.1232,0.1232,0.1232,10000131,2015-05-27,2015-05-27,C,2.9,2015-04-08
5623,2015-04-08 11:14:00,2015-04-08,0.1232,0.0,0.0,146.0,0.1232,0.1232,0.1232,10000131,2015-05-27,2015-05-27,C,2.9,2015-04-08
5624,2015-04-08 11:15:00,2015-04-08,0.1232,0.0,0.0,146.0,0.1232,0.1232,0.1232,10000131,2015-05-27,2015-05-27,C,2.9,2015-04-08
5625,2015-04-08 11:16:00,2015-04-08,0.1232,0.0,0.0,146.0,0.1232,0.1232,0.1232,10000131,2015-05-27,2015-05-27,C,2.9,2015-04-08
5626,2015-04-08 11:17:00,2015-04-08,0.1232,0.0,0.0,146.0,0.1232,0.1232,0.1232,10000131,2015-05-27,2015-05-27,C,2.9,2015-04-08
5627,2015-04-08 11:18:00,2015-04-08,0.1232,0.0,0.0,146.0,0.1232,0.1232,0.1232,10000131,2015-05-27,2015-05-27,C,2.9,2015-04-08
5628,2015-04-08 11:19:00,2015-04-08,0.1232,0.0,0.0,146.0,0.1232,0.1232,0.1232,10000131,2015-05-27,2015-05-27,C,2.9,2015-04-08
5629,2015-04-08 11:20:00,2015-04-08,0.1232,0.0,0.0,146.0,0.1232,0.1232,0.1232,10000131,2015-05-27,2015-05-27,C,2.9,2015-04-08
5630,2015-04-08 11:21:00,2015-04-08,0.1232,0.0,0.0,146.0,0.1232,0.1232,0.1232,10000131,2015-05-27,2015-05-27,C,2.9,2015-04-08
5631,2015-04-08 11:22:00,2015-04-08,0.1232,0.0,0.0,146.0,0.1232,0.1232,0.1232,10000131,2015-05-27,2015-05-27,C,2.9,2015-04-08
5632,2015-04-08 11:23:00,2015-04-08,0.1232,0.0,0.0,146.0,0.1232,0.1232,0.1232,10000131,2015-05-27,2015-05-27,C,2.9,2015-04-08
5633,2015-04-08 11:24:00,2015-04-08,0.1244,6220.0,5.0,151.0,0.1244,0.1244,0.1244,10000131,2015-05-27,2015-05-27,C,2.9,2015-04-08
5634,2015-04-08 11:25:00,2015-04-08,0.1244,0.0,0.0,151.0,0.1244,0.1244,0.1244,10000131,2015-05-27,2015-05-27,C,2.9,2015-04-08
5635,2015-04-08 11:26:00,2015-04-08,0.1244,0.0,0.0,151.0,0.1244,0.1244,0.1244,10000131,2015-05-27,2015-05-27,C,2.9,2015-04-08
5636,2015-04-08 11:27:00,2015-04-08,0.1244,0.0,0.0,151.0,0.1244,0.1244,0.1244,10000131,2015-05-27,2015-05-27,C,2.9,2015-04-08
5637,2015-04-08 11:28:00,2015-04-08,0.1244,0.0,0.0,151.0,0.1244,0.1244,0.1244,10000131,2015-05-27,2015-05-27,C,2.9,2015-04-08
5638,2015-04-08 11:29:00,2015-04-08,0.1244,0.0,0.0,151.0,0.1244,0.1244,0.1244,10000131,2015-05-27,2015-05-27,C,2.9,2015-04-08
5639,2015-04-08 11:30:00,2015-04-08,0.1244,0.0,0.0,151.0,0.1244,0.1244,0.1244,10000131,2015-05-27,2015-05-27,C,2.9,2015-04-08
5640,2015-04-08 13:01:00,2015-04-08,0.1244,0.0,0.0,151.0,0.1244,0.1244,0.1244,10000131,2015-05-27,2015-05-27,C,2.9,2015-04-08
5641,2015-04-08 13:02:00,2015-04-08,0.1244,0.0,0.0,151.0,0.1244,0.1244,0.1244,10000131,2015-05-27,2015-05-27,C,2.9,2015-04-08
5642,2015-04-08 13:03:00,2015-04-08,0.1244,0.0,0.0,151.0,0.1244,0.1244,0.1244,10000131,2015-05-27,2015-05-27,C,2.9,2015-04-08
5643,2015-04-08 13:04:00,2015-04-08,0.1414,1414.0,1.0,152.0,0.1414,0.1414,0.1414,10000131,2015-05-27,2015-05-27,C,2.9,2015-04-08
5644,2015-04-08 13:05:00,2015-04-08,0.1414,0.0,0.0,152.0,0.1414,0.1414,0.1414,10000131,2015-05-27,2015-05-27,C,2.9,2015-04-08
5645,2015-04-08 13:06:00,2015-04-08,0.1414,0.0,0.0,152.0,0.1414,0.1414,0.1414,10000131,2015-05-27,2015-05-27,C,2.9,2015-04-08
5646,2015-04-08 13:07:00,2015-04-08,0.1414,0.0,0.0,152.0,0.1414,0.1414,0.1414,10000131,2015-05-27,2015-05-27,C,2.9,2015-04-08
5647,2015-04-08 13:08:00,2015-04-08,0.1414,0.0,0.0,152.0,0.1414,0.1414,0.1414,10000131,2015-05-27,2015-05-27,C,2.9,2015-04-08
5648,2015-04-08 13:09:00,2015-04-08,0.1414,0.0,0.0,152.0,0.1414,0.1414,0.1414,10000131,2015-05-27,2015-05-27,C,2.9,2015-04-08
5649,2015-04-08 13:10:00,2015-04-08,0.1414,0.0,0.0,152.0,0.1414,0.1414,0.1414,10000131,2015-05-27,2015-05-27,C,2.9,2015-04-08
5650,2015-04-08 13:11:00,2015-04-08,0.1422,5688.0,4.0,156.0,0.1422,0.1422,0.1422,10000131,2015-05-27,2015-05-27,C,2.9,2015-04-08
5651,2015-04-08 13:12:00,2015-04-08,0.1422,0.0,0.0,156.0,0.1422,0.1422,0.1422,10000131,2015-05-27,2015-05-27,C,2.9,2015-04-08
5652,2015-04-08 13:13:00,2015-04-08,0.1422,0.0,0.0,156.0,0.1422,0.1422,0.1422,10000131,2015-05-27,2015-05-27,C,2.9,2015-04-08
5653,2015-04-08 13:14:00,2015-04-08,0.1422,0.0,0.0,156.0,0.1422,0.1422,0.1422,10000131,2015-05-27,2015-05-27,C,2.9,2015-04-08
5654,2015-04-08 13:15:00,2015-04-08,0.1422,0.0,0.0,156.0,0.1422,0.1422,0.1422,10000131,2015-05-27,2015-05-27,C,2.9,2015-04-08
5655,2015-04-08 13:16:00,2015-04-08,0.1422,0.0,0.0,156.0,0.1422,0.1422,0.1422,10000131,2015-05-27,2015-05-27,C,2.9,2015-04-08
5656,2015-04-08 13:17:00,2015-04-08,0.1422,0.0,0.0,156.0,0.1422,0.1422,0.1422,10000131,2015-05-27,2015-05-27,C,2.9,2015-04-08
5657,2015-04-08 13:18:00,2015-04-08,0.1422,0.0,0.0,156.0,0.1422,0.1422,0.1422,10000131,2015-05-27,2015-05-27,C,2.9,2015-04-08
5658,2015-04-08 13:19:00,2015-04-08,0.1422,0.0,0.0,156.0,0.1422,0.1422,0.1422,10000131,2015-05-27,2015-05-27,C,2.9,2015-04-08
5659,2015-04-08 13:20:00,2015-04-08,0.1422,0.0,0.0,156.0,0.1422,0.1422,0.1422,10000131,2015-05-27,2015-05-27,C,2.9,2015-04-08
5660,2015-04-08 13:21:00,2015-04-08,0.1571,12440.0,8.0,164.0,0.1548,0.1558,0.1548,10000131,2015-05-27,2015-05-27,C,2.9,2015-04-08
5661,2015-04-08 13:22:00,2015-04-08,0.1558,0.0,0.0,164.0,0.1558,0.1558,0.1558,10000131,2015-05-27,2015-05-27,C,2.9,2015-04-08
5662,2015-04-08 13:23:00,2015-04-08,0.1558,0.0,0.0,164.0,0.1558,0.1558,0.1558,10000131,2015-05-27,2015-05-27,C,2.9,2015-04-08
5663,2015-04-08 13:24:00,2015-04-08,0.1558,0.0,0.0,164.0,0.1558,0.1558,0.1558,10000131,2015-05-27,2015-05-27,C,2.9,2015-04-08
5664,2015-04-08 13:25:00,2015-04-08,0.1498,14980.0,10.0,164.0,0.1498,0.1498,0.1498,10000131,2015-05-27,2015-05-27,C,2.9,2015-04-08
5665,2015-04-08 13:26:00,2015-04-08,0.1498,0.0,0.0,164.0,0.1498,0.1498,0.1498,10000131,2015-05-27,2015-05-27,C,2.9,2015-04-08
5666,2015-04-08 13:27:00,2015-04-08,0.1498,0.0,0.0,164.0,0.1498,0.1498,0.1498,10000131,2015-05-27,2015-05-27,C,2.9,2015-04-08
5667,2015-04-08 13:28:00,2015-04-08,0.1536,7680.0,5.0,169.0,0.1536,0.1536,0.1536,10000131,2015-05-27,2015-05-27,C,2.9,2015-04-08
5668,2015-04-08 13:29:00,2015-04-08,0.1536,0.0,0.0,169.0,0.1536,0.1536,0.1536,10000131,2015-05-27,2015-05-27,C,2.9,2015-04-08
5669,2015-04-08 13:30:00,2015-04-08,0.1536,0.0,0.0,169.0,0.1536,0.1536,0.1536,10000131,2015-05-27,2015-05-27,C,2.9,2015-04-08
5670,2015-04-08 13:31:00,2015-04-08,0.1536,0.0,0.0,169.0,0.1536,0.1536,0.1536,10000131,2015-05-27,2015-05-27,C,2.9,2015-04-08
5671,2015-04-08 13:32:00,2015-04-08,0.1536,0.0,0.0,169.0,0.1536,0.1536,0.1536,10000131,2015-05-27,2015-05-27,C,2.9,2015-04-08
5672,2015-04-08 13:33:00,2015-04-08,0.1536,0.0,0.0,169.0,0.1536,0.1536,0.1536,10000131,2015-05-27,2015-05-27,C,2.9,2015-04-08
5673,2015-04-08 13:34:00,2015-04-08,0.1536,0.0,0.0,169.0,0.1536,0.1536,0.1536,10000131,2015-05-27,2015-05-27,C,2.9,2015-04-08
5674,2015-04-08 13:35:00,2015-04-08,0.1536,0.0,0.0,169.0,0.1536,0.1536,0.1536,10000131,2015-05-27,2015-05-27,C,2.9,2015-04-08
5675,2015-04-08 13:36:00,2015-04-08,0.1536,0.0,0.0,169.0,0.1536,0.1536,0.1536,10000131,2015-05-27,2015-05-27,C,2.9,2015-04-08
5676,2015-04-08 13:37:00,2015-04-08,0.1536,0.0,0.0,169.0,0.1536,0.1536,0.1536,10000131,2015-05-27,2015-05-27,C,2.9,2015-04-08
5677,2015-04-08 13:38:00,2015-04-08,0.1536,0.0,0.0,169.0,0.1536,0.1536,0.1536,10000131,2015-05-27,2015-05-27,C,2.9,2015-04-08
5678,2015-04-08 13:39:00,2015-04-08,0.1536,0.0,0.0,169.0,0.1536,0.1536,0.1536,10000131,2015-05-27,2015-05-27,C,2.9,2015-04-08
5679,2015-04-08 13:40:00,2015-04-08,0.1536,15360.0,10.0,179.0,0.1536,0.1536,0.1536,10000131,2015-05-27,2015-05-27,C,2.9,2015-04-08
5680,2015-04-08 13:41:00,2015-04-08,0.1536,0.0,0.0,179.0,0.1536,0.1536,0.1536,10000131,2015-05-27,2015-05-27,C,2.9,2015-04-08
5681,2015-04-08 13:42:00,2015-04-08,0.151,15100.0,10.0,189.0,0.151,0.151,0.151,10000131,2015-05-27,2015-05-27,C,2.9,2015-04-08
5682,2015-04-08 13:43:00,2015-04-08,0.151,0.0,0.0,189.0,0.151,0.151,0.151,10000131,2015-05-27,2015-05-27,C,2.9,2015-04-08
5683,2015-04-08 13:44:00,2015-04-08,0.151,0.0,0.0,189.0,0.151,0.151,0.151,10000131,2015-05-27,2015-05-27,C,2.9,2015-04-08
5684,2015-04-08 13:45:00,2015-04-08,0.151,0.0,0.0,189.0,0.151,0.151,0.151,10000131,2015-05-27,2015-05-27,C,2.9,2015-04-08
5685,2015-04-08 13:46:00,2015-04-08,0.151,0.0,0.0,189.0,0.151,0.151,0.151,10000131,2015-05-27,2015-05-27,C,2.9,2015-04-08
5686,2015-04-08 13:47:00,2015-04-08,0.151,0.0,0.0,189.0,0.151,0.151,0.151,10000131,2015-05-27,2015-05-27,C,2.9,2015-04-08
5687,2015-04-08 13:48:00,2015-04-08,0.1491,7455.0,5.0,184.0,0.1491,0.1491,0.1491,10000131,2015-05-27,2015-05-27,C,2.9,2015-04-08
5688,2015-04-08 13:49:00,2015-04-08,0.1491,0.0,0.0,184.0,0.1491,0.1491,0.1491,10000131,2015-05-27,2015-05-27,C,2.9,2015-04-08
5689,2015-04-08 13:50:00,2015-04-08,0.1491,0.0,0.0,184.0,0.1491,0.1491,0.1491,10000131,2015-05-27,2015-05-27,C,2.9,2015-04-08
5690,2015-04-08 13:51:00,2015-04-08,0.1491,0.0,0.0,184.0,0.1491,0.1491,0.1491,10000131,2015-05-27,2015-05-27,C,2.9,2015-04-08
5691,2015-04-08 13:52:00,2015-04-08,0.1491,0.0,0.0,184.0,0.1491,0.1491,0.1491,10000131,2015-05-27,2015-05-27,C,2.9,2015-04-08
5692,2015-04-08 13:53:00,2015-04-08,0.1558,1558.0,1.0,185.0,0.1558,0.1558,0.1558,10000131,2015-05-27,2015-05-27,C,2.9,2015-04-08
5693,2015-04-08 13:54:00,2015-04-08,0.1558,0.0,0.0,185.0,0.1558,0.1558,0.1558,10000131,2015-05-27,2015-05-27,C,2.9,2015-04-08
5694,2015-04-08 13:55:00,2015-04-08,0.156,1560.0,1.0,185.0,0.156,0.156,0.156,10000131,2015-05-27,2015-05-27,C,2.9,2015-04-08
5695,2015-04-08 13:56:00,2015-04-08,0.1571,7855.0,5.0,186.0,0.1571,0.1571,0.1571,10000131,2015-05-27,2015-05-27,C,2.9,2015-04-08
5696,2015-04-08 13:57:00,2015-04-08,0.1571,0.0,0.0,186.0,0.1571,0.1571,0.1571,10000131,2015-05-27,2015-05-27,C,2.9,2015-04-08
5697,2015-04-08 13:58:00,2015-04-08,0.1571,0.0,0.0,186.0,0.1571,0.1571,0.1571,10000131,2015-05-27,2015-05-27,C,2.9,2015-04-08
5698,2015-04-08 13:59:00,2015-04-08,0.1571,1571.0,1.0,186.0,0.1571,0.1571,0.1571,10000131,2015-05-27,2015-05-27,C,2.9,2015-04-08
5699,2015-04-08 14:00:00,2015-04-08,0.1571,0.0,0.0,186.0,0.1571,0.1571,0.1571,10000131,2015-05-27,2015-05-27,C,2.9,2015-04-08
5700,2015-04-08 14:01:00,2015-04-08,0.1571,0.0,0.0,186.0,0.1571,0.1571,0.1571,10000131,2015-05-27,2015-05-27,C,2.9,2015-04-08
5701,2015-04-08 14:02:00,2015-04-08,0.1571,0.0,0.0,186.0,0.1571,0.1571,0.1571,10000131,2015-05-27,2015-05-27,C,2.9,2015-04-08
5702,2015-04-08 14:03:00,2015-04-08,0.1571,0.0,0.0,186.0,0.1571,0.1571,0.1571,10000131,2015-05-27,2015-05-27,C,2.9,2015-04-08
5703,2015-04-08 14:04:00,2015-04-08,0.1571,0.0,0.0,186.0,0.1571,0.1571,0.1571,10000131,2015-05-27,2015-05-27,C,2.9,2015-04-08
5704,2015-04-08 14:05:00,2015-04-08,0.1571,0.0,0.0,186.0,0.1571,0.1571,0.1571,10000131,2015-05-27,2015-05-27,C,2.9,2015-04-08
5705,2015-04-08 14:06:00,2015-04-08,0.1571,0.0,0.0,186.0,0.1571,0.1571,0.1571,10000131,2015-05-27,2015-05-27,C,2.9,2015-04-08
5706,2015-04-08 14:07:00,2015-04-08,0.151,15080.0,10.0,196.0,0.151,0.1506,0.1506,10000131,2015-05-27,2015-05-27,C,2.9,2015-04-08
5707,2015-04-08 14:08:00,2015-04-08,0.1506,0.0,0.0,196.0,0.1506,0.1506,0.1506,10000131,2015-05-27,2015-05-27,C,2.9,2015-04-08
5708,2015-04-08 14:09:00,2015-04-08,0.1506,0.0,0.0,196.0,0.1506,0.1506,0.1506,10000131,2015-05-27,2015-05-27,C,2.9,2015-04-08
5709,2015-04-08 14:10:00,2015-04-08,0.1506,0.0,0.0,196.0,0.1506,0.1506,0.1506,10000131,2015-05-27,2015-05-27,C,2.9,2015-04-08
5710,2015-04-08 14:11:00,2015-04-08,0.1506,0.0,0.0,196.0,0.1506,0.1506,0.1506,10000131,2015-05-27,2015-05-27,C,2.9,2015-04-08
5711,2015-04-08 14:12:00,2015-04-08,0.1506,0.0,0.0,196.0,0.1506,0.1506,0.1506,10000131,2015-05-27,2015-05-27,C,2.9,2015-04-08
5712,2015-04-08 14:13:00,2015-04-08,0.1506,0.0,0.0,196.0,0.1506,0.1506,0.1506,10000131,2015-05-27,2015-05-27,C,2.9,2015-04-08
5713,2015-04-08 14:14:00,2015-04-08,0.1506,0.0,0.0,196.0,0.1506,0.1506,0.1506,10000131,2015-05-27,2015-05-27,C,2.9,2015-04-08
5714,2015-04-08 14:15:00,2015-04-08,0.1506,0.0,0.0,196.0,0.1506,0.1506,0.1506,10000131,2015-05-27,2015-05-27,C,2.9,2015-04-08
5715,2015-04-08 14:16:00,2015-04-08,0.1506,0.0,0.0,196.0,0.1506,0.1506,0.1506,10000131,2015-05-27,2015-05-27,C,2.9,2015-04-08
5716,2015-04-08 14:17:00,2015-04-08,0.1506,0.0,0.0,196.0,0.1506,0.1506,0.1506,10000131,2015-05-27,2015-05-27,C,2.9,2015-04-08
5717,2015-04-08 14:18:00,2015-04-08,0.1506,0.0,0.0,196.0,0.1506,0.1506,0.1506,10000131,2015-05-27,2015-05-27,C,2.9,2015-04-08
5718,2015-04-08 14:19:00,2015-04-08,0.14800000000000002,36815.0,25.0,211.0,0.14800000000000002,0.147,0.147,10000131,2015-05-27,2015-05-27,C,2.9,2015-04-08
5719,2015-04-08 14:20:00,2015-04-08,0.147,0.0,0.0,211.0,0.147,0.147,0.147,10000131,2015-05-27,2015-05-27,C,2.9,2015-04-08
5720,2015-04-08 14:21:00,2015-04-08,0.1488,1488.0,1.0,212.0,0.1488,0.1488,0.1488,10000131,2015-05-27,2015-05-27,C,2.9,2015-04-08
5721,2015-04-08 14:22:00,2015-04-08,0.1488,0.0,0.0,212.0,0.1488,0.1488,0.1488,10000131,2015-05-27,2015-05-27,C,2.9,2015-04-08
5722,2015-04-08 14:23:00,2015-04-08,0.1488,0.0,0.0,212.0,0.1488,0.1488,0.1488,10000131,2015-05-27,2015-05-27,C,2.9,2015-04-08
5723,2015-04-08 14:24:00,2015-04-08,0.1488,0.0,0.0,212.0,0.1488,0.1488,0.1488,10000131,2015-05-27,2015-05-27,C,2.9,2015-04-08
5724,2015-04-08 14:25:00,2015-04-08,0.1488,0.0,0.0,212.0,0.1488,0.1488,0.1488,10000131,2015-05-27,2015-05-27,C,2.9,2015-04-08
5725,2015-04-08 14:26:00,2015-04-08,0.1488,0.0,0.0,212.0,0.1488,0.1488,0.1488,10000131,2015-05-27,2015-05-27,C,2.9,2015-04-08
5726,2015-04-08 14:27:00,2015-04-08,0.1488,0.0,0.0,212.0,0.1488,0.1488,0.1488,10000131,2015-05-27,2015-05-27,C,2.9,2015-04-08
5727,2015-04-08 14:28:00,2015-04-08,0.1488,0.0,0.0,212.0,0.1488,0.1488,0.1488,10000131,2015-05-27,2015-05-27,C,2.9,2015-04-08
5728,2015-04-08 14:29:00,2015-04-08,0.1488,0.0,0.0,212.0,0.1488,0.1488,0.1488,10000131,2015-05-27,2015-05-27,C,2.9,2015-04-08
5729,2015-04-08 14:30:00,2015-04-08,0.1488,0.0,0.0,212.0,0.1488,0.1488,0.1488,10000131,2015-05-27,2015-05-27,C,2.9,2015-04-08
5730,2015-04-08 14:31:00,2015-04-08,0.1488,0.0,0.0,212.0,0.1488,0.1488,0.1488,10000131,2015-05-27,2015-05-27,C,2.9,2015-04-08
5731,2015-04-08 14:32:00,2015-04-08,0.1488,0.0,0.0,212.0,0.1488,0.1488,0.1488,10000131,2015-05-27,2015-05-27,C,2.9,2015-04-08
5732,2015-04-08 14:33:00,2015-04-08,0.1488,0.0,0.0,212.0,0.1488,0.1488,0.1488,10000131,2015-05-27,2015-05-27,C,2.9,2015-04-08
5733,2015-04-08 14:34:00,2015-04-08,0.1488,0.0,0.0,212.0,0.1488,0.1488,0.1488,10000131,2015-05-27,2015-05-27,C,2.9,2015-04-08
5734,2015-04-08 14:35:00,2015-04-08,0.1488,0.0,0.0,212.0,0.1488,0.1488,0.1488,10000131,2015-05-27,2015-05-27,C,2.9,2015-04-08
5735,2015-04-08 14:36:00,2015-04-08,0.1488,0.0,0.0,212.0,0.1488,0.1488,0.1488,10000131,2015-05-27,2015-05-27,C,2.9,2015-04-08
5736,2015-04-08 14:37:00,2015-04-08,0.1488,0.0,0.0,212.0,0.1488,0.1488,0.1488,10000131,2015-05-27,2015-05-27,C,2.9,2015-04-08
5737,2015-04-08 14:38:00,2015-04-08,0.1488,0.0,0.0,212.0,0.1488,0.1488,0.1488,10000131,2015-05-27,2015-05-27,C,2.9,2015-04-08
5738,2015-04-08 14:39:00,2015-04-08,0.1488,0.0,0.0,212.0,0.1488,0.1488,0.1488,10000131,2015-05-27,2015-05-27,C,2.9,2015-04-08
5739,2015-04-08 14:40:00,2015-04-08,0.1488,0.0,0.0,212.0,0.1488,0.1488,0.1488,10000131,2015-05-27,2015-05-27,C,2.9,2015-04-08
5740,2015-04-08 14:41:00,2015-04-08,0.1497,7485.0,5.0,217.0,0.1497,0.1497,0.1497,10000131,2015-05-27,2015-05-27,C,2.9,2015-04-08
5741,2015-04-08 14:42:00,2015-04-08,0.1497,0.0,0.0,217.0,0.1497,0.1497,0.1497,10000131,2015-05-27,2015-05-27,C,2.9,2015-04-08
5742,2015-04-08 14:43:00,2015-04-08,0.1497,0.0,0.0,217.0,0.1497,0.1497,0.1497,10000131,2015-05-27,2015-05-27,C,2.9,2015-04-08
5743,2015-04-08 14:44:00,2015-04-08,0.1501,8962.0,6.0,221.0,0.1501,0.1457,0.1457,10000131,2015-05-27,2015-05-27,C,2.9,2015-04-08
5744,2015-04-08 14:45:00,2015-04-08,0.1524,15240.0,10.0,231.0,0.1524,0.1524,0.1524,10000131,2015-05-27,2015-05-27,C,2.9,2015-04-08
5745,2015-04-08 14:46:00,2015-04-08,0.1524,0.0,0.0,231.0,0.1524,0.1524,0.1524,10000131,2015-05-27,2015-05-27,C,2.9,2015-04-08
5746,2015-04-08 14:47:00,2015-04-08,0.1524,0.0,0.0,231.0,0.1524,0.1524,0.1524,10000131,2015-05-27,2015-05-27,C,2.9,2015-04-08
5747,2015-04-08 14:48:00,2015-04-08,0.1524,0.0,0.0,231.0,0.1524,0.1524,0.1524,10000131,2015-05-27,2015-05-27,C,2.9,2015-04-08
5748,2015-04-08 14:49:00,2015-04-08,0.1524,0.0,0.0,231.0,0.1524,0.1524,0.1524,10000131,2015-05-27,2015-05-27,C,2.9,2015-04-08
5749,2015-04-08 14:50:00,2015-04-08,0.1524,0.0,0.0,231.0,0.1524,0.1524,0.1524,10000131,2015-05-27,2015-05-27,C,2.9,2015-04-08
5750,2015-04-08 14:51:00,2015-04-08,0.1524,0.0,0.0,231.0,0.1524,0.1524,0.1524,10000131,2015-05-27,2015-05-27,C,2.9,2015-04-08
5751,2015-04-08 14:52:00,2015-04-08,0.1524,0.0,0.0,231.0,0.1524,0.1524,0.1524,10000131,2015-05-27,2015-05-27,C,2.9,2015-04-08
5752,2015-04-08 14:53:00,2015-04-08,0.1524,0.0,0.0,231.0,0.1524,0.1524,0.1524,10000131,2015-05-27,2015-05-27,C,2.9,2015-04-08
5753,2015-04-08 14:54:00,2015-04-08,0.1524,0.0,0.0,231.0,0.1524,0.1524,0.1524,10000131,2015-05-27,2015-05-27,C,2.9,2015-04-08
5754,2015-04-08 14:55:00,2015-04-08,0.1524,0.0,0.0,231.0,0.1524,0.1524,0.1524,10000131,2015-05-27,2015-05-27,C,2.9,2015-04-08
5755,2015-04-08 14:56:00,2015-04-08,0.1524,0.0,0.0,231.0,0.1524,0.1524,0.1524,10000131,2015-05-27,2015-05-27,C,2.9,2015-04-08
5756,2015-04-08 14:57:00,2015-04-08,0.1524,0.0,0.0,231.0,0.1524,0.1524,0.1524,10000131,2015-05-27,2015-05-27,C,2.9,2015-04-08
5757,2015-04-08 14:58:00,2015-04-08,0.1524,0.0,0.0,231.0,0.1524,0.1524,0.1524,10000131,2015-05-27,2015-05-27,C,2.9,2015-04-08
5758,2015-04-08 14:59:00,2015-04-08,0.1524,0.0,0.0,231.0,0.1524,0.1524,0.1524,10000131,2015-05-27,2015-05-27,C,2.9,2015-04-08
5759,2015-04-08 15:00:00,2015-04-08,0.1524,0.0,0.0,231.0,0.1524,0.1524,0.1524,10000131,2015-05-27,2015-05-27,C,2.9,2015-04-08
5760,2015-04-08 09:31:00,2015-04-08,0.3009,30090.0,10.0,314.0,0.3009,0.3009,0.3009,10000107,2015-05-27,2015-05-27,C,2.6,2015-03-26
5761,2015-04-08 09:32:00,2015-04-08,0.3009,0.0,0.0,314.0,0.3009,0.3009,0.3009,10000107,2015-05-27,2015-05-27,C,2.6,2015-03-26
5762,2015-04-08 09:33:00,2015-04-08,0.3009,0.0,0.0,314.0,0.3009,0.3009,0.3009,10000107,2015-05-27,2015-05-27,C,2.6,2015-03-26
5763,2015-04-08 09:34:00,2015-04-08,0.3009,0.0,0.0,314.0,0.3009,0.3009,0.3009,10000107,2015-05-27,2015-05-27,C,2.6,2015-03-26
5764,2015-04-08 09:35:00,2015-04-08,0.3009,0.0,0.0,314.0,0.3009,0.3009,0.3009,10000107,2015-05-27,2015-05-27,C,2.6,2015-03-26
5765,2015-04-08 09:36:00,2015-04-08,0.3009,0.0,0.0,314.0,0.3009,0.3009,0.3009,10000107,2015-05-27,2015-05-27,C,2.6,2015-03-26
5766,2015-04-08 09:37:00,2015-04-08,0.3009,0.0,0.0,314.0,0.3009,0.3009,0.3009,10000107,2015-05-27,2015-05-27,C,2.6,2015-03-26
5767,2015-04-08 09:38:00,2015-04-08,0.3009,0.0,0.0,314.0,0.3009,0.3009,0.3009,10000107,2015-05-27,2015-05-27,C,2.6,2015-03-26
5768,2015-04-08 09:39:00,2015-04-08,0.3009,0.0,0.0,314.0,0.3009,0.3009,0.3009,10000107,2015-05-27,2015-05-27,C,2.6,2015-03-26
5769,2015-04-08 09:40:00,2015-04-08,0.3009,0.0,0.0,314.0,0.3009,0.3009,0.3009,10000107,2015-05-27,2015-05-27,C,2.6,2015-03-26
5770,2015-04-08 09:41:00,2015-04-08,0.3009,0.0,0.0,314.0,0.3009,0.3009,0.3009,10000107,2015-05-27,2015-05-27,C,2.6,2015-03-26
5771,2015-04-08 09:42:00,2015-04-08,0.3009,0.0,0.0,314.0,0.3009,0.3009,0.3009,10000107,2015-05-27,2015-05-27,C,2.6,2015-03-26
5772,2015-04-08 09:43:00,2015-04-08,0.3009,0.0,0.0,314.0,0.3009,0.3009,0.3009,10000107,2015-05-27,2015-05-27,C,2.6,2015-03-26
5773,2015-04-08 09:44:00,2015-04-08,0.3009,0.0,0.0,314.0,0.3009,0.3009,0.3009,10000107,2015-05-27,2015-05-27,C,2.6,2015-03-26
5774,2015-04-08 09:45:00,2015-04-08,0.2985,5970.0,2.0,314.0,0.2985,0.2985,0.2985,10000107,2015-05-27,2015-05-27,C,2.6,2015-03-26
5775,2015-04-08 09:46:00,2015-04-08,0.2985,0.0,0.0,314.0,0.2985,0.2985,0.2985,10000107,2015-05-27,2015-05-27,C,2.6,2015-03-26
5776,2015-04-08 09:47:00,2015-04-08,0.2985,0.0,0.0,314.0,0.2985,0.2985,0.2985,10000107,2015-05-27,2015-05-27,C,2.6,2015-03-26
5777,2015-04-08 09:48:00,2015-04-08,0.2985,0.0,0.0,314.0,0.2985,0.2985,0.2985,10000107,2015-05-27,2015-05-27,C,2.6,2015-03-26
5778,2015-04-08 09:49:00,2015-04-08,0.2985,0.0,0.0,314.0,0.2985,0.2985,0.2985,10000107,2015-05-27,2015-05-27,C,2.6,2015-03-26
5779,2015-04-08 09:50:00,2015-04-08,0.2985,0.0,0.0,314.0,0.2985,0.2985,0.2985,10000107,2015-05-27,2015-05-27,C,2.6,2015-03-26
5780,2015-04-08 09:51:00,2015-04-08,0.2985,0.0,0.0,314.0,0.2985,0.2985,0.2985,10000107,2015-05-27,2015-05-27,C,2.6,2015-03-26
5781,2015-04-08 09:52:00,2015-04-08,0.2985,0.0,0.0,314.0,0.2985,0.2985,0.2985,10000107,2015-05-27,2015-05-27,C,2.6,2015-03-26
5782,2015-04-08 09:53:00,2015-04-08,0.3089,15445.0,5.0,314.0,0.3089,0.3089,0.3089,10000107,2015-05-27,2015-05-27,C,2.6,2015-03-26
5783,2015-04-08 09:54:00,2015-04-08,0.3087,15435.0,5.0,319.0,0.3087,0.3087,0.3087,10000107,2015-05-27,2015-05-27,C,2.6,2015-03-26
5784,2015-04-08 09:55:00,2015-04-08,0.3087,0.0,0.0,319.0,0.3087,0.3087,0.3087,10000107,2015-05-27,2015-05-27,C,2.6,2015-03-26
5785,2015-04-08 09:56:00,2015-04-08,0.3087,0.0,0.0,319.0,0.3087,0.3087,0.3087,10000107,2015-05-27,2015-05-27,C,2.6,2015-03-26
5786,2015-04-08 09:57:00,2015-04-08,0.3087,0.0,0.0,319.0,0.3087,0.3087,0.3087,10000107,2015-05-27,2015-05-27,C,2.6,2015-03-26
5787,2015-04-08 09:58:00,2015-04-08,0.3087,0.0,0.0,319.0,0.3087,0.3087,0.3087,10000107,2015-05-27,2015-05-27,C,2.6,2015-03-26
5788,2015-04-08 09:59:00,2015-04-08,0.3087,0.0,0.0,319.0,0.3087,0.3087,0.3087,10000107,2015-05-27,2015-05-27,C,2.6,2015-03-26
5789,2015-04-08 10:00:00,2015-04-08,0.3087,0.0,0.0,319.0,0.3087,0.3087,0.3087,10000107,2015-05-27,2015-05-27,C,2.6,2015-03-26
5790,2015-04-08 10:01:00,2015-04-08,0.3087,0.0,0.0,319.0,0.3087,0.3087,0.3087,10000107,2015-05-27,2015-05-27,C,2.6,2015-03-26
5791,2015-04-08 10:02:00,2015-04-08,0.3087,0.0,0.0,319.0,0.3087,0.3087,0.3087,10000107,2015-05-27,2015-05-27,C,2.6,2015-03-26
5792,2015-04-08 10:03:00,2015-04-08,0.3087,0.0,0.0,319.0,0.3087,0.3087,0.3087,10000107,2015-05-27,2015-05-27,C,2.6,2015-03-26
5793,2015-04-08 10:04:00,2015-04-08,0.3087,0.0,0.0,319.0,0.3087,0.3087,0.3087,10000107,2015-05-27,2015-05-27,C,2.6,2015-03-26
5794,2015-04-08 10:05:00,2015-04-08,0.3087,0.0,0.0,319.0,0.3087,0.3087,0.3087,10000107,2015-05-27,2015-05-27,C,2.6,2015-03-26
5795,2015-04-08 10:06:00,2015-04-08,0.3087,0.0,0.0,319.0,0.3087,0.3087,0.3087,10000107,2015-05-27,2015-05-27,C,2.6,2015-03-26
5796,2015-04-08 10:07:00,2015-04-08,0.3087,0.0,0.0,319.0,0.3087,0.3087,0.3087,10000107,2015-05-27,2015-05-27,C,2.6,2015-03-26
5797,2015-04-08 10:08:00,2015-04-08,0.3087,0.0,0.0,319.0,0.3087,0.3087,0.3087,10000107,2015-05-27,2015-05-27,C,2.6,2015-03-26
5798,2015-04-08 10:09:00,2015-04-08,0.3087,0.0,0.0,319.0,0.3087,0.3087,0.3087,10000107,2015-05-27,2015-05-27,C,2.6,2015-03-26
5799,2015-04-08 10:10:00,2015-04-08,0.3087,0.0,0.0,319.0,0.3087,0.3087,0.3087,10000107,2015-05-27,2015-05-27,C,2.6,2015-03-26
5800,2015-04-08 10:11:00,2015-04-08,0.3087,0.0,0.0,319.0,0.3087,0.3087,0.3087,10000107,2015-05-27,2015-05-27,C,2.6,2015-03-26
5801,2015-04-08 10:12:00,2015-04-08,0.3087,0.0,0.0,319.0,0.3087,0.3087,0.3087,10000107,2015-05-27,2015-05-27,C,2.6,2015-03-26
5802,2015-04-08 10:13:00,2015-04-08,0.3087,0.0,0.0,319.0,0.3087,0.3087,0.3087,10000107,2015-05-27,2015-05-27,C,2.6,2015-03-26
5803,2015-04-08 10:14:00,2015-04-08,0.3087,0.0,0.0,319.0,0.3087,0.3087,0.3087,10000107,2015-05-27,2015-05-27,C,2.6,2015-03-26
5804,2015-04-08 10:15:00,2015-04-08,0.3087,0.0,0.0,319.0,0.3087,0.3087,0.3087,10000107,2015-05-27,2015-05-27,C,2.6,2015-03-26
5805,2015-04-08 10:16:00,2015-04-08,0.3087,0.0,0.0,319.0,0.3087,0.3087,0.3087,10000107,2015-05-27,2015-05-27,C,2.6,2015-03-26
5806,2015-04-08 10:17:00,2015-04-08,0.3087,0.0,0.0,319.0,0.3087,0.3087,0.3087,10000107,2015-05-27,2015-05-27,C,2.6,2015-03-26
5807,2015-04-08 10:18:00,2015-04-08,0.3087,0.0,0.0,319.0,0.3087,0.3087,0.3087,10000107,2015-05-27,2015-05-27,C,2.6,2015-03-26
5808,2015-04-08 10:19:00,2015-04-08,0.3087,0.0,0.0,319.0,0.3087,0.3087,0.3087,10000107,2015-05-27,2015-05-27,C,2.6,2015-03-26
5809,2015-04-08 10:20:00,2015-04-08,0.3087,0.0,0.0,319.0,0.3087,0.3087,0.3087,10000107,2015-05-27,2015-05-27,C,2.6,2015-03-26
5810,2015-04-08 10:21:00,2015-04-08,0.3087,0.0,0.0,319.0,0.3087,0.3087,0.3087,10000107,2015-05-27,2015-05-27,C,2.6,2015-03-26
5811,2015-04-08 10:22:00,2015-04-08,0.3087,0.0,0.0,319.0,0.3087,0.3087,0.3087,10000107,2015-05-27,2015-05-27,C,2.6,2015-03-26
5812,2015-04-08 10:23:00,2015-04-08,0.3087,0.0,0.0,319.0,0.3087,0.3087,0.3087,10000107,2015-05-27,2015-05-27,C,2.6,2015-03-26
5813,2015-04-08 10:24:00,2015-04-08,0.3087,0.0,0.0,319.0,0.3087,0.3087,0.3087,10000107,2015-05-27,2015-05-27,C,2.6,2015-03-26
5814,2015-04-08 10:25:00,2015-04-08,0.3087,0.0,0.0,319.0,0.3087,0.3087,0.3087,10000107,2015-05-27,2015-05-27,C,2.6,2015-03-26
5815,2015-04-08 10:26:00,2015-04-08,0.3087,0.0,0.0,319.0,0.3087,0.3087,0.3087,10000107,2015-05-27,2015-05-27,C,2.6,2015-03-26
5816,2015-04-08 10:27:00,2015-04-08,0.3087,0.0,0.0,319.0,0.3087,0.3087,0.3087,10000107,2015-05-27,2015-05-27,C,2.6,2015-03-26
5817,2015-04-08 10:28:00,2015-04-08,0.3087,0.0,0.0,319.0,0.3087,0.3087,0.3087,10000107,2015-05-27,2015-05-27,C,2.6,2015-03-26
5818,2015-04-08 10:29:00,2015-04-08,0.3087,0.0,0.0,319.0,0.3087,0.3087,0.3087,10000107,2015-05-27,2015-05-27,C,2.6,2015-03-26
5819,2015-04-08 10:30:00,2015-04-08,0.3087,0.0,0.0,319.0,0.3087,0.3087,0.3087,10000107,2015-05-27,2015-05-27,C,2.6,2015-03-26
5820,2015-04-08 10:31:00,2015-04-08,0.3087,0.0,0.0,319.0,0.3087,0.3087,0.3087,10000107,2015-05-27,2015-05-27,C,2.6,2015-03-26
5821,2015-04-08 10:32:00,2015-04-08,0.3087,0.0,0.0,319.0,0.3087,0.3087,0.3087,10000107,2015-05-27,2015-05-27,C,2.6,2015-03-26
5822,2015-04-08 10:33:00,2015-04-08,0.3087,0.0,0.0,319.0,0.3087,0.3087,0.3087,10000107,2015-05-27,2015-05-27,C,2.6,2015-03-26
5823,2015-04-08 10:34:00,2015-04-08,0.3087,0.0,0.0,319.0,0.3087,0.3087,0.3087,10000107,2015-05-27,2015-05-27,C,2.6,2015-03-26
5824,2015-04-08 10:35:00,2015-04-08,0.3087,0.0,0.0,319.0,0.3087,0.3087,0.3087,10000107,2015-05-27,2015-05-27,C,2.6,2015-03-26
5825,2015-04-08 10:36:00,2015-04-08,0.3087,0.0,0.0,319.0,0.3087,0.3087,0.3087,10000107,2015-05-27,2015-05-27,C,2.6,2015-03-26
5826,2015-04-08 10:37:00,2015-04-08,0.3087,0.0,0.0,319.0,0.3087,0.3087,0.3087,10000107,2015-05-27,2015-05-27,C,2.6,2015-03-26
5827,2015-04-08 10:38:00,2015-04-08,0.3087,0.0,0.0,319.0,0.3087,0.3087,0.3087,10000107,2015-05-27,2015-05-27,C,2.6,2015-03-26
5828,2015-04-08 10:39:00,2015-04-08,0.3087,0.0,0.0,319.0,0.3087,0.3087,0.3087,10000107,2015-05-27,2015-05-27,C,2.6,2015-03-26
5829,2015-04-08 10:40:00,2015-04-08,0.3087,0.0,0.0,319.0,0.3087,0.3087,0.3087,10000107,2015-05-27,2015-05-27,C,2.6,2015-03-26
5830,2015-04-08 10:41:00,2015-04-08,0.3087,0.0,0.0,319.0,0.3087,0.3087,0.3087,10000107,2015-05-27,2015-05-27,C,2.6,2015-03-26
5831,2015-04-08 10:42:00,2015-04-08,0.3087,0.0,0.0,319.0,0.3087,0.3087,0.3087,10000107,2015-05-27,2015-05-27,C,2.6,2015-03-26
5832,2015-04-08 10:43:00,2015-04-08,0.3087,0.0,0.0,319.0,0.3087,0.3087,0.3087,10000107,2015-05-27,2015-05-27,C,2.6,2015-03-26
5833,2015-04-08 10:44:00,2015-04-08,0.3087,0.0,0.0,319.0,0.3087,0.3087,0.3087,10000107,2015-05-27,2015-05-27,C,2.6,2015-03-26
5834,2015-04-08 10:45:00,2015-04-08,0.3087,0.0,0.0,319.0,0.3087,0.3087,0.3087,10000107,2015-05-27,2015-05-27,C,2.6,2015-03-26
5835,2015-04-08 10:46:00,2015-04-08,0.3087,0.0,0.0,319.0,0.3087,0.3087,0.3087,10000107,2015-05-27,2015-05-27,C,2.6,2015-03-26
5836,2015-04-08 10:47:00,2015-04-08,0.3087,0.0,0.0,319.0,0.3087,0.3087,0.3087,10000107,2015-05-27,2015-05-27,C,2.6,2015-03-26
5837,2015-04-08 10:48:00,2015-04-08,0.3087,0.0,0.0,319.0,0.3087,0.3087,0.3087,10000107,2015-05-27,2015-05-27,C,2.6,2015-03-26
5838,2015-04-08 10:49:00,2015-04-08,0.3087,0.0,0.0,319.0,0.3087,0.3087,0.3087,10000107,2015-05-27,2015-05-27,C,2.6,2015-03-26
5839,2015-04-08 10:50:00,2015-04-08,0.3087,0.0,0.0,319.0,0.3087,0.3087,0.3087,10000107,2015-05-27,2015-05-27,C,2.6,2015-03-26
5840,2015-04-08 10:51:00,2015-04-08,0.3087,0.0,0.0,319.0,0.3087,0.3087,0.3087,10000107,2015-05-27,2015-05-27,C,2.6,2015-03-26
5841,2015-04-08 10:52:00,2015-04-08,0.3087,0.0,0.0,319.0,0.3087,0.3087,0.3087,10000107,2015-05-27,2015-05-27,C,2.6,2015-03-26
5842,2015-04-08 10:53:00,2015-04-08,0.3087,0.0,0.0,319.0,0.3087,0.3087,0.3087,10000107,2015-05-27,2015-05-27,C,2.6,2015-03-26
5843,2015-04-08 10:54:00,2015-04-08,0.3087,0.0,0.0,319.0,0.3087,0.3087,0.3087,10000107,2015-05-27,2015-05-27,C,2.6,2015-03-26
5844,2015-04-08 10:55:00,2015-04-08,0.3087,0.0,0.0,319.0,0.3087,0.3087,0.3087,10000107,2015-05-27,2015-05-27,C,2.6,2015-03-26
5845,2015-04-08 10:56:00,2015-04-08,0.3087,0.0,0.0,319.0,0.3087,0.3087,0.3087,10000107,2015-05-27,2015-05-27,C,2.6,2015-03-26
5846,2015-04-08 10:57:00,2015-04-08,0.3087,0.0,0.0,319.0,0.3087,0.3087,0.3087,10000107,2015-05-27,2015-05-27,C,2.6,2015-03-26
5847,2015-04-08 10:58:00,2015-04-08,0.3087,0.0,0.0,319.0,0.3087,0.3087,0.3087,10000107,2015-05-27,2015-05-27,C,2.6,2015-03-26
5848,2015-04-08 10:59:00,2015-04-08,0.3087,0.0,0.0,319.0,0.3087,0.3087,0.3087,10000107,2015-05-27,2015-05-27,C,2.6,2015-03-26
5849,2015-04-08 11:00:00,2015-04-08,0.3087,0.0,0.0,319.0,0.3087,0.3087,0.3087,10000107,2015-05-27,2015-05-27,C,2.6,2015-03-26
5850,2015-04-08 11:01:00,2015-04-08,0.3087,0.0,0.0,319.0,0.3087,0.3087,0.3087,10000107,2015-05-27,2015-05-27,C,2.6,2015-03-26
5851,2015-04-08 11:02:00,2015-04-08,0.3087,0.0,0.0,319.0,0.3087,0.3087,0.3087,10000107,2015-05-27,2015-05-27,C,2.6,2015-03-26
5852,2015-04-08 11:03:00,2015-04-08,0.3087,0.0,0.0,319.0,0.3087,0.3087,0.3087,10000107,2015-05-27,2015-05-27,C,2.6,2015-03-26
5853,2015-04-08 11:04:00,2015-04-08,0.3087,0.0,0.0,319.0,0.3087,0.3087,0.3087,10000107,2015-05-27,2015-05-27,C,2.6,2015-03-26
5854,2015-04-08 11:05:00,2015-04-08,0.3087,0.0,0.0,319.0,0.3087,0.3087,0.3087,10000107,2015-05-27,2015-05-27,C,2.6,2015-03-26
5855,2015-04-08 11:06:00,2015-04-08,0.3087,0.0,0.0,319.0,0.3087,0.3087,0.3087,10000107,2015-05-27,2015-05-27,C,2.6,2015-03-26
5856,2015-04-08 11:07:00,2015-04-08,0.3087,0.0,0.0,319.0,0.3087,0.3087,0.3087,10000107,2015-05-27,2015-05-27,C,2.6,2015-03-26
5857,2015-04-08 11:08:00,2015-04-08,0.3087,0.0,0.0,319.0,0.3087,0.3087,0.3087,10000107,2015-05-27,2015-05-27,C,2.6,2015-03-26
5858,2015-04-08 11:09:00,2015-04-08,0.3087,0.0,0.0,319.0,0.3087,0.3087,0.3087,10000107,2015-05-27,2015-05-27,C,2.6,2015-03-26
5859,2015-04-08 11:10:00,2015-04-08,0.3087,0.0,0.0,319.0,0.3087,0.3087,0.3087,10000107,2015-05-27,2015-05-27,C,2.6,2015-03-26
5860,2015-04-08 11:11:00,2015-04-08,0.3087,0.0,0.0,319.0,0.3087,0.3087,0.3087,10000107,2015-05-27,2015-05-27,C,2.6,2015-03-26
5861,2015-04-08 11:12:00,2015-04-08,0.3087,0.0,0.0,319.0,0.3087,0.3087,0.3087,10000107,2015-05-27,2015-05-27,C,2.6,2015-03-26
5862,2015-04-08 11:13:00,2015-04-08,0.3087,0.0,0.0,319.0,0.3087,0.3087,0.3087,10000107,2015-05-27,2015-05-27,C,2.6,2015-03-26
5863,2015-04-08 11:14:00,2015-04-08,0.3087,0.0,0.0,319.0,0.3087,0.3087,0.3087,10000107,2015-05-27,2015-05-27,C,2.6,2015-03-26
5864,2015-04-08 11:15:00,2015-04-08,0.3087,0.0,0.0,319.0,0.3087,0.3087,0.3087,10000107,2015-05-27,2015-05-27,C,2.6,2015-03-26
5865,2015-04-08 11:16:00,2015-04-08,0.3087,0.0,0.0,319.0,0.3087,0.3087,0.3087,10000107,2015-05-27,2015-05-27,C,2.6,2015-03-26
5866,2015-04-08 11:17:00,2015-04-08,0.3087,0.0,0.0,319.0,0.3087,0.3087,0.3087,10000107,2015-05-27,2015-05-27,C,2.6,2015-03-26
5867,2015-04-08 11:18:00,2015-04-08,0.3087,0.0,0.0,319.0,0.3087,0.3087,0.3087,10000107,2015-05-27,2015-05-27,C,2.6,2015-03-26
5868,2015-04-08 11:19:00,2015-04-08,0.3087,0.0,0.0,319.0,0.3087,0.3087,0.3087,10000107,2015-05-27,2015-05-27,C,2.6,2015-03-26
5869,2015-04-08 11:20:00,2015-04-08,0.3087,0.0,0.0,319.0,0.3087,0.3087,0.3087,10000107,2015-05-27,2015-05-27,C,2.6,2015-03-26
5870,2015-04-08 11:21:00,2015-04-08,0.3087,0.0,0.0,319.0,0.3087,0.3087,0.3087,10000107,2015-05-27,2015-05-27,C,2.6,2015-03-26
5871,2015-04-08 11:22:00,2015-04-08,0.3087,0.0,0.0,319.0,0.3087,0.3087,0.3087,10000107,2015-05-27,2015-05-27,C,2.6,2015-03-26
5872,2015-04-08 11:23:00,2015-04-08,0.3087,0.0,0.0,319.0,0.3087,0.3087,0.3087,10000107,2015-05-27,2015-05-27,C,2.6,2015-03-26
5873,2015-04-08 11:24:00,2015-04-08,0.3087,0.0,0.0,319.0,0.3087,0.3087,0.3087,10000107,2015-05-27,2015-05-27,C,2.6,2015-03-26
5874,2015-04-08 11:25:00,2015-04-08,0.3087,0.0,0.0,319.0,0.3087,0.3087,0.3087,10000107,2015-05-27,2015-05-27,C,2.6,2015-03-26
5875,2015-04-08 11:26:00,2015-04-08,0.3087,0.0,0.0,319.0,0.3087,0.3087,0.3087,10000107,2015-05-27,2015-05-27,C,2.6,2015-03-26
5876,2015-04-08 11:27:00,2015-04-08,0.3087,0.0,0.0,319.0,0.3087,0.3087,0.3087,10000107,2015-05-27,2015-05-27,C,2.6,2015-03-26
5877,2015-04-08 11:28:00,2015-04-08,0.3087,0.0,0.0,319.0,0.3087,0.3087,0.3087,10000107,2015-05-27,2015-05-27,C,2.6,2015-03-26
5878,2015-04-08 11:29:00,2015-04-08,0.3087,0.0,0.0,319.0,0.3087,0.3087,0.3087,10000107,2015-05-27,2015-05-27,C,2.6,2015-03-26
5879,2015-04-08 11:30:00,2015-04-08,0.3087,0.0,0.0,319.0,0.3087,0.3087,0.3087,10000107,2015-05-27,2015-05-27,C,2.6,2015-03-26
5880,2015-04-08 13:01:00,2015-04-08,0.3087,0.0,0.0,319.0,0.3087,0.3087,0.3087,10000107,2015-05-27,2015-05-27,C,2.6,2015-03-26
5881,2015-04-08 13:02:00,2015-04-08,0.3087,0.0,0.0,319.0,0.3087,0.3087,0.3087,10000107,2015-05-27,2015-05-27,C,2.6,2015-03-26
5882,2015-04-08 13:03:00,2015-04-08,0.3087,0.0,0.0,319.0,0.3087,0.3087,0.3087,10000107,2015-05-27,2015-05-27,C,2.6,2015-03-26
5883,2015-04-08 13:04:00,2015-04-08,0.3087,0.0,0.0,319.0,0.3087,0.3087,0.3087,10000107,2015-05-27,2015-05-27,C,2.6,2015-03-26
5884,2015-04-08 13:05:00,2015-04-08,0.3087,0.0,0.0,319.0,0.3087,0.3087,0.3087,10000107,2015-05-27,2015-05-27,C,2.6,2015-03-26
5885,2015-04-08 13:06:00,2015-04-08,0.3087,0.0,0.0,319.0,0.3087,0.3087,0.3087,10000107,2015-05-27,2015-05-27,C,2.6,2015-03-26
5886,2015-04-08 13:07:00,2015-04-08,0.3087,0.0,0.0,319.0,0.3087,0.3087,0.3087,10000107,2015-05-27,2015-05-27,C,2.6,2015-03-26
5887,2015-04-08 13:08:00,2015-04-08,0.3087,0.0,0.0,319.0,0.3087,0.3087,0.3087,10000107,2015-05-27,2015-05-27,C,2.6,2015-03-26
5888,2015-04-08 13:09:00,2015-04-08,0.3087,0.0,0.0,319.0,0.3087,0.3087,0.3087,10000107,2015-05-27,2015-05-27,C,2.6,2015-03-26
5889,2015-04-08 13:10:00,2015-04-08,0.3087,0.0,0.0,319.0,0.3087,0.3087,0.3087,10000107,2015-05-27,2015-05-27,C,2.6,2015-03-26
5890,2015-04-08 13:11:00,2015-04-08,0.3087,0.0,0.0,319.0,0.3087,0.3087,0.3087,10000107,2015-05-27,2015-05-27,C,2.6,2015-03-26
5891,2015-04-08 13:12:00,2015-04-08,0.3087,0.0,0.0,319.0,0.3087,0.3087,0.3087,10000107,2015-05-27,2015-05-27,C,2.6,2015-03-26
5892,2015-04-08 13:13:00,2015-04-08,0.3087,0.0,0.0,319.0,0.3087,0.3087,0.3087,10000107,2015-05-27,2015-05-27,C,2.6,2015-03-26
5893,2015-04-08 13:14:00,2015-04-08,0.3087,0.0,0.0,319.0,0.3087,0.3087,0.3087,10000107,2015-05-27,2015-05-27,C,2.6,2015-03-26
5894,2015-04-08 13:15:00,2015-04-08,0.3087,0.0,0.0,319.0,0.3087,0.3087,0.3087,10000107,2015-05-27,2015-05-27,C,2.6,2015-03-26
5895,2015-04-08 13:16:00,2015-04-08,0.3087,0.0,0.0,319.0,0.3087,0.3087,0.3087,10000107,2015-05-27,2015-05-27,C,2.6,2015-03-26
5896,2015-04-08 13:17:00,2015-04-08,0.3087,0.0,0.0,319.0,0.3087,0.3087,0.3087,10000107,2015-05-27,2015-05-27,C,2.6,2015-03-26
5897,2015-04-08 13:18:00,2015-04-08,0.3087,0.0,0.0,319.0,0.3087,0.3087,0.3087,10000107,2015-05-27,2015-05-27,C,2.6,2015-03-26
5898,2015-04-08 13:19:00,2015-04-08,0.3087,0.0,0.0,319.0,0.3087,0.3087,0.3087,10000107,2015-05-27,2015-05-27,C,2.6,2015-03-26
5899,2015-04-08 13:20:00,2015-04-08,0.3087,0.0,0.0,319.0,0.3087,0.3087,0.3087,10000107,2015-05-27,2015-05-27,C,2.6,2015-03-26
5900,2015-04-08 13:21:00,2015-04-08,0.3087,0.0,0.0,319.0,0.3087,0.3087,0.3087,10000107,2015-05-27,2015-05-27,C,2.6,2015-03-26
5901,2015-04-08 13:22:00,2015-04-08,0.3087,0.0,0.0,319.0,0.3087,0.3087,0.3087,10000107,2015-05-27,2015-05-27,C,2.6,2015-03-26
5902,2015-04-08 13:23:00,2015-04-08,0.3087,0.0,0.0,319.0,0.3087,0.3087,0.3087,10000107,2015-05-27,2015-05-27,C,2.6,2015-03-26
5903,2015-04-08 13:24:00,2015-04-08,0.3087,0.0,0.0,319.0,0.3087,0.3087,0.3087,10000107,2015-05-27,2015-05-27,C,2.6,2015-03-26
5904,2015-04-08 13:25:00,2015-04-08,0.3087,0.0,0.0,319.0,0.3087,0.3087,0.3087,10000107,2015-05-27,2015-05-27,C,2.6,2015-03-26
5905,2015-04-08 13:26:00,2015-04-08,0.3087,0.0,0.0,319.0,0.3087,0.3087,0.3087,10000107,2015-05-27,2015-05-27,C,2.6,2015-03-26
5906,2015-04-08 13:27:00,2015-04-08,0.3087,0.0,0.0,319.0,0.3087,0.3087,0.3087,10000107,2015-05-27,2015-05-27,C,2.6,2015-03-26
5907,2015-04-08 13:28:00,2015-04-08,0.3087,0.0,0.0,319.0,0.3087,0.3087,0.3087,10000107,2015-05-27,2015-05-27,C,2.6,2015-03-26
5908,2015-04-08 13:29:00,2015-04-08,0.3087,0.0,0.0,319.0,0.3087,0.3087,0.3087,10000107,2015-05-27,2015-05-27,C,2.6,2015-03-26
5909,2015-04-08 13:30:00,2015-04-08,0.3087,0.0,0.0,319.0,0.3087,0.3087,0.3087,10000107,2015-05-27,2015-05-27,C,2.6,2015-03-26
5910,2015-04-08 13:31:00,2015-04-08,0.3087,0.0,0.0,319.0,0.3087,0.3087,0.3087,10000107,2015-05-27,2015-05-27,C,2.6,2015-03-26
5911,2015-04-08 13:32:00,2015-04-08,0.3087,0.0,0.0,319.0,0.3087,0.3087,0.3087,10000107,2015-05-27,2015-05-27,C,2.6,2015-03-26
5912,2015-04-08 13:33:00,2015-04-08,0.3087,0.0,0.0,319.0,0.3087,0.3087,0.3087,10000107,2015-05-27,2015-05-27,C,2.6,2015-03-26
5913,2015-04-08 13:34:00,2015-04-08,0.3545,7090.0,2.0,321.0,0.3545,0.3545,0.3545,10000107,2015-05-27,2015-05-27,C,2.6,2015-03-26
5914,2015-04-08 13:35:00,2015-04-08,0.3545,0.0,0.0,321.0,0.3545,0.3545,0.3545,10000107,2015-05-27,2015-05-27,C,2.6,2015-03-26
5915,2015-04-08 13:36:00,2015-04-08,0.3545,0.0,0.0,321.0,0.3545,0.3545,0.3545,10000107,2015-05-27,2015-05-27,C,2.6,2015-03-26
5916,2015-04-08 13:37:00,2015-04-08,0.3545,0.0,0.0,321.0,0.3545,0.3545,0.3545,10000107,2015-05-27,2015-05-27,C,2.6,2015-03-26
5917,2015-04-08 13:38:00,2015-04-08,0.3545,0.0,0.0,321.0,0.3545,0.3545,0.3545,10000107,2015-05-27,2015-05-27,C,2.6,2015-03-26
5918,2015-04-08 13:39:00,2015-04-08,0.3545,0.0,0.0,321.0,0.3545,0.3545,0.3545,10000107,2015-05-27,2015-05-27,C,2.6,2015-03-26
5919,2015-04-08 13:40:00,2015-04-08,0.3545,0.0,0.0,321.0,0.3545,0.3545,0.3545,10000107,2015-05-27,2015-05-27,C,2.6,2015-03-26
5920,2015-04-08 13:41:00,2015-04-08,0.3545,0.0,0.0,321.0,0.3545,0.3545,0.3545,10000107,2015-05-27,2015-05-27,C,2.6,2015-03-26
5921,2015-04-08 13:42:00,2015-04-08,0.3545,0.0,0.0,321.0,0.3545,0.3545,0.3545,10000107,2015-05-27,2015-05-27,C,2.6,2015-03-26
5922,2015-04-08 13:43:00,2015-04-08,0.3545,0.0,0.0,321.0,0.3545,0.3545,0.3545,10000107,2015-05-27,2015-05-27,C,2.6,2015-03-26
5923,2015-04-08 13:44:00,2015-04-08,0.3545,0.0,0.0,321.0,0.3545,0.3545,0.3545,10000107,2015-05-27,2015-05-27,C,2.6,2015-03-26
5924,2015-04-08 13:45:00,2015-04-08,0.3545,0.0,0.0,321.0,0.3545,0.3545,0.3545,10000107,2015-05-27,2015-05-27,C,2.6,2015-03-26
5925,2015-04-08 13:46:00,2015-04-08,0.3545,0.0,0.0,321.0,0.3545,0.3545,0.3545,10000107,2015-05-27,2015-05-27,C,2.6,2015-03-26
5926,2015-04-08 13:47:00,2015-04-08,0.3545,0.0,0.0,321.0,0.3545,0.3545,0.3545,10000107,2015-05-27,2015-05-27,C,2.6,2015-03-26
5927,2015-04-08 13:48:00,2015-04-08,0.3545,0.0,0.0,321.0,0.3545,0.3545,0.3545,10000107,2015-05-27,2015-05-27,C,2.6,2015-03-26
5928,2015-04-08 13:49:00,2015-04-08,0.3545,0.0,0.0,321.0,0.3545,0.3545,0.3545,10000107,2015-05-27,2015-05-27,C,2.6,2015-03-26
5929,2015-04-08 13:50:00,2015-04-08,0.3545,0.0,0.0,321.0,0.3545,0.3545,0.3545,10000107,2015-05-27,2015-05-27,C,2.6,2015-03-26
5930,2015-04-08 13:51:00,2015-04-08,0.3545,0.0,0.0,321.0,0.3545,0.3545,0.3545,10000107,2015-05-27,2015-05-27,C,2.6,2015-03-26
5931,2015-04-08 13:52:00,2015-04-08,0.3545,0.0,0.0,321.0,0.3545,0.3545,0.3545,10000107,2015-05-27,2015-05-27,C,2.6,2015-03-26
5932,2015-04-08 13:53:00,2015-04-08,0.3545,0.0,0.0,321.0,0.3545,0.3545,0.3545,10000107,2015-05-27,2015-05-27,C,2.6,2015-03-26
5933,2015-04-08 13:54:00,2015-04-08,0.3545,0.0,0.0,321.0,0.3545,0.3545,0.3545,10000107,2015-05-27,2015-05-27,C,2.6,2015-03-26
5934,2015-04-08 13:55:00,2015-04-08,0.3545,0.0,0.0,321.0,0.3545,0.3545,0.3545,10000107,2015-05-27,2015-05-27,C,2.6,2015-03-26
5935,2015-04-08 13:56:00,2015-04-08,0.3545,0.0,0.0,321.0,0.3545,0.3545,0.3545,10000107,2015-05-27,2015-05-27,C,2.6,2015-03-26
5936,2015-04-08 13:57:00,2015-04-08,0.3545,0.0,0.0,321.0,0.3545,0.3545,0.3545,10000107,2015-05-27,2015-05-27,C,2.6,2015-03-26
5937,2015-04-08 13:58:00,2015-04-08,0.3545,0.0,0.0,321.0,0.3545,0.3545,0.3545,10000107,2015-05-27,2015-05-27,C,2.6,2015-03-26
5938,2015-04-08 13:59:00,2015-04-08,0.3545,0.0,0.0,321.0,0.3545,0.3545,0.3545,10000107,2015-05-27,2015-05-27,C,2.6,2015-03-26
5939,2015-04-08 14:00:00,2015-04-08,0.3545,0.0,0.0,321.0,0.3545,0.3545,0.3545,10000107,2015-05-27,2015-05-27,C,2.6,2015-03-26
5940,2015-04-08 14:01:00,2015-04-08,0.3545,0.0,0.0,321.0,0.3545,0.3545,0.3545,10000107,2015-05-27,2015-05-27,C,2.6,2015-03-26
5941,2015-04-08 14:02:00,2015-04-08,0.3545,0.0,0.0,321.0,0.3545,0.3545,0.3545,10000107,2015-05-27,2015-05-27,C,2.6,2015-03-26
5942,2015-04-08 14:03:00,2015-04-08,0.3545,0.0,0.0,321.0,0.3545,0.3545,0.3545,10000107,2015-05-27,2015-05-27,C,2.6,2015-03-26
5943,2015-04-08 14:04:00,2015-04-08,0.3545,0.0,0.0,321.0,0.3545,0.3545,0.3545,10000107,2015-05-27,2015-05-27,C,2.6,2015-03-26
5944,2015-04-08 14:05:00,2015-04-08,0.3545,0.0,0.0,321.0,0.3545,0.3545,0.3545,10000107,2015-05-27,2015-05-27,C,2.6,2015-03-26
5945,2015-04-08 14:06:00,2015-04-08,0.3545,0.0,0.0,321.0,0.3545,0.3545,0.3545,10000107,2015-05-27,2015-05-27,C,2.6,2015-03-26
5946,2015-04-08 14:07:00,2015-04-08,0.3545,0.0,0.0,321.0,0.3545,0.3545,0.3545,10000107,2015-05-27,2015-05-27,C,2.6,2015-03-26
5947,2015-04-08 14:08:00,2015-04-08,0.3545,0.0,0.0,321.0,0.3545,0.3545,0.3545,10000107,2015-05-27,2015-05-27,C,2.6,2015-03-26
5948,2015-04-08 14:09:00,2015-04-08,0.3545,0.0,0.0,321.0,0.3545,0.3545,0.3545,10000107,2015-05-27,2015-05-27,C,2.6,2015-03-26
5949,2015-04-08 14:10:00,2015-04-08,0.3545,0.0,0.0,321.0,0.3545,0.3545,0.3545,10000107,2015-05-27,2015-05-27,C,2.6,2015-03-26
5950,2015-04-08 14:11:00,2015-04-08,0.3545,0.0,0.0,321.0,0.3545,0.3545,0.3545,10000107,2015-05-27,2015-05-27,C,2.6,2015-03-26
5951,2015-04-08 14:12:00,2015-04-08,0.3545,0.0,0.0,321.0,0.3545,0.3545,0.3545,10000107,2015-05-27,2015-05-27,C,2.6,2015-03-26
5952,2015-04-08 14:13:00,2015-04-08,0.349,34900.0,10.0,321.0,0.349,0.349,0.349,10000107,2015-05-27,2015-05-27,C,2.6,2015-03-26
5953,2015-04-08 14:14:00,2015-04-08,0.3484,34840.0,10.0,321.0,0.3484,0.3484,0.3484,10000107,2015-05-27,2015-05-27,C,2.6,2015-03-26
5954,2015-04-08 14:15:00,2015-04-08,0.3484,0.0,0.0,321.0,0.3484,0.3484,0.3484,10000107,2015-05-27,2015-05-27,C,2.6,2015-03-26
5955,2015-04-08 14:16:00,2015-04-08,0.3484,0.0,0.0,321.0,0.3484,0.3484,0.3484,10000107,2015-05-27,2015-05-27,C,2.6,2015-03-26
5956,2015-04-08 14:17:00,2015-04-08,0.3484,0.0,0.0,321.0,0.3484,0.3484,0.3484,10000107,2015-05-27,2015-05-27,C,2.6,2015-03-26
5957,2015-04-08 14:18:00,2015-04-08,0.3484,0.0,0.0,321.0,0.3484,0.3484,0.3484,10000107,2015-05-27,2015-05-27,C,2.6,2015-03-26
5958,2015-04-08 14:19:00,2015-04-08,0.3484,0.0,0.0,321.0,0.3484,0.3484,0.3484,10000107,2015-05-27,2015-05-27,C,2.6,2015-03-26
5959,2015-04-08 14:20:00,2015-04-08,0.3484,0.0,0.0,321.0,0.3484,0.3484,0.3484,10000107,2015-05-27,2015-05-27,C,2.6,2015-03-26
5960,2015-04-08 14:21:00,2015-04-08,0.3484,0.0,0.0,321.0,0.3484,0.3484,0.3484,10000107,2015-05-27,2015-05-27,C,2.6,2015-03-26
5961,2015-04-08 14:22:00,2015-04-08,0.3484,0.0,0.0,321.0,0.3484,0.3484,0.3484,10000107,2015-05-27,2015-05-27,C,2.6,2015-03-26
5962,2015-04-08 14:23:00,2015-04-08,0.3484,0.0,0.0,321.0,0.3484,0.3484,0.3484,10000107,2015-05-27,2015-05-27,C,2.6,2015-03-26
5963,2015-04-08 14:24:00,2015-04-08,0.3225,16125.0,5.0,321.0,0.3225,0.3225,0.3225,10000107,2015-05-27,2015-05-27,C,2.6,2015-03-26
5964,2015-04-08 14:25:00,2015-04-08,0.3225,0.0,0.0,321.0,0.3225,0.3225,0.3225,10000107,2015-05-27,2015-05-27,C,2.6,2015-03-26
5965,2015-04-08 14:26:00,2015-04-08,0.3225,0.0,0.0,321.0,0.3225,0.3225,0.3225,10000107,2015-05-27,2015-05-27,C,2.6,2015-03-26
5966,2015-04-08 14:27:00,2015-04-08,0.3225,0.0,0.0,321.0,0.3225,0.3225,0.3225,10000107,2015-05-27,2015-05-27,C,2.6,2015-03-26
5967,2015-04-08 14:28:00,2015-04-08,0.3225,0.0,0.0,321.0,0.3225,0.3225,0.3225,10000107,2015-05-27,2015-05-27,C,2.6,2015-03-26
5968,2015-04-08 14:29:00,2015-04-08,0.3225,0.0,0.0,321.0,0.3225,0.3225,0.3225,10000107,2015-05-27,2015-05-27,C,2.6,2015-03-26
5969,2015-04-08 14:30:00,2015-04-08,0.3225,0.0,0.0,321.0,0.3225,0.3225,0.3225,10000107,2015-05-27,2015-05-27,C,2.6,2015-03-26
5970,2015-04-08 14:31:00,2015-04-08,0.3225,0.0,0.0,321.0,0.3225,0.3225,0.3225,10000107,2015-05-27,2015-05-27,C,2.6,2015-03-26
5971,2015-04-08 14:32:00,2015-04-08,0.3225,0.0,0.0,321.0,0.3225,0.3225,0.3225,10000107,2015-05-27,2015-05-27,C,2.6,2015-03-26
5972,2015-04-08 14:33:00,2015-04-08,0.3225,0.0,0.0,321.0,0.3225,0.3225,0.3225,10000107,2015-05-27,2015-05-27,C,2.6,2015-03-26
5973,2015-04-08 14:34:00,2015-04-08,0.3225,0.0,0.0,321.0,0.3225,0.3225,0.3225,10000107,2015-05-27,2015-05-27,C,2.6,2015-03-26
5974,2015-04-08 14:35:00,2015-04-08,0.3225,0.0,0.0,321.0,0.3225,0.3225,0.3225,10000107,2015-05-27,2015-05-27,C,2.6,2015-03-26
5975,2015-04-08 14:36:00,2015-04-08,0.3225,0.0,0.0,321.0,0.3225,0.3225,0.3225,10000107,2015-05-27,2015-05-27,C,2.6,2015-03-26
5976,2015-04-08 14:37:00,2015-04-08,0.3225,0.0,0.0,321.0,0.3225,0.3225,0.3225,10000107,2015-05-27,2015-05-27,C,2.6,2015-03-26
5977,2015-04-08 14:38:00,2015-04-08,0.3225,0.0,0.0,321.0,0.3225,0.3225,0.3225,10000107,2015-05-27,2015-05-27,C,2.6,2015-03-26
5978,2015-04-08 14:39:00,2015-04-08,0.3225,0.0,0.0,321.0,0.3225,0.3225,0.3225,10000107,2015-05-27,2015-05-27,C,2.6,2015-03-26
5979,2015-04-08 14:40:00,2015-04-08,0.3225,0.0,0.0,321.0,0.3225,0.3225,0.3225,10000107,2015-05-27,2015-05-27,C,2.6,2015-03-26
5980,2015-04-08 14:41:00,2015-04-08,0.3225,0.0,0.0,321.0,0.3225,0.3225,0.3225,10000107,2015-05-27,2015-05-27,C,2.6,2015-03-26
5981,2015-04-08 14:42:00,2015-04-08,0.3225,0.0,0.0,321.0,0.3225,0.3225,0.3225,10000107,2015-05-27,2015-05-27,C,2.6,2015-03-26
5982,2015-04-08 14:43:00,2015-04-08,0.3225,0.0,0.0,321.0,0.3225,0.3225,0.3225,10000107,2015-05-27,2015-05-27,C,2.6,2015-03-26
5983,2015-04-08 14:44:00,2015-04-08,0.3225,0.0,0.0,321.0,0.3225,0.3225,0.3225,10000107,2015-05-27,2015-05-27,C,2.6,2015-03-26
5984,2015-04-08 14:45:00,2015-04-08,0.3225,0.0,0.0,321.0,0.3225,0.3225,0.3225,10000107,2015-05-27,2015-05-27,C,2.6,2015-03-26
5985,2015-04-08 14:46:00,2015-04-08,0.3225,0.0,0.0,321.0,0.3225,0.3225,0.3225,10000107,2015-05-27,2015-05-27,C,2.6,2015-03-26
5986,2015-04-08 14:47:00,2015-04-08,0.3225,0.0,0.0,321.0,0.3225,0.3225,0.3225,10000107,2015-05-27,2015-05-27,C,2.6,2015-03-26
5987,2015-04-08 14:48:00,2015-04-08,0.3225,0.0,0.0,321.0,0.3225,0.3225,0.3225,10000107,2015-05-27,2015-05-27,C,2.6,2015-03-26
5988,2015-04-08 14:49:00,2015-04-08,0.3225,0.0,0.0,321.0,0.3225,0.3225,0.3225,10000107,2015-05-27,2015-05-27,C,2.6,2015-03-26
5989,2015-04-08 14:50:00,2015-04-08,0.3225,0.0,0.0,321.0,0.3225,0.3225,0.3225,10000107,2015-05-27,2015-05-27,C,2.6,2015-03-26
5990,2015-04-08 14:51:00,2015-04-08,0.3225,0.0,0.0,321.0,0.3225,0.3225,0.3225,10000107,2015-05-27,2015-05-27,C,2.6,2015-03-26
5991,2015-04-08 14:52:00,2015-04-08,0.3225,0.0,0.0,321.0,0.3225,0.3225,0.3225,10000107,2015-05-27,2015-05-27,C,2.6,2015-03-26
5992,2015-04-08 14:53:00,2015-04-08,0.3225,0.0,0.0,321.0,0.3225,0.3225,0.3225,10000107,2015-05-27,2015-05-27,C,2.6,2015-03-26
5993,2015-04-08 14:54:00,2015-04-08,0.3365,16825.0,5.0,321.0,0.3365,0.3365,0.3365,10000107,2015-05-27,2015-05-27,C,2.6,2015-03-26
5994,2015-04-08 14:55:00,2015-04-08,0.3365,0.0,0.0,321.0,0.3365,0.3365,0.3365,10000107,2015-05-27,2015-05-27,C,2.6,2015-03-26
5995,2015-04-08 14:56:00,2015-04-08,0.3365,0.0,0.0,321.0,0.3365,0.3365,0.3365,10000107,2015-05-27,2015-05-27,C,2.6,2015-03-26
5996,2015-04-08 14:57:00,2015-04-08,0.3365,0.0,0.0,321.0,0.3365,0.3365,0.3365,10000107,2015-05-27,2015-05-27,C,2.6,2015-03-26
5997,2015-04-08 14:58:00,2015-04-08,0.3365,0.0,0.0,321.0,0.3365,0.3365,0.3365,10000107,2015-05-27,2015-05-27,C,2.6,2015-03-26
5998,2015-04-08 14:59:00,2015-04-08,0.3365,0.0,0.0,321.0,0.3365,0.3365,0.3365,10000107,2015-05-27,2015-05-27,C,2.6,2015-03-26
5999,2015-04-08 15:00:00,2015-04-08,0.3365,0.0,0.0,321.0,0.3365,0.3365,0.3365,10000107,2015-05-27,2015-05-27,C,2.6,2015-03-26
6000,2015-04-08 09:31:00,2015-04-08,0.4213,0.0,0.0,0.0,0.4213,0.4213,0.4213,10000063,2015-09-23,2015-09-23,C,2.55,2015-02-27
6001,2015-04-08 09:32:00,2015-04-08,0.4213,0.0,0.0,0.0,0.4213,0.4213,0.4213,10000063,2015-09-23,2015-09-23,C,2.55,2015-02-27
6002,2015-04-08 09:33:00,2015-04-08,0.4213,0.0,0.0,0.0,0.4213,0.4213,0.4213,10000063,2015-09-23,2015-09-23,C,2.55,2015-02-27
6003,2015-04-08 09:34:00,2015-04-08,0.4213,0.0,0.0,0.0,0.4213,0.4213,0.4213,10000063,2015-09-23,2015-09-23,C,2.55,2015-02-27
6004,2015-04-08 09:35:00,2015-04-08,0.4213,0.0,0.0,0.0,0.4213,0.4213,0.4213,10000063,2015-09-23,2015-09-23,C,2.55,2015-02-27
6005,2015-04-08 09:36:00,2015-04-08,0.4213,0.0,0.0,0.0,0.4213,0.4213,0.4213,10000063,2015-09-23,2015-09-23,C,2.55,2015-02-27
6006,2015-04-08 09:37:00,2015-04-08,0.4213,0.0,0.0,0.0,0.4213,0.4213,0.4213,10000063,2015-09-23,2015-09-23,C,2.55,2015-02-27
6007,2015-04-08 09:38:00,2015-04-08,0.4213,0.0,0.0,0.0,0.4213,0.4213,0.4213,10000063,2015-09-23,2015-09-23,C,2.55,2015-02-27
6008,2015-04-08 09:39:00,2015-04-08,0.4213,0.0,0.0,0.0,0.4213,0.4213,0.4213,10000063,2015-09-23,2015-09-23,C,2.55,2015-02-27
6009,2015-04-08 09:40:00,2015-04-08,0.4213,0.0,0.0,0.0,0.4213,0.4213,0.4213,10000063,2015-09-23,2015-09-23,C,2.55,2015-02-27
6010,2015-04-08 09:41:00,2015-04-08,0.4213,0.0,0.0,0.0,0.4213,0.4213,0.4213,10000063,2015-09-23,2015-09-23,C,2.55,2015-02-27
6011,2015-04-08 09:42:00,2015-04-08,0.4213,0.0,0.0,0.0,0.4213,0.4213,0.4213,10000063,2015-09-23,2015-09-23,C,2.55,2015-02-27
6012,2015-04-08 09:43:00,2015-04-08,0.4213,0.0,0.0,0.0,0.4213,0.4213,0.4213,10000063,2015-09-23,2015-09-23,C,2.55,2015-02-27
6013,2015-04-08 09:44:00,2015-04-08,0.4213,0.0,0.0,0.0,0.4213,0.4213,0.4213,10000063,2015-09-23,2015-09-23,C,2.55,2015-02-27
6014,2015-04-08 09:45:00,2015-04-08,0.4213,0.0,0.0,0.0,0.4213,0.4213,0.4213,10000063,2015-09-23,2015-09-23,C,2.55,2015-02-27
6015,2015-04-08 09:46:00,2015-04-08,0.4213,0.0,0.0,0.0,0.4213,0.4213,0.4213,10000063,2015-09-23,2015-09-23,C,2.55,2015-02-27
6016,2015-04-08 09:47:00,2015-04-08,0.4213,0.0,0.0,0.0,0.4213,0.4213,0.4213,10000063,2015-09-23,2015-09-23,C,2.55,2015-02-27
6017,2015-04-08 09:48:00,2015-04-08,0.4213,0.0,0.0,0.0,0.4213,0.4213,0.4213,10000063,2015-09-23,2015-09-23,C,2.55,2015-02-27
6018,2015-04-08 09:49:00,2015-04-08,0.4213,0.0,0.0,0.0,0.4213,0.4213,0.4213,10000063,2015-09-23,2015-09-23,C,2.55,2015-02-27
6019,2015-04-08 09:50:00,2015-04-08,0.4213,0.0,0.0,0.0,0.4213,0.4213,0.4213,10000063,2015-09-23,2015-09-23,C,2.55,2015-02-27
6020,2015-04-08 09:51:00,2015-04-08,0.4213,0.0,0.0,0.0,0.4213,0.4213,0.4213,10000063,2015-09-23,2015-09-23,C,2.55,2015-02-27
6021,2015-04-08 09:52:00,2015-04-08,0.4213,0.0,0.0,0.0,0.4213,0.4213,0.4213,10000063,2015-09-23,2015-09-23,C,2.55,2015-02-27
6022,2015-04-08 09:53:00,2015-04-08,0.4213,0.0,0.0,0.0,0.4213,0.4213,0.4213,10000063,2015-09-23,2015-09-23,C,2.55,2015-02-27
6023,2015-04-08 09:54:00,2015-04-08,0.4213,0.0,0.0,0.0,0.4213,0.4213,0.4213,10000063,2015-09-23,2015-09-23,C,2.55,2015-02-27
6024,2015-04-08 09:55:00,2015-04-08,0.4213,0.0,0.0,0.0,0.4213,0.4213,0.4213,10000063,2015-09-23,2015-09-23,C,2.55,2015-02-27
6025,2015-04-08 09:56:00,2015-04-08,0.4213,0.0,0.0,0.0,0.4213,0.4213,0.4213,10000063,2015-09-23,2015-09-23,C,2.55,2015-02-27
6026,2015-04-08 09:57:00,2015-04-08,0.4213,0.0,0.0,0.0,0.4213,0.4213,0.4213,10000063,2015-09-23,2015-09-23,C,2.55,2015-02-27
6027,2015-04-08 09:58:00,2015-04-08,0.4213,0.0,0.0,0.0,0.4213,0.4213,0.4213,10000063,2015-09-23,2015-09-23,C,2.55,2015-02-27
6028,2015-04-08 09:59:00,2015-04-08,0.4213,0.0,0.0,0.0,0.4213,0.4213,0.4213,10000063,2015-09-23,2015-09-23,C,2.55,2015-02-27
6029,2015-04-08 10:00:00,2015-04-08,0.4213,0.0,0.0,0.0,0.4213,0.4213,0.4213,10000063,2015-09-23,2015-09-23,C,2.55,2015-02-27
6030,2015-04-08 10:01:00,2015-04-08,0.4213,0.0,0.0,0.0,0.4213,0.4213,0.4213,10000063,2015-09-23,2015-09-23,C,2.55,2015-02-27
6031,2015-04-08 10:02:00,2015-04-08,0.4213,0.0,0.0,0.0,0.4213,0.4213,0.4213,10000063,2015-09-23,2015-09-23,C,2.55,2015-02-27
6032,2015-04-08 10:03:00,2015-04-08,0.4213,0.0,0.0,0.0,0.4213,0.4213,0.4213,10000063,2015-09-23,2015-09-23,C,2.55,2015-02-27
6033,2015-04-08 10:04:00,2015-04-08,0.4213,0.0,0.0,0.0,0.4213,0.4213,0.4213,10000063,2015-09-23,2015-09-23,C,2.55,2015-02-27
6034,2015-04-08 10:05:00,2015-04-08,0.4213,0.0,0.0,0.0,0.4213,0.4213,0.4213,10000063,2015-09-23,2015-09-23,C,2.55,2015-02-27
6035,2015-04-08 10:06:00,2015-04-08,0.4213,0.0,0.0,0.0,0.4213,0.4213,0.4213,10000063,2015-09-23,2015-09-23,C,2.55,2015-02-27
6036,2015-04-08 10:07:00,2015-04-08,0.4213,0.0,0.0,0.0,0.4213,0.4213,0.4213,10000063,2015-09-23,2015-09-23,C,2.55,2015-02-27
6037,2015-04-08 10:08:00,2015-04-08,0.4213,0.0,0.0,0.0,0.4213,0.4213,0.4213,10000063,2015-09-23,2015-09-23,C,2.55,2015-02-27
6038,2015-04-08 10:09:00,2015-04-08,0.4213,0.0,0.0,0.0,0.4213,0.4213,0.4213,10000063,2015-09-23,2015-09-23,C,2.55,2015-02-27
6039,2015-04-08 10:10:00,2015-04-08,0.4213,0.0,0.0,0.0,0.4213,0.4213,0.4213,10000063,2015-09-23,2015-09-23,C,2.55,2015-02-27
6040,2015-04-08 10:11:00,2015-04-08,0.4213,0.0,0.0,0.0,0.4213,0.4213,0.4213,10000063,2015-09-23,2015-09-23,C,2.55,2015-02-27
6041,2015-04-08 10:12:00,2015-04-08,0.4213,0.0,0.0,0.0,0.4213,0.4213,0.4213,10000063,2015-09-23,2015-09-23,C,2.55,2015-02-27
6042,2015-04-08 10:13:00,2015-04-08,0.4213,0.0,0.0,0.0,0.4213,0.4213,0.4213,10000063,2015-09-23,2015-09-23,C,2.55,2015-02-27
6043,2015-04-08 10:14:00,2015-04-08,0.4213,0.0,0.0,0.0,0.4213,0.4213,0.4213,10000063,2015-09-23,2015-09-23,C,2.55,2015-02-27
6044,2015-04-08 10:15:00,2015-04-08,0.4213,0.0,0.0,0.0,0.4213,0.4213,0.4213,10000063,2015-09-23,2015-09-23,C,2.55,2015-02-27
6045,2015-04-08 10:16:00,2015-04-08,0.4213,0.0,0.0,0.0,0.4213,0.4213,0.4213,10000063,2015-09-23,2015-09-23,C,2.55,2015-02-27
6046,2015-04-08 10:17:00,2015-04-08,0.4213,0.0,0.0,0.0,0.4213,0.4213,0.4213,10000063,2015-09-23,2015-09-23,C,2.55,2015-02-27
6047,2015-04-08 10:18:00,2015-04-08,0.4213,0.0,0.0,0.0,0.4213,0.4213,0.4213,10000063,2015-09-23,2015-09-23,C,2.55,2015-02-27
6048,2015-04-08 10:19:00,2015-04-08,0.4213,0.0,0.0,0.0,0.4213,0.4213,0.4213,10000063,2015-09-23,2015-09-23,C,2.55,2015-02-27
6049,2015-04-08 10:20:00,2015-04-08,0.4213,0.0,0.0,0.0,0.4213,0.4213,0.4213,10000063,2015-09-23,2015-09-23,C,2.55,2015-02-27
6050,2015-04-08 10:21:00,2015-04-08,0.4213,0.0,0.0,0.0,0.4213,0.4213,0.4213,10000063,2015-09-23,2015-09-23,C,2.55,2015-02-27
6051,2015-04-08 10:22:00,2015-04-08,0.4213,0.0,0.0,0.0,0.4213,0.4213,0.4213,10000063,2015-09-23,2015-09-23,C,2.55,2015-02-27
6052,2015-04-08 10:23:00,2015-04-08,0.4213,0.0,0.0,0.0,0.4213,0.4213,0.4213,10000063,2015-09-23,2015-09-23,C,2.55,2015-02-27
6053,2015-04-08 10:24:00,2015-04-08,0.4213,0.0,0.0,0.0,0.4213,0.4213,0.4213,10000063,2015-09-23,2015-09-23,C,2.55,2015-02-27
6054,2015-04-08 10:25:00,2015-04-08,0.4213,0.0,0.0,0.0,0.4213,0.4213,0.4213,10000063,2015-09-23,2015-09-23,C,2.55,2015-02-27
6055,2015-04-08 10:26:00,2015-04-08,0.4213,0.0,0.0,0.0,0.4213,0.4213,0.4213,10000063,2015-09-23,2015-09-23,C,2.55,2015-02-27
6056,2015-04-08 10:27:00,2015-04-08,0.4213,0.0,0.0,0.0,0.4213,0.4213,0.4213,10000063,2015-09-23,2015-09-23,C,2.55,2015-02-27
6057,2015-04-08 10:28:00,2015-04-08,0.4213,0.0,0.0,0.0,0.4213,0.4213,0.4213,10000063,2015-09-23,2015-09-23,C,2.55,2015-02-27
6058,2015-04-08 10:29:00,2015-04-08,0.4213,0.0,0.0,0.0,0.4213,0.4213,0.4213,10000063,2015-09-23,2015-09-23,C,2.55,2015-02-27
6059,2015-04-08 10:30:00,2015-04-08,0.4213,0.0,0.0,0.0,0.4213,0.4213,0.4213,10000063,2015-09-23,2015-09-23,C,2.55,2015-02-27
6060,2015-04-08 10:31:00,2015-04-08,0.4213,0.0,0.0,0.0,0.4213,0.4213,0.4213,10000063,2015-09-23,2015-09-23,C,2.55,2015-02-27
6061,2015-04-08 10:32:00,2015-04-08,0.4213,0.0,0.0,0.0,0.4213,0.4213,0.4213,10000063,2015-09-23,2015-09-23,C,2.55,2015-02-27
6062,2015-04-08 10:33:00,2015-04-08,0.4213,0.0,0.0,0.0,0.4213,0.4213,0.4213,10000063,2015-09-23,2015-09-23,C,2.55,2015-02-27
6063,2015-04-08 10:34:00,2015-04-08,0.4213,0.0,0.0,0.0,0.4213,0.4213,0.4213,10000063,2015-09-23,2015-09-23,C,2.55,2015-02-27
6064,2015-04-08 10:35:00,2015-04-08,0.4213,0.0,0.0,0.0,0.4213,0.4213,0.4213,10000063,2015-09-23,2015-09-23,C,2.55,2015-02-27
6065,2015-04-08 10:36:00,2015-04-08,0.4213,0.0,0.0,0.0,0.4213,0.4213,0.4213,10000063,2015-09-23,2015-09-23,C,2.55,2015-02-27
6066,2015-04-08 10:37:00,2015-04-08,0.4213,0.0,0.0,0.0,0.4213,0.4213,0.4213,10000063,2015-09-23,2015-09-23,C,2.55,2015-02-27
6067,2015-04-08 10:38:00,2015-04-08,0.4213,0.0,0.0,0.0,0.4213,0.4213,0.4213,10000063,2015-09-23,2015-09-23,C,2.55,2015-02-27
6068,2015-04-08 10:39:00,2015-04-08,0.4213,0.0,0.0,0.0,0.4213,0.4213,0.4213,10000063,2015-09-23,2015-09-23,C,2.55,2015-02-27
6069,2015-04-08 10:40:00,2015-04-08,0.4213,0.0,0.0,0.0,0.4213,0.4213,0.4213,10000063,2015-09-23,2015-09-23,C,2.55,2015-02-27
6070,2015-04-08 10:41:00,2015-04-08,0.4213,0.0,0.0,0.0,0.4213,0.4213,0.4213,10000063,2015-09-23,2015-09-23,C,2.55,2015-02-27
6071,2015-04-08 10:42:00,2015-04-08,0.4213,0.0,0.0,0.0,0.4213,0.4213,0.4213,10000063,2015-09-23,2015-09-23,C,2.55,2015-02-27
6072,2015-04-08 10:43:00,2015-04-08,0.4213,0.0,0.0,0.0,0.4213,0.4213,0.4213,10000063,2015-09-23,2015-09-23,C,2.55,2015-02-27
6073,2015-04-08 10:44:00,2015-04-08,0.4213,0.0,0.0,0.0,0.4213,0.4213,0.4213,10000063,2015-09-23,2015-09-23,C,2.55,2015-02-27
6074,2015-04-08 10:45:00,2015-04-08,0.4213,0.0,0.0,0.0,0.4213,0.4213,0.4213,10000063,2015-09-23,2015-09-23,C,2.55,2015-02-27
6075,2015-04-08 10:46:00,2015-04-08,0.4213,0.0,0.0,0.0,0.4213,0.4213,0.4213,10000063,2015-09-23,2015-09-23,C,2.55,2015-02-27
6076,2015-04-08 10:47:00,2015-04-08,0.4213,0.0,0.0,0.0,0.4213,0.4213,0.4213,10000063,2015-09-23,2015-09-23,C,2.55,2015-02-27
6077,2015-04-08 10:48:00,2015-04-08,0.4213,0.0,0.0,0.0,0.4213,0.4213,0.4213,10000063,2015-09-23,2015-09-23,C,2.55,2015-02-27
6078,2015-04-08 10:49:00,2015-04-08,0.4213,0.0,0.0,0.0,0.4213,0.4213,0.4213,10000063,2015-09-23,2015-09-23,C,2.55,2015-02-27
6079,2015-04-08 10:50:00,2015-04-08,0.4213,0.0,0.0,0.0,0.4213,0.4213,0.4213,10000063,2015-09-23,2015-09-23,C,2.55,2015-02-27
6080,2015-04-08 10:51:00,2015-04-08,0.4213,0.0,0.0,0.0,0.4213,0.4213,0.4213,10000063,2015-09-23,2015-09-23,C,2.55,2015-02-27
6081,2015-04-08 10:52:00,2015-04-08,0.4213,0.0,0.0,0.0,0.4213,0.4213,0.4213,10000063,2015-09-23,2015-09-23,C,2.55,2015-02-27
6082,2015-04-08 10:53:00,2015-04-08,0.4213,0.0,0.0,0.0,0.4213,0.4213,0.4213,10000063,2015-09-23,2015-09-23,C,2.55,2015-02-27
6083,2015-04-08 10:54:00,2015-04-08,0.4213,0.0,0.0,0.0,0.4213,0.4213,0.4213,10000063,2015-09-23,2015-09-23,C,2.55,2015-02-27
6084,2015-04-08 10:55:00,2015-04-08,0.4213,0.0,0.0,0.0,0.4213,0.4213,0.4213,10000063,2015-09-23,2015-09-23,C,2.55,2015-02-27
6085,2015-04-08 10:56:00,2015-04-08,0.4213,0.0,0.0,0.0,0.4213,0.4213,0.4213,10000063,2015-09-23,2015-09-23,C,2.55,2015-02-27
6086,2015-04-08 10:57:00,2015-04-08,0.4213,0.0,0.0,0.0,0.4213,0.4213,0.4213,10000063,2015-09-23,2015-09-23,C,2.55,2015-02-27
6087,2015-04-08 10:58:00,2015-04-08,0.4213,0.0,0.0,0.0,0.4213,0.4213,0.4213,10000063,2015-09-23,2015-09-23,C,2.55,2015-02-27
6088,2015-04-08 10:59:00,2015-04-08,0.4213,0.0,0.0,0.0,0.4213,0.4213,0.4213,10000063,2015-09-23,2015-09-23,C,2.55,2015-02-27
6089,2015-04-08 11:00:00,2015-04-08,0.4213,0.0,0.0,0.0,0.4213,0.4213,0.4213,10000063,2015-09-23,2015-09-23,C,2.55,2015-02-27
6090,2015-04-08 11:01:00,2015-04-08,0.4213,0.0,0.0,0.0,0.4213,0.4213,0.4213,10000063,2015-09-23,2015-09-23,C,2.55,2015-02-27
6091,2015-04-08 11:02:00,2015-04-08,0.4213,0.0,0.0,0.0,0.4213,0.4213,0.4213,10000063,2015-09-23,2015-09-23,C,2.55,2015-02-27
6092,2015-04-08 11:03:00,2015-04-08,0.4213,0.0,0.0,0.0,0.4213,0.4213,0.4213,10000063,2015-09-23,2015-09-23,C,2.55,2015-02-27
6093,2015-04-08 11:04:00,2015-04-08,0.4213,0.0,0.0,0.0,0.4213,0.4213,0.4213,10000063,2015-09-23,2015-09-23,C,2.55,2015-02-27
6094,2015-04-08 11:05:00,2015-04-08,0.4213,0.0,0.0,0.0,0.4213,0.4213,0.4213,10000063,2015-09-23,2015-09-23,C,2.55,2015-02-27
6095,2015-04-08 11:06:00,2015-04-08,0.4213,0.0,0.0,0.0,0.4213,0.4213,0.4213,10000063,2015-09-23,2015-09-23,C,2.55,2015-02-27
6096,2015-04-08 11:07:00,2015-04-08,0.4213,0.0,0.0,0.0,0.4213,0.4213,0.4213,10000063,2015-09-23,2015-09-23,C,2.55,2015-02-27
6097,2015-04-08 11:08:00,2015-04-08,0.4213,0.0,0.0,0.0,0.4213,0.4213,0.4213,10000063,2015-09-23,2015-09-23,C,2.55,2015-02-27
6098,2015-04-08 11:09:00,2015-04-08,0.4213,0.0,0.0,0.0,0.4213,0.4213,0.4213,10000063,2015-09-23,2015-09-23,C,2.55,2015-02-27
6099,2015-04-08 11:10:00,2015-04-08,0.4213,0.0,0.0,0.0,0.4213,0.4213,0.4213,10000063,2015-09-23,2015-09-23,C,2.55,2015-02-27
6100,2015-04-08 11:11:00,2015-04-08,0.4213,0.0,0.0,0.0,0.4213,0.4213,0.4213,10000063,2015-09-23,2015-09-23,C,2.55,2015-02-27
6101,2015-04-08 11:12:00,2015-04-08,0.4213,0.0,0.0,0.0,0.4213,0.4213,0.4213,10000063,2015-09-23,2015-09-23,C,2.55,2015-02-27
6102,2015-04-08 11:13:00,2015-04-08,0.4213,0.0,0.0,0.0,0.4213,0.4213,0.4213,10000063,2015-09-23,2015-09-23,C,2.55,2015-02-27
6103,2015-04-08 11:14:00,2015-04-08,0.4213,0.0,0.0,0.0,0.4213,0.4213,0.4213,10000063,2015-09-23,2015-09-23,C,2.55,2015-02-27
6104,2015-04-08 11:15:00,2015-04-08,0.4213,0.0,0.0,0.0,0.4213,0.4213,0.4213,10000063,2015-09-23,2015-09-23,C,2.55,2015-02-27
6105,2015-04-08 11:16:00,2015-04-08,0.4213,0.0,0.0,0.0,0.4213,0.4213,0.4213,10000063,2015-09-23,2015-09-23,C,2.55,2015-02-27
6106,2015-04-08 11:17:00,2015-04-08,0.4213,0.0,0.0,0.0,0.4213,0.4213,0.4213,10000063,2015-09-23,2015-09-23,C,2.55,2015-02-27
6107,2015-04-08 11:18:00,2015-04-08,0.4213,0.0,0.0,0.0,0.4213,0.4213,0.4213,10000063,2015-09-23,2015-09-23,C,2.55,2015-02-27
6108,2015-04-08 11:19:00,2015-04-08,0.4213,0.0,0.0,0.0,0.4213,0.4213,0.4213,10000063,2015-09-23,2015-09-23,C,2.55,2015-02-27
6109,2015-04-08 11:20:00,2015-04-08,0.4213,0.0,0.0,0.0,0.4213,0.4213,0.4213,10000063,2015-09-23,2015-09-23,C,2.55,2015-02-27
6110,2015-04-08 11:21:00,2015-04-08,0.4213,0.0,0.0,0.0,0.4213,0.4213,0.4213,10000063,2015-09-23,2015-09-23,C,2.55,2015-02-27
6111,2015-04-08 11:22:00,2015-04-08,0.4213,0.0,0.0,0.0,0.4213,0.4213,0.4213,10000063,2015-09-23,2015-09-23,C,2.55,2015-02-27
6112,2015-04-08 11:23:00,2015-04-08,0.4213,0.0,0.0,0.0,0.4213,0.4213,0.4213,10000063,2015-09-23,2015-09-23,C,2.55,2015-02-27
6113,2015-04-08 11:24:00,2015-04-08,0.4213,0.0,0.0,0.0,0.4213,0.4213,0.4213,10000063,2015-09-23,2015-09-23,C,2.55,2015-02-27
6114,2015-04-08 11:25:00,2015-04-08,0.4213,0.0,0.0,0.0,0.4213,0.4213,0.4213,10000063,2015-09-23,2015-09-23,C,2.55,2015-02-27
6115,2015-04-08 11:26:00,2015-04-08,0.4213,0.0,0.0,0.0,0.4213,0.4213,0.4213,10000063,2015-09-23,2015-09-23,C,2.55,2015-02-27
6116,2015-04-08 11:27:00,2015-04-08,0.4213,0.0,0.0,0.0,0.4213,0.4213,0.4213,10000063,2015-09-23,2015-09-23,C,2.55,2015-02-27
6117,2015-04-08 11:28:00,2015-04-08,0.4213,0.0,0.0,0.0,0.4213,0.4213,0.4213,10000063,2015-09-23,2015-09-23,C,2.55,2015-02-27
6118,2015-04-08 11:29:00,2015-04-08,0.4213,0.0,0.0,0.0,0.4213,0.4213,0.4213,10000063,2015-09-23,2015-09-23,C,2.55,2015-02-27
6119,2015-04-08 11:30:00,2015-04-08,0.4213,0.0,0.0,0.0,0.4213,0.4213,0.4213,10000063,2015-09-23,2015-09-23,C,2.55,2015-02-27
6120,2015-04-08 13:01:00,2015-04-08,0.4213,0.0,0.0,0.0,0.4213,0.4213,0.4213,10000063,2015-09-23,2015-09-23,C,2.55,2015-02-27
6121,2015-04-08 13:02:00,2015-04-08,0.4213,0.0,0.0,0.0,0.4213,0.4213,0.4213,10000063,2015-09-23,2015-09-23,C,2.55,2015-02-27
6122,2015-04-08 13:03:00,2015-04-08,0.4213,0.0,0.0,0.0,0.4213,0.4213,0.4213,10000063,2015-09-23,2015-09-23,C,2.55,2015-02-27
6123,2015-04-08 13:04:00,2015-04-08,0.4213,0.0,0.0,0.0,0.4213,0.4213,0.4213,10000063,2015-09-23,2015-09-23,C,2.55,2015-02-27
6124,2015-04-08 13:05:00,2015-04-08,0.4213,0.0,0.0,0.0,0.4213,0.4213,0.4213,10000063,2015-09-23,2015-09-23,C,2.55,2015-02-27
6125,2015-04-08 13:06:00,2015-04-08,0.4213,0.0,0.0,0.0,0.4213,0.4213,0.4213,10000063,2015-09-23,2015-09-23,C,2.55,2015-02-27
6126,2015-04-08 13:07:00,2015-04-08,0.4213,0.0,0.0,0.0,0.4213,0.4213,0.4213,10000063,2015-09-23,2015-09-23,C,2.55,2015-02-27
6127,2015-04-08 13:08:00,2015-04-08,0.4213,0.0,0.0,0.0,0.4213,0.4213,0.4213,10000063,2015-09-23,2015-09-23,C,2.55,2015-02-27
6128,2015-04-08 13:09:00,2015-04-08,0.4213,0.0,0.0,0.0,0.4213,0.4213,0.4213,10000063,2015-09-23,2015-09-23,C,2.55,2015-02-27
6129,2015-04-08 13:10:00,2015-04-08,0.4213,0.0,0.0,0.0,0.4213,0.4213,0.4213,10000063,2015-09-23,2015-09-23,C,2.55,2015-02-27
6130,2015-04-08 13:11:00,2015-04-08,0.4213,0.0,0.0,0.0,0.4213,0.4213,0.4213,10000063,2015-09-23,2015-09-23,C,2.55,2015-02-27
6131,2015-04-08 13:12:00,2015-04-08,0.4213,0.0,0.0,0.0,0.4213,0.4213,0.4213,10000063,2015-09-23,2015-09-23,C,2.55,2015-02-27
6132,2015-04-08 13:13:00,2015-04-08,0.4213,0.0,0.0,0.0,0.4213,0.4213,0.4213,10000063,2015-09-23,2015-09-23,C,2.55,2015-02-27
6133,2015-04-08 13:14:00,2015-04-08,0.4213,0.0,0.0,0.0,0.4213,0.4213,0.4213,10000063,2015-09-23,2015-09-23,C,2.55,2015-02-27
6134,2015-04-08 13:15:00,2015-04-08,0.4213,0.0,0.0,0.0,0.4213,0.4213,0.4213,10000063,2015-09-23,2015-09-23,C,2.55,2015-02-27
6135,2015-04-08 13:16:00,2015-04-08,0.4213,0.0,0.0,0.0,0.4213,0.4213,0.4213,10000063,2015-09-23,2015-09-23,C,2.55,2015-02-27
6136,2015-04-08 13:17:00,2015-04-08,0.4213,0.0,0.0,0.0,0.4213,0.4213,0.4213,10000063,2015-09-23,2015-09-23,C,2.55,2015-02-27
6137,2015-04-08 13:18:00,2015-04-08,0.4213,0.0,0.0,0.0,0.4213,0.4213,0.4213,10000063,2015-09-23,2015-09-23,C,2.55,2015-02-27
6138,2015-04-08 13:19:00,2015-04-08,0.4698,-42568.0,-9.0,447.0,0.4698,0.4698,0.4698,10000063,2015-09-23,2015-09-23,C,2.55,2015-02-27
6139,2015-04-08 13:20:00,2015-04-08,0.4698,0.0,0.0,447.0,0.4698,0.4698,0.4698,10000063,2015-09-23,2015-09-23,C,2.55,2015-02-27
6140,2015-04-08 13:21:00,2015-04-08,0.4698,0.0,0.0,447.0,0.4698,0.4698,0.4698,10000063,2015-09-23,2015-09-23,C,2.55,2015-02-27
6141,2015-04-08 13:22:00,2015-04-08,0.4698,0.0,0.0,447.0,0.4698,0.4698,0.4698,10000063,2015-09-23,2015-09-23,C,2.55,2015-02-27
6142,2015-04-08 13:23:00,2015-04-08,0.4698,0.0,0.0,447.0,0.4698,0.4698,0.4698,10000063,2015-09-23,2015-09-23,C,2.55,2015-02-27
6143,2015-04-08 13:24:00,2015-04-08,0.4698,0.0,0.0,447.0,0.4698,0.4698,0.4698,10000063,2015-09-23,2015-09-23,C,2.55,2015-02-27
6144,2015-04-08 13:25:00,2015-04-08,0.4698,0.0,0.0,447.0,0.4698,0.4698,0.4698,10000063,2015-09-23,2015-09-23,C,2.55,2015-02-27
6145,2015-04-08 13:26:00,2015-04-08,0.4698,0.0,0.0,447.0,0.4698,0.4698,0.4698,10000063,2015-09-23,2015-09-23,C,2.55,2015-02-27
6146,2015-04-08 13:27:00,2015-04-08,0.4698,0.0,0.0,447.0,0.4698,0.4698,0.4698,10000063,2015-09-23,2015-09-23,C,2.55,2015-02-27
6147,2015-04-08 13:28:00,2015-04-08,0.4698,0.0,0.0,447.0,0.4698,0.4698,0.4698,10000063,2015-09-23,2015-09-23,C,2.55,2015-02-27
6148,2015-04-08 13:29:00,2015-04-08,0.4698,0.0,0.0,447.0,0.4698,0.4698,0.4698,10000063,2015-09-23,2015-09-23,C,2.55,2015-02-27
6149,2015-04-08 13:30:00,2015-04-08,0.4698,0.0,0.0,447.0,0.4698,0.4698,0.4698,10000063,2015-09-23,2015-09-23,C,2.55,2015-02-27
6150,2015-04-08 13:31:00,2015-04-08,0.4698,0.0,0.0,447.0,0.4698,0.4698,0.4698,10000063,2015-09-23,2015-09-23,C,2.55,2015-02-27
6151,2015-04-08 13:32:00,2015-04-08,0.4698,0.0,0.0,447.0,0.4698,0.4698,0.4698,10000063,2015-09-23,2015-09-23,C,2.55,2015-02-27
6152,2015-04-08 13:33:00,2015-04-08,0.4698,0.0,0.0,447.0,0.4698,0.4698,0.4698,10000063,2015-09-23,2015-09-23,C,2.55,2015-02-27
6153,2015-04-08 13:34:00,2015-04-08,0.4698,0.0,0.0,447.0,0.4698,0.4698,0.4698,10000063,2015-09-23,2015-09-23,C,2.55,2015-02-27
6154,2015-04-08 13:35:00,2015-04-08,0.4698,0.0,0.0,447.0,0.4698,0.4698,0.4698,10000063,2015-09-23,2015-09-23,C,2.55,2015-02-27
6155,2015-04-08 13:36:00,2015-04-08,0.4698,0.0,0.0,447.0,0.4698,0.4698,0.4698,10000063,2015-09-23,2015-09-23,C,2.55,2015-02-27
6156,2015-04-08 13:37:00,2015-04-08,0.4698,0.0,0.0,447.0,0.4698,0.4698,0.4698,10000063,2015-09-23,2015-09-23,C,2.55,2015-02-27
6157,2015-04-08 13:38:00,2015-04-08,0.4698,0.0,0.0,447.0,0.4698,0.4698,0.4698,10000063,2015-09-23,2015-09-23,C,2.55,2015-02-27
6158,2015-04-08 13:39:00,2015-04-08,0.4698,0.0,0.0,447.0,0.4698,0.4698,0.4698,10000063,2015-09-23,2015-09-23,C,2.55,2015-02-27
6159,2015-04-08 13:40:00,2015-04-08,0.4698,0.0,0.0,447.0,0.4698,0.4698,0.4698,10000063,2015-09-23,2015-09-23,C,2.55,2015-02-27
6160,2015-04-08 13:41:00,2015-04-08,0.4698,0.0,0.0,447.0,0.4698,0.4698,0.4698,10000063,2015-09-23,2015-09-23,C,2.55,2015-02-27
6161,2015-04-08 13:42:00,2015-04-08,0.4698,0.0,0.0,447.0,0.4698,0.4698,0.4698,10000063,2015-09-23,2015-09-23,C,2.55,2015-02-27
6162,2015-04-08 13:43:00,2015-04-08,0.4698,0.0,0.0,447.0,0.4698,0.4698,0.4698,10000063,2015-09-23,2015-09-23,C,2.55,2015-02-27
6163,2015-04-08 13:44:00,2015-04-08,0.4698,0.0,0.0,447.0,0.4698,0.4698,0.4698,10000063,2015-09-23,2015-09-23,C,2.55,2015-02-27
6164,2015-04-08 13:45:00,2015-04-08,0.4698,0.0,0.0,447.0,0.4698,0.4698,0.4698,10000063,2015-09-23,2015-09-23,C,2.55,2015-02-27
6165,2015-04-08 13:46:00,2015-04-08,0.4698,0.0,0.0,447.0,0.4698,0.4698,0.4698,10000063,2015-09-23,2015-09-23,C,2.55,2015-02-27
6166,2015-04-08 13:47:00,2015-04-08,0.4698,0.0,0.0,447.0,0.4698,0.4698,0.4698,10000063,2015-09-23,2015-09-23,C,2.55,2015-02-27
6167,2015-04-08 13:48:00,2015-04-08,0.4698,0.0,0.0,447.0,0.4698,0.4698,0.4698,10000063,2015-09-23,2015-09-23,C,2.55,2015-02-27
6168,2015-04-08 13:49:00,2015-04-08,0.4698,0.0,0.0,447.0,0.4698,0.4698,0.4698,10000063,2015-09-23,2015-09-23,C,2.55,2015-02-27
6169,2015-04-08 13:50:00,2015-04-08,0.4698,0.0,0.0,447.0,0.4698,0.4698,0.4698,10000063,2015-09-23,2015-09-23,C,2.55,2015-02-27
6170,2015-04-08 13:51:00,2015-04-08,0.4698,0.0,0.0,447.0,0.4698,0.4698,0.4698,10000063,2015-09-23,2015-09-23,C,2.55,2015-02-27
6171,2015-04-08 13:52:00,2015-04-08,0.4698,0.0,0.0,447.0,0.4698,0.4698,0.4698,10000063,2015-09-23,2015-09-23,C,2.55,2015-02-27
6172,2015-04-08 13:53:00,2015-04-08,0.4698,0.0,0.0,447.0,0.4698,0.4698,0.4698,10000063,2015-09-23,2015-09-23,C,2.55,2015-02-27
6173,2015-04-08 13:54:00,2015-04-08,0.4698,0.0,0.0,447.0,0.4698,0.4698,0.4698,10000063,2015-09-23,2015-09-23,C,2.55,2015-02-27
6174,2015-04-08 13:55:00,2015-04-08,0.4698,0.0,0.0,447.0,0.4698,0.4698,0.4698,10000063,2015-09-23,2015-09-23,C,2.55,2015-02-27
6175,2015-04-08 13:56:00,2015-04-08,0.4698,0.0,0.0,447.0,0.4698,0.4698,0.4698,10000063,2015-09-23,2015-09-23,C,2.55,2015-02-27
6176,2015-04-08 13:57:00,2015-04-08,0.4698,0.0,0.0,447.0,0.4698,0.4698,0.4698,10000063,2015-09-23,2015-09-23,C,2.55,2015-02-27
6177,2015-04-08 13:58:00,2015-04-08,0.4698,0.0,0.0,447.0,0.4698,0.4698,0.4698,10000063,2015-09-23,2015-09-23,C,2.55,2015-02-27
6178,2015-04-08 13:59:00,2015-04-08,0.4698,0.0,0.0,447.0,0.4698,0.4698,0.4698,10000063,2015-09-23,2015-09-23,C,2.55,2015-02-27
6179,2015-04-08 14:00:00,2015-04-08,0.4698,0.0,0.0,447.0,0.4698,0.4698,0.4698,10000063,2015-09-23,2015-09-23,C,2.55,2015-02-27
6180,2015-04-08 14:01:00,2015-04-08,0.4698,0.0,0.0,447.0,0.4698,0.4698,0.4698,10000063,2015-09-23,2015-09-23,C,2.55,2015-02-27
6181,2015-04-08 14:02:00,2015-04-08,0.4698,0.0,0.0,447.0,0.4698,0.4698,0.4698,10000063,2015-09-23,2015-09-23,C,2.55,2015-02-27
6182,2015-04-08 14:03:00,2015-04-08,0.4698,0.0,0.0,447.0,0.4698,0.4698,0.4698,10000063,2015-09-23,2015-09-23,C,2.55,2015-02-27
6183,2015-04-08 14:04:00,2015-04-08,0.4698,0.0,0.0,447.0,0.4698,0.4698,0.4698,10000063,2015-09-23,2015-09-23,C,2.55,2015-02-27
6184,2015-04-08 14:05:00,2015-04-08,0.4698,0.0,0.0,447.0,0.4698,0.4698,0.4698,10000063,2015-09-23,2015-09-23,C,2.55,2015-02-27
6185,2015-04-08 14:06:00,2015-04-08,0.4698,0.0,0.0,447.0,0.4698,0.4698,0.4698,10000063,2015-09-23,2015-09-23,C,2.55,2015-02-27
6186,2015-04-08 14:07:00,2015-04-08,0.4698,0.0,0.0,447.0,0.4698,0.4698,0.4698,10000063,2015-09-23,2015-09-23,C,2.55,2015-02-27
6187,2015-04-08 14:08:00,2015-04-08,0.4698,0.0,0.0,447.0,0.4698,0.4698,0.4698,10000063,2015-09-23,2015-09-23,C,2.55,2015-02-27
6188,2015-04-08 14:09:00,2015-04-08,0.4698,0.0,0.0,447.0,0.4698,0.4698,0.4698,10000063,2015-09-23,2015-09-23,C,2.55,2015-02-27
6189,2015-04-08 14:10:00,2015-04-08,0.4698,0.0,0.0,447.0,0.4698,0.4698,0.4698,10000063,2015-09-23,2015-09-23,C,2.55,2015-02-27
6190,2015-04-08 14:11:00,2015-04-08,0.4698,0.0,0.0,447.0,0.4698,0.4698,0.4698,10000063,2015-09-23,2015-09-23,C,2.55,2015-02-27
6191,2015-04-08 14:12:00,2015-04-08,0.4698,0.0,0.0,447.0,0.4698,0.4698,0.4698,10000063,2015-09-23,2015-09-23,C,2.55,2015-02-27
6192,2015-04-08 14:13:00,2015-04-08,0.4698,0.0,0.0,447.0,0.4698,0.4698,0.4698,10000063,2015-09-23,2015-09-23,C,2.55,2015-02-27
6193,2015-04-08 14:14:00,2015-04-08,0.4698,0.0,0.0,447.0,0.4698,0.4698,0.4698,10000063,2015-09-23,2015-09-23,C,2.55,2015-02-27
6194,2015-04-08 14:15:00,2015-04-08,0.4698,0.0,0.0,447.0,0.4698,0.4698,0.4698,10000063,2015-09-23,2015-09-23,C,2.55,2015-02-27
6195,2015-04-08 14:16:00,2015-04-08,0.4698,0.0,0.0,447.0,0.4698,0.4698,0.4698,10000063,2015-09-23,2015-09-23,C,2.55,2015-02-27
6196,2015-04-08 14:17:00,2015-04-08,0.4698,0.0,0.0,447.0,0.4698,0.4698,0.4698,10000063,2015-09-23,2015-09-23,C,2.55,2015-02-27
6197,2015-04-08 14:18:00,2015-04-08,0.4698,0.0,0.0,447.0,0.4698,0.4698,0.4698,10000063,2015-09-23,2015-09-23,C,2.55,2015-02-27
6198,2015-04-08 14:19:00,2015-04-08,0.4698,0.0,0.0,447.0,0.4698,0.4698,0.4698,10000063,2015-09-23,2015-09-23,C,2.55,2015-02-27
6199,2015-04-08 14:20:00,2015-04-08,0.4698,0.0,0.0,447.0,0.4698,0.4698,0.4698,10000063,2015-09-23,2015-09-23,C,2.55,2015-02-27
6200,2015-04-08 14:21:00,2015-04-08,0.4698,0.0,0.0,447.0,0.4698,0.4698,0.4698,10000063,2015-09-23,2015-09-23,C,2.55,2015-02-27
6201,2015-04-08 14:22:00,2015-04-08,0.4698,0.0,0.0,447.0,0.4698,0.4698,0.4698,10000063,2015-09-23,2015-09-23,C,2.55,2015-02-27
6202,2015-04-08 14:23:00,2015-04-08,0.4698,0.0,0.0,447.0,0.4698,0.4698,0.4698,10000063,2015-09-23,2015-09-23,C,2.55,2015-02-27
6203,2015-04-08 14:24:00,2015-04-08,0.4698,0.0,0.0,447.0,0.4698,0.4698,0.4698,10000063,2015-09-23,2015-09-23,C,2.55,2015-02-27
6204,2015-04-08 14:25:00,2015-04-08,0.4698,0.0,0.0,447.0,0.4698,0.4698,0.4698,10000063,2015-09-23,2015-09-23,C,2.55,2015-02-27
6205,2015-04-08 14:26:00,2015-04-08,0.47,23500.0,5.0,447.0,0.47,0.47,0.47,10000063,2015-09-23,2015-09-23,C,2.55,2015-02-27
6206,2015-04-08 14:27:00,2015-04-08,0.4767,19068.0,4.0,447.0,0.4767,0.4767,0.4767,10000063,2015-09-23,2015-09-23,C,2.55,2015-02-27
6207,2015-04-08 14:28:00,2015-04-08,0.4767,0.0,0.0,447.0,0.4767,0.4767,0.4767,10000063,2015-09-23,2015-09-23,C,2.55,2015-02-27
6208,2015-04-08 14:29:00,2015-04-08,0.4767,0.0,0.0,447.0,0.4767,0.4767,0.4767,10000063,2015-09-23,2015-09-23,C,2.55,2015-02-27
6209,2015-04-08 14:30:00,2015-04-08,0.4767,0.0,0.0,447.0,0.4767,0.4767,0.4767,10000063,2015-09-23,2015-09-23,C,2.55,2015-02-27
6210,2015-04-08 14:31:00,2015-04-08,0.4767,0.0,0.0,447.0,0.4767,0.4767,0.4767,10000063,2015-09-23,2015-09-23,C,2.55,2015-02-27
6211,2015-04-08 14:32:00,2015-04-08,0.4767,0.0,0.0,447.0,0.4767,0.4767,0.4767,10000063,2015-09-23,2015-09-23,C,2.55,2015-02-27
6212,2015-04-08 14:33:00,2015-04-08,0.4767,0.0,0.0,447.0,0.4767,0.4767,0.4767,10000063,2015-09-23,2015-09-23,C,2.55,2015-02-27
6213,2015-04-08 14:34:00,2015-04-08,0.4767,0.0,0.0,447.0,0.4767,0.4767,0.4767,10000063,2015-09-23,2015-09-23,C,2.55,2015-02-27
6214,2015-04-08 14:35:00,2015-04-08,0.4767,0.0,0.0,447.0,0.4767,0.4767,0.4767,10000063,2015-09-23,2015-09-23,C,2.55,2015-02-27
6215,2015-04-08 14:36:00,2015-04-08,0.4767,0.0,0.0,447.0,0.4767,0.4767,0.4767,10000063,2015-09-23,2015-09-23,C,2.55,2015-02-27
6216,2015-04-08 14:37:00,2015-04-08,0.4767,0.0,0.0,447.0,0.4767,0.4767,0.4767,10000063,2015-09-23,2015-09-23,C,2.55,2015-02-27
6217,2015-04-08 14:38:00,2015-04-08,0.4767,0.0,0.0,447.0,0.4767,0.4767,0.4767,10000063,2015-09-23,2015-09-23,C,2.55,2015-02-27
6218,2015-04-08 14:39:00,2015-04-08,0.4767,0.0,0.0,447.0,0.4767,0.4767,0.4767,10000063,2015-09-23,2015-09-23,C,2.55,2015-02-27
6219,2015-04-08 14:40:00,2015-04-08,0.4767,0.0,0.0,447.0,0.4767,0.4767,0.4767,10000063,2015-09-23,2015-09-23,C,2.55,2015-02-27
6220,2015-04-08 14:41:00,2015-04-08,0.4767,0.0,0.0,447.0,0.4767,0.4767,0.4767,10000063,2015-09-23,2015-09-23,C,2.55,2015-02-27
6221,2015-04-08 14:42:00,2015-04-08,0.4767,0.0,0.0,447.0,0.4767,0.4767,0.4767,10000063,2015-09-23,2015-09-23,C,2.55,2015-02-27
6222,2015-04-08 14:43:00,2015-04-08,0.4767,0.0,0.0,447.0,0.4767,0.4767,0.4767,10000063,2015-09-23,2015-09-23,C,2.55,2015-02-27
6223,2015-04-08 14:44:00,2015-04-08,0.4767,0.0,0.0,447.0,0.4767,0.4767,0.4767,10000063,2015-09-23,2015-09-23,C,2.55,2015-02-27
6224,2015-04-08 14:45:00,2015-04-08,0.4767,0.0,0.0,447.0,0.4767,0.4767,0.4767,10000063,2015-09-23,2015-09-23,C,2.55,2015-02-27
6225,2015-04-08 14:46:00,2015-04-08,0.4767,0.0,0.0,447.0,0.4767,0.4767,0.4767,10000063,2015-09-23,2015-09-23,C,2.55,2015-02-27
6226,2015-04-08 14:47:00,2015-04-08,0.4767,0.0,0.0,447.0,0.4767,0.4767,0.4767,10000063,2015-09-23,2015-09-23,C,2.55,2015-02-27
6227,2015-04-08 14:48:00,2015-04-08,0.4767,0.0,0.0,447.0,0.4767,0.4767,0.4767,10000063,2015-09-23,2015-09-23,C,2.55,2015-02-27
6228,2015-04-08 14:49:00,2015-04-08,0.4767,0.0,0.0,447.0,0.4767,0.4767,0.4767,10000063,2015-09-23,2015-09-23,C,2.55,2015-02-27
6229,2015-04-08 14:50:00,2015-04-08,0.4767,0.0,0.0,447.0,0.4767,0.4767,0.4767,10000063,2015-09-23,2015-09-23,C,2.55,2015-02-27
6230,2015-04-08 14:51:00,2015-04-08,0.4767,0.0,0.0,447.0,0.4767,0.4767,0.4767,10000063,2015-09-23,2015-09-23,C,2.55,2015-02-27
6231,2015-04-08 14:52:00,2015-04-08,0.4767,0.0,0.0,447.0,0.4767,0.4767,0.4767,10000063,2015-09-23,2015-09-23,C,2.55,2015-02-27
6232,2015-04-08 14:53:00,2015-04-08,0.4767,0.0,0.0,447.0,0.4767,0.4767,0.4767,10000063,2015-09-23,2015-09-23,C,2.55,2015-02-27
6233,2015-04-08 14:54:00,2015-04-08,0.4767,0.0,0.0,447.0,0.4767,0.4767,0.4767,10000063,2015-09-23,2015-09-23,C,2.55,2015-02-27
6234,2015-04-08 14:55:00,2015-04-08,0.4767,0.0,0.0,447.0,0.4767,0.4767,0.4767,10000063,2015-09-23,2015-09-23,C,2.55,2015-02-27
6235,2015-04-08 14:56:00,2015-04-08,0.4767,0.0,0.0,447.0,0.4767,0.4767,0.4767,10000063,2015-09-23,2015-09-23,C,2.55,2015-02-27
6236,2015-04-08 14:57:00,2015-04-08,0.4767,0.0,0.0,447.0,0.4767,0.4767,0.4767,10000063,2015-09-23,2015-09-23,C,2.55,2015-02-27
6237,2015-04-08 14:58:00,2015-04-08,0.4767,0.0,0.0,447.0,0.4767,0.4767,0.4767,10000063,2015-09-23,2015-09-23,C,2.55,2015-02-27
6238,2015-04-08 14:59:00,2015-04-08,0.4767,0.0,0.0,447.0,0.4767,0.4767,0.4767,10000063,2015-09-23,2015-09-23,C,2.55,2015-02-27
6239,2015-04-08 15:00:00,2015-04-08,0.4767,0.0,0.0,447.0,0.4767,0.4767,0.4767,10000063,2015-09-23,2015-09-23,C,2.55,2015-02-27
6240,2015-04-08 09:31:00,2015-04-08,0.2626,28886.0,11.0,175.0,0.2626,0.2626,0.2626,10000108,2015-05-27,2015-05-27,C,2.65,2015-03-26
6241,2015-04-08 09:32:00,2015-04-08,0.2626,0.0,0.0,175.0,0.2626,0.2626,0.2626,10000108,2015-05-27,2015-05-27,C,2.65,2015-03-26
6242,2015-04-08 09:33:00,2015-04-08,0.2626,0.0,0.0,175.0,0.2626,0.2626,0.2626,10000108,2015-05-27,2015-05-27,C,2.65,2015-03-26
6243,2015-04-08 09:34:00,2015-04-08,0.2626,0.0,0.0,175.0,0.2626,0.2626,0.2626,10000108,2015-05-27,2015-05-27,C,2.65,2015-03-26
6244,2015-04-08 09:35:00,2015-04-08,0.2626,0.0,0.0,175.0,0.2626,0.2626,0.2626,10000108,2015-05-27,2015-05-27,C,2.65,2015-03-26
6245,2015-04-08 09:36:00,2015-04-08,0.2626,0.0,0.0,175.0,0.2626,0.2626,0.2626,10000108,2015-05-27,2015-05-27,C,2.65,2015-03-26
6246,2015-04-08 09:37:00,2015-04-08,0.2626,0.0,0.0,175.0,0.2626,0.2626,0.2626,10000108,2015-05-27,2015-05-27,C,2.65,2015-03-26
6247,2015-04-08 09:38:00,2015-04-08,0.2626,0.0,0.0,175.0,0.2626,0.2626,0.2626,10000108,2015-05-27,2015-05-27,C,2.65,2015-03-26
6248,2015-04-08 09:39:00,2015-04-08,0.2626,0.0,0.0,175.0,0.2626,0.2626,0.2626,10000108,2015-05-27,2015-05-27,C,2.65,2015-03-26
6249,2015-04-08 09:40:00,2015-04-08,0.2626,0.0,0.0,175.0,0.2626,0.2626,0.2626,10000108,2015-05-27,2015-05-27,C,2.65,2015-03-26
6250,2015-04-08 09:41:00,2015-04-08,0.2626,0.0,0.0,175.0,0.2626,0.2626,0.2626,10000108,2015-05-27,2015-05-27,C,2.65,2015-03-26
6251,2015-04-08 09:42:00,2015-04-08,0.2626,0.0,0.0,175.0,0.2626,0.2626,0.2626,10000108,2015-05-27,2015-05-27,C,2.65,2015-03-26
6252,2015-04-08 09:43:00,2015-04-08,0.2626,0.0,0.0,175.0,0.2626,0.2626,0.2626,10000108,2015-05-27,2015-05-27,C,2.65,2015-03-26
6253,2015-04-08 09:44:00,2015-04-08,0.2626,0.0,0.0,175.0,0.2626,0.2626,0.2626,10000108,2015-05-27,2015-05-27,C,2.65,2015-03-26
6254,2015-04-08 09:45:00,2015-04-08,0.2626,0.0,0.0,175.0,0.2626,0.2626,0.2626,10000108,2015-05-27,2015-05-27,C,2.65,2015-03-26
6255,2015-04-08 09:46:00,2015-04-08,0.2626,0.0,0.0,175.0,0.2626,0.2626,0.2626,10000108,2015-05-27,2015-05-27,C,2.65,2015-03-26
6256,2015-04-08 09:47:00,2015-04-08,0.2626,0.0,0.0,175.0,0.2626,0.2626,0.2626,10000108,2015-05-27,2015-05-27,C,2.65,2015-03-26
6257,2015-04-08 09:48:00,2015-04-08,0.2626,0.0,0.0,175.0,0.2626,0.2626,0.2626,10000108,2015-05-27,2015-05-27,C,2.65,2015-03-26
6258,2015-04-08 09:49:00,2015-04-08,0.2626,0.0,0.0,175.0,0.2626,0.2626,0.2626,10000108,2015-05-27,2015-05-27,C,2.65,2015-03-26
6259,2015-04-08 09:50:00,2015-04-08,0.2626,0.0,0.0,175.0,0.2626,0.2626,0.2626,10000108,2015-05-27,2015-05-27,C,2.65,2015-03-26
6260,2015-04-08 09:51:00,2015-04-08,0.2626,0.0,0.0,175.0,0.2626,0.2626,0.2626,10000108,2015-05-27,2015-05-27,C,2.65,2015-03-26
6261,2015-04-08 09:52:00,2015-04-08,0.2626,0.0,0.0,175.0,0.2626,0.2626,0.2626,10000108,2015-05-27,2015-05-27,C,2.65,2015-03-26
6262,2015-04-08 09:53:00,2015-04-08,0.2626,0.0,0.0,175.0,0.2626,0.2626,0.2626,10000108,2015-05-27,2015-05-27,C,2.65,2015-03-26
6263,2015-04-08 09:54:00,2015-04-08,0.2682,26820.0,10.0,185.0,0.2682,0.2682,0.2682,10000108,2015-05-27,2015-05-27,C,2.65,2015-03-26
6264,2015-04-08 09:55:00,2015-04-08,0.2682,0.0,0.0,185.0,0.2682,0.2682,0.2682,10000108,2015-05-27,2015-05-27,C,2.65,2015-03-26
6265,2015-04-08 09:56:00,2015-04-08,0.2682,0.0,0.0,185.0,0.2682,0.2682,0.2682,10000108,2015-05-27,2015-05-27,C,2.65,2015-03-26
6266,2015-04-08 09:57:00,2015-04-08,0.2682,0.0,0.0,185.0,0.2682,0.2682,0.2682,10000108,2015-05-27,2015-05-27,C,2.65,2015-03-26
6267,2015-04-08 09:58:00,2015-04-08,0.2682,0.0,0.0,185.0,0.2682,0.2682,0.2682,10000108,2015-05-27,2015-05-27,C,2.65,2015-03-26
6268,2015-04-08 09:59:00,2015-04-08,0.2682,0.0,0.0,185.0,0.2682,0.2682,0.2682,10000108,2015-05-27,2015-05-27,C,2.65,2015-03-26
6269,2015-04-08 10:00:00,2015-04-08,0.2682,0.0,0.0,185.0,0.2682,0.2682,0.2682,10000108,2015-05-27,2015-05-27,C,2.65,2015-03-26
6270,2015-04-08 10:01:00,2015-04-08,0.2682,0.0,0.0,185.0,0.2682,0.2682,0.2682,10000108,2015-05-27,2015-05-27,C,2.65,2015-03-26
6271,2015-04-08 10:02:00,2015-04-08,0.2682,0.0,0.0,185.0,0.2682,0.2682,0.2682,10000108,2015-05-27,2015-05-27,C,2.65,2015-03-26
6272,2015-04-08 10:03:00,2015-04-08,0.2682,0.0,0.0,185.0,0.2682,0.2682,0.2682,10000108,2015-05-27,2015-05-27,C,2.65,2015-03-26
6273,2015-04-08 10:04:00,2015-04-08,0.2682,0.0,0.0,185.0,0.2682,0.2682,0.2682,10000108,2015-05-27,2015-05-27,C,2.65,2015-03-26
6274,2015-04-08 10:05:00,2015-04-08,0.2806,2806.0,1.0,186.0,0.2806,0.2806,0.2806,10000108,2015-05-27,2015-05-27,C,2.65,2015-03-26
6275,2015-04-08 10:06:00,2015-04-08,0.2806,0.0,0.0,186.0,0.2806,0.2806,0.2806,10000108,2015-05-27,2015-05-27,C,2.65,2015-03-26
6276,2015-04-08 10:07:00,2015-04-08,0.2806,0.0,0.0,186.0,0.2806,0.2806,0.2806,10000108,2015-05-27,2015-05-27,C,2.65,2015-03-26
6277,2015-04-08 10:08:00,2015-04-08,0.2806,0.0,0.0,186.0,0.2806,0.2806,0.2806,10000108,2015-05-27,2015-05-27,C,2.65,2015-03-26
6278,2015-04-08 10:09:00,2015-04-08,0.2806,0.0,0.0,186.0,0.2806,0.2806,0.2806,10000108,2015-05-27,2015-05-27,C,2.65,2015-03-26
6279,2015-04-08 10:10:00,2015-04-08,0.2806,0.0,0.0,186.0,0.2806,0.2806,0.2806,10000108,2015-05-27,2015-05-27,C,2.65,2015-03-26
6280,2015-04-08 10:11:00,2015-04-08,0.2806,0.0,0.0,186.0,0.2806,0.2806,0.2806,10000108,2015-05-27,2015-05-27,C,2.65,2015-03-26
6281,2015-04-08 10:12:00,2015-04-08,0.2806,0.0,0.0,186.0,0.2806,0.2806,0.2806,10000108,2015-05-27,2015-05-27,C,2.65,2015-03-26
6282,2015-04-08 10:13:00,2015-04-08,0.2806,0.0,0.0,186.0,0.2806,0.2806,0.2806,10000108,2015-05-27,2015-05-27,C,2.65,2015-03-26
6283,2015-04-08 10:14:00,2015-04-08,0.2806,0.0,0.0,186.0,0.2806,0.2806,0.2806,10000108,2015-05-27,2015-05-27,C,2.65,2015-03-26
6284,2015-04-08 10:15:00,2015-04-08,0.2806,0.0,0.0,186.0,0.2806,0.2806,0.2806,10000108,2015-05-27,2015-05-27,C,2.65,2015-03-26
6285,2015-04-08 10:16:00,2015-04-08,0.2806,0.0,0.0,186.0,0.2806,0.2806,0.2806,10000108,2015-05-27,2015-05-27,C,2.65,2015-03-26
6286,2015-04-08 10:17:00,2015-04-08,0.2806,0.0,0.0,186.0,0.2806,0.2806,0.2806,10000108,2015-05-27,2015-05-27,C,2.65,2015-03-26
6287,2015-04-08 10:18:00,2015-04-08,0.2806,0.0,0.0,186.0,0.2806,0.2806,0.2806,10000108,2015-05-27,2015-05-27,C,2.65,2015-03-26
6288,2015-04-08 10:19:00,2015-04-08,0.2806,0.0,0.0,186.0,0.2806,0.2806,0.2806,10000108,2015-05-27,2015-05-27,C,2.65,2015-03-26
6289,2015-04-08 10:20:00,2015-04-08,0.2806,0.0,0.0,186.0,0.2806,0.2806,0.2806,10000108,2015-05-27,2015-05-27,C,2.65,2015-03-26
6290,2015-04-08 10:21:00,2015-04-08,0.2806,0.0,0.0,186.0,0.2806,0.2806,0.2806,10000108,2015-05-27,2015-05-27,C,2.65,2015-03-26
6291,2015-04-08 10:22:00,2015-04-08,0.2806,0.0,0.0,186.0,0.2806,0.2806,0.2806,10000108,2015-05-27,2015-05-27,C,2.65,2015-03-26
6292,2015-04-08 10:23:00,2015-04-08,0.2806,0.0,0.0,186.0,0.2806,0.2806,0.2806,10000108,2015-05-27,2015-05-27,C,2.65,2015-03-26
6293,2015-04-08 10:24:00,2015-04-08,0.2806,0.0,0.0,186.0,0.2806,0.2806,0.2806,10000108,2015-05-27,2015-05-27,C,2.65,2015-03-26
6294,2015-04-08 10:25:00,2015-04-08,0.2806,0.0,0.0,186.0,0.2806,0.2806,0.2806,10000108,2015-05-27,2015-05-27,C,2.65,2015-03-26
6295,2015-04-08 10:26:00,2015-04-08,0.2806,0.0,0.0,186.0,0.2806,0.2806,0.2806,10000108,2015-05-27,2015-05-27,C,2.65,2015-03-26
6296,2015-04-08 10:27:00,2015-04-08,0.2806,0.0,0.0,186.0,0.2806,0.2806,0.2806,10000108,2015-05-27,2015-05-27,C,2.65,2015-03-26
6297,2015-04-08 10:28:00,2015-04-08,0.2806,0.0,0.0,186.0,0.2806,0.2806,0.2806,10000108,2015-05-27,2015-05-27,C,2.65,2015-03-26
6298,2015-04-08 10:29:00,2015-04-08,0.2806,0.0,0.0,186.0,0.2806,0.2806,0.2806,10000108,2015-05-27,2015-05-27,C,2.65,2015-03-26
6299,2015-04-08 10:30:00,2015-04-08,0.2806,0.0,0.0,186.0,0.2806,0.2806,0.2806,10000108,2015-05-27,2015-05-27,C,2.65,2015-03-26
6300,2015-04-08 10:31:00,2015-04-08,0.2745,8235.0,3.0,189.0,0.2745,0.2745,0.2745,10000108,2015-05-27,2015-05-27,C,2.65,2015-03-26
6301,2015-04-08 10:32:00,2015-04-08,0.2745,0.0,0.0,189.0,0.2745,0.2745,0.2745,10000108,2015-05-27,2015-05-27,C,2.65,2015-03-26
6302,2015-04-08 10:33:00,2015-04-08,0.2745,0.0,0.0,189.0,0.2745,0.2745,0.2745,10000108,2015-05-27,2015-05-27,C,2.65,2015-03-26
6303,2015-04-08 10:34:00,2015-04-08,0.2745,0.0,0.0,189.0,0.2745,0.2745,0.2745,10000108,2015-05-27,2015-05-27,C,2.65,2015-03-26
6304,2015-04-08 10:35:00,2015-04-08,0.2745,0.0,0.0,189.0,0.2745,0.2745,0.2745,10000108,2015-05-27,2015-05-27,C,2.65,2015-03-26
6305,2015-04-08 10:36:00,2015-04-08,0.2745,0.0,0.0,189.0,0.2745,0.2745,0.2745,10000108,2015-05-27,2015-05-27,C,2.65,2015-03-26
6306,2015-04-08 10:37:00,2015-04-08,0.2745,0.0,0.0,189.0,0.2745,0.2745,0.2745,10000108,2015-05-27,2015-05-27,C,2.65,2015-03-26
6307,2015-04-08 10:38:00,2015-04-08,0.2745,0.0,0.0,189.0,0.2745,0.2745,0.2745,10000108,2015-05-27,2015-05-27,C,2.65,2015-03-26
6308,2015-04-08 10:39:00,2015-04-08,0.2745,0.0,0.0,189.0,0.2745,0.2745,0.2745,10000108,2015-05-27,2015-05-27,C,2.65,2015-03-26
6309,2015-04-08 10:40:00,2015-04-08,0.2745,0.0,0.0,189.0,0.2745,0.2745,0.2745,10000108,2015-05-27,2015-05-27,C,2.65,2015-03-26
6310,2015-04-08 10:41:00,2015-04-08,0.2745,0.0,0.0,189.0,0.2745,0.2745,0.2745,10000108,2015-05-27,2015-05-27,C,2.65,2015-03-26
6311,2015-04-08 10:42:00,2015-04-08,0.2745,0.0,0.0,189.0,0.2745,0.2745,0.2745,10000108,2015-05-27,2015-05-27,C,2.65,2015-03-26
6312,2015-04-08 10:43:00,2015-04-08,0.2745,0.0,0.0,189.0,0.2745,0.2745,0.2745,10000108,2015-05-27,2015-05-27,C,2.65,2015-03-26
6313,2015-04-08 10:44:00,2015-04-08,0.2745,0.0,0.0,189.0,0.2745,0.2745,0.2745,10000108,2015-05-27,2015-05-27,C,2.65,2015-03-26
6314,2015-04-08 10:45:00,2015-04-08,0.2745,0.0,0.0,189.0,0.2745,0.2745,0.2745,10000108,2015-05-27,2015-05-27,C,2.65,2015-03-26
6315,2015-04-08 10:46:00,2015-04-08,0.2745,0.0,0.0,189.0,0.2745,0.2745,0.2745,10000108,2015-05-27,2015-05-27,C,2.65,2015-03-26
6316,2015-04-08 10:47:00,2015-04-08,0.2745,0.0,0.0,189.0,0.2745,0.2745,0.2745,10000108,2015-05-27,2015-05-27,C,2.65,2015-03-26
6317,2015-04-08 10:48:00,2015-04-08,0.2745,0.0,0.0,189.0,0.2745,0.2745,0.2745,10000108,2015-05-27,2015-05-27,C,2.65,2015-03-26
6318,2015-04-08 10:49:00,2015-04-08,0.2745,0.0,0.0,189.0,0.2745,0.2745,0.2745,10000108,2015-05-27,2015-05-27,C,2.65,2015-03-26
6319,2015-04-08 10:50:00,2015-04-08,0.2745,0.0,0.0,189.0,0.2745,0.2745,0.2745,10000108,2015-05-27,2015-05-27,C,2.65,2015-03-26
6320,2015-04-08 10:51:00,2015-04-08,0.2745,0.0,0.0,189.0,0.2745,0.2745,0.2745,10000108,2015-05-27,2015-05-27,C,2.65,2015-03-26
6321,2015-04-08 10:52:00,2015-04-08,0.2745,0.0,0.0,189.0,0.2745,0.2745,0.2745,10000108,2015-05-27,2015-05-27,C,2.65,2015-03-26
6322,2015-04-08 10:53:00,2015-04-08,0.2745,0.0,0.0,189.0,0.2745,0.2745,0.2745,10000108,2015-05-27,2015-05-27,C,2.65,2015-03-26
6323,2015-04-08 10:54:00,2015-04-08,0.2745,0.0,0.0,189.0,0.2745,0.2745,0.2745,10000108,2015-05-27,2015-05-27,C,2.65,2015-03-26
6324,2015-04-08 10:55:00,2015-04-08,0.2745,0.0,0.0,189.0,0.2745,0.2745,0.2745,10000108,2015-05-27,2015-05-27,C,2.65,2015-03-26
6325,2015-04-08 10:56:00,2015-04-08,0.2745,0.0,0.0,189.0,0.2745,0.2745,0.2745,10000108,2015-05-27,2015-05-27,C,2.65,2015-03-26
6326,2015-04-08 10:57:00,2015-04-08,0.2745,0.0,0.0,189.0,0.2745,0.2745,0.2745,10000108,2015-05-27,2015-05-27,C,2.65,2015-03-26
6327,2015-04-08 10:58:00,2015-04-08,0.2745,0.0,0.0,189.0,0.2745,0.2745,0.2745,10000108,2015-05-27,2015-05-27,C,2.65,2015-03-26
6328,2015-04-08 10:59:00,2015-04-08,0.2745,0.0,0.0,189.0,0.2745,0.2745,0.2745,10000108,2015-05-27,2015-05-27,C,2.65,2015-03-26
6329,2015-04-08 11:00:00,2015-04-08,0.2745,0.0,0.0,189.0,0.2745,0.2745,0.2745,10000108,2015-05-27,2015-05-27,C,2.65,2015-03-26
6330,2015-04-08 11:01:00,2015-04-08,0.2745,0.0,0.0,189.0,0.2745,0.2745,0.2745,10000108,2015-05-27,2015-05-27,C,2.65,2015-03-26
6331,2015-04-08 11:02:00,2015-04-08,0.2745,0.0,0.0,189.0,0.2745,0.2745,0.2745,10000108,2015-05-27,2015-05-27,C,2.65,2015-03-26
6332,2015-04-08 11:03:00,2015-04-08,0.2745,0.0,0.0,189.0,0.2745,0.2745,0.2745,10000108,2015-05-27,2015-05-27,C,2.65,2015-03-26
6333,2015-04-08 11:04:00,2015-04-08,0.2745,0.0,0.0,189.0,0.2745,0.2745,0.2745,10000108,2015-05-27,2015-05-27,C,2.65,2015-03-26
6334,2015-04-08 11:05:00,2015-04-08,0.2745,0.0,0.0,189.0,0.2745,0.2745,0.2745,10000108,2015-05-27,2015-05-27,C,2.65,2015-03-26
6335,2015-04-08 11:06:00,2015-04-08,0.2745,0.0,0.0,189.0,0.2745,0.2745,0.2745,10000108,2015-05-27,2015-05-27,C,2.65,2015-03-26
6336,2015-04-08 11:07:00,2015-04-08,0.2745,0.0,0.0,189.0,0.2745,0.2745,0.2745,10000108,2015-05-27,2015-05-27,C,2.65,2015-03-26
6337,2015-04-08 11:08:00,2015-04-08,0.2745,0.0,0.0,189.0,0.2745,0.2745,0.2745,10000108,2015-05-27,2015-05-27,C,2.65,2015-03-26
6338,2015-04-08 11:09:00,2015-04-08,0.2745,0.0,0.0,189.0,0.2745,0.2745,0.2745,10000108,2015-05-27,2015-05-27,C,2.65,2015-03-26
6339,2015-04-08 11:10:00,2015-04-08,0.2745,0.0,0.0,189.0,0.2745,0.2745,0.2745,10000108,2015-05-27,2015-05-27,C,2.65,2015-03-26
6340,2015-04-08 11:11:00,2015-04-08,0.2745,0.0,0.0,189.0,0.2745,0.2745,0.2745,10000108,2015-05-27,2015-05-27,C,2.65,2015-03-26
6341,2015-04-08 11:12:00,2015-04-08,0.2745,0.0,0.0,189.0,0.2745,0.2745,0.2745,10000108,2015-05-27,2015-05-27,C,2.65,2015-03-26
6342,2015-04-08 11:13:00,2015-04-08,0.2745,0.0,0.0,189.0,0.2745,0.2745,0.2745,10000108,2015-05-27,2015-05-27,C,2.65,2015-03-26
6343,2015-04-08 11:14:00,2015-04-08,0.2745,0.0,0.0,189.0,0.2745,0.2745,0.2745,10000108,2015-05-27,2015-05-27,C,2.65,2015-03-26
6344,2015-04-08 11:15:00,2015-04-08,0.2745,0.0,0.0,189.0,0.2745,0.2745,0.2745,10000108,2015-05-27,2015-05-27,C,2.65,2015-03-26
6345,2015-04-08 11:16:00,2015-04-08,0.2745,0.0,0.0,189.0,0.2745,0.2745,0.2745,10000108,2015-05-27,2015-05-27,C,2.65,2015-03-26
6346,2015-04-08 11:17:00,2015-04-08,0.2745,0.0,0.0,189.0,0.2745,0.2745,0.2745,10000108,2015-05-27,2015-05-27,C,2.65,2015-03-26
6347,2015-04-08 11:18:00,2015-04-08,0.2745,0.0,0.0,189.0,0.2745,0.2745,0.2745,10000108,2015-05-27,2015-05-27,C,2.65,2015-03-26
6348,2015-04-08 11:19:00,2015-04-08,0.2745,0.0,0.0,189.0,0.2745,0.2745,0.2745,10000108,2015-05-27,2015-05-27,C,2.65,2015-03-26
6349,2015-04-08 11:20:00,2015-04-08,0.2745,0.0,0.0,189.0,0.2745,0.2745,0.2745,10000108,2015-05-27,2015-05-27,C,2.65,2015-03-26
6350,2015-04-08 11:21:00,2015-04-08,0.2745,0.0,0.0,189.0,0.2745,0.2745,0.2745,10000108,2015-05-27,2015-05-27,C,2.65,2015-03-26
6351,2015-04-08 11:22:00,2015-04-08,0.2745,0.0,0.0,189.0,0.2745,0.2745,0.2745,10000108,2015-05-27,2015-05-27,C,2.65,2015-03-26
6352,2015-04-08 11:23:00,2015-04-08,0.2745,0.0,0.0,189.0,0.2745,0.2745,0.2745,10000108,2015-05-27,2015-05-27,C,2.65,2015-03-26
6353,2015-04-08 11:24:00,2015-04-08,0.2745,0.0,0.0,189.0,0.2745,0.2745,0.2745,10000108,2015-05-27,2015-05-27,C,2.65,2015-03-26
6354,2015-04-08 11:25:00,2015-04-08,0.2745,0.0,0.0,189.0,0.2745,0.2745,0.2745,10000108,2015-05-27,2015-05-27,C,2.65,2015-03-26
6355,2015-04-08 11:26:00,2015-04-08,0.2745,0.0,0.0,189.0,0.2745,0.2745,0.2745,10000108,2015-05-27,2015-05-27,C,2.65,2015-03-26
6356,2015-04-08 11:27:00,2015-04-08,0.2745,0.0,0.0,189.0,0.2745,0.2745,0.2745,10000108,2015-05-27,2015-05-27,C,2.65,2015-03-26
6357,2015-04-08 11:28:00,2015-04-08,0.2745,0.0,0.0,189.0,0.2745,0.2745,0.2745,10000108,2015-05-27,2015-05-27,C,2.65,2015-03-26
6358,2015-04-08 11:29:00,2015-04-08,0.2745,0.0,0.0,189.0,0.2745,0.2745,0.2745,10000108,2015-05-27,2015-05-27,C,2.65,2015-03-26
6359,2015-04-08 11:30:00,2015-04-08,0.2745,0.0,0.0,189.0,0.2745,0.2745,0.2745,10000108,2015-05-27,2015-05-27,C,2.65,2015-03-26
6360,2015-04-08 13:01:00,2015-04-08,0.2745,0.0,0.0,189.0,0.2745,0.2745,0.2745,10000108,2015-05-27,2015-05-27,C,2.65,2015-03-26
6361,2015-04-08 13:02:00,2015-04-08,0.2745,0.0,0.0,189.0,0.2745,0.2745,0.2745,10000108,2015-05-27,2015-05-27,C,2.65,2015-03-26
6362,2015-04-08 13:03:00,2015-04-08,0.2745,0.0,0.0,189.0,0.2745,0.2745,0.2745,10000108,2015-05-27,2015-05-27,C,2.65,2015-03-26
6363,2015-04-08 13:04:00,2015-04-08,0.2745,0.0,0.0,189.0,0.2745,0.2745,0.2745,10000108,2015-05-27,2015-05-27,C,2.65,2015-03-26
6364,2015-04-08 13:05:00,2015-04-08,0.2745,0.0,0.0,189.0,0.2745,0.2745,0.2745,10000108,2015-05-27,2015-05-27,C,2.65,2015-03-26
6365,2015-04-08 13:06:00,2015-04-08,0.2745,0.0,0.0,189.0,0.2745,0.2745,0.2745,10000108,2015-05-27,2015-05-27,C,2.65,2015-03-26
6366,2015-04-08 13:07:00,2015-04-08,0.2745,0.0,0.0,189.0,0.2745,0.2745,0.2745,10000108,2015-05-27,2015-05-27,C,2.65,2015-03-26
6367,2015-04-08 13:08:00,2015-04-08,0.2745,0.0,0.0,189.0,0.2745,0.2745,0.2745,10000108,2015-05-27,2015-05-27,C,2.65,2015-03-26
6368,2015-04-08 13:09:00,2015-04-08,0.2745,0.0,0.0,189.0,0.2745,0.2745,0.2745,10000108,2015-05-27,2015-05-27,C,2.65,2015-03-26
6369,2015-04-08 13:10:00,2015-04-08,0.2745,0.0,0.0,189.0,0.2745,0.2745,0.2745,10000108,2015-05-27,2015-05-27,C,2.65,2015-03-26
6370,2015-04-08 13:11:00,2015-04-08,0.2745,0.0,0.0,189.0,0.2745,0.2745,0.2745,10000108,2015-05-27,2015-05-27,C,2.65,2015-03-26
6371,2015-04-08 13:12:00,2015-04-08,0.2745,0.0,0.0,189.0,0.2745,0.2745,0.2745,10000108,2015-05-27,2015-05-27,C,2.65,2015-03-26
6372,2015-04-08 13:13:00,2015-04-08,0.2745,0.0,0.0,189.0,0.2745,0.2745,0.2745,10000108,2015-05-27,2015-05-27,C,2.65,2015-03-26
6373,2015-04-08 13:14:00,2015-04-08,0.2745,0.0,0.0,189.0,0.2745,0.2745,0.2745,10000108,2015-05-27,2015-05-27,C,2.65,2015-03-26
6374,2015-04-08 13:15:00,2015-04-08,0.2745,0.0,0.0,189.0,0.2745,0.2745,0.2745,10000108,2015-05-27,2015-05-27,C,2.65,2015-03-26
6375,2015-04-08 13:16:00,2015-04-08,0.2745,0.0,0.0,189.0,0.2745,0.2745,0.2745,10000108,2015-05-27,2015-05-27,C,2.65,2015-03-26
6376,2015-04-08 13:17:00,2015-04-08,0.2745,0.0,0.0,189.0,0.2745,0.2745,0.2745,10000108,2015-05-27,2015-05-27,C,2.65,2015-03-26
6377,2015-04-08 13:18:00,2015-04-08,0.2745,0.0,0.0,189.0,0.2745,0.2745,0.2745,10000108,2015-05-27,2015-05-27,C,2.65,2015-03-26
6378,2015-04-08 13:19:00,2015-04-08,0.2745,0.0,0.0,189.0,0.2745,0.2745,0.2745,10000108,2015-05-27,2015-05-27,C,2.65,2015-03-26
6379,2015-04-08 13:20:00,2015-04-08,0.2745,0.0,0.0,189.0,0.2745,0.2745,0.2745,10000108,2015-05-27,2015-05-27,C,2.65,2015-03-26
6380,2015-04-08 13:21:00,2015-04-08,0.2745,0.0,0.0,189.0,0.2745,0.2745,0.2745,10000108,2015-05-27,2015-05-27,C,2.65,2015-03-26
6381,2015-04-08 13:22:00,2015-04-08,0.2745,0.0,0.0,189.0,0.2745,0.2745,0.2745,10000108,2015-05-27,2015-05-27,C,2.65,2015-03-26
6382,2015-04-08 13:23:00,2015-04-08,0.2745,0.0,0.0,189.0,0.2745,0.2745,0.2745,10000108,2015-05-27,2015-05-27,C,2.65,2015-03-26
6383,2015-04-08 13:24:00,2015-04-08,0.2745,0.0,0.0,189.0,0.2745,0.2745,0.2745,10000108,2015-05-27,2015-05-27,C,2.65,2015-03-26
6384,2015-04-08 13:25:00,2015-04-08,0.2745,0.0,0.0,189.0,0.2745,0.2745,0.2745,10000108,2015-05-27,2015-05-27,C,2.65,2015-03-26
6385,2015-04-08 13:26:00,2015-04-08,0.2745,0.0,0.0,189.0,0.2745,0.2745,0.2745,10000108,2015-05-27,2015-05-27,C,2.65,2015-03-26
6386,2015-04-08 13:27:00,2015-04-08,0.2745,0.0,0.0,189.0,0.2745,0.2745,0.2745,10000108,2015-05-27,2015-05-27,C,2.65,2015-03-26
6387,2015-04-08 13:28:00,2015-04-08,0.2745,0.0,0.0,189.0,0.2745,0.2745,0.2745,10000108,2015-05-27,2015-05-27,C,2.65,2015-03-26
6388,2015-04-08 13:29:00,2015-04-08,0.2745,0.0,0.0,189.0,0.2745,0.2745,0.2745,10000108,2015-05-27,2015-05-27,C,2.65,2015-03-26
6389,2015-04-08 13:30:00,2015-04-08,0.2745,0.0,0.0,189.0,0.2745,0.2745,0.2745,10000108,2015-05-27,2015-05-27,C,2.65,2015-03-26
6390,2015-04-08 13:31:00,2015-04-08,0.2745,0.0,0.0,189.0,0.2745,0.2745,0.2745,10000108,2015-05-27,2015-05-27,C,2.65,2015-03-26
6391,2015-04-08 13:32:00,2015-04-08,0.2745,0.0,0.0,189.0,0.2745,0.2745,0.2745,10000108,2015-05-27,2015-05-27,C,2.65,2015-03-26
6392,2015-04-08 13:33:00,2015-04-08,0.3128,15640.0,5.0,194.0,0.3128,0.3128,0.3128,10000108,2015-05-27,2015-05-27,C,2.65,2015-03-26
6393,2015-04-08 13:34:00,2015-04-08,0.3137,3137.0,1.0,195.0,0.3137,0.3137,0.3137,10000108,2015-05-27,2015-05-27,C,2.65,2015-03-26
6394,2015-04-08 13:35:00,2015-04-08,0.3137,0.0,0.0,195.0,0.3137,0.3137,0.3137,10000108,2015-05-27,2015-05-27,C,2.65,2015-03-26
6395,2015-04-08 13:36:00,2015-04-08,0.3137,0.0,0.0,195.0,0.3137,0.3137,0.3137,10000108,2015-05-27,2015-05-27,C,2.65,2015-03-26
6396,2015-04-08 13:37:00,2015-04-08,0.3137,0.0,0.0,195.0,0.3137,0.3137,0.3137,10000108,2015-05-27,2015-05-27,C,2.65,2015-03-26
6397,2015-04-08 13:38:00,2015-04-08,0.3137,0.0,0.0,195.0,0.3137,0.3137,0.3137,10000108,2015-05-27,2015-05-27,C,2.65,2015-03-26
6398,2015-04-08 13:39:00,2015-04-08,0.3137,0.0,0.0,195.0,0.3137,0.3137,0.3137,10000108,2015-05-27,2015-05-27,C,2.65,2015-03-26
6399,2015-04-08 13:40:00,2015-04-08,0.3137,0.0,0.0,195.0,0.3137,0.3137,0.3137,10000108,2015-05-27,2015-05-27,C,2.65,2015-03-26
6400,2015-04-08 13:41:00,2015-04-08,0.3137,0.0,0.0,195.0,0.3137,0.3137,0.3137,10000108,2015-05-27,2015-05-27,C,2.65,2015-03-26
6401,2015-04-08 13:42:00,2015-04-08,0.3137,0.0,0.0,195.0,0.3137,0.3137,0.3137,10000108,2015-05-27,2015-05-27,C,2.65,2015-03-26
6402,2015-04-08 13:43:00,2015-04-08,0.3137,0.0,0.0,195.0,0.3137,0.3137,0.3137,10000108,2015-05-27,2015-05-27,C,2.65,2015-03-26
6403,2015-04-08 13:44:00,2015-04-08,0.3137,0.0,0.0,195.0,0.3137,0.3137,0.3137,10000108,2015-05-27,2015-05-27,C,2.65,2015-03-26
6404,2015-04-08 13:45:00,2015-04-08,0.3137,0.0,0.0,195.0,0.3137,0.3137,0.3137,10000108,2015-05-27,2015-05-27,C,2.65,2015-03-26
6405,2015-04-08 13:46:00,2015-04-08,0.3137,0.0,0.0,195.0,0.3137,0.3137,0.3137,10000108,2015-05-27,2015-05-27,C,2.65,2015-03-26
6406,2015-04-08 13:47:00,2015-04-08,0.3137,0.0,0.0,195.0,0.3137,0.3137,0.3137,10000108,2015-05-27,2015-05-27,C,2.65,2015-03-26
6407,2015-04-08 13:48:00,2015-04-08,0.3137,0.0,0.0,195.0,0.3137,0.3137,0.3137,10000108,2015-05-27,2015-05-27,C,2.65,2015-03-26
6408,2015-04-08 13:49:00,2015-04-08,0.3137,0.0,0.0,195.0,0.3137,0.3137,0.3137,10000108,2015-05-27,2015-05-27,C,2.65,2015-03-26
6409,2015-04-08 13:50:00,2015-04-08,0.3137,0.0,0.0,195.0,0.3137,0.3137,0.3137,10000108,2015-05-27,2015-05-27,C,2.65,2015-03-26
6410,2015-04-08 13:51:00,2015-04-08,0.3137,0.0,0.0,195.0,0.3137,0.3137,0.3137,10000108,2015-05-27,2015-05-27,C,2.65,2015-03-26
6411,2015-04-08 13:52:00,2015-04-08,0.3137,0.0,0.0,195.0,0.3137,0.3137,0.3137,10000108,2015-05-27,2015-05-27,C,2.65,2015-03-26
6412,2015-04-08 13:53:00,2015-04-08,0.3137,0.0,0.0,195.0,0.3137,0.3137,0.3137,10000108,2015-05-27,2015-05-27,C,2.65,2015-03-26
6413,2015-04-08 13:54:00,2015-04-08,0.3137,0.0,0.0,195.0,0.3137,0.3137,0.3137,10000108,2015-05-27,2015-05-27,C,2.65,2015-03-26
6414,2015-04-08 13:55:00,2015-04-08,0.3137,0.0,0.0,195.0,0.3137,0.3137,0.3137,10000108,2015-05-27,2015-05-27,C,2.65,2015-03-26
6415,2015-04-08 13:56:00,2015-04-08,0.3137,0.0,0.0,195.0,0.3137,0.3137,0.3137,10000108,2015-05-27,2015-05-27,C,2.65,2015-03-26
6416,2015-04-08 13:57:00,2015-04-08,0.3137,0.0,0.0,195.0,0.3137,0.3137,0.3137,10000108,2015-05-27,2015-05-27,C,2.65,2015-03-26
6417,2015-04-08 13:58:00,2015-04-08,0.3137,0.0,0.0,195.0,0.3137,0.3137,0.3137,10000108,2015-05-27,2015-05-27,C,2.65,2015-03-26
6418,2015-04-08 13:59:00,2015-04-08,0.3137,0.0,0.0,195.0,0.3137,0.3137,0.3137,10000108,2015-05-27,2015-05-27,C,2.65,2015-03-26
6419,2015-04-08 14:00:00,2015-04-08,0.3137,0.0,0.0,195.0,0.3137,0.3137,0.3137,10000108,2015-05-27,2015-05-27,C,2.65,2015-03-26
6420,2015-04-08 14:01:00,2015-04-08,0.3137,0.0,0.0,195.0,0.3137,0.3137,0.3137,10000108,2015-05-27,2015-05-27,C,2.65,2015-03-26
6421,2015-04-08 14:02:00,2015-04-08,0.3137,0.0,0.0,195.0,0.3137,0.3137,0.3137,10000108,2015-05-27,2015-05-27,C,2.65,2015-03-26
6422,2015-04-08 14:03:00,2015-04-08,0.3137,0.0,0.0,195.0,0.3137,0.3137,0.3137,10000108,2015-05-27,2015-05-27,C,2.65,2015-03-26
6423,2015-04-08 14:04:00,2015-04-08,0.3137,0.0,0.0,195.0,0.3137,0.3137,0.3137,10000108,2015-05-27,2015-05-27,C,2.65,2015-03-26
6424,2015-04-08 14:05:00,2015-04-08,0.3137,0.0,0.0,195.0,0.3137,0.3137,0.3137,10000108,2015-05-27,2015-05-27,C,2.65,2015-03-26
6425,2015-04-08 14:06:00,2015-04-08,0.3137,0.0,0.0,195.0,0.3137,0.3137,0.3137,10000108,2015-05-27,2015-05-27,C,2.65,2015-03-26
6426,2015-04-08 14:07:00,2015-04-08,0.3137,0.0,0.0,195.0,0.3137,0.3137,0.3137,10000108,2015-05-27,2015-05-27,C,2.65,2015-03-26
6427,2015-04-08 14:08:00,2015-04-08,0.3137,0.0,0.0,195.0,0.3137,0.3137,0.3137,10000108,2015-05-27,2015-05-27,C,2.65,2015-03-26
6428,2015-04-08 14:09:00,2015-04-08,0.3137,0.0,0.0,195.0,0.3137,0.3137,0.3137,10000108,2015-05-27,2015-05-27,C,2.65,2015-03-26
6429,2015-04-08 14:10:00,2015-04-08,0.3137,0.0,0.0,195.0,0.3137,0.3137,0.3137,10000108,2015-05-27,2015-05-27,C,2.65,2015-03-26
6430,2015-04-08 14:11:00,2015-04-08,0.3137,0.0,0.0,195.0,0.3137,0.3137,0.3137,10000108,2015-05-27,2015-05-27,C,2.65,2015-03-26
6431,2015-04-08 14:12:00,2015-04-08,0.3137,0.0,0.0,195.0,0.3137,0.3137,0.3137,10000108,2015-05-27,2015-05-27,C,2.65,2015-03-26
6432,2015-04-08 14:13:00,2015-04-08,0.3137,0.0,0.0,195.0,0.3137,0.3137,0.3137,10000108,2015-05-27,2015-05-27,C,2.65,2015-03-26
6433,2015-04-08 14:14:00,2015-04-08,0.3137,0.0,0.0,195.0,0.3137,0.3137,0.3137,10000108,2015-05-27,2015-05-27,C,2.65,2015-03-26
6434,2015-04-08 14:15:00,2015-04-08,0.3101,15505.0,5.0,200.0,0.3101,0.3101,0.3101,10000108,2015-05-27,2015-05-27,C,2.65,2015-03-26
6435,2015-04-08 14:16:00,2015-04-08,0.3101,61765.0,20.0,220.0,0.3101,0.3076,0.3075,10000108,2015-05-27,2015-05-27,C,2.65,2015-03-26
6436,2015-04-08 14:17:00,2015-04-08,0.3076,15380.0,5.0,225.0,0.3076,0.3076,0.3076,10000108,2015-05-27,2015-05-27,C,2.65,2015-03-26
6437,2015-04-08 14:18:00,2015-04-08,0.3062,15310.0,5.0,230.0,0.3062,0.3062,0.3062,10000108,2015-05-27,2015-05-27,C,2.65,2015-03-26
6438,2015-04-08 14:19:00,2015-04-08,0.3062,0.0,0.0,230.0,0.3062,0.3062,0.3062,10000108,2015-05-27,2015-05-27,C,2.65,2015-03-26
6439,2015-04-08 14:20:00,2015-04-08,0.3062,0.0,0.0,230.0,0.3062,0.3062,0.3062,10000108,2015-05-27,2015-05-27,C,2.65,2015-03-26
6440,2015-04-08 14:21:00,2015-04-08,0.3062,0.0,0.0,230.0,0.3062,0.3062,0.3062,10000108,2015-05-27,2015-05-27,C,2.65,2015-03-26
6441,2015-04-08 14:22:00,2015-04-08,0.3062,0.0,0.0,230.0,0.3062,0.3062,0.3062,10000108,2015-05-27,2015-05-27,C,2.65,2015-03-26
6442,2015-04-08 14:23:00,2015-04-08,0.3062,0.0,0.0,230.0,0.3062,0.3062,0.3062,10000108,2015-05-27,2015-05-27,C,2.65,2015-03-26
6443,2015-04-08 14:24:00,2015-04-08,0.3062,0.0,0.0,230.0,0.3062,0.3062,0.3062,10000108,2015-05-27,2015-05-27,C,2.65,2015-03-26
6444,2015-04-08 14:25:00,2015-04-08,0.3062,0.0,0.0,230.0,0.3062,0.3062,0.3062,10000108,2015-05-27,2015-05-27,C,2.65,2015-03-26
6445,2015-04-08 14:26:00,2015-04-08,0.3062,0.0,0.0,230.0,0.3062,0.3062,0.3062,10000108,2015-05-27,2015-05-27,C,2.65,2015-03-26
6446,2015-04-08 14:27:00,2015-04-08,0.3062,0.0,0.0,230.0,0.3062,0.3062,0.3062,10000108,2015-05-27,2015-05-27,C,2.65,2015-03-26
6447,2015-04-08 14:28:00,2015-04-08,0.3062,0.0,0.0,230.0,0.3062,0.3062,0.3062,10000108,2015-05-27,2015-05-27,C,2.65,2015-03-26
6448,2015-04-08 14:29:00,2015-04-08,0.3062,0.0,0.0,230.0,0.3062,0.3062,0.3062,10000108,2015-05-27,2015-05-27,C,2.65,2015-03-26
6449,2015-04-08 14:30:00,2015-04-08,0.3062,0.0,0.0,230.0,0.3062,0.3062,0.3062,10000108,2015-05-27,2015-05-27,C,2.65,2015-03-26
6450,2015-04-08 14:31:00,2015-04-08,0.3062,0.0,0.0,230.0,0.3062,0.3062,0.3062,10000108,2015-05-27,2015-05-27,C,2.65,2015-03-26
6451,2015-04-08 14:32:00,2015-04-08,0.3062,0.0,0.0,230.0,0.3062,0.3062,0.3062,10000108,2015-05-27,2015-05-27,C,2.65,2015-03-26
6452,2015-04-08 14:33:00,2015-04-08,0.3062,0.0,0.0,230.0,0.3062,0.3062,0.3062,10000108,2015-05-27,2015-05-27,C,2.65,2015-03-26
6453,2015-04-08 14:34:00,2015-04-08,0.3062,0.0,0.0,230.0,0.3062,0.3062,0.3062,10000108,2015-05-27,2015-05-27,C,2.65,2015-03-26
6454,2015-04-08 14:35:00,2015-04-08,0.3062,0.0,0.0,230.0,0.3062,0.3062,0.3062,10000108,2015-05-27,2015-05-27,C,2.65,2015-03-26
6455,2015-04-08 14:36:00,2015-04-08,0.3062,0.0,0.0,230.0,0.3062,0.3062,0.3062,10000108,2015-05-27,2015-05-27,C,2.65,2015-03-26
6456,2015-04-08 14:37:00,2015-04-08,0.3062,0.0,0.0,230.0,0.3062,0.3062,0.3062,10000108,2015-05-27,2015-05-27,C,2.65,2015-03-26
6457,2015-04-08 14:38:00,2015-04-08,0.3062,0.0,0.0,230.0,0.3062,0.3062,0.3062,10000108,2015-05-27,2015-05-27,C,2.65,2015-03-26
6458,2015-04-08 14:39:00,2015-04-08,0.3062,0.0,0.0,230.0,0.3062,0.3062,0.3062,10000108,2015-05-27,2015-05-27,C,2.65,2015-03-26
6459,2015-04-08 14:40:00,2015-04-08,0.3062,0.0,0.0,230.0,0.3062,0.3062,0.3062,10000108,2015-05-27,2015-05-27,C,2.65,2015-03-26
6460,2015-04-08 14:41:00,2015-04-08,0.3062,0.0,0.0,230.0,0.3062,0.3062,0.3062,10000108,2015-05-27,2015-05-27,C,2.65,2015-03-26
6461,2015-04-08 14:42:00,2015-04-08,0.3062,0.0,0.0,230.0,0.3062,0.3062,0.3062,10000108,2015-05-27,2015-05-27,C,2.65,2015-03-26
6462,2015-04-08 14:43:00,2015-04-08,0.3062,0.0,0.0,230.0,0.3062,0.3062,0.3062,10000108,2015-05-27,2015-05-27,C,2.65,2015-03-26
6463,2015-04-08 14:44:00,2015-04-08,0.3062,0.0,0.0,230.0,0.3062,0.3062,0.3062,10000108,2015-05-27,2015-05-27,C,2.65,2015-03-26
6464,2015-04-08 14:45:00,2015-04-08,0.3062,0.0,0.0,230.0,0.3062,0.3062,0.3062,10000108,2015-05-27,2015-05-27,C,2.65,2015-03-26
6465,2015-04-08 14:46:00,2015-04-08,0.3062,0.0,0.0,230.0,0.3062,0.3062,0.3062,10000108,2015-05-27,2015-05-27,C,2.65,2015-03-26
6466,2015-04-08 14:47:00,2015-04-08,0.3062,0.0,0.0,230.0,0.3062,0.3062,0.3062,10000108,2015-05-27,2015-05-27,C,2.65,2015-03-26
6467,2015-04-08 14:48:00,2015-04-08,0.3062,0.0,0.0,230.0,0.3062,0.3062,0.3062,10000108,2015-05-27,2015-05-27,C,2.65,2015-03-26
6468,2015-04-08 14:49:00,2015-04-08,0.3062,0.0,0.0,230.0,0.3062,0.3062,0.3062,10000108,2015-05-27,2015-05-27,C,2.65,2015-03-26
6469,2015-04-08 14:50:00,2015-04-08,0.3062,0.0,0.0,230.0,0.3062,0.3062,0.3062,10000108,2015-05-27,2015-05-27,C,2.65,2015-03-26
6470,2015-04-08 14:51:00,2015-04-08,0.3062,0.0,0.0,230.0,0.3062,0.3062,0.3062,10000108,2015-05-27,2015-05-27,C,2.65,2015-03-26
6471,2015-04-08 14:52:00,2015-04-08,0.3062,0.0,0.0,230.0,0.3062,0.3062,0.3062,10000108,2015-05-27,2015-05-27,C,2.65,2015-03-26
6472,2015-04-08 14:53:00,2015-04-08,0.3062,0.0,0.0,230.0,0.3062,0.3062,0.3062,10000108,2015-05-27,2015-05-27,C,2.65,2015-03-26
6473,2015-04-08 14:54:00,2015-04-08,0.3062,0.0,0.0,230.0,0.3062,0.3062,0.3062,10000108,2015-05-27,2015-05-27,C,2.65,2015-03-26
6474,2015-04-08 14:55:00,2015-04-08,0.3062,0.0,0.0,230.0,0.3062,0.3062,0.3062,10000108,2015-05-27,2015-05-27,C,2.65,2015-03-26
6475,2015-04-08 14:56:00,2015-04-08,0.3062,0.0,0.0,230.0,0.3062,0.3062,0.3062,10000108,2015-05-27,2015-05-27,C,2.65,2015-03-26
6476,2015-04-08 14:57:00,2015-04-08,0.3062,0.0,0.0,230.0,0.3062,0.3062,0.3062,10000108,2015-05-27,2015-05-27,C,2.65,2015-03-26
6477,2015-04-08 14:58:00,2015-04-08,0.3062,0.0,0.0,230.0,0.3062,0.3062,0.3062,10000108,2015-05-27,2015-05-27,C,2.65,2015-03-26
6478,2015-04-08 14:59:00,2015-04-08,0.3062,0.0,0.0,230.0,0.3062,0.3062,0.3062,10000108,2015-05-27,2015-05-27,C,2.65,2015-03-26
6479,2015-04-08 15:00:00,2015-04-08,0.3062,0.0,0.0,230.0,0.3062,0.3062,0.3062,10000108,2015-05-27,2015-05-27,C,2.65,2015-03-26
6480,2015-04-08 09:31:00,2015-04-08,0.0032,0.0,0.0,0.0,0.0032,0.0032,0.0032,10000044,2015-04-22,2015-04-22,P,2.45,2015-02-10
6481,2015-04-08 09:32:00,2015-04-08,0.0032,0.0,0.0,0.0,0.0032,0.0032,0.0032,10000044,2015-04-22,2015-04-22,P,2.45,2015-02-10
6482,2015-04-08 09:33:00,2015-04-08,0.0032,0.0,0.0,0.0,0.0032,0.0032,0.0032,10000044,2015-04-22,2015-04-22,P,2.45,2015-02-10
6483,2015-04-08 09:34:00,2015-04-08,0.0032,0.0,0.0,0.0,0.0032,0.0032,0.0032,10000044,2015-04-22,2015-04-22,P,2.45,2015-02-10
6484,2015-04-08 09:35:00,2015-04-08,0.0032,0.0,0.0,0.0,0.0032,0.0032,0.0032,10000044,2015-04-22,2015-04-22,P,2.45,2015-02-10
6485,2015-04-08 09:36:00,2015-04-08,0.0032,0.0,0.0,0.0,0.0032,0.0032,0.0032,10000044,2015-04-22,2015-04-22,P,2.45,2015-02-10
6486,2015-04-08 09:37:00,2015-04-08,0.0032,0.0,0.0,0.0,0.0032,0.0032,0.0032,10000044,2015-04-22,2015-04-22,P,2.45,2015-02-10
6487,2015-04-08 09:38:00,2015-04-08,0.0032,0.0,0.0,0.0,0.0032,0.0032,0.0032,10000044,2015-04-22,2015-04-22,P,2.45,2015-02-10
6488,2015-04-08 09:39:00,2015-04-08,0.0032,0.0,0.0,0.0,0.0032,0.0032,0.0032,10000044,2015-04-22,2015-04-22,P,2.45,2015-02-10
6489,2015-04-08 09:40:00,2015-04-08,0.0023,-1677.0,-111.0,933.0,0.0023,0.0023,0.0023,10000044,2015-04-22,2015-04-22,P,2.45,2015-02-10
6490,2015-04-08 09:41:00,2015-04-08,0.0023,0.0,0.0,933.0,0.0023,0.0023,0.0023,10000044,2015-04-22,2015-04-22,P,2.45,2015-02-10
6491,2015-04-08 09:42:00,2015-04-08,0.0023,0.0,0.0,933.0,0.0023,0.0023,0.0023,10000044,2015-04-22,2015-04-22,P,2.45,2015-02-10
6492,2015-04-08 09:43:00,2015-04-08,0.0023,184.0,8.0,933.0,0.0023,0.0023,0.0023,10000044,2015-04-22,2015-04-22,P,2.45,2015-02-10
6493,2015-04-08 09:44:00,2015-04-08,0.0023,0.0,0.0,933.0,0.0023,0.0023,0.0023,10000044,2015-04-22,2015-04-22,P,2.45,2015-02-10
6494,2015-04-08 09:45:00,2015-04-08,0.0027,90.0,4.0,933.0,0.0027,0.0018,0.0018,10000044,2015-04-22,2015-04-22,P,2.45,2015-02-10
6495,2015-04-08 09:46:00,2015-04-08,0.0027,88.0,4.0,933.0,0.0027,0.0017,0.0017,10000044,2015-04-22,2015-04-22,P,2.45,2015-02-10
6496,2015-04-08 09:47:00,2015-04-08,0.0017,0.0,0.0,933.0,0.0017,0.0017,0.0017,10000044,2015-04-22,2015-04-22,P,2.45,2015-02-10
6497,2015-04-08 09:48:00,2015-04-08,0.0017,0.0,0.0,933.0,0.0017,0.0017,0.0017,10000044,2015-04-22,2015-04-22,P,2.45,2015-02-10
6498,2015-04-08 09:49:00,2015-04-08,0.0017,0.0,0.0,933.0,0.0017,0.0017,0.0017,10000044,2015-04-22,2015-04-22,P,2.45,2015-02-10
6499,2015-04-08 09:50:00,2015-04-08,0.0017,0.0,0.0,933.0,0.0017,0.0017,0.0017,10000044,2015-04-22,2015-04-22,P,2.45,2015-02-10
6500,2015-04-08 09:51:00,2015-04-08,0.0017,0.0,0.0,933.0,0.0017,0.0017,0.0017,10000044,2015-04-22,2015-04-22,P,2.45,2015-02-10
6501,2015-04-08 09:52:00,2015-04-08,0.0017,0.0,0.0,933.0,0.0017,0.0017,0.0017,10000044,2015-04-22,2015-04-22,P,2.45,2015-02-10
6502,2015-04-08 09:53:00,2015-04-08,0.0017,0.0,0.0,933.0,0.0017,0.0017,0.0017,10000044,2015-04-22,2015-04-22,P,2.45,2015-02-10
6503,2015-04-08 09:54:00,2015-04-08,0.0017,0.0,0.0,933.0,0.0017,0.0017,0.0017,10000044,2015-04-22,2015-04-22,P,2.45,2015-02-10
6504,2015-04-08 09:55:00,2015-04-08,0.0017,0.0,0.0,933.0,0.0017,0.0017,0.0017,10000044,2015-04-22,2015-04-22,P,2.45,2015-02-10
6505,2015-04-08 09:56:00,2015-04-08,0.0017,0.0,0.0,933.0,0.0017,0.0017,0.0017,10000044,2015-04-22,2015-04-22,P,2.45,2015-02-10
6506,2015-04-08 09:57:00,2015-04-08,0.0022,60.0,3.0,933.0,0.0022,0.0016,0.0016,10000044,2015-04-22,2015-04-22,P,2.45,2015-02-10
6507,2015-04-08 09:58:00,2015-04-08,0.0016,0.0,0.0,933.0,0.0016,0.0016,0.0016,10000044,2015-04-22,2015-04-22,P,2.45,2015-02-10
6508,2015-04-08 09:59:00,2015-04-08,0.0016,0.0,0.0,933.0,0.0016,0.0016,0.0016,10000044,2015-04-22,2015-04-22,P,2.45,2015-02-10
6509,2015-04-08 10:00:00,2015-04-08,0.002,169.0,11.0,938.0,0.0014,0.0015,0.0014,10000044,2015-04-22,2015-04-22,P,2.45,2015-02-10
6510,2015-04-08 10:01:00,2015-04-08,0.0015,0.0,0.0,938.0,0.0015,0.0015,0.0015,10000044,2015-04-22,2015-04-22,P,2.45,2015-02-10
6511,2015-04-08 10:02:00,2015-04-08,0.0015,0.0,0.0,938.0,0.0015,0.0015,0.0015,10000044,2015-04-22,2015-04-22,P,2.45,2015-02-10
6512,2015-04-08 10:03:00,2015-04-08,0.0015,41.0,3.0,939.0,0.0015,0.0013,0.0013,10000044,2015-04-22,2015-04-22,P,2.45,2015-02-10
6513,2015-04-08 10:04:00,2015-04-08,0.0012,23.0,2.0,939.0,0.0012,0.0011,0.0011,10000044,2015-04-22,2015-04-22,P,2.45,2015-02-10
6514,2015-04-08 10:05:00,2015-04-08,0.0011,0.0,0.0,939.0,0.0011,0.0011,0.0011,10000044,2015-04-22,2015-04-22,P,2.45,2015-02-10
6515,2015-04-08 10:06:00,2015-04-08,0.0011,0.0,0.0,939.0,0.0011,0.0011,0.0011,10000044,2015-04-22,2015-04-22,P,2.45,2015-02-10
6516,2015-04-08 10:07:00,2015-04-08,0.0011,0.0,0.0,939.0,0.0011,0.0011,0.0011,10000044,2015-04-22,2015-04-22,P,2.45,2015-02-10
6517,2015-04-08 10:08:00,2015-04-08,0.0011,0.0,0.0,939.0,0.0011,0.0011,0.0011,10000044,2015-04-22,2015-04-22,P,2.45,2015-02-10
6518,2015-04-08 10:09:00,2015-04-08,0.0012,36.0,3.0,939.0,0.0012,0.0012,0.0012,10000044,2015-04-22,2015-04-22,P,2.45,2015-02-10
6519,2015-04-08 10:10:00,2015-04-08,0.0012,0.0,0.0,939.0,0.0012,0.0012,0.0012,10000044,2015-04-22,2015-04-22,P,2.45,2015-02-10
6520,2015-04-08 10:11:00,2015-04-08,0.0015,118.0,8.0,946.0,0.0015,0.0015,0.0015,10000044,2015-04-22,2015-04-22,P,2.45,2015-02-10
6521,2015-04-08 10:12:00,2015-04-08,0.0015,0.0,0.0,946.0,0.0015,0.0015,0.0015,10000044,2015-04-22,2015-04-22,P,2.45,2015-02-10
6522,2015-04-08 10:13:00,2015-04-08,0.0015,0.0,0.0,946.0,0.0015,0.0015,0.0015,10000044,2015-04-22,2015-04-22,P,2.45,2015-02-10
6523,2015-04-08 10:14:00,2015-04-08,0.0015,30.0,2.0,948.0,0.0015,0.0015,0.0015,10000044,2015-04-22,2015-04-22,P,2.45,2015-02-10
6524,2015-04-08 10:15:00,2015-04-08,0.0017,34.0,2.0,949.0,0.0017,0.0017,0.0017,10000044,2015-04-22,2015-04-22,P,2.45,2015-02-10
6525,2015-04-08 10:16:00,2015-04-08,0.0017,0.0,0.0,949.0,0.0017,0.0017,0.0017,10000044,2015-04-22,2015-04-22,P,2.45,2015-02-10
6526,2015-04-08 10:17:00,2015-04-08,0.0017,0.0,0.0,949.0,0.0017,0.0017,0.0017,10000044,2015-04-22,2015-04-22,P,2.45,2015-02-10
6527,2015-04-08 10:18:00,2015-04-08,0.0017,0.0,0.0,949.0,0.0017,0.0017,0.0017,10000044,2015-04-22,2015-04-22,P,2.45,2015-02-10
6528,2015-04-08 10:19:00,2015-04-08,0.0017,0.0,0.0,949.0,0.0017,0.0017,0.0017,10000044,2015-04-22,2015-04-22,P,2.45,2015-02-10
6529,2015-04-08 10:20:00,2015-04-08,0.0017,0.0,0.0,949.0,0.0017,0.0017,0.0017,10000044,2015-04-22,2015-04-22,P,2.45,2015-02-10
6530,2015-04-08 10:21:00,2015-04-08,0.002,100.0,5.0,949.0,0.002,0.002,0.002,10000044,2015-04-22,2015-04-22,P,2.45,2015-02-10
6531,2015-04-08 10:22:00,2015-04-08,0.002,0.0,0.0,949.0,0.002,0.002,0.002,10000044,2015-04-22,2015-04-22,P,2.45,2015-02-10
6532,2015-04-08 10:23:00,2015-04-08,0.002,0.0,0.0,949.0,0.002,0.002,0.002,10000044,2015-04-22,2015-04-22,P,2.45,2015-02-10
6533,2015-04-08 10:24:00,2015-04-08,0.002,0.0,0.0,949.0,0.002,0.002,0.002,10000044,2015-04-22,2015-04-22,P,2.45,2015-02-10
6534,2015-04-08 10:25:00,2015-04-08,0.002,0.0,0.0,949.0,0.002,0.002,0.002,10000044,2015-04-22,2015-04-22,P,2.45,2015-02-10
6535,2015-04-08 10:26:00,2015-04-08,0.002,20.0,1.0,948.0,0.002,0.002,0.002,10000044,2015-04-22,2015-04-22,P,2.45,2015-02-10
6536,2015-04-08 10:27:00,2015-04-08,0.002,0.0,0.0,948.0,0.002,0.002,0.002,10000044,2015-04-22,2015-04-22,P,2.45,2015-02-10
6537,2015-04-08 10:28:00,2015-04-08,0.002,0.0,0.0,948.0,0.002,0.002,0.002,10000044,2015-04-22,2015-04-22,P,2.45,2015-02-10
6538,2015-04-08 10:29:00,2015-04-08,0.002,0.0,0.0,948.0,0.002,0.002,0.002,10000044,2015-04-22,2015-04-22,P,2.45,2015-02-10
6539,2015-04-08 10:30:00,2015-04-08,0.002,0.0,0.0,948.0,0.002,0.002,0.002,10000044,2015-04-22,2015-04-22,P,2.45,2015-02-10
6540,2015-04-08 10:31:00,2015-04-08,0.002,0.0,0.0,948.0,0.002,0.002,0.002,10000044,2015-04-22,2015-04-22,P,2.45,2015-02-10
6541,2015-04-08 10:32:00,2015-04-08,0.002,0.0,0.0,948.0,0.002,0.002,0.002,10000044,2015-04-22,2015-04-22,P,2.45,2015-02-10
6542,2015-04-08 10:33:00,2015-04-08,0.002,0.0,0.0,948.0,0.002,0.002,0.002,10000044,2015-04-22,2015-04-22,P,2.45,2015-02-10
6543,2015-04-08 10:34:00,2015-04-08,0.002,0.0,0.0,948.0,0.002,0.002,0.002,10000044,2015-04-22,2015-04-22,P,2.45,2015-02-10
6544,2015-04-08 10:35:00,2015-04-08,0.001,50.0,5.0,948.0,0.001,0.001,0.001,10000044,2015-04-22,2015-04-22,P,2.45,2015-02-10
6545,2015-04-08 10:36:00,2015-04-08,0.001,0.0,0.0,948.0,0.001,0.001,0.001,10000044,2015-04-22,2015-04-22,P,2.45,2015-02-10
6546,2015-04-08 10:37:00,2015-04-08,0.001,0.0,0.0,948.0,0.001,0.001,0.001,10000044,2015-04-22,2015-04-22,P,2.45,2015-02-10
6547,2015-04-08 10:38:00,2015-04-08,0.001,0.0,0.0,948.0,0.001,0.001,0.001,10000044,2015-04-22,2015-04-22,P,2.45,2015-02-10
6548,2015-04-08 10:39:00,2015-04-08,0.001,0.0,0.0,948.0,0.001,0.001,0.001,10000044,2015-04-22,2015-04-22,P,2.45,2015-02-10
6549,2015-04-08 10:40:00,2015-04-08,0.001,0.0,0.0,948.0,0.001,0.001,0.001,10000044,2015-04-22,2015-04-22,P,2.45,2015-02-10
6550,2015-04-08 10:41:00,2015-04-08,0.001,0.0,0.0,948.0,0.001,0.001,0.001,10000044,2015-04-22,2015-04-22,P,2.45,2015-02-10
6551,2015-04-08 10:42:00,2015-04-08,0.001,0.0,0.0,948.0,0.001,0.001,0.001,10000044,2015-04-22,2015-04-22,P,2.45,2015-02-10
6552,2015-04-08 10:43:00,2015-04-08,0.001,0.0,0.0,948.0,0.001,0.001,0.001,10000044,2015-04-22,2015-04-22,P,2.45,2015-02-10
6553,2015-04-08 10:44:00,2015-04-08,0.001,0.0,0.0,948.0,0.001,0.001,0.001,10000044,2015-04-22,2015-04-22,P,2.45,2015-02-10
6554,2015-04-08 10:45:00,2015-04-08,0.001,0.0,0.0,948.0,0.001,0.001,0.001,10000044,2015-04-22,2015-04-22,P,2.45,2015-02-10
6555,2015-04-08 10:46:00,2015-04-08,0.001,0.0,0.0,948.0,0.001,0.001,0.001,10000044,2015-04-22,2015-04-22,P,2.45,2015-02-10
6556,2015-04-08 10:47:00,2015-04-08,0.001,0.0,0.0,948.0,0.001,0.001,0.001,10000044,2015-04-22,2015-04-22,P,2.45,2015-02-10
6557,2015-04-08 10:48:00,2015-04-08,0.001,10.0,1.0,948.0,0.001,0.001,0.001,10000044,2015-04-22,2015-04-22,P,2.45,2015-02-10
6558,2015-04-08 10:49:00,2015-04-08,0.001,0.0,0.0,948.0,0.001,0.001,0.001,10000044,2015-04-22,2015-04-22,P,2.45,2015-02-10
6559,2015-04-08 10:50:00,2015-04-08,0.001,0.0,0.0,948.0,0.001,0.001,0.001,10000044,2015-04-22,2015-04-22,P,2.45,2015-02-10
6560,2015-04-08 10:51:00,2015-04-08,0.001,0.0,0.0,948.0,0.001,0.001,0.001,10000044,2015-04-22,2015-04-22,P,2.45,2015-02-10
6561,2015-04-08 10:52:00,2015-04-08,0.001,0.0,0.0,948.0,0.001,0.001,0.001,10000044,2015-04-22,2015-04-22,P,2.45,2015-02-10
6562,2015-04-08 10:53:00,2015-04-08,0.001,0.0,0.0,948.0,0.001,0.001,0.001,10000044,2015-04-22,2015-04-22,P,2.45,2015-02-10
6563,2015-04-08 10:54:00,2015-04-08,0.001,0.0,0.0,948.0,0.001,0.001,0.001,10000044,2015-04-22,2015-04-22,P,2.45,2015-02-10
6564,2015-04-08 10:55:00,2015-04-08,0.001,0.0,0.0,948.0,0.001,0.001,0.001,10000044,2015-04-22,2015-04-22,P,2.45,2015-02-10
6565,2015-04-08 10:56:00,2015-04-08,0.001,0.0,0.0,948.0,0.001,0.001,0.001,10000044,2015-04-22,2015-04-22,P,2.45,2015-02-10
6566,2015-04-08 10:57:00,2015-04-08,0.001,0.0,0.0,948.0,0.001,0.001,0.001,10000044,2015-04-22,2015-04-22,P,2.45,2015-02-10
6567,2015-04-08 10:58:00,2015-04-08,0.0014,84.0,6.0,948.0,0.0014,0.0014,0.0014,10000044,2015-04-22,2015-04-22,P,2.45,2015-02-10
6568,2015-04-08 10:59:00,2015-04-08,0.0014,0.0,0.0,948.0,0.0014,0.0014,0.0014,10000044,2015-04-22,2015-04-22,P,2.45,2015-02-10
6569,2015-04-08 11:00:00,2015-04-08,0.0014,0.0,0.0,948.0,0.0014,0.0014,0.0014,10000044,2015-04-22,2015-04-22,P,2.45,2015-02-10
6570,2015-04-08 11:01:00,2015-04-08,0.0014,0.0,0.0,948.0,0.0014,0.0014,0.0014,10000044,2015-04-22,2015-04-22,P,2.45,2015-02-10
6571,2015-04-08 11:02:00,2015-04-08,0.0014,0.0,0.0,948.0,0.0014,0.0014,0.0014,10000044,2015-04-22,2015-04-22,P,2.45,2015-02-10
6572,2015-04-08 11:03:00,2015-04-08,0.0014,0.0,0.0,948.0,0.0014,0.0014,0.0014,10000044,2015-04-22,2015-04-22,P,2.45,2015-02-10
6573,2015-04-08 11:04:00,2015-04-08,0.0014,0.0,0.0,948.0,0.0014,0.0014,0.0014,10000044,2015-04-22,2015-04-22,P,2.45,2015-02-10
6574,2015-04-08 11:05:00,2015-04-08,0.0014,0.0,0.0,948.0,0.0014,0.0014,0.0014,10000044,2015-04-22,2015-04-22,P,2.45,2015-02-10
6575,2015-04-08 11:06:00,2015-04-08,0.0014,0.0,0.0,948.0,0.0014,0.0014,0.0014,10000044,2015-04-22,2015-04-22,P,2.45,2015-02-10
6576,2015-04-08 11:07:00,2015-04-08,0.0014,0.0,0.0,948.0,0.0014,0.0014,0.0014,10000044,2015-04-22,2015-04-22,P,2.45,2015-02-10
6577,2015-04-08 11:08:00,2015-04-08,0.0014,0.0,0.0,948.0,0.0014,0.0014,0.0014,10000044,2015-04-22,2015-04-22,P,2.45,2015-02-10
6578,2015-04-08 11:09:00,2015-04-08,0.0014,0.0,0.0,948.0,0.0014,0.0014,0.0014,10000044,2015-04-22,2015-04-22,P,2.45,2015-02-10
6579,2015-04-08 11:10:00,2015-04-08,0.0014,0.0,0.0,948.0,0.0014,0.0014,0.0014,10000044,2015-04-22,2015-04-22,P,2.45,2015-02-10
6580,2015-04-08 11:11:00,2015-04-08,0.0014,0.0,0.0,948.0,0.0014,0.0014,0.0014,10000044,2015-04-22,2015-04-22,P,2.45,2015-02-10
6581,2015-04-08 11:12:00,2015-04-08,0.0014,0.0,0.0,948.0,0.0014,0.0014,0.0014,10000044,2015-04-22,2015-04-22,P,2.45,2015-02-10
6582,2015-04-08 11:13:00,2015-04-08,0.0014,0.0,0.0,948.0,0.0014,0.0014,0.0014,10000044,2015-04-22,2015-04-22,P,2.45,2015-02-10
6583,2015-04-08 11:14:00,2015-04-08,0.0014,0.0,0.0,948.0,0.0014,0.0014,0.0014,10000044,2015-04-22,2015-04-22,P,2.45,2015-02-10
6584,2015-04-08 11:15:00,2015-04-08,0.0014,0.0,0.0,948.0,0.0014,0.0014,0.0014,10000044,2015-04-22,2015-04-22,P,2.45,2015-02-10
6585,2015-04-08 11:16:00,2015-04-08,0.0014,0.0,0.0,948.0,0.0014,0.0014,0.0014,10000044,2015-04-22,2015-04-22,P,2.45,2015-02-10
6586,2015-04-08 11:17:00,2015-04-08,0.0014,0.0,0.0,948.0,0.0014,0.0014,0.0014,10000044,2015-04-22,2015-04-22,P,2.45,2015-02-10
6587,2015-04-08 11:18:00,2015-04-08,0.0014,0.0,0.0,948.0,0.0014,0.0014,0.0014,10000044,2015-04-22,2015-04-22,P,2.45,2015-02-10
6588,2015-04-08 11:19:00,2015-04-08,0.0014,0.0,0.0,948.0,0.0014,0.0014,0.0014,10000044,2015-04-22,2015-04-22,P,2.45,2015-02-10
6589,2015-04-08 11:20:00,2015-04-08,0.0014,0.0,0.0,948.0,0.0014,0.0014,0.0014,10000044,2015-04-22,2015-04-22,P,2.45,2015-02-10
6590,2015-04-08 11:21:00,2015-04-08,0.0014,0.0,0.0,948.0,0.0014,0.0014,0.0014,10000044,2015-04-22,2015-04-22,P,2.45,2015-02-10
6591,2015-04-08 11:22:00,2015-04-08,0.0014,0.0,0.0,948.0,0.0014,0.0014,0.0014,10000044,2015-04-22,2015-04-22,P,2.45,2015-02-10
6592,2015-04-08 11:23:00,2015-04-08,0.0014,0.0,0.0,948.0,0.0014,0.0014,0.0014,10000044,2015-04-22,2015-04-22,P,2.45,2015-02-10
6593,2015-04-08 11:24:00,2015-04-08,0.0014,0.0,0.0,948.0,0.0014,0.0014,0.0014,10000044,2015-04-22,2015-04-22,P,2.45,2015-02-10
6594,2015-04-08 11:25:00,2015-04-08,0.0014,0.0,0.0,948.0,0.0014,0.0014,0.0014,10000044,2015-04-22,2015-04-22,P,2.45,2015-02-10
6595,2015-04-08 11:26:00,2015-04-08,0.0014,0.0,0.0,948.0,0.0014,0.0014,0.0014,10000044,2015-04-22,2015-04-22,P,2.45,2015-02-10
6596,2015-04-08 11:27:00,2015-04-08,0.0014,0.0,0.0,948.0,0.0014,0.0014,0.0014,10000044,2015-04-22,2015-04-22,P,2.45,2015-02-10
6597,2015-04-08 11:28:00,2015-04-08,0.0014,0.0,0.0,948.0,0.0014,0.0014,0.0014,10000044,2015-04-22,2015-04-22,P,2.45,2015-02-10
6598,2015-04-08 11:29:00,2015-04-08,0.0014,0.0,0.0,948.0,0.0014,0.0014,0.0014,10000044,2015-04-22,2015-04-22,P,2.45,2015-02-10
6599,2015-04-08 11:30:00,2015-04-08,0.0014,0.0,0.0,948.0,0.0014,0.0014,0.0014,10000044,2015-04-22,2015-04-22,P,2.45,2015-02-10
6600,2015-04-08 13:01:00,2015-04-08,0.0014,0.0,0.0,948.0,0.0014,0.0014,0.0014,10000044,2015-04-22,2015-04-22,P,2.45,2015-02-10
6601,2015-04-08 13:02:00,2015-04-08,0.0014,0.0,0.0,948.0,0.0014,0.0014,0.0014,10000044,2015-04-22,2015-04-22,P,2.45,2015-02-10
6602,2015-04-08 13:03:00,2015-04-08,0.0014,0.0,0.0,948.0,0.0014,0.0014,0.0014,10000044,2015-04-22,2015-04-22,P,2.45,2015-02-10
6603,2015-04-08 13:04:00,2015-04-08,0.0014,0.0,0.0,948.0,0.0014,0.0014,0.0014,10000044,2015-04-22,2015-04-22,P,2.45,2015-02-10
6604,2015-04-08 13:05:00,2015-04-08,0.0014,0.0,0.0,948.0,0.0014,0.0014,0.0014,10000044,2015-04-22,2015-04-22,P,2.45,2015-02-10
6605,2015-04-08 13:06:00,2015-04-08,0.0014,0.0,0.0,948.0,0.0014,0.0014,0.0014,10000044,2015-04-22,2015-04-22,P,2.45,2015-02-10
6606,2015-04-08 13:07:00,2015-04-08,0.0014,0.0,0.0,948.0,0.0014,0.0014,0.0014,10000044,2015-04-22,2015-04-22,P,2.45,2015-02-10
6607,2015-04-08 13:08:00,2015-04-08,0.0014,0.0,0.0,948.0,0.0014,0.0014,0.0014,10000044,2015-04-22,2015-04-22,P,2.45,2015-02-10
6608,2015-04-08 13:09:00,2015-04-08,0.0019,152.0,8.0,948.0,0.0019,0.0019,0.0019,10000044,2015-04-22,2015-04-22,P,2.45,2015-02-10
6609,2015-04-08 13:10:00,2015-04-08,0.0019,0.0,0.0,948.0,0.0019,0.0019,0.0019,10000044,2015-04-22,2015-04-22,P,2.45,2015-02-10
6610,2015-04-08 13:11:00,2015-04-08,0.0019,0.0,0.0,948.0,0.0019,0.0019,0.0019,10000044,2015-04-22,2015-04-22,P,2.45,2015-02-10
6611,2015-04-08 13:12:00,2015-04-08,0.0019,0.0,0.0,948.0,0.0019,0.0019,0.0019,10000044,2015-04-22,2015-04-22,P,2.45,2015-02-10
6612,2015-04-08 13:13:00,2015-04-08,0.0019,0.0,0.0,948.0,0.0019,0.0019,0.0019,10000044,2015-04-22,2015-04-22,P,2.45,2015-02-10
6613,2015-04-08 13:14:00,2015-04-08,0.0019,0.0,0.0,948.0,0.0019,0.0019,0.0019,10000044,2015-04-22,2015-04-22,P,2.45,2015-02-10
6614,2015-04-08 13:15:00,2015-04-08,0.0019,0.0,0.0,948.0,0.0019,0.0019,0.0019,10000044,2015-04-22,2015-04-22,P,2.45,2015-02-10
6615,2015-04-08 13:16:00,2015-04-08,0.0019,0.0,0.0,948.0,0.0019,0.0019,0.0019,10000044,2015-04-22,2015-04-22,P,2.45,2015-02-10
6616,2015-04-08 13:17:00,2015-04-08,0.0019,0.0,0.0,948.0,0.0019,0.0019,0.0019,10000044,2015-04-22,2015-04-22,P,2.45,2015-02-10
6617,2015-04-08 13:18:00,2015-04-08,0.0019,0.0,0.0,948.0,0.0019,0.0019,0.0019,10000044,2015-04-22,2015-04-22,P,2.45,2015-02-10
6618,2015-04-08 13:19:00,2015-04-08,0.0019,0.0,0.0,948.0,0.0019,0.0019,0.0019,10000044,2015-04-22,2015-04-22,P,2.45,2015-02-10
6619,2015-04-08 13:20:00,2015-04-08,0.0012,12.0,1.0,947.0,0.0012,0.0012,0.0012,10000044,2015-04-22,2015-04-22,P,2.45,2015-02-10
6620,2015-04-08 13:21:00,2015-04-08,0.0012,24.0,2.0,947.0,0.0012,0.0012,0.0012,10000044,2015-04-22,2015-04-22,P,2.45,2015-02-10
6621,2015-04-08 13:22:00,2015-04-08,0.0012,0.0,0.0,947.0,0.0012,0.0012,0.0012,10000044,2015-04-22,2015-04-22,P,2.45,2015-02-10
6622,2015-04-08 13:23:00,2015-04-08,0.0012,0.0,0.0,947.0,0.0012,0.0012,0.0012,10000044,2015-04-22,2015-04-22,P,2.45,2015-02-10
6623,2015-04-08 13:24:00,2015-04-08,0.0012,0.0,0.0,947.0,0.0012,0.0012,0.0012,10000044,2015-04-22,2015-04-22,P,2.45,2015-02-10
6624,2015-04-08 13:25:00,2015-04-08,0.0012,0.0,0.0,947.0,0.0012,0.0012,0.0012,10000044,2015-04-22,2015-04-22,P,2.45,2015-02-10
6625,2015-04-08 13:26:00,2015-04-08,0.0012,0.0,0.0,947.0,0.0012,0.0012,0.0012,10000044,2015-04-22,2015-04-22,P,2.45,2015-02-10
6626,2015-04-08 13:27:00,2015-04-08,0.0012,0.0,0.0,947.0,0.0012,0.0012,0.0012,10000044,2015-04-22,2015-04-22,P,2.45,2015-02-10
6627,2015-04-08 13:28:00,2015-04-08,0.001,20.0,2.0,947.0,0.001,0.001,0.001,10000044,2015-04-22,2015-04-22,P,2.45,2015-02-10
6628,2015-04-08 13:29:00,2015-04-08,0.001,0.0,0.0,947.0,0.001,0.001,0.001,10000044,2015-04-22,2015-04-22,P,2.45,2015-02-10
6629,2015-04-08 13:30:00,2015-04-08,0.001,0.0,0.0,947.0,0.001,0.001,0.001,10000044,2015-04-22,2015-04-22,P,2.45,2015-02-10
6630,2015-04-08 13:31:00,2015-04-08,0.001,0.0,0.0,947.0,0.001,0.001,0.001,10000044,2015-04-22,2015-04-22,P,2.45,2015-02-10
6631,2015-04-08 13:32:00,2015-04-08,0.001,10.0,1.0,947.0,0.001,0.001,0.001,10000044,2015-04-22,2015-04-22,P,2.45,2015-02-10
6632,2015-04-08 13:33:00,2015-04-08,0.001,0.0,0.0,947.0,0.001,0.001,0.001,10000044,2015-04-22,2015-04-22,P,2.45,2015-02-10
6633,2015-04-08 13:34:00,2015-04-08,0.001,0.0,0.0,947.0,0.001,0.001,0.001,10000044,2015-04-22,2015-04-22,P,2.45,2015-02-10
6634,2015-04-08 13:35:00,2015-04-08,0.001,0.0,0.0,947.0,0.001,0.001,0.001,10000044,2015-04-22,2015-04-22,P,2.45,2015-02-10
6635,2015-04-08 13:36:00,2015-04-08,0.001,60.0,6.0,953.0,0.001,0.001,0.001,10000044,2015-04-22,2015-04-22,P,2.45,2015-02-10
6636,2015-04-08 13:37:00,2015-04-08,0.001,0.0,0.0,953.0,0.001,0.001,0.001,10000044,2015-04-22,2015-04-22,P,2.45,2015-02-10
6637,2015-04-08 13:38:00,2015-04-08,0.001,0.0,0.0,953.0,0.001,0.001,0.001,10000044,2015-04-22,2015-04-22,P,2.45,2015-02-10
6638,2015-04-08 13:39:00,2015-04-08,0.001,0.0,0.0,953.0,0.001,0.001,0.001,10000044,2015-04-22,2015-04-22,P,2.45,2015-02-10
6639,2015-04-08 13:40:00,2015-04-08,0.001,0.0,0.0,953.0,0.001,0.001,0.001,10000044,2015-04-22,2015-04-22,P,2.45,2015-02-10
6640,2015-04-08 13:41:00,2015-04-08,0.001,10.0,1.0,954.0,0.001,0.001,0.001,10000044,2015-04-22,2015-04-22,P,2.45,2015-02-10
6641,2015-04-08 13:42:00,2015-04-08,0.001,0.0,0.0,954.0,0.001,0.001,0.001,10000044,2015-04-22,2015-04-22,P,2.45,2015-02-10
6642,2015-04-08 13:43:00,2015-04-08,0.001,0.0,0.0,954.0,0.001,0.001,0.001,10000044,2015-04-22,2015-04-22,P,2.45,2015-02-10
6643,2015-04-08 13:44:00,2015-04-08,0.001,0.0,0.0,954.0,0.001,0.001,0.001,10000044,2015-04-22,2015-04-22,P,2.45,2015-02-10
6644,2015-04-08 13:45:00,2015-04-08,0.001,0.0,0.0,954.0,0.001,0.001,0.001,10000044,2015-04-22,2015-04-22,P,2.45,2015-02-10
6645,2015-04-08 13:46:00,2015-04-08,0.001,0.0,0.0,954.0,0.001,0.001,0.001,10000044,2015-04-22,2015-04-22,P,2.45,2015-02-10
6646,2015-04-08 13:47:00,2015-04-08,0.001,0.0,0.0,954.0,0.001,0.001,0.001,10000044,2015-04-22,2015-04-22,P,2.45,2015-02-10
6647,2015-04-08 13:48:00,2015-04-08,0.001,0.0,0.0,954.0,0.001,0.001,0.001,10000044,2015-04-22,2015-04-22,P,2.45,2015-02-10
6648,2015-04-08 13:49:00,2015-04-08,0.001,0.0,0.0,954.0,0.001,0.001,0.001,10000044,2015-04-22,2015-04-22,P,2.45,2015-02-10
6649,2015-04-08 13:50:00,2015-04-08,0.001,0.0,0.0,954.0,0.001,0.001,0.001,10000044,2015-04-22,2015-04-22,P,2.45,2015-02-10
6650,2015-04-08 13:51:00,2015-04-08,0.001,0.0,0.0,954.0,0.001,0.001,0.001,10000044,2015-04-22,2015-04-22,P,2.45,2015-02-10
6651,2015-04-08 13:52:00,2015-04-08,0.001,0.0,0.0,954.0,0.001,0.001,0.001,10000044,2015-04-22,2015-04-22,P,2.45,2015-02-10
6652,2015-04-08 13:53:00,2015-04-08,0.001,0.0,0.0,954.0,0.001,0.001,0.001,10000044,2015-04-22,2015-04-22,P,2.45,2015-02-10
6653,2015-04-08 13:54:00,2015-04-08,0.001,0.0,0.0,954.0,0.001,0.001,0.001,10000044,2015-04-22,2015-04-22,P,2.45,2015-02-10
6654,2015-04-08 13:55:00,2015-04-08,0.001,0.0,0.0,954.0,0.001,0.001,0.001,10000044,2015-04-22,2015-04-22,P,2.45,2015-02-10
6655,2015-04-08 13:56:00,2015-04-08,0.001,0.0,0.0,954.0,0.001,0.001,0.001,10000044,2015-04-22,2015-04-22,P,2.45,2015-02-10
6656,2015-04-08 13:57:00,2015-04-08,0.001,0.0,0.0,954.0,0.001,0.001,0.001,10000044,2015-04-22,2015-04-22,P,2.45,2015-02-10
6657,2015-04-08 13:58:00,2015-04-08,0.001,0.0,0.0,954.0,0.001,0.001,0.001,10000044,2015-04-22,2015-04-22,P,2.45,2015-02-10
6658,2015-04-08 13:59:00,2015-04-08,0.001,0.0,0.0,954.0,0.001,0.001,0.001,10000044,2015-04-22,2015-04-22,P,2.45,2015-02-10
6659,2015-04-08 14:00:00,2015-04-08,0.001,0.0,0.0,954.0,0.001,0.001,0.001,10000044,2015-04-22,2015-04-22,P,2.45,2015-02-10
6660,2015-04-08 14:01:00,2015-04-08,0.001,0.0,0.0,954.0,0.001,0.001,0.001,10000044,2015-04-22,2015-04-22,P,2.45,2015-02-10
6661,2015-04-08 14:02:00,2015-04-08,0.001,0.0,0.0,954.0,0.001,0.001,0.001,10000044,2015-04-22,2015-04-22,P,2.45,2015-02-10
6662,2015-04-08 14:03:00,2015-04-08,0.001,0.0,0.0,954.0,0.001,0.001,0.001,10000044,2015-04-22,2015-04-22,P,2.45,2015-02-10
6663,2015-04-08 14:04:00,2015-04-08,0.001,0.0,0.0,954.0,0.001,0.001,0.001,10000044,2015-04-22,2015-04-22,P,2.45,2015-02-10
6664,2015-04-08 14:05:00,2015-04-08,0.001,0.0,0.0,954.0,0.001,0.001,0.001,10000044,2015-04-22,2015-04-22,P,2.45,2015-02-10
6665,2015-04-08 14:06:00,2015-04-08,0.001,0.0,0.0,954.0,0.001,0.001,0.001,10000044,2015-04-22,2015-04-22,P,2.45,2015-02-10
6666,2015-04-08 14:07:00,2015-04-08,0.001,0.0,0.0,954.0,0.001,0.001,0.001,10000044,2015-04-22,2015-04-22,P,2.45,2015-02-10
6667,2015-04-08 14:08:00,2015-04-08,0.001,0.0,0.0,954.0,0.001,0.001,0.001,10000044,2015-04-22,2015-04-22,P,2.45,2015-02-10
6668,2015-04-08 14:09:00,2015-04-08,0.001,0.0,0.0,954.0,0.001,0.001,0.001,10000044,2015-04-22,2015-04-22,P,2.45,2015-02-10
6669,2015-04-08 14:10:00,2015-04-08,0.001,0.0,0.0,954.0,0.001,0.001,0.001,10000044,2015-04-22,2015-04-22,P,2.45,2015-02-10
6670,2015-04-08 14:11:00,2015-04-08,0.001,0.0,0.0,954.0,0.001,0.001,0.001,10000044,2015-04-22,2015-04-22,P,2.45,2015-02-10
6671,2015-04-08 14:12:00,2015-04-08,0.001,0.0,0.0,954.0,0.001,0.001,0.001,10000044,2015-04-22,2015-04-22,P,2.45,2015-02-10
6672,2015-04-08 14:13:00,2015-04-08,0.001,0.0,0.0,954.0,0.001,0.001,0.001,10000044,2015-04-22,2015-04-22,P,2.45,2015-02-10
6673,2015-04-08 14:14:00,2015-04-08,0.001,0.0,0.0,954.0,0.001,0.001,0.001,10000044,2015-04-22,2015-04-22,P,2.45,2015-02-10
6674,2015-04-08 14:15:00,2015-04-08,0.0012,120.0,10.0,954.0,0.0012,0.0012,0.0012,10000044,2015-04-22,2015-04-22,P,2.45,2015-02-10
6675,2015-04-08 14:16:00,2015-04-08,0.0012,0.0,0.0,954.0,0.0012,0.0012,0.0012,10000044,2015-04-22,2015-04-22,P,2.45,2015-02-10
6676,2015-04-08 14:17:00,2015-04-08,0.0012,0.0,0.0,954.0,0.0012,0.0012,0.0012,10000044,2015-04-22,2015-04-22,P,2.45,2015-02-10
6677,2015-04-08 14:18:00,2015-04-08,0.0012,0.0,0.0,954.0,0.0012,0.0012,0.0012,10000044,2015-04-22,2015-04-22,P,2.45,2015-02-10
6678,2015-04-08 14:19:00,2015-04-08,0.0012,0.0,0.0,954.0,0.0012,0.0012,0.0012,10000044,2015-04-22,2015-04-22,P,2.45,2015-02-10
6679,2015-04-08 14:20:00,2015-04-08,0.0012,0.0,0.0,954.0,0.0012,0.0012,0.0012,10000044,2015-04-22,2015-04-22,P,2.45,2015-02-10
6680,2015-04-08 14:21:00,2015-04-08,0.0012,0.0,0.0,954.0,0.0012,0.0012,0.0012,10000044,2015-04-22,2015-04-22,P,2.45,2015-02-10
6681,2015-04-08 14:22:00,2015-04-08,0.0012,0.0,0.0,954.0,0.0012,0.0012,0.0012,10000044,2015-04-22,2015-04-22,P,2.45,2015-02-10
6682,2015-04-08 14:23:00,2015-04-08,0.0012,0.0,0.0,954.0,0.0012,0.0012,0.0012,10000044,2015-04-22,2015-04-22,P,2.45,2015-02-10
6683,2015-04-08 14:24:00,2015-04-08,0.0012,0.0,0.0,954.0,0.0012,0.0012,0.0012,10000044,2015-04-22,2015-04-22,P,2.45,2015-02-10
6684,2015-04-08 14:25:00,2015-04-08,0.0011,110.0,10.0,964.0,0.0011,0.0011,0.0011,10000044,2015-04-22,2015-04-22,P,2.45,2015-02-10
6685,2015-04-08 14:26:00,2015-04-08,0.0011,0.0,0.0,964.0,0.0011,0.0011,0.0011,10000044,2015-04-22,2015-04-22,P,2.45,2015-02-10
6686,2015-04-08 14:27:00,2015-04-08,0.0011,0.0,0.0,964.0,0.0011,0.0011,0.0011,10000044,2015-04-22,2015-04-22,P,2.45,2015-02-10
6687,2015-04-08 14:28:00,2015-04-08,0.0011,0.0,0.0,964.0,0.0011,0.0011,0.0011,10000044,2015-04-22,2015-04-22,P,2.45,2015-02-10
6688,2015-04-08 14:29:00,2015-04-08,0.0011,0.0,0.0,964.0,0.0011,0.0011,0.0011,10000044,2015-04-22,2015-04-22,P,2.45,2015-02-10
6689,2015-04-08 14:30:00,2015-04-08,0.0011,0.0,0.0,964.0,0.0011,0.0011,0.0011,10000044,2015-04-22,2015-04-22,P,2.45,2015-02-10
6690,2015-04-08 14:31:00,2015-04-08,0.0011,0.0,0.0,964.0,0.0011,0.0011,0.0011,10000044,2015-04-22,2015-04-22,P,2.45,2015-02-10
6691,2015-04-08 14:32:00,2015-04-08,0.0011,0.0,0.0,964.0,0.0011,0.0011,0.0011,10000044,2015-04-22,2015-04-22,P,2.45,2015-02-10
6692,2015-04-08 14:33:00,2015-04-08,0.0011,0.0,0.0,964.0,0.0011,0.0011,0.0011,10000044,2015-04-22,2015-04-22,P,2.45,2015-02-10
6693,2015-04-08 14:34:00,2015-04-08,0.0011,0.0,0.0,964.0,0.0011,0.0011,0.0011,10000044,2015-04-22,2015-04-22,P,2.45,2015-02-10
6694,2015-04-08 14:35:00,2015-04-08,0.0011,0.0,0.0,964.0,0.0011,0.0011,0.0011,10000044,2015-04-22,2015-04-22,P,2.45,2015-02-10
6695,2015-04-08 14:36:00,2015-04-08,0.0011,0.0,0.0,964.0,0.0011,0.0011,0.0011,10000044,2015-04-22,2015-04-22,P,2.45,2015-02-10
6696,2015-04-08 14:37:00,2015-04-08,0.0011,0.0,0.0,964.0,0.0011,0.0011,0.0011,10000044,2015-04-22,2015-04-22,P,2.45,2015-02-10
6697,2015-04-08 14:38:00,2015-04-08,0.0011,0.0,0.0,964.0,0.0011,0.0011,0.0011,10000044,2015-04-22,2015-04-22,P,2.45,2015-02-10
6698,2015-04-08 14:39:00,2015-04-08,0.0011,0.0,0.0,964.0,0.0011,0.0011,0.0011,10000044,2015-04-22,2015-04-22,P,2.45,2015-02-10
6699,2015-04-08 14:40:00,2015-04-08,0.0011,0.0,0.0,964.0,0.0011,0.0011,0.0011,10000044,2015-04-22,2015-04-22,P,2.45,2015-02-10
6700,2015-04-08 14:41:00,2015-04-08,0.0011,0.0,0.0,964.0,0.0011,0.0011,0.0011,10000044,2015-04-22,2015-04-22,P,2.45,2015-02-10
6701,2015-04-08 14:42:00,2015-04-08,0.0011,0.0,0.0,964.0,0.0011,0.0011,0.0011,10000044,2015-04-22,2015-04-22,P,2.45,2015-02-10
6702,2015-04-08 14:43:00,2015-04-08,0.0011,0.0,0.0,964.0,0.0011,0.0011,0.0011,10000044,2015-04-22,2015-04-22,P,2.45,2015-02-10
6703,2015-04-08 14:44:00,2015-04-08,0.0011,22.0,2.0,965.0,0.0011,0.0011,0.0011,10000044,2015-04-22,2015-04-22,P,2.45,2015-02-10
6704,2015-04-08 14:45:00,2015-04-08,0.0011,0.0,0.0,965.0,0.0011,0.0011,0.0011,10000044,2015-04-22,2015-04-22,P,2.45,2015-02-10
6705,2015-04-08 14:46:00,2015-04-08,0.0011,0.0,0.0,965.0,0.0011,0.0011,0.0011,10000044,2015-04-22,2015-04-22,P,2.45,2015-02-10
6706,2015-04-08 14:47:00,2015-04-08,0.0011,0.0,0.0,965.0,0.0011,0.0011,0.0011,10000044,2015-04-22,2015-04-22,P,2.45,2015-02-10
6707,2015-04-08 14:48:00,2015-04-08,0.0011,0.0,0.0,965.0,0.0011,0.0011,0.0011,10000044,2015-04-22,2015-04-22,P,2.45,2015-02-10
6708,2015-04-08 14:49:00,2015-04-08,0.0011,0.0,0.0,965.0,0.0011,0.0011,0.0011,10000044,2015-04-22,2015-04-22,P,2.45,2015-02-10
6709,2015-04-08 14:50:00,2015-04-08,0.0011,0.0,0.0,965.0,0.0011,0.0011,0.0011,10000044,2015-04-22,2015-04-22,P,2.45,2015-02-10
6710,2015-04-08 14:51:00,2015-04-08,0.0011,0.0,0.0,965.0,0.0011,0.0011,0.0011,10000044,2015-04-22,2015-04-22,P,2.45,2015-02-10
6711,2015-04-08 14:52:00,2015-04-08,0.0011,0.0,0.0,965.0,0.0011,0.0011,0.0011,10000044,2015-04-22,2015-04-22,P,2.45,2015-02-10
6712,2015-04-08 14:53:00,2015-04-08,0.0011,0.0,0.0,965.0,0.0011,0.0011,0.0011,10000044,2015-04-22,2015-04-22,P,2.45,2015-02-10
6713,2015-04-08 14:54:00,2015-04-08,0.0011,0.0,0.0,965.0,0.0011,0.0011,0.0011,10000044,2015-04-22,2015-04-22,P,2.45,2015-02-10
6714,2015-04-08 14:55:00,2015-04-08,0.0011,0.0,0.0,965.0,0.0011,0.0011,0.0011,10000044,2015-04-22,2015-04-22,P,2.45,2015-02-10
6715,2015-04-08 14:56:00,2015-04-08,0.0011,0.0,0.0,965.0,0.0011,0.0011,0.0011,10000044,2015-04-22,2015-04-22,P,2.45,2015-02-10
6716,2015-04-08 14:57:00,2015-04-08,0.0011,0.0,0.0,965.0,0.0011,0.0011,0.0011,10000044,2015-04-22,2015-04-22,P,2.45,2015-02-10
6717,2015-04-08 14:58:00,2015-04-08,0.0011,0.0,0.0,965.0,0.0011,0.0011,0.0011,10000044,2015-04-22,2015-04-22,P,2.45,2015-02-10
6718,2015-04-08 14:59:00,2015-04-08,0.0011,0.0,0.0,965.0,0.0011,0.0011,0.0011,10000044,2015-04-22,2015-04-22,P,2.45,2015-02-10
6719,2015-04-08 15:00:00,2015-04-08,0.0011,0.0,0.0,965.0,0.0011,0.0011,0.0011,10000044,2015-04-22,2015-04-22,P,2.45,2015-02-10
6720,2015-04-08 09:31:00,2015-04-08,0.052000000000000005,0.0,0.0,0.0,0.052000000000000005,0.052000000000000005,0.052000000000000005,10000039,2015-09-23,2015-09-23,P,2.35,2015-02-09
6721,2015-04-08 09:32:00,2015-04-08,0.052000000000000005,0.0,0.0,0.0,0.052000000000000005,0.052000000000000005,0.052000000000000005,10000039,2015-09-23,2015-09-23,P,2.35,2015-02-09
6722,2015-04-08 09:33:00,2015-04-08,0.052000000000000005,0.0,0.0,0.0,0.052000000000000005,0.052000000000000005,0.052000000000000005,10000039,2015-09-23,2015-09-23,P,2.35,2015-02-09
6723,2015-04-08 09:34:00,2015-04-08,0.052000000000000005,0.0,0.0,0.0,0.052000000000000005,0.052000000000000005,0.052000000000000005,10000039,2015-09-23,2015-09-23,P,2.35,2015-02-09
6724,2015-04-08 09:35:00,2015-04-08,0.052000000000000005,0.0,0.0,0.0,0.052000000000000005,0.052000000000000005,0.052000000000000005,10000039,2015-09-23,2015-09-23,P,2.35,2015-02-09
6725,2015-04-08 09:36:00,2015-04-08,0.052000000000000005,0.0,0.0,0.0,0.052000000000000005,0.052000000000000005,0.052000000000000005,10000039,2015-09-23,2015-09-23,P,2.35,2015-02-09
6726,2015-04-08 09:37:00,2015-04-08,0.052000000000000005,0.0,0.0,0.0,0.052000000000000005,0.052000000000000005,0.052000000000000005,10000039,2015-09-23,2015-09-23,P,2.35,2015-02-09
6727,2015-04-08 09:38:00,2015-04-08,0.052000000000000005,0.0,0.0,0.0,0.052000000000000005,0.052000000000000005,0.052000000000000005,10000039,2015-09-23,2015-09-23,P,2.35,2015-02-09
6728,2015-04-08 09:39:00,2015-04-08,0.052000000000000005,0.0,0.0,0.0,0.052000000000000005,0.052000000000000005,0.052000000000000005,10000039,2015-09-23,2015-09-23,P,2.35,2015-02-09
6729,2015-04-08 09:40:00,2015-04-08,0.052000000000000005,0.0,0.0,0.0,0.052000000000000005,0.052000000000000005,0.052000000000000005,10000039,2015-09-23,2015-09-23,P,2.35,2015-02-09
6730,2015-04-08 09:41:00,2015-04-08,0.052000000000000005,0.0,0.0,0.0,0.052000000000000005,0.052000000000000005,0.052000000000000005,10000039,2015-09-23,2015-09-23,P,2.35,2015-02-09
6731,2015-04-08 09:42:00,2015-04-08,0.052000000000000005,0.0,0.0,0.0,0.052000000000000005,0.052000000000000005,0.052000000000000005,10000039,2015-09-23,2015-09-23,P,2.35,2015-02-09
6732,2015-04-08 09:43:00,2015-04-08,0.052000000000000005,0.0,0.0,0.0,0.052000000000000005,0.052000000000000005,0.052000000000000005,10000039,2015-09-23,2015-09-23,P,2.35,2015-02-09
6733,2015-04-08 09:44:00,2015-04-08,0.052000000000000005,0.0,0.0,0.0,0.052000000000000005,0.052000000000000005,0.052000000000000005,10000039,2015-09-23,2015-09-23,P,2.35,2015-02-09
6734,2015-04-08 09:45:00,2015-04-08,0.052000000000000005,0.0,0.0,0.0,0.052000000000000005,0.052000000000000005,0.052000000000000005,10000039,2015-09-23,2015-09-23,P,2.35,2015-02-09
6735,2015-04-08 09:46:00,2015-04-08,0.052000000000000005,0.0,0.0,0.0,0.052000000000000005,0.052000000000000005,0.052000000000000005,10000039,2015-09-23,2015-09-23,P,2.35,2015-02-09
6736,2015-04-08 09:47:00,2015-04-08,0.052000000000000005,0.0,0.0,0.0,0.052000000000000005,0.052000000000000005,0.052000000000000005,10000039,2015-09-23,2015-09-23,P,2.35,2015-02-09
6737,2015-04-08 09:48:00,2015-04-08,0.052000000000000005,0.0,0.0,0.0,0.052000000000000005,0.052000000000000005,0.052000000000000005,10000039,2015-09-23,2015-09-23,P,2.35,2015-02-09
6738,2015-04-08 09:49:00,2015-04-08,0.052000000000000005,0.0,0.0,0.0,0.052000000000000005,0.052000000000000005,0.052000000000000005,10000039,2015-09-23,2015-09-23,P,2.35,2015-02-09
6739,2015-04-08 09:50:00,2015-04-08,0.052000000000000005,0.0,0.0,0.0,0.052000000000000005,0.052000000000000005,0.052000000000000005,10000039,2015-09-23,2015-09-23,P,2.35,2015-02-09
6740,2015-04-08 09:51:00,2015-04-08,0.052000000000000005,0.0,0.0,0.0,0.052000000000000005,0.052000000000000005,0.052000000000000005,10000039,2015-09-23,2015-09-23,P,2.35,2015-02-09
6741,2015-04-08 09:52:00,2015-04-08,0.052000000000000005,0.0,0.0,0.0,0.052000000000000005,0.052000000000000005,0.052000000000000005,10000039,2015-09-23,2015-09-23,P,2.35,2015-02-09
6742,2015-04-08 09:53:00,2015-04-08,0.052000000000000005,0.0,0.0,0.0,0.052000000000000005,0.052000000000000005,0.052000000000000005,10000039,2015-09-23,2015-09-23,P,2.35,2015-02-09
6743,2015-04-08 09:54:00,2015-04-08,0.052000000000000005,0.0,0.0,0.0,0.052000000000000005,0.052000000000000005,0.052000000000000005,10000039,2015-09-23,2015-09-23,P,2.35,2015-02-09
6744,2015-04-08 09:55:00,2015-04-08,0.051,2546.0,5.0,251.0,0.051,0.0508,0.0508,10000039,2015-09-23,2015-09-23,P,2.35,2015-02-09
6745,2015-04-08 09:56:00,2015-04-08,0.0508,0.0,0.0,251.0,0.0508,0.0508,0.0508,10000039,2015-09-23,2015-09-23,P,2.35,2015-02-09
6746,2015-04-08 09:57:00,2015-04-08,0.0508,0.0,0.0,251.0,0.0508,0.0508,0.0508,10000039,2015-09-23,2015-09-23,P,2.35,2015-02-09
6747,2015-04-08 09:58:00,2015-04-08,0.0508,0.0,0.0,251.0,0.0508,0.0508,0.0508,10000039,2015-09-23,2015-09-23,P,2.35,2015-02-09
6748,2015-04-08 09:59:00,2015-04-08,0.0508,0.0,0.0,251.0,0.0508,0.0508,0.0508,10000039,2015-09-23,2015-09-23,P,2.35,2015-02-09
6749,2015-04-08 10:00:00,2015-04-08,0.0508,0.0,0.0,251.0,0.0508,0.0508,0.0508,10000039,2015-09-23,2015-09-23,P,2.35,2015-02-09
6750,2015-04-08 10:01:00,2015-04-08,0.0508,0.0,0.0,251.0,0.0508,0.0508,0.0508,10000039,2015-09-23,2015-09-23,P,2.35,2015-02-09
6751,2015-04-08 10:02:00,2015-04-08,0.0508,0.0,0.0,251.0,0.0508,0.0508,0.0508,10000039,2015-09-23,2015-09-23,P,2.35,2015-02-09
6752,2015-04-08 10:03:00,2015-04-08,0.0508,0.0,0.0,251.0,0.0508,0.0508,0.0508,10000039,2015-09-23,2015-09-23,P,2.35,2015-02-09
6753,2015-04-08 10:04:00,2015-04-08,0.0508,0.0,0.0,251.0,0.0508,0.0508,0.0508,10000039,2015-09-23,2015-09-23,P,2.35,2015-02-09
6754,2015-04-08 10:05:00,2015-04-08,0.0508,0.0,0.0,251.0,0.0508,0.0508,0.0508,10000039,2015-09-23,2015-09-23,P,2.35,2015-02-09
6755,2015-04-08 10:06:00,2015-04-08,0.0508,0.0,0.0,251.0,0.0508,0.0508,0.0508,10000039,2015-09-23,2015-09-23,P,2.35,2015-02-09
6756,2015-04-08 10:07:00,2015-04-08,0.0508,0.0,0.0,251.0,0.0508,0.0508,0.0508,10000039,2015-09-23,2015-09-23,P,2.35,2015-02-09
6757,2015-04-08 10:08:00,2015-04-08,0.0508,0.0,0.0,251.0,0.0508,0.0508,0.0508,10000039,2015-09-23,2015-09-23,P,2.35,2015-02-09
6758,2015-04-08 10:09:00,2015-04-08,0.0508,0.0,0.0,251.0,0.0508,0.0508,0.0508,10000039,2015-09-23,2015-09-23,P,2.35,2015-02-09
6759,2015-04-08 10:10:00,2015-04-08,0.0508,0.0,0.0,251.0,0.0508,0.0508,0.0508,10000039,2015-09-23,2015-09-23,P,2.35,2015-02-09
6760,2015-04-08 10:11:00,2015-04-08,0.0508,0.0,0.0,251.0,0.0508,0.0508,0.0508,10000039,2015-09-23,2015-09-23,P,2.35,2015-02-09
6761,2015-04-08 10:12:00,2015-04-08,0.0508,0.0,0.0,251.0,0.0508,0.0508,0.0508,10000039,2015-09-23,2015-09-23,P,2.35,2015-02-09
6762,2015-04-08 10:13:00,2015-04-08,0.0508,0.0,0.0,251.0,0.0508,0.0508,0.0508,10000039,2015-09-23,2015-09-23,P,2.35,2015-02-09
6763,2015-04-08 10:14:00,2015-04-08,0.0508,0.0,0.0,251.0,0.0508,0.0508,0.0508,10000039,2015-09-23,2015-09-23,P,2.35,2015-02-09
6764,2015-04-08 10:15:00,2015-04-08,0.0508,0.0,0.0,251.0,0.0508,0.0508,0.0508,10000039,2015-09-23,2015-09-23,P,2.35,2015-02-09
6765,2015-04-08 10:16:00,2015-04-08,0.0508,0.0,0.0,251.0,0.0508,0.0508,0.0508,10000039,2015-09-23,2015-09-23,P,2.35,2015-02-09
6766,2015-04-08 10:17:00,2015-04-08,0.0508,0.0,0.0,251.0,0.0508,0.0508,0.0508,10000039,2015-09-23,2015-09-23,P,2.35,2015-02-09
6767,2015-04-08 10:18:00,2015-04-08,0.0508,0.0,0.0,251.0,0.0508,0.0508,0.0508,10000039,2015-09-23,2015-09-23,P,2.35,2015-02-09
6768,2015-04-08 10:19:00,2015-04-08,0.0508,0.0,0.0,251.0,0.0508,0.0508,0.0508,10000039,2015-09-23,2015-09-23,P,2.35,2015-02-09
6769,2015-04-08 10:20:00,2015-04-08,0.0508,0.0,0.0,251.0,0.0508,0.0508,0.0508,10000039,2015-09-23,2015-09-23,P,2.35,2015-02-09
6770,2015-04-08 10:21:00,2015-04-08,0.0508,0.0,0.0,251.0,0.0508,0.0508,0.0508,10000039,2015-09-23,2015-09-23,P,2.35,2015-02-09
6771,2015-04-08 10:22:00,2015-04-08,0.0508,0.0,0.0,251.0,0.0508,0.0508,0.0508,10000039,2015-09-23,2015-09-23,P,2.35,2015-02-09
6772,2015-04-08 10:23:00,2015-04-08,0.0508,0.0,0.0,251.0,0.0508,0.0508,0.0508,10000039,2015-09-23,2015-09-23,P,2.35,2015-02-09
6773,2015-04-08 10:24:00,2015-04-08,0.0508,0.0,0.0,251.0,0.0508,0.0508,0.0508,10000039,2015-09-23,2015-09-23,P,2.35,2015-02-09
6774,2015-04-08 10:25:00,2015-04-08,0.0508,0.0,0.0,251.0,0.0508,0.0508,0.0508,10000039,2015-09-23,2015-09-23,P,2.35,2015-02-09
6775,2015-04-08 10:26:00,2015-04-08,0.0508,0.0,0.0,251.0,0.0508,0.0508,0.0508,10000039,2015-09-23,2015-09-23,P,2.35,2015-02-09
6776,2015-04-08 10:27:00,2015-04-08,0.0508,0.0,0.0,251.0,0.0508,0.0508,0.0508,10000039,2015-09-23,2015-09-23,P,2.35,2015-02-09
6777,2015-04-08 10:28:00,2015-04-08,0.0508,0.0,0.0,251.0,0.0508,0.0508,0.0508,10000039,2015-09-23,2015-09-23,P,2.35,2015-02-09
6778,2015-04-08 10:29:00,2015-04-08,0.0508,0.0,0.0,251.0,0.0508,0.0508,0.0508,10000039,2015-09-23,2015-09-23,P,2.35,2015-02-09
6779,2015-04-08 10:30:00,2015-04-08,0.0508,0.0,0.0,251.0,0.0508,0.0508,0.0508,10000039,2015-09-23,2015-09-23,P,2.35,2015-02-09
6780,2015-04-08 10:31:00,2015-04-08,0.0508,0.0,0.0,251.0,0.0508,0.0508,0.0508,10000039,2015-09-23,2015-09-23,P,2.35,2015-02-09
6781,2015-04-08 10:32:00,2015-04-08,0.0508,0.0,0.0,251.0,0.0508,0.0508,0.0508,10000039,2015-09-23,2015-09-23,P,2.35,2015-02-09
6782,2015-04-08 10:33:00,2015-04-08,0.0508,0.0,0.0,251.0,0.0508,0.0508,0.0508,10000039,2015-09-23,2015-09-23,P,2.35,2015-02-09
6783,2015-04-08 10:34:00,2015-04-08,0.0508,0.0,0.0,251.0,0.0508,0.0508,0.0508,10000039,2015-09-23,2015-09-23,P,2.35,2015-02-09
6784,2015-04-08 10:35:00,2015-04-08,0.0508,0.0,0.0,251.0,0.0508,0.0508,0.0508,10000039,2015-09-23,2015-09-23,P,2.35,2015-02-09
6785,2015-04-08 10:36:00,2015-04-08,0.0508,0.0,0.0,251.0,0.0508,0.0508,0.0508,10000039,2015-09-23,2015-09-23,P,2.35,2015-02-09
6786,2015-04-08 10:37:00,2015-04-08,0.0508,0.0,0.0,251.0,0.0508,0.0508,0.0508,10000039,2015-09-23,2015-09-23,P,2.35,2015-02-09
6787,2015-04-08 10:38:00,2015-04-08,0.0508,0.0,0.0,251.0,0.0508,0.0508,0.0508,10000039,2015-09-23,2015-09-23,P,2.35,2015-02-09
6788,2015-04-08 10:39:00,2015-04-08,0.0508,0.0,0.0,251.0,0.0508,0.0508,0.0508,10000039,2015-09-23,2015-09-23,P,2.35,2015-02-09
6789,2015-04-08 10:40:00,2015-04-08,0.0508,0.0,0.0,251.0,0.0508,0.0508,0.0508,10000039,2015-09-23,2015-09-23,P,2.35,2015-02-09
6790,2015-04-08 10:41:00,2015-04-08,0.0508,0.0,0.0,251.0,0.0508,0.0508,0.0508,10000039,2015-09-23,2015-09-23,P,2.35,2015-02-09
6791,2015-04-08 10:42:00,2015-04-08,0.0508,0.0,0.0,251.0,0.0508,0.0508,0.0508,10000039,2015-09-23,2015-09-23,P,2.35,2015-02-09
6792,2015-04-08 10:43:00,2015-04-08,0.0508,0.0,0.0,251.0,0.0508,0.0508,0.0508,10000039,2015-09-23,2015-09-23,P,2.35,2015-02-09
6793,2015-04-08 10:44:00,2015-04-08,0.0508,0.0,0.0,251.0,0.0508,0.0508,0.0508,10000039,2015-09-23,2015-09-23,P,2.35,2015-02-09
6794,2015-04-08 10:45:00,2015-04-08,0.0508,0.0,0.0,251.0,0.0508,0.0508,0.0508,10000039,2015-09-23,2015-09-23,P,2.35,2015-02-09
6795,2015-04-08 10:46:00,2015-04-08,0.0508,0.0,0.0,251.0,0.0508,0.0508,0.0508,10000039,2015-09-23,2015-09-23,P,2.35,2015-02-09
6796,2015-04-08 10:47:00,2015-04-08,0.0508,0.0,0.0,251.0,0.0508,0.0508,0.0508,10000039,2015-09-23,2015-09-23,P,2.35,2015-02-09
6797,2015-04-08 10:48:00,2015-04-08,0.0508,0.0,0.0,251.0,0.0508,0.0508,0.0508,10000039,2015-09-23,2015-09-23,P,2.35,2015-02-09
6798,2015-04-08 10:49:00,2015-04-08,0.0508,0.0,0.0,251.0,0.0508,0.0508,0.0508,10000039,2015-09-23,2015-09-23,P,2.35,2015-02-09
6799,2015-04-08 10:50:00,2015-04-08,0.0508,0.0,0.0,251.0,0.0508,0.0508,0.0508,10000039,2015-09-23,2015-09-23,P,2.35,2015-02-09
6800,2015-04-08 10:51:00,2015-04-08,0.0508,0.0,0.0,251.0,0.0508,0.0508,0.0508,10000039,2015-09-23,2015-09-23,P,2.35,2015-02-09
6801,2015-04-08 10:52:00,2015-04-08,0.0508,0.0,0.0,251.0,0.0508,0.0508,0.0508,10000039,2015-09-23,2015-09-23,P,2.35,2015-02-09
6802,2015-04-08 10:53:00,2015-04-08,0.0508,0.0,0.0,251.0,0.0508,0.0508,0.0508,10000039,2015-09-23,2015-09-23,P,2.35,2015-02-09
6803,2015-04-08 10:54:00,2015-04-08,0.0508,0.0,0.0,251.0,0.0508,0.0508,0.0508,10000039,2015-09-23,2015-09-23,P,2.35,2015-02-09
6804,2015-04-08 10:55:00,2015-04-08,0.0508,0.0,0.0,251.0,0.0508,0.0508,0.0508,10000039,2015-09-23,2015-09-23,P,2.35,2015-02-09
6805,2015-04-08 10:56:00,2015-04-08,0.0508,0.0,0.0,251.0,0.0508,0.0508,0.0508,10000039,2015-09-23,2015-09-23,P,2.35,2015-02-09
6806,2015-04-08 10:57:00,2015-04-08,0.0508,0.0,0.0,251.0,0.0508,0.0508,0.0508,10000039,2015-09-23,2015-09-23,P,2.35,2015-02-09
6807,2015-04-08 10:58:00,2015-04-08,0.0508,0.0,0.0,251.0,0.0508,0.0508,0.0508,10000039,2015-09-23,2015-09-23,P,2.35,2015-02-09
6808,2015-04-08 10:59:00,2015-04-08,0.0508,0.0,0.0,251.0,0.0508,0.0508,0.0508,10000039,2015-09-23,2015-09-23,P,2.35,2015-02-09
6809,2015-04-08 11:00:00,2015-04-08,0.0508,0.0,0.0,251.0,0.0508,0.0508,0.0508,10000039,2015-09-23,2015-09-23,P,2.35,2015-02-09
6810,2015-04-08 11:01:00,2015-04-08,0.0508,0.0,0.0,251.0,0.0508,0.0508,0.0508,10000039,2015-09-23,2015-09-23,P,2.35,2015-02-09
6811,2015-04-08 11:02:00,2015-04-08,0.0508,0.0,0.0,251.0,0.0508,0.0508,0.0508,10000039,2015-09-23,2015-09-23,P,2.35,2015-02-09
6812,2015-04-08 11:03:00,2015-04-08,0.0508,0.0,0.0,251.0,0.0508,0.0508,0.0508,10000039,2015-09-23,2015-09-23,P,2.35,2015-02-09
6813,2015-04-08 11:04:00,2015-04-08,0.0508,0.0,0.0,251.0,0.0508,0.0508,0.0508,10000039,2015-09-23,2015-09-23,P,2.35,2015-02-09
6814,2015-04-08 11:05:00,2015-04-08,0.0508,0.0,0.0,251.0,0.0508,0.0508,0.0508,10000039,2015-09-23,2015-09-23,P,2.35,2015-02-09
6815,2015-04-08 11:06:00,2015-04-08,0.0508,0.0,0.0,251.0,0.0508,0.0508,0.0508,10000039,2015-09-23,2015-09-23,P,2.35,2015-02-09
6816,2015-04-08 11:07:00,2015-04-08,0.0508,0.0,0.0,251.0,0.0508,0.0508,0.0508,10000039,2015-09-23,2015-09-23,P,2.35,2015-02-09
6817,2015-04-08 11:08:00,2015-04-08,0.0508,0.0,0.0,251.0,0.0508,0.0508,0.0508,10000039,2015-09-23,2015-09-23,P,2.35,2015-02-09
6818,2015-04-08 11:09:00,2015-04-08,0.0508,0.0,0.0,251.0,0.0508,0.0508,0.0508,10000039,2015-09-23,2015-09-23,P,2.35,2015-02-09
6819,2015-04-08 11:10:00,2015-04-08,0.0508,0.0,0.0,251.0,0.0508,0.0508,0.0508,10000039,2015-09-23,2015-09-23,P,2.35,2015-02-09
6820,2015-04-08 11:11:00,2015-04-08,0.0508,0.0,0.0,251.0,0.0508,0.0508,0.0508,10000039,2015-09-23,2015-09-23,P,2.35,2015-02-09
6821,2015-04-08 11:12:00,2015-04-08,0.0508,0.0,0.0,251.0,0.0508,0.0508,0.0508,10000039,2015-09-23,2015-09-23,P,2.35,2015-02-09
6822,2015-04-08 11:13:00,2015-04-08,0.0508,0.0,0.0,251.0,0.0508,0.0508,0.0508,10000039,2015-09-23,2015-09-23,P,2.35,2015-02-09
6823,2015-04-08 11:14:00,2015-04-08,0.0508,0.0,0.0,251.0,0.0508,0.0508,0.0508,10000039,2015-09-23,2015-09-23,P,2.35,2015-02-09
6824,2015-04-08 11:15:00,2015-04-08,0.0508,0.0,0.0,251.0,0.0508,0.0508,0.0508,10000039,2015-09-23,2015-09-23,P,2.35,2015-02-09
6825,2015-04-08 11:16:00,2015-04-08,0.0508,0.0,0.0,251.0,0.0508,0.0508,0.0508,10000039,2015-09-23,2015-09-23,P,2.35,2015-02-09
6826,2015-04-08 11:17:00,2015-04-08,0.0508,0.0,0.0,251.0,0.0508,0.0508,0.0508,10000039,2015-09-23,2015-09-23,P,2.35,2015-02-09
6827,2015-04-08 11:18:00,2015-04-08,0.0508,0.0,0.0,251.0,0.0508,0.0508,0.0508,10000039,2015-09-23,2015-09-23,P,2.35,2015-02-09
6828,2015-04-08 11:19:00,2015-04-08,0.0508,0.0,0.0,251.0,0.0508,0.0508,0.0508,10000039,2015-09-23,2015-09-23,P,2.35,2015-02-09
6829,2015-04-08 11:20:00,2015-04-08,0.0508,0.0,0.0,251.0,0.0508,0.0508,0.0508,10000039,2015-09-23,2015-09-23,P,2.35,2015-02-09
6830,2015-04-08 11:21:00,2015-04-08,0.0508,0.0,0.0,251.0,0.0508,0.0508,0.0508,10000039,2015-09-23,2015-09-23,P,2.35,2015-02-09
6831,2015-04-08 11:22:00,2015-04-08,0.0508,0.0,0.0,251.0,0.0508,0.0508,0.0508,10000039,2015-09-23,2015-09-23,P,2.35,2015-02-09
6832,2015-04-08 11:23:00,2015-04-08,0.0508,0.0,0.0,251.0,0.0508,0.0508,0.0508,10000039,2015-09-23,2015-09-23,P,2.35,2015-02-09
6833,2015-04-08 11:24:00,2015-04-08,0.0508,0.0,0.0,251.0,0.0508,0.0508,0.0508,10000039,2015-09-23,2015-09-23,P,2.35,2015-02-09
6834,2015-04-08 11:25:00,2015-04-08,0.0508,0.0,0.0,251.0,0.0508,0.0508,0.0508,10000039,2015-09-23,2015-09-23,P,2.35,2015-02-09
6835,2015-04-08 11:26:00,2015-04-08,0.0508,0.0,0.0,251.0,0.0508,0.0508,0.0508,10000039,2015-09-23,2015-09-23,P,2.35,2015-02-09
6836,2015-04-08 11:27:00,2015-04-08,0.0508,0.0,0.0,251.0,0.0508,0.0508,0.0508,10000039,2015-09-23,2015-09-23,P,2.35,2015-02-09
6837,2015-04-08 11:28:00,2015-04-08,0.0508,0.0,0.0,251.0,0.0508,0.0508,0.0508,10000039,2015-09-23,2015-09-23,P,2.35,2015-02-09
6838,2015-04-08 11:29:00,2015-04-08,0.0508,0.0,0.0,251.0,0.0508,0.0508,0.0508,10000039,2015-09-23,2015-09-23,P,2.35,2015-02-09
6839,2015-04-08 11:30:00,2015-04-08,0.0508,0.0,0.0,251.0,0.0508,0.0508,0.0508,10000039,2015-09-23,2015-09-23,P,2.35,2015-02-09
6840,2015-04-08 13:01:00,2015-04-08,0.0508,0.0,0.0,251.0,0.0508,0.0508,0.0508,10000039,2015-09-23,2015-09-23,P,2.35,2015-02-09
6841,2015-04-08 13:02:00,2015-04-08,0.0508,0.0,0.0,251.0,0.0508,0.0508,0.0508,10000039,2015-09-23,2015-09-23,P,2.35,2015-02-09
6842,2015-04-08 13:03:00,2015-04-08,0.0508,0.0,0.0,251.0,0.0508,0.0508,0.0508,10000039,2015-09-23,2015-09-23,P,2.35,2015-02-09
6843,2015-04-08 13:04:00,2015-04-08,0.0508,0.0,0.0,251.0,0.0508,0.0508,0.0508,10000039,2015-09-23,2015-09-23,P,2.35,2015-02-09
6844,2015-04-08 13:05:00,2015-04-08,0.0508,0.0,0.0,251.0,0.0508,0.0508,0.0508,10000039,2015-09-23,2015-09-23,P,2.35,2015-02-09
6845,2015-04-08 13:06:00,2015-04-08,0.0508,0.0,0.0,251.0,0.0508,0.0508,0.0508,10000039,2015-09-23,2015-09-23,P,2.35,2015-02-09
6846,2015-04-08 13:07:00,2015-04-08,0.0508,0.0,0.0,251.0,0.0508,0.0508,0.0508,10000039,2015-09-23,2015-09-23,P,2.35,2015-02-09
6847,2015-04-08 13:08:00,2015-04-08,0.0508,0.0,0.0,251.0,0.0508,0.0508,0.0508,10000039,2015-09-23,2015-09-23,P,2.35,2015-02-09
6848,2015-04-08 13:09:00,2015-04-08,0.0508,0.0,0.0,251.0,0.0508,0.0508,0.0508,10000039,2015-09-23,2015-09-23,P,2.35,2015-02-09
6849,2015-04-08 13:10:00,2015-04-08,0.0508,0.0,0.0,251.0,0.0508,0.0508,0.0508,10000039,2015-09-23,2015-09-23,P,2.35,2015-02-09
6850,2015-04-08 13:11:00,2015-04-08,0.0508,0.0,0.0,251.0,0.0508,0.0508,0.0508,10000039,2015-09-23,2015-09-23,P,2.35,2015-02-09
6851,2015-04-08 13:12:00,2015-04-08,0.0508,0.0,0.0,251.0,0.0508,0.0508,0.0508,10000039,2015-09-23,2015-09-23,P,2.35,2015-02-09
6852,2015-04-08 13:13:00,2015-04-08,0.0508,0.0,0.0,251.0,0.0508,0.0508,0.0508,10000039,2015-09-23,2015-09-23,P,2.35,2015-02-09
6853,2015-04-08 13:14:00,2015-04-08,0.0508,0.0,0.0,251.0,0.0508,0.0508,0.0508,10000039,2015-09-23,2015-09-23,P,2.35,2015-02-09
6854,2015-04-08 13:15:00,2015-04-08,0.0508,0.0,0.0,251.0,0.0508,0.0508,0.0508,10000039,2015-09-23,2015-09-23,P,2.35,2015-02-09
6855,2015-04-08 13:16:00,2015-04-08,0.0508,0.0,0.0,251.0,0.0508,0.0508,0.0508,10000039,2015-09-23,2015-09-23,P,2.35,2015-02-09
6856,2015-04-08 13:17:00,2015-04-08,0.0506,5060.0,10.0,261.0,0.0506,0.0506,0.0506,10000039,2015-09-23,2015-09-23,P,2.35,2015-02-09
6857,2015-04-08 13:18:00,2015-04-08,0.0499,2495.0,5.0,266.0,0.0499,0.0499,0.0499,10000039,2015-09-23,2015-09-23,P,2.35,2015-02-09
6858,2015-04-08 13:19:00,2015-04-08,0.0499,0.0,0.0,266.0,0.0499,0.0499,0.0499,10000039,2015-09-23,2015-09-23,P,2.35,2015-02-09
6859,2015-04-08 13:20:00,2015-04-08,0.0499,0.0,0.0,266.0,0.0499,0.0499,0.0499,10000039,2015-09-23,2015-09-23,P,2.35,2015-02-09
6860,2015-04-08 13:21:00,2015-04-08,0.0499,0.0,0.0,266.0,0.0499,0.0499,0.0499,10000039,2015-09-23,2015-09-23,P,2.35,2015-02-09
6861,2015-04-08 13:22:00,2015-04-08,0.0499,0.0,0.0,266.0,0.0499,0.0499,0.0499,10000039,2015-09-23,2015-09-23,P,2.35,2015-02-09
6862,2015-04-08 13:23:00,2015-04-08,0.0499,0.0,0.0,266.0,0.0499,0.0499,0.0499,10000039,2015-09-23,2015-09-23,P,2.35,2015-02-09
6863,2015-04-08 13:24:00,2015-04-08,0.0499,0.0,0.0,266.0,0.0499,0.0499,0.0499,10000039,2015-09-23,2015-09-23,P,2.35,2015-02-09
6864,2015-04-08 13:25:00,2015-04-08,0.0499,0.0,0.0,266.0,0.0499,0.0499,0.0499,10000039,2015-09-23,2015-09-23,P,2.35,2015-02-09
6865,2015-04-08 13:26:00,2015-04-08,0.0499,0.0,0.0,266.0,0.0499,0.0499,0.0499,10000039,2015-09-23,2015-09-23,P,2.35,2015-02-09
6866,2015-04-08 13:27:00,2015-04-08,0.0499,0.0,0.0,266.0,0.0499,0.0499,0.0499,10000039,2015-09-23,2015-09-23,P,2.35,2015-02-09
6867,2015-04-08 13:28:00,2015-04-08,0.0499,0.0,0.0,266.0,0.0499,0.0499,0.0499,10000039,2015-09-23,2015-09-23,P,2.35,2015-02-09
6868,2015-04-08 13:29:00,2015-04-08,0.0499,0.0,0.0,266.0,0.0499,0.0499,0.0499,10000039,2015-09-23,2015-09-23,P,2.35,2015-02-09
6869,2015-04-08 13:30:00,2015-04-08,0.0499,0.0,0.0,266.0,0.0499,0.0499,0.0499,10000039,2015-09-23,2015-09-23,P,2.35,2015-02-09
6870,2015-04-08 13:31:00,2015-04-08,0.0499,0.0,0.0,266.0,0.0499,0.0499,0.0499,10000039,2015-09-23,2015-09-23,P,2.35,2015-02-09
6871,2015-04-08 13:32:00,2015-04-08,0.0499,0.0,0.0,266.0,0.0499,0.0499,0.0499,10000039,2015-09-23,2015-09-23,P,2.35,2015-02-09
6872,2015-04-08 13:33:00,2015-04-08,0.0499,0.0,0.0,266.0,0.0499,0.0499,0.0499,10000039,2015-09-23,2015-09-23,P,2.35,2015-02-09
6873,2015-04-08 13:34:00,2015-04-08,0.0499,0.0,0.0,266.0,0.0499,0.0499,0.0499,10000039,2015-09-23,2015-09-23,P,2.35,2015-02-09
6874,2015-04-08 13:35:00,2015-04-08,0.0499,0.0,0.0,266.0,0.0499,0.0499,0.0499,10000039,2015-09-23,2015-09-23,P,2.35,2015-02-09
6875,2015-04-08 13:36:00,2015-04-08,0.0499,0.0,0.0,266.0,0.0499,0.0499,0.0499,10000039,2015-09-23,2015-09-23,P,2.35,2015-02-09
6876,2015-04-08 13:37:00,2015-04-08,0.0499,0.0,0.0,266.0,0.0499,0.0499,0.0499,10000039,2015-09-23,2015-09-23,P,2.35,2015-02-09
6877,2015-04-08 13:38:00,2015-04-08,0.0499,0.0,0.0,266.0,0.0499,0.0499,0.0499,10000039,2015-09-23,2015-09-23,P,2.35,2015-02-09
6878,2015-04-08 13:39:00,2015-04-08,0.0499,0.0,0.0,266.0,0.0499,0.0499,0.0499,10000039,2015-09-23,2015-09-23,P,2.35,2015-02-09
6879,2015-04-08 13:40:00,2015-04-08,0.0499,0.0,0.0,266.0,0.0499,0.0499,0.0499,10000039,2015-09-23,2015-09-23,P,2.35,2015-02-09
6880,2015-04-08 13:41:00,2015-04-08,0.0499,0.0,0.0,266.0,0.0499,0.0499,0.0499,10000039,2015-09-23,2015-09-23,P,2.35,2015-02-09
6881,2015-04-08 13:42:00,2015-04-08,0.0499,0.0,0.0,266.0,0.0499,0.0499,0.0499,10000039,2015-09-23,2015-09-23,P,2.35,2015-02-09
6882,2015-04-08 13:43:00,2015-04-08,0.0499,0.0,0.0,266.0,0.0499,0.0499,0.0499,10000039,2015-09-23,2015-09-23,P,2.35,2015-02-09
6883,2015-04-08 13:44:00,2015-04-08,0.0499,0.0,0.0,266.0,0.0499,0.0499,0.0499,10000039,2015-09-23,2015-09-23,P,2.35,2015-02-09
6884,2015-04-08 13:45:00,2015-04-08,0.0499,0.0,0.0,266.0,0.0499,0.0499,0.0499,10000039,2015-09-23,2015-09-23,P,2.35,2015-02-09
6885,2015-04-08 13:46:00,2015-04-08,0.0499,0.0,0.0,266.0,0.0499,0.0499,0.0499,10000039,2015-09-23,2015-09-23,P,2.35,2015-02-09
6886,2015-04-08 13:47:00,2015-04-08,0.0499,0.0,0.0,266.0,0.0499,0.0499,0.0499,10000039,2015-09-23,2015-09-23,P,2.35,2015-02-09
6887,2015-04-08 13:48:00,2015-04-08,0.0499,0.0,0.0,266.0,0.0499,0.0499,0.0499,10000039,2015-09-23,2015-09-23,P,2.35,2015-02-09
6888,2015-04-08 13:49:00,2015-04-08,0.0499,0.0,0.0,266.0,0.0499,0.0499,0.0499,10000039,2015-09-23,2015-09-23,P,2.35,2015-02-09
6889,2015-04-08 13:50:00,2015-04-08,0.0499,0.0,0.0,266.0,0.0499,0.0499,0.0499,10000039,2015-09-23,2015-09-23,P,2.35,2015-02-09
6890,2015-04-08 13:51:00,2015-04-08,0.0499,0.0,0.0,266.0,0.0499,0.0499,0.0499,10000039,2015-09-23,2015-09-23,P,2.35,2015-02-09
6891,2015-04-08 13:52:00,2015-04-08,0.0499,0.0,0.0,266.0,0.0499,0.0499,0.0499,10000039,2015-09-23,2015-09-23,P,2.35,2015-02-09
6892,2015-04-08 13:53:00,2015-04-08,0.0499,0.0,0.0,266.0,0.0499,0.0499,0.0499,10000039,2015-09-23,2015-09-23,P,2.35,2015-02-09
6893,2015-04-08 13:54:00,2015-04-08,0.0499,0.0,0.0,266.0,0.0499,0.0499,0.0499,10000039,2015-09-23,2015-09-23,P,2.35,2015-02-09
6894,2015-04-08 13:55:00,2015-04-08,0.0499,0.0,0.0,266.0,0.0499,0.0499,0.0499,10000039,2015-09-23,2015-09-23,P,2.35,2015-02-09
6895,2015-04-08 13:56:00,2015-04-08,0.0499,0.0,0.0,266.0,0.0499,0.0499,0.0499,10000039,2015-09-23,2015-09-23,P,2.35,2015-02-09
6896,2015-04-08 13:57:00,2015-04-08,0.0499,0.0,0.0,266.0,0.0499,0.0499,0.0499,10000039,2015-09-23,2015-09-23,P,2.35,2015-02-09
6897,2015-04-08 13:58:00,2015-04-08,0.0499,0.0,0.0,266.0,0.0499,0.0499,0.0499,10000039,2015-09-23,2015-09-23,P,2.35,2015-02-09
6898,2015-04-08 13:59:00,2015-04-08,0.0499,0.0,0.0,266.0,0.0499,0.0499,0.0499,10000039,2015-09-23,2015-09-23,P,2.35,2015-02-09
6899,2015-04-08 14:00:00,2015-04-08,0.0499,0.0,0.0,266.0,0.0499,0.0499,0.0499,10000039,2015-09-23,2015-09-23,P,2.35,2015-02-09
6900,2015-04-08 14:01:00,2015-04-08,0.0499,0.0,0.0,266.0,0.0499,0.0499,0.0499,10000039,2015-09-23,2015-09-23,P,2.35,2015-02-09
6901,2015-04-08 14:02:00,2015-04-08,0.0499,0.0,0.0,266.0,0.0499,0.0499,0.0499,10000039,2015-09-23,2015-09-23,P,2.35,2015-02-09
6902,2015-04-08 14:03:00,2015-04-08,0.0499,0.0,0.0,266.0,0.0499,0.0499,0.0499,10000039,2015-09-23,2015-09-23,P,2.35,2015-02-09
6903,2015-04-08 14:04:00,2015-04-08,0.0499,0.0,0.0,266.0,0.0499,0.0499,0.0499,10000039,2015-09-23,2015-09-23,P,2.35,2015-02-09
6904,2015-04-08 14:05:00,2015-04-08,0.0499,0.0,0.0,266.0,0.0499,0.0499,0.0499,10000039,2015-09-23,2015-09-23,P,2.35,2015-02-09
6905,2015-04-08 14:06:00,2015-04-08,0.0499,0.0,0.0,266.0,0.0499,0.0499,0.0499,10000039,2015-09-23,2015-09-23,P,2.35,2015-02-09
6906,2015-04-08 14:07:00,2015-04-08,0.0499,0.0,0.0,266.0,0.0499,0.0499,0.0499,10000039,2015-09-23,2015-09-23,P,2.35,2015-02-09
6907,2015-04-08 14:08:00,2015-04-08,0.0499,0.0,0.0,266.0,0.0499,0.0499,0.0499,10000039,2015-09-23,2015-09-23,P,2.35,2015-02-09
6908,2015-04-08 14:09:00,2015-04-08,0.0499,0.0,0.0,266.0,0.0499,0.0499,0.0499,10000039,2015-09-23,2015-09-23,P,2.35,2015-02-09
6909,2015-04-08 14:10:00,2015-04-08,0.0499,0.0,0.0,266.0,0.0499,0.0499,0.0499,10000039,2015-09-23,2015-09-23,P,2.35,2015-02-09
6910,2015-04-08 14:11:00,2015-04-08,0.0499,0.0,0.0,266.0,0.0499,0.0499,0.0499,10000039,2015-09-23,2015-09-23,P,2.35,2015-02-09
6911,2015-04-08 14:12:00,2015-04-08,0.0499,0.0,0.0,266.0,0.0499,0.0499,0.0499,10000039,2015-09-23,2015-09-23,P,2.35,2015-02-09
6912,2015-04-08 14:13:00,2015-04-08,0.0499,0.0,0.0,266.0,0.0499,0.0499,0.0499,10000039,2015-09-23,2015-09-23,P,2.35,2015-02-09
6913,2015-04-08 14:14:00,2015-04-08,0.0499,0.0,0.0,266.0,0.0499,0.0499,0.0499,10000039,2015-09-23,2015-09-23,P,2.35,2015-02-09
6914,2015-04-08 14:15:00,2015-04-08,0.0499,0.0,0.0,266.0,0.0499,0.0499,0.0499,10000039,2015-09-23,2015-09-23,P,2.35,2015-02-09
6915,2015-04-08 14:16:00,2015-04-08,0.0499,0.0,0.0,266.0,0.0499,0.0499,0.0499,10000039,2015-09-23,2015-09-23,P,2.35,2015-02-09
6916,2015-04-08 14:17:00,2015-04-08,0.0499,0.0,0.0,266.0,0.0499,0.0499,0.0499,10000039,2015-09-23,2015-09-23,P,2.35,2015-02-09
6917,2015-04-08 14:18:00,2015-04-08,0.0499,0.0,0.0,266.0,0.0499,0.0499,0.0499,10000039,2015-09-23,2015-09-23,P,2.35,2015-02-09
6918,2015-04-08 14:19:00,2015-04-08,0.0499,0.0,0.0,266.0,0.0499,0.0499,0.0499,10000039,2015-09-23,2015-09-23,P,2.35,2015-02-09
6919,2015-04-08 14:20:00,2015-04-08,0.0499,0.0,0.0,266.0,0.0499,0.0499,0.0499,10000039,2015-09-23,2015-09-23,P,2.35,2015-02-09
6920,2015-04-08 14:21:00,2015-04-08,0.0499,0.0,0.0,266.0,0.0499,0.0499,0.0499,10000039,2015-09-23,2015-09-23,P,2.35,2015-02-09
6921,2015-04-08 14:22:00,2015-04-08,0.0499,0.0,0.0,266.0,0.0499,0.0499,0.0499,10000039,2015-09-23,2015-09-23,P,2.35,2015-02-09
6922,2015-04-08 14:23:00,2015-04-08,0.0499,0.0,0.0,266.0,0.0499,0.0499,0.0499,10000039,2015-09-23,2015-09-23,P,2.35,2015-02-09
6923,2015-04-08 14:24:00,2015-04-08,0.0499,0.0,0.0,266.0,0.0499,0.0499,0.0499,10000039,2015-09-23,2015-09-23,P,2.35,2015-02-09
6924,2015-04-08 14:25:00,2015-04-08,0.0499,0.0,0.0,266.0,0.0499,0.0499,0.0499,10000039,2015-09-23,2015-09-23,P,2.35,2015-02-09
6925,2015-04-08 14:26:00,2015-04-08,0.0499,0.0,0.0,266.0,0.0499,0.0499,0.0499,10000039,2015-09-23,2015-09-23,P,2.35,2015-02-09
6926,2015-04-08 14:27:00,2015-04-08,0.0499,0.0,0.0,266.0,0.0499,0.0499,0.0499,10000039,2015-09-23,2015-09-23,P,2.35,2015-02-09
6927,2015-04-08 14:28:00,2015-04-08,0.0499,0.0,0.0,266.0,0.0499,0.0499,0.0499,10000039,2015-09-23,2015-09-23,P,2.35,2015-02-09
6928,2015-04-08 14:29:00,2015-04-08,0.0499,0.0,0.0,266.0,0.0499,0.0499,0.0499,10000039,2015-09-23,2015-09-23,P,2.35,2015-02-09
6929,2015-04-08 14:30:00,2015-04-08,0.0499,0.0,0.0,266.0,0.0499,0.0499,0.0499,10000039,2015-09-23,2015-09-23,P,2.35,2015-02-09
6930,2015-04-08 14:31:00,2015-04-08,0.0499,0.0,0.0,266.0,0.0499,0.0499,0.0499,10000039,2015-09-23,2015-09-23,P,2.35,2015-02-09
6931,2015-04-08 14:32:00,2015-04-08,0.0499,0.0,0.0,266.0,0.0499,0.0499,0.0499,10000039,2015-09-23,2015-09-23,P,2.35,2015-02-09
6932,2015-04-08 14:33:00,2015-04-08,0.0499,0.0,0.0,266.0,0.0499,0.0499,0.0499,10000039,2015-09-23,2015-09-23,P,2.35,2015-02-09
6933,2015-04-08 14:34:00,2015-04-08,0.0499,0.0,0.0,266.0,0.0499,0.0499,0.0499,10000039,2015-09-23,2015-09-23,P,2.35,2015-02-09
6934,2015-04-08 14:35:00,2015-04-08,0.0499,0.0,0.0,266.0,0.0499,0.0499,0.0499,10000039,2015-09-23,2015-09-23,P,2.35,2015-02-09
6935,2015-04-08 14:36:00,2015-04-08,0.0499,0.0,0.0,266.0,0.0499,0.0499,0.0499,10000039,2015-09-23,2015-09-23,P,2.35,2015-02-09
6936,2015-04-08 14:37:00,2015-04-08,0.0499,0.0,0.0,266.0,0.0499,0.0499,0.0499,10000039,2015-09-23,2015-09-23,P,2.35,2015-02-09
6937,2015-04-08 14:38:00,2015-04-08,0.0499,0.0,0.0,266.0,0.0499,0.0499,0.0499,10000039,2015-09-23,2015-09-23,P,2.35,2015-02-09
6938,2015-04-08 14:39:00,2015-04-08,0.0499,0.0,0.0,266.0,0.0499,0.0499,0.0499,10000039,2015-09-23,2015-09-23,P,2.35,2015-02-09
6939,2015-04-08 14:40:00,2015-04-08,0.0499,0.0,0.0,266.0,0.0499,0.0499,0.0499,10000039,2015-09-23,2015-09-23,P,2.35,2015-02-09
6940,2015-04-08 14:41:00,2015-04-08,0.0499,0.0,0.0,266.0,0.0499,0.0499,0.0499,10000039,2015-09-23,2015-09-23,P,2.35,2015-02-09
6941,2015-04-08 14:42:00,2015-04-08,0.0499,0.0,0.0,266.0,0.0499,0.0499,0.0499,10000039,2015-09-23,2015-09-23,P,2.35,2015-02-09
6942,2015-04-08 14:43:00,2015-04-08,0.0499,0.0,0.0,266.0,0.0499,0.0499,0.0499,10000039,2015-09-23,2015-09-23,P,2.35,2015-02-09
6943,2015-04-08 14:44:00,2015-04-08,0.0499,0.0,0.0,266.0,0.0499,0.0499,0.0499,10000039,2015-09-23,2015-09-23,P,2.35,2015-02-09
6944,2015-04-08 14:45:00,2015-04-08,0.0499,0.0,0.0,266.0,0.0499,0.0499,0.0499,10000039,2015-09-23,2015-09-23,P,2.35,2015-02-09
6945,2015-04-08 14:46:00,2015-04-08,0.0499,0.0,0.0,266.0,0.0499,0.0499,0.0499,10000039,2015-09-23,2015-09-23,P,2.35,2015-02-09
6946,2015-04-08 14:47:00,2015-04-08,0.0499,0.0,0.0,266.0,0.0499,0.0499,0.0499,10000039,2015-09-23,2015-09-23,P,2.35,2015-02-09
6947,2015-04-08 14:48:00,2015-04-08,0.0499,0.0,0.0,266.0,0.0499,0.0499,0.0499,10000039,2015-09-23,2015-09-23,P,2.35,2015-02-09
6948,2015-04-08 14:49:00,2015-04-08,0.0499,0.0,0.0,266.0,0.0499,0.0499,0.0499,10000039,2015-09-23,2015-09-23,P,2.35,2015-02-09
6949,2015-04-08 14:50:00,2015-04-08,0.0499,0.0,0.0,266.0,0.0499,0.0499,0.0499,10000039,2015-09-23,2015-09-23,P,2.35,2015-02-09
6950,2015-04-08 14:51:00,2015-04-08,0.0499,0.0,0.0,266.0,0.0499,0.0499,0.0499,10000039,2015-09-23,2015-09-23,P,2.35,2015-02-09
6951,2015-04-08 14:52:00,2015-04-08,0.0499,0.0,0.0,266.0,0.0499,0.0499,0.0499,10000039,2015-09-23,2015-09-23,P,2.35,2015-02-09
6952,2015-04-08 14:53:00,2015-04-08,0.0499,0.0,0.0,266.0,0.0499,0.0499,0.0499,10000039,2015-09-23,2015-09-23,P,2.35,2015-02-09
6953,2015-04-08 14:54:00,2015-04-08,0.0499,0.0,0.0,266.0,0.0499,0.0499,0.0499,10000039,2015-09-23,2015-09-23,P,2.35,2015-02-09
6954,2015-04-08 14:55:00,2015-04-08,0.0499,0.0,0.0,266.0,0.0499,0.0499,0.0499,10000039,2015-09-23,2015-09-23,P,2.35,2015-02-09
6955,2015-04-08 14:56:00,2015-04-08,0.0499,0.0,0.0,266.0,0.0499,0.0499,0.0499,10000039,2015-09-23,2015-09-23,P,2.35,2015-02-09
6956,2015-04-08 14:57:00,2015-04-08,0.0499,0.0,0.0,266.0,0.0499,0.0499,0.0499,10000039,2015-09-23,2015-09-23,P,2.35,2015-02-09
6957,2015-04-08 14:58:00,2015-04-08,0.0499,0.0,0.0,266.0,0.0499,0.0499,0.0499,10000039,2015-09-23,2015-09-23,P,2.35,2015-02-09
6958,2015-04-08 14:59:00,2015-04-08,0.0499,0.0,0.0,266.0,0.0499,0.0499,0.0499,10000039,2015-09-23,2015-09-23,P,2.35,2015-02-09
6959,2015-04-08 15:00:00,2015-04-08,0.0499,0.0,0.0,266.0,0.0499,0.0499,0.0499,10000039,2015-09-23,2015-09-23,P,2.35,2015-02-09
6960,2015-04-08 09:31:00,2015-04-08,0.1343,0.0,0.0,0.0,0.1343,0.1343,0.1343,10000094,2015-06-24,2015-06-24,P,2.75,2015-03-23
6961,2015-04-08 09:32:00,2015-04-08,0.1343,0.0,0.0,0.0,0.1343,0.1343,0.1343,10000094,2015-06-24,2015-06-24,P,2.75,2015-03-23
6962,2015-04-08 09:33:00,2015-04-08,0.1343,0.0,0.0,0.0,0.1343,0.1343,0.1343,10000094,2015-06-24,2015-06-24,P,2.75,2015-03-23
6963,2015-04-08 09:34:00,2015-04-08,0.1343,0.0,0.0,0.0,0.1343,0.1343,0.1343,10000094,2015-06-24,2015-06-24,P,2.75,2015-03-23
6964,2015-04-08 09:35:00,2015-04-08,0.1343,0.0,0.0,0.0,0.1343,0.1343,0.1343,10000094,2015-06-24,2015-06-24,P,2.75,2015-03-23
6965,2015-04-08 09:36:00,2015-04-08,0.1343,0.0,0.0,0.0,0.1343,0.1343,0.1343,10000094,2015-06-24,2015-06-24,P,2.75,2015-03-23
6966,2015-04-08 09:37:00,2015-04-08,0.1343,0.0,0.0,0.0,0.1343,0.1343,0.1343,10000094,2015-06-24,2015-06-24,P,2.75,2015-03-23
6967,2015-04-08 09:38:00,2015-04-08,0.1343,0.0,0.0,0.0,0.1343,0.1343,0.1343,10000094,2015-06-24,2015-06-24,P,2.75,2015-03-23
6968,2015-04-08 09:39:00,2015-04-08,0.1343,0.0,0.0,0.0,0.1343,0.1343,0.1343,10000094,2015-06-24,2015-06-24,P,2.75,2015-03-23
6969,2015-04-08 09:40:00,2015-04-08,0.1343,0.0,0.0,0.0,0.1343,0.1343,0.1343,10000094,2015-06-24,2015-06-24,P,2.75,2015-03-23
6970,2015-04-08 09:41:00,2015-04-08,0.1343,0.0,0.0,0.0,0.1343,0.1343,0.1343,10000094,2015-06-24,2015-06-24,P,2.75,2015-03-23
6971,2015-04-08 09:42:00,2015-04-08,0.1343,0.0,0.0,0.0,0.1343,0.1343,0.1343,10000094,2015-06-24,2015-06-24,P,2.75,2015-03-23
6972,2015-04-08 09:43:00,2015-04-08,0.1343,0.0,0.0,0.0,0.1343,0.1343,0.1343,10000094,2015-06-24,2015-06-24,P,2.75,2015-03-23
6973,2015-04-08 09:44:00,2015-04-08,0.1343,0.0,0.0,0.0,0.1343,0.1343,0.1343,10000094,2015-06-24,2015-06-24,P,2.75,2015-03-23
6974,2015-04-08 09:45:00,2015-04-08,0.1343,0.0,0.0,0.0,0.1343,0.1343,0.1343,10000094,2015-06-24,2015-06-24,P,2.75,2015-03-23
6975,2015-04-08 09:46:00,2015-04-08,0.1343,0.0,0.0,0.0,0.1343,0.1343,0.1343,10000094,2015-06-24,2015-06-24,P,2.75,2015-03-23
6976,2015-04-08 09:47:00,2015-04-08,0.1343,0.0,0.0,0.0,0.1343,0.1343,0.1343,10000094,2015-06-24,2015-06-24,P,2.75,2015-03-23
6977,2015-04-08 09:48:00,2015-04-08,0.1343,0.0,0.0,0.0,0.1343,0.1343,0.1343,10000094,2015-06-24,2015-06-24,P,2.75,2015-03-23
6978,2015-04-08 09:49:00,2015-04-08,0.1343,0.0,0.0,0.0,0.1343,0.1343,0.1343,10000094,2015-06-24,2015-06-24,P,2.75,2015-03-23
6979,2015-04-08 09:50:00,2015-04-08,0.1343,0.0,0.0,0.0,0.1343,0.1343,0.1343,10000094,2015-06-24,2015-06-24,P,2.75,2015-03-23
6980,2015-04-08 09:51:00,2015-04-08,0.1343,0.0,0.0,0.0,0.1343,0.1343,0.1343,10000094,2015-06-24,2015-06-24,P,2.75,2015-03-23
6981,2015-04-08 09:52:00,2015-04-08,0.1343,0.0,0.0,0.0,0.1343,0.1343,0.1343,10000094,2015-06-24,2015-06-24,P,2.75,2015-03-23
6982,2015-04-08 09:53:00,2015-04-08,0.1343,0.0,0.0,0.0,0.1343,0.1343,0.1343,10000094,2015-06-24,2015-06-24,P,2.75,2015-03-23
6983,2015-04-08 09:54:00,2015-04-08,0.1343,0.0,0.0,0.0,0.1343,0.1343,0.1343,10000094,2015-06-24,2015-06-24,P,2.75,2015-03-23
6984,2015-04-08 09:55:00,2015-04-08,0.1343,0.0,0.0,0.0,0.1343,0.1343,0.1343,10000094,2015-06-24,2015-06-24,P,2.75,2015-03-23
6985,2015-04-08 09:56:00,2015-04-08,0.1343,0.0,0.0,0.0,0.1343,0.1343,0.1343,10000094,2015-06-24,2015-06-24,P,2.75,2015-03-23
6986,2015-04-08 09:57:00,2015-04-08,0.1343,0.0,0.0,0.0,0.1343,0.1343,0.1343,10000094,2015-06-24,2015-06-24,P,2.75,2015-03-23
6987,2015-04-08 09:58:00,2015-04-08,0.1343,0.0,0.0,0.0,0.1343,0.1343,0.1343,10000094,2015-06-24,2015-06-24,P,2.75,2015-03-23
6988,2015-04-08 09:59:00,2015-04-08,0.1343,0.0,0.0,0.0,0.1343,0.1343,0.1343,10000094,2015-06-24,2015-06-24,P,2.75,2015-03-23
6989,2015-04-08 10:00:00,2015-04-08,0.1343,0.0,0.0,0.0,0.1343,0.1343,0.1343,10000094,2015-06-24,2015-06-24,P,2.75,2015-03-23
6990,2015-04-08 10:01:00,2015-04-08,0.1343,0.0,0.0,0.0,0.1343,0.1343,0.1343,10000094,2015-06-24,2015-06-24,P,2.75,2015-03-23
6991,2015-04-08 10:02:00,2015-04-08,0.1343,0.0,0.0,0.0,0.1343,0.1343,0.1343,10000094,2015-06-24,2015-06-24,P,2.75,2015-03-23
6992,2015-04-08 10:03:00,2015-04-08,0.1343,0.0,0.0,0.0,0.1343,0.1343,0.1343,10000094,2015-06-24,2015-06-24,P,2.75,2015-03-23
6993,2015-04-08 10:04:00,2015-04-08,0.1343,0.0,0.0,0.0,0.1343,0.1343,0.1343,10000094,2015-06-24,2015-06-24,P,2.75,2015-03-23
6994,2015-04-08 10:05:00,2015-04-08,0.1343,0.0,0.0,0.0,0.1343,0.1343,0.1343,10000094,2015-06-24,2015-06-24,P,2.75,2015-03-23
6995,2015-04-08 10:06:00,2015-04-08,0.1343,0.0,0.0,0.0,0.1343,0.1343,0.1343,10000094,2015-06-24,2015-06-24,P,2.75,2015-03-23
6996,2015-04-08 10:07:00,2015-04-08,0.1343,0.0,0.0,0.0,0.1343,0.1343,0.1343,10000094,2015-06-24,2015-06-24,P,2.75,2015-03-23
6997,2015-04-08 10:08:00,2015-04-08,0.1343,0.0,0.0,0.0,0.1343,0.1343,0.1343,10000094,2015-06-24,2015-06-24,P,2.75,2015-03-23
6998,2015-04-08 10:09:00,2015-04-08,0.1343,0.0,0.0,0.0,0.1343,0.1343,0.1343,10000094,2015-06-24,2015-06-24,P,2.75,2015-03-23
6999,2015-04-08 10:10:00,2015-04-08,0.1343,0.0,0.0,0.0,0.1343,0.1343,0.1343,10000094,2015-06-24,2015-06-24,P,2.75,2015-03-23
7000,2015-04-08 10:11:00,2015-04-08,0.1343,0.0,0.0,0.0,0.1343,0.1343,0.1343,10000094,2015-06-24,2015-06-24,P,2.75,2015-03-23
7001,2015-04-08 10:12:00,2015-04-08,0.1343,0.0,0.0,0.0,0.1343,0.1343,0.1343,10000094,2015-06-24,2015-06-24,P,2.75,2015-03-23
7002,2015-04-08 10:13:00,2015-04-08,0.1343,0.0,0.0,0.0,0.1343,0.1343,0.1343,10000094,2015-06-24,2015-06-24,P,2.75,2015-03-23
7003,2015-04-08 10:14:00,2015-04-08,0.1343,0.0,0.0,0.0,0.1343,0.1343,0.1343,10000094,2015-06-24,2015-06-24,P,2.75,2015-03-23
7004,2015-04-08 10:15:00,2015-04-08,0.1343,0.0,0.0,0.0,0.1343,0.1343,0.1343,10000094,2015-06-24,2015-06-24,P,2.75,2015-03-23
7005,2015-04-08 10:16:00,2015-04-08,0.1343,0.0,0.0,0.0,0.1343,0.1343,0.1343,10000094,2015-06-24,2015-06-24,P,2.75,2015-03-23
7006,2015-04-08 10:17:00,2015-04-08,0.1343,0.0,0.0,0.0,0.1343,0.1343,0.1343,10000094,2015-06-24,2015-06-24,P,2.75,2015-03-23
7007,2015-04-08 10:18:00,2015-04-08,0.1343,0.0,0.0,0.0,0.1343,0.1343,0.1343,10000094,2015-06-24,2015-06-24,P,2.75,2015-03-23
7008,2015-04-08 10:19:00,2015-04-08,0.1343,0.0,0.0,0.0,0.1343,0.1343,0.1343,10000094,2015-06-24,2015-06-24,P,2.75,2015-03-23
7009,2015-04-08 10:20:00,2015-04-08,0.1343,0.0,0.0,0.0,0.1343,0.1343,0.1343,10000094,2015-06-24,2015-06-24,P,2.75,2015-03-23
7010,2015-04-08 10:21:00,2015-04-08,0.1343,0.0,0.0,0.0,0.1343,0.1343,0.1343,10000094,2015-06-24,2015-06-24,P,2.75,2015-03-23
7011,2015-04-08 10:22:00,2015-04-08,0.1343,0.0,0.0,0.0,0.1343,0.1343,0.1343,10000094,2015-06-24,2015-06-24,P,2.75,2015-03-23
7012,2015-04-08 10:23:00,2015-04-08,0.1343,0.0,0.0,0.0,0.1343,0.1343,0.1343,10000094,2015-06-24,2015-06-24,P,2.75,2015-03-23
7013,2015-04-08 10:24:00,2015-04-08,0.1343,0.0,0.0,0.0,0.1343,0.1343,0.1343,10000094,2015-06-24,2015-06-24,P,2.75,2015-03-23
7014,2015-04-08 10:25:00,2015-04-08,0.1343,0.0,0.0,0.0,0.1343,0.1343,0.1343,10000094,2015-06-24,2015-06-24,P,2.75,2015-03-23
7015,2015-04-08 10:26:00,2015-04-08,0.1343,0.0,0.0,0.0,0.1343,0.1343,0.1343,10000094,2015-06-24,2015-06-24,P,2.75,2015-03-23
7016,2015-04-08 10:27:00,2015-04-08,0.1343,0.0,0.0,0.0,0.1343,0.1343,0.1343,10000094,2015-06-24,2015-06-24,P,2.75,2015-03-23
7017,2015-04-08 10:28:00,2015-04-08,0.1343,0.0,0.0,0.0,0.1343,0.1343,0.1343,10000094,2015-06-24,2015-06-24,P,2.75,2015-03-23
7018,2015-04-08 10:29:00,2015-04-08,0.1343,0.0,0.0,0.0,0.1343,0.1343,0.1343,10000094,2015-06-24,2015-06-24,P,2.75,2015-03-23
7019,2015-04-08 10:30:00,2015-04-08,0.1343,0.0,0.0,0.0,0.1343,0.1343,0.1343,10000094,2015-06-24,2015-06-24,P,2.75,2015-03-23
7020,2015-04-08 10:31:00,2015-04-08,0.1343,0.0,0.0,0.0,0.1343,0.1343,0.1343,10000094,2015-06-24,2015-06-24,P,2.75,2015-03-23
7021,2015-04-08 10:32:00,2015-04-08,0.1343,0.0,0.0,0.0,0.1343,0.1343,0.1343,10000094,2015-06-24,2015-06-24,P,2.75,2015-03-23
7022,2015-04-08 10:33:00,2015-04-08,0.1343,0.0,0.0,0.0,0.1343,0.1343,0.1343,10000094,2015-06-24,2015-06-24,P,2.75,2015-03-23
7023,2015-04-08 10:34:00,2015-04-08,0.1343,0.0,0.0,0.0,0.1343,0.1343,0.1343,10000094,2015-06-24,2015-06-24,P,2.75,2015-03-23
7024,2015-04-08 10:35:00,2015-04-08,0.1343,0.0,0.0,0.0,0.1343,0.1343,0.1343,10000094,2015-06-24,2015-06-24,P,2.75,2015-03-23
7025,2015-04-08 10:36:00,2015-04-08,0.1343,0.0,0.0,0.0,0.1343,0.1343,0.1343,10000094,2015-06-24,2015-06-24,P,2.75,2015-03-23
7026,2015-04-08 10:37:00,2015-04-08,0.1343,0.0,0.0,0.0,0.1343,0.1343,0.1343,10000094,2015-06-24,2015-06-24,P,2.75,2015-03-23
7027,2015-04-08 10:38:00,2015-04-08,0.1343,0.0,0.0,0.0,0.1343,0.1343,0.1343,10000094,2015-06-24,2015-06-24,P,2.75,2015-03-23
7028,2015-04-08 10:39:00,2015-04-08,0.1343,0.0,0.0,0.0,0.1343,0.1343,0.1343,10000094,2015-06-24,2015-06-24,P,2.75,2015-03-23
7029,2015-04-08 10:40:00,2015-04-08,0.1343,0.0,0.0,0.0,0.1343,0.1343,0.1343,10000094,2015-06-24,2015-06-24,P,2.75,2015-03-23
7030,2015-04-08 10:41:00,2015-04-08,0.1343,0.0,0.0,0.0,0.1343,0.1343,0.1343,10000094,2015-06-24,2015-06-24,P,2.75,2015-03-23
7031,2015-04-08 10:42:00,2015-04-08,0.1154,-121246.0,-107.0,118.0,0.1154,0.1154,0.1154,10000094,2015-06-24,2015-06-24,P,2.75,2015-03-23
7032,2015-04-08 10:43:00,2015-04-08,0.1154,0.0,0.0,118.0,0.1154,0.1154,0.1154,10000094,2015-06-24,2015-06-24,P,2.75,2015-03-23
7033,2015-04-08 10:44:00,2015-04-08,0.1154,0.0,0.0,118.0,0.1154,0.1154,0.1154,10000094,2015-06-24,2015-06-24,P,2.75,2015-03-23
7034,2015-04-08 10:45:00,2015-04-08,0.1154,0.0,0.0,118.0,0.1154,0.1154,0.1154,10000094,2015-06-24,2015-06-24,P,2.75,2015-03-23
7035,2015-04-08 10:46:00,2015-04-08,0.1154,0.0,0.0,118.0,0.1154,0.1154,0.1154,10000094,2015-06-24,2015-06-24,P,2.75,2015-03-23
7036,2015-04-08 10:47:00,2015-04-08,0.1154,0.0,0.0,118.0,0.1154,0.1154,0.1154,10000094,2015-06-24,2015-06-24,P,2.75,2015-03-23
7037,2015-04-08 10:48:00,2015-04-08,0.1154,0.0,0.0,118.0,0.1154,0.1154,0.1154,10000094,2015-06-24,2015-06-24,P,2.75,2015-03-23
7038,2015-04-08 10:49:00,2015-04-08,0.1154,0.0,0.0,118.0,0.1154,0.1154,0.1154,10000094,2015-06-24,2015-06-24,P,2.75,2015-03-23
7039,2015-04-08 10:50:00,2015-04-08,0.1154,0.0,0.0,118.0,0.1154,0.1154,0.1154,10000094,2015-06-24,2015-06-24,P,2.75,2015-03-23
7040,2015-04-08 10:51:00,2015-04-08,0.1154,0.0,0.0,118.0,0.1154,0.1154,0.1154,10000094,2015-06-24,2015-06-24,P,2.75,2015-03-23
7041,2015-04-08 10:52:00,2015-04-08,0.1154,0.0,0.0,118.0,0.1154,0.1154,0.1154,10000094,2015-06-24,2015-06-24,P,2.75,2015-03-23
7042,2015-04-08 10:53:00,2015-04-08,0.1154,0.0,0.0,118.0,0.1154,0.1154,0.1154,10000094,2015-06-24,2015-06-24,P,2.75,2015-03-23
7043,2015-04-08 10:54:00,2015-04-08,0.1154,0.0,0.0,118.0,0.1154,0.1154,0.1154,10000094,2015-06-24,2015-06-24,P,2.75,2015-03-23
7044,2015-04-08 10:55:00,2015-04-08,0.1154,0.0,0.0,118.0,0.1154,0.1154,0.1154,10000094,2015-06-24,2015-06-24,P,2.75,2015-03-23
7045,2015-04-08 10:56:00,2015-04-08,0.1154,0.0,0.0,118.0,0.1154,0.1154,0.1154,10000094,2015-06-24,2015-06-24,P,2.75,2015-03-23
7046,2015-04-08 10:57:00,2015-04-08,0.1154,0.0,0.0,118.0,0.1154,0.1154,0.1154,10000094,2015-06-24,2015-06-24,P,2.75,2015-03-23
7047,2015-04-08 10:58:00,2015-04-08,0.1154,0.0,0.0,118.0,0.1154,0.1154,0.1154,10000094,2015-06-24,2015-06-24,P,2.75,2015-03-23
7048,2015-04-08 10:59:00,2015-04-08,0.1154,0.0,0.0,118.0,0.1154,0.1154,0.1154,10000094,2015-06-24,2015-06-24,P,2.75,2015-03-23
7049,2015-04-08 11:00:00,2015-04-08,0.1154,0.0,0.0,118.0,0.1154,0.1154,0.1154,10000094,2015-06-24,2015-06-24,P,2.75,2015-03-23
7050,2015-04-08 11:01:00,2015-04-08,0.1154,0.0,0.0,118.0,0.1154,0.1154,0.1154,10000094,2015-06-24,2015-06-24,P,2.75,2015-03-23
7051,2015-04-08 11:02:00,2015-04-08,0.1154,0.0,0.0,118.0,0.1154,0.1154,0.1154,10000094,2015-06-24,2015-06-24,P,2.75,2015-03-23
7052,2015-04-08 11:03:00,2015-04-08,0.1154,0.0,0.0,118.0,0.1154,0.1154,0.1154,10000094,2015-06-24,2015-06-24,P,2.75,2015-03-23
7053,2015-04-08 11:04:00,2015-04-08,0.1154,0.0,0.0,118.0,0.1154,0.1154,0.1154,10000094,2015-06-24,2015-06-24,P,2.75,2015-03-23
7054,2015-04-08 11:05:00,2015-04-08,0.1154,0.0,0.0,118.0,0.1154,0.1154,0.1154,10000094,2015-06-24,2015-06-24,P,2.75,2015-03-23
7055,2015-04-08 11:06:00,2015-04-08,0.1154,0.0,0.0,118.0,0.1154,0.1154,0.1154,10000094,2015-06-24,2015-06-24,P,2.75,2015-03-23
7056,2015-04-08 11:07:00,2015-04-08,0.1154,0.0,0.0,118.0,0.1154,0.1154,0.1154,10000094,2015-06-24,2015-06-24,P,2.75,2015-03-23
7057,2015-04-08 11:08:00,2015-04-08,0.1154,0.0,0.0,118.0,0.1154,0.1154,0.1154,10000094,2015-06-24,2015-06-24,P,2.75,2015-03-23
7058,2015-04-08 11:09:00,2015-04-08,0.1154,0.0,0.0,118.0,0.1154,0.1154,0.1154,10000094,2015-06-24,2015-06-24,P,2.75,2015-03-23
7059,2015-04-08 11:10:00,2015-04-08,0.1154,0.0,0.0,118.0,0.1154,0.1154,0.1154,10000094,2015-06-24,2015-06-24,P,2.75,2015-03-23
7060,2015-04-08 11:11:00,2015-04-08,0.1154,0.0,0.0,118.0,0.1154,0.1154,0.1154,10000094,2015-06-24,2015-06-24,P,2.75,2015-03-23
7061,2015-04-08 11:12:00,2015-04-08,0.1154,0.0,0.0,118.0,0.1154,0.1154,0.1154,10000094,2015-06-24,2015-06-24,P,2.75,2015-03-23
7062,2015-04-08 11:13:00,2015-04-08,0.1154,0.0,0.0,118.0,0.1154,0.1154,0.1154,10000094,2015-06-24,2015-06-24,P,2.75,2015-03-23
7063,2015-04-08 11:14:00,2015-04-08,0.1154,0.0,0.0,118.0,0.1154,0.1154,0.1154,10000094,2015-06-24,2015-06-24,P,2.75,2015-03-23
7064,2015-04-08 11:15:00,2015-04-08,0.1154,0.0,0.0,118.0,0.1154,0.1154,0.1154,10000094,2015-06-24,2015-06-24,P,2.75,2015-03-23
7065,2015-04-08 11:16:00,2015-04-08,0.1154,0.0,0.0,118.0,0.1154,0.1154,0.1154,10000094,2015-06-24,2015-06-24,P,2.75,2015-03-23
7066,2015-04-08 11:17:00,2015-04-08,0.1154,0.0,0.0,118.0,0.1154,0.1154,0.1154,10000094,2015-06-24,2015-06-24,P,2.75,2015-03-23
7067,2015-04-08 11:18:00,2015-04-08,0.1154,0.0,0.0,118.0,0.1154,0.1154,0.1154,10000094,2015-06-24,2015-06-24,P,2.75,2015-03-23
7068,2015-04-08 11:19:00,2015-04-08,0.1154,0.0,0.0,118.0,0.1154,0.1154,0.1154,10000094,2015-06-24,2015-06-24,P,2.75,2015-03-23
7069,2015-04-08 11:20:00,2015-04-08,0.1154,0.0,0.0,118.0,0.1154,0.1154,0.1154,10000094,2015-06-24,2015-06-24,P,2.75,2015-03-23
7070,2015-04-08 11:21:00,2015-04-08,0.1154,0.0,0.0,118.0,0.1154,0.1154,0.1154,10000094,2015-06-24,2015-06-24,P,2.75,2015-03-23
7071,2015-04-08 11:22:00,2015-04-08,0.1154,0.0,0.0,118.0,0.1154,0.1154,0.1154,10000094,2015-06-24,2015-06-24,P,2.75,2015-03-23
7072,2015-04-08 11:23:00,2015-04-08,0.1154,0.0,0.0,118.0,0.1154,0.1154,0.1154,10000094,2015-06-24,2015-06-24,P,2.75,2015-03-23
7073,2015-04-08 11:24:00,2015-04-08,0.1154,0.0,0.0,118.0,0.1154,0.1154,0.1154,10000094,2015-06-24,2015-06-24,P,2.75,2015-03-23
7074,2015-04-08 11:25:00,2015-04-08,0.1154,0.0,0.0,118.0,0.1154,0.1154,0.1154,10000094,2015-06-24,2015-06-24,P,2.75,2015-03-23
7075,2015-04-08 11:26:00,2015-04-08,0.1154,0.0,0.0,118.0,0.1154,0.1154,0.1154,10000094,2015-06-24,2015-06-24,P,2.75,2015-03-23
7076,2015-04-08 11:27:00,2015-04-08,0.1154,0.0,0.0,118.0,0.1154,0.1154,0.1154,10000094,2015-06-24,2015-06-24,P,2.75,2015-03-23
7077,2015-04-08 11:28:00,2015-04-08,0.1154,0.0,0.0,118.0,0.1154,0.1154,0.1154,10000094,2015-06-24,2015-06-24,P,2.75,2015-03-23
7078,2015-04-08 11:29:00,2015-04-08,0.1154,0.0,0.0,118.0,0.1154,0.1154,0.1154,10000094,2015-06-24,2015-06-24,P,2.75,2015-03-23
7079,2015-04-08 11:30:00,2015-04-08,0.1154,0.0,0.0,118.0,0.1154,0.1154,0.1154,10000094,2015-06-24,2015-06-24,P,2.75,2015-03-23
7080,2015-04-08 13:01:00,2015-04-08,0.1154,5770.0,5.0,118.0,0.1154,0.1154,0.1154,10000094,2015-06-24,2015-06-24,P,2.75,2015-03-23
7081,2015-04-08 13:02:00,2015-04-08,0.1154,0.0,0.0,118.0,0.1154,0.1154,0.1154,10000094,2015-06-24,2015-06-24,P,2.75,2015-03-23
7082,2015-04-08 13:03:00,2015-04-08,0.1154,0.0,0.0,118.0,0.1154,0.1154,0.1154,10000094,2015-06-24,2015-06-24,P,2.75,2015-03-23
7083,2015-04-08 13:04:00,2015-04-08,0.1154,0.0,0.0,118.0,0.1154,0.1154,0.1154,10000094,2015-06-24,2015-06-24,P,2.75,2015-03-23
7084,2015-04-08 13:05:00,2015-04-08,0.1154,0.0,0.0,118.0,0.1154,0.1154,0.1154,10000094,2015-06-24,2015-06-24,P,2.75,2015-03-23
7085,2015-04-08 13:06:00,2015-04-08,0.1154,0.0,0.0,118.0,0.1154,0.1154,0.1154,10000094,2015-06-24,2015-06-24,P,2.75,2015-03-23
7086,2015-04-08 13:07:00,2015-04-08,0.1154,0.0,0.0,118.0,0.1154,0.1154,0.1154,10000094,2015-06-24,2015-06-24,P,2.75,2015-03-23
7087,2015-04-08 13:08:00,2015-04-08,0.1154,0.0,0.0,118.0,0.1154,0.1154,0.1154,10000094,2015-06-24,2015-06-24,P,2.75,2015-03-23
7088,2015-04-08 13:09:00,2015-04-08,0.1154,0.0,0.0,118.0,0.1154,0.1154,0.1154,10000094,2015-06-24,2015-06-24,P,2.75,2015-03-23
7089,2015-04-08 13:10:00,2015-04-08,0.1154,0.0,0.0,118.0,0.1154,0.1154,0.1154,10000094,2015-06-24,2015-06-24,P,2.75,2015-03-23
7090,2015-04-08 13:11:00,2015-04-08,0.1154,0.0,0.0,118.0,0.1154,0.1154,0.1154,10000094,2015-06-24,2015-06-24,P,2.75,2015-03-23
7091,2015-04-08 13:12:00,2015-04-08,0.1154,0.0,0.0,118.0,0.1154,0.1154,0.1154,10000094,2015-06-24,2015-06-24,P,2.75,2015-03-23
7092,2015-04-08 13:13:00,2015-04-08,0.1154,0.0,0.0,118.0,0.1154,0.1154,0.1154,10000094,2015-06-24,2015-06-24,P,2.75,2015-03-23
7093,2015-04-08 13:14:00,2015-04-08,0.1154,0.0,0.0,118.0,0.1154,0.1154,0.1154,10000094,2015-06-24,2015-06-24,P,2.75,2015-03-23
7094,2015-04-08 13:15:00,2015-04-08,0.1154,0.0,0.0,118.0,0.1154,0.1154,0.1154,10000094,2015-06-24,2015-06-24,P,2.75,2015-03-23
7095,2015-04-08 13:16:00,2015-04-08,0.1154,0.0,0.0,118.0,0.1154,0.1154,0.1154,10000094,2015-06-24,2015-06-24,P,2.75,2015-03-23
7096,2015-04-08 13:17:00,2015-04-08,0.1154,0.0,0.0,118.0,0.1154,0.1154,0.1154,10000094,2015-06-24,2015-06-24,P,2.75,2015-03-23
7097,2015-04-08 13:18:00,2015-04-08,0.1154,0.0,0.0,118.0,0.1154,0.1154,0.1154,10000094,2015-06-24,2015-06-24,P,2.75,2015-03-23
7098,2015-04-08 13:19:00,2015-04-08,0.1154,0.0,0.0,118.0,0.1154,0.1154,0.1154,10000094,2015-06-24,2015-06-24,P,2.75,2015-03-23
7099,2015-04-08 13:20:00,2015-04-08,0.1154,0.0,0.0,118.0,0.1154,0.1154,0.1154,10000094,2015-06-24,2015-06-24,P,2.75,2015-03-23
7100,2015-04-08 13:21:00,2015-04-08,0.1154,0.0,0.0,118.0,0.1154,0.1154,0.1154,10000094,2015-06-24,2015-06-24,P,2.75,2015-03-23
7101,2015-04-08 13:22:00,2015-04-08,0.1154,0.0,0.0,118.0,0.1154,0.1154,0.1154,10000094,2015-06-24,2015-06-24,P,2.75,2015-03-23
7102,2015-04-08 13:23:00,2015-04-08,0.1154,0.0,0.0,118.0,0.1154,0.1154,0.1154,10000094,2015-06-24,2015-06-24,P,2.75,2015-03-23
7103,2015-04-08 13:24:00,2015-04-08,0.1154,0.0,0.0,118.0,0.1154,0.1154,0.1154,10000094,2015-06-24,2015-06-24,P,2.75,2015-03-23
7104,2015-04-08 13:25:00,2015-04-08,0.1154,0.0,0.0,118.0,0.1154,0.1154,0.1154,10000094,2015-06-24,2015-06-24,P,2.75,2015-03-23
7105,2015-04-08 13:26:00,2015-04-08,0.1154,0.0,0.0,118.0,0.1154,0.1154,0.1154,10000094,2015-06-24,2015-06-24,P,2.75,2015-03-23
7106,2015-04-08 13:27:00,2015-04-08,0.1154,0.0,0.0,118.0,0.1154,0.1154,0.1154,10000094,2015-06-24,2015-06-24,P,2.75,2015-03-23
7107,2015-04-08 13:28:00,2015-04-08,0.1154,0.0,0.0,118.0,0.1154,0.1154,0.1154,10000094,2015-06-24,2015-06-24,P,2.75,2015-03-23
7108,2015-04-08 13:29:00,2015-04-08,0.1154,0.0,0.0,118.0,0.1154,0.1154,0.1154,10000094,2015-06-24,2015-06-24,P,2.75,2015-03-23
7109,2015-04-08 13:30:00,2015-04-08,0.1154,0.0,0.0,118.0,0.1154,0.1154,0.1154,10000094,2015-06-24,2015-06-24,P,2.75,2015-03-23
7110,2015-04-08 13:31:00,2015-04-08,0.1154,0.0,0.0,118.0,0.1154,0.1154,0.1154,10000094,2015-06-24,2015-06-24,P,2.75,2015-03-23
7111,2015-04-08 13:32:00,2015-04-08,0.1154,0.0,0.0,118.0,0.1154,0.1154,0.1154,10000094,2015-06-24,2015-06-24,P,2.75,2015-03-23
7112,2015-04-08 13:33:00,2015-04-08,0.1154,0.0,0.0,118.0,0.1154,0.1154,0.1154,10000094,2015-06-24,2015-06-24,P,2.75,2015-03-23
7113,2015-04-08 13:34:00,2015-04-08,0.1154,0.0,0.0,118.0,0.1154,0.1154,0.1154,10000094,2015-06-24,2015-06-24,P,2.75,2015-03-23
7114,2015-04-08 13:35:00,2015-04-08,0.1154,0.0,0.0,118.0,0.1154,0.1154,0.1154,10000094,2015-06-24,2015-06-24,P,2.75,2015-03-23
7115,2015-04-08 13:36:00,2015-04-08,0.1154,0.0,0.0,118.0,0.1154,0.1154,0.1154,10000094,2015-06-24,2015-06-24,P,2.75,2015-03-23
7116,2015-04-08 13:37:00,2015-04-08,0.1154,0.0,0.0,118.0,0.1154,0.1154,0.1154,10000094,2015-06-24,2015-06-24,P,2.75,2015-03-23
7117,2015-04-08 13:38:00,2015-04-08,0.1154,0.0,0.0,118.0,0.1154,0.1154,0.1154,10000094,2015-06-24,2015-06-24,P,2.75,2015-03-23
7118,2015-04-08 13:39:00,2015-04-08,0.1154,0.0,0.0,118.0,0.1154,0.1154,0.1154,10000094,2015-06-24,2015-06-24,P,2.75,2015-03-23
7119,2015-04-08 13:40:00,2015-04-08,0.1154,0.0,0.0,118.0,0.1154,0.1154,0.1154,10000094,2015-06-24,2015-06-24,P,2.75,2015-03-23
7120,2015-04-08 13:41:00,2015-04-08,0.1154,0.0,0.0,118.0,0.1154,0.1154,0.1154,10000094,2015-06-24,2015-06-24,P,2.75,2015-03-23
7121,2015-04-08 13:42:00,2015-04-08,0.1154,0.0,0.0,118.0,0.1154,0.1154,0.1154,10000094,2015-06-24,2015-06-24,P,2.75,2015-03-23
7122,2015-04-08 13:43:00,2015-04-08,0.1154,0.0,0.0,118.0,0.1154,0.1154,0.1154,10000094,2015-06-24,2015-06-24,P,2.75,2015-03-23
7123,2015-04-08 13:44:00,2015-04-08,0.1154,0.0,0.0,118.0,0.1154,0.1154,0.1154,10000094,2015-06-24,2015-06-24,P,2.75,2015-03-23
7124,2015-04-08 13:45:00,2015-04-08,0.1154,0.0,0.0,118.0,0.1154,0.1154,0.1154,10000094,2015-06-24,2015-06-24,P,2.75,2015-03-23
7125,2015-04-08 13:46:00,2015-04-08,0.1154,0.0,0.0,118.0,0.1154,0.1154,0.1154,10000094,2015-06-24,2015-06-24,P,2.75,2015-03-23
7126,2015-04-08 13:47:00,2015-04-08,0.1154,0.0,0.0,118.0,0.1154,0.1154,0.1154,10000094,2015-06-24,2015-06-24,P,2.75,2015-03-23
7127,2015-04-08 13:48:00,2015-04-08,0.1154,0.0,0.0,118.0,0.1154,0.1154,0.1154,10000094,2015-06-24,2015-06-24,P,2.75,2015-03-23
7128,2015-04-08 13:49:00,2015-04-08,0.1154,0.0,0.0,118.0,0.1154,0.1154,0.1154,10000094,2015-06-24,2015-06-24,P,2.75,2015-03-23
7129,2015-04-08 13:50:00,2015-04-08,0.1154,0.0,0.0,118.0,0.1154,0.1154,0.1154,10000094,2015-06-24,2015-06-24,P,2.75,2015-03-23
7130,2015-04-08 13:51:00,2015-04-08,0.1154,0.0,0.0,118.0,0.1154,0.1154,0.1154,10000094,2015-06-24,2015-06-24,P,2.75,2015-03-23
7131,2015-04-08 13:52:00,2015-04-08,0.1154,0.0,0.0,118.0,0.1154,0.1154,0.1154,10000094,2015-06-24,2015-06-24,P,2.75,2015-03-23
7132,2015-04-08 13:53:00,2015-04-08,0.112,16795.0,15.0,133.0,0.1119,0.112,0.1119,10000094,2015-06-24,2015-06-24,P,2.75,2015-03-23
7133,2015-04-08 13:54:00,2015-04-08,0.1136,22640.0,20.0,153.0,0.1128,0.1136,0.1128,10000094,2015-06-24,2015-06-24,P,2.75,2015-03-23
7134,2015-04-08 13:55:00,2015-04-08,0.1138,39670.0,35.0,188.0,0.1138,0.1135,0.1128,10000094,2015-06-24,2015-06-24,P,2.75,2015-03-23
7135,2015-04-08 13:56:00,2015-04-08,0.1136,29486.0,26.0,214.0,0.1135,0.1136,0.1132,10000094,2015-06-24,2015-06-24,P,2.75,2015-03-23
7136,2015-04-08 13:57:00,2015-04-08,0.1136,0.0,0.0,214.0,0.1136,0.1136,0.1136,10000094,2015-06-24,2015-06-24,P,2.75,2015-03-23
7137,2015-04-08 13:58:00,2015-04-08,0.1136,0.0,0.0,214.0,0.1136,0.1136,0.1136,10000094,2015-06-24,2015-06-24,P,2.75,2015-03-23
7138,2015-04-08 13:59:00,2015-04-08,0.1136,0.0,0.0,214.0,0.1136,0.1136,0.1136,10000094,2015-06-24,2015-06-24,P,2.75,2015-03-23
7139,2015-04-08 14:00:00,2015-04-08,0.1136,0.0,0.0,214.0,0.1136,0.1136,0.1136,10000094,2015-06-24,2015-06-24,P,2.75,2015-03-23
7140,2015-04-08 14:01:00,2015-04-08,0.1136,0.0,0.0,214.0,0.1136,0.1136,0.1136,10000094,2015-06-24,2015-06-24,P,2.75,2015-03-23
7141,2015-04-08 14:02:00,2015-04-08,0.1136,0.0,0.0,214.0,0.1136,0.1136,0.1136,10000094,2015-06-24,2015-06-24,P,2.75,2015-03-23
7142,2015-04-08 14:03:00,2015-04-08,0.1136,0.0,0.0,214.0,0.1136,0.1136,0.1136,10000094,2015-06-24,2015-06-24,P,2.75,2015-03-23
7143,2015-04-08 14:04:00,2015-04-08,0.1136,0.0,0.0,214.0,0.1136,0.1136,0.1136,10000094,2015-06-24,2015-06-24,P,2.75,2015-03-23
7144,2015-04-08 14:05:00,2015-04-08,0.1136,0.0,0.0,214.0,0.1136,0.1136,0.1136,10000094,2015-06-24,2015-06-24,P,2.75,2015-03-23
7145,2015-04-08 14:06:00,2015-04-08,0.1136,0.0,0.0,214.0,0.1136,0.1136,0.1136,10000094,2015-06-24,2015-06-24,P,2.75,2015-03-23
7146,2015-04-08 14:07:00,2015-04-08,0.1136,0.0,0.0,214.0,0.1136,0.1136,0.1136,10000094,2015-06-24,2015-06-24,P,2.75,2015-03-23
7147,2015-04-08 14:08:00,2015-04-08,0.1136,0.0,0.0,214.0,0.1136,0.1136,0.1136,10000094,2015-06-24,2015-06-24,P,2.75,2015-03-23
7148,2015-04-08 14:09:00,2015-04-08,0.1136,0.0,0.0,214.0,0.1136,0.1136,0.1136,10000094,2015-06-24,2015-06-24,P,2.75,2015-03-23
7149,2015-04-08 14:10:00,2015-04-08,0.1136,0.0,0.0,214.0,0.1136,0.1136,0.1136,10000094,2015-06-24,2015-06-24,P,2.75,2015-03-23
7150,2015-04-08 14:11:00,2015-04-08,0.1149,6885.0,6.0,219.0,0.1149,0.1149,0.1149,10000094,2015-06-24,2015-06-24,P,2.75,2015-03-23
7151,2015-04-08 14:12:00,2015-04-08,0.1149,0.0,0.0,219.0,0.1149,0.1149,0.1149,10000094,2015-06-24,2015-06-24,P,2.75,2015-03-23
7152,2015-04-08 14:13:00,2015-04-08,0.1149,0.0,0.0,219.0,0.1149,0.1149,0.1149,10000094,2015-06-24,2015-06-24,P,2.75,2015-03-23
7153,2015-04-08 14:14:00,2015-04-08,0.1149,0.0,0.0,219.0,0.1149,0.1149,0.1149,10000094,2015-06-24,2015-06-24,P,2.75,2015-03-23
7154,2015-04-08 14:15:00,2015-04-08,0.1149,0.0,0.0,219.0,0.1149,0.1149,0.1149,10000094,2015-06-24,2015-06-24,P,2.75,2015-03-23
7155,2015-04-08 14:16:00,2015-04-08,0.1149,0.0,0.0,219.0,0.1149,0.1149,0.1149,10000094,2015-06-24,2015-06-24,P,2.75,2015-03-23
7156,2015-04-08 14:17:00,2015-04-08,0.1149,0.0,0.0,219.0,0.1149,0.1149,0.1149,10000094,2015-06-24,2015-06-24,P,2.75,2015-03-23
7157,2015-04-08 14:18:00,2015-04-08,0.1149,0.0,0.0,219.0,0.1149,0.1149,0.1149,10000094,2015-06-24,2015-06-24,P,2.75,2015-03-23
7158,2015-04-08 14:19:00,2015-04-08,0.1149,0.0,0.0,219.0,0.1149,0.1149,0.1149,10000094,2015-06-24,2015-06-24,P,2.75,2015-03-23
7159,2015-04-08 14:20:00,2015-04-08,0.1149,0.0,0.0,219.0,0.1149,0.1149,0.1149,10000094,2015-06-24,2015-06-24,P,2.75,2015-03-23
7160,2015-04-08 14:21:00,2015-04-08,0.1149,0.0,0.0,219.0,0.1149,0.1149,0.1149,10000094,2015-06-24,2015-06-24,P,2.75,2015-03-23
7161,2015-04-08 14:22:00,2015-04-08,0.1149,0.0,0.0,219.0,0.1149,0.1149,0.1149,10000094,2015-06-24,2015-06-24,P,2.75,2015-03-23
7162,2015-04-08 14:23:00,2015-04-08,0.1149,0.0,0.0,219.0,0.1149,0.1149,0.1149,10000094,2015-06-24,2015-06-24,P,2.75,2015-03-23
7163,2015-04-08 14:24:00,2015-04-08,0.1149,0.0,0.0,219.0,0.1149,0.1149,0.1149,10000094,2015-06-24,2015-06-24,P,2.75,2015-03-23
7164,2015-04-08 14:25:00,2015-04-08,0.1149,0.0,0.0,219.0,0.1149,0.1149,0.1149,10000094,2015-06-24,2015-06-24,P,2.75,2015-03-23
7165,2015-04-08 14:26:00,2015-04-08,0.1149,0.0,0.0,219.0,0.1149,0.1149,0.1149,10000094,2015-06-24,2015-06-24,P,2.75,2015-03-23
7166,2015-04-08 14:27:00,2015-04-08,0.1149,0.0,0.0,219.0,0.1149,0.1149,0.1149,10000094,2015-06-24,2015-06-24,P,2.75,2015-03-23
7167,2015-04-08 14:28:00,2015-04-08,0.1149,0.0,0.0,219.0,0.1149,0.1149,0.1149,10000094,2015-06-24,2015-06-24,P,2.75,2015-03-23
7168,2015-04-08 14:29:00,2015-04-08,0.1149,0.0,0.0,219.0,0.1149,0.1149,0.1149,10000094,2015-06-24,2015-06-24,P,2.75,2015-03-23
7169,2015-04-08 14:30:00,2015-04-08,0.1149,0.0,0.0,219.0,0.1149,0.1149,0.1149,10000094,2015-06-24,2015-06-24,P,2.75,2015-03-23
7170,2015-04-08 14:31:00,2015-04-08,0.1149,0.0,0.0,219.0,0.1149,0.1149,0.1149,10000094,2015-06-24,2015-06-24,P,2.75,2015-03-23
7171,2015-04-08 14:32:00,2015-04-08,0.1149,0.0,0.0,219.0,0.1149,0.1149,0.1149,10000094,2015-06-24,2015-06-24,P,2.75,2015-03-23
7172,2015-04-08 14:33:00,2015-04-08,0.1149,0.0,0.0,219.0,0.1149,0.1149,0.1149,10000094,2015-06-24,2015-06-24,P,2.75,2015-03-23
7173,2015-04-08 14:34:00,2015-04-08,0.1149,0.0,0.0,219.0,0.1149,0.1149,0.1149,10000094,2015-06-24,2015-06-24,P,2.75,2015-03-23
7174,2015-04-08 14:35:00,2015-04-08,0.1149,0.0,0.0,219.0,0.1149,0.1149,0.1149,10000094,2015-06-24,2015-06-24,P,2.75,2015-03-23
7175,2015-04-08 14:36:00,2015-04-08,0.1149,0.0,0.0,219.0,0.1149,0.1149,0.1149,10000094,2015-06-24,2015-06-24,P,2.75,2015-03-23
7176,2015-04-08 14:37:00,2015-04-08,0.1149,0.0,0.0,219.0,0.1149,0.1149,0.1149,10000094,2015-06-24,2015-06-24,P,2.75,2015-03-23
7177,2015-04-08 14:38:00,2015-04-08,0.1149,0.0,0.0,219.0,0.1149,0.1149,0.1149,10000094,2015-06-24,2015-06-24,P,2.75,2015-03-23
7178,2015-04-08 14:39:00,2015-04-08,0.1149,0.0,0.0,219.0,0.1149,0.1149,0.1149,10000094,2015-06-24,2015-06-24,P,2.75,2015-03-23
7179,2015-04-08 14:40:00,2015-04-08,0.1149,0.0,0.0,219.0,0.1149,0.1149,0.1149,10000094,2015-06-24,2015-06-24,P,2.75,2015-03-23
7180,2015-04-08 14:41:00,2015-04-08,0.1149,0.0,0.0,219.0,0.1149,0.1149,0.1149,10000094,2015-06-24,2015-06-24,P,2.75,2015-03-23
7181,2015-04-08 14:42:00,2015-04-08,0.1149,0.0,0.0,219.0,0.1149,0.1149,0.1149,10000094,2015-06-24,2015-06-24,P,2.75,2015-03-23
7182,2015-04-08 14:43:00,2015-04-08,0.1149,0.0,0.0,219.0,0.1149,0.1149,0.1149,10000094,2015-06-24,2015-06-24,P,2.75,2015-03-23
7183,2015-04-08 14:44:00,2015-04-08,0.1149,0.0,0.0,219.0,0.1149,0.1149,0.1149,10000094,2015-06-24,2015-06-24,P,2.75,2015-03-23
7184,2015-04-08 14:45:00,2015-04-08,0.1149,0.0,0.0,219.0,0.1149,0.1149,0.1149,10000094,2015-06-24,2015-06-24,P,2.75,2015-03-23
7185,2015-04-08 14:46:00,2015-04-08,0.1149,0.0,0.0,219.0,0.1149,0.1149,0.1149,10000094,2015-06-24,2015-06-24,P,2.75,2015-03-23
7186,2015-04-08 14:47:00,2015-04-08,0.1149,0.0,0.0,219.0,0.1149,0.1149,0.1149,10000094,2015-06-24,2015-06-24,P,2.75,2015-03-23
7187,2015-04-08 14:48:00,2015-04-08,0.1149,0.0,0.0,219.0,0.1149,0.1149,0.1149,10000094,2015-06-24,2015-06-24,P,2.75,2015-03-23
7188,2015-04-08 14:49:00,2015-04-08,0.1149,0.0,0.0,219.0,0.1149,0.1149,0.1149,10000094,2015-06-24,2015-06-24,P,2.75,2015-03-23
7189,2015-04-08 14:50:00,2015-04-08,0.1149,0.0,0.0,219.0,0.1149,0.1149,0.1149,10000094,2015-06-24,2015-06-24,P,2.75,2015-03-23
7190,2015-04-08 14:51:00,2015-04-08,0.1149,0.0,0.0,219.0,0.1149,0.1149,0.1149,10000094,2015-06-24,2015-06-24,P,2.75,2015-03-23
7191,2015-04-08 14:52:00,2015-04-08,0.1149,0.0,0.0,219.0,0.1149,0.1149,0.1149,10000094,2015-06-24,2015-06-24,P,2.75,2015-03-23
7192,2015-04-08 14:53:00,2015-04-08,0.1149,0.0,0.0,219.0,0.1149,0.1149,0.1149,10000094,2015-06-24,2015-06-24,P,2.75,2015-03-23
7193,2015-04-08 14:54:00,2015-04-08,0.1149,0.0,0.0,219.0,0.1149,0.1149,0.1149,10000094,2015-06-24,2015-06-24,P,2.75,2015-03-23
7194,2015-04-08 14:55:00,2015-04-08,0.1149,0.0,0.0,219.0,0.1149,0.1149,0.1149,10000094,2015-06-24,2015-06-24,P,2.75,2015-03-23
7195,2015-04-08 14:56:00,2015-04-08,0.1149,0.0,0.0,219.0,0.1149,0.1149,0.1149,10000094,2015-06-24,2015-06-24,P,2.75,2015-03-23
7196,2015-04-08 14:57:00,2015-04-08,0.1149,0.0,0.0,219.0,0.1149,0.1149,0.1149,10000094,2015-06-24,2015-06-24,P,2.75,2015-03-23
7197,2015-04-08 14:58:00,2015-04-08,0.1149,0.0,0.0,219.0,0.1149,0.1149,0.1149,10000094,2015-06-24,2015-06-24,P,2.75,2015-03-23
7198,2015-04-08 14:59:00,2015-04-08,0.1149,0.0,0.0,219.0,0.1149,0.1149,0.1149,10000094,2015-06-24,2015-06-24,P,2.75,2015-03-23
7199,2015-04-08 15:00:00,2015-04-08,0.1149,0.0,0.0,219.0,0.1149,0.1149,0.1149,10000094,2015-06-24,2015-06-24,P,2.75,2015-03-23
7200,2015-04-08 09:31:00,2015-04-08,0.0774,22184.0,29.0,351.0,0.0774,0.0746,0.0746,10000114,2015-05-27,2015-05-27,P,2.7,2015-03-26
7201,2015-04-08 09:32:00,2015-04-08,0.0746,0.0,0.0,351.0,0.0746,0.0746,0.0746,10000114,2015-05-27,2015-05-27,P,2.7,2015-03-26
7202,2015-04-08 09:33:00,2015-04-08,0.0746,0.0,0.0,351.0,0.0746,0.0746,0.0746,10000114,2015-05-27,2015-05-27,P,2.7,2015-03-26
7203,2015-04-08 09:34:00,2015-04-08,0.0746,0.0,0.0,351.0,0.0746,0.0746,0.0746,10000114,2015-05-27,2015-05-27,P,2.7,2015-03-26
7204,2015-04-08 09:35:00,2015-04-08,0.0746,0.0,0.0,351.0,0.0746,0.0746,0.0746,10000114,2015-05-27,2015-05-27,P,2.7,2015-03-26
7205,2015-04-08 09:36:00,2015-04-08,0.0746,0.0,0.0,351.0,0.0746,0.0746,0.0746,10000114,2015-05-27,2015-05-27,P,2.7,2015-03-26
7206,2015-04-08 09:37:00,2015-04-08,0.0746,0.0,0.0,351.0,0.0746,0.0746,0.0746,10000114,2015-05-27,2015-05-27,P,2.7,2015-03-26
7207,2015-04-08 09:38:00,2015-04-08,0.0746,0.0,0.0,351.0,0.0746,0.0746,0.0746,10000114,2015-05-27,2015-05-27,P,2.7,2015-03-26
7208,2015-04-08 09:39:00,2015-04-08,0.0746,0.0,0.0,351.0,0.0746,0.0746,0.0746,10000114,2015-05-27,2015-05-27,P,2.7,2015-03-26
7209,2015-04-08 09:40:00,2015-04-08,0.0746,0.0,0.0,351.0,0.0746,0.0746,0.0746,10000114,2015-05-27,2015-05-27,P,2.7,2015-03-26
7210,2015-04-08 09:41:00,2015-04-08,0.0746,0.0,0.0,351.0,0.0746,0.0746,0.0746,10000114,2015-05-27,2015-05-27,P,2.7,2015-03-26
7211,2015-04-08 09:42:00,2015-04-08,0.0746,0.0,0.0,351.0,0.0746,0.0746,0.0746,10000114,2015-05-27,2015-05-27,P,2.7,2015-03-26
7212,2015-04-08 09:43:00,2015-04-08,0.0746,0.0,0.0,351.0,0.0746,0.0746,0.0746,10000114,2015-05-27,2015-05-27,P,2.7,2015-03-26
7213,2015-04-08 09:44:00,2015-04-08,0.0746,0.0,0.0,351.0,0.0746,0.0746,0.0746,10000114,2015-05-27,2015-05-27,P,2.7,2015-03-26
7214,2015-04-08 09:45:00,2015-04-08,0.0746,0.0,0.0,351.0,0.0746,0.0746,0.0746,10000114,2015-05-27,2015-05-27,P,2.7,2015-03-26
7215,2015-04-08 09:46:00,2015-04-08,0.0746,0.0,0.0,351.0,0.0746,0.0746,0.0746,10000114,2015-05-27,2015-05-27,P,2.7,2015-03-26
7216,2015-04-08 09:47:00,2015-04-08,0.0746,0.0,0.0,351.0,0.0746,0.0746,0.0746,10000114,2015-05-27,2015-05-27,P,2.7,2015-03-26
7217,2015-04-08 09:48:00,2015-04-08,0.0746,0.0,0.0,351.0,0.0746,0.0746,0.0746,10000114,2015-05-27,2015-05-27,P,2.7,2015-03-26
7218,2015-04-08 09:49:00,2015-04-08,0.0746,0.0,0.0,351.0,0.0746,0.0746,0.0746,10000114,2015-05-27,2015-05-27,P,2.7,2015-03-26
7219,2015-04-08 09:50:00,2015-04-08,0.0746,0.0,0.0,351.0,0.0746,0.0746,0.0746,10000114,2015-05-27,2015-05-27,P,2.7,2015-03-26
7220,2015-04-08 09:51:00,2015-04-08,0.0746,0.0,0.0,351.0,0.0746,0.0746,0.0746,10000114,2015-05-27,2015-05-27,P,2.7,2015-03-26
7221,2015-04-08 09:52:00,2015-04-08,0.0746,0.0,0.0,351.0,0.0746,0.0746,0.0746,10000114,2015-05-27,2015-05-27,P,2.7,2015-03-26
7222,2015-04-08 09:53:00,2015-04-08,0.0746,0.0,0.0,351.0,0.0746,0.0746,0.0746,10000114,2015-05-27,2015-05-27,P,2.7,2015-03-26
7223,2015-04-08 09:54:00,2015-04-08,0.0746,0.0,0.0,351.0,0.0746,0.0746,0.0746,10000114,2015-05-27,2015-05-27,P,2.7,2015-03-26
7224,2015-04-08 09:55:00,2015-04-08,0.0746,0.0,0.0,351.0,0.0746,0.0746,0.0746,10000114,2015-05-27,2015-05-27,P,2.7,2015-03-26
7225,2015-04-08 09:56:00,2015-04-08,0.0704,704.0,1.0,350.0,0.0704,0.0704,0.0704,10000114,2015-05-27,2015-05-27,P,2.7,2015-03-26
7226,2015-04-08 09:57:00,2015-04-08,0.0704,0.0,0.0,350.0,0.0704,0.0704,0.0704,10000114,2015-05-27,2015-05-27,P,2.7,2015-03-26
7227,2015-04-08 09:58:00,2015-04-08,0.0704,0.0,0.0,350.0,0.0704,0.0704,0.0704,10000114,2015-05-27,2015-05-27,P,2.7,2015-03-26
7228,2015-04-08 09:59:00,2015-04-08,0.0712,712.0,1.0,351.0,0.0712,0.0712,0.0712,10000114,2015-05-27,2015-05-27,P,2.7,2015-03-26
7229,2015-04-08 10:00:00,2015-04-08,0.0712,0.0,0.0,351.0,0.0712,0.0712,0.0712,10000114,2015-05-27,2015-05-27,P,2.7,2015-03-26
7230,2015-04-08 10:01:00,2015-04-08,0.0712,0.0,0.0,351.0,0.0712,0.0712,0.0712,10000114,2015-05-27,2015-05-27,P,2.7,2015-03-26
7231,2015-04-08 10:02:00,2015-04-08,0.0712,0.0,0.0,351.0,0.0712,0.0712,0.0712,10000114,2015-05-27,2015-05-27,P,2.7,2015-03-26
7232,2015-04-08 10:03:00,2015-04-08,0.0712,0.0,0.0,351.0,0.0712,0.0712,0.0712,10000114,2015-05-27,2015-05-27,P,2.7,2015-03-26
7233,2015-04-08 10:04:00,2015-04-08,0.0712,0.0,0.0,351.0,0.0712,0.0712,0.0712,10000114,2015-05-27,2015-05-27,P,2.7,2015-03-26
7234,2015-04-08 10:05:00,2015-04-08,0.0712,0.0,0.0,351.0,0.0712,0.0712,0.0712,10000114,2015-05-27,2015-05-27,P,2.7,2015-03-26
7235,2015-04-08 10:06:00,2015-04-08,0.0712,0.0,0.0,351.0,0.0712,0.0712,0.0712,10000114,2015-05-27,2015-05-27,P,2.7,2015-03-26
7236,2015-04-08 10:07:00,2015-04-08,0.0712,0.0,0.0,351.0,0.0712,0.0712,0.0712,10000114,2015-05-27,2015-05-27,P,2.7,2015-03-26
7237,2015-04-08 10:08:00,2015-04-08,0.0712,0.0,0.0,351.0,0.0712,0.0712,0.0712,10000114,2015-05-27,2015-05-27,P,2.7,2015-03-26
7238,2015-04-08 10:09:00,2015-04-08,0.0712,0.0,0.0,351.0,0.0712,0.0712,0.0712,10000114,2015-05-27,2015-05-27,P,2.7,2015-03-26
7239,2015-04-08 10:10:00,2015-04-08,0.0712,0.0,0.0,351.0,0.0712,0.0712,0.0712,10000114,2015-05-27,2015-05-27,P,2.7,2015-03-26
7240,2015-04-08 10:11:00,2015-04-08,0.0774,2319.0,3.0,353.0,0.0774,0.0772,0.0772,10000114,2015-05-27,2015-05-27,P,2.7,2015-03-26
7241,2015-04-08 10:12:00,2015-04-08,0.0772,0.0,0.0,353.0,0.0772,0.0772,0.0772,10000114,2015-05-27,2015-05-27,P,2.7,2015-03-26
7242,2015-04-08 10:13:00,2015-04-08,0.0772,0.0,0.0,353.0,0.0772,0.0772,0.0772,10000114,2015-05-27,2015-05-27,P,2.7,2015-03-26
7243,2015-04-08 10:14:00,2015-04-08,0.0795,795.0,1.0,354.0,0.0795,0.0795,0.0795,10000114,2015-05-27,2015-05-27,P,2.7,2015-03-26
7244,2015-04-08 10:15:00,2015-04-08,0.0795,0.0,0.0,354.0,0.0795,0.0795,0.0795,10000114,2015-05-27,2015-05-27,P,2.7,2015-03-26
7245,2015-04-08 10:16:00,2015-04-08,0.0795,0.0,0.0,354.0,0.0795,0.0795,0.0795,10000114,2015-05-27,2015-05-27,P,2.7,2015-03-26
7246,2015-04-08 10:17:00,2015-04-08,0.0765,5355.0,7.0,354.0,0.0765,0.0765,0.0765,10000114,2015-05-27,2015-05-27,P,2.7,2015-03-26
7247,2015-04-08 10:18:00,2015-04-08,0.0765,0.0,0.0,354.0,0.0765,0.0765,0.0765,10000114,2015-05-27,2015-05-27,P,2.7,2015-03-26
7248,2015-04-08 10:19:00,2015-04-08,0.0765,0.0,0.0,354.0,0.0765,0.0765,0.0765,10000114,2015-05-27,2015-05-27,P,2.7,2015-03-26
7249,2015-04-08 10:20:00,2015-04-08,0.0765,0.0,0.0,354.0,0.0765,0.0765,0.0765,10000114,2015-05-27,2015-05-27,P,2.7,2015-03-26
7250,2015-04-08 10:21:00,2015-04-08,0.0765,0.0,0.0,354.0,0.0765,0.0765,0.0765,10000114,2015-05-27,2015-05-27,P,2.7,2015-03-26
7251,2015-04-08 10:22:00,2015-04-08,0.0765,0.0,0.0,354.0,0.0765,0.0765,0.0765,10000114,2015-05-27,2015-05-27,P,2.7,2015-03-26
7252,2015-04-08 10:23:00,2015-04-08,0.0765,0.0,0.0,354.0,0.0765,0.0765,0.0765,10000114,2015-05-27,2015-05-27,P,2.7,2015-03-26
7253,2015-04-08 10:24:00,2015-04-08,0.0765,0.0,0.0,354.0,0.0765,0.0765,0.0765,10000114,2015-05-27,2015-05-27,P,2.7,2015-03-26
7254,2015-04-08 10:25:00,2015-04-08,0.0765,0.0,0.0,354.0,0.0765,0.0765,0.0765,10000114,2015-05-27,2015-05-27,P,2.7,2015-03-26
7255,2015-04-08 10:26:00,2015-04-08,0.0765,0.0,0.0,354.0,0.0765,0.0765,0.0765,10000114,2015-05-27,2015-05-27,P,2.7,2015-03-26
7256,2015-04-08 10:27:00,2015-04-08,0.0765,0.0,0.0,354.0,0.0765,0.0765,0.0765,10000114,2015-05-27,2015-05-27,P,2.7,2015-03-26
7257,2015-04-08 10:28:00,2015-04-08,0.0765,0.0,0.0,354.0,0.0765,0.0765,0.0765,10000114,2015-05-27,2015-05-27,P,2.7,2015-03-26
7258,2015-04-08 10:29:00,2015-04-08,0.0765,0.0,0.0,354.0,0.0765,0.0765,0.0765,10000114,2015-05-27,2015-05-27,P,2.7,2015-03-26
7259,2015-04-08 10:30:00,2015-04-08,0.0765,0.0,0.0,354.0,0.0765,0.0765,0.0765,10000114,2015-05-27,2015-05-27,P,2.7,2015-03-26
7260,2015-04-08 10:31:00,2015-04-08,0.0765,0.0,0.0,354.0,0.0765,0.0765,0.0765,10000114,2015-05-27,2015-05-27,P,2.7,2015-03-26
7261,2015-04-08 10:32:00,2015-04-08,0.0765,0.0,0.0,354.0,0.0765,0.0765,0.0765,10000114,2015-05-27,2015-05-27,P,2.7,2015-03-26
7262,2015-04-08 10:33:00,2015-04-08,0.0765,0.0,0.0,354.0,0.0765,0.0765,0.0765,10000114,2015-05-27,2015-05-27,P,2.7,2015-03-26
7263,2015-04-08 10:34:00,2015-04-08,0.0765,0.0,0.0,354.0,0.0765,0.0765,0.0765,10000114,2015-05-27,2015-05-27,P,2.7,2015-03-26
7264,2015-04-08 10:35:00,2015-04-08,0.0765,0.0,0.0,354.0,0.0765,0.0765,0.0765,10000114,2015-05-27,2015-05-27,P,2.7,2015-03-26
7265,2015-04-08 10:36:00,2015-04-08,0.0765,0.0,0.0,354.0,0.0765,0.0765,0.0765,10000114,2015-05-27,2015-05-27,P,2.7,2015-03-26
7266,2015-04-08 10:37:00,2015-04-08,0.0765,0.0,0.0,354.0,0.0765,0.0765,0.0765,10000114,2015-05-27,2015-05-27,P,2.7,2015-03-26
7267,2015-04-08 10:38:00,2015-04-08,0.0765,0.0,0.0,354.0,0.0765,0.0765,0.0765,10000114,2015-05-27,2015-05-27,P,2.7,2015-03-26
7268,2015-04-08 10:39:00,2015-04-08,0.0765,0.0,0.0,354.0,0.0765,0.0765,0.0765,10000114,2015-05-27,2015-05-27,P,2.7,2015-03-26
7269,2015-04-08 10:40:00,2015-04-08,0.0765,0.0,0.0,354.0,0.0765,0.0765,0.0765,10000114,2015-05-27,2015-05-27,P,2.7,2015-03-26
7270,2015-04-08 10:41:00,2015-04-08,0.0765,0.0,0.0,354.0,0.0765,0.0765,0.0765,10000114,2015-05-27,2015-05-27,P,2.7,2015-03-26
7271,2015-04-08 10:42:00,2015-04-08,0.0765,0.0,0.0,354.0,0.0765,0.0765,0.0765,10000114,2015-05-27,2015-05-27,P,2.7,2015-03-26
7272,2015-04-08 10:43:00,2015-04-08,0.0765,0.0,0.0,354.0,0.0765,0.0765,0.0765,10000114,2015-05-27,2015-05-27,P,2.7,2015-03-26
7273,2015-04-08 10:44:00,2015-04-08,0.0765,0.0,0.0,354.0,0.0765,0.0765,0.0765,10000114,2015-05-27,2015-05-27,P,2.7,2015-03-26
7274,2015-04-08 10:45:00,2015-04-08,0.0765,0.0,0.0,354.0,0.0765,0.0765,0.0765,10000114,2015-05-27,2015-05-27,P,2.7,2015-03-26
7275,2015-04-08 10:46:00,2015-04-08,0.0765,0.0,0.0,354.0,0.0765,0.0765,0.0765,10000114,2015-05-27,2015-05-27,P,2.7,2015-03-26
7276,2015-04-08 10:47:00,2015-04-08,0.0765,0.0,0.0,354.0,0.0765,0.0765,0.0765,10000114,2015-05-27,2015-05-27,P,2.7,2015-03-26
7277,2015-04-08 10:48:00,2015-04-08,0.0765,0.0,0.0,354.0,0.0765,0.0765,0.0765,10000114,2015-05-27,2015-05-27,P,2.7,2015-03-26
7278,2015-04-08 10:49:00,2015-04-08,0.0765,0.0,0.0,354.0,0.0765,0.0765,0.0765,10000114,2015-05-27,2015-05-27,P,2.7,2015-03-26
7279,2015-04-08 10:50:00,2015-04-08,0.0765,0.0,0.0,354.0,0.0765,0.0765,0.0765,10000114,2015-05-27,2015-05-27,P,2.7,2015-03-26
7280,2015-04-08 10:51:00,2015-04-08,0.077,2310.0,3.0,357.0,0.077,0.077,0.077,10000114,2015-05-27,2015-05-27,P,2.7,2015-03-26
7281,2015-04-08 10:52:00,2015-04-08,0.077,0.0,0.0,357.0,0.077,0.077,0.077,10000114,2015-05-27,2015-05-27,P,2.7,2015-03-26
7282,2015-04-08 10:53:00,2015-04-08,0.077,0.0,0.0,357.0,0.077,0.077,0.077,10000114,2015-05-27,2015-05-27,P,2.7,2015-03-26
7283,2015-04-08 10:54:00,2015-04-08,0.077,0.0,0.0,357.0,0.077,0.077,0.077,10000114,2015-05-27,2015-05-27,P,2.7,2015-03-26
7284,2015-04-08 10:55:00,2015-04-08,0.077,0.0,0.0,357.0,0.077,0.077,0.077,10000114,2015-05-27,2015-05-27,P,2.7,2015-03-26
7285,2015-04-08 10:56:00,2015-04-08,0.077,0.0,0.0,357.0,0.077,0.077,0.077,10000114,2015-05-27,2015-05-27,P,2.7,2015-03-26
7286,2015-04-08 10:57:00,2015-04-08,0.077,0.0,0.0,357.0,0.077,0.077,0.077,10000114,2015-05-27,2015-05-27,P,2.7,2015-03-26
7287,2015-04-08 10:58:00,2015-04-08,0.077,0.0,0.0,357.0,0.077,0.077,0.077,10000114,2015-05-27,2015-05-27,P,2.7,2015-03-26
7288,2015-04-08 10:59:00,2015-04-08,0.077,0.0,0.0,357.0,0.077,0.077,0.077,10000114,2015-05-27,2015-05-27,P,2.7,2015-03-26
7289,2015-04-08 11:00:00,2015-04-08,0.077,0.0,0.0,357.0,0.077,0.077,0.077,10000114,2015-05-27,2015-05-27,P,2.7,2015-03-26
7290,2015-04-08 11:01:00,2015-04-08,0.077,0.0,0.0,357.0,0.077,0.077,0.077,10000114,2015-05-27,2015-05-27,P,2.7,2015-03-26
7291,2015-04-08 11:02:00,2015-04-08,0.077,0.0,0.0,357.0,0.077,0.077,0.077,10000114,2015-05-27,2015-05-27,P,2.7,2015-03-26
7292,2015-04-08 11:03:00,2015-04-08,0.077,0.0,0.0,357.0,0.077,0.077,0.077,10000114,2015-05-27,2015-05-27,P,2.7,2015-03-26
7293,2015-04-08 11:04:00,2015-04-08,0.077,0.0,0.0,357.0,0.077,0.077,0.077,10000114,2015-05-27,2015-05-27,P,2.7,2015-03-26
7294,2015-04-08 11:05:00,2015-04-08,0.077,0.0,0.0,357.0,0.077,0.077,0.077,10000114,2015-05-27,2015-05-27,P,2.7,2015-03-26
7295,2015-04-08 11:06:00,2015-04-08,0.077,0.0,0.0,357.0,0.077,0.077,0.077,10000114,2015-05-27,2015-05-27,P,2.7,2015-03-26
7296,2015-04-08 11:07:00,2015-04-08,0.077,0.0,0.0,357.0,0.077,0.077,0.077,10000114,2015-05-27,2015-05-27,P,2.7,2015-03-26
7297,2015-04-08 11:08:00,2015-04-08,0.077,0.0,0.0,357.0,0.077,0.077,0.077,10000114,2015-05-27,2015-05-27,P,2.7,2015-03-26
7298,2015-04-08 11:09:00,2015-04-08,0.077,0.0,0.0,357.0,0.077,0.077,0.077,10000114,2015-05-27,2015-05-27,P,2.7,2015-03-26
7299,2015-04-08 11:10:00,2015-04-08,0.077,0.0,0.0,357.0,0.077,0.077,0.077,10000114,2015-05-27,2015-05-27,P,2.7,2015-03-26
7300,2015-04-08 11:11:00,2015-04-08,0.077,0.0,0.0,357.0,0.077,0.077,0.077,10000114,2015-05-27,2015-05-27,P,2.7,2015-03-26
7301,2015-04-08 11:12:00,2015-04-08,0.077,0.0,0.0,357.0,0.077,0.077,0.077,10000114,2015-05-27,2015-05-27,P,2.7,2015-03-26
7302,2015-04-08 11:13:00,2015-04-08,0.077,0.0,0.0,357.0,0.077,0.077,0.077,10000114,2015-05-27,2015-05-27,P,2.7,2015-03-26
7303,2015-04-08 11:14:00,2015-04-08,0.077,0.0,0.0,357.0,0.077,0.077,0.077,10000114,2015-05-27,2015-05-27,P,2.7,2015-03-26
7304,2015-04-08 11:15:00,2015-04-08,0.0825,1650.0,2.0,359.0,0.0825,0.0825,0.0825,10000114,2015-05-27,2015-05-27,P,2.7,2015-03-26
7305,2015-04-08 11:16:00,2015-04-08,0.0825,0.0,0.0,359.0,0.0825,0.0825,0.0825,10000114,2015-05-27,2015-05-27,P,2.7,2015-03-26
7306,2015-04-08 11:17:00,2015-04-08,0.0825,0.0,0.0,359.0,0.0825,0.0825,0.0825,10000114,2015-05-27,2015-05-27,P,2.7,2015-03-26
7307,2015-04-08 11:18:00,2015-04-08,0.0825,0.0,0.0,359.0,0.0825,0.0825,0.0825,10000114,2015-05-27,2015-05-27,P,2.7,2015-03-26
7308,2015-04-08 11:19:00,2015-04-08,0.0825,0.0,0.0,359.0,0.0825,0.0825,0.0825,10000114,2015-05-27,2015-05-27,P,2.7,2015-03-26
7309,2015-04-08 11:20:00,2015-04-08,0.0825,0.0,0.0,359.0,0.0825,0.0825,0.0825,10000114,2015-05-27,2015-05-27,P,2.7,2015-03-26
7310,2015-04-08 11:21:00,2015-04-08,0.0825,0.0,0.0,359.0,0.0825,0.0825,0.0825,10000114,2015-05-27,2015-05-27,P,2.7,2015-03-26
7311,2015-04-08 11:22:00,2015-04-08,0.0825,0.0,0.0,359.0,0.0825,0.0825,0.0825,10000114,2015-05-27,2015-05-27,P,2.7,2015-03-26
7312,2015-04-08 11:23:00,2015-04-08,0.0825,0.0,0.0,359.0,0.0825,0.0825,0.0825,10000114,2015-05-27,2015-05-27,P,2.7,2015-03-26
7313,2015-04-08 11:24:00,2015-04-08,0.0806,2418.0,3.0,362.0,0.0806,0.0806,0.0806,10000114,2015-05-27,2015-05-27,P,2.7,2015-03-26
7314,2015-04-08 11:25:00,2015-04-08,0.0806,0.0,0.0,362.0,0.0806,0.0806,0.0806,10000114,2015-05-27,2015-05-27,P,2.7,2015-03-26
7315,2015-04-08 11:26:00,2015-04-08,0.0806,0.0,0.0,362.0,0.0806,0.0806,0.0806,10000114,2015-05-27,2015-05-27,P,2.7,2015-03-26
7316,2015-04-08 11:27:00,2015-04-08,0.0806,0.0,0.0,362.0,0.0806,0.0806,0.0806,10000114,2015-05-27,2015-05-27,P,2.7,2015-03-26
7317,2015-04-08 11:28:00,2015-04-08,0.0728,728.0,1.0,363.0,0.0728,0.0728,0.0728,10000114,2015-05-27,2015-05-27,P,2.7,2015-03-26
7318,2015-04-08 11:29:00,2015-04-08,0.0728,0.0,0.0,363.0,0.0728,0.0728,0.0728,10000114,2015-05-27,2015-05-27,P,2.7,2015-03-26
7319,2015-04-08 11:30:00,2015-04-08,0.0728,0.0,0.0,363.0,0.0728,0.0728,0.0728,10000114,2015-05-27,2015-05-27,P,2.7,2015-03-26
7320,2015-04-08 13:01:00,2015-04-08,0.0728,0.0,0.0,363.0,0.0728,0.0728,0.0728,10000114,2015-05-27,2015-05-27,P,2.7,2015-03-26
7321,2015-04-08 13:02:00,2015-04-08,0.0728,0.0,0.0,363.0,0.0728,0.0728,0.0728,10000114,2015-05-27,2015-05-27,P,2.7,2015-03-26
7322,2015-04-08 13:03:00,2015-04-08,0.0728,0.0,0.0,363.0,0.0728,0.0728,0.0728,10000114,2015-05-27,2015-05-27,P,2.7,2015-03-26
7323,2015-04-08 13:04:00,2015-04-08,0.0728,0.0,0.0,363.0,0.0728,0.0728,0.0728,10000114,2015-05-27,2015-05-27,P,2.7,2015-03-26
7324,2015-04-08 13:05:00,2015-04-08,0.0728,0.0,0.0,363.0,0.0728,0.0728,0.0728,10000114,2015-05-27,2015-05-27,P,2.7,2015-03-26
7325,2015-04-08 13:06:00,2015-04-08,0.0728,0.0,0.0,363.0,0.0728,0.0728,0.0728,10000114,2015-05-27,2015-05-27,P,2.7,2015-03-26
7326,2015-04-08 13:07:00,2015-04-08,0.0728,0.0,0.0,363.0,0.0728,0.0728,0.0728,10000114,2015-05-27,2015-05-27,P,2.7,2015-03-26
7327,2015-04-08 13:08:00,2015-04-08,0.0682,2728.0,4.0,363.0,0.0682,0.0682,0.0682,10000114,2015-05-27,2015-05-27,P,2.7,2015-03-26
7328,2015-04-08 13:09:00,2015-04-08,0.0682,0.0,0.0,363.0,0.0682,0.0682,0.0682,10000114,2015-05-27,2015-05-27,P,2.7,2015-03-26
7329,2015-04-08 13:10:00,2015-04-08,0.0682,0.0,0.0,363.0,0.0682,0.0682,0.0682,10000114,2015-05-27,2015-05-27,P,2.7,2015-03-26
7330,2015-04-08 13:11:00,2015-04-08,0.0682,0.0,0.0,363.0,0.0682,0.0682,0.0682,10000114,2015-05-27,2015-05-27,P,2.7,2015-03-26
7331,2015-04-08 13:12:00,2015-04-08,0.0682,0.0,0.0,363.0,0.0682,0.0682,0.0682,10000114,2015-05-27,2015-05-27,P,2.7,2015-03-26
7332,2015-04-08 13:13:00,2015-04-08,0.0682,0.0,0.0,363.0,0.0682,0.0682,0.0682,10000114,2015-05-27,2015-05-27,P,2.7,2015-03-26
7333,2015-04-08 13:14:00,2015-04-08,0.0682,0.0,0.0,363.0,0.0682,0.0682,0.0682,10000114,2015-05-27,2015-05-27,P,2.7,2015-03-26
7334,2015-04-08 13:15:00,2015-04-08,0.0682,0.0,0.0,363.0,0.0682,0.0682,0.0682,10000114,2015-05-27,2015-05-27,P,2.7,2015-03-26
7335,2015-04-08 13:16:00,2015-04-08,0.0682,0.0,0.0,363.0,0.0682,0.0682,0.0682,10000114,2015-05-27,2015-05-27,P,2.7,2015-03-26
7336,2015-04-08 13:17:00,2015-04-08,0.0682,0.0,0.0,363.0,0.0682,0.0682,0.0682,10000114,2015-05-27,2015-05-27,P,2.7,2015-03-26
7337,2015-04-08 13:18:00,2015-04-08,0.0682,682.0,1.0,364.0,0.0682,0.0682,0.0682,10000114,2015-05-27,2015-05-27,P,2.7,2015-03-26
7338,2015-04-08 13:19:00,2015-04-08,0.0682,0.0,0.0,364.0,0.0682,0.0682,0.0682,10000114,2015-05-27,2015-05-27,P,2.7,2015-03-26
7339,2015-04-08 13:20:00,2015-04-08,0.0682,0.0,0.0,364.0,0.0682,0.0682,0.0682,10000114,2015-05-27,2015-05-27,P,2.7,2015-03-26
7340,2015-04-08 13:21:00,2015-04-08,0.0682,0.0,0.0,364.0,0.0682,0.0682,0.0682,10000114,2015-05-27,2015-05-27,P,2.7,2015-03-26
7341,2015-04-08 13:22:00,2015-04-08,0.0682,0.0,0.0,364.0,0.0682,0.0682,0.0682,10000114,2015-05-27,2015-05-27,P,2.7,2015-03-26
7342,2015-04-08 13:23:00,2015-04-08,0.0682,0.0,0.0,364.0,0.0682,0.0682,0.0682,10000114,2015-05-27,2015-05-27,P,2.7,2015-03-26
7343,2015-04-08 13:24:00,2015-04-08,0.0682,0.0,0.0,364.0,0.0682,0.0682,0.0682,10000114,2015-05-27,2015-05-27,P,2.7,2015-03-26
7344,2015-04-08 13:25:00,2015-04-08,0.0682,0.0,0.0,364.0,0.0682,0.0682,0.0682,10000114,2015-05-27,2015-05-27,P,2.7,2015-03-26
7345,2015-04-08 13:26:00,2015-04-08,0.0682,0.0,0.0,364.0,0.0682,0.0682,0.0682,10000114,2015-05-27,2015-05-27,P,2.7,2015-03-26
7346,2015-04-08 13:27:00,2015-04-08,0.0682,0.0,0.0,364.0,0.0682,0.0682,0.0682,10000114,2015-05-27,2015-05-27,P,2.7,2015-03-26
7347,2015-04-08 13:28:00,2015-04-08,0.0682,0.0,0.0,364.0,0.0682,0.0682,0.0682,10000114,2015-05-27,2015-05-27,P,2.7,2015-03-26
7348,2015-04-08 13:29:00,2015-04-08,0.0682,0.0,0.0,364.0,0.0682,0.0682,0.0682,10000114,2015-05-27,2015-05-27,P,2.7,2015-03-26
7349,2015-04-08 13:30:00,2015-04-08,0.0652,1304.0,2.0,366.0,0.0652,0.0652,0.0652,10000114,2015-05-27,2015-05-27,P,2.7,2015-03-26
7350,2015-04-08 13:31:00,2015-04-08,0.0621,1237.0,2.0,365.0,0.0621,0.0616,0.0616,10000114,2015-05-27,2015-05-27,P,2.7,2015-03-26
7351,2015-04-08 13:32:00,2015-04-08,0.0616,0.0,0.0,365.0,0.0616,0.0616,0.0616,10000114,2015-05-27,2015-05-27,P,2.7,2015-03-26
7352,2015-04-08 13:33:00,2015-04-08,0.0616,0.0,0.0,365.0,0.0616,0.0616,0.0616,10000114,2015-05-27,2015-05-27,P,2.7,2015-03-26
7353,2015-04-08 13:34:00,2015-04-08,0.0626,1252.0,2.0,365.0,0.0626,0.0626,0.0626,10000114,2015-05-27,2015-05-27,P,2.7,2015-03-26
7354,2015-04-08 13:35:00,2015-04-08,0.0626,0.0,0.0,365.0,0.0626,0.0626,0.0626,10000114,2015-05-27,2015-05-27,P,2.7,2015-03-26
7355,2015-04-08 13:36:00,2015-04-08,0.0626,1252.0,2.0,365.0,0.0626,0.0626,0.0626,10000114,2015-05-27,2015-05-27,P,2.7,2015-03-26
7356,2015-04-08 13:37:00,2015-04-08,0.0626,0.0,0.0,365.0,0.0626,0.0626,0.0626,10000114,2015-05-27,2015-05-27,P,2.7,2015-03-26
7357,2015-04-08 13:38:00,2015-04-08,0.0626,0.0,0.0,365.0,0.0626,0.0626,0.0626,10000114,2015-05-27,2015-05-27,P,2.7,2015-03-26
7358,2015-04-08 13:39:00,2015-04-08,0.0626,0.0,0.0,365.0,0.0626,0.0626,0.0626,10000114,2015-05-27,2015-05-27,P,2.7,2015-03-26
7359,2015-04-08 13:40:00,2015-04-08,0.0626,0.0,0.0,365.0,0.0626,0.0626,0.0626,10000114,2015-05-27,2015-05-27,P,2.7,2015-03-26
7360,2015-04-08 13:41:00,2015-04-08,0.0626,0.0,0.0,365.0,0.0626,0.0626,0.0626,10000114,2015-05-27,2015-05-27,P,2.7,2015-03-26
7361,2015-04-08 13:42:00,2015-04-08,0.0626,0.0,0.0,365.0,0.0626,0.0626,0.0626,10000114,2015-05-27,2015-05-27,P,2.7,2015-03-26
7362,2015-04-08 13:43:00,2015-04-08,0.0665,665.0,1.0,365.0,0.0665,0.0665,0.0665,10000114,2015-05-27,2015-05-27,P,2.7,2015-03-26
7363,2015-04-08 13:44:00,2015-04-08,0.0665,0.0,0.0,365.0,0.0665,0.0665,0.0665,10000114,2015-05-27,2015-05-27,P,2.7,2015-03-26
7364,2015-04-08 13:45:00,2015-04-08,0.0665,0.0,0.0,365.0,0.0665,0.0665,0.0665,10000114,2015-05-27,2015-05-27,P,2.7,2015-03-26
7365,2015-04-08 13:46:00,2015-04-08,0.0665,0.0,0.0,365.0,0.0665,0.0665,0.0665,10000114,2015-05-27,2015-05-27,P,2.7,2015-03-26
7366,2015-04-08 13:47:00,2015-04-08,0.0621,6215.0,10.0,360.0,0.0621,0.0621,0.0621,10000114,2015-05-27,2015-05-27,P,2.7,2015-03-26
7367,2015-04-08 13:48:00,2015-04-08,0.0622,3110.0,5.0,355.0,0.0622,0.0622,0.0622,10000114,2015-05-27,2015-05-27,P,2.7,2015-03-26
7368,2015-04-08 13:49:00,2015-04-08,0.0622,0.0,0.0,355.0,0.0622,0.0622,0.0622,10000114,2015-05-27,2015-05-27,P,2.7,2015-03-26
7369,2015-04-08 13:50:00,2015-04-08,0.0622,0.0,0.0,355.0,0.0622,0.0622,0.0622,10000114,2015-05-27,2015-05-27,P,2.7,2015-03-26
7370,2015-04-08 13:51:00,2015-04-08,0.0622,0.0,0.0,355.0,0.0622,0.0622,0.0622,10000114,2015-05-27,2015-05-27,P,2.7,2015-03-26
7371,2015-04-08 13:52:00,2015-04-08,0.0622,0.0,0.0,355.0,0.0622,0.0622,0.0622,10000114,2015-05-27,2015-05-27,P,2.7,2015-03-26
7372,2015-04-08 13:53:00,2015-04-08,0.0622,0.0,0.0,355.0,0.0622,0.0622,0.0622,10000114,2015-05-27,2015-05-27,P,2.7,2015-03-26
7373,2015-04-08 13:54:00,2015-04-08,0.0622,0.0,0.0,355.0,0.0622,0.0622,0.0622,10000114,2015-05-27,2015-05-27,P,2.7,2015-03-26
7374,2015-04-08 13:55:00,2015-04-08,0.0622,0.0,0.0,355.0,0.0622,0.0622,0.0622,10000114,2015-05-27,2015-05-27,P,2.7,2015-03-26
7375,2015-04-08 13:56:00,2015-04-08,0.0622,0.0,0.0,355.0,0.0622,0.0622,0.0622,10000114,2015-05-27,2015-05-27,P,2.7,2015-03-26
7376,2015-04-08 13:57:00,2015-04-08,0.0622,0.0,0.0,355.0,0.0622,0.0622,0.0622,10000114,2015-05-27,2015-05-27,P,2.7,2015-03-26
7377,2015-04-08 13:58:00,2015-04-08,0.0622,0.0,0.0,355.0,0.0622,0.0622,0.0622,10000114,2015-05-27,2015-05-27,P,2.7,2015-03-26
7378,2015-04-08 13:59:00,2015-04-08,0.0622,0.0,0.0,355.0,0.0622,0.0622,0.0622,10000114,2015-05-27,2015-05-27,P,2.7,2015-03-26
7379,2015-04-08 14:00:00,2015-04-08,0.0622,0.0,0.0,355.0,0.0622,0.0622,0.0622,10000114,2015-05-27,2015-05-27,P,2.7,2015-03-26
7380,2015-04-08 14:01:00,2015-04-08,0.0622,0.0,0.0,355.0,0.0622,0.0622,0.0622,10000114,2015-05-27,2015-05-27,P,2.7,2015-03-26
7381,2015-04-08 14:02:00,2015-04-08,0.0622,0.0,0.0,355.0,0.0622,0.0622,0.0622,10000114,2015-05-27,2015-05-27,P,2.7,2015-03-26
7382,2015-04-08 14:03:00,2015-04-08,0.0622,0.0,0.0,355.0,0.0622,0.0622,0.0622,10000114,2015-05-27,2015-05-27,P,2.7,2015-03-26
7383,2015-04-08 14:04:00,2015-04-08,0.0622,0.0,0.0,355.0,0.0622,0.0622,0.0622,10000114,2015-05-27,2015-05-27,P,2.7,2015-03-26
7384,2015-04-08 14:05:00,2015-04-08,0.0622,0.0,0.0,355.0,0.0622,0.0622,0.0622,10000114,2015-05-27,2015-05-27,P,2.7,2015-03-26
7385,2015-04-08 14:06:00,2015-04-08,0.0622,0.0,0.0,355.0,0.0622,0.0622,0.0622,10000114,2015-05-27,2015-05-27,P,2.7,2015-03-26
7386,2015-04-08 14:07:00,2015-04-08,0.0681,2043.0,3.0,358.0,0.0681,0.0681,0.0681,10000114,2015-05-27,2015-05-27,P,2.7,2015-03-26
7387,2015-04-08 14:08:00,2015-04-08,0.0681,0.0,0.0,358.0,0.0681,0.0681,0.0681,10000114,2015-05-27,2015-05-27,P,2.7,2015-03-26
7388,2015-04-08 14:09:00,2015-04-08,0.0681,0.0,0.0,358.0,0.0681,0.0681,0.0681,10000114,2015-05-27,2015-05-27,P,2.7,2015-03-26
7389,2015-04-08 14:10:00,2015-04-08,0.0681,0.0,0.0,358.0,0.0681,0.0681,0.0681,10000114,2015-05-27,2015-05-27,P,2.7,2015-03-26
7390,2015-04-08 14:11:00,2015-04-08,0.0681,0.0,0.0,358.0,0.0681,0.0681,0.0681,10000114,2015-05-27,2015-05-27,P,2.7,2015-03-26
7391,2015-04-08 14:12:00,2015-04-08,0.0681,0.0,0.0,358.0,0.0681,0.0681,0.0681,10000114,2015-05-27,2015-05-27,P,2.7,2015-03-26
7392,2015-04-08 14:13:00,2015-04-08,0.0681,0.0,0.0,358.0,0.0681,0.0681,0.0681,10000114,2015-05-27,2015-05-27,P,2.7,2015-03-26
7393,2015-04-08 14:14:00,2015-04-08,0.0681,0.0,0.0,358.0,0.0681,0.0681,0.0681,10000114,2015-05-27,2015-05-27,P,2.7,2015-03-26
7394,2015-04-08 14:15:00,2015-04-08,0.0681,0.0,0.0,358.0,0.0681,0.0681,0.0681,10000114,2015-05-27,2015-05-27,P,2.7,2015-03-26
7395,2015-04-08 14:16:00,2015-04-08,0.0681,0.0,0.0,358.0,0.0681,0.0681,0.0681,10000114,2015-05-27,2015-05-27,P,2.7,2015-03-26
7396,2015-04-08 14:17:00,2015-04-08,0.0681,0.0,0.0,358.0,0.0681,0.0681,0.0681,10000114,2015-05-27,2015-05-27,P,2.7,2015-03-26
7397,2015-04-08 14:18:00,2015-04-08,0.0681,0.0,0.0,358.0,0.0681,0.0681,0.0681,10000114,2015-05-27,2015-05-27,P,2.7,2015-03-26
7398,2015-04-08 14:19:00,2015-04-08,0.0681,0.0,0.0,358.0,0.0681,0.0681,0.0681,10000114,2015-05-27,2015-05-27,P,2.7,2015-03-26
7399,2015-04-08 14:20:00,2015-04-08,0.0681,0.0,0.0,358.0,0.0681,0.0681,0.0681,10000114,2015-05-27,2015-05-27,P,2.7,2015-03-26
7400,2015-04-08 14:21:00,2015-04-08,0.0681,0.0,0.0,358.0,0.0681,0.0681,0.0681,10000114,2015-05-27,2015-05-27,P,2.7,2015-03-26
7401,2015-04-08 14:22:00,2015-04-08,0.0681,0.0,0.0,358.0,0.0681,0.0681,0.0681,10000114,2015-05-27,2015-05-27,P,2.7,2015-03-26
7402,2015-04-08 14:23:00,2015-04-08,0.0681,0.0,0.0,358.0,0.0681,0.0681,0.0681,10000114,2015-05-27,2015-05-27,P,2.7,2015-03-26
7403,2015-04-08 14:24:00,2015-04-08,0.0681,0.0,0.0,358.0,0.0681,0.0681,0.0681,10000114,2015-05-27,2015-05-27,P,2.7,2015-03-26
7404,2015-04-08 14:25:00,2015-04-08,0.0681,0.0,0.0,358.0,0.0681,0.0681,0.0681,10000114,2015-05-27,2015-05-27,P,2.7,2015-03-26
7405,2015-04-08 14:26:00,2015-04-08,0.0681,0.0,0.0,358.0,0.0681,0.0681,0.0681,10000114,2015-05-27,2015-05-27,P,2.7,2015-03-26
7406,2015-04-08 14:27:00,2015-04-08,0.0681,0.0,0.0,358.0,0.0681,0.0681,0.0681,10000114,2015-05-27,2015-05-27,P,2.7,2015-03-26
7407,2015-04-08 14:28:00,2015-04-08,0.0681,0.0,0.0,358.0,0.0681,0.0681,0.0681,10000114,2015-05-27,2015-05-27,P,2.7,2015-03-26
7408,2015-04-08 14:29:00,2015-04-08,0.0681,0.0,0.0,358.0,0.0681,0.0681,0.0681,10000114,2015-05-27,2015-05-27,P,2.7,2015-03-26
7409,2015-04-08 14:30:00,2015-04-08,0.0681,0.0,0.0,358.0,0.0681,0.0681,0.0681,10000114,2015-05-27,2015-05-27,P,2.7,2015-03-26
7410,2015-04-08 14:31:00,2015-04-08,0.0681,0.0,0.0,358.0,0.0681,0.0681,0.0681,10000114,2015-05-27,2015-05-27,P,2.7,2015-03-26
7411,2015-04-08 14:32:00,2015-04-08,0.0681,0.0,0.0,358.0,0.0681,0.0681,0.0681,10000114,2015-05-27,2015-05-27,P,2.7,2015-03-26
7412,2015-04-08 14:33:00,2015-04-08,0.0681,0.0,0.0,358.0,0.0681,0.0681,0.0681,10000114,2015-05-27,2015-05-27,P,2.7,2015-03-26
7413,2015-04-08 14:34:00,2015-04-08,0.0681,0.0,0.0,358.0,0.0681,0.0681,0.0681,10000114,2015-05-27,2015-05-27,P,2.7,2015-03-26
7414,2015-04-08 14:35:00,2015-04-08,0.0681,0.0,0.0,358.0,0.0681,0.0681,0.0681,10000114,2015-05-27,2015-05-27,P,2.7,2015-03-26
7415,2015-04-08 14:36:00,2015-04-08,0.0681,0.0,0.0,358.0,0.0681,0.0681,0.0681,10000114,2015-05-27,2015-05-27,P,2.7,2015-03-26
7416,2015-04-08 14:37:00,2015-04-08,0.0681,0.0,0.0,358.0,0.0681,0.0681,0.0681,10000114,2015-05-27,2015-05-27,P,2.7,2015-03-26
7417,2015-04-08 14:38:00,2015-04-08,0.0681,0.0,0.0,358.0,0.0681,0.0681,0.0681,10000114,2015-05-27,2015-05-27,P,2.7,2015-03-26
7418,2015-04-08 14:39:00,2015-04-08,0.0681,0.0,0.0,358.0,0.0681,0.0681,0.0681,10000114,2015-05-27,2015-05-27,P,2.7,2015-03-26
7419,2015-04-08 14:40:00,2015-04-08,0.0681,0.0,0.0,358.0,0.0681,0.0681,0.0681,10000114,2015-05-27,2015-05-27,P,2.7,2015-03-26
7420,2015-04-08 14:41:00,2015-04-08,0.0681,0.0,0.0,358.0,0.0681,0.0681,0.0681,10000114,2015-05-27,2015-05-27,P,2.7,2015-03-26
7421,2015-04-08 14:42:00,2015-04-08,0.0681,0.0,0.0,358.0,0.0681,0.0681,0.0681,10000114,2015-05-27,2015-05-27,P,2.7,2015-03-26
7422,2015-04-08 14:43:00,2015-04-08,0.0681,0.0,0.0,358.0,0.0681,0.0681,0.0681,10000114,2015-05-27,2015-05-27,P,2.7,2015-03-26
7423,2015-04-08 14:44:00,2015-04-08,0.0681,0.0,0.0,358.0,0.0681,0.0681,0.0681,10000114,2015-05-27,2015-05-27,P,2.7,2015-03-26
7424,2015-04-08 14:45:00,2015-04-08,0.0681,0.0,0.0,358.0,0.0681,0.0681,0.0681,10000114,2015-05-27,2015-05-27,P,2.7,2015-03-26
7425,2015-04-08 14:46:00,2015-04-08,0.0681,0.0,0.0,358.0,0.0681,0.0681,0.0681,10000114,2015-05-27,2015-05-27,P,2.7,2015-03-26
7426,2015-04-08 14:47:00,2015-04-08,0.0681,0.0,0.0,358.0,0.0681,0.0681,0.0681,10000114,2015-05-27,2015-05-27,P,2.7,2015-03-26
7427,2015-04-08 14:48:00,2015-04-08,0.0681,0.0,0.0,358.0,0.0681,0.0681,0.0681,10000114,2015-05-27,2015-05-27,P,2.7,2015-03-26
7428,2015-04-08 14:49:00,2015-04-08,0.0681,0.0,0.0,358.0,0.0681,0.0681,0.0681,10000114,2015-05-27,2015-05-27,P,2.7,2015-03-26
7429,2015-04-08 14:50:00,2015-04-08,0.0681,0.0,0.0,358.0,0.0681,0.0681,0.0681,10000114,2015-05-27,2015-05-27,P,2.7,2015-03-26
7430,2015-04-08 14:51:00,2015-04-08,0.0638,6415.0,10.0,353.0,0.0638,0.0638,0.0638,10000114,2015-05-27,2015-05-27,P,2.7,2015-03-26
7431,2015-04-08 14:52:00,2015-04-08,0.0638,0.0,0.0,353.0,0.0638,0.0638,0.0638,10000114,2015-05-27,2015-05-27,P,2.7,2015-03-26
7432,2015-04-08 14:53:00,2015-04-08,0.0638,0.0,0.0,353.0,0.0638,0.0638,0.0638,10000114,2015-05-27,2015-05-27,P,2.7,2015-03-26
7433,2015-04-08 14:54:00,2015-04-08,0.0638,0.0,0.0,353.0,0.0638,0.0638,0.0638,10000114,2015-05-27,2015-05-27,P,2.7,2015-03-26
7434,2015-04-08 14:55:00,2015-04-08,0.0638,0.0,0.0,353.0,0.0638,0.0638,0.0638,10000114,2015-05-27,2015-05-27,P,2.7,2015-03-26
7435,2015-04-08 14:56:00,2015-04-08,0.0638,0.0,0.0,353.0,0.0638,0.0638,0.0638,10000114,2015-05-27,2015-05-27,P,2.7,2015-03-26
7436,2015-04-08 14:57:00,2015-04-08,0.0638,0.0,0.0,353.0,0.0638,0.0638,0.0638,10000114,2015-05-27,2015-05-27,P,2.7,2015-03-26
7437,2015-04-08 14:58:00,2015-04-08,0.0638,0.0,0.0,353.0,0.0638,0.0638,0.0638,10000114,2015-05-27,2015-05-27,P,2.7,2015-03-26
7438,2015-04-08 14:59:00,2015-04-08,0.0638,0.0,0.0,353.0,0.0638,0.0638,0.0638,10000114,2015-05-27,2015-05-27,P,2.7,2015-03-26
7439,2015-04-08 15:00:00,2015-04-08,0.0638,0.0,0.0,353.0,0.0638,0.0638,0.0638,10000114,2015-05-27,2015-05-27,P,2.7,2015-03-26
7440,2015-04-08 09:31:00,2015-04-08,0.2429,0.0,0.0,0.0,0.2429,0.2429,0.2429,10000139,2015-09-23,2015-09-23,C,2.9,2015-04-08
7441,2015-04-08 09:32:00,2015-04-08,0.2429,0.0,0.0,0.0,0.2429,0.2429,0.2429,10000139,2015-09-23,2015-09-23,C,2.9,2015-04-08
7442,2015-04-08 09:33:00,2015-04-08,0.2429,0.0,0.0,0.0,0.2429,0.2429,0.2429,10000139,2015-09-23,2015-09-23,C,2.9,2015-04-08
7443,2015-04-08 09:34:00,2015-04-08,0.2429,0.0,0.0,0.0,0.2429,0.2429,0.2429,10000139,2015-09-23,2015-09-23,C,2.9,2015-04-08
7444,2015-04-08 09:35:00,2015-04-08,0.2429,0.0,0.0,0.0,0.2429,0.2429,0.2429,10000139,2015-09-23,2015-09-23,C,2.9,2015-04-08
7445,2015-04-08 09:36:00,2015-04-08,0.2429,0.0,0.0,0.0,0.2429,0.2429,0.2429,10000139,2015-09-23,2015-09-23,C,2.9,2015-04-08
7446,2015-04-08 09:37:00,2015-04-08,0.2429,0.0,0.0,0.0,0.2429,0.2429,0.2429,10000139,2015-09-23,2015-09-23,C,2.9,2015-04-08
7447,2015-04-08 09:38:00,2015-04-08,0.25,24880.0,10.0,11.0,0.25,0.25,0.25,10000139,2015-09-23,2015-09-23,C,2.9,2015-04-08
7448,2015-04-08 09:39:00,2015-04-08,0.25,0.0,0.0,11.0,0.25,0.25,0.25,10000139,2015-09-23,2015-09-23,C,2.9,2015-04-08
7449,2015-04-08 09:40:00,2015-04-08,0.25,24992.0,10.0,21.0,0.25,0.25,0.25,10000139,2015-09-23,2015-09-23,C,2.9,2015-04-08
7450,2015-04-08 09:41:00,2015-04-08,0.25,0.0,0.0,21.0,0.25,0.25,0.25,10000139,2015-09-23,2015-09-23,C,2.9,2015-04-08
7451,2015-04-08 09:42:00,2015-04-08,0.25,0.0,0.0,21.0,0.25,0.25,0.25,10000139,2015-09-23,2015-09-23,C,2.9,2015-04-08
7452,2015-04-08 09:43:00,2015-04-08,0.25,0.0,0.0,21.0,0.25,0.25,0.25,10000139,2015-09-23,2015-09-23,C,2.9,2015-04-08
7453,2015-04-08 09:44:00,2015-04-08,0.25,0.0,0.0,21.0,0.25,0.25,0.25,10000139,2015-09-23,2015-09-23,C,2.9,2015-04-08
7454,2015-04-08 09:45:00,2015-04-08,0.25,0.0,0.0,21.0,0.25,0.25,0.25,10000139,2015-09-23,2015-09-23,C,2.9,2015-04-08
7455,2015-04-08 09:46:00,2015-04-08,0.25,0.0,0.0,21.0,0.25,0.25,0.25,10000139,2015-09-23,2015-09-23,C,2.9,2015-04-08
7456,2015-04-08 09:47:00,2015-04-08,0.25,0.0,0.0,21.0,0.25,0.25,0.25,10000139,2015-09-23,2015-09-23,C,2.9,2015-04-08
7457,2015-04-08 09:48:00,2015-04-08,0.25,0.0,0.0,21.0,0.25,0.25,0.25,10000139,2015-09-23,2015-09-23,C,2.9,2015-04-08
7458,2015-04-08 09:49:00,2015-04-08,0.25,0.0,0.0,21.0,0.25,0.25,0.25,10000139,2015-09-23,2015-09-23,C,2.9,2015-04-08
7459,2015-04-08 09:50:00,2015-04-08,0.25,0.0,0.0,21.0,0.25,0.25,0.25,10000139,2015-09-23,2015-09-23,C,2.9,2015-04-08
7460,2015-04-08 09:51:00,2015-04-08,0.25,0.0,0.0,21.0,0.25,0.25,0.25,10000139,2015-09-23,2015-09-23,C,2.9,2015-04-08
7461,2015-04-08 09:52:00,2015-04-08,0.25,0.0,0.0,21.0,0.25,0.25,0.25,10000139,2015-09-23,2015-09-23,C,2.9,2015-04-08
7462,2015-04-08 09:53:00,2015-04-08,0.25,0.0,0.0,21.0,0.25,0.25,0.25,10000139,2015-09-23,2015-09-23,C,2.9,2015-04-08
7463,2015-04-08 09:54:00,2015-04-08,0.25,0.0,0.0,21.0,0.25,0.25,0.25,10000139,2015-09-23,2015-09-23,C,2.9,2015-04-08
7464,2015-04-08 09:55:00,2015-04-08,0.25,0.0,0.0,21.0,0.25,0.25,0.25,10000139,2015-09-23,2015-09-23,C,2.9,2015-04-08
7465,2015-04-08 09:56:00,2015-04-08,0.25,0.0,0.0,21.0,0.25,0.25,0.25,10000139,2015-09-23,2015-09-23,C,2.9,2015-04-08
7466,2015-04-08 09:57:00,2015-04-08,0.25,0.0,0.0,21.0,0.25,0.25,0.25,10000139,2015-09-23,2015-09-23,C,2.9,2015-04-08
7467,2015-04-08 09:58:00,2015-04-08,0.254,12700.0,5.0,21.0,0.254,0.254,0.254,10000139,2015-09-23,2015-09-23,C,2.9,2015-04-08
7468,2015-04-08 09:59:00,2015-04-08,0.254,0.0,0.0,21.0,0.254,0.254,0.254,10000139,2015-09-23,2015-09-23,C,2.9,2015-04-08
7469,2015-04-08 10:00:00,2015-04-08,0.254,0.0,0.0,21.0,0.254,0.254,0.254,10000139,2015-09-23,2015-09-23,C,2.9,2015-04-08
7470,2015-04-08 10:01:00,2015-04-08,0.254,0.0,0.0,21.0,0.254,0.254,0.254,10000139,2015-09-23,2015-09-23,C,2.9,2015-04-08
7471,2015-04-08 10:02:00,2015-04-08,0.254,0.0,0.0,21.0,0.254,0.254,0.254,10000139,2015-09-23,2015-09-23,C,2.9,2015-04-08
7472,2015-04-08 10:03:00,2015-04-08,0.254,0.0,0.0,21.0,0.254,0.254,0.254,10000139,2015-09-23,2015-09-23,C,2.9,2015-04-08
7473,2015-04-08 10:04:00,2015-04-08,0.254,0.0,0.0,21.0,0.254,0.254,0.254,10000139,2015-09-23,2015-09-23,C,2.9,2015-04-08
7474,2015-04-08 10:05:00,2015-04-08,0.254,0.0,0.0,21.0,0.254,0.254,0.254,10000139,2015-09-23,2015-09-23,C,2.9,2015-04-08
7475,2015-04-08 10:06:00,2015-04-08,0.254,0.0,0.0,21.0,0.254,0.254,0.254,10000139,2015-09-23,2015-09-23,C,2.9,2015-04-08
7476,2015-04-08 10:07:00,2015-04-08,0.254,0.0,0.0,21.0,0.254,0.254,0.254,10000139,2015-09-23,2015-09-23,C,2.9,2015-04-08
7477,2015-04-08 10:08:00,2015-04-08,0.254,0.0,0.0,21.0,0.254,0.254,0.254,10000139,2015-09-23,2015-09-23,C,2.9,2015-04-08
7478,2015-04-08 10:09:00,2015-04-08,0.254,0.0,0.0,21.0,0.254,0.254,0.254,10000139,2015-09-23,2015-09-23,C,2.9,2015-04-08
7479,2015-04-08 10:10:00,2015-04-08,0.254,0.0,0.0,21.0,0.254,0.254,0.254,10000139,2015-09-23,2015-09-23,C,2.9,2015-04-08
7480,2015-04-08 10:11:00,2015-04-08,0.254,0.0,0.0,21.0,0.254,0.254,0.254,10000139,2015-09-23,2015-09-23,C,2.9,2015-04-08
7481,2015-04-08 10:12:00,2015-04-08,0.254,0.0,0.0,21.0,0.254,0.254,0.254,10000139,2015-09-23,2015-09-23,C,2.9,2015-04-08
7482,2015-04-08 10:13:00,2015-04-08,0.254,0.0,0.0,21.0,0.254,0.254,0.254,10000139,2015-09-23,2015-09-23,C,2.9,2015-04-08
7483,2015-04-08 10:14:00,2015-04-08,0.254,0.0,0.0,21.0,0.254,0.254,0.254,10000139,2015-09-23,2015-09-23,C,2.9,2015-04-08
7484,2015-04-08 10:15:00,2015-04-08,0.254,0.0,0.0,21.0,0.254,0.254,0.254,10000139,2015-09-23,2015-09-23,C,2.9,2015-04-08
7485,2015-04-08 10:16:00,2015-04-08,0.254,0.0,0.0,21.0,0.254,0.254,0.254,10000139,2015-09-23,2015-09-23,C,2.9,2015-04-08
7486,2015-04-08 10:17:00,2015-04-08,0.254,0.0,0.0,21.0,0.254,0.254,0.254,10000139,2015-09-23,2015-09-23,C,2.9,2015-04-08
7487,2015-04-08 10:18:00,2015-04-08,0.254,0.0,0.0,21.0,0.254,0.254,0.254,10000139,2015-09-23,2015-09-23,C,2.9,2015-04-08
7488,2015-04-08 10:19:00,2015-04-08,0.254,0.0,0.0,21.0,0.254,0.254,0.254,10000139,2015-09-23,2015-09-23,C,2.9,2015-04-08
7489,2015-04-08 10:20:00,2015-04-08,0.254,0.0,0.0,21.0,0.254,0.254,0.254,10000139,2015-09-23,2015-09-23,C,2.9,2015-04-08
7490,2015-04-08 10:21:00,2015-04-08,0.254,0.0,0.0,21.0,0.254,0.254,0.254,10000139,2015-09-23,2015-09-23,C,2.9,2015-04-08
7491,2015-04-08 10:22:00,2015-04-08,0.254,0.0,0.0,21.0,0.254,0.254,0.254,10000139,2015-09-23,2015-09-23,C,2.9,2015-04-08
7492,2015-04-08 10:23:00,2015-04-08,0.254,0.0,0.0,21.0,0.254,0.254,0.254,10000139,2015-09-23,2015-09-23,C,2.9,2015-04-08
7493,2015-04-08 10:24:00,2015-04-08,0.254,0.0,0.0,21.0,0.254,0.254,0.254,10000139,2015-09-23,2015-09-23,C,2.9,2015-04-08
7494,2015-04-08 10:25:00,2015-04-08,0.254,0.0,0.0,21.0,0.254,0.254,0.254,10000139,2015-09-23,2015-09-23,C,2.9,2015-04-08
7495,2015-04-08 10:26:00,2015-04-08,0.254,0.0,0.0,21.0,0.254,0.254,0.254,10000139,2015-09-23,2015-09-23,C,2.9,2015-04-08
7496,2015-04-08 10:27:00,2015-04-08,0.254,0.0,0.0,21.0,0.254,0.254,0.254,10000139,2015-09-23,2015-09-23,C,2.9,2015-04-08
7497,2015-04-08 10:28:00,2015-04-08,0.254,0.0,0.0,21.0,0.254,0.254,0.254,10000139,2015-09-23,2015-09-23,C,2.9,2015-04-08
7498,2015-04-08 10:29:00,2015-04-08,0.254,0.0,0.0,21.0,0.254,0.254,0.254,10000139,2015-09-23,2015-09-23,C,2.9,2015-04-08
7499,2015-04-08 10:30:00,2015-04-08,0.254,0.0,0.0,21.0,0.254,0.254,0.254,10000139,2015-09-23,2015-09-23,C,2.9,2015-04-08
7500,2015-04-08 10:31:00,2015-04-08,0.254,0.0,0.0,21.0,0.254,0.254,0.254,10000139,2015-09-23,2015-09-23,C,2.9,2015-04-08
7501,2015-04-08 10:32:00,2015-04-08,0.254,0.0,0.0,21.0,0.254,0.254,0.254,10000139,2015-09-23,2015-09-23,C,2.9,2015-04-08
7502,2015-04-08 10:33:00,2015-04-08,0.254,0.0,0.0,21.0,0.254,0.254,0.254,10000139,2015-09-23,2015-09-23,C,2.9,2015-04-08
7503,2015-04-08 10:34:00,2015-04-08,0.254,0.0,0.0,21.0,0.254,0.254,0.254,10000139,2015-09-23,2015-09-23,C,2.9,2015-04-08
7504,2015-04-08 10:35:00,2015-04-08,0.254,0.0,0.0,21.0,0.254,0.254,0.254,10000139,2015-09-23,2015-09-23,C,2.9,2015-04-08
7505,2015-04-08 10:36:00,2015-04-08,0.254,0.0,0.0,21.0,0.254,0.254,0.254,10000139,2015-09-23,2015-09-23,C,2.9,2015-04-08
7506,2015-04-08 10:37:00,2015-04-08,0.254,0.0,0.0,21.0,0.254,0.254,0.254,10000139,2015-09-23,2015-09-23,C,2.9,2015-04-08
7507,2015-04-08 10:38:00,2015-04-08,0.254,0.0,0.0,21.0,0.254,0.254,0.254,10000139,2015-09-23,2015-09-23,C,2.9,2015-04-08
7508,2015-04-08 10:39:00,2015-04-08,0.254,0.0,0.0,21.0,0.254,0.254,0.254,10000139,2015-09-23,2015-09-23,C,2.9,2015-04-08
7509,2015-04-08 10:40:00,2015-04-08,0.254,0.0,0.0,21.0,0.254,0.254,0.254,10000139,2015-09-23,2015-09-23,C,2.9,2015-04-08
7510,2015-04-08 10:41:00,2015-04-08,0.2663,2663.0,1.0,22.0,0.2663,0.2663,0.2663,10000139,2015-09-23,2015-09-23,C,2.9,2015-04-08
7511,2015-04-08 10:42:00,2015-04-08,0.2663,0.0,0.0,22.0,0.2663,0.2663,0.2663,10000139,2015-09-23,2015-09-23,C,2.9,2015-04-08
7512,2015-04-08 10:43:00,2015-04-08,0.2663,0.0,0.0,22.0,0.2663,0.2663,0.2663,10000139,2015-09-23,2015-09-23,C,2.9,2015-04-08
7513,2015-04-08 10:44:00,2015-04-08,0.2663,0.0,0.0,22.0,0.2663,0.2663,0.2663,10000139,2015-09-23,2015-09-23,C,2.9,2015-04-08
7514,2015-04-08 10:45:00,2015-04-08,0.2663,0.0,0.0,22.0,0.2663,0.2663,0.2663,10000139,2015-09-23,2015-09-23,C,2.9,2015-04-08
7515,2015-04-08 10:46:00,2015-04-08,0.2663,0.0,0.0,22.0,0.2663,0.2663,0.2663,10000139,2015-09-23,2015-09-23,C,2.9,2015-04-08
7516,2015-04-08 10:47:00,2015-04-08,0.2663,0.0,0.0,22.0,0.2663,0.2663,0.2663,10000139,2015-09-23,2015-09-23,C,2.9,2015-04-08
7517,2015-04-08 10:48:00,2015-04-08,0.2663,0.0,0.0,22.0,0.2663,0.2663,0.2663,10000139,2015-09-23,2015-09-23,C,2.9,2015-04-08
7518,2015-04-08 10:49:00,2015-04-08,0.2663,0.0,0.0,22.0,0.2663,0.2663,0.2663,10000139,2015-09-23,2015-09-23,C,2.9,2015-04-08
7519,2015-04-08 10:50:00,2015-04-08,0.2663,0.0,0.0,22.0,0.2663,0.2663,0.2663,10000139,2015-09-23,2015-09-23,C,2.9,2015-04-08
7520,2015-04-08 10:51:00,2015-04-08,0.2663,0.0,0.0,22.0,0.2663,0.2663,0.2663,10000139,2015-09-23,2015-09-23,C,2.9,2015-04-08
7521,2015-04-08 10:52:00,2015-04-08,0.2663,0.0,0.0,22.0,0.2663,0.2663,0.2663,10000139,2015-09-23,2015-09-23,C,2.9,2015-04-08
7522,2015-04-08 10:53:00,2015-04-08,0.2663,0.0,0.0,22.0,0.2663,0.2663,0.2663,10000139,2015-09-23,2015-09-23,C,2.9,2015-04-08
7523,2015-04-08 10:54:00,2015-04-08,0.2663,0.0,0.0,22.0,0.2663,0.2663,0.2663,10000139,2015-09-23,2015-09-23,C,2.9,2015-04-08
7524,2015-04-08 10:55:00,2015-04-08,0.2663,0.0,0.0,22.0,0.2663,0.2663,0.2663,10000139,2015-09-23,2015-09-23,C,2.9,2015-04-08
7525,2015-04-08 10:56:00,2015-04-08,0.2663,0.0,0.0,22.0,0.2663,0.2663,0.2663,10000139,2015-09-23,2015-09-23,C,2.9,2015-04-08
7526,2015-04-08 10:57:00,2015-04-08,0.2663,0.0,0.0,22.0,0.2663,0.2663,0.2663,10000139,2015-09-23,2015-09-23,C,2.9,2015-04-08
7527,2015-04-08 10:58:00,2015-04-08,0.2663,0.0,0.0,22.0,0.2663,0.2663,0.2663,10000139,2015-09-23,2015-09-23,C,2.9,2015-04-08
7528,2015-04-08 10:59:00,2015-04-08,0.2663,0.0,0.0,22.0,0.2663,0.2663,0.2663,10000139,2015-09-23,2015-09-23,C,2.9,2015-04-08
7529,2015-04-08 11:00:00,2015-04-08,0.2663,0.0,0.0,22.0,0.2663,0.2663,0.2663,10000139,2015-09-23,2015-09-23,C,2.9,2015-04-08
7530,2015-04-08 11:01:00,2015-04-08,0.2663,0.0,0.0,22.0,0.2663,0.2663,0.2663,10000139,2015-09-23,2015-09-23,C,2.9,2015-04-08
7531,2015-04-08 11:02:00,2015-04-08,0.2663,0.0,0.0,22.0,0.2663,0.2663,0.2663,10000139,2015-09-23,2015-09-23,C,2.9,2015-04-08
7532,2015-04-08 11:03:00,2015-04-08,0.2572,5144.0,2.0,24.0,0.2572,0.2572,0.2572,10000139,2015-09-23,2015-09-23,C,2.9,2015-04-08
7533,2015-04-08 11:04:00,2015-04-08,0.2572,0.0,0.0,24.0,0.2572,0.2572,0.2572,10000139,2015-09-23,2015-09-23,C,2.9,2015-04-08
7534,2015-04-08 11:05:00,2015-04-08,0.2572,0.0,0.0,24.0,0.2572,0.2572,0.2572,10000139,2015-09-23,2015-09-23,C,2.9,2015-04-08
7535,2015-04-08 11:06:00,2015-04-08,0.2572,0.0,0.0,24.0,0.2572,0.2572,0.2572,10000139,2015-09-23,2015-09-23,C,2.9,2015-04-08
7536,2015-04-08 11:07:00,2015-04-08,0.2572,0.0,0.0,24.0,0.2572,0.2572,0.2572,10000139,2015-09-23,2015-09-23,C,2.9,2015-04-08
7537,2015-04-08 11:08:00,2015-04-08,0.2572,0.0,0.0,24.0,0.2572,0.2572,0.2572,10000139,2015-09-23,2015-09-23,C,2.9,2015-04-08
7538,2015-04-08 11:09:00,2015-04-08,0.2572,0.0,0.0,24.0,0.2572,0.2572,0.2572,10000139,2015-09-23,2015-09-23,C,2.9,2015-04-08
7539,2015-04-08 11:10:00,2015-04-08,0.2572,0.0,0.0,24.0,0.2572,0.2572,0.2572,10000139,2015-09-23,2015-09-23,C,2.9,2015-04-08
7540,2015-04-08 11:11:00,2015-04-08,0.2572,0.0,0.0,24.0,0.2572,0.2572,0.2572,10000139,2015-09-23,2015-09-23,C,2.9,2015-04-08
7541,2015-04-08 11:12:00,2015-04-08,0.2572,0.0,0.0,24.0,0.2572,0.2572,0.2572,10000139,2015-09-23,2015-09-23,C,2.9,2015-04-08
7542,2015-04-08 11:13:00,2015-04-08,0.2572,0.0,0.0,24.0,0.2572,0.2572,0.2572,10000139,2015-09-23,2015-09-23,C,2.9,2015-04-08
7543,2015-04-08 11:14:00,2015-04-08,0.2572,0.0,0.0,24.0,0.2572,0.2572,0.2572,10000139,2015-09-23,2015-09-23,C,2.9,2015-04-08
7544,2015-04-08 11:15:00,2015-04-08,0.2572,0.0,0.0,24.0,0.2572,0.2572,0.2572,10000139,2015-09-23,2015-09-23,C,2.9,2015-04-08
7545,2015-04-08 11:16:00,2015-04-08,0.2572,0.0,0.0,24.0,0.2572,0.2572,0.2572,10000139,2015-09-23,2015-09-23,C,2.9,2015-04-08
7546,2015-04-08 11:17:00,2015-04-08,0.2572,0.0,0.0,24.0,0.2572,0.2572,0.2572,10000139,2015-09-23,2015-09-23,C,2.9,2015-04-08
7547,2015-04-08 11:18:00,2015-04-08,0.2572,0.0,0.0,24.0,0.2572,0.2572,0.2572,10000139,2015-09-23,2015-09-23,C,2.9,2015-04-08
7548,2015-04-08 11:19:00,2015-04-08,0.2572,0.0,0.0,24.0,0.2572,0.2572,0.2572,10000139,2015-09-23,2015-09-23,C,2.9,2015-04-08
7549,2015-04-08 11:20:00,2015-04-08,0.2572,0.0,0.0,24.0,0.2572,0.2572,0.2572,10000139,2015-09-23,2015-09-23,C,2.9,2015-04-08
7550,2015-04-08 11:21:00,2015-04-08,0.2572,0.0,0.0,24.0,0.2572,0.2572,0.2572,10000139,2015-09-23,2015-09-23,C,2.9,2015-04-08
7551,2015-04-08 11:22:00,2015-04-08,0.2572,0.0,0.0,24.0,0.2572,0.2572,0.2572,10000139,2015-09-23,2015-09-23,C,2.9,2015-04-08
7552,2015-04-08 11:23:00,2015-04-08,0.2572,0.0,0.0,24.0,0.2572,0.2572,0.2572,10000139,2015-09-23,2015-09-23,C,2.9,2015-04-08
7553,2015-04-08 11:24:00,2015-04-08,0.2572,0.0,0.0,24.0,0.2572,0.2572,0.2572,10000139,2015-09-23,2015-09-23,C,2.9,2015-04-08
7554,2015-04-08 11:25:00,2015-04-08,0.2572,0.0,0.0,24.0,0.2572,0.2572,0.2572,10000139,2015-09-23,2015-09-23,C,2.9,2015-04-08
7555,2015-04-08 11:26:00,2015-04-08,0.2572,0.0,0.0,24.0,0.2572,0.2572,0.2572,10000139,2015-09-23,2015-09-23,C,2.9,2015-04-08
7556,2015-04-08 11:27:00,2015-04-08,0.2572,0.0,0.0,24.0,0.2572,0.2572,0.2572,10000139,2015-09-23,2015-09-23,C,2.9,2015-04-08
7557,2015-04-08 11:28:00,2015-04-08,0.2572,0.0,0.0,24.0,0.2572,0.2572,0.2572,10000139,2015-09-23,2015-09-23,C,2.9,2015-04-08
7558,2015-04-08 11:29:00,2015-04-08,0.2572,0.0,0.0,24.0,0.2572,0.2572,0.2572,10000139,2015-09-23,2015-09-23,C,2.9,2015-04-08
7559,2015-04-08 11:30:00,2015-04-08,0.2572,0.0,0.0,24.0,0.2572,0.2572,0.2572,10000139,2015-09-23,2015-09-23,C,2.9,2015-04-08
7560,2015-04-08 13:01:00,2015-04-08,0.2572,0.0,0.0,24.0,0.2572,0.2572,0.2572,10000139,2015-09-23,2015-09-23,C,2.9,2015-04-08
7561,2015-04-08 13:02:00,2015-04-08,0.2572,0.0,0.0,24.0,0.2572,0.2572,0.2572,10000139,2015-09-23,2015-09-23,C,2.9,2015-04-08
7562,2015-04-08 13:03:00,2015-04-08,0.2572,0.0,0.0,24.0,0.2572,0.2572,0.2572,10000139,2015-09-23,2015-09-23,C,2.9,2015-04-08
7563,2015-04-08 13:04:00,2015-04-08,0.2572,0.0,0.0,24.0,0.2572,0.2572,0.2572,10000139,2015-09-23,2015-09-23,C,2.9,2015-04-08
7564,2015-04-08 13:05:00,2015-04-08,0.2572,0.0,0.0,24.0,0.2572,0.2572,0.2572,10000139,2015-09-23,2015-09-23,C,2.9,2015-04-08
7565,2015-04-08 13:06:00,2015-04-08,0.2572,0.0,0.0,24.0,0.2572,0.2572,0.2572,10000139,2015-09-23,2015-09-23,C,2.9,2015-04-08
7566,2015-04-08 13:07:00,2015-04-08,0.2572,0.0,0.0,24.0,0.2572,0.2572,0.2572,10000139,2015-09-23,2015-09-23,C,2.9,2015-04-08
7567,2015-04-08 13:08:00,2015-04-08,0.2572,0.0,0.0,24.0,0.2572,0.2572,0.2572,10000139,2015-09-23,2015-09-23,C,2.9,2015-04-08
7568,2015-04-08 13:09:00,2015-04-08,0.2572,0.0,0.0,24.0,0.2572,0.2572,0.2572,10000139,2015-09-23,2015-09-23,C,2.9,2015-04-08
7569,2015-04-08 13:10:00,2015-04-08,0.2572,0.0,0.0,24.0,0.2572,0.2572,0.2572,10000139,2015-09-23,2015-09-23,C,2.9,2015-04-08
7570,2015-04-08 13:11:00,2015-04-08,0.2572,0.0,0.0,24.0,0.2572,0.2572,0.2572,10000139,2015-09-23,2015-09-23,C,2.9,2015-04-08
7571,2015-04-08 13:12:00,2015-04-08,0.2572,0.0,0.0,24.0,0.2572,0.2572,0.2572,10000139,2015-09-23,2015-09-23,C,2.9,2015-04-08
7572,2015-04-08 13:13:00,2015-04-08,0.2572,0.0,0.0,24.0,0.2572,0.2572,0.2572,10000139,2015-09-23,2015-09-23,C,2.9,2015-04-08
7573,2015-04-08 13:14:00,2015-04-08,0.2572,0.0,0.0,24.0,0.2572,0.2572,0.2572,10000139,2015-09-23,2015-09-23,C,2.9,2015-04-08
7574,2015-04-08 13:15:00,2015-04-08,0.2572,0.0,0.0,24.0,0.2572,0.2572,0.2572,10000139,2015-09-23,2015-09-23,C,2.9,2015-04-08
7575,2015-04-08 13:16:00,2015-04-08,0.2572,0.0,0.0,24.0,0.2572,0.2572,0.2572,10000139,2015-09-23,2015-09-23,C,2.9,2015-04-08
7576,2015-04-08 13:17:00,2015-04-08,0.2572,0.0,0.0,24.0,0.2572,0.2572,0.2572,10000139,2015-09-23,2015-09-23,C,2.9,2015-04-08
7577,2015-04-08 13:18:00,2015-04-08,0.2572,0.0,0.0,24.0,0.2572,0.2572,0.2572,10000139,2015-09-23,2015-09-23,C,2.9,2015-04-08
7578,2015-04-08 13:19:00,2015-04-08,0.2572,0.0,0.0,24.0,0.2572,0.2572,0.2572,10000139,2015-09-23,2015-09-23,C,2.9,2015-04-08
7579,2015-04-08 13:20:00,2015-04-08,0.2572,0.0,0.0,24.0,0.2572,0.2572,0.2572,10000139,2015-09-23,2015-09-23,C,2.9,2015-04-08
7580,2015-04-08 13:21:00,2015-04-08,0.2572,0.0,0.0,24.0,0.2572,0.2572,0.2572,10000139,2015-09-23,2015-09-23,C,2.9,2015-04-08
7581,2015-04-08 13:22:00,2015-04-08,0.2572,0.0,0.0,24.0,0.2572,0.2572,0.2572,10000139,2015-09-23,2015-09-23,C,2.9,2015-04-08
7582,2015-04-08 13:23:00,2015-04-08,0.2572,0.0,0.0,24.0,0.2572,0.2572,0.2572,10000139,2015-09-23,2015-09-23,C,2.9,2015-04-08
7583,2015-04-08 13:24:00,2015-04-08,0.2572,0.0,0.0,24.0,0.2572,0.2572,0.2572,10000139,2015-09-23,2015-09-23,C,2.9,2015-04-08
7584,2015-04-08 13:25:00,2015-04-08,0.2572,0.0,0.0,24.0,0.2572,0.2572,0.2572,10000139,2015-09-23,2015-09-23,C,2.9,2015-04-08
7585,2015-04-08 13:26:00,2015-04-08,0.2572,0.0,0.0,24.0,0.2572,0.2572,0.2572,10000139,2015-09-23,2015-09-23,C,2.9,2015-04-08
7586,2015-04-08 13:27:00,2015-04-08,0.2572,0.0,0.0,24.0,0.2572,0.2572,0.2572,10000139,2015-09-23,2015-09-23,C,2.9,2015-04-08
7587,2015-04-08 13:28:00,2015-04-08,0.2572,0.0,0.0,24.0,0.2572,0.2572,0.2572,10000139,2015-09-23,2015-09-23,C,2.9,2015-04-08
7588,2015-04-08 13:29:00,2015-04-08,0.2572,0.0,0.0,24.0,0.2572,0.2572,0.2572,10000139,2015-09-23,2015-09-23,C,2.9,2015-04-08
7589,2015-04-08 13:30:00,2015-04-08,0.2572,0.0,0.0,24.0,0.2572,0.2572,0.2572,10000139,2015-09-23,2015-09-23,C,2.9,2015-04-08
7590,2015-04-08 13:31:00,2015-04-08,0.2931,23448.0,8.0,32.0,0.2931,0.2931,0.2931,10000139,2015-09-23,2015-09-23,C,2.9,2015-04-08
7591,2015-04-08 13:32:00,2015-04-08,0.285,14250.0,5.0,32.0,0.285,0.285,0.285,10000139,2015-09-23,2015-09-23,C,2.9,2015-04-08
7592,2015-04-08 13:33:00,2015-04-08,0.285,0.0,0.0,32.0,0.285,0.285,0.285,10000139,2015-09-23,2015-09-23,C,2.9,2015-04-08
7593,2015-04-08 13:34:00,2015-04-08,0.285,0.0,0.0,32.0,0.285,0.285,0.285,10000139,2015-09-23,2015-09-23,C,2.9,2015-04-08
7594,2015-04-08 13:35:00,2015-04-08,0.285,0.0,0.0,32.0,0.285,0.285,0.285,10000139,2015-09-23,2015-09-23,C,2.9,2015-04-08
7595,2015-04-08 13:36:00,2015-04-08,0.285,0.0,0.0,32.0,0.285,0.285,0.285,10000139,2015-09-23,2015-09-23,C,2.9,2015-04-08
7596,2015-04-08 13:37:00,2015-04-08,0.285,0.0,0.0,32.0,0.285,0.285,0.285,10000139,2015-09-23,2015-09-23,C,2.9,2015-04-08
7597,2015-04-08 13:38:00,2015-04-08,0.285,0.0,0.0,32.0,0.285,0.285,0.285,10000139,2015-09-23,2015-09-23,C,2.9,2015-04-08
7598,2015-04-08 13:39:00,2015-04-08,0.285,0.0,0.0,32.0,0.285,0.285,0.285,10000139,2015-09-23,2015-09-23,C,2.9,2015-04-08
7599,2015-04-08 13:40:00,2015-04-08,0.285,0.0,0.0,32.0,0.285,0.285,0.285,10000139,2015-09-23,2015-09-23,C,2.9,2015-04-08
7600,2015-04-08 13:41:00,2015-04-08,0.285,0.0,0.0,32.0,0.285,0.285,0.285,10000139,2015-09-23,2015-09-23,C,2.9,2015-04-08
7601,2015-04-08 13:42:00,2015-04-08,0.285,0.0,0.0,32.0,0.285,0.285,0.285,10000139,2015-09-23,2015-09-23,C,2.9,2015-04-08
7602,2015-04-08 13:43:00,2015-04-08,0.285,0.0,0.0,32.0,0.285,0.285,0.285,10000139,2015-09-23,2015-09-23,C,2.9,2015-04-08
7603,2015-04-08 13:44:00,2015-04-08,0.285,0.0,0.0,32.0,0.285,0.285,0.285,10000139,2015-09-23,2015-09-23,C,2.9,2015-04-08
7604,2015-04-08 13:45:00,2015-04-08,0.285,0.0,0.0,32.0,0.285,0.285,0.285,10000139,2015-09-23,2015-09-23,C,2.9,2015-04-08
7605,2015-04-08 13:46:00,2015-04-08,0.285,0.0,0.0,32.0,0.285,0.285,0.285,10000139,2015-09-23,2015-09-23,C,2.9,2015-04-08
7606,2015-04-08 13:47:00,2015-04-08,0.285,0.0,0.0,32.0,0.285,0.285,0.285,10000139,2015-09-23,2015-09-23,C,2.9,2015-04-08
7607,2015-04-08 13:48:00,2015-04-08,0.285,0.0,0.0,32.0,0.285,0.285,0.285,10000139,2015-09-23,2015-09-23,C,2.9,2015-04-08
7608,2015-04-08 13:49:00,2015-04-08,0.285,0.0,0.0,32.0,0.285,0.285,0.285,10000139,2015-09-23,2015-09-23,C,2.9,2015-04-08
7609,2015-04-08 13:50:00,2015-04-08,0.285,0.0,0.0,32.0,0.285,0.285,0.285,10000139,2015-09-23,2015-09-23,C,2.9,2015-04-08
7610,2015-04-08 13:51:00,2015-04-08,0.285,0.0,0.0,32.0,0.285,0.285,0.285,10000139,2015-09-23,2015-09-23,C,2.9,2015-04-08
7611,2015-04-08 13:52:00,2015-04-08,0.285,0.0,0.0,32.0,0.285,0.285,0.285,10000139,2015-09-23,2015-09-23,C,2.9,2015-04-08
7612,2015-04-08 13:53:00,2015-04-08,0.285,0.0,0.0,32.0,0.285,0.285,0.285,10000139,2015-09-23,2015-09-23,C,2.9,2015-04-08
7613,2015-04-08 13:54:00,2015-04-08,0.2936,29136.0,10.0,42.0,0.2908,0.2936,0.2908,10000139,2015-09-23,2015-09-23,C,2.9,2015-04-08
7614,2015-04-08 13:55:00,2015-04-08,0.2936,0.0,0.0,42.0,0.2936,0.2936,0.2936,10000139,2015-09-23,2015-09-23,C,2.9,2015-04-08
7615,2015-04-08 13:56:00,2015-04-08,0.2936,0.0,0.0,42.0,0.2936,0.2936,0.2936,10000139,2015-09-23,2015-09-23,C,2.9,2015-04-08
7616,2015-04-08 13:57:00,2015-04-08,0.2936,0.0,0.0,42.0,0.2936,0.2936,0.2936,10000139,2015-09-23,2015-09-23,C,2.9,2015-04-08
7617,2015-04-08 13:58:00,2015-04-08,0.2936,0.0,0.0,42.0,0.2936,0.2936,0.2936,10000139,2015-09-23,2015-09-23,C,2.9,2015-04-08
7618,2015-04-08 13:59:00,2015-04-08,0.2936,0.0,0.0,42.0,0.2936,0.2936,0.2936,10000139,2015-09-23,2015-09-23,C,2.9,2015-04-08
7619,2015-04-08 14:00:00,2015-04-08,0.2936,0.0,0.0,42.0,0.2936,0.2936,0.2936,10000139,2015-09-23,2015-09-23,C,2.9,2015-04-08
7620,2015-04-08 14:01:00,2015-04-08,0.2936,0.0,0.0,42.0,0.2936,0.2936,0.2936,10000139,2015-09-23,2015-09-23,C,2.9,2015-04-08
7621,2015-04-08 14:02:00,2015-04-08,0.2936,0.0,0.0,42.0,0.2936,0.2936,0.2936,10000139,2015-09-23,2015-09-23,C,2.9,2015-04-08
7622,2015-04-08 14:03:00,2015-04-08,0.2936,0.0,0.0,42.0,0.2936,0.2936,0.2936,10000139,2015-09-23,2015-09-23,C,2.9,2015-04-08
7623,2015-04-08 14:04:00,2015-04-08,0.2936,0.0,0.0,42.0,0.2936,0.2936,0.2936,10000139,2015-09-23,2015-09-23,C,2.9,2015-04-08
7624,2015-04-08 14:05:00,2015-04-08,0.2936,0.0,0.0,42.0,0.2936,0.2936,0.2936,10000139,2015-09-23,2015-09-23,C,2.9,2015-04-08
7625,2015-04-08 14:06:00,2015-04-08,0.2936,0.0,0.0,42.0,0.2936,0.2936,0.2936,10000139,2015-09-23,2015-09-23,C,2.9,2015-04-08
7626,2015-04-08 14:07:00,2015-04-08,0.2936,0.0,0.0,42.0,0.2936,0.2936,0.2936,10000139,2015-09-23,2015-09-23,C,2.9,2015-04-08
7627,2015-04-08 14:08:00,2015-04-08,0.2936,0.0,0.0,42.0,0.2936,0.2936,0.2936,10000139,2015-09-23,2015-09-23,C,2.9,2015-04-08
7628,2015-04-08 14:09:00,2015-04-08,0.2936,0.0,0.0,42.0,0.2936,0.2936,0.2936,10000139,2015-09-23,2015-09-23,C,2.9,2015-04-08
7629,2015-04-08 14:10:00,2015-04-08,0.2936,0.0,0.0,42.0,0.2936,0.2936,0.2936,10000139,2015-09-23,2015-09-23,C,2.9,2015-04-08
7630,2015-04-08 14:11:00,2015-04-08,0.2936,0.0,0.0,42.0,0.2936,0.2936,0.2936,10000139,2015-09-23,2015-09-23,C,2.9,2015-04-08
7631,2015-04-08 14:12:00,2015-04-08,0.2936,0.0,0.0,42.0,0.2936,0.2936,0.2936,10000139,2015-09-23,2015-09-23,C,2.9,2015-04-08
7632,2015-04-08 14:13:00,2015-04-08,0.2936,0.0,0.0,42.0,0.2936,0.2936,0.2936,10000139,2015-09-23,2015-09-23,C,2.9,2015-04-08
7633,2015-04-08 14:14:00,2015-04-08,0.2936,29355.0,10.0,52.0,0.2936,0.2936,0.2936,10000139,2015-09-23,2015-09-23,C,2.9,2015-04-08
7634,2015-04-08 14:15:00,2015-04-08,0.2936,0.0,0.0,52.0,0.2936,0.2936,0.2936,10000139,2015-09-23,2015-09-23,C,2.9,2015-04-08
7635,2015-04-08 14:16:00,2015-04-08,0.2936,0.0,0.0,52.0,0.2936,0.2936,0.2936,10000139,2015-09-23,2015-09-23,C,2.9,2015-04-08
7636,2015-04-08 14:17:00,2015-04-08,0.2936,0.0,0.0,52.0,0.2936,0.2936,0.2936,10000139,2015-09-23,2015-09-23,C,2.9,2015-04-08
7637,2015-04-08 14:18:00,2015-04-08,0.2936,0.0,0.0,52.0,0.2936,0.2936,0.2936,10000139,2015-09-23,2015-09-23,C,2.9,2015-04-08
7638,2015-04-08 14:19:00,2015-04-08,0.2936,0.0,0.0,52.0,0.2936,0.2936,0.2936,10000139,2015-09-23,2015-09-23,C,2.9,2015-04-08
7639,2015-04-08 14:20:00,2015-04-08,0.2936,0.0,0.0,52.0,0.2936,0.2936,0.2936,10000139,2015-09-23,2015-09-23,C,2.9,2015-04-08
7640,2015-04-08 14:21:00,2015-04-08,0.2936,0.0,0.0,52.0,0.2936,0.2936,0.2936,10000139,2015-09-23,2015-09-23,C,2.9,2015-04-08
7641,2015-04-08 14:22:00,2015-04-08,0.2936,0.0,0.0,52.0,0.2936,0.2936,0.2936,10000139,2015-09-23,2015-09-23,C,2.9,2015-04-08
7642,2015-04-08 14:23:00,2015-04-08,0.2936,0.0,0.0,52.0,0.2936,0.2936,0.2936,10000139,2015-09-23,2015-09-23,C,2.9,2015-04-08
7643,2015-04-08 14:24:00,2015-04-08,0.2936,0.0,0.0,52.0,0.2936,0.2936,0.2936,10000139,2015-09-23,2015-09-23,C,2.9,2015-04-08
7644,2015-04-08 14:25:00,2015-04-08,0.2936,0.0,0.0,52.0,0.2936,0.2936,0.2936,10000139,2015-09-23,2015-09-23,C,2.9,2015-04-08
7645,2015-04-08 14:26:00,2015-04-08,0.2936,0.0,0.0,52.0,0.2936,0.2936,0.2936,10000139,2015-09-23,2015-09-23,C,2.9,2015-04-08
7646,2015-04-08 14:27:00,2015-04-08,0.2936,0.0,0.0,52.0,0.2936,0.2936,0.2936,10000139,2015-09-23,2015-09-23,C,2.9,2015-04-08
7647,2015-04-08 14:28:00,2015-04-08,0.2936,0.0,0.0,52.0,0.2936,0.2936,0.2936,10000139,2015-09-23,2015-09-23,C,2.9,2015-04-08
7648,2015-04-08 14:29:00,2015-04-08,0.2936,0.0,0.0,52.0,0.2936,0.2936,0.2936,10000139,2015-09-23,2015-09-23,C,2.9,2015-04-08
7649,2015-04-08 14:30:00,2015-04-08,0.2936,0.0,0.0,52.0,0.2936,0.2936,0.2936,10000139,2015-09-23,2015-09-23,C,2.9,2015-04-08
7650,2015-04-08 14:31:00,2015-04-08,0.2936,0.0,0.0,52.0,0.2936,0.2936,0.2936,10000139,2015-09-23,2015-09-23,C,2.9,2015-04-08
7651,2015-04-08 14:32:00,2015-04-08,0.2936,0.0,0.0,52.0,0.2936,0.2936,0.2936,10000139,2015-09-23,2015-09-23,C,2.9,2015-04-08
7652,2015-04-08 14:33:00,2015-04-08,0.2936,0.0,0.0,52.0,0.2936,0.2936,0.2936,10000139,2015-09-23,2015-09-23,C,2.9,2015-04-08
7653,2015-04-08 14:34:00,2015-04-08,0.2936,0.0,0.0,52.0,0.2936,0.2936,0.2936,10000139,2015-09-23,2015-09-23,C,2.9,2015-04-08
7654,2015-04-08 14:35:00,2015-04-08,0.2936,0.0,0.0,52.0,0.2936,0.2936,0.2936,10000139,2015-09-23,2015-09-23,C,2.9,2015-04-08
7655,2015-04-08 14:36:00,2015-04-08,0.2936,0.0,0.0,52.0,0.2936,0.2936,0.2936,10000139,2015-09-23,2015-09-23,C,2.9,2015-04-08
7656,2015-04-08 14:37:00,2015-04-08,0.2936,0.0,0.0,52.0,0.2936,0.2936,0.2936,10000139,2015-09-23,2015-09-23,C,2.9,2015-04-08
7657,2015-04-08 14:38:00,2015-04-08,0.2936,0.0,0.0,52.0,0.2936,0.2936,0.2936,10000139,2015-09-23,2015-09-23,C,2.9,2015-04-08
7658,2015-04-08 14:39:00,2015-04-08,0.2936,0.0,0.0,52.0,0.2936,0.2936,0.2936,10000139,2015-09-23,2015-09-23,C,2.9,2015-04-08
7659,2015-04-08 14:40:00,2015-04-08,0.2936,0.0,0.0,52.0,0.2936,0.2936,0.2936,10000139,2015-09-23,2015-09-23,C,2.9,2015-04-08
7660,2015-04-08 14:41:00,2015-04-08,0.2936,0.0,0.0,52.0,0.2936,0.2936,0.2936,10000139,2015-09-23,2015-09-23,C,2.9,2015-04-08
7661,2015-04-08 14:42:00,2015-04-08,0.2936,0.0,0.0,52.0,0.2936,0.2936,0.2936,10000139,2015-09-23,2015-09-23,C,2.9,2015-04-08
7662,2015-04-08 14:43:00,2015-04-08,0.2936,0.0,0.0,52.0,0.2936,0.2936,0.2936,10000139,2015-09-23,2015-09-23,C,2.9,2015-04-08
7663,2015-04-08 14:44:00,2015-04-08,0.2936,0.0,0.0,52.0,0.2936,0.2936,0.2936,10000139,2015-09-23,2015-09-23,C,2.9,2015-04-08
7664,2015-04-08 14:45:00,2015-04-08,0.2936,0.0,0.0,52.0,0.2936,0.2936,0.2936,10000139,2015-09-23,2015-09-23,C,2.9,2015-04-08
7665,2015-04-08 14:46:00,2015-04-08,0.2936,0.0,0.0,52.0,0.2936,0.2936,0.2936,10000139,2015-09-23,2015-09-23,C,2.9,2015-04-08
7666,2015-04-08 14:47:00,2015-04-08,0.2936,0.0,0.0,52.0,0.2936,0.2936,0.2936,10000139,2015-09-23,2015-09-23,C,2.9,2015-04-08
7667,2015-04-08 14:48:00,2015-04-08,0.2936,0.0,0.0,52.0,0.2936,0.2936,0.2936,10000139,2015-09-23,2015-09-23,C,2.9,2015-04-08
7668,2015-04-08 14:49:00,2015-04-08,0.2936,0.0,0.0,52.0,0.2936,0.2936,0.2936,10000139,2015-09-23,2015-09-23,C,2.9,2015-04-08
7669,2015-04-08 14:50:00,2015-04-08,0.2936,0.0,0.0,52.0,0.2936,0.2936,0.2936,10000139,2015-09-23,2015-09-23,C,2.9,2015-04-08
7670,2015-04-08 14:51:00,2015-04-08,0.2936,0.0,0.0,52.0,0.2936,0.2936,0.2936,10000139,2015-09-23,2015-09-23,C,2.9,2015-04-08
7671,2015-04-08 14:52:00,2015-04-08,0.2936,0.0,0.0,52.0,0.2936,0.2936,0.2936,10000139,2015-09-23,2015-09-23,C,2.9,2015-04-08
7672,2015-04-08 14:53:00,2015-04-08,0.2936,0.0,0.0,52.0,0.2936,0.2936,0.2936,10000139,2015-09-23,2015-09-23,C,2.9,2015-04-08
7673,2015-04-08 14:54:00,2015-04-08,0.2936,0.0,0.0,52.0,0.2936,0.2936,0.2936,10000139,2015-09-23,2015-09-23,C,2.9,2015-04-08
7674,2015-04-08 14:55:00,2015-04-08,0.2936,0.0,0.0,52.0,0.2936,0.2936,0.2936,10000139,2015-09-23,2015-09-23,C,2.9,2015-04-08
7675,2015-04-08 14:56:00,2015-04-08,0.2936,0.0,0.0,52.0,0.2936,0.2936,0.2936,10000139,2015-09-23,2015-09-23,C,2.9,2015-04-08
7676,2015-04-08 14:57:00,2015-04-08,0.2936,0.0,0.0,52.0,0.2936,0.2936,0.2936,10000139,2015-09-23,2015-09-23,C,2.9,2015-04-08
7677,2015-04-08 14:58:00,2015-04-08,0.2936,0.0,0.0,52.0,0.2936,0.2936,0.2936,10000139,2015-09-23,2015-09-23,C,2.9,2015-04-08
7678,2015-04-08 14:59:00,2015-04-08,0.2936,0.0,0.0,52.0,0.2936,0.2936,0.2936,10000139,2015-09-23,2015-09-23,C,2.9,2015-04-08
7679,2015-04-08 15:00:00,2015-04-08,0.2936,0.0,0.0,52.0,0.2936,0.2936,0.2936,10000139,2015-09-23,2015-09-23,C,2.9,2015-04-08
7680,2015-04-08 09:31:00,2015-04-08,0.0254,1781.0,7.0,614.0,0.0258,0.0249,0.0249,10000030,2015-06-24,2015-06-24,P,2.4,2015-02-09
7681,2015-04-08 09:32:00,2015-04-08,0.0249,0.0,0.0,614.0,0.0249,0.0249,0.0249,10000030,2015-06-24,2015-06-24,P,2.4,2015-02-09
7682,2015-04-08 09:33:00,2015-04-08,0.0249,0.0,0.0,614.0,0.0249,0.0249,0.0249,10000030,2015-06-24,2015-06-24,P,2.4,2015-02-09
7683,2015-04-08 09:34:00,2015-04-08,0.0249,0.0,0.0,614.0,0.0249,0.0249,0.0249,10000030,2015-06-24,2015-06-24,P,2.4,2015-02-09
7684,2015-04-08 09:35:00,2015-04-08,0.0249,0.0,0.0,614.0,0.0249,0.0249,0.0249,10000030,2015-06-24,2015-06-24,P,2.4,2015-02-09
7685,2015-04-08 09:36:00,2015-04-08,0.0249,0.0,0.0,614.0,0.0249,0.0249,0.0249,10000030,2015-06-24,2015-06-24,P,2.4,2015-02-09
7686,2015-04-08 09:37:00,2015-04-08,0.0249,0.0,0.0,614.0,0.0249,0.0249,0.0249,10000030,2015-06-24,2015-06-24,P,2.4,2015-02-09
7687,2015-04-08 09:38:00,2015-04-08,0.0249,0.0,0.0,614.0,0.0249,0.0249,0.0249,10000030,2015-06-24,2015-06-24,P,2.4,2015-02-09
7688,2015-04-08 09:39:00,2015-04-08,0.0249,0.0,0.0,614.0,0.0249,0.0249,0.0249,10000030,2015-06-24,2015-06-24,P,2.4,2015-02-09
7689,2015-04-08 09:40:00,2015-04-08,0.0249,0.0,0.0,614.0,0.0249,0.0249,0.0249,10000030,2015-06-24,2015-06-24,P,2.4,2015-02-09
7690,2015-04-08 09:41:00,2015-04-08,0.0249,0.0,0.0,614.0,0.0249,0.0249,0.0249,10000030,2015-06-24,2015-06-24,P,2.4,2015-02-09
7691,2015-04-08 09:42:00,2015-04-08,0.0249,0.0,0.0,614.0,0.0249,0.0249,0.0249,10000030,2015-06-24,2015-06-24,P,2.4,2015-02-09
7692,2015-04-08 09:43:00,2015-04-08,0.0249,0.0,0.0,614.0,0.0249,0.0249,0.0249,10000030,2015-06-24,2015-06-24,P,2.4,2015-02-09
7693,2015-04-08 09:44:00,2015-04-08,0.0249,0.0,0.0,614.0,0.0249,0.0249,0.0249,10000030,2015-06-24,2015-06-24,P,2.4,2015-02-09
7694,2015-04-08 09:45:00,2015-04-08,0.0249,0.0,0.0,614.0,0.0249,0.0249,0.0249,10000030,2015-06-24,2015-06-24,P,2.4,2015-02-09
7695,2015-04-08 09:46:00,2015-04-08,0.0249,0.0,0.0,614.0,0.0249,0.0249,0.0249,10000030,2015-06-24,2015-06-24,P,2.4,2015-02-09
7696,2015-04-08 09:47:00,2015-04-08,0.0249,0.0,0.0,614.0,0.0249,0.0249,0.0249,10000030,2015-06-24,2015-06-24,P,2.4,2015-02-09
7697,2015-04-08 09:48:00,2015-04-08,0.0249,0.0,0.0,614.0,0.0249,0.0249,0.0249,10000030,2015-06-24,2015-06-24,P,2.4,2015-02-09
7698,2015-04-08 09:49:00,2015-04-08,0.0249,0.0,0.0,614.0,0.0249,0.0249,0.0249,10000030,2015-06-24,2015-06-24,P,2.4,2015-02-09
7699,2015-04-08 09:50:00,2015-04-08,0.0249,0.0,0.0,614.0,0.0249,0.0249,0.0249,10000030,2015-06-24,2015-06-24,P,2.4,2015-02-09
7700,2015-04-08 09:51:00,2015-04-08,0.0249,0.0,0.0,614.0,0.0249,0.0249,0.0249,10000030,2015-06-24,2015-06-24,P,2.4,2015-02-09
7701,2015-04-08 09:52:00,2015-04-08,0.0249,0.0,0.0,614.0,0.0249,0.0249,0.0249,10000030,2015-06-24,2015-06-24,P,2.4,2015-02-09
7702,2015-04-08 09:53:00,2015-04-08,0.0249,0.0,0.0,614.0,0.0249,0.0249,0.0249,10000030,2015-06-24,2015-06-24,P,2.4,2015-02-09
7703,2015-04-08 09:54:00,2015-04-08,0.0249,0.0,0.0,614.0,0.0249,0.0249,0.0249,10000030,2015-06-24,2015-06-24,P,2.4,2015-02-09
7704,2015-04-08 09:55:00,2015-04-08,0.0249,0.0,0.0,614.0,0.0249,0.0249,0.0249,10000030,2015-06-24,2015-06-24,P,2.4,2015-02-09
7705,2015-04-08 09:56:00,2015-04-08,0.0249,0.0,0.0,614.0,0.0249,0.0249,0.0249,10000030,2015-06-24,2015-06-24,P,2.4,2015-02-09
7706,2015-04-08 09:57:00,2015-04-08,0.0249,0.0,0.0,614.0,0.0249,0.0249,0.0249,10000030,2015-06-24,2015-06-24,P,2.4,2015-02-09
7707,2015-04-08 09:58:00,2015-04-08,0.0249,0.0,0.0,614.0,0.0249,0.0249,0.0249,10000030,2015-06-24,2015-06-24,P,2.4,2015-02-09
7708,2015-04-08 09:59:00,2015-04-08,0.0249,0.0,0.0,614.0,0.0249,0.0249,0.0249,10000030,2015-06-24,2015-06-24,P,2.4,2015-02-09
7709,2015-04-08 10:00:00,2015-04-08,0.0249,0.0,0.0,614.0,0.0249,0.0249,0.0249,10000030,2015-06-24,2015-06-24,P,2.4,2015-02-09
7710,2015-04-08 10:01:00,2015-04-08,0.0249,0.0,0.0,614.0,0.0249,0.0249,0.0249,10000030,2015-06-24,2015-06-24,P,2.4,2015-02-09
7711,2015-04-08 10:02:00,2015-04-08,0.0249,0.0,0.0,614.0,0.0249,0.0249,0.0249,10000030,2015-06-24,2015-06-24,P,2.4,2015-02-09
7712,2015-04-08 10:03:00,2015-04-08,0.0249,0.0,0.0,614.0,0.0249,0.0249,0.0249,10000030,2015-06-24,2015-06-24,P,2.4,2015-02-09
7713,2015-04-08 10:04:00,2015-04-08,0.0249,0.0,0.0,614.0,0.0249,0.0249,0.0249,10000030,2015-06-24,2015-06-24,P,2.4,2015-02-09
7714,2015-04-08 10:05:00,2015-04-08,0.0249,0.0,0.0,614.0,0.0249,0.0249,0.0249,10000030,2015-06-24,2015-06-24,P,2.4,2015-02-09
7715,2015-04-08 10:06:00,2015-04-08,0.0249,0.0,0.0,614.0,0.0249,0.0249,0.0249,10000030,2015-06-24,2015-06-24,P,2.4,2015-02-09
7716,2015-04-08 10:07:00,2015-04-08,0.0249,0.0,0.0,614.0,0.0249,0.0249,0.0249,10000030,2015-06-24,2015-06-24,P,2.4,2015-02-09
7717,2015-04-08 10:08:00,2015-04-08,0.0249,0.0,0.0,614.0,0.0249,0.0249,0.0249,10000030,2015-06-24,2015-06-24,P,2.4,2015-02-09
7718,2015-04-08 10:09:00,2015-04-08,0.0249,0.0,0.0,614.0,0.0249,0.0249,0.0249,10000030,2015-06-24,2015-06-24,P,2.4,2015-02-09
7719,2015-04-08 10:10:00,2015-04-08,0.0249,0.0,0.0,614.0,0.0249,0.0249,0.0249,10000030,2015-06-24,2015-06-24,P,2.4,2015-02-09
7720,2015-04-08 10:11:00,2015-04-08,0.0249,0.0,0.0,614.0,0.0249,0.0249,0.0249,10000030,2015-06-24,2015-06-24,P,2.4,2015-02-09
7721,2015-04-08 10:12:00,2015-04-08,0.0249,0.0,0.0,614.0,0.0249,0.0249,0.0249,10000030,2015-06-24,2015-06-24,P,2.4,2015-02-09
7722,2015-04-08 10:13:00,2015-04-08,0.0245,1225.0,5.0,619.0,0.0245,0.0245,0.0245,10000030,2015-06-24,2015-06-24,P,2.4,2015-02-09
7723,2015-04-08 10:14:00,2015-04-08,0.0245,0.0,0.0,619.0,0.0245,0.0245,0.0245,10000030,2015-06-24,2015-06-24,P,2.4,2015-02-09
7724,2015-04-08 10:15:00,2015-04-08,0.0247,1235.0,5.0,624.0,0.0247,0.0247,0.0247,10000030,2015-06-24,2015-06-24,P,2.4,2015-02-09
7725,2015-04-08 10:16:00,2015-04-08,0.0247,0.0,0.0,624.0,0.0247,0.0247,0.0247,10000030,2015-06-24,2015-06-24,P,2.4,2015-02-09
7726,2015-04-08 10:17:00,2015-04-08,0.0247,0.0,0.0,624.0,0.0247,0.0247,0.0247,10000030,2015-06-24,2015-06-24,P,2.4,2015-02-09
7727,2015-04-08 10:18:00,2015-04-08,0.0247,0.0,0.0,624.0,0.0247,0.0247,0.0247,10000030,2015-06-24,2015-06-24,P,2.4,2015-02-09
7728,2015-04-08 10:19:00,2015-04-08,0.0247,0.0,0.0,624.0,0.0247,0.0247,0.0247,10000030,2015-06-24,2015-06-24,P,2.4,2015-02-09
7729,2015-04-08 10:20:00,2015-04-08,0.0247,0.0,0.0,624.0,0.0247,0.0247,0.0247,10000030,2015-06-24,2015-06-24,P,2.4,2015-02-09
7730,2015-04-08 10:21:00,2015-04-08,0.0247,0.0,0.0,624.0,0.0247,0.0247,0.0247,10000030,2015-06-24,2015-06-24,P,2.4,2015-02-09
7731,2015-04-08 10:22:00,2015-04-08,0.0247,0.0,0.0,624.0,0.0247,0.0247,0.0247,10000030,2015-06-24,2015-06-24,P,2.4,2015-02-09
7732,2015-04-08 10:23:00,2015-04-08,0.0247,0.0,0.0,624.0,0.0247,0.0247,0.0247,10000030,2015-06-24,2015-06-24,P,2.4,2015-02-09
7733,2015-04-08 10:24:00,2015-04-08,0.0247,0.0,0.0,624.0,0.0247,0.0247,0.0247,10000030,2015-06-24,2015-06-24,P,2.4,2015-02-09
7734,2015-04-08 10:25:00,2015-04-08,0.0247,0.0,0.0,624.0,0.0247,0.0247,0.0247,10000030,2015-06-24,2015-06-24,P,2.4,2015-02-09
7735,2015-04-08 10:26:00,2015-04-08,0.0247,0.0,0.0,624.0,0.0247,0.0247,0.0247,10000030,2015-06-24,2015-06-24,P,2.4,2015-02-09
7736,2015-04-08 10:27:00,2015-04-08,0.0247,0.0,0.0,624.0,0.0247,0.0247,0.0247,10000030,2015-06-24,2015-06-24,P,2.4,2015-02-09
7737,2015-04-08 10:28:00,2015-04-08,0.0247,0.0,0.0,624.0,0.0247,0.0247,0.0247,10000030,2015-06-24,2015-06-24,P,2.4,2015-02-09
7738,2015-04-08 10:29:00,2015-04-08,0.0247,0.0,0.0,624.0,0.0247,0.0247,0.0247,10000030,2015-06-24,2015-06-24,P,2.4,2015-02-09
7739,2015-04-08 10:30:00,2015-04-08,0.0247,0.0,0.0,624.0,0.0247,0.0247,0.0247,10000030,2015-06-24,2015-06-24,P,2.4,2015-02-09
7740,2015-04-08 10:31:00,2015-04-08,0.0247,0.0,0.0,624.0,0.0247,0.0247,0.0247,10000030,2015-06-24,2015-06-24,P,2.4,2015-02-09
7741,2015-04-08 10:32:00,2015-04-08,0.0247,0.0,0.0,624.0,0.0247,0.0247,0.0247,10000030,2015-06-24,2015-06-24,P,2.4,2015-02-09
7742,2015-04-08 10:33:00,2015-04-08,0.0247,0.0,0.0,624.0,0.0247,0.0247,0.0247,10000030,2015-06-24,2015-06-24,P,2.4,2015-02-09
7743,2015-04-08 10:34:00,2015-04-08,0.0247,0.0,0.0,624.0,0.0247,0.0247,0.0247,10000030,2015-06-24,2015-06-24,P,2.4,2015-02-09
7744,2015-04-08 10:35:00,2015-04-08,0.0247,0.0,0.0,624.0,0.0247,0.0247,0.0247,10000030,2015-06-24,2015-06-24,P,2.4,2015-02-09
7745,2015-04-08 10:36:00,2015-04-08,0.0247,0.0,0.0,624.0,0.0247,0.0247,0.0247,10000030,2015-06-24,2015-06-24,P,2.4,2015-02-09
7746,2015-04-08 10:37:00,2015-04-08,0.0247,0.0,0.0,624.0,0.0247,0.0247,0.0247,10000030,2015-06-24,2015-06-24,P,2.4,2015-02-09
7747,2015-04-08 10:38:00,2015-04-08,0.0247,0.0,0.0,624.0,0.0247,0.0247,0.0247,10000030,2015-06-24,2015-06-24,P,2.4,2015-02-09
7748,2015-04-08 10:39:00,2015-04-08,0.0247,0.0,0.0,624.0,0.0247,0.0247,0.0247,10000030,2015-06-24,2015-06-24,P,2.4,2015-02-09
7749,2015-04-08 10:40:00,2015-04-08,0.0247,0.0,0.0,624.0,0.0247,0.0247,0.0247,10000030,2015-06-24,2015-06-24,P,2.4,2015-02-09
7750,2015-04-08 10:41:00,2015-04-08,0.0247,0.0,0.0,624.0,0.0247,0.0247,0.0247,10000030,2015-06-24,2015-06-24,P,2.4,2015-02-09
7751,2015-04-08 10:42:00,2015-04-08,0.0247,0.0,0.0,624.0,0.0247,0.0247,0.0247,10000030,2015-06-24,2015-06-24,P,2.4,2015-02-09
7752,2015-04-08 10:43:00,2015-04-08,0.0247,0.0,0.0,624.0,0.0247,0.0247,0.0247,10000030,2015-06-24,2015-06-24,P,2.4,2015-02-09
7753,2015-04-08 10:44:00,2015-04-08,0.0247,0.0,0.0,624.0,0.0247,0.0247,0.0247,10000030,2015-06-24,2015-06-24,P,2.4,2015-02-09
7754,2015-04-08 10:45:00,2015-04-08,0.0247,0.0,0.0,624.0,0.0247,0.0247,0.0247,10000030,2015-06-24,2015-06-24,P,2.4,2015-02-09
7755,2015-04-08 10:46:00,2015-04-08,0.0247,0.0,0.0,624.0,0.0247,0.0247,0.0247,10000030,2015-06-24,2015-06-24,P,2.4,2015-02-09
7756,2015-04-08 10:47:00,2015-04-08,0.0247,0.0,0.0,624.0,0.0247,0.0247,0.0247,10000030,2015-06-24,2015-06-24,P,2.4,2015-02-09
7757,2015-04-08 10:48:00,2015-04-08,0.0247,0.0,0.0,624.0,0.0247,0.0247,0.0247,10000030,2015-06-24,2015-06-24,P,2.4,2015-02-09
7758,2015-04-08 10:49:00,2015-04-08,0.0247,0.0,0.0,624.0,0.0247,0.0247,0.0247,10000030,2015-06-24,2015-06-24,P,2.4,2015-02-09
7759,2015-04-08 10:50:00,2015-04-08,0.0247,0.0,0.0,624.0,0.0247,0.0247,0.0247,10000030,2015-06-24,2015-06-24,P,2.4,2015-02-09
7760,2015-04-08 10:51:00,2015-04-08,0.0247,0.0,0.0,624.0,0.0247,0.0247,0.0247,10000030,2015-06-24,2015-06-24,P,2.4,2015-02-09
7761,2015-04-08 10:52:00,2015-04-08,0.0247,0.0,0.0,624.0,0.0247,0.0247,0.0247,10000030,2015-06-24,2015-06-24,P,2.4,2015-02-09
7762,2015-04-08 10:53:00,2015-04-08,0.0247,0.0,0.0,624.0,0.0247,0.0247,0.0247,10000030,2015-06-24,2015-06-24,P,2.4,2015-02-09
7763,2015-04-08 10:54:00,2015-04-08,0.0247,0.0,0.0,624.0,0.0247,0.0247,0.0247,10000030,2015-06-24,2015-06-24,P,2.4,2015-02-09
7764,2015-04-08 10:55:00,2015-04-08,0.0247,0.0,0.0,624.0,0.0247,0.0247,0.0247,10000030,2015-06-24,2015-06-24,P,2.4,2015-02-09
7765,2015-04-08 10:56:00,2015-04-08,0.0247,0.0,0.0,624.0,0.0247,0.0247,0.0247,10000030,2015-06-24,2015-06-24,P,2.4,2015-02-09
7766,2015-04-08 10:57:00,2015-04-08,0.0247,0.0,0.0,624.0,0.0247,0.0247,0.0247,10000030,2015-06-24,2015-06-24,P,2.4,2015-02-09
7767,2015-04-08 10:58:00,2015-04-08,0.0247,0.0,0.0,624.0,0.0247,0.0247,0.0247,10000030,2015-06-24,2015-06-24,P,2.4,2015-02-09
7768,2015-04-08 10:59:00,2015-04-08,0.0247,0.0,0.0,624.0,0.0247,0.0247,0.0247,10000030,2015-06-24,2015-06-24,P,2.4,2015-02-09
7769,2015-04-08 11:00:00,2015-04-08,0.0247,0.0,0.0,624.0,0.0247,0.0247,0.0247,10000030,2015-06-24,2015-06-24,P,2.4,2015-02-09
7770,2015-04-08 11:01:00,2015-04-08,0.0247,0.0,0.0,624.0,0.0247,0.0247,0.0247,10000030,2015-06-24,2015-06-24,P,2.4,2015-02-09
7771,2015-04-08 11:02:00,2015-04-08,0.0257,257.0,1.0,625.0,0.0257,0.0257,0.0257,10000030,2015-06-24,2015-06-24,P,2.4,2015-02-09
7772,2015-04-08 11:03:00,2015-04-08,0.0257,0.0,0.0,625.0,0.0257,0.0257,0.0257,10000030,2015-06-24,2015-06-24,P,2.4,2015-02-09
7773,2015-04-08 11:04:00,2015-04-08,0.0257,0.0,0.0,625.0,0.0257,0.0257,0.0257,10000030,2015-06-24,2015-06-24,P,2.4,2015-02-09
7774,2015-04-08 11:05:00,2015-04-08,0.0257,0.0,0.0,625.0,0.0257,0.0257,0.0257,10000030,2015-06-24,2015-06-24,P,2.4,2015-02-09
7775,2015-04-08 11:06:00,2015-04-08,0.0257,0.0,0.0,625.0,0.0257,0.0257,0.0257,10000030,2015-06-24,2015-06-24,P,2.4,2015-02-09
7776,2015-04-08 11:07:00,2015-04-08,0.0257,0.0,0.0,625.0,0.0257,0.0257,0.0257,10000030,2015-06-24,2015-06-24,P,2.4,2015-02-09
7777,2015-04-08 11:08:00,2015-04-08,0.0257,0.0,0.0,625.0,0.0257,0.0257,0.0257,10000030,2015-06-24,2015-06-24,P,2.4,2015-02-09
7778,2015-04-08 11:09:00,2015-04-08,0.0257,0.0,0.0,625.0,0.0257,0.0257,0.0257,10000030,2015-06-24,2015-06-24,P,2.4,2015-02-09
7779,2015-04-08 11:10:00,2015-04-08,0.0257,0.0,0.0,625.0,0.0257,0.0257,0.0257,10000030,2015-06-24,2015-06-24,P,2.4,2015-02-09
7780,2015-04-08 11:11:00,2015-04-08,0.0257,0.0,0.0,625.0,0.0257,0.0257,0.0257,10000030,2015-06-24,2015-06-24,P,2.4,2015-02-09
7781,2015-04-08 11:12:00,2015-04-08,0.0257,0.0,0.0,625.0,0.0257,0.0257,0.0257,10000030,2015-06-24,2015-06-24,P,2.4,2015-02-09
7782,2015-04-08 11:13:00,2015-04-08,0.0257,0.0,0.0,625.0,0.0257,0.0257,0.0257,10000030,2015-06-24,2015-06-24,P,2.4,2015-02-09
7783,2015-04-08 11:14:00,2015-04-08,0.0257,0.0,0.0,625.0,0.0257,0.0257,0.0257,10000030,2015-06-24,2015-06-24,P,2.4,2015-02-09
7784,2015-04-08 11:15:00,2015-04-08,0.0257,0.0,0.0,625.0,0.0257,0.0257,0.0257,10000030,2015-06-24,2015-06-24,P,2.4,2015-02-09
7785,2015-04-08 11:16:00,2015-04-08,0.0257,0.0,0.0,625.0,0.0257,0.0257,0.0257,10000030,2015-06-24,2015-06-24,P,2.4,2015-02-09
7786,2015-04-08 11:17:00,2015-04-08,0.0257,0.0,0.0,625.0,0.0257,0.0257,0.0257,10000030,2015-06-24,2015-06-24,P,2.4,2015-02-09
7787,2015-04-08 11:18:00,2015-04-08,0.0257,0.0,0.0,625.0,0.0257,0.0257,0.0257,10000030,2015-06-24,2015-06-24,P,2.4,2015-02-09
7788,2015-04-08 11:19:00,2015-04-08,0.0257,0.0,0.0,625.0,0.0257,0.0257,0.0257,10000030,2015-06-24,2015-06-24,P,2.4,2015-02-09
7789,2015-04-08 11:20:00,2015-04-08,0.0257,0.0,0.0,625.0,0.0257,0.0257,0.0257,10000030,2015-06-24,2015-06-24,P,2.4,2015-02-09
7790,2015-04-08 11:21:00,2015-04-08,0.0257,0.0,0.0,625.0,0.0257,0.0257,0.0257,10000030,2015-06-24,2015-06-24,P,2.4,2015-02-09
7791,2015-04-08 11:22:00,2015-04-08,0.0257,0.0,0.0,625.0,0.0257,0.0257,0.0257,10000030,2015-06-24,2015-06-24,P,2.4,2015-02-09
7792,2015-04-08 11:23:00,2015-04-08,0.0257,0.0,0.0,625.0,0.0257,0.0257,0.0257,10000030,2015-06-24,2015-06-24,P,2.4,2015-02-09
7793,2015-04-08 11:24:00,2015-04-08,0.0257,0.0,0.0,625.0,0.0257,0.0257,0.0257,10000030,2015-06-24,2015-06-24,P,2.4,2015-02-09
7794,2015-04-08 11:25:00,2015-04-08,0.0257,0.0,0.0,625.0,0.0257,0.0257,0.0257,10000030,2015-06-24,2015-06-24,P,2.4,2015-02-09
7795,2015-04-08 11:26:00,2015-04-08,0.0257,0.0,0.0,625.0,0.0257,0.0257,0.0257,10000030,2015-06-24,2015-06-24,P,2.4,2015-02-09
7796,2015-04-08 11:27:00,2015-04-08,0.0257,0.0,0.0,625.0,0.0257,0.0257,0.0257,10000030,2015-06-24,2015-06-24,P,2.4,2015-02-09
7797,2015-04-08 11:28:00,2015-04-08,0.0257,0.0,0.0,625.0,0.0257,0.0257,0.0257,10000030,2015-06-24,2015-06-24,P,2.4,2015-02-09
7798,2015-04-08 11:29:00,2015-04-08,0.0257,0.0,0.0,625.0,0.0257,0.0257,0.0257,10000030,2015-06-24,2015-06-24,P,2.4,2015-02-09
7799,2015-04-08 11:30:00,2015-04-08,0.0257,0.0,0.0,625.0,0.0257,0.0257,0.0257,10000030,2015-06-24,2015-06-24,P,2.4,2015-02-09
7800,2015-04-08 13:01:00,2015-04-08,0.0257,0.0,0.0,625.0,0.0257,0.0257,0.0257,10000030,2015-06-24,2015-06-24,P,2.4,2015-02-09
7801,2015-04-08 13:02:00,2015-04-08,0.0257,0.0,0.0,625.0,0.0257,0.0257,0.0257,10000030,2015-06-24,2015-06-24,P,2.4,2015-02-09
7802,2015-04-08 13:03:00,2015-04-08,0.0257,0.0,0.0,625.0,0.0257,0.0257,0.0257,10000030,2015-06-24,2015-06-24,P,2.4,2015-02-09
7803,2015-04-08 13:04:00,2015-04-08,0.0257,0.0,0.0,625.0,0.0257,0.0257,0.0257,10000030,2015-06-24,2015-06-24,P,2.4,2015-02-09
7804,2015-04-08 13:05:00,2015-04-08,0.0257,0.0,0.0,625.0,0.0257,0.0257,0.0257,10000030,2015-06-24,2015-06-24,P,2.4,2015-02-09
7805,2015-04-08 13:06:00,2015-04-08,0.0257,0.0,0.0,625.0,0.0257,0.0257,0.0257,10000030,2015-06-24,2015-06-24,P,2.4,2015-02-09
7806,2015-04-08 13:07:00,2015-04-08,0.0257,0.0,0.0,625.0,0.0257,0.0257,0.0257,10000030,2015-06-24,2015-06-24,P,2.4,2015-02-09
7807,2015-04-08 13:08:00,2015-04-08,0.0257,0.0,0.0,625.0,0.0257,0.0257,0.0257,10000030,2015-06-24,2015-06-24,P,2.4,2015-02-09
7808,2015-04-08 13:09:00,2015-04-08,0.0257,0.0,0.0,625.0,0.0257,0.0257,0.0257,10000030,2015-06-24,2015-06-24,P,2.4,2015-02-09
7809,2015-04-08 13:10:00,2015-04-08,0.0257,0.0,0.0,625.0,0.0257,0.0257,0.0257,10000030,2015-06-24,2015-06-24,P,2.4,2015-02-09
7810,2015-04-08 13:11:00,2015-04-08,0.0257,0.0,0.0,625.0,0.0257,0.0257,0.0257,10000030,2015-06-24,2015-06-24,P,2.4,2015-02-09
7811,2015-04-08 13:12:00,2015-04-08,0.0257,0.0,0.0,625.0,0.0257,0.0257,0.0257,10000030,2015-06-24,2015-06-24,P,2.4,2015-02-09
7812,2015-04-08 13:13:00,2015-04-08,0.0257,0.0,0.0,625.0,0.0257,0.0257,0.0257,10000030,2015-06-24,2015-06-24,P,2.4,2015-02-09
7813,2015-04-08 13:14:00,2015-04-08,0.0257,0.0,0.0,625.0,0.0257,0.0257,0.0257,10000030,2015-06-24,2015-06-24,P,2.4,2015-02-09
7814,2015-04-08 13:15:00,2015-04-08,0.0257,0.0,0.0,625.0,0.0257,0.0257,0.0257,10000030,2015-06-24,2015-06-24,P,2.4,2015-02-09
7815,2015-04-08 13:16:00,2015-04-08,0.0257,0.0,0.0,625.0,0.0257,0.0257,0.0257,10000030,2015-06-24,2015-06-24,P,2.4,2015-02-09
7816,2015-04-08 13:17:00,2015-04-08,0.0257,0.0,0.0,625.0,0.0257,0.0257,0.0257,10000030,2015-06-24,2015-06-24,P,2.4,2015-02-09
7817,2015-04-08 13:18:00,2015-04-08,0.0226,1130.0,5.0,620.0,0.0226,0.0226,0.0226,10000030,2015-06-24,2015-06-24,P,2.4,2015-02-09
7818,2015-04-08 13:19:00,2015-04-08,0.0226,0.0,0.0,620.0,0.0226,0.0226,0.0226,10000030,2015-06-24,2015-06-24,P,2.4,2015-02-09
7819,2015-04-08 13:20:00,2015-04-08,0.022,1980.0,9.0,611.0,0.022,0.022,0.022,10000030,2015-06-24,2015-06-24,P,2.4,2015-02-09
7820,2015-04-08 13:21:00,2015-04-08,0.022,2400.0,11.0,600.0,0.022,0.0218,0.0218,10000030,2015-06-24,2015-06-24,P,2.4,2015-02-09
7821,2015-04-08 13:22:00,2015-04-08,0.0218,0.0,0.0,600.0,0.0218,0.0218,0.0218,10000030,2015-06-24,2015-06-24,P,2.4,2015-02-09
7822,2015-04-08 13:23:00,2015-04-08,0.0218,0.0,0.0,600.0,0.0218,0.0218,0.0218,10000030,2015-06-24,2015-06-24,P,2.4,2015-02-09
7823,2015-04-08 13:24:00,2015-04-08,0.0218,0.0,0.0,600.0,0.0218,0.0218,0.0218,10000030,2015-06-24,2015-06-24,P,2.4,2015-02-09
7824,2015-04-08 13:25:00,2015-04-08,0.0225,2235.0,10.0,600.0,0.0225,0.0225,0.0225,10000030,2015-06-24,2015-06-24,P,2.4,2015-02-09
7825,2015-04-08 13:26:00,2015-04-08,0.0225,0.0,0.0,600.0,0.0225,0.0225,0.0225,10000030,2015-06-24,2015-06-24,P,2.4,2015-02-09
7826,2015-04-08 13:27:00,2015-04-08,0.0225,0.0,0.0,600.0,0.0225,0.0225,0.0225,10000030,2015-06-24,2015-06-24,P,2.4,2015-02-09
7827,2015-04-08 13:28:00,2015-04-08,0.0225,0.0,0.0,600.0,0.0225,0.0225,0.0225,10000030,2015-06-24,2015-06-24,P,2.4,2015-02-09
7828,2015-04-08 13:29:00,2015-04-08,0.0225,0.0,0.0,600.0,0.0225,0.0225,0.0225,10000030,2015-06-24,2015-06-24,P,2.4,2015-02-09
7829,2015-04-08 13:30:00,2015-04-08,0.0225,0.0,0.0,600.0,0.0225,0.0225,0.0225,10000030,2015-06-24,2015-06-24,P,2.4,2015-02-09
7830,2015-04-08 13:31:00,2015-04-08,0.0225,0.0,0.0,600.0,0.0225,0.0225,0.0225,10000030,2015-06-24,2015-06-24,P,2.4,2015-02-09
7831,2015-04-08 13:32:00,2015-04-08,0.0225,0.0,0.0,600.0,0.0225,0.0225,0.0225,10000030,2015-06-24,2015-06-24,P,2.4,2015-02-09
7832,2015-04-08 13:33:00,2015-04-08,0.0225,0.0,0.0,600.0,0.0225,0.0225,0.0225,10000030,2015-06-24,2015-06-24,P,2.4,2015-02-09
7833,2015-04-08 13:34:00,2015-04-08,0.0225,0.0,0.0,600.0,0.0225,0.0225,0.0225,10000030,2015-06-24,2015-06-24,P,2.4,2015-02-09
7834,2015-04-08 13:35:00,2015-04-08,0.0225,0.0,0.0,600.0,0.0225,0.0225,0.0225,10000030,2015-06-24,2015-06-24,P,2.4,2015-02-09
7835,2015-04-08 13:36:00,2015-04-08,0.0225,0.0,0.0,600.0,0.0225,0.0225,0.0225,10000030,2015-06-24,2015-06-24,P,2.4,2015-02-09
7836,2015-04-08 13:37:00,2015-04-08,0.0225,0.0,0.0,600.0,0.0225,0.0225,0.0225,10000030,2015-06-24,2015-06-24,P,2.4,2015-02-09
7837,2015-04-08 13:38:00,2015-04-08,0.0225,0.0,0.0,600.0,0.0225,0.0225,0.0225,10000030,2015-06-24,2015-06-24,P,2.4,2015-02-09
7838,2015-04-08 13:39:00,2015-04-08,0.0225,0.0,0.0,600.0,0.0225,0.0225,0.0225,10000030,2015-06-24,2015-06-24,P,2.4,2015-02-09
7839,2015-04-08 13:40:00,2015-04-08,0.0225,0.0,0.0,600.0,0.0225,0.0225,0.0225,10000030,2015-06-24,2015-06-24,P,2.4,2015-02-09
7840,2015-04-08 13:41:00,2015-04-08,0.0225,0.0,0.0,600.0,0.0225,0.0225,0.0225,10000030,2015-06-24,2015-06-24,P,2.4,2015-02-09
7841,2015-04-08 13:42:00,2015-04-08,0.0225,0.0,0.0,600.0,0.0225,0.0225,0.0225,10000030,2015-06-24,2015-06-24,P,2.4,2015-02-09
7842,2015-04-08 13:43:00,2015-04-08,0.0225,0.0,0.0,600.0,0.0225,0.0225,0.0225,10000030,2015-06-24,2015-06-24,P,2.4,2015-02-09
7843,2015-04-08 13:44:00,2015-04-08,0.0225,0.0,0.0,600.0,0.0225,0.0225,0.0225,10000030,2015-06-24,2015-06-24,P,2.4,2015-02-09
7844,2015-04-08 13:45:00,2015-04-08,0.0225,0.0,0.0,600.0,0.0225,0.0225,0.0225,10000030,2015-06-24,2015-06-24,P,2.4,2015-02-09
7845,2015-04-08 13:46:00,2015-04-08,0.0225,0.0,0.0,600.0,0.0225,0.0225,0.0225,10000030,2015-06-24,2015-06-24,P,2.4,2015-02-09
7846,2015-04-08 13:47:00,2015-04-08,0.0225,0.0,0.0,600.0,0.0225,0.0225,0.0225,10000030,2015-06-24,2015-06-24,P,2.4,2015-02-09
7847,2015-04-08 13:48:00,2015-04-08,0.0225,0.0,0.0,600.0,0.0225,0.0225,0.0225,10000030,2015-06-24,2015-06-24,P,2.4,2015-02-09
7848,2015-04-08 13:49:00,2015-04-08,0.0225,0.0,0.0,600.0,0.0225,0.0225,0.0225,10000030,2015-06-24,2015-06-24,P,2.4,2015-02-09
7849,2015-04-08 13:50:00,2015-04-08,0.0225,0.0,0.0,600.0,0.0225,0.0225,0.0225,10000030,2015-06-24,2015-06-24,P,2.4,2015-02-09
7850,2015-04-08 13:51:00,2015-04-08,0.0225,0.0,0.0,600.0,0.0225,0.0225,0.0225,10000030,2015-06-24,2015-06-24,P,2.4,2015-02-09
7851,2015-04-08 13:52:00,2015-04-08,0.0225,0.0,0.0,600.0,0.0225,0.0225,0.0225,10000030,2015-06-24,2015-06-24,P,2.4,2015-02-09
7852,2015-04-08 13:53:00,2015-04-08,0.0225,0.0,0.0,600.0,0.0225,0.0225,0.0225,10000030,2015-06-24,2015-06-24,P,2.4,2015-02-09
7853,2015-04-08 13:54:00,2015-04-08,0.0225,0.0,0.0,600.0,0.0225,0.0225,0.0225,10000030,2015-06-24,2015-06-24,P,2.4,2015-02-09
7854,2015-04-08 13:55:00,2015-04-08,0.0225,0.0,0.0,600.0,0.0225,0.0225,0.0225,10000030,2015-06-24,2015-06-24,P,2.4,2015-02-09
7855,2015-04-08 13:56:00,2015-04-08,0.0225,0.0,0.0,600.0,0.0225,0.0225,0.0225,10000030,2015-06-24,2015-06-24,P,2.4,2015-02-09
7856,2015-04-08 13:57:00,2015-04-08,0.0225,0.0,0.0,600.0,0.0225,0.0225,0.0225,10000030,2015-06-24,2015-06-24,P,2.4,2015-02-09
7857,2015-04-08 13:58:00,2015-04-08,0.0225,0.0,0.0,600.0,0.0225,0.0225,0.0225,10000030,2015-06-24,2015-06-24,P,2.4,2015-02-09
7858,2015-04-08 13:59:00,2015-04-08,0.0225,0.0,0.0,600.0,0.0225,0.0225,0.0225,10000030,2015-06-24,2015-06-24,P,2.4,2015-02-09
7859,2015-04-08 14:00:00,2015-04-08,0.0225,0.0,0.0,600.0,0.0225,0.0225,0.0225,10000030,2015-06-24,2015-06-24,P,2.4,2015-02-09
7860,2015-04-08 14:01:00,2015-04-08,0.0225,0.0,0.0,600.0,0.0225,0.0225,0.0225,10000030,2015-06-24,2015-06-24,P,2.4,2015-02-09
7861,2015-04-08 14:02:00,2015-04-08,0.0225,0.0,0.0,600.0,0.0225,0.0225,0.0225,10000030,2015-06-24,2015-06-24,P,2.4,2015-02-09
7862,2015-04-08 14:03:00,2015-04-08,0.0225,0.0,0.0,600.0,0.0225,0.0225,0.0225,10000030,2015-06-24,2015-06-24,P,2.4,2015-02-09
7863,2015-04-08 14:04:00,2015-04-08,0.0225,0.0,0.0,600.0,0.0225,0.0225,0.0225,10000030,2015-06-24,2015-06-24,P,2.4,2015-02-09
7864,2015-04-08 14:05:00,2015-04-08,0.0225,0.0,0.0,600.0,0.0225,0.0225,0.0225,10000030,2015-06-24,2015-06-24,P,2.4,2015-02-09
7865,2015-04-08 14:06:00,2015-04-08,0.0225,0.0,0.0,600.0,0.0225,0.0225,0.0225,10000030,2015-06-24,2015-06-24,P,2.4,2015-02-09
7866,2015-04-08 14:07:00,2015-04-08,0.0225,0.0,0.0,600.0,0.0225,0.0225,0.0225,10000030,2015-06-24,2015-06-24,P,2.4,2015-02-09
7867,2015-04-08 14:08:00,2015-04-08,0.0225,0.0,0.0,600.0,0.0225,0.0225,0.0225,10000030,2015-06-24,2015-06-24,P,2.4,2015-02-09
7868,2015-04-08 14:09:00,2015-04-08,0.0225,0.0,0.0,600.0,0.0225,0.0225,0.0225,10000030,2015-06-24,2015-06-24,P,2.4,2015-02-09
7869,2015-04-08 14:10:00,2015-04-08,0.0225,0.0,0.0,600.0,0.0225,0.0225,0.0225,10000030,2015-06-24,2015-06-24,P,2.4,2015-02-09
7870,2015-04-08 14:11:00,2015-04-08,0.0225,0.0,0.0,600.0,0.0225,0.0225,0.0225,10000030,2015-06-24,2015-06-24,P,2.4,2015-02-09
7871,2015-04-08 14:12:00,2015-04-08,0.0225,0.0,0.0,600.0,0.0225,0.0225,0.0225,10000030,2015-06-24,2015-06-24,P,2.4,2015-02-09
7872,2015-04-08 14:13:00,2015-04-08,0.0225,0.0,0.0,600.0,0.0225,0.0225,0.0225,10000030,2015-06-24,2015-06-24,P,2.4,2015-02-09
7873,2015-04-08 14:14:00,2015-04-08,0.0225,0.0,0.0,600.0,0.0225,0.0225,0.0225,10000030,2015-06-24,2015-06-24,P,2.4,2015-02-09
7874,2015-04-08 14:15:00,2015-04-08,0.0225,0.0,0.0,600.0,0.0225,0.0225,0.0225,10000030,2015-06-24,2015-06-24,P,2.4,2015-02-09
7875,2015-04-08 14:16:00,2015-04-08,0.0225,0.0,0.0,600.0,0.0225,0.0225,0.0225,10000030,2015-06-24,2015-06-24,P,2.4,2015-02-09
7876,2015-04-08 14:17:00,2015-04-08,0.0225,0.0,0.0,600.0,0.0225,0.0225,0.0225,10000030,2015-06-24,2015-06-24,P,2.4,2015-02-09
7877,2015-04-08 14:18:00,2015-04-08,0.0225,0.0,0.0,600.0,0.0225,0.0225,0.0225,10000030,2015-06-24,2015-06-24,P,2.4,2015-02-09
7878,2015-04-08 14:19:00,2015-04-08,0.0225,2425.0,11.0,611.0,0.022,0.0225,0.022,10000030,2015-06-24,2015-06-24,P,2.4,2015-02-09
7879,2015-04-08 14:20:00,2015-04-08,0.0225,0.0,0.0,611.0,0.0225,0.0225,0.0225,10000030,2015-06-24,2015-06-24,P,2.4,2015-02-09
7880,2015-04-08 14:21:00,2015-04-08,0.0225,0.0,0.0,611.0,0.0225,0.0225,0.0225,10000030,2015-06-24,2015-06-24,P,2.4,2015-02-09
7881,2015-04-08 14:22:00,2015-04-08,0.0225,0.0,0.0,611.0,0.0225,0.0225,0.0225,10000030,2015-06-24,2015-06-24,P,2.4,2015-02-09
7882,2015-04-08 14:23:00,2015-04-08,0.023,230.0,1.0,612.0,0.023,0.023,0.023,10000030,2015-06-24,2015-06-24,P,2.4,2015-02-09
7883,2015-04-08 14:24:00,2015-04-08,0.023,0.0,0.0,612.0,0.023,0.023,0.023,10000030,2015-06-24,2015-06-24,P,2.4,2015-02-09
7884,2015-04-08 14:25:00,2015-04-08,0.023,0.0,0.0,612.0,0.023,0.023,0.023,10000030,2015-06-24,2015-06-24,P,2.4,2015-02-09
7885,2015-04-08 14:26:00,2015-04-08,0.023,0.0,0.0,612.0,0.023,0.023,0.023,10000030,2015-06-24,2015-06-24,P,2.4,2015-02-09
7886,2015-04-08 14:27:00,2015-04-08,0.023,0.0,0.0,612.0,0.023,0.023,0.023,10000030,2015-06-24,2015-06-24,P,2.4,2015-02-09
7887,2015-04-08 14:28:00,2015-04-08,0.023,0.0,0.0,612.0,0.023,0.023,0.023,10000030,2015-06-24,2015-06-24,P,2.4,2015-02-09
7888,2015-04-08 14:29:00,2015-04-08,0.023,0.0,0.0,612.0,0.023,0.023,0.023,10000030,2015-06-24,2015-06-24,P,2.4,2015-02-09
7889,2015-04-08 14:30:00,2015-04-08,0.023,0.0,0.0,612.0,0.023,0.023,0.023,10000030,2015-06-24,2015-06-24,P,2.4,2015-02-09
7890,2015-04-08 14:31:00,2015-04-08,0.023,0.0,0.0,612.0,0.023,0.023,0.023,10000030,2015-06-24,2015-06-24,P,2.4,2015-02-09
7891,2015-04-08 14:32:00,2015-04-08,0.023,0.0,0.0,612.0,0.023,0.023,0.023,10000030,2015-06-24,2015-06-24,P,2.4,2015-02-09
7892,2015-04-08 14:33:00,2015-04-08,0.023,0.0,0.0,612.0,0.023,0.023,0.023,10000030,2015-06-24,2015-06-24,P,2.4,2015-02-09
7893,2015-04-08 14:34:00,2015-04-08,0.023,0.0,0.0,612.0,0.023,0.023,0.023,10000030,2015-06-24,2015-06-24,P,2.4,2015-02-09
7894,2015-04-08 14:35:00,2015-04-08,0.023,0.0,0.0,612.0,0.023,0.023,0.023,10000030,2015-06-24,2015-06-24,P,2.4,2015-02-09
7895,2015-04-08 14:36:00,2015-04-08,0.023,0.0,0.0,612.0,0.023,0.023,0.023,10000030,2015-06-24,2015-06-24,P,2.4,2015-02-09
7896,2015-04-08 14:37:00,2015-04-08,0.023,0.0,0.0,612.0,0.023,0.023,0.023,10000030,2015-06-24,2015-06-24,P,2.4,2015-02-09
7897,2015-04-08 14:38:00,2015-04-08,0.023,0.0,0.0,612.0,0.023,0.023,0.023,10000030,2015-06-24,2015-06-24,P,2.4,2015-02-09
7898,2015-04-08 14:39:00,2015-04-08,0.023,0.0,0.0,612.0,0.023,0.023,0.023,10000030,2015-06-24,2015-06-24,P,2.4,2015-02-09
7899,2015-04-08 14:40:00,2015-04-08,0.023,0.0,0.0,612.0,0.023,0.023,0.023,10000030,2015-06-24,2015-06-24,P,2.4,2015-02-09
7900,2015-04-08 14:41:00,2015-04-08,0.023,0.0,0.0,612.0,0.023,0.023,0.023,10000030,2015-06-24,2015-06-24,P,2.4,2015-02-09
7901,2015-04-08 14:42:00,2015-04-08,0.023,0.0,0.0,612.0,0.023,0.023,0.023,10000030,2015-06-24,2015-06-24,P,2.4,2015-02-09
7902,2015-04-08 14:43:00,2015-04-08,0.023,0.0,0.0,612.0,0.023,0.023,0.023,10000030,2015-06-24,2015-06-24,P,2.4,2015-02-09
7903,2015-04-08 14:44:00,2015-04-08,0.023,0.0,0.0,612.0,0.023,0.023,0.023,10000030,2015-06-24,2015-06-24,P,2.4,2015-02-09
7904,2015-04-08 14:45:00,2015-04-08,0.023,0.0,0.0,612.0,0.023,0.023,0.023,10000030,2015-06-24,2015-06-24,P,2.4,2015-02-09
7905,2015-04-08 14:46:00,2015-04-08,0.023,0.0,0.0,612.0,0.023,0.023,0.023,10000030,2015-06-24,2015-06-24,P,2.4,2015-02-09
7906,2015-04-08 14:47:00,2015-04-08,0.023,0.0,0.0,612.0,0.023,0.023,0.023,10000030,2015-06-24,2015-06-24,P,2.4,2015-02-09
7907,2015-04-08 14:48:00,2015-04-08,0.023,0.0,0.0,612.0,0.023,0.023,0.023,10000030,2015-06-24,2015-06-24,P,2.4,2015-02-09
7908,2015-04-08 14:49:00,2015-04-08,0.023,0.0,0.0,612.0,0.023,0.023,0.023,10000030,2015-06-24,2015-06-24,P,2.4,2015-02-09
7909,2015-04-08 14:50:00,2015-04-08,0.023,0.0,0.0,612.0,0.023,0.023,0.023,10000030,2015-06-24,2015-06-24,P,2.4,2015-02-09
7910,2015-04-08 14:51:00,2015-04-08,0.023,0.0,0.0,612.0,0.023,0.023,0.023,10000030,2015-06-24,2015-06-24,P,2.4,2015-02-09
7911,2015-04-08 14:52:00,2015-04-08,0.023,0.0,0.0,612.0,0.023,0.023,0.023,10000030,2015-06-24,2015-06-24,P,2.4,2015-02-09
7912,2015-04-08 14:53:00,2015-04-08,0.024,240.0,1.0,612.0,0.024,0.024,0.024,10000030,2015-06-24,2015-06-24,P,2.4,2015-02-09
7913,2015-04-08 14:54:00,2015-04-08,0.024,0.0,0.0,612.0,0.024,0.024,0.024,10000030,2015-06-24,2015-06-24,P,2.4,2015-02-09
7914,2015-04-08 14:55:00,2015-04-08,0.024,0.0,0.0,612.0,0.024,0.024,0.024,10000030,2015-06-24,2015-06-24,P,2.4,2015-02-09
7915,2015-04-08 14:56:00,2015-04-08,0.024,0.0,0.0,612.0,0.024,0.024,0.024,10000030,2015-06-24,2015-06-24,P,2.4,2015-02-09
7916,2015-04-08 14:57:00,2015-04-08,0.024,0.0,0.0,612.0,0.024,0.024,0.024,10000030,2015-06-24,2015-06-24,P,2.4,2015-02-09
7917,2015-04-08 14:58:00,2015-04-08,0.024,0.0,0.0,612.0,0.024,0.024,0.024,10000030,2015-06-24,2015-06-24,P,2.4,2015-02-09
7918,2015-04-08 14:59:00,2015-04-08,0.024,0.0,0.0,612.0,0.024,0.024,0.024,10000030,2015-06-24,2015-06-24,P,2.4,2015-02-09
7919,2015-04-08 15:00:00,2015-04-08,0.024,0.0,0.0,612.0,0.024,0.024,0.024,10000030,2015-06-24,2015-06-24,P,2.4,2015-02-09
7920,2015-04-08 09:31:00,2015-04-08,0.4348,0.0,0.0,0.0,0.4348,0.4348,0.4348,10000015,2015-04-22,2015-04-22,C,2.4,2015-02-09
7921,2015-04-08 09:32:00,2015-04-08,0.4348,0.0,0.0,0.0,0.4348,0.4348,0.4348,10000015,2015-04-22,2015-04-22,C,2.4,2015-02-09
7922,2015-04-08 09:33:00,2015-04-08,0.4348,0.0,0.0,0.0,0.4348,0.4348,0.4348,10000015,2015-04-22,2015-04-22,C,2.4,2015-02-09
7923,2015-04-08 09:34:00,2015-04-08,0.4348,0.0,0.0,0.0,0.4348,0.4348,0.4348,10000015,2015-04-22,2015-04-22,C,2.4,2015-02-09
7924,2015-04-08 09:35:00,2015-04-08,0.4348,0.0,0.0,0.0,0.4348,0.4348,0.4348,10000015,2015-04-22,2015-04-22,C,2.4,2015-02-09
7925,2015-04-08 09:36:00,2015-04-08,0.4348,0.0,0.0,0.0,0.4348,0.4348,0.4348,10000015,2015-04-22,2015-04-22,C,2.4,2015-02-09
7926,2015-04-08 09:37:00,2015-04-08,0.4363,-1336415.0,-287.0,1269.0,0.4363,0.4356,0.4356,10000015,2015-04-22,2015-04-22,C,2.4,2015-02-09
7927,2015-04-08 09:38:00,2015-04-08,0.4356,0.0,0.0,1269.0,0.4356,0.4356,0.4356,10000015,2015-04-22,2015-04-22,C,2.4,2015-02-09
7928,2015-04-08 09:39:00,2015-04-08,0.4356,0.0,0.0,1269.0,0.4356,0.4356,0.4356,10000015,2015-04-22,2015-04-22,C,2.4,2015-02-09
7929,2015-04-08 09:40:00,2015-04-08,0.4356,0.0,0.0,1269.0,0.4356,0.4356,0.4356,10000015,2015-04-22,2015-04-22,C,2.4,2015-02-09
7930,2015-04-08 09:41:00,2015-04-08,0.4356,0.0,0.0,1269.0,0.4356,0.4356,0.4356,10000015,2015-04-22,2015-04-22,C,2.4,2015-02-09
7931,2015-04-08 09:42:00,2015-04-08,0.4356,0.0,0.0,1269.0,0.4356,0.4356,0.4356,10000015,2015-04-22,2015-04-22,C,2.4,2015-02-09
7932,2015-04-08 09:43:00,2015-04-08,0.4356,0.0,0.0,1269.0,0.4356,0.4356,0.4356,10000015,2015-04-22,2015-04-22,C,2.4,2015-02-09
7933,2015-04-08 09:44:00,2015-04-08,0.4356,0.0,0.0,1269.0,0.4356,0.4356,0.4356,10000015,2015-04-22,2015-04-22,C,2.4,2015-02-09
7934,2015-04-08 09:45:00,2015-04-08,0.4356,0.0,0.0,1269.0,0.4356,0.4356,0.4356,10000015,2015-04-22,2015-04-22,C,2.4,2015-02-09
7935,2015-04-08 09:46:00,2015-04-08,0.4356,0.0,0.0,1269.0,0.4356,0.4356,0.4356,10000015,2015-04-22,2015-04-22,C,2.4,2015-02-09
7936,2015-04-08 09:47:00,2015-04-08,0.4356,0.0,0.0,1269.0,0.4356,0.4356,0.4356,10000015,2015-04-22,2015-04-22,C,2.4,2015-02-09
7937,2015-04-08 09:48:00,2015-04-08,0.4566,4566.0,1.0,1269.0,0.4566,0.4566,0.4566,10000015,2015-04-22,2015-04-22,C,2.4,2015-02-09
7938,2015-04-08 09:49:00,2015-04-08,0.4566,0.0,0.0,1269.0,0.4566,0.4566,0.4566,10000015,2015-04-22,2015-04-22,C,2.4,2015-02-09
7939,2015-04-08 09:50:00,2015-04-08,0.4566,0.0,0.0,1269.0,0.4566,0.4566,0.4566,10000015,2015-04-22,2015-04-22,C,2.4,2015-02-09
7940,2015-04-08 09:51:00,2015-04-08,0.4566,0.0,0.0,1269.0,0.4566,0.4566,0.4566,10000015,2015-04-22,2015-04-22,C,2.4,2015-02-09
7941,2015-04-08 09:52:00,2015-04-08,0.4566,0.0,0.0,1269.0,0.4566,0.4566,0.4566,10000015,2015-04-22,2015-04-22,C,2.4,2015-02-09
7942,2015-04-08 09:53:00,2015-04-08,0.4566,0.0,0.0,1269.0,0.4566,0.4566,0.4566,10000015,2015-04-22,2015-04-22,C,2.4,2015-02-09
7943,2015-04-08 09:54:00,2015-04-08,0.4566,0.0,0.0,1269.0,0.4566,0.4566,0.4566,10000015,2015-04-22,2015-04-22,C,2.4,2015-02-09
7944,2015-04-08 09:55:00,2015-04-08,0.4566,0.0,0.0,1269.0,0.4566,0.4566,0.4566,10000015,2015-04-22,2015-04-22,C,2.4,2015-02-09
7945,2015-04-08 09:56:00,2015-04-08,0.463,13878.0,3.0,1266.0,0.4624,0.463,0.4624,10000015,2015-04-22,2015-04-22,C,2.4,2015-02-09
7946,2015-04-08 09:57:00,2015-04-08,0.463,0.0,0.0,1266.0,0.463,0.463,0.463,10000015,2015-04-22,2015-04-22,C,2.4,2015-02-09
7947,2015-04-08 09:58:00,2015-04-08,0.463,0.0,0.0,1266.0,0.463,0.463,0.463,10000015,2015-04-22,2015-04-22,C,2.4,2015-02-09
7948,2015-04-08 09:59:00,2015-04-08,0.463,0.0,0.0,1266.0,0.463,0.463,0.463,10000015,2015-04-22,2015-04-22,C,2.4,2015-02-09
7949,2015-04-08 10:00:00,2015-04-08,0.4745,4745.0,1.0,1267.0,0.4745,0.4745,0.4745,10000015,2015-04-22,2015-04-22,C,2.4,2015-02-09
7950,2015-04-08 10:01:00,2015-04-08,0.4698,4698.0,1.0,1267.0,0.4698,0.4698,0.4698,10000015,2015-04-22,2015-04-22,C,2.4,2015-02-09
7951,2015-04-08 10:02:00,2015-04-08,0.4698,0.0,0.0,1267.0,0.4698,0.4698,0.4698,10000015,2015-04-22,2015-04-22,C,2.4,2015-02-09
7952,2015-04-08 10:03:00,2015-04-08,0.4649,9293.0,2.0,1266.0,0.4644,0.4649,0.4644,10000015,2015-04-22,2015-04-22,C,2.4,2015-02-09
7953,2015-04-08 10:04:00,2015-04-08,0.4649,0.0,0.0,1266.0,0.4649,0.4649,0.4649,10000015,2015-04-22,2015-04-22,C,2.4,2015-02-09
7954,2015-04-08 10:05:00,2015-04-08,0.4649,0.0,0.0,1266.0,0.4649,0.4649,0.4649,10000015,2015-04-22,2015-04-22,C,2.4,2015-02-09
7955,2015-04-08 10:06:00,2015-04-08,0.4649,0.0,0.0,1266.0,0.4649,0.4649,0.4649,10000015,2015-04-22,2015-04-22,C,2.4,2015-02-09
7956,2015-04-08 10:07:00,2015-04-08,0.4565,41085.0,9.0,1261.0,0.4565,0.4565,0.4565,10000015,2015-04-22,2015-04-22,C,2.4,2015-02-09
7957,2015-04-08 10:08:00,2015-04-08,0.46,49968.0,11.0,1259.0,0.4524,0.46,0.4524,10000015,2015-04-22,2015-04-22,C,2.4,2015-02-09
7958,2015-04-08 10:09:00,2015-04-08,0.46,0.0,0.0,1259.0,0.46,0.46,0.46,10000015,2015-04-22,2015-04-22,C,2.4,2015-02-09
7959,2015-04-08 10:10:00,2015-04-08,0.4524,36192.0,8.0,1251.0,0.4524,0.4524,0.4524,10000015,2015-04-22,2015-04-22,C,2.4,2015-02-09
7960,2015-04-08 10:11:00,2015-04-08,0.4524,0.0,0.0,1251.0,0.4524,0.4524,0.4524,10000015,2015-04-22,2015-04-22,C,2.4,2015-02-09
7961,2015-04-08 10:12:00,2015-04-08,0.4524,0.0,0.0,1251.0,0.4524,0.4524,0.4524,10000015,2015-04-22,2015-04-22,C,2.4,2015-02-09
7962,2015-04-08 10:13:00,2015-04-08,0.4512,22560.0,5.0,1251.0,0.4512,0.4512,0.4512,10000015,2015-04-22,2015-04-22,C,2.4,2015-02-09
7963,2015-04-08 10:14:00,2015-04-08,0.4482,134310.0,30.0,1244.0,0.4482,0.4472,0.4472,10000015,2015-04-22,2015-04-22,C,2.4,2015-02-09
7964,2015-04-08 10:15:00,2015-04-08,0.4472,0.0,0.0,1244.0,0.4472,0.4472,0.4472,10000015,2015-04-22,2015-04-22,C,2.4,2015-02-09
7965,2015-04-08 10:16:00,2015-04-08,0.4472,0.0,0.0,1244.0,0.4472,0.4472,0.4472,10000015,2015-04-22,2015-04-22,C,2.4,2015-02-09
7966,2015-04-08 10:17:00,2015-04-08,0.4472,0.0,0.0,1244.0,0.4472,0.4472,0.4472,10000015,2015-04-22,2015-04-22,C,2.4,2015-02-09
7967,2015-04-08 10:18:00,2015-04-08,0.4472,0.0,0.0,1244.0,0.4472,0.4472,0.4472,10000015,2015-04-22,2015-04-22,C,2.4,2015-02-09
7968,2015-04-08 10:19:00,2015-04-08,0.4472,0.0,0.0,1244.0,0.4472,0.4472,0.4472,10000015,2015-04-22,2015-04-22,C,2.4,2015-02-09
7969,2015-04-08 10:20:00,2015-04-08,0.4472,0.0,0.0,1244.0,0.4472,0.4472,0.4472,10000015,2015-04-22,2015-04-22,C,2.4,2015-02-09
7970,2015-04-08 10:21:00,2015-04-08,0.4472,0.0,0.0,1244.0,0.4472,0.4472,0.4472,10000015,2015-04-22,2015-04-22,C,2.4,2015-02-09
7971,2015-04-08 10:22:00,2015-04-08,0.4472,0.0,0.0,1244.0,0.4472,0.4472,0.4472,10000015,2015-04-22,2015-04-22,C,2.4,2015-02-09
7972,2015-04-08 10:23:00,2015-04-08,0.4472,0.0,0.0,1244.0,0.4472,0.4472,0.4472,10000015,2015-04-22,2015-04-22,C,2.4,2015-02-09
7973,2015-04-08 10:24:00,2015-04-08,0.4547,90580.0,20.0,1258.0,0.4512,0.4547,0.4512,10000015,2015-04-22,2015-04-22,C,2.4,2015-02-09
7974,2015-04-08 10:25:00,2015-04-08,0.4547,0.0,0.0,1258.0,0.4547,0.4547,0.4547,10000015,2015-04-22,2015-04-22,C,2.4,2015-02-09
7975,2015-04-08 10:26:00,2015-04-08,0.4547,0.0,0.0,1258.0,0.4547,0.4547,0.4547,10000015,2015-04-22,2015-04-22,C,2.4,2015-02-09
7976,2015-04-08 10:27:00,2015-04-08,0.4547,0.0,0.0,1258.0,0.4547,0.4547,0.4547,10000015,2015-04-22,2015-04-22,C,2.4,2015-02-09
7977,2015-04-08 10:28:00,2015-04-08,0.4547,0.0,0.0,1258.0,0.4547,0.4547,0.4547,10000015,2015-04-22,2015-04-22,C,2.4,2015-02-09
7978,2015-04-08 10:29:00,2015-04-08,0.4578,9156.0,2.0,1260.0,0.4578,0.4578,0.4578,10000015,2015-04-22,2015-04-22,C,2.4,2015-02-09
7979,2015-04-08 10:30:00,2015-04-08,0.4578,0.0,0.0,1260.0,0.4578,0.4578,0.4578,10000015,2015-04-22,2015-04-22,C,2.4,2015-02-09
7980,2015-04-08 10:31:00,2015-04-08,0.4578,0.0,0.0,1260.0,0.4578,0.4578,0.4578,10000015,2015-04-22,2015-04-22,C,2.4,2015-02-09
7981,2015-04-08 10:32:00,2015-04-08,0.4578,0.0,0.0,1260.0,0.4578,0.4578,0.4578,10000015,2015-04-22,2015-04-22,C,2.4,2015-02-09
7982,2015-04-08 10:33:00,2015-04-08,0.4593,9186.0,2.0,1260.0,0.4593,0.4593,0.4593,10000015,2015-04-22,2015-04-22,C,2.4,2015-02-09
7983,2015-04-08 10:34:00,2015-04-08,0.4565,4565.0,1.0,1260.0,0.4565,0.4565,0.4565,10000015,2015-04-22,2015-04-22,C,2.4,2015-02-09
7984,2015-04-08 10:35:00,2015-04-08,0.4565,0.0,0.0,1260.0,0.4565,0.4565,0.4565,10000015,2015-04-22,2015-04-22,C,2.4,2015-02-09
7985,2015-04-08 10:36:00,2015-04-08,0.4565,0.0,0.0,1260.0,0.4565,0.4565,0.4565,10000015,2015-04-22,2015-04-22,C,2.4,2015-02-09
7986,2015-04-08 10:37:00,2015-04-08,0.4565,0.0,0.0,1260.0,0.4565,0.4565,0.4565,10000015,2015-04-22,2015-04-22,C,2.4,2015-02-09
7987,2015-04-08 10:38:00,2015-04-08,0.4565,0.0,0.0,1260.0,0.4565,0.4565,0.4565,10000015,2015-04-22,2015-04-22,C,2.4,2015-02-09
7988,2015-04-08 10:39:00,2015-04-08,0.4565,0.0,0.0,1260.0,0.4565,0.4565,0.4565,10000015,2015-04-22,2015-04-22,C,2.4,2015-02-09
7989,2015-04-08 10:40:00,2015-04-08,0.4565,0.0,0.0,1260.0,0.4565,0.4565,0.4565,10000015,2015-04-22,2015-04-22,C,2.4,2015-02-09
7990,2015-04-08 10:41:00,2015-04-08,0.4565,0.0,0.0,1260.0,0.4565,0.4565,0.4565,10000015,2015-04-22,2015-04-22,C,2.4,2015-02-09
7991,2015-04-08 10:42:00,2015-04-08,0.4565,0.0,0.0,1260.0,0.4565,0.4565,0.4565,10000015,2015-04-22,2015-04-22,C,2.4,2015-02-09
7992,2015-04-08 10:43:00,2015-04-08,0.4565,0.0,0.0,1260.0,0.4565,0.4565,0.4565,10000015,2015-04-22,2015-04-22,C,2.4,2015-02-09
7993,2015-04-08 10:44:00,2015-04-08,0.4675,4675.0,1.0,1260.0,0.4675,0.4675,0.4675,10000015,2015-04-22,2015-04-22,C,2.4,2015-02-09
7994,2015-04-08 10:45:00,2015-04-08,0.4675,0.0,0.0,1260.0,0.4675,0.4675,0.4675,10000015,2015-04-22,2015-04-22,C,2.4,2015-02-09
7995,2015-04-08 10:46:00,2015-04-08,0.4644,9288.0,2.0,1258.0,0.4644,0.4644,0.4644,10000015,2015-04-22,2015-04-22,C,2.4,2015-02-09
7996,2015-04-08 10:47:00,2015-04-08,0.4644,9288.0,2.0,1256.0,0.4644,0.4644,0.4644,10000015,2015-04-22,2015-04-22,C,2.4,2015-02-09
7997,2015-04-08 10:48:00,2015-04-08,0.4632,27718.0,6.0,1256.0,0.4632,0.461,0.461,10000015,2015-04-22,2015-04-22,C,2.4,2015-02-09
7998,2015-04-08 10:49:00,2015-04-08,0.4597,4597.0,1.0,1255.0,0.4597,0.4597,0.4597,10000015,2015-04-22,2015-04-22,C,2.4,2015-02-09
7999,2015-04-08 10:50:00,2015-04-08,0.4597,0.0,0.0,1255.0,0.4597,0.4597,0.4597,10000015,2015-04-22,2015-04-22,C,2.4,2015-02-09
8000,2015-04-08 10:51:00,2015-04-08,0.4554,9108.0,2.0,1253.0,0.4554,0.4554,0.4554,10000015,2015-04-22,2015-04-22,C,2.4,2015-02-09
8001,2015-04-08 10:52:00,2015-04-08,0.4505,4505.0,1.0,1253.0,0.4505,0.4505,0.4505,10000015,2015-04-22,2015-04-22,C,2.4,2015-02-09
8002,2015-04-08 10:53:00,2015-04-08,0.4465,89240.0,20.0,1263.0,0.4465,0.4459,0.4459,10000015,2015-04-22,2015-04-22,C,2.4,2015-02-09
8003,2015-04-08 10:54:00,2015-04-08,0.445,44475.0,10.0,1273.0,0.445,0.4445,0.4445,10000015,2015-04-22,2015-04-22,C,2.4,2015-02-09
8004,2015-04-08 10:55:00,2015-04-08,0.4445,0.0,0.0,1273.0,0.4445,0.4445,0.4445,10000015,2015-04-22,2015-04-22,C,2.4,2015-02-09
8005,2015-04-08 10:56:00,2015-04-08,0.4445,0.0,0.0,1273.0,0.4445,0.4445,0.4445,10000015,2015-04-22,2015-04-22,C,2.4,2015-02-09
8006,2015-04-08 10:57:00,2015-04-08,0.4445,0.0,0.0,1273.0,0.4445,0.4445,0.4445,10000015,2015-04-22,2015-04-22,C,2.4,2015-02-09
8007,2015-04-08 10:58:00,2015-04-08,0.4365,74190.0,17.0,1285.0,0.4365,0.436,0.436,10000015,2015-04-22,2015-04-22,C,2.4,2015-02-09
8008,2015-04-08 10:59:00,2015-04-08,0.4312,4312.0,1.0,1284.0,0.4312,0.4312,0.4312,10000015,2015-04-22,2015-04-22,C,2.4,2015-02-09
8009,2015-04-08 11:00:00,2015-04-08,0.4312,0.0,0.0,1284.0,0.4312,0.4312,0.4312,10000015,2015-04-22,2015-04-22,C,2.4,2015-02-09
8010,2015-04-08 11:01:00,2015-04-08,0.4312,0.0,0.0,1284.0,0.4312,0.4312,0.4312,10000015,2015-04-22,2015-04-22,C,2.4,2015-02-09
8011,2015-04-08 11:02:00,2015-04-08,0.4312,0.0,0.0,1284.0,0.4312,0.4312,0.4312,10000015,2015-04-22,2015-04-22,C,2.4,2015-02-09
8012,2015-04-08 11:03:00,2015-04-08,0.4312,0.0,0.0,1284.0,0.4312,0.4312,0.4312,10000015,2015-04-22,2015-04-22,C,2.4,2015-02-09
8013,2015-04-08 11:04:00,2015-04-08,0.4312,0.0,0.0,1284.0,0.4312,0.4312,0.4312,10000015,2015-04-22,2015-04-22,C,2.4,2015-02-09
8014,2015-04-08 11:05:00,2015-04-08,0.4312,0.0,0.0,1284.0,0.4312,0.4312,0.4312,10000015,2015-04-22,2015-04-22,C,2.4,2015-02-09
8015,2015-04-08 11:06:00,2015-04-08,0.4312,0.0,0.0,1284.0,0.4312,0.4312,0.4312,10000015,2015-04-22,2015-04-22,C,2.4,2015-02-09
8016,2015-04-08 11:07:00,2015-04-08,0.4312,0.0,0.0,1284.0,0.4312,0.4312,0.4312,10000015,2015-04-22,2015-04-22,C,2.4,2015-02-09
8017,2015-04-08 11:08:00,2015-04-08,0.4417,8834.0,2.0,1285.0,0.4417,0.4417,0.4417,10000015,2015-04-22,2015-04-22,C,2.4,2015-02-09
8018,2015-04-08 11:09:00,2015-04-08,0.4417,0.0,0.0,1285.0,0.4417,0.4417,0.4417,10000015,2015-04-22,2015-04-22,C,2.4,2015-02-09
8019,2015-04-08 11:10:00,2015-04-08,0.4417,0.0,0.0,1285.0,0.4417,0.4417,0.4417,10000015,2015-04-22,2015-04-22,C,2.4,2015-02-09
8020,2015-04-08 11:11:00,2015-04-08,0.4417,0.0,0.0,1285.0,0.4417,0.4417,0.4417,10000015,2015-04-22,2015-04-22,C,2.4,2015-02-09
8021,2015-04-08 11:12:00,2015-04-08,0.4471,35758.0,8.0,1283.0,0.4471,0.4471,0.4471,10000015,2015-04-22,2015-04-22,C,2.4,2015-02-09
8022,2015-04-08 11:13:00,2015-04-08,0.4471,0.0,0.0,1283.0,0.4471,0.4471,0.4471,10000015,2015-04-22,2015-04-22,C,2.4,2015-02-09
8023,2015-04-08 11:14:00,2015-04-08,0.4471,0.0,0.0,1283.0,0.4471,0.4471,0.4471,10000015,2015-04-22,2015-04-22,C,2.4,2015-02-09
8024,2015-04-08 11:15:00,2015-04-08,0.4471,0.0,0.0,1283.0,0.4471,0.4471,0.4471,10000015,2015-04-22,2015-04-22,C,2.4,2015-02-09
8025,2015-04-08 11:16:00,2015-04-08,0.4471,0.0,0.0,1283.0,0.4471,0.4471,0.4471,10000015,2015-04-22,2015-04-22,C,2.4,2015-02-09
8026,2015-04-08 11:17:00,2015-04-08,0.4471,0.0,0.0,1283.0,0.4471,0.4471,0.4471,10000015,2015-04-22,2015-04-22,C,2.4,2015-02-09
8027,2015-04-08 11:18:00,2015-04-08,0.4471,0.0,0.0,1283.0,0.4471,0.4471,0.4471,10000015,2015-04-22,2015-04-22,C,2.4,2015-02-09
8028,2015-04-08 11:19:00,2015-04-08,0.4471,0.0,0.0,1283.0,0.4471,0.4471,0.4471,10000015,2015-04-22,2015-04-22,C,2.4,2015-02-09
8029,2015-04-08 11:20:00,2015-04-08,0.4471,0.0,0.0,1283.0,0.4471,0.4471,0.4471,10000015,2015-04-22,2015-04-22,C,2.4,2015-02-09
8030,2015-04-08 11:21:00,2015-04-08,0.4471,0.0,0.0,1283.0,0.4471,0.4471,0.4471,10000015,2015-04-22,2015-04-22,C,2.4,2015-02-09
8031,2015-04-08 11:22:00,2015-04-08,0.4471,0.0,0.0,1283.0,0.4471,0.4471,0.4471,10000015,2015-04-22,2015-04-22,C,2.4,2015-02-09
8032,2015-04-08 11:23:00,2015-04-08,0.4471,0.0,0.0,1283.0,0.4471,0.4471,0.4471,10000015,2015-04-22,2015-04-22,C,2.4,2015-02-09
8033,2015-04-08 11:24:00,2015-04-08,0.4471,0.0,0.0,1283.0,0.4471,0.4471,0.4471,10000015,2015-04-22,2015-04-22,C,2.4,2015-02-09
8034,2015-04-08 11:25:00,2015-04-08,0.4471,0.0,0.0,1283.0,0.4471,0.4471,0.4471,10000015,2015-04-22,2015-04-22,C,2.4,2015-02-09
8035,2015-04-08 11:26:00,2015-04-08,0.4471,0.0,0.0,1283.0,0.4471,0.4471,0.4471,10000015,2015-04-22,2015-04-22,C,2.4,2015-02-09
8036,2015-04-08 11:27:00,2015-04-08,0.4471,0.0,0.0,1283.0,0.4471,0.4471,0.4471,10000015,2015-04-22,2015-04-22,C,2.4,2015-02-09
8037,2015-04-08 11:28:00,2015-04-08,0.4471,0.0,0.0,1283.0,0.4471,0.4471,0.4471,10000015,2015-04-22,2015-04-22,C,2.4,2015-02-09
8038,2015-04-08 11:29:00,2015-04-08,0.4471,0.0,0.0,1283.0,0.4471,0.4471,0.4471,10000015,2015-04-22,2015-04-22,C,2.4,2015-02-09
8039,2015-04-08 11:30:00,2015-04-08,0.47,94000.0,20.0,1263.0,0.47,0.47,0.47,10000015,2015-04-22,2015-04-22,C,2.4,2015-02-09
8040,2015-04-08 13:01:00,2015-04-08,0.478,85750.0,18.0,1248.0,0.474,0.478,0.474,10000015,2015-04-22,2015-04-22,C,2.4,2015-02-09
8041,2015-04-08 13:02:00,2015-04-08,0.4817,4817.0,1.0,1248.0,0.4817,0.4817,0.4817,10000015,2015-04-22,2015-04-22,C,2.4,2015-02-09
8042,2015-04-08 13:03:00,2015-04-08,0.4817,0.0,0.0,1248.0,0.4817,0.4817,0.4817,10000015,2015-04-22,2015-04-22,C,2.4,2015-02-09
8043,2015-04-08 13:04:00,2015-04-08,0.4817,0.0,0.0,1248.0,0.4817,0.4817,0.4817,10000015,2015-04-22,2015-04-22,C,2.4,2015-02-09
8044,2015-04-08 13:05:00,2015-04-08,0.4817,19247.0,4.0,1244.0,0.4816,0.4807,0.4807,10000015,2015-04-22,2015-04-22,C,2.4,2015-02-09
8045,2015-04-08 13:06:00,2015-04-08,0.4807,0.0,0.0,1244.0,0.4807,0.4807,0.4807,10000015,2015-04-22,2015-04-22,C,2.4,2015-02-09
8046,2015-04-08 13:07:00,2015-04-08,0.4768,9536.0,2.0,1244.0,0.4768,0.4768,0.4768,10000015,2015-04-22,2015-04-22,C,2.4,2015-02-09
8047,2015-04-08 13:08:00,2015-04-08,0.4768,0.0,0.0,1244.0,0.4768,0.4768,0.4768,10000015,2015-04-22,2015-04-22,C,2.4,2015-02-09
8048,2015-04-08 13:09:00,2015-04-08,0.4768,0.0,0.0,1244.0,0.4768,0.4768,0.4768,10000015,2015-04-22,2015-04-22,C,2.4,2015-02-09
8049,2015-04-08 13:10:00,2015-04-08,0.4723,9446.0,2.0,1242.0,0.4723,0.4723,0.4723,10000015,2015-04-22,2015-04-22,C,2.4,2015-02-09
8050,2015-04-08 13:11:00,2015-04-08,0.4723,0.0,0.0,1242.0,0.4723,0.4723,0.4723,10000015,2015-04-22,2015-04-22,C,2.4,2015-02-09
8051,2015-04-08 13:12:00,2015-04-08,0.4723,0.0,0.0,1242.0,0.4723,0.4723,0.4723,10000015,2015-04-22,2015-04-22,C,2.4,2015-02-09
8052,2015-04-08 13:13:00,2015-04-08,0.4723,0.0,0.0,1242.0,0.4723,0.4723,0.4723,10000015,2015-04-22,2015-04-22,C,2.4,2015-02-09
8053,2015-04-08 13:14:00,2015-04-08,0.4723,0.0,0.0,1242.0,0.4723,0.4723,0.4723,10000015,2015-04-22,2015-04-22,C,2.4,2015-02-09
8054,2015-04-08 13:15:00,2015-04-08,0.4723,0.0,0.0,1242.0,0.4723,0.4723,0.4723,10000015,2015-04-22,2015-04-22,C,2.4,2015-02-09
8055,2015-04-08 13:16:00,2015-04-08,0.4723,0.0,0.0,1242.0,0.4723,0.4723,0.4723,10000015,2015-04-22,2015-04-22,C,2.4,2015-02-09
8056,2015-04-08 13:17:00,2015-04-08,0.4723,0.0,0.0,1242.0,0.4723,0.4723,0.4723,10000015,2015-04-22,2015-04-22,C,2.4,2015-02-09
8057,2015-04-08 13:18:00,2015-04-08,0.4906,9812.0,2.0,1240.0,0.4906,0.4906,0.4906,10000015,2015-04-22,2015-04-22,C,2.4,2015-02-09
8058,2015-04-08 13:19:00,2015-04-08,0.4933,4933.0,1.0,1240.0,0.4933,0.4933,0.4933,10000015,2015-04-22,2015-04-22,C,2.4,2015-02-09
8059,2015-04-08 13:20:00,2015-04-08,0.4933,0.0,0.0,1240.0,0.4933,0.4933,0.4933,10000015,2015-04-22,2015-04-22,C,2.4,2015-02-09
8060,2015-04-08 13:21:00,2015-04-08,0.4998,19976.0,4.0,1240.0,0.499,0.4998,0.499,10000015,2015-04-22,2015-04-22,C,2.4,2015-02-09
8061,2015-04-08 13:22:00,2015-04-08,0.4998,0.0,0.0,1240.0,0.4998,0.4998,0.4998,10000015,2015-04-22,2015-04-22,C,2.4,2015-02-09
8062,2015-04-08 13:23:00,2015-04-08,0.4998,0.0,0.0,1240.0,0.4998,0.4998,0.4998,10000015,2015-04-22,2015-04-22,C,2.4,2015-02-09
8063,2015-04-08 13:24:00,2015-04-08,0.4998,0.0,0.0,1240.0,0.4998,0.4998,0.4998,10000015,2015-04-22,2015-04-22,C,2.4,2015-02-09
8064,2015-04-08 13:25:00,2015-04-08,0.4998,0.0,0.0,1240.0,0.4998,0.4998,0.4998,10000015,2015-04-22,2015-04-22,C,2.4,2015-02-09
8065,2015-04-08 13:26:00,2015-04-08,0.4998,0.0,0.0,1240.0,0.4998,0.4998,0.4998,10000015,2015-04-22,2015-04-22,C,2.4,2015-02-09
8066,2015-04-08 13:27:00,2015-04-08,0.4931,4931.0,1.0,1239.0,0.4931,0.4931,0.4931,10000015,2015-04-22,2015-04-22,C,2.4,2015-02-09
8067,2015-04-08 13:28:00,2015-04-08,0.4931,0.0,0.0,1239.0,0.4931,0.4931,0.4931,10000015,2015-04-22,2015-04-22,C,2.4,2015-02-09
8068,2015-04-08 13:29:00,2015-04-08,0.4931,0.0,0.0,1239.0,0.4931,0.4931,0.4931,10000015,2015-04-22,2015-04-22,C,2.4,2015-02-09
8069,2015-04-08 13:30:00,2015-04-08,0.5048,10096.0,2.0,1239.0,0.5048,0.5048,0.5048,10000015,2015-04-22,2015-04-22,C,2.4,2015-02-09
8070,2015-04-08 13:31:00,2015-04-08,0.5052,5052.0,1.0,1239.0,0.5052,0.5052,0.5052,10000015,2015-04-22,2015-04-22,C,2.4,2015-02-09
8071,2015-04-08 13:32:00,2015-04-08,0.5072,10144.0,2.0,1239.0,0.5072,0.5072,0.5072,10000015,2015-04-22,2015-04-22,C,2.4,2015-02-09
8072,2015-04-08 13:33:00,2015-04-08,0.5072,0.0,0.0,1239.0,0.5072,0.5072,0.5072,10000015,2015-04-22,2015-04-22,C,2.4,2015-02-09
8073,2015-04-08 13:34:00,2015-04-08,0.5072,0.0,0.0,1239.0,0.5072,0.5072,0.5072,10000015,2015-04-22,2015-04-22,C,2.4,2015-02-09
8074,2015-04-08 13:35:00,2015-04-08,0.5072,0.0,0.0,1239.0,0.5072,0.5072,0.5072,10000015,2015-04-22,2015-04-22,C,2.4,2015-02-09
8075,2015-04-08 13:36:00,2015-04-08,0.5072,0.0,0.0,1239.0,0.5072,0.5072,0.5072,10000015,2015-04-22,2015-04-22,C,2.4,2015-02-09
8076,2015-04-08 13:37:00,2015-04-08,0.5072,0.0,0.0,1239.0,0.5072,0.5072,0.5072,10000015,2015-04-22,2015-04-22,C,2.4,2015-02-09
8077,2015-04-08 13:38:00,2015-04-08,0.5072,0.0,0.0,1239.0,0.5072,0.5072,0.5072,10000015,2015-04-22,2015-04-22,C,2.4,2015-02-09
8078,2015-04-08 13:39:00,2015-04-08,0.5072,0.0,0.0,1239.0,0.5072,0.5072,0.5072,10000015,2015-04-22,2015-04-22,C,2.4,2015-02-09
8079,2015-04-08 13:40:00,2015-04-08,0.5072,0.0,0.0,1239.0,0.5072,0.5072,0.5072,10000015,2015-04-22,2015-04-22,C,2.4,2015-02-09
8080,2015-04-08 13:41:00,2015-04-08,0.495,9900.0,2.0,1238.0,0.495,0.495,0.495,10000015,2015-04-22,2015-04-22,C,2.4,2015-02-09
8081,2015-04-08 13:42:00,2015-04-08,0.4945,29670.0,6.0,1238.0,0.4945,0.4945,0.4945,10000015,2015-04-22,2015-04-22,C,2.4,2015-02-09
8082,2015-04-08 13:43:00,2015-04-08,0.4945,0.0,0.0,1238.0,0.4945,0.4945,0.4945,10000015,2015-04-22,2015-04-22,C,2.4,2015-02-09
8083,2015-04-08 13:44:00,2015-04-08,0.4945,0.0,0.0,1238.0,0.4945,0.4945,0.4945,10000015,2015-04-22,2015-04-22,C,2.4,2015-02-09
8084,2015-04-08 13:45:00,2015-04-08,0.4945,0.0,0.0,1238.0,0.4945,0.4945,0.4945,10000015,2015-04-22,2015-04-22,C,2.4,2015-02-09
8085,2015-04-08 13:46:00,2015-04-08,0.4982,9964.0,2.0,1240.0,0.4982,0.4982,0.4982,10000015,2015-04-22,2015-04-22,C,2.4,2015-02-09
8086,2015-04-08 13:47:00,2015-04-08,0.4982,0.0,0.0,1240.0,0.4982,0.4982,0.4982,10000015,2015-04-22,2015-04-22,C,2.4,2015-02-09
8087,2015-04-08 13:48:00,2015-04-08,0.4982,0.0,0.0,1240.0,0.4982,0.4982,0.4982,10000015,2015-04-22,2015-04-22,C,2.4,2015-02-09
8088,2015-04-08 13:49:00,2015-04-08,0.4982,0.0,0.0,1240.0,0.4982,0.4982,0.4982,10000015,2015-04-22,2015-04-22,C,2.4,2015-02-09
8089,2015-04-08 13:50:00,2015-04-08,0.4982,0.0,0.0,1240.0,0.4982,0.4982,0.4982,10000015,2015-04-22,2015-04-22,C,2.4,2015-02-09
8090,2015-04-08 13:51:00,2015-04-08,0.4982,0.0,0.0,1240.0,0.4982,0.4982,0.4982,10000015,2015-04-22,2015-04-22,C,2.4,2015-02-09
8091,2015-04-08 13:52:00,2015-04-08,0.4982,0.0,0.0,1240.0,0.4982,0.4982,0.4982,10000015,2015-04-22,2015-04-22,C,2.4,2015-02-09
8092,2015-04-08 13:53:00,2015-04-08,0.4982,0.0,0.0,1240.0,0.4982,0.4982,0.4982,10000015,2015-04-22,2015-04-22,C,2.4,2015-02-09
8093,2015-04-08 13:54:00,2015-04-08,0.5077,10154.0,2.0,1242.0,0.5077,0.5077,0.5077,10000015,2015-04-22,2015-04-22,C,2.4,2015-02-09
8094,2015-04-08 13:55:00,2015-04-08,0.5077,0.0,0.0,1242.0,0.5077,0.5077,0.5077,10000015,2015-04-22,2015-04-22,C,2.4,2015-02-09
8095,2015-04-08 13:56:00,2015-04-08,0.4971,9942.0,2.0,1240.0,0.4971,0.4971,0.4971,10000015,2015-04-22,2015-04-22,C,2.4,2015-02-09
8096,2015-04-08 13:57:00,2015-04-08,0.4971,0.0,0.0,1240.0,0.4971,0.4971,0.4971,10000015,2015-04-22,2015-04-22,C,2.4,2015-02-09
8097,2015-04-08 13:58:00,2015-04-08,0.5089,20152.0,4.0,1240.0,0.5089,0.4987,0.4987,10000015,2015-04-22,2015-04-22,C,2.4,2015-02-09
8098,2015-04-08 13:59:00,2015-04-08,0.4987,0.0,0.0,1240.0,0.4987,0.4987,0.4987,10000015,2015-04-22,2015-04-22,C,2.4,2015-02-09
8099,2015-04-08 14:00:00,2015-04-08,0.4987,0.0,0.0,1240.0,0.4987,0.4987,0.4987,10000015,2015-04-22,2015-04-22,C,2.4,2015-02-09
8100,2015-04-08 14:01:00,2015-04-08,0.4987,0.0,0.0,1240.0,0.4987,0.4987,0.4987,10000015,2015-04-22,2015-04-22,C,2.4,2015-02-09
8101,2015-04-08 14:02:00,2015-04-08,0.4987,0.0,0.0,1240.0,0.4987,0.4987,0.4987,10000015,2015-04-22,2015-04-22,C,2.4,2015-02-09
8102,2015-04-08 14:03:00,2015-04-08,0.5016,30096.0,6.0,1240.0,0.5016,0.5016,0.5016,10000015,2015-04-22,2015-04-22,C,2.4,2015-02-09
8103,2015-04-08 14:04:00,2015-04-08,0.5011,35027.0,7.0,1247.0,0.5011,0.5001,0.5001,10000015,2015-04-22,2015-04-22,C,2.4,2015-02-09
8104,2015-04-08 14:05:00,2015-04-08,0.5001,0.0,0.0,1247.0,0.5001,0.5001,0.5001,10000015,2015-04-22,2015-04-22,C,2.4,2015-02-09
8105,2015-04-08 14:06:00,2015-04-08,0.5001,0.0,0.0,1247.0,0.5001,0.5001,0.5001,10000015,2015-04-22,2015-04-22,C,2.4,2015-02-09
8106,2015-04-08 14:07:00,2015-04-08,0.5001,0.0,0.0,1247.0,0.5001,0.5001,0.5001,10000015,2015-04-22,2015-04-22,C,2.4,2015-02-09
8107,2015-04-08 14:08:00,2015-04-08,0.5001,0.0,0.0,1247.0,0.5001,0.5001,0.5001,10000015,2015-04-22,2015-04-22,C,2.4,2015-02-09
8108,2015-04-08 14:09:00,2015-04-08,0.5001,0.0,0.0,1247.0,0.5001,0.5001,0.5001,10000015,2015-04-22,2015-04-22,C,2.4,2015-02-09
8109,2015-04-08 14:10:00,2015-04-08,0.5001,0.0,0.0,1247.0,0.5001,0.5001,0.5001,10000015,2015-04-22,2015-04-22,C,2.4,2015-02-09
8110,2015-04-08 14:11:00,2015-04-08,0.5001,0.0,0.0,1247.0,0.5001,0.5001,0.5001,10000015,2015-04-22,2015-04-22,C,2.4,2015-02-09
8111,2015-04-08 14:12:00,2015-04-08,0.5001,0.0,0.0,1247.0,0.5001,0.5001,0.5001,10000015,2015-04-22,2015-04-22,C,2.4,2015-02-09
8112,2015-04-08 14:13:00,2015-04-08,0.5001,0.0,0.0,1247.0,0.5001,0.5001,0.5001,10000015,2015-04-22,2015-04-22,C,2.4,2015-02-09
8113,2015-04-08 14:14:00,2015-04-08,0.5001,0.0,0.0,1247.0,0.5001,0.5001,0.5001,10000015,2015-04-22,2015-04-22,C,2.4,2015-02-09
8114,2015-04-08 14:15:00,2015-04-08,0.5001,0.0,0.0,1247.0,0.5001,0.5001,0.5001,10000015,2015-04-22,2015-04-22,C,2.4,2015-02-09
8115,2015-04-08 14:16:00,2015-04-08,0.5001,0.0,0.0,1247.0,0.5001,0.5001,0.5001,10000015,2015-04-22,2015-04-22,C,2.4,2015-02-09
8116,2015-04-08 14:17:00,2015-04-08,0.5001,0.0,0.0,1247.0,0.5001,0.5001,0.5001,10000015,2015-04-22,2015-04-22,C,2.4,2015-02-09
8117,2015-04-08 14:18:00,2015-04-08,0.5001,0.0,0.0,1247.0,0.5001,0.5001,0.5001,10000015,2015-04-22,2015-04-22,C,2.4,2015-02-09
8118,2015-04-08 14:19:00,2015-04-08,0.4907,63642.0,13.0,1252.0,0.4898,0.4907,0.4898,10000015,2015-04-22,2015-04-22,C,2.4,2015-02-09
8119,2015-04-08 14:20:00,2015-04-08,0.4907,0.0,0.0,1252.0,0.4907,0.4907,0.4907,10000015,2015-04-22,2015-04-22,C,2.4,2015-02-09
8120,2015-04-08 14:21:00,2015-04-08,0.4907,0.0,0.0,1252.0,0.4907,0.4907,0.4907,10000015,2015-04-22,2015-04-22,C,2.4,2015-02-09
8121,2015-04-08 14:22:00,2015-04-08,0.4907,0.0,0.0,1252.0,0.4907,0.4907,0.4907,10000015,2015-04-22,2015-04-22,C,2.4,2015-02-09
8122,2015-04-08 14:23:00,2015-04-08,0.4907,0.0,0.0,1252.0,0.4907,0.4907,0.4907,10000015,2015-04-22,2015-04-22,C,2.4,2015-02-09
8123,2015-04-08 14:24:00,2015-04-08,0.4907,0.0,0.0,1252.0,0.4907,0.4907,0.4907,10000015,2015-04-22,2015-04-22,C,2.4,2015-02-09
8124,2015-04-08 14:25:00,2015-04-08,0.4907,0.0,0.0,1252.0,0.4907,0.4907,0.4907,10000015,2015-04-22,2015-04-22,C,2.4,2015-02-09
8125,2015-04-08 14:26:00,2015-04-08,0.4907,0.0,0.0,1252.0,0.4907,0.4907,0.4907,10000015,2015-04-22,2015-04-22,C,2.4,2015-02-09
8126,2015-04-08 14:27:00,2015-04-08,0.4907,0.0,0.0,1252.0,0.4907,0.4907,0.4907,10000015,2015-04-22,2015-04-22,C,2.4,2015-02-09
8127,2015-04-08 14:28:00,2015-04-08,0.4907,0.0,0.0,1252.0,0.4907,0.4907,0.4907,10000015,2015-04-22,2015-04-22,C,2.4,2015-02-09
8128,2015-04-08 14:29:00,2015-04-08,0.4907,0.0,0.0,1252.0,0.4907,0.4907,0.4907,10000015,2015-04-22,2015-04-22,C,2.4,2015-02-09
8129,2015-04-08 14:30:00,2015-04-08,0.4907,0.0,0.0,1252.0,0.4907,0.4907,0.4907,10000015,2015-04-22,2015-04-22,C,2.4,2015-02-09
8130,2015-04-08 14:31:00,2015-04-08,0.4907,0.0,0.0,1252.0,0.4907,0.4907,0.4907,10000015,2015-04-22,2015-04-22,C,2.4,2015-02-09
8131,2015-04-08 14:32:00,2015-04-08,0.4907,0.0,0.0,1252.0,0.4907,0.4907,0.4907,10000015,2015-04-22,2015-04-22,C,2.4,2015-02-09
8132,2015-04-08 14:33:00,2015-04-08,0.4907,0.0,0.0,1252.0,0.4907,0.4907,0.4907,10000015,2015-04-22,2015-04-22,C,2.4,2015-02-09
8133,2015-04-08 14:34:00,2015-04-08,0.4868,9736.0,2.0,1254.0,0.4868,0.4868,0.4868,10000015,2015-04-22,2015-04-22,C,2.4,2015-02-09
8134,2015-04-08 14:35:00,2015-04-08,0.4868,0.0,0.0,1254.0,0.4868,0.4868,0.4868,10000015,2015-04-22,2015-04-22,C,2.4,2015-02-09
8135,2015-04-08 14:36:00,2015-04-08,0.4868,0.0,0.0,1254.0,0.4868,0.4868,0.4868,10000015,2015-04-22,2015-04-22,C,2.4,2015-02-09
8136,2015-04-08 14:37:00,2015-04-08,0.4868,0.0,0.0,1254.0,0.4868,0.4868,0.4868,10000015,2015-04-22,2015-04-22,C,2.4,2015-02-09
8137,2015-04-08 14:38:00,2015-04-08,0.4868,0.0,0.0,1254.0,0.4868,0.4868,0.4868,10000015,2015-04-22,2015-04-22,C,2.4,2015-02-09
8138,2015-04-08 14:39:00,2015-04-08,0.4868,0.0,0.0,1254.0,0.4868,0.4868,0.4868,10000015,2015-04-22,2015-04-22,C,2.4,2015-02-09
8139,2015-04-08 14:40:00,2015-04-08,0.4868,0.0,0.0,1254.0,0.4868,0.4868,0.4868,10000015,2015-04-22,2015-04-22,C,2.4,2015-02-09
8140,2015-04-08 14:41:00,2015-04-08,0.4868,0.0,0.0,1254.0,0.4868,0.4868,0.4868,10000015,2015-04-22,2015-04-22,C,2.4,2015-02-09
8141,2015-04-08 14:42:00,2015-04-08,0.4868,0.0,0.0,1254.0,0.4868,0.4868,0.4868,10000015,2015-04-22,2015-04-22,C,2.4,2015-02-09
8142,2015-04-08 14:43:00,2015-04-08,0.4868,0.0,0.0,1254.0,0.4868,0.4868,0.4868,10000015,2015-04-22,2015-04-22,C,2.4,2015-02-09
8143,2015-04-08 14:44:00,2015-04-08,0.4868,0.0,0.0,1254.0,0.4868,0.4868,0.4868,10000015,2015-04-22,2015-04-22,C,2.4,2015-02-09
8144,2015-04-08 14:45:00,2015-04-08,0.4868,0.0,0.0,1254.0,0.4868,0.4868,0.4868,10000015,2015-04-22,2015-04-22,C,2.4,2015-02-09
8145,2015-04-08 14:46:00,2015-04-08,0.4958,44622.0,9.0,1245.0,0.4958,0.4958,0.4958,10000015,2015-04-22,2015-04-22,C,2.4,2015-02-09
8146,2015-04-08 14:47:00,2015-04-08,0.4958,0.0,0.0,1245.0,0.4958,0.4958,0.4958,10000015,2015-04-22,2015-04-22,C,2.4,2015-02-09
8147,2015-04-08 14:48:00,2015-04-08,0.4958,0.0,0.0,1245.0,0.4958,0.4958,0.4958,10000015,2015-04-22,2015-04-22,C,2.4,2015-02-09
8148,2015-04-08 14:49:00,2015-04-08,0.4958,0.0,0.0,1245.0,0.4958,0.4958,0.4958,10000015,2015-04-22,2015-04-22,C,2.4,2015-02-09
8149,2015-04-08 14:50:00,2015-04-08,0.4958,0.0,0.0,1245.0,0.4958,0.4958,0.4958,10000015,2015-04-22,2015-04-22,C,2.4,2015-02-09
8150,2015-04-08 14:51:00,2015-04-08,0.4958,0.0,0.0,1245.0,0.4958,0.4958,0.4958,10000015,2015-04-22,2015-04-22,C,2.4,2015-02-09
8151,2015-04-08 14:52:00,2015-04-08,0.4958,0.0,0.0,1245.0,0.4958,0.4958,0.4958,10000015,2015-04-22,2015-04-22,C,2.4,2015-02-09
8152,2015-04-08 14:53:00,2015-04-08,0.4958,0.0,0.0,1245.0,0.4958,0.4958,0.4958,10000015,2015-04-22,2015-04-22,C,2.4,2015-02-09
8153,2015-04-08 14:54:00,2015-04-08,0.5,15000.0,3.0,1244.0,0.5,0.5,0.5,10000015,2015-04-22,2015-04-22,C,2.4,2015-02-09
8154,2015-04-08 14:55:00,2015-04-08,0.5,0.0,0.0,1244.0,0.5,0.5,0.5,10000015,2015-04-22,2015-04-22,C,2.4,2015-02-09
8155,2015-04-08 14:56:00,2015-04-08,0.5,0.0,0.0,1244.0,0.5,0.5,0.5,10000015,2015-04-22,2015-04-22,C,2.4,2015-02-09
8156,2015-04-08 14:57:00,2015-04-08,0.5,0.0,0.0,1244.0,0.5,0.5,0.5,10000015,2015-04-22,2015-04-22,C,2.4,2015-02-09
8157,2015-04-08 14:58:00,2015-04-08,0.5,0.0,0.0,1244.0,0.5,0.5,0.5,10000015,2015-04-22,2015-04-22,C,2.4,2015-02-09
8158,2015-04-08 14:59:00,2015-04-08,0.5,0.0,0.0,1244.0,0.5,0.5,0.5,10000015,2015-04-22,2015-04-22,C,2.4,2015-02-09
8159,2015-04-08 15:00:00,2015-04-08,0.5,0.0,0.0,1244.0,0.5,0.5,0.5,10000015,2015-04-22,2015-04-22,C,2.4,2015-02-09
8160,2015-04-08 09:31:00,2015-04-08,0.4857,0.0,0.0,0.0,0.4857,0.4857,0.4857,10000014,2015-04-22,2015-04-22,C,2.35,2015-02-09
8161,2015-04-08 09:32:00,2015-04-08,0.4857,0.0,0.0,0.0,0.4857,0.4857,0.4857,10000014,2015-04-22,2015-04-22,C,2.35,2015-02-09
8162,2015-04-08 09:33:00,2015-04-08,0.4857,0.0,0.0,0.0,0.4857,0.4857,0.4857,10000014,2015-04-22,2015-04-22,C,2.35,2015-02-09
8163,2015-04-08 09:34:00,2015-04-08,0.4857,0.0,0.0,0.0,0.4857,0.4857,0.4857,10000014,2015-04-22,2015-04-22,C,2.35,2015-02-09
8164,2015-04-08 09:35:00,2015-04-08,0.4857,0.0,0.0,0.0,0.4857,0.4857,0.4857,10000014,2015-04-22,2015-04-22,C,2.35,2015-02-09
8165,2015-04-08 09:36:00,2015-04-08,0.4857,0.0,0.0,0.0,0.4857,0.4857,0.4857,10000014,2015-04-22,2015-04-22,C,2.35,2015-02-09
8166,2015-04-08 09:37:00,2015-04-08,0.4857,0.0,0.0,0.0,0.4857,0.4857,0.4857,10000014,2015-04-22,2015-04-22,C,2.35,2015-02-09
8167,2015-04-08 09:38:00,2015-04-08,0.4857,0.0,0.0,0.0,0.4857,0.4857,0.4857,10000014,2015-04-22,2015-04-22,C,2.35,2015-02-09
8168,2015-04-08 09:39:00,2015-04-08,0.4857,0.0,0.0,0.0,0.4857,0.4857,0.4857,10000014,2015-04-22,2015-04-22,C,2.35,2015-02-09
8169,2015-04-08 09:40:00,2015-04-08,0.4857,0.0,0.0,0.0,0.4857,0.4857,0.4857,10000014,2015-04-22,2015-04-22,C,2.35,2015-02-09
8170,2015-04-08 09:41:00,2015-04-08,0.4857,0.0,0.0,0.0,0.4857,0.4857,0.4857,10000014,2015-04-22,2015-04-22,C,2.35,2015-02-09
8171,2015-04-08 09:42:00,2015-04-08,0.4857,0.0,0.0,0.0,0.4857,0.4857,0.4857,10000014,2015-04-22,2015-04-22,C,2.35,2015-02-09
8172,2015-04-08 09:43:00,2015-04-08,0.5059,-1479160.0,-288.0,884.0,0.5007,0.5059,0.5007,10000014,2015-04-22,2015-04-22,C,2.35,2015-02-09
8173,2015-04-08 09:44:00,2015-04-08,0.5059,0.0,0.0,884.0,0.5059,0.5059,0.5059,10000014,2015-04-22,2015-04-22,C,2.35,2015-02-09
8174,2015-04-08 09:45:00,2015-04-08,0.5059,0.0,0.0,884.0,0.5059,0.5059,0.5059,10000014,2015-04-22,2015-04-22,C,2.35,2015-02-09
8175,2015-04-08 09:46:00,2015-04-08,0.5059,0.0,0.0,884.0,0.5059,0.5059,0.5059,10000014,2015-04-22,2015-04-22,C,2.35,2015-02-09
8176,2015-04-08 09:47:00,2015-04-08,0.5059,0.0,0.0,884.0,0.5059,0.5059,0.5059,10000014,2015-04-22,2015-04-22,C,2.35,2015-02-09
8177,2015-04-08 09:48:00,2015-04-08,0.5059,0.0,0.0,884.0,0.5059,0.5059,0.5059,10000014,2015-04-22,2015-04-22,C,2.35,2015-02-09
8178,2015-04-08 09:49:00,2015-04-08,0.5059,0.0,0.0,884.0,0.5059,0.5059,0.5059,10000014,2015-04-22,2015-04-22,C,2.35,2015-02-09
8179,2015-04-08 09:50:00,2015-04-08,0.5059,0.0,0.0,884.0,0.5059,0.5059,0.5059,10000014,2015-04-22,2015-04-22,C,2.35,2015-02-09
8180,2015-04-08 09:51:00,2015-04-08,0.5059,0.0,0.0,884.0,0.5059,0.5059,0.5059,10000014,2015-04-22,2015-04-22,C,2.35,2015-02-09
8181,2015-04-08 09:52:00,2015-04-08,0.5059,0.0,0.0,884.0,0.5059,0.5059,0.5059,10000014,2015-04-22,2015-04-22,C,2.35,2015-02-09
8182,2015-04-08 09:53:00,2015-04-08,0.5059,0.0,0.0,884.0,0.5059,0.5059,0.5059,10000014,2015-04-22,2015-04-22,C,2.35,2015-02-09
8183,2015-04-08 09:54:00,2015-04-08,0.5059,0.0,0.0,884.0,0.5059,0.5059,0.5059,10000014,2015-04-22,2015-04-22,C,2.35,2015-02-09
8184,2015-04-08 09:55:00,2015-04-08,0.5059,0.0,0.0,884.0,0.5059,0.5059,0.5059,10000014,2015-04-22,2015-04-22,C,2.35,2015-02-09
8185,2015-04-08 09:56:00,2015-04-08,0.5059,0.0,0.0,884.0,0.5059,0.5059,0.5059,10000014,2015-04-22,2015-04-22,C,2.35,2015-02-09
8186,2015-04-08 09:57:00,2015-04-08,0.5059,0.0,0.0,884.0,0.5059,0.5059,0.5059,10000014,2015-04-22,2015-04-22,C,2.35,2015-02-09
8187,2015-04-08 09:58:00,2015-04-08,0.5059,0.0,0.0,884.0,0.5059,0.5059,0.5059,10000014,2015-04-22,2015-04-22,C,2.35,2015-02-09
8188,2015-04-08 09:59:00,2015-04-08,0.5059,0.0,0.0,884.0,0.5059,0.5059,0.5059,10000014,2015-04-22,2015-04-22,C,2.35,2015-02-09
8189,2015-04-08 10:00:00,2015-04-08,0.5059,0.0,0.0,884.0,0.5059,0.5059,0.5059,10000014,2015-04-22,2015-04-22,C,2.35,2015-02-09
8190,2015-04-08 10:01:00,2015-04-08,0.5059,0.0,0.0,884.0,0.5059,0.5059,0.5059,10000014,2015-04-22,2015-04-22,C,2.35,2015-02-09
8191,2015-04-08 10:02:00,2015-04-08,0.5258,5258.0,1.0,884.0,0.5258,0.5258,0.5258,10000014,2015-04-22,2015-04-22,C,2.35,2015-02-09
8192,2015-04-08 10:03:00,2015-04-08,0.5258,0.0,0.0,884.0,0.5258,0.5258,0.5258,10000014,2015-04-22,2015-04-22,C,2.35,2015-02-09
8193,2015-04-08 10:04:00,2015-04-08,0.5258,0.0,0.0,884.0,0.5258,0.5258,0.5258,10000014,2015-04-22,2015-04-22,C,2.35,2015-02-09
8194,2015-04-08 10:05:00,2015-04-08,0.5135,5135.0,1.0,884.0,0.5135,0.5135,0.5135,10000014,2015-04-22,2015-04-22,C,2.35,2015-02-09
8195,2015-04-08 10:06:00,2015-04-08,0.5135,0.0,0.0,884.0,0.5135,0.5135,0.5135,10000014,2015-04-22,2015-04-22,C,2.35,2015-02-09
8196,2015-04-08 10:07:00,2015-04-08,0.5054,50550.0,10.0,884.0,0.5054,0.5054,0.5054,10000014,2015-04-22,2015-04-22,C,2.35,2015-02-09
8197,2015-04-08 10:08:00,2015-04-08,0.5054,0.0,0.0,884.0,0.5054,0.5054,0.5054,10000014,2015-04-22,2015-04-22,C,2.35,2015-02-09
8198,2015-04-08 10:09:00,2015-04-08,0.5054,0.0,0.0,884.0,0.5054,0.5054,0.5054,10000014,2015-04-22,2015-04-22,C,2.35,2015-02-09
8199,2015-04-08 10:10:00,2015-04-08,0.5054,0.0,0.0,884.0,0.5054,0.5054,0.5054,10000014,2015-04-22,2015-04-22,C,2.35,2015-02-09
8200,2015-04-08 10:11:00,2015-04-08,0.5054,0.0,0.0,884.0,0.5054,0.5054,0.5054,10000014,2015-04-22,2015-04-22,C,2.35,2015-02-09
8201,2015-04-08 10:12:00,2015-04-08,0.5054,0.0,0.0,884.0,0.5054,0.5054,0.5054,10000014,2015-04-22,2015-04-22,C,2.35,2015-02-09
8202,2015-04-08 10:13:00,2015-04-08,0.5054,0.0,0.0,884.0,0.5054,0.5054,0.5054,10000014,2015-04-22,2015-04-22,C,2.35,2015-02-09
8203,2015-04-08 10:14:00,2015-04-08,0.4979,133828.0,27.0,889.0,0.4979,0.4939,0.4939,10000014,2015-04-22,2015-04-22,C,2.35,2015-02-09
8204,2015-04-08 10:15:00,2015-04-08,0.4939,0.0,0.0,889.0,0.4939,0.4939,0.4939,10000014,2015-04-22,2015-04-22,C,2.35,2015-02-09
8205,2015-04-08 10:16:00,2015-04-08,0.4939,0.0,0.0,889.0,0.4939,0.4939,0.4939,10000014,2015-04-22,2015-04-22,C,2.35,2015-02-09
8206,2015-04-08 10:17:00,2015-04-08,0.4939,0.0,0.0,889.0,0.4939,0.4939,0.4939,10000014,2015-04-22,2015-04-22,C,2.35,2015-02-09
8207,2015-04-08 10:18:00,2015-04-08,0.4939,0.0,0.0,889.0,0.4939,0.4939,0.4939,10000014,2015-04-22,2015-04-22,C,2.35,2015-02-09
8208,2015-04-08 10:19:00,2015-04-08,0.4939,0.0,0.0,889.0,0.4939,0.4939,0.4939,10000014,2015-04-22,2015-04-22,C,2.35,2015-02-09
8209,2015-04-08 10:20:00,2015-04-08,0.4939,0.0,0.0,889.0,0.4939,0.4939,0.4939,10000014,2015-04-22,2015-04-22,C,2.35,2015-02-09
8210,2015-04-08 10:21:00,2015-04-08,0.4939,0.0,0.0,889.0,0.4939,0.4939,0.4939,10000014,2015-04-22,2015-04-22,C,2.35,2015-02-09
8211,2015-04-08 10:22:00,2015-04-08,0.4939,0.0,0.0,889.0,0.4939,0.4939,0.4939,10000014,2015-04-22,2015-04-22,C,2.35,2015-02-09
8212,2015-04-08 10:23:00,2015-04-08,0.4939,0.0,0.0,889.0,0.4939,0.4939,0.4939,10000014,2015-04-22,2015-04-22,C,2.35,2015-02-09
8213,2015-04-08 10:24:00,2015-04-08,0.4939,0.0,0.0,889.0,0.4939,0.4939,0.4939,10000014,2015-04-22,2015-04-22,C,2.35,2015-02-09
8214,2015-04-08 10:25:00,2015-04-08,0.4939,0.0,0.0,889.0,0.4939,0.4939,0.4939,10000014,2015-04-22,2015-04-22,C,2.35,2015-02-09
8215,2015-04-08 10:26:00,2015-04-08,0.4939,0.0,0.0,889.0,0.4939,0.4939,0.4939,10000014,2015-04-22,2015-04-22,C,2.35,2015-02-09
8216,2015-04-08 10:27:00,2015-04-08,0.4939,0.0,0.0,889.0,0.4939,0.4939,0.4939,10000014,2015-04-22,2015-04-22,C,2.35,2015-02-09
8217,2015-04-08 10:28:00,2015-04-08,0.4939,0.0,0.0,889.0,0.4939,0.4939,0.4939,10000014,2015-04-22,2015-04-22,C,2.35,2015-02-09
8218,2015-04-08 10:29:00,2015-04-08,0.4939,0.0,0.0,889.0,0.4939,0.4939,0.4939,10000014,2015-04-22,2015-04-22,C,2.35,2015-02-09
8219,2015-04-08 10:30:00,2015-04-08,0.4939,0.0,0.0,889.0,0.4939,0.4939,0.4939,10000014,2015-04-22,2015-04-22,C,2.35,2015-02-09
8220,2015-04-08 10:31:00,2015-04-08,0.4939,0.0,0.0,889.0,0.4939,0.4939,0.4939,10000014,2015-04-22,2015-04-22,C,2.35,2015-02-09
8221,2015-04-08 10:32:00,2015-04-08,0.4939,0.0,0.0,889.0,0.4939,0.4939,0.4939,10000014,2015-04-22,2015-04-22,C,2.35,2015-02-09
8222,2015-04-08 10:33:00,2015-04-08,0.4939,0.0,0.0,889.0,0.4939,0.4939,0.4939,10000014,2015-04-22,2015-04-22,C,2.35,2015-02-09
8223,2015-04-08 10:34:00,2015-04-08,0.4939,0.0,0.0,889.0,0.4939,0.4939,0.4939,10000014,2015-04-22,2015-04-22,C,2.35,2015-02-09
8224,2015-04-08 10:35:00,2015-04-08,0.4939,0.0,0.0,889.0,0.4939,0.4939,0.4939,10000014,2015-04-22,2015-04-22,C,2.35,2015-02-09
8225,2015-04-08 10:36:00,2015-04-08,0.4939,0.0,0.0,889.0,0.4939,0.4939,0.4939,10000014,2015-04-22,2015-04-22,C,2.35,2015-02-09
8226,2015-04-08 10:37:00,2015-04-08,0.4939,0.0,0.0,889.0,0.4939,0.4939,0.4939,10000014,2015-04-22,2015-04-22,C,2.35,2015-02-09
8227,2015-04-08 10:38:00,2015-04-08,0.4939,0.0,0.0,889.0,0.4939,0.4939,0.4939,10000014,2015-04-22,2015-04-22,C,2.35,2015-02-09
8228,2015-04-08 10:39:00,2015-04-08,0.4939,0.0,0.0,889.0,0.4939,0.4939,0.4939,10000014,2015-04-22,2015-04-22,C,2.35,2015-02-09
8229,2015-04-08 10:40:00,2015-04-08,0.4939,0.0,0.0,889.0,0.4939,0.4939,0.4939,10000014,2015-04-22,2015-04-22,C,2.35,2015-02-09
8230,2015-04-08 10:41:00,2015-04-08,0.4939,0.0,0.0,889.0,0.4939,0.4939,0.4939,10000014,2015-04-22,2015-04-22,C,2.35,2015-02-09
8231,2015-04-08 10:42:00,2015-04-08,0.5245,57690.0,11.0,900.0,0.5245,0.524,0.524,10000014,2015-04-22,2015-04-22,C,2.35,2015-02-09
8232,2015-04-08 10:43:00,2015-04-08,0.524,0.0,0.0,900.0,0.524,0.524,0.524,10000014,2015-04-22,2015-04-22,C,2.35,2015-02-09
8233,2015-04-08 10:44:00,2015-04-08,0.524,0.0,0.0,900.0,0.524,0.524,0.524,10000014,2015-04-22,2015-04-22,C,2.35,2015-02-09
8234,2015-04-08 10:45:00,2015-04-08,0.516,5160.0,1.0,900.0,0.516,0.516,0.516,10000014,2015-04-22,2015-04-22,C,2.35,2015-02-09
8235,2015-04-08 10:46:00,2015-04-08,0.516,10320.0,2.0,900.0,0.516,0.516,0.516,10000014,2015-04-22,2015-04-22,C,2.35,2015-02-09
8236,2015-04-08 10:47:00,2015-04-08,0.516,0.0,0.0,900.0,0.516,0.516,0.516,10000014,2015-04-22,2015-04-22,C,2.35,2015-02-09
8237,2015-04-08 10:48:00,2015-04-08,0.516,0.0,0.0,900.0,0.516,0.516,0.516,10000014,2015-04-22,2015-04-22,C,2.35,2015-02-09
8238,2015-04-08 10:49:00,2015-04-08,0.516,0.0,0.0,900.0,0.516,0.516,0.516,10000014,2015-04-22,2015-04-22,C,2.35,2015-02-09
8239,2015-04-08 10:50:00,2015-04-08,0.516,0.0,0.0,900.0,0.516,0.516,0.516,10000014,2015-04-22,2015-04-22,C,2.35,2015-02-09
8240,2015-04-08 10:51:00,2015-04-08,0.516,0.0,0.0,900.0,0.516,0.516,0.516,10000014,2015-04-22,2015-04-22,C,2.35,2015-02-09
8241,2015-04-08 10:52:00,2015-04-08,0.516,0.0,0.0,900.0,0.516,0.516,0.516,10000014,2015-04-22,2015-04-22,C,2.35,2015-02-09
8242,2015-04-08 10:53:00,2015-04-08,0.4957,49570.0,10.0,900.0,0.4957,0.4957,0.4957,10000014,2015-04-22,2015-04-22,C,2.35,2015-02-09
8243,2015-04-08 10:54:00,2015-04-08,0.4948,153325.0,31.0,926.0,0.4947,0.49,0.49,10000014,2015-04-22,2015-04-22,C,2.35,2015-02-09
8244,2015-04-08 10:55:00,2015-04-08,0.49,0.0,0.0,926.0,0.49,0.49,0.49,10000014,2015-04-22,2015-04-22,C,2.35,2015-02-09
8245,2015-04-08 10:56:00,2015-04-08,0.49,0.0,0.0,926.0,0.49,0.49,0.49,10000014,2015-04-22,2015-04-22,C,2.35,2015-02-09
8246,2015-04-08 10:57:00,2015-04-08,0.489,151540.0,31.0,956.0,0.489,0.4888,0.4885,10000014,2015-04-22,2015-04-22,C,2.35,2015-02-09
8247,2015-04-08 10:58:00,2015-04-08,0.4883,73171.0,15.0,970.0,0.4883,0.4878,0.4874,10000014,2015-04-22,2015-04-22,C,2.35,2015-02-09
8248,2015-04-08 10:59:00,2015-04-08,0.4878,0.0,0.0,970.0,0.4878,0.4878,0.4878,10000014,2015-04-22,2015-04-22,C,2.35,2015-02-09
8249,2015-04-08 11:00:00,2015-04-08,0.4878,0.0,0.0,970.0,0.4878,0.4878,0.4878,10000014,2015-04-22,2015-04-22,C,2.35,2015-02-09
8250,2015-04-08 11:01:00,2015-04-08,0.4878,0.0,0.0,970.0,0.4878,0.4878,0.4878,10000014,2015-04-22,2015-04-22,C,2.35,2015-02-09
8251,2015-04-08 11:02:00,2015-04-08,0.4878,0.0,0.0,970.0,0.4878,0.4878,0.4878,10000014,2015-04-22,2015-04-22,C,2.35,2015-02-09
8252,2015-04-08 11:03:00,2015-04-08,0.4878,0.0,0.0,970.0,0.4878,0.4878,0.4878,10000014,2015-04-22,2015-04-22,C,2.35,2015-02-09
8253,2015-04-08 11:04:00,2015-04-08,0.4977,49770.0,10.0,980.0,0.4977,0.4977,0.4977,10000014,2015-04-22,2015-04-22,C,2.35,2015-02-09
8254,2015-04-08 11:05:00,2015-04-08,0.4977,0.0,0.0,980.0,0.4977,0.4977,0.4977,10000014,2015-04-22,2015-04-22,C,2.35,2015-02-09
8255,2015-04-08 11:06:00,2015-04-08,0.4977,0.0,0.0,980.0,0.4977,0.4977,0.4977,10000014,2015-04-22,2015-04-22,C,2.35,2015-02-09
8256,2015-04-08 11:07:00,2015-04-08,0.4904,29424.0,6.0,974.0,0.4904,0.4904,0.4904,10000014,2015-04-22,2015-04-22,C,2.35,2015-02-09
8257,2015-04-08 11:08:00,2015-04-08,0.4972,24860.0,5.0,979.0,0.4972,0.4972,0.4972,10000014,2015-04-22,2015-04-22,C,2.35,2015-02-09
8258,2015-04-08 11:09:00,2015-04-08,0.4933,49330.0,10.0,989.0,0.4933,0.4933,0.4933,10000014,2015-04-22,2015-04-22,C,2.35,2015-02-09
8259,2015-04-08 11:10:00,2015-04-08,0.4933,0.0,0.0,989.0,0.4933,0.4933,0.4933,10000014,2015-04-22,2015-04-22,C,2.35,2015-02-09
8260,2015-04-08 11:11:00,2015-04-08,0.4933,0.0,0.0,989.0,0.4933,0.4933,0.4933,10000014,2015-04-22,2015-04-22,C,2.35,2015-02-09
8261,2015-04-08 11:12:00,2015-04-08,0.4933,0.0,0.0,989.0,0.4933,0.4933,0.4933,10000014,2015-04-22,2015-04-22,C,2.35,2015-02-09
8262,2015-04-08 11:13:00,2015-04-08,0.4933,0.0,0.0,989.0,0.4933,0.4933,0.4933,10000014,2015-04-22,2015-04-22,C,2.35,2015-02-09
8263,2015-04-08 11:14:00,2015-04-08,0.4933,0.0,0.0,989.0,0.4933,0.4933,0.4933,10000014,2015-04-22,2015-04-22,C,2.35,2015-02-09
8264,2015-04-08 11:15:00,2015-04-08,0.4933,0.0,0.0,989.0,0.4933,0.4933,0.4933,10000014,2015-04-22,2015-04-22,C,2.35,2015-02-09
8265,2015-04-08 11:16:00,2015-04-08,0.4933,0.0,0.0,989.0,0.4933,0.4933,0.4933,10000014,2015-04-22,2015-04-22,C,2.35,2015-02-09
8266,2015-04-08 11:17:00,2015-04-08,0.4933,0.0,0.0,989.0,0.4933,0.4933,0.4933,10000014,2015-04-22,2015-04-22,C,2.35,2015-02-09
8267,2015-04-08 11:18:00,2015-04-08,0.4933,0.0,0.0,989.0,0.4933,0.4933,0.4933,10000014,2015-04-22,2015-04-22,C,2.35,2015-02-09
8268,2015-04-08 11:19:00,2015-04-08,0.4933,0.0,0.0,989.0,0.4933,0.4933,0.4933,10000014,2015-04-22,2015-04-22,C,2.35,2015-02-09
8269,2015-04-08 11:20:00,2015-04-08,0.4933,0.0,0.0,989.0,0.4933,0.4933,0.4933,10000014,2015-04-22,2015-04-22,C,2.35,2015-02-09
8270,2015-04-08 11:21:00,2015-04-08,0.4933,0.0,0.0,989.0,0.4933,0.4933,0.4933,10000014,2015-04-22,2015-04-22,C,2.35,2015-02-09
8271,2015-04-08 11:22:00,2015-04-08,0.4933,0.0,0.0,989.0,0.4933,0.4933,0.4933,10000014,2015-04-22,2015-04-22,C,2.35,2015-02-09
8272,2015-04-08 11:23:00,2015-04-08,0.4933,0.0,0.0,989.0,0.4933,0.4933,0.4933,10000014,2015-04-22,2015-04-22,C,2.35,2015-02-09
8273,2015-04-08 11:24:00,2015-04-08,0.4933,0.0,0.0,989.0,0.4933,0.4933,0.4933,10000014,2015-04-22,2015-04-22,C,2.35,2015-02-09
8274,2015-04-08 11:25:00,2015-04-08,0.4933,0.0,0.0,989.0,0.4933,0.4933,0.4933,10000014,2015-04-22,2015-04-22,C,2.35,2015-02-09
8275,2015-04-08 11:26:00,2015-04-08,0.4933,0.0,0.0,989.0,0.4933,0.4933,0.4933,10000014,2015-04-22,2015-04-22,C,2.35,2015-02-09
8276,2015-04-08 11:27:00,2015-04-08,0.4933,0.0,0.0,989.0,0.4933,0.4933,0.4933,10000014,2015-04-22,2015-04-22,C,2.35,2015-02-09
8277,2015-04-08 11:28:00,2015-04-08,0.4933,0.0,0.0,989.0,0.4933,0.4933,0.4933,10000014,2015-04-22,2015-04-22,C,2.35,2015-02-09
8278,2015-04-08 11:29:00,2015-04-08,0.4933,0.0,0.0,989.0,0.4933,0.4933,0.4933,10000014,2015-04-22,2015-04-22,C,2.35,2015-02-09
8279,2015-04-08 11:30:00,2015-04-08,0.4933,0.0,0.0,989.0,0.4933,0.4933,0.4933,10000014,2015-04-22,2015-04-22,C,2.35,2015-02-09
8280,2015-04-08 13:01:00,2015-04-08,0.5258,26266.0,5.0,984.0,0.525,0.5258,0.525,10000014,2015-04-22,2015-04-22,C,2.35,2015-02-09
8281,2015-04-08 13:02:00,2015-04-08,0.5294,26470.0,5.0,984.0,0.5294,0.5294,0.5294,10000014,2015-04-22,2015-04-22,C,2.35,2015-02-09
8282,2015-04-08 13:03:00,2015-04-08,0.5294,0.0,0.0,984.0,0.5294,0.5294,0.5294,10000014,2015-04-22,2015-04-22,C,2.35,2015-02-09
8283,2015-04-08 13:04:00,2015-04-08,0.5324,53240.0,10.0,992.0,0.5324,0.5324,0.5324,10000014,2015-04-22,2015-04-22,C,2.35,2015-02-09
8284,2015-04-08 13:05:00,2015-04-08,0.5329,53290.0,10.0,992.0,0.5329,0.5329,0.5329,10000014,2015-04-22,2015-04-22,C,2.35,2015-02-09
8285,2015-04-08 13:06:00,2015-04-08,0.5329,0.0,0.0,992.0,0.5329,0.5329,0.5329,10000014,2015-04-22,2015-04-22,C,2.35,2015-02-09
8286,2015-04-08 13:07:00,2015-04-08,0.5307,26535.0,5.0,997.0,0.5307,0.5307,0.5307,10000014,2015-04-22,2015-04-22,C,2.35,2015-02-09
8287,2015-04-08 13:08:00,2015-04-08,0.5307,0.0,0.0,997.0,0.5307,0.5307,0.5307,10000014,2015-04-22,2015-04-22,C,2.35,2015-02-09
8288,2015-04-08 13:09:00,2015-04-08,0.5307,0.0,0.0,997.0,0.5307,0.5307,0.5307,10000014,2015-04-22,2015-04-22,C,2.35,2015-02-09
8289,2015-04-08 13:10:00,2015-04-08,0.5307,0.0,0.0,997.0,0.5307,0.5307,0.5307,10000014,2015-04-22,2015-04-22,C,2.35,2015-02-09
8290,2015-04-08 13:11:00,2015-04-08,0.5307,0.0,0.0,997.0,0.5307,0.5307,0.5307,10000014,2015-04-22,2015-04-22,C,2.35,2015-02-09
8291,2015-04-08 13:12:00,2015-04-08,0.5307,0.0,0.0,997.0,0.5307,0.5307,0.5307,10000014,2015-04-22,2015-04-22,C,2.35,2015-02-09
8292,2015-04-08 13:13:00,2015-04-08,0.5307,0.0,0.0,997.0,0.5307,0.5307,0.5307,10000014,2015-04-22,2015-04-22,C,2.35,2015-02-09
8293,2015-04-08 13:14:00,2015-04-08,0.5325,26625.0,5.0,997.0,0.5325,0.5325,0.5325,10000014,2015-04-22,2015-04-22,C,2.35,2015-02-09
8294,2015-04-08 13:15:00,2015-04-08,0.5325,0.0,0.0,997.0,0.5325,0.5325,0.5325,10000014,2015-04-22,2015-04-22,C,2.35,2015-02-09
8295,2015-04-08 13:16:00,2015-04-08,0.5325,0.0,0.0,997.0,0.5325,0.5325,0.5325,10000014,2015-04-22,2015-04-22,C,2.35,2015-02-09
8296,2015-04-08 13:17:00,2015-04-08,0.5325,0.0,0.0,997.0,0.5325,0.5325,0.5325,10000014,2015-04-22,2015-04-22,C,2.35,2015-02-09
8297,2015-04-08 13:18:00,2015-04-08,0.5429,37853.0,7.0,990.0,0.5399,0.5429,0.5399,10000014,2015-04-22,2015-04-22,C,2.35,2015-02-09
8298,2015-04-08 13:19:00,2015-04-08,0.5429,43432.0,8.0,986.0,0.5429,0.5429,0.5429,10000014,2015-04-22,2015-04-22,C,2.35,2015-02-09
8299,2015-04-08 13:20:00,2015-04-08,0.5429,0.0,0.0,986.0,0.5429,0.5429,0.5429,10000014,2015-04-22,2015-04-22,C,2.35,2015-02-09
8300,2015-04-08 13:21:00,2015-04-08,0.5429,0.0,0.0,986.0,0.5429,0.5429,0.5429,10000014,2015-04-22,2015-04-22,C,2.35,2015-02-09
8301,2015-04-08 13:22:00,2015-04-08,0.5508,33016.0,6.0,986.0,0.55,0.5508,0.55,10000014,2015-04-22,2015-04-22,C,2.35,2015-02-09
8302,2015-04-08 13:23:00,2015-04-08,0.5508,16524.0,3.0,987.0,0.5508,0.5508,0.5508,10000014,2015-04-22,2015-04-22,C,2.35,2015-02-09
8303,2015-04-08 13:24:00,2015-04-08,0.5508,0.0,0.0,987.0,0.5508,0.5508,0.5508,10000014,2015-04-22,2015-04-22,C,2.35,2015-02-09
8304,2015-04-08 13:25:00,2015-04-08,0.5508,0.0,0.0,987.0,0.5508,0.5508,0.5508,10000014,2015-04-22,2015-04-22,C,2.35,2015-02-09
8305,2015-04-08 13:26:00,2015-04-08,0.5508,0.0,0.0,987.0,0.5508,0.5508,0.5508,10000014,2015-04-22,2015-04-22,C,2.35,2015-02-09
8306,2015-04-08 13:27:00,2015-04-08,0.5508,0.0,0.0,987.0,0.5508,0.5508,0.5508,10000014,2015-04-22,2015-04-22,C,2.35,2015-02-09
8307,2015-04-08 13:28:00,2015-04-08,0.5508,0.0,0.0,987.0,0.5508,0.5508,0.5508,10000014,2015-04-22,2015-04-22,C,2.35,2015-02-09
8308,2015-04-08 13:29:00,2015-04-08,0.5508,0.0,0.0,987.0,0.5508,0.5508,0.5508,10000014,2015-04-22,2015-04-22,C,2.35,2015-02-09
8309,2015-04-08 13:30:00,2015-04-08,0.5508,0.0,0.0,987.0,0.5508,0.5508,0.5508,10000014,2015-04-22,2015-04-22,C,2.35,2015-02-09
8310,2015-04-08 13:31:00,2015-04-08,0.5544,11088.0,2.0,988.0,0.5544,0.5544,0.5544,10000014,2015-04-22,2015-04-22,C,2.35,2015-02-09
8311,2015-04-08 13:32:00,2015-04-08,0.5518,22072.0,4.0,990.0,0.5518,0.5518,0.5518,10000014,2015-04-22,2015-04-22,C,2.35,2015-02-09
8312,2015-04-08 13:33:00,2015-04-08,0.5518,0.0,0.0,990.0,0.5518,0.5518,0.5518,10000014,2015-04-22,2015-04-22,C,2.35,2015-02-09
8313,2015-04-08 13:34:00,2015-04-08,0.5518,0.0,0.0,990.0,0.5518,0.5518,0.5518,10000014,2015-04-22,2015-04-22,C,2.35,2015-02-09
8314,2015-04-08 13:35:00,2015-04-08,0.5518,0.0,0.0,990.0,0.5518,0.5518,0.5518,10000014,2015-04-22,2015-04-22,C,2.35,2015-02-09
8315,2015-04-08 13:36:00,2015-04-08,0.5518,0.0,0.0,990.0,0.5518,0.5518,0.5518,10000014,2015-04-22,2015-04-22,C,2.35,2015-02-09
8316,2015-04-08 13:37:00,2015-04-08,0.5518,0.0,0.0,990.0,0.5518,0.5518,0.5518,10000014,2015-04-22,2015-04-22,C,2.35,2015-02-09
8317,2015-04-08 13:38:00,2015-04-08,0.5518,0.0,0.0,990.0,0.5518,0.5518,0.5518,10000014,2015-04-22,2015-04-22,C,2.35,2015-02-09
8318,2015-04-08 13:39:00,2015-04-08,0.5518,0.0,0.0,990.0,0.5518,0.5518,0.5518,10000014,2015-04-22,2015-04-22,C,2.35,2015-02-09
8319,2015-04-08 13:40:00,2015-04-08,0.5518,0.0,0.0,990.0,0.5518,0.5518,0.5518,10000014,2015-04-22,2015-04-22,C,2.35,2015-02-09
8320,2015-04-08 13:41:00,2015-04-08,0.5439,10878.0,2.0,992.0,0.5439,0.5439,0.5439,10000014,2015-04-22,2015-04-22,C,2.35,2015-02-09
8321,2015-04-08 13:42:00,2015-04-08,0.5419,21676.0,4.0,992.0,0.5419,0.5419,0.5419,10000014,2015-04-22,2015-04-22,C,2.35,2015-02-09
8322,2015-04-08 13:43:00,2015-04-08,0.5419,0.0,0.0,992.0,0.5419,0.5419,0.5419,10000014,2015-04-22,2015-04-22,C,2.35,2015-02-09
8323,2015-04-08 13:44:00,2015-04-08,0.5419,0.0,0.0,992.0,0.5419,0.5419,0.5419,10000014,2015-04-22,2015-04-22,C,2.35,2015-02-09
8324,2015-04-08 13:45:00,2015-04-08,0.5419,0.0,0.0,992.0,0.5419,0.5419,0.5419,10000014,2015-04-22,2015-04-22,C,2.35,2015-02-09
8325,2015-04-08 13:46:00,2015-04-08,0.5419,0.0,0.0,992.0,0.5419,0.5419,0.5419,10000014,2015-04-22,2015-04-22,C,2.35,2015-02-09
8326,2015-04-08 13:47:00,2015-04-08,0.5419,0.0,0.0,992.0,0.5419,0.5419,0.5419,10000014,2015-04-22,2015-04-22,C,2.35,2015-02-09
8327,2015-04-08 13:48:00,2015-04-08,0.5419,0.0,0.0,992.0,0.5419,0.5419,0.5419,10000014,2015-04-22,2015-04-22,C,2.35,2015-02-09
8328,2015-04-08 13:49:00,2015-04-08,0.5419,0.0,0.0,992.0,0.5419,0.5419,0.5419,10000014,2015-04-22,2015-04-22,C,2.35,2015-02-09
8329,2015-04-08 13:50:00,2015-04-08,0.5419,0.0,0.0,992.0,0.5419,0.5419,0.5419,10000014,2015-04-22,2015-04-22,C,2.35,2015-02-09
8330,2015-04-08 13:51:00,2015-04-08,0.5419,0.0,0.0,992.0,0.5419,0.5419,0.5419,10000014,2015-04-22,2015-04-22,C,2.35,2015-02-09
8331,2015-04-08 13:52:00,2015-04-08,0.5419,0.0,0.0,992.0,0.5419,0.5419,0.5419,10000014,2015-04-22,2015-04-22,C,2.35,2015-02-09
8332,2015-04-08 13:53:00,2015-04-08,0.5419,0.0,0.0,992.0,0.5419,0.5419,0.5419,10000014,2015-04-22,2015-04-22,C,2.35,2015-02-09
8333,2015-04-08 13:54:00,2015-04-08,0.5419,0.0,0.0,992.0,0.5419,0.5419,0.5419,10000014,2015-04-22,2015-04-22,C,2.35,2015-02-09
8334,2015-04-08 13:55:00,2015-04-08,0.5419,0.0,0.0,992.0,0.5419,0.5419,0.5419,10000014,2015-04-22,2015-04-22,C,2.35,2015-02-09
8335,2015-04-08 13:56:00,2015-04-08,0.5419,0.0,0.0,992.0,0.5419,0.5419,0.5419,10000014,2015-04-22,2015-04-22,C,2.35,2015-02-09
8336,2015-04-08 13:57:00,2015-04-08,0.5419,0.0,0.0,992.0,0.5419,0.5419,0.5419,10000014,2015-04-22,2015-04-22,C,2.35,2015-02-09
8337,2015-04-08 13:58:00,2015-04-08,0.5419,0.0,0.0,992.0,0.5419,0.5419,0.5419,10000014,2015-04-22,2015-04-22,C,2.35,2015-02-09
8338,2015-04-08 13:59:00,2015-04-08,0.5419,0.0,0.0,992.0,0.5419,0.5419,0.5419,10000014,2015-04-22,2015-04-22,C,2.35,2015-02-09
8339,2015-04-08 14:00:00,2015-04-08,0.5419,0.0,0.0,992.0,0.5419,0.5419,0.5419,10000014,2015-04-22,2015-04-22,C,2.35,2015-02-09
8340,2015-04-08 14:01:00,2015-04-08,0.5419,0.0,0.0,992.0,0.5419,0.5419,0.5419,10000014,2015-04-22,2015-04-22,C,2.35,2015-02-09
8341,2015-04-08 14:02:00,2015-04-08,0.5419,0.0,0.0,992.0,0.5419,0.5419,0.5419,10000014,2015-04-22,2015-04-22,C,2.35,2015-02-09
8342,2015-04-08 14:03:00,2015-04-08,0.5419,0.0,0.0,992.0,0.5419,0.5419,0.5419,10000014,2015-04-22,2015-04-22,C,2.35,2015-02-09
8343,2015-04-08 14:04:00,2015-04-08,0.5419,0.0,0.0,992.0,0.5419,0.5419,0.5419,10000014,2015-04-22,2015-04-22,C,2.35,2015-02-09
8344,2015-04-08 14:05:00,2015-04-08,0.54,27000.0,5.0,992.0,0.54,0.54,0.54,10000014,2015-04-22,2015-04-22,C,2.35,2015-02-09
8345,2015-04-08 14:06:00,2015-04-08,0.54,0.0,0.0,992.0,0.54,0.54,0.54,10000014,2015-04-22,2015-04-22,C,2.35,2015-02-09
8346,2015-04-08 14:07:00,2015-04-08,0.54,0.0,0.0,992.0,0.54,0.54,0.54,10000014,2015-04-22,2015-04-22,C,2.35,2015-02-09
8347,2015-04-08 14:08:00,2015-04-08,0.54,0.0,0.0,992.0,0.54,0.54,0.54,10000014,2015-04-22,2015-04-22,C,2.35,2015-02-09
8348,2015-04-08 14:09:00,2015-04-08,0.5501,27505.0,5.0,997.0,0.5501,0.5501,0.5501,10000014,2015-04-22,2015-04-22,C,2.35,2015-02-09
8349,2015-04-08 14:10:00,2015-04-08,0.5501,0.0,0.0,997.0,0.5501,0.5501,0.5501,10000014,2015-04-22,2015-04-22,C,2.35,2015-02-09
8350,2015-04-08 14:11:00,2015-04-08,0.5501,0.0,0.0,997.0,0.5501,0.5501,0.5501,10000014,2015-04-22,2015-04-22,C,2.35,2015-02-09
8351,2015-04-08 14:12:00,2015-04-08,0.5501,0.0,0.0,997.0,0.5501,0.5501,0.5501,10000014,2015-04-22,2015-04-22,C,2.35,2015-02-09
8352,2015-04-08 14:13:00,2015-04-08,0.5501,0.0,0.0,997.0,0.5501,0.5501,0.5501,10000014,2015-04-22,2015-04-22,C,2.35,2015-02-09
8353,2015-04-08 14:14:00,2015-04-08,0.5501,0.0,0.0,997.0,0.5501,0.5501,0.5501,10000014,2015-04-22,2015-04-22,C,2.35,2015-02-09
8354,2015-04-08 14:15:00,2015-04-08,0.5501,0.0,0.0,997.0,0.5501,0.5501,0.5501,10000014,2015-04-22,2015-04-22,C,2.35,2015-02-09
8355,2015-04-08 14:16:00,2015-04-08,0.5501,0.0,0.0,997.0,0.5501,0.5501,0.5501,10000014,2015-04-22,2015-04-22,C,2.35,2015-02-09
8356,2015-04-08 14:17:00,2015-04-08,0.5501,0.0,0.0,997.0,0.5501,0.5501,0.5501,10000014,2015-04-22,2015-04-22,C,2.35,2015-02-09
8357,2015-04-08 14:18:00,2015-04-08,0.5501,0.0,0.0,997.0,0.5501,0.5501,0.5501,10000014,2015-04-22,2015-04-22,C,2.35,2015-02-09
8358,2015-04-08 14:19:00,2015-04-08,0.5372,85775.0,16.0,992.0,0.5372,0.5345,0.5345,10000014,2015-04-22,2015-04-22,C,2.35,2015-02-09
8359,2015-04-08 14:20:00,2015-04-08,0.5345,0.0,0.0,992.0,0.5345,0.5345,0.5345,10000014,2015-04-22,2015-04-22,C,2.35,2015-02-09
8360,2015-04-08 14:21:00,2015-04-08,0.5345,0.0,0.0,992.0,0.5345,0.5345,0.5345,10000014,2015-04-22,2015-04-22,C,2.35,2015-02-09
8361,2015-04-08 14:22:00,2015-04-08,0.5345,0.0,0.0,992.0,0.5345,0.5345,0.5345,10000014,2015-04-22,2015-04-22,C,2.35,2015-02-09
8362,2015-04-08 14:23:00,2015-04-08,0.5345,0.0,0.0,992.0,0.5345,0.5345,0.5345,10000014,2015-04-22,2015-04-22,C,2.35,2015-02-09
8363,2015-04-08 14:24:00,2015-04-08,0.5345,0.0,0.0,992.0,0.5345,0.5345,0.5345,10000014,2015-04-22,2015-04-22,C,2.35,2015-02-09
8364,2015-04-08 14:25:00,2015-04-08,0.5345,0.0,0.0,992.0,0.5345,0.5345,0.5345,10000014,2015-04-22,2015-04-22,C,2.35,2015-02-09
8365,2015-04-08 14:26:00,2015-04-08,0.5345,0.0,0.0,992.0,0.5345,0.5345,0.5345,10000014,2015-04-22,2015-04-22,C,2.35,2015-02-09
8366,2015-04-08 14:27:00,2015-04-08,0.5345,0.0,0.0,992.0,0.5345,0.5345,0.5345,10000014,2015-04-22,2015-04-22,C,2.35,2015-02-09
8367,2015-04-08 14:28:00,2015-04-08,0.5345,0.0,0.0,992.0,0.5345,0.5345,0.5345,10000014,2015-04-22,2015-04-22,C,2.35,2015-02-09
8368,2015-04-08 14:29:00,2015-04-08,0.5345,0.0,0.0,992.0,0.5345,0.5345,0.5345,10000014,2015-04-22,2015-04-22,C,2.35,2015-02-09
8369,2015-04-08 14:30:00,2015-04-08,0.5345,0.0,0.0,992.0,0.5345,0.5345,0.5345,10000014,2015-04-22,2015-04-22,C,2.35,2015-02-09
8370,2015-04-08 14:31:00,2015-04-08,0.5345,0.0,0.0,992.0,0.5345,0.5345,0.5345,10000014,2015-04-22,2015-04-22,C,2.35,2015-02-09
8371,2015-04-08 14:32:00,2015-04-08,0.5345,0.0,0.0,992.0,0.5345,0.5345,0.5345,10000014,2015-04-22,2015-04-22,C,2.35,2015-02-09
8372,2015-04-08 14:33:00,2015-04-08,0.5345,0.0,0.0,992.0,0.5345,0.5345,0.5345,10000014,2015-04-22,2015-04-22,C,2.35,2015-02-09
8373,2015-04-08 14:34:00,2015-04-08,0.5345,0.0,0.0,992.0,0.5345,0.5345,0.5345,10000014,2015-04-22,2015-04-22,C,2.35,2015-02-09
8374,2015-04-08 14:35:00,2015-04-08,0.5345,0.0,0.0,992.0,0.5345,0.5345,0.5345,10000014,2015-04-22,2015-04-22,C,2.35,2015-02-09
8375,2015-04-08 14:36:00,2015-04-08,0.5345,0.0,0.0,992.0,0.5345,0.5345,0.5345,10000014,2015-04-22,2015-04-22,C,2.35,2015-02-09
8376,2015-04-08 14:37:00,2015-04-08,0.5345,0.0,0.0,992.0,0.5345,0.5345,0.5345,10000014,2015-04-22,2015-04-22,C,2.35,2015-02-09
8377,2015-04-08 14:38:00,2015-04-08,0.5345,0.0,0.0,992.0,0.5345,0.5345,0.5345,10000014,2015-04-22,2015-04-22,C,2.35,2015-02-09
8378,2015-04-08 14:39:00,2015-04-08,0.5363,37541.0,7.0,986.0,0.5363,0.5363,0.5363,10000014,2015-04-22,2015-04-22,C,2.35,2015-02-09
8379,2015-04-08 14:40:00,2015-04-08,0.5363,0.0,0.0,986.0,0.5363,0.5363,0.5363,10000014,2015-04-22,2015-04-22,C,2.35,2015-02-09
8380,2015-04-08 14:41:00,2015-04-08,0.5363,5363.0,1.0,985.0,0.5363,0.5363,0.5363,10000014,2015-04-22,2015-04-22,C,2.35,2015-02-09
8381,2015-04-08 14:42:00,2015-04-08,0.5363,0.0,0.0,985.0,0.5363,0.5363,0.5363,10000014,2015-04-22,2015-04-22,C,2.35,2015-02-09
8382,2015-04-08 14:43:00,2015-04-08,0.5363,0.0,0.0,985.0,0.5363,0.5363,0.5363,10000014,2015-04-22,2015-04-22,C,2.35,2015-02-09
8383,2015-04-08 14:44:00,2015-04-08,0.5363,0.0,0.0,985.0,0.5363,0.5363,0.5363,10000014,2015-04-22,2015-04-22,C,2.35,2015-02-09
8384,2015-04-08 14:45:00,2015-04-08,0.5363,0.0,0.0,985.0,0.5363,0.5363,0.5363,10000014,2015-04-22,2015-04-22,C,2.35,2015-02-09
8385,2015-04-08 14:46:00,2015-04-08,0.5363,0.0,0.0,985.0,0.5363,0.5363,0.5363,10000014,2015-04-22,2015-04-22,C,2.35,2015-02-09
8386,2015-04-08 14:47:00,2015-04-08,0.5363,0.0,0.0,985.0,0.5363,0.5363,0.5363,10000014,2015-04-22,2015-04-22,C,2.35,2015-02-09
8387,2015-04-08 14:48:00,2015-04-08,0.5363,0.0,0.0,985.0,0.5363,0.5363,0.5363,10000014,2015-04-22,2015-04-22,C,2.35,2015-02-09
8388,2015-04-08 14:49:00,2015-04-08,0.5363,0.0,0.0,985.0,0.5363,0.5363,0.5363,10000014,2015-04-22,2015-04-22,C,2.35,2015-02-09
8389,2015-04-08 14:50:00,2015-04-08,0.544,38080.0,7.0,978.0,0.544,0.544,0.544,10000014,2015-04-22,2015-04-22,C,2.35,2015-02-09
8390,2015-04-08 14:51:00,2015-04-08,0.544,0.0,0.0,978.0,0.544,0.544,0.544,10000014,2015-04-22,2015-04-22,C,2.35,2015-02-09
8391,2015-04-08 14:52:00,2015-04-08,0.544,0.0,0.0,978.0,0.544,0.544,0.544,10000014,2015-04-22,2015-04-22,C,2.35,2015-02-09
8392,2015-04-08 14:53:00,2015-04-08,0.544,0.0,0.0,978.0,0.544,0.544,0.544,10000014,2015-04-22,2015-04-22,C,2.35,2015-02-09
8393,2015-04-08 14:54:00,2015-04-08,0.544,0.0,0.0,978.0,0.544,0.544,0.544,10000014,2015-04-22,2015-04-22,C,2.35,2015-02-09
8394,2015-04-08 14:55:00,2015-04-08,0.544,0.0,0.0,978.0,0.544,0.544,0.544,10000014,2015-04-22,2015-04-22,C,2.35,2015-02-09
8395,2015-04-08 14:56:00,2015-04-08,0.544,0.0,0.0,978.0,0.544,0.544,0.544,10000014,2015-04-22,2015-04-22,C,2.35,2015-02-09
8396,2015-04-08 14:57:00,2015-04-08,0.544,0.0,0.0,978.0,0.544,0.544,0.544,10000014,2015-04-22,2015-04-22,C,2.35,2015-02-09
8397,2015-04-08 14:58:00,2015-04-08,0.544,0.0,0.0,978.0,0.544,0.544,0.544,10000014,2015-04-22,2015-04-22,C,2.35,2015-02-09
8398,2015-04-08 14:59:00,2015-04-08,0.544,0.0,0.0,978.0,0.544,0.544,0.544,10000014,2015-04-22,2015-04-22,C,2.35,2015-02-09
8399,2015-04-08 15:00:00,2015-04-08,0.544,0.0,0.0,978.0,0.544,0.544,0.544,10000014,2015-04-22,2015-04-22,C,2.35,2015-02-09
8400,2015-04-08 09:31:00,2015-04-08,0.45,0.0,0.0,0.0,0.45,0.45,0.45,10000055,2015-09-23,2015-09-23,C,2.5,2015-02-12
8401,2015-04-08 09:32:00,2015-04-08,0.45,0.0,0.0,0.0,0.45,0.45,0.45,10000055,2015-09-23,2015-09-23,C,2.5,2015-02-12
8402,2015-04-08 09:33:00,2015-04-08,0.45,0.0,0.0,0.0,0.45,0.45,0.45,10000055,2015-09-23,2015-09-23,C,2.5,2015-02-12
8403,2015-04-08 09:34:00,2015-04-08,0.45,0.0,0.0,0.0,0.45,0.45,0.45,10000055,2015-09-23,2015-09-23,C,2.5,2015-02-12
8404,2015-04-08 09:35:00,2015-04-08,0.45,0.0,0.0,0.0,0.45,0.45,0.45,10000055,2015-09-23,2015-09-23,C,2.5,2015-02-12
8405,2015-04-08 09:36:00,2015-04-08,0.45,0.0,0.0,0.0,0.45,0.45,0.45,10000055,2015-09-23,2015-09-23,C,2.5,2015-02-12
8406,2015-04-08 09:37:00,2015-04-08,0.45,0.0,0.0,0.0,0.45,0.45,0.45,10000055,2015-09-23,2015-09-23,C,2.5,2015-02-12
8407,2015-04-08 09:38:00,2015-04-08,0.45,0.0,0.0,0.0,0.45,0.45,0.45,10000055,2015-09-23,2015-09-23,C,2.5,2015-02-12
8408,2015-04-08 09:39:00,2015-04-08,0.45,0.0,0.0,0.0,0.45,0.45,0.45,10000055,2015-09-23,2015-09-23,C,2.5,2015-02-12
8409,2015-04-08 09:40:00,2015-04-08,0.45,0.0,0.0,0.0,0.45,0.45,0.45,10000055,2015-09-23,2015-09-23,C,2.5,2015-02-12
8410,2015-04-08 09:41:00,2015-04-08,0.45,0.0,0.0,0.0,0.45,0.45,0.45,10000055,2015-09-23,2015-09-23,C,2.5,2015-02-12
8411,2015-04-08 09:42:00,2015-04-08,0.45,0.0,0.0,0.0,0.45,0.45,0.45,10000055,2015-09-23,2015-09-23,C,2.5,2015-02-12
8412,2015-04-08 09:43:00,2015-04-08,0.45,0.0,0.0,0.0,0.45,0.45,0.45,10000055,2015-09-23,2015-09-23,C,2.5,2015-02-12
8413,2015-04-08 09:44:00,2015-04-08,0.45,0.0,0.0,0.0,0.45,0.45,0.45,10000055,2015-09-23,2015-09-23,C,2.5,2015-02-12
8414,2015-04-08 09:45:00,2015-04-08,0.45,0.0,0.0,0.0,0.45,0.45,0.45,10000055,2015-09-23,2015-09-23,C,2.5,2015-02-12
8415,2015-04-08 09:46:00,2015-04-08,0.45,0.0,0.0,0.0,0.45,0.45,0.45,10000055,2015-09-23,2015-09-23,C,2.5,2015-02-12
8416,2015-04-08 09:47:00,2015-04-08,0.45,0.0,0.0,0.0,0.45,0.45,0.45,10000055,2015-09-23,2015-09-23,C,2.5,2015-02-12
8417,2015-04-08 09:48:00,2015-04-08,0.45,0.0,0.0,0.0,0.45,0.45,0.45,10000055,2015-09-23,2015-09-23,C,2.5,2015-02-12
8418,2015-04-08 09:49:00,2015-04-08,0.45,0.0,0.0,0.0,0.45,0.45,0.45,10000055,2015-09-23,2015-09-23,C,2.5,2015-02-12
8419,2015-04-08 09:50:00,2015-04-08,0.45,0.0,0.0,0.0,0.45,0.45,0.45,10000055,2015-09-23,2015-09-23,C,2.5,2015-02-12
8420,2015-04-08 09:51:00,2015-04-08,0.45,0.0,0.0,0.0,0.45,0.45,0.45,10000055,2015-09-23,2015-09-23,C,2.5,2015-02-12
8421,2015-04-08 09:52:00,2015-04-08,0.45,0.0,0.0,0.0,0.45,0.45,0.45,10000055,2015-09-23,2015-09-23,C,2.5,2015-02-12
8422,2015-04-08 09:53:00,2015-04-08,0.45,0.0,0.0,0.0,0.45,0.45,0.45,10000055,2015-09-23,2015-09-23,C,2.5,2015-02-12
8423,2015-04-08 09:54:00,2015-04-08,0.45,0.0,0.0,0.0,0.45,0.45,0.45,10000055,2015-09-23,2015-09-23,C,2.5,2015-02-12
8424,2015-04-08 09:55:00,2015-04-08,0.45,0.0,0.0,0.0,0.45,0.45,0.45,10000055,2015-09-23,2015-09-23,C,2.5,2015-02-12
8425,2015-04-08 09:56:00,2015-04-08,0.45,0.0,0.0,0.0,0.45,0.45,0.45,10000055,2015-09-23,2015-09-23,C,2.5,2015-02-12
8426,2015-04-08 09:57:00,2015-04-08,0.45,0.0,0.0,0.0,0.45,0.45,0.45,10000055,2015-09-23,2015-09-23,C,2.5,2015-02-12
8427,2015-04-08 09:58:00,2015-04-08,0.45,0.0,0.0,0.0,0.45,0.45,0.45,10000055,2015-09-23,2015-09-23,C,2.5,2015-02-12
8428,2015-04-08 09:59:00,2015-04-08,0.45,0.0,0.0,0.0,0.45,0.45,0.45,10000055,2015-09-23,2015-09-23,C,2.5,2015-02-12
8429,2015-04-08 10:00:00,2015-04-08,0.45,0.0,0.0,0.0,0.45,0.45,0.45,10000055,2015-09-23,2015-09-23,C,2.5,2015-02-12
8430,2015-04-08 10:01:00,2015-04-08,0.45,0.0,0.0,0.0,0.45,0.45,0.45,10000055,2015-09-23,2015-09-23,C,2.5,2015-02-12
8431,2015-04-08 10:02:00,2015-04-08,0.45,0.0,0.0,0.0,0.45,0.45,0.45,10000055,2015-09-23,2015-09-23,C,2.5,2015-02-12
8432,2015-04-08 10:03:00,2015-04-08,0.45,0.0,0.0,0.0,0.45,0.45,0.45,10000055,2015-09-23,2015-09-23,C,2.5,2015-02-12
8433,2015-04-08 10:04:00,2015-04-08,0.45,0.0,0.0,0.0,0.45,0.45,0.45,10000055,2015-09-23,2015-09-23,C,2.5,2015-02-12
8434,2015-04-08 10:05:00,2015-04-08,0.45,0.0,0.0,0.0,0.45,0.45,0.45,10000055,2015-09-23,2015-09-23,C,2.5,2015-02-12
8435,2015-04-08 10:06:00,2015-04-08,0.45,0.0,0.0,0.0,0.45,0.45,0.45,10000055,2015-09-23,2015-09-23,C,2.5,2015-02-12
8436,2015-04-08 10:07:00,2015-04-08,0.45,0.0,0.0,0.0,0.45,0.45,0.45,10000055,2015-09-23,2015-09-23,C,2.5,2015-02-12
8437,2015-04-08 10:08:00,2015-04-08,0.45,0.0,0.0,0.0,0.45,0.45,0.45,10000055,2015-09-23,2015-09-23,C,2.5,2015-02-12
8438,2015-04-08 10:09:00,2015-04-08,0.45,0.0,0.0,0.0,0.45,0.45,0.45,10000055,2015-09-23,2015-09-23,C,2.5,2015-02-12
8439,2015-04-08 10:10:00,2015-04-08,0.45,0.0,0.0,0.0,0.45,0.45,0.45,10000055,2015-09-23,2015-09-23,C,2.5,2015-02-12
8440,2015-04-08 10:11:00,2015-04-08,0.45,0.0,0.0,0.0,0.45,0.45,0.45,10000055,2015-09-23,2015-09-23,C,2.5,2015-02-12
8441,2015-04-08 10:12:00,2015-04-08,0.45,0.0,0.0,0.0,0.45,0.45,0.45,10000055,2015-09-23,2015-09-23,C,2.5,2015-02-12
8442,2015-04-08 10:13:00,2015-04-08,0.45,0.0,0.0,0.0,0.45,0.45,0.45,10000055,2015-09-23,2015-09-23,C,2.5,2015-02-12
8443,2015-04-08 10:14:00,2015-04-08,0.45,0.0,0.0,0.0,0.45,0.45,0.45,10000055,2015-09-23,2015-09-23,C,2.5,2015-02-12
8444,2015-04-08 10:15:00,2015-04-08,0.45,0.0,0.0,0.0,0.45,0.45,0.45,10000055,2015-09-23,2015-09-23,C,2.5,2015-02-12
8445,2015-04-08 10:16:00,2015-04-08,0.45,0.0,0.0,0.0,0.45,0.45,0.45,10000055,2015-09-23,2015-09-23,C,2.5,2015-02-12
8446,2015-04-08 10:17:00,2015-04-08,0.45,0.0,0.0,0.0,0.45,0.45,0.45,10000055,2015-09-23,2015-09-23,C,2.5,2015-02-12
8447,2015-04-08 10:18:00,2015-04-08,0.45,0.0,0.0,0.0,0.45,0.45,0.45,10000055,2015-09-23,2015-09-23,C,2.5,2015-02-12
8448,2015-04-08 10:19:00,2015-04-08,0.45,0.0,0.0,0.0,0.45,0.45,0.45,10000055,2015-09-23,2015-09-23,C,2.5,2015-02-12
8449,2015-04-08 10:20:00,2015-04-08,0.45,0.0,0.0,0.0,0.45,0.45,0.45,10000055,2015-09-23,2015-09-23,C,2.5,2015-02-12
8450,2015-04-08 10:21:00,2015-04-08,0.45,0.0,0.0,0.0,0.45,0.45,0.45,10000055,2015-09-23,2015-09-23,C,2.5,2015-02-12
8451,2015-04-08 10:22:00,2015-04-08,0.45,0.0,0.0,0.0,0.45,0.45,0.45,10000055,2015-09-23,2015-09-23,C,2.5,2015-02-12
8452,2015-04-08 10:23:00,2015-04-08,0.45,0.0,0.0,0.0,0.45,0.45,0.45,10000055,2015-09-23,2015-09-23,C,2.5,2015-02-12
8453,2015-04-08 10:24:00,2015-04-08,0.45,0.0,0.0,0.0,0.45,0.45,0.45,10000055,2015-09-23,2015-09-23,C,2.5,2015-02-12
8454,2015-04-08 10:25:00,2015-04-08,0.45,0.0,0.0,0.0,0.45,0.45,0.45,10000055,2015-09-23,2015-09-23,C,2.5,2015-02-12
8455,2015-04-08 10:26:00,2015-04-08,0.45,0.0,0.0,0.0,0.45,0.45,0.45,10000055,2015-09-23,2015-09-23,C,2.5,2015-02-12
8456,2015-04-08 10:27:00,2015-04-08,0.45,0.0,0.0,0.0,0.45,0.45,0.45,10000055,2015-09-23,2015-09-23,C,2.5,2015-02-12
8457,2015-04-08 10:28:00,2015-04-08,0.45,0.0,0.0,0.0,0.45,0.45,0.45,10000055,2015-09-23,2015-09-23,C,2.5,2015-02-12
8458,2015-04-08 10:29:00,2015-04-08,0.45,0.0,0.0,0.0,0.45,0.45,0.45,10000055,2015-09-23,2015-09-23,C,2.5,2015-02-12
8459,2015-04-08 10:30:00,2015-04-08,0.45,0.0,0.0,0.0,0.45,0.45,0.45,10000055,2015-09-23,2015-09-23,C,2.5,2015-02-12
8460,2015-04-08 10:31:00,2015-04-08,0.45,0.0,0.0,0.0,0.45,0.45,0.45,10000055,2015-09-23,2015-09-23,C,2.5,2015-02-12
8461,2015-04-08 10:32:00,2015-04-08,0.45,0.0,0.0,0.0,0.45,0.45,0.45,10000055,2015-09-23,2015-09-23,C,2.5,2015-02-12
8462,2015-04-08 10:33:00,2015-04-08,0.45,0.0,0.0,0.0,0.45,0.45,0.45,10000055,2015-09-23,2015-09-23,C,2.5,2015-02-12
8463,2015-04-08 10:34:00,2015-04-08,0.45,0.0,0.0,0.0,0.45,0.45,0.45,10000055,2015-09-23,2015-09-23,C,2.5,2015-02-12
8464,2015-04-08 10:35:00,2015-04-08,0.45,0.0,0.0,0.0,0.45,0.45,0.45,10000055,2015-09-23,2015-09-23,C,2.5,2015-02-12
8465,2015-04-08 10:36:00,2015-04-08,0.45,0.0,0.0,0.0,0.45,0.45,0.45,10000055,2015-09-23,2015-09-23,C,2.5,2015-02-12
8466,2015-04-08 10:37:00,2015-04-08,0.45,0.0,0.0,0.0,0.45,0.45,0.45,10000055,2015-09-23,2015-09-23,C,2.5,2015-02-12
8467,2015-04-08 10:38:00,2015-04-08,0.45,0.0,0.0,0.0,0.45,0.45,0.45,10000055,2015-09-23,2015-09-23,C,2.5,2015-02-12
8468,2015-04-08 10:39:00,2015-04-08,0.45,0.0,0.0,0.0,0.45,0.45,0.45,10000055,2015-09-23,2015-09-23,C,2.5,2015-02-12
8469,2015-04-08 10:40:00,2015-04-08,0.45,0.0,0.0,0.0,0.45,0.45,0.45,10000055,2015-09-23,2015-09-23,C,2.5,2015-02-12
8470,2015-04-08 10:41:00,2015-04-08,0.4787,-62895.0,-13.0,603.0,0.4787,0.4787,0.4787,10000055,2015-09-23,2015-09-23,C,2.5,2015-02-12
8471,2015-04-08 10:42:00,2015-04-08,0.477,38160.0,8.0,603.0,0.477,0.477,0.477,10000055,2015-09-23,2015-09-23,C,2.5,2015-02-12
8472,2015-04-08 10:43:00,2015-04-08,0.477,0.0,0.0,603.0,0.477,0.477,0.477,10000055,2015-09-23,2015-09-23,C,2.5,2015-02-12
8473,2015-04-08 10:44:00,2015-04-08,0.477,0.0,0.0,603.0,0.477,0.477,0.477,10000055,2015-09-23,2015-09-23,C,2.5,2015-02-12
8474,2015-04-08 10:45:00,2015-04-08,0.477,0.0,0.0,603.0,0.477,0.477,0.477,10000055,2015-09-23,2015-09-23,C,2.5,2015-02-12
8475,2015-04-08 10:46:00,2015-04-08,0.477,0.0,0.0,603.0,0.477,0.477,0.477,10000055,2015-09-23,2015-09-23,C,2.5,2015-02-12
8476,2015-04-08 10:47:00,2015-04-08,0.477,0.0,0.0,603.0,0.477,0.477,0.477,10000055,2015-09-23,2015-09-23,C,2.5,2015-02-12
8477,2015-04-08 10:48:00,2015-04-08,0.477,0.0,0.0,603.0,0.477,0.477,0.477,10000055,2015-09-23,2015-09-23,C,2.5,2015-02-12
8478,2015-04-08 10:49:00,2015-04-08,0.477,0.0,0.0,603.0,0.477,0.477,0.477,10000055,2015-09-23,2015-09-23,C,2.5,2015-02-12
8479,2015-04-08 10:50:00,2015-04-08,0.477,0.0,0.0,603.0,0.477,0.477,0.477,10000055,2015-09-23,2015-09-23,C,2.5,2015-02-12
8480,2015-04-08 10:51:00,2015-04-08,0.477,0.0,0.0,603.0,0.477,0.477,0.477,10000055,2015-09-23,2015-09-23,C,2.5,2015-02-12
8481,2015-04-08 10:52:00,2015-04-08,0.477,0.0,0.0,603.0,0.477,0.477,0.477,10000055,2015-09-23,2015-09-23,C,2.5,2015-02-12
8482,2015-04-08 10:53:00,2015-04-08,0.477,0.0,0.0,603.0,0.477,0.477,0.477,10000055,2015-09-23,2015-09-23,C,2.5,2015-02-12
8483,2015-04-08 10:54:00,2015-04-08,0.477,0.0,0.0,603.0,0.477,0.477,0.477,10000055,2015-09-23,2015-09-23,C,2.5,2015-02-12
8484,2015-04-08 10:55:00,2015-04-08,0.477,0.0,0.0,603.0,0.477,0.477,0.477,10000055,2015-09-23,2015-09-23,C,2.5,2015-02-12
8485,2015-04-08 10:56:00,2015-04-08,0.477,0.0,0.0,603.0,0.477,0.477,0.477,10000055,2015-09-23,2015-09-23,C,2.5,2015-02-12
8486,2015-04-08 10:57:00,2015-04-08,0.477,0.0,0.0,603.0,0.477,0.477,0.477,10000055,2015-09-23,2015-09-23,C,2.5,2015-02-12
8487,2015-04-08 10:58:00,2015-04-08,0.477,0.0,0.0,603.0,0.477,0.477,0.477,10000055,2015-09-23,2015-09-23,C,2.5,2015-02-12
8488,2015-04-08 10:59:00,2015-04-08,0.477,0.0,0.0,603.0,0.477,0.477,0.477,10000055,2015-09-23,2015-09-23,C,2.5,2015-02-12
8489,2015-04-08 11:00:00,2015-04-08,0.477,0.0,0.0,603.0,0.477,0.477,0.477,10000055,2015-09-23,2015-09-23,C,2.5,2015-02-12
8490,2015-04-08 11:01:00,2015-04-08,0.477,0.0,0.0,603.0,0.477,0.477,0.477,10000055,2015-09-23,2015-09-23,C,2.5,2015-02-12
8491,2015-04-08 11:02:00,2015-04-08,0.477,0.0,0.0,603.0,0.477,0.477,0.477,10000055,2015-09-23,2015-09-23,C,2.5,2015-02-12
8492,2015-04-08 11:03:00,2015-04-08,0.477,0.0,0.0,603.0,0.477,0.477,0.477,10000055,2015-09-23,2015-09-23,C,2.5,2015-02-12
8493,2015-04-08 11:04:00,2015-04-08,0.477,0.0,0.0,603.0,0.477,0.477,0.477,10000055,2015-09-23,2015-09-23,C,2.5,2015-02-12
8494,2015-04-08 11:05:00,2015-04-08,0.477,0.0,0.0,603.0,0.477,0.477,0.477,10000055,2015-09-23,2015-09-23,C,2.5,2015-02-12
8495,2015-04-08 11:06:00,2015-04-08,0.477,0.0,0.0,603.0,0.477,0.477,0.477,10000055,2015-09-23,2015-09-23,C,2.5,2015-02-12
8496,2015-04-08 11:07:00,2015-04-08,0.477,0.0,0.0,603.0,0.477,0.477,0.477,10000055,2015-09-23,2015-09-23,C,2.5,2015-02-12
8497,2015-04-08 11:08:00,2015-04-08,0.477,0.0,0.0,603.0,0.477,0.477,0.477,10000055,2015-09-23,2015-09-23,C,2.5,2015-02-12
8498,2015-04-08 11:09:00,2015-04-08,0.477,0.0,0.0,603.0,0.477,0.477,0.477,10000055,2015-09-23,2015-09-23,C,2.5,2015-02-12
8499,2015-04-08 11:10:00,2015-04-08,0.477,0.0,0.0,603.0,0.477,0.477,0.477,10000055,2015-09-23,2015-09-23,C,2.5,2015-02-12
8500,2015-04-08 11:11:00,2015-04-08,0.477,0.0,0.0,603.0,0.477,0.477,0.477,10000055,2015-09-23,2015-09-23,C,2.5,2015-02-12
8501,2015-04-08 11:12:00,2015-04-08,0.477,0.0,0.0,603.0,0.477,0.477,0.477,10000055,2015-09-23,2015-09-23,C,2.5,2015-02-12
8502,2015-04-08 11:13:00,2015-04-08,0.477,0.0,0.0,603.0,0.477,0.477,0.477,10000055,2015-09-23,2015-09-23,C,2.5,2015-02-12
8503,2015-04-08 11:14:00,2015-04-08,0.477,0.0,0.0,603.0,0.477,0.477,0.477,10000055,2015-09-23,2015-09-23,C,2.5,2015-02-12
8504,2015-04-08 11:15:00,2015-04-08,0.477,0.0,0.0,603.0,0.477,0.477,0.477,10000055,2015-09-23,2015-09-23,C,2.5,2015-02-12
8505,2015-04-08 11:16:00,2015-04-08,0.477,0.0,0.0,603.0,0.477,0.477,0.477,10000055,2015-09-23,2015-09-23,C,2.5,2015-02-12
8506,2015-04-08 11:17:00,2015-04-08,0.477,0.0,0.0,603.0,0.477,0.477,0.477,10000055,2015-09-23,2015-09-23,C,2.5,2015-02-12
8507,2015-04-08 11:18:00,2015-04-08,0.477,0.0,0.0,603.0,0.477,0.477,0.477,10000055,2015-09-23,2015-09-23,C,2.5,2015-02-12
8508,2015-04-08 11:19:00,2015-04-08,0.477,0.0,0.0,603.0,0.477,0.477,0.477,10000055,2015-09-23,2015-09-23,C,2.5,2015-02-12
8509,2015-04-08 11:20:00,2015-04-08,0.477,0.0,0.0,603.0,0.477,0.477,0.477,10000055,2015-09-23,2015-09-23,C,2.5,2015-02-12
8510,2015-04-08 11:21:00,2015-04-08,0.477,0.0,0.0,603.0,0.477,0.477,0.477,10000055,2015-09-23,2015-09-23,C,2.5,2015-02-12
8511,2015-04-08 11:22:00,2015-04-08,0.477,0.0,0.0,603.0,0.477,0.477,0.477,10000055,2015-09-23,2015-09-23,C,2.5,2015-02-12
8512,2015-04-08 11:23:00,2015-04-08,0.477,0.0,0.0,603.0,0.477,0.477,0.477,10000055,2015-09-23,2015-09-23,C,2.5,2015-02-12
8513,2015-04-08 11:24:00,2015-04-08,0.477,0.0,0.0,603.0,0.477,0.477,0.477,10000055,2015-09-23,2015-09-23,C,2.5,2015-02-12
8514,2015-04-08 11:25:00,2015-04-08,0.477,0.0,0.0,603.0,0.477,0.477,0.477,10000055,2015-09-23,2015-09-23,C,2.5,2015-02-12
8515,2015-04-08 11:26:00,2015-04-08,0.477,0.0,0.0,603.0,0.477,0.477,0.477,10000055,2015-09-23,2015-09-23,C,2.5,2015-02-12
8516,2015-04-08 11:27:00,2015-04-08,0.477,0.0,0.0,603.0,0.477,0.477,0.477,10000055,2015-09-23,2015-09-23,C,2.5,2015-02-12
8517,2015-04-08 11:28:00,2015-04-08,0.477,0.0,0.0,603.0,0.477,0.477,0.477,10000055,2015-09-23,2015-09-23,C,2.5,2015-02-12
8518,2015-04-08 11:29:00,2015-04-08,0.477,0.0,0.0,603.0,0.477,0.477,0.477,10000055,2015-09-23,2015-09-23,C,2.5,2015-02-12
8519,2015-04-08 11:30:00,2015-04-08,0.477,0.0,0.0,603.0,0.477,0.477,0.477,10000055,2015-09-23,2015-09-23,C,2.5,2015-02-12
8520,2015-04-08 13:01:00,2015-04-08,0.477,0.0,0.0,603.0,0.477,0.477,0.477,10000055,2015-09-23,2015-09-23,C,2.5,2015-02-12
8521,2015-04-08 13:02:00,2015-04-08,0.4947,24735.0,5.0,603.0,0.4947,0.4947,0.4947,10000055,2015-09-23,2015-09-23,C,2.5,2015-02-12
8522,2015-04-08 13:03:00,2015-04-08,0.4947,0.0,0.0,603.0,0.4947,0.4947,0.4947,10000055,2015-09-23,2015-09-23,C,2.5,2015-02-12
8523,2015-04-08 13:04:00,2015-04-08,0.4947,0.0,0.0,603.0,0.4947,0.4947,0.4947,10000055,2015-09-23,2015-09-23,C,2.5,2015-02-12
8524,2015-04-08 13:05:00,2015-04-08,0.4947,0.0,0.0,603.0,0.4947,0.4947,0.4947,10000055,2015-09-23,2015-09-23,C,2.5,2015-02-12
8525,2015-04-08 13:06:00,2015-04-08,0.4947,0.0,0.0,603.0,0.4947,0.4947,0.4947,10000055,2015-09-23,2015-09-23,C,2.5,2015-02-12
8526,2015-04-08 13:07:00,2015-04-08,0.4947,0.0,0.0,603.0,0.4947,0.4947,0.4947,10000055,2015-09-23,2015-09-23,C,2.5,2015-02-12
8527,2015-04-08 13:08:00,2015-04-08,0.4947,0.0,0.0,603.0,0.4947,0.4947,0.4947,10000055,2015-09-23,2015-09-23,C,2.5,2015-02-12
8528,2015-04-08 13:09:00,2015-04-08,0.4947,0.0,0.0,603.0,0.4947,0.4947,0.4947,10000055,2015-09-23,2015-09-23,C,2.5,2015-02-12
8529,2015-04-08 13:10:00,2015-04-08,0.4947,0.0,0.0,603.0,0.4947,0.4947,0.4947,10000055,2015-09-23,2015-09-23,C,2.5,2015-02-12
8530,2015-04-08 13:11:00,2015-04-08,0.4947,0.0,0.0,603.0,0.4947,0.4947,0.4947,10000055,2015-09-23,2015-09-23,C,2.5,2015-02-12
8531,2015-04-08 13:12:00,2015-04-08,0.4947,0.0,0.0,603.0,0.4947,0.4947,0.4947,10000055,2015-09-23,2015-09-23,C,2.5,2015-02-12
8532,2015-04-08 13:13:00,2015-04-08,0.4947,0.0,0.0,603.0,0.4947,0.4947,0.4947,10000055,2015-09-23,2015-09-23,C,2.5,2015-02-12
8533,2015-04-08 13:14:00,2015-04-08,0.4947,0.0,0.0,603.0,0.4947,0.4947,0.4947,10000055,2015-09-23,2015-09-23,C,2.5,2015-02-12
8534,2015-04-08 13:15:00,2015-04-08,0.4947,0.0,0.0,603.0,0.4947,0.4947,0.4947,10000055,2015-09-23,2015-09-23,C,2.5,2015-02-12
8535,2015-04-08 13:16:00,2015-04-08,0.4947,0.0,0.0,603.0,0.4947,0.4947,0.4947,10000055,2015-09-23,2015-09-23,C,2.5,2015-02-12
8536,2015-04-08 13:17:00,2015-04-08,0.4947,0.0,0.0,603.0,0.4947,0.4947,0.4947,10000055,2015-09-23,2015-09-23,C,2.5,2015-02-12
8537,2015-04-08 13:18:00,2015-04-08,0.4947,0.0,0.0,603.0,0.4947,0.4947,0.4947,10000055,2015-09-23,2015-09-23,C,2.5,2015-02-12
8538,2015-04-08 13:19:00,2015-04-08,0.4947,0.0,0.0,603.0,0.4947,0.4947,0.4947,10000055,2015-09-23,2015-09-23,C,2.5,2015-02-12
8539,2015-04-08 13:20:00,2015-04-08,0.4947,0.0,0.0,603.0,0.4947,0.4947,0.4947,10000055,2015-09-23,2015-09-23,C,2.5,2015-02-12
8540,2015-04-08 13:21:00,2015-04-08,0.4947,0.0,0.0,603.0,0.4947,0.4947,0.4947,10000055,2015-09-23,2015-09-23,C,2.5,2015-02-12
8541,2015-04-08 13:22:00,2015-04-08,0.4947,0.0,0.0,603.0,0.4947,0.4947,0.4947,10000055,2015-09-23,2015-09-23,C,2.5,2015-02-12
8542,2015-04-08 13:23:00,2015-04-08,0.4947,0.0,0.0,603.0,0.4947,0.4947,0.4947,10000055,2015-09-23,2015-09-23,C,2.5,2015-02-12
8543,2015-04-08 13:24:00,2015-04-08,0.4947,0.0,0.0,603.0,0.4947,0.4947,0.4947,10000055,2015-09-23,2015-09-23,C,2.5,2015-02-12
8544,2015-04-08 13:25:00,2015-04-08,0.4947,0.0,0.0,603.0,0.4947,0.4947,0.4947,10000055,2015-09-23,2015-09-23,C,2.5,2015-02-12
8545,2015-04-08 13:26:00,2015-04-08,0.4947,0.0,0.0,603.0,0.4947,0.4947,0.4947,10000055,2015-09-23,2015-09-23,C,2.5,2015-02-12
8546,2015-04-08 13:27:00,2015-04-08,0.4947,0.0,0.0,603.0,0.4947,0.4947,0.4947,10000055,2015-09-23,2015-09-23,C,2.5,2015-02-12
8547,2015-04-08 13:28:00,2015-04-08,0.4947,0.0,0.0,603.0,0.4947,0.4947,0.4947,10000055,2015-09-23,2015-09-23,C,2.5,2015-02-12
8548,2015-04-08 13:29:00,2015-04-08,0.4947,0.0,0.0,603.0,0.4947,0.4947,0.4947,10000055,2015-09-23,2015-09-23,C,2.5,2015-02-12
8549,2015-04-08 13:30:00,2015-04-08,0.4947,0.0,0.0,603.0,0.4947,0.4947,0.4947,10000055,2015-09-23,2015-09-23,C,2.5,2015-02-12
8550,2015-04-08 13:31:00,2015-04-08,0.4947,0.0,0.0,603.0,0.4947,0.4947,0.4947,10000055,2015-09-23,2015-09-23,C,2.5,2015-02-12
8551,2015-04-08 13:32:00,2015-04-08,0.4947,0.0,0.0,603.0,0.4947,0.4947,0.4947,10000055,2015-09-23,2015-09-23,C,2.5,2015-02-12
8552,2015-04-08 13:33:00,2015-04-08,0.4947,0.0,0.0,603.0,0.4947,0.4947,0.4947,10000055,2015-09-23,2015-09-23,C,2.5,2015-02-12
8553,2015-04-08 13:34:00,2015-04-08,0.4947,0.0,0.0,603.0,0.4947,0.4947,0.4947,10000055,2015-09-23,2015-09-23,C,2.5,2015-02-12
8554,2015-04-08 13:35:00,2015-04-08,0.4947,0.0,0.0,603.0,0.4947,0.4947,0.4947,10000055,2015-09-23,2015-09-23,C,2.5,2015-02-12
8555,2015-04-08 13:36:00,2015-04-08,0.4947,0.0,0.0,603.0,0.4947,0.4947,0.4947,10000055,2015-09-23,2015-09-23,C,2.5,2015-02-12
8556,2015-04-08 13:37:00,2015-04-08,0.4947,0.0,0.0,603.0,0.4947,0.4947,0.4947,10000055,2015-09-23,2015-09-23,C,2.5,2015-02-12
8557,2015-04-08 13:38:00,2015-04-08,0.4947,0.0,0.0,603.0,0.4947,0.4947,0.4947,10000055,2015-09-23,2015-09-23,C,2.5,2015-02-12
8558,2015-04-08 13:39:00,2015-04-08,0.4947,0.0,0.0,603.0,0.4947,0.4947,0.4947,10000055,2015-09-23,2015-09-23,C,2.5,2015-02-12
8559,2015-04-08 13:40:00,2015-04-08,0.4947,0.0,0.0,603.0,0.4947,0.4947,0.4947,10000055,2015-09-23,2015-09-23,C,2.5,2015-02-12
8560,2015-04-08 13:41:00,2015-04-08,0.4947,0.0,0.0,603.0,0.4947,0.4947,0.4947,10000055,2015-09-23,2015-09-23,C,2.5,2015-02-12
8561,2015-04-08 13:42:00,2015-04-08,0.4947,0.0,0.0,603.0,0.4947,0.4947,0.4947,10000055,2015-09-23,2015-09-23,C,2.5,2015-02-12
8562,2015-04-08 13:43:00,2015-04-08,0.4947,0.0,0.0,603.0,0.4947,0.4947,0.4947,10000055,2015-09-23,2015-09-23,C,2.5,2015-02-12
8563,2015-04-08 13:44:00,2015-04-08,0.4947,0.0,0.0,603.0,0.4947,0.4947,0.4947,10000055,2015-09-23,2015-09-23,C,2.5,2015-02-12
8564,2015-04-08 13:45:00,2015-04-08,0.4947,0.0,0.0,603.0,0.4947,0.4947,0.4947,10000055,2015-09-23,2015-09-23,C,2.5,2015-02-12
8565,2015-04-08 13:46:00,2015-04-08,0.4947,0.0,0.0,603.0,0.4947,0.4947,0.4947,10000055,2015-09-23,2015-09-23,C,2.5,2015-02-12
8566,2015-04-08 13:47:00,2015-04-08,0.4947,0.0,0.0,603.0,0.4947,0.4947,0.4947,10000055,2015-09-23,2015-09-23,C,2.5,2015-02-12
8567,2015-04-08 13:48:00,2015-04-08,0.4947,0.0,0.0,603.0,0.4947,0.4947,0.4947,10000055,2015-09-23,2015-09-23,C,2.5,2015-02-12
8568,2015-04-08 13:49:00,2015-04-08,0.4947,0.0,0.0,603.0,0.4947,0.4947,0.4947,10000055,2015-09-23,2015-09-23,C,2.5,2015-02-12
8569,2015-04-08 13:50:00,2015-04-08,0.4947,0.0,0.0,603.0,0.4947,0.4947,0.4947,10000055,2015-09-23,2015-09-23,C,2.5,2015-02-12
8570,2015-04-08 13:51:00,2015-04-08,0.4947,0.0,0.0,603.0,0.4947,0.4947,0.4947,10000055,2015-09-23,2015-09-23,C,2.5,2015-02-12
8571,2015-04-08 13:52:00,2015-04-08,0.4947,0.0,0.0,603.0,0.4947,0.4947,0.4947,10000055,2015-09-23,2015-09-23,C,2.5,2015-02-12
8572,2015-04-08 13:53:00,2015-04-08,0.4947,0.0,0.0,603.0,0.4947,0.4947,0.4947,10000055,2015-09-23,2015-09-23,C,2.5,2015-02-12
8573,2015-04-08 13:54:00,2015-04-08,0.4947,0.0,0.0,603.0,0.4947,0.4947,0.4947,10000055,2015-09-23,2015-09-23,C,2.5,2015-02-12
8574,2015-04-08 13:55:00,2015-04-08,0.4947,0.0,0.0,603.0,0.4947,0.4947,0.4947,10000055,2015-09-23,2015-09-23,C,2.5,2015-02-12
8575,2015-04-08 13:56:00,2015-04-08,0.4947,0.0,0.0,603.0,0.4947,0.4947,0.4947,10000055,2015-09-23,2015-09-23,C,2.5,2015-02-12
8576,2015-04-08 13:57:00,2015-04-08,0.4947,0.0,0.0,603.0,0.4947,0.4947,0.4947,10000055,2015-09-23,2015-09-23,C,2.5,2015-02-12
8577,2015-04-08 13:58:00,2015-04-08,0.4947,0.0,0.0,603.0,0.4947,0.4947,0.4947,10000055,2015-09-23,2015-09-23,C,2.5,2015-02-12
8578,2015-04-08 13:59:00,2015-04-08,0.4947,0.0,0.0,603.0,0.4947,0.4947,0.4947,10000055,2015-09-23,2015-09-23,C,2.5,2015-02-12
8579,2015-04-08 14:00:00,2015-04-08,0.4947,0.0,0.0,603.0,0.4947,0.4947,0.4947,10000055,2015-09-23,2015-09-23,C,2.5,2015-02-12
8580,2015-04-08 14:01:00,2015-04-08,0.4947,0.0,0.0,603.0,0.4947,0.4947,0.4947,10000055,2015-09-23,2015-09-23,C,2.5,2015-02-12
8581,2015-04-08 14:02:00,2015-04-08,0.4947,0.0,0.0,603.0,0.4947,0.4947,0.4947,10000055,2015-09-23,2015-09-23,C,2.5,2015-02-12
8582,2015-04-08 14:03:00,2015-04-08,0.4947,0.0,0.0,603.0,0.4947,0.4947,0.4947,10000055,2015-09-23,2015-09-23,C,2.5,2015-02-12
8583,2015-04-08 14:04:00,2015-04-08,0.4947,0.0,0.0,603.0,0.4947,0.4947,0.4947,10000055,2015-09-23,2015-09-23,C,2.5,2015-02-12
8584,2015-04-08 14:05:00,2015-04-08,0.4947,0.0,0.0,603.0,0.4947,0.4947,0.4947,10000055,2015-09-23,2015-09-23,C,2.5,2015-02-12
8585,2015-04-08 14:06:00,2015-04-08,0.4947,0.0,0.0,603.0,0.4947,0.4947,0.4947,10000055,2015-09-23,2015-09-23,C,2.5,2015-02-12
8586,2015-04-08 14:07:00,2015-04-08,0.4947,0.0,0.0,603.0,0.4947,0.4947,0.4947,10000055,2015-09-23,2015-09-23,C,2.5,2015-02-12
8587,2015-04-08 14:08:00,2015-04-08,0.4947,0.0,0.0,603.0,0.4947,0.4947,0.4947,10000055,2015-09-23,2015-09-23,C,2.5,2015-02-12
8588,2015-04-08 14:09:00,2015-04-08,0.4947,0.0,0.0,603.0,0.4947,0.4947,0.4947,10000055,2015-09-23,2015-09-23,C,2.5,2015-02-12
8589,2015-04-08 14:10:00,2015-04-08,0.4947,0.0,0.0,603.0,0.4947,0.4947,0.4947,10000055,2015-09-23,2015-09-23,C,2.5,2015-02-12
8590,2015-04-08 14:11:00,2015-04-08,0.4947,0.0,0.0,603.0,0.4947,0.4947,0.4947,10000055,2015-09-23,2015-09-23,C,2.5,2015-02-12
8591,2015-04-08 14:12:00,2015-04-08,0.4947,0.0,0.0,603.0,0.4947,0.4947,0.4947,10000055,2015-09-23,2015-09-23,C,2.5,2015-02-12
8592,2015-04-08 14:13:00,2015-04-08,0.4947,0.0,0.0,603.0,0.4947,0.4947,0.4947,10000055,2015-09-23,2015-09-23,C,2.5,2015-02-12
8593,2015-04-08 14:14:00,2015-04-08,0.4947,0.0,0.0,603.0,0.4947,0.4947,0.4947,10000055,2015-09-23,2015-09-23,C,2.5,2015-02-12
8594,2015-04-08 14:15:00,2015-04-08,0.4947,0.0,0.0,603.0,0.4947,0.4947,0.4947,10000055,2015-09-23,2015-09-23,C,2.5,2015-02-12
8595,2015-04-08 14:16:00,2015-04-08,0.4947,0.0,0.0,603.0,0.4947,0.4947,0.4947,10000055,2015-09-23,2015-09-23,C,2.5,2015-02-12
8596,2015-04-08 14:17:00,2015-04-08,0.4947,0.0,0.0,603.0,0.4947,0.4947,0.4947,10000055,2015-09-23,2015-09-23,C,2.5,2015-02-12
8597,2015-04-08 14:18:00,2015-04-08,0.4947,0.0,0.0,603.0,0.4947,0.4947,0.4947,10000055,2015-09-23,2015-09-23,C,2.5,2015-02-12
8598,2015-04-08 14:19:00,2015-04-08,0.4947,0.0,0.0,603.0,0.4947,0.4947,0.4947,10000055,2015-09-23,2015-09-23,C,2.5,2015-02-12
8599,2015-04-08 14:20:00,2015-04-08,0.4947,0.0,0.0,603.0,0.4947,0.4947,0.4947,10000055,2015-09-23,2015-09-23,C,2.5,2015-02-12
8600,2015-04-08 14:21:00,2015-04-08,0.4947,0.0,0.0,603.0,0.4947,0.4947,0.4947,10000055,2015-09-23,2015-09-23,C,2.5,2015-02-12
8601,2015-04-08 14:22:00,2015-04-08,0.4947,0.0,0.0,603.0,0.4947,0.4947,0.4947,10000055,2015-09-23,2015-09-23,C,2.5,2015-02-12
8602,2015-04-08 14:23:00,2015-04-08,0.4947,0.0,0.0,603.0,0.4947,0.4947,0.4947,10000055,2015-09-23,2015-09-23,C,2.5,2015-02-12
8603,2015-04-08 14:24:00,2015-04-08,0.4947,0.0,0.0,603.0,0.4947,0.4947,0.4947,10000055,2015-09-23,2015-09-23,C,2.5,2015-02-12
8604,2015-04-08 14:25:00,2015-04-08,0.4947,0.0,0.0,603.0,0.4947,0.4947,0.4947,10000055,2015-09-23,2015-09-23,C,2.5,2015-02-12
8605,2015-04-08 14:26:00,2015-04-08,0.4947,0.0,0.0,603.0,0.4947,0.4947,0.4947,10000055,2015-09-23,2015-09-23,C,2.5,2015-02-12
8606,2015-04-08 14:27:00,2015-04-08,0.4947,0.0,0.0,603.0,0.4947,0.4947,0.4947,10000055,2015-09-23,2015-09-23,C,2.5,2015-02-12
8607,2015-04-08 14:28:00,2015-04-08,0.4947,0.0,0.0,603.0,0.4947,0.4947,0.4947,10000055,2015-09-23,2015-09-23,C,2.5,2015-02-12
8608,2015-04-08 14:29:00,2015-04-08,0.4947,0.0,0.0,603.0,0.4947,0.4947,0.4947,10000055,2015-09-23,2015-09-23,C,2.5,2015-02-12
8609,2015-04-08 14:30:00,2015-04-08,0.4947,0.0,0.0,603.0,0.4947,0.4947,0.4947,10000055,2015-09-23,2015-09-23,C,2.5,2015-02-12
8610,2015-04-08 14:31:00,2015-04-08,0.4947,0.0,0.0,603.0,0.4947,0.4947,0.4947,10000055,2015-09-23,2015-09-23,C,2.5,2015-02-12
8611,2015-04-08 14:32:00,2015-04-08,0.4947,0.0,0.0,603.0,0.4947,0.4947,0.4947,10000055,2015-09-23,2015-09-23,C,2.5,2015-02-12
8612,2015-04-08 14:33:00,2015-04-08,0.4947,0.0,0.0,603.0,0.4947,0.4947,0.4947,10000055,2015-09-23,2015-09-23,C,2.5,2015-02-12
8613,2015-04-08 14:34:00,2015-04-08,0.4947,0.0,0.0,603.0,0.4947,0.4947,0.4947,10000055,2015-09-23,2015-09-23,C,2.5,2015-02-12
8614,2015-04-08 14:35:00,2015-04-08,0.4947,0.0,0.0,603.0,0.4947,0.4947,0.4947,10000055,2015-09-23,2015-09-23,C,2.5,2015-02-12
8615,2015-04-08 14:36:00,2015-04-08,0.4947,0.0,0.0,603.0,0.4947,0.4947,0.4947,10000055,2015-09-23,2015-09-23,C,2.5,2015-02-12
8616,2015-04-08 14:37:00,2015-04-08,0.4947,0.0,0.0,603.0,0.4947,0.4947,0.4947,10000055,2015-09-23,2015-09-23,C,2.5,2015-02-12
8617,2015-04-08 14:38:00,2015-04-08,0.4947,0.0,0.0,603.0,0.4947,0.4947,0.4947,10000055,2015-09-23,2015-09-23,C,2.5,2015-02-12
8618,2015-04-08 14:39:00,2015-04-08,0.4947,0.0,0.0,603.0,0.4947,0.4947,0.4947,10000055,2015-09-23,2015-09-23,C,2.5,2015-02-12
8619,2015-04-08 14:40:00,2015-04-08,0.4947,0.0,0.0,603.0,0.4947,0.4947,0.4947,10000055,2015-09-23,2015-09-23,C,2.5,2015-02-12
8620,2015-04-08 14:41:00,2015-04-08,0.4947,0.0,0.0,603.0,0.4947,0.4947,0.4947,10000055,2015-09-23,2015-09-23,C,2.5,2015-02-12
8621,2015-04-08 14:42:00,2015-04-08,0.4947,0.0,0.0,603.0,0.4947,0.4947,0.4947,10000055,2015-09-23,2015-09-23,C,2.5,2015-02-12
8622,2015-04-08 14:43:00,2015-04-08,0.4947,0.0,0.0,603.0,0.4947,0.4947,0.4947,10000055,2015-09-23,2015-09-23,C,2.5,2015-02-12
8623,2015-04-08 14:44:00,2015-04-08,0.4947,0.0,0.0,603.0,0.4947,0.4947,0.4947,10000055,2015-09-23,2015-09-23,C,2.5,2015-02-12
8624,2015-04-08 14:45:00,2015-04-08,0.4947,0.0,0.0,603.0,0.4947,0.4947,0.4947,10000055,2015-09-23,2015-09-23,C,2.5,2015-02-12
8625,2015-04-08 14:46:00,2015-04-08,0.4947,0.0,0.0,603.0,0.4947,0.4947,0.4947,10000055,2015-09-23,2015-09-23,C,2.5,2015-02-12
8626,2015-04-08 14:47:00,2015-04-08,0.4947,0.0,0.0,603.0,0.4947,0.4947,0.4947,10000055,2015-09-23,2015-09-23,C,2.5,2015-02-12
8627,2015-04-08 14:48:00,2015-04-08,0.4947,0.0,0.0,603.0,0.4947,0.4947,0.4947,10000055,2015-09-23,2015-09-23,C,2.5,2015-02-12
8628,2015-04-08 14:49:00,2015-04-08,0.4947,0.0,0.0,603.0,0.4947,0.4947,0.4947,10000055,2015-09-23,2015-09-23,C,2.5,2015-02-12
8629,2015-04-08 14:50:00,2015-04-08,0.4947,0.0,0.0,603.0,0.4947,0.4947,0.4947,10000055,2015-09-23,2015-09-23,C,2.5,2015-02-12
8630,2015-04-08 14:51:00,2015-04-08,0.4947,0.0,0.0,603.0,0.4947,0.4947,0.4947,10000055,2015-09-23,2015-09-23,C,2.5,2015-02-12
8631,2015-04-08 14:52:00,2015-04-08,0.4947,0.0,0.0,603.0,0.4947,0.4947,0.4947,10000055,2015-09-23,2015-09-23,C,2.5,2015-02-12
8632,2015-04-08 14:53:00,2015-04-08,0.4947,0.0,0.0,603.0,0.4947,0.4947,0.4947,10000055,2015-09-23,2015-09-23,C,2.5,2015-02-12
8633,2015-04-08 14:54:00,2015-04-08,0.4947,0.0,0.0,603.0,0.4947,0.4947,0.4947,10000055,2015-09-23,2015-09-23,C,2.5,2015-02-12
8634,2015-04-08 14:55:00,2015-04-08,0.4947,0.0,0.0,603.0,0.4947,0.4947,0.4947,10000055,2015-09-23,2015-09-23,C,2.5,2015-02-12
8635,2015-04-08 14:56:00,2015-04-08,0.4947,0.0,0.0,603.0,0.4947,0.4947,0.4947,10000055,2015-09-23,2015-09-23,C,2.5,2015-02-12
8636,2015-04-08 14:57:00,2015-04-08,0.4947,0.0,0.0,603.0,0.4947,0.4947,0.4947,10000055,2015-09-23,2015-09-23,C,2.5,2015-02-12
8637,2015-04-08 14:58:00,2015-04-08,0.4947,0.0,0.0,603.0,0.4947,0.4947,0.4947,10000055,2015-09-23,2015-09-23,C,2.5,2015-02-12
8638,2015-04-08 14:59:00,2015-04-08,0.4947,0.0,0.0,603.0,0.4947,0.4947,0.4947,10000055,2015-09-23,2015-09-23,C,2.5,2015-02-12
8639,2015-04-08 15:00:00,2015-04-08,0.4947,0.0,0.0,603.0,0.4947,0.4947,0.4947,10000055,2015-09-23,2015-09-23,C,2.5,2015-02-12
8640,2015-04-08 09:31:00,2015-04-08,0.19,0.0,0.0,0.0,0.19,0.19,0.19,10000101,2015-06-24,2015-06-24,C,2.8,2015-03-24
8641,2015-04-08 09:32:00,2015-04-08,0.19,0.0,0.0,0.0,0.19,0.19,0.19,10000101,2015-06-24,2015-06-24,C,2.8,2015-03-24
8642,2015-04-08 09:33:00,2015-04-08,0.19,0.0,0.0,0.0,0.19,0.19,0.19,10000101,2015-06-24,2015-06-24,C,2.8,2015-03-24
8643,2015-04-08 09:34:00,2015-04-08,0.19,0.0,0.0,0.0,0.19,0.19,0.19,10000101,2015-06-24,2015-06-24,C,2.8,2015-03-24
8644,2015-04-08 09:35:00,2015-04-08,0.19,0.0,0.0,0.0,0.19,0.19,0.19,10000101,2015-06-24,2015-06-24,C,2.8,2015-03-24
8645,2015-04-08 09:36:00,2015-04-08,0.19,0.0,0.0,0.0,0.19,0.19,0.19,10000101,2015-06-24,2015-06-24,C,2.8,2015-03-24
8646,2015-04-08 09:37:00,2015-04-08,0.19,0.0,0.0,0.0,0.19,0.19,0.19,10000101,2015-06-24,2015-06-24,C,2.8,2015-03-24
8647,2015-04-08 09:38:00,2015-04-08,0.19,0.0,0.0,0.0,0.19,0.19,0.19,10000101,2015-06-24,2015-06-24,C,2.8,2015-03-24
8648,2015-04-08 09:39:00,2015-04-08,0.19,0.0,0.0,0.0,0.19,0.19,0.19,10000101,2015-06-24,2015-06-24,C,2.8,2015-03-24
8649,2015-04-08 09:40:00,2015-04-08,0.19,0.0,0.0,0.0,0.19,0.19,0.19,10000101,2015-06-24,2015-06-24,C,2.8,2015-03-24
8650,2015-04-08 09:41:00,2015-04-08,0.19,0.0,0.0,0.0,0.19,0.19,0.19,10000101,2015-06-24,2015-06-24,C,2.8,2015-03-24
8651,2015-04-08 09:42:00,2015-04-08,0.19,0.0,0.0,0.0,0.19,0.19,0.19,10000101,2015-06-24,2015-06-24,C,2.8,2015-03-24
8652,2015-04-08 09:43:00,2015-04-08,0.19,0.0,0.0,0.0,0.19,0.19,0.19,10000101,2015-06-24,2015-06-24,C,2.8,2015-03-24
8653,2015-04-08 09:44:00,2015-04-08,0.19,0.0,0.0,0.0,0.19,0.19,0.19,10000101,2015-06-24,2015-06-24,C,2.8,2015-03-24
8654,2015-04-08 09:45:00,2015-04-08,0.19,0.0,0.0,0.0,0.19,0.19,0.19,10000101,2015-06-24,2015-06-24,C,2.8,2015-03-24
8655,2015-04-08 09:46:00,2015-04-08,0.19,0.0,0.0,0.0,0.19,0.19,0.19,10000101,2015-06-24,2015-06-24,C,2.8,2015-03-24
8656,2015-04-08 09:47:00,2015-04-08,0.19,0.0,0.0,0.0,0.19,0.19,0.19,10000101,2015-06-24,2015-06-24,C,2.8,2015-03-24
8657,2015-04-08 09:48:00,2015-04-08,0.19,0.0,0.0,0.0,0.19,0.19,0.19,10000101,2015-06-24,2015-06-24,C,2.8,2015-03-24
8658,2015-04-08 09:49:00,2015-04-08,0.19,0.0,0.0,0.0,0.19,0.19,0.19,10000101,2015-06-24,2015-06-24,C,2.8,2015-03-24
8659,2015-04-08 09:50:00,2015-04-08,0.19,0.0,0.0,0.0,0.19,0.19,0.19,10000101,2015-06-24,2015-06-24,C,2.8,2015-03-24
8660,2015-04-08 09:51:00,2015-04-08,0.19,0.0,0.0,0.0,0.19,0.19,0.19,10000101,2015-06-24,2015-06-24,C,2.8,2015-03-24
8661,2015-04-08 09:52:00,2015-04-08,0.19,0.0,0.0,0.0,0.19,0.19,0.19,10000101,2015-06-24,2015-06-24,C,2.8,2015-03-24
8662,2015-04-08 09:53:00,2015-04-08,0.19,0.0,0.0,0.0,0.19,0.19,0.19,10000101,2015-06-24,2015-06-24,C,2.8,2015-03-24
8663,2015-04-08 09:54:00,2015-04-08,0.19,0.0,0.0,0.0,0.19,0.19,0.19,10000101,2015-06-24,2015-06-24,C,2.8,2015-03-24
8664,2015-04-08 09:55:00,2015-04-08,0.19,0.0,0.0,0.0,0.19,0.19,0.19,10000101,2015-06-24,2015-06-24,C,2.8,2015-03-24
8665,2015-04-08 09:56:00,2015-04-08,0.19,0.0,0.0,0.0,0.19,0.19,0.19,10000101,2015-06-24,2015-06-24,C,2.8,2015-03-24
8666,2015-04-08 09:57:00,2015-04-08,0.19,0.0,0.0,0.0,0.19,0.19,0.19,10000101,2015-06-24,2015-06-24,C,2.8,2015-03-24
8667,2015-04-08 09:58:00,2015-04-08,0.19,0.0,0.0,0.0,0.19,0.19,0.19,10000101,2015-06-24,2015-06-24,C,2.8,2015-03-24
8668,2015-04-08 09:59:00,2015-04-08,0.19,0.0,0.0,0.0,0.19,0.19,0.19,10000101,2015-06-24,2015-06-24,C,2.8,2015-03-24
8669,2015-04-08 10:00:00,2015-04-08,0.19,0.0,0.0,0.0,0.19,0.19,0.19,10000101,2015-06-24,2015-06-24,C,2.8,2015-03-24
8670,2015-04-08 10:01:00,2015-04-08,0.19,0.0,0.0,0.0,0.19,0.19,0.19,10000101,2015-06-24,2015-06-24,C,2.8,2015-03-24
8671,2015-04-08 10:02:00,2015-04-08,0.19,0.0,0.0,0.0,0.19,0.19,0.19,10000101,2015-06-24,2015-06-24,C,2.8,2015-03-24
8672,2015-04-08 10:03:00,2015-04-08,0.19,0.0,0.0,0.0,0.19,0.19,0.19,10000101,2015-06-24,2015-06-24,C,2.8,2015-03-24
8673,2015-04-08 10:04:00,2015-04-08,0.19,0.0,0.0,0.0,0.19,0.19,0.19,10000101,2015-06-24,2015-06-24,C,2.8,2015-03-24
8674,2015-04-08 10:05:00,2015-04-08,0.19,0.0,0.0,0.0,0.19,0.19,0.19,10000101,2015-06-24,2015-06-24,C,2.8,2015-03-24
8675,2015-04-08 10:06:00,2015-04-08,0.19,0.0,0.0,0.0,0.19,0.19,0.19,10000101,2015-06-24,2015-06-24,C,2.8,2015-03-24
8676,2015-04-08 10:07:00,2015-04-08,0.19,0.0,0.0,0.0,0.19,0.19,0.19,10000101,2015-06-24,2015-06-24,C,2.8,2015-03-24
8677,2015-04-08 10:08:00,2015-04-08,0.19,0.0,0.0,0.0,0.19,0.19,0.19,10000101,2015-06-24,2015-06-24,C,2.8,2015-03-24
8678,2015-04-08 10:09:00,2015-04-08,0.19,0.0,0.0,0.0,0.19,0.19,0.19,10000101,2015-06-24,2015-06-24,C,2.8,2015-03-24
8679,2015-04-08 10:10:00,2015-04-08,0.19,0.0,0.0,0.0,0.19,0.19,0.19,10000101,2015-06-24,2015-06-24,C,2.8,2015-03-24
8680,2015-04-08 10:11:00,2015-04-08,0.19,0.0,0.0,0.0,0.19,0.19,0.19,10000101,2015-06-24,2015-06-24,C,2.8,2015-03-24
8681,2015-04-08 10:12:00,2015-04-08,0.19,0.0,0.0,0.0,0.19,0.19,0.19,10000101,2015-06-24,2015-06-24,C,2.8,2015-03-24
8682,2015-04-08 10:13:00,2015-04-08,0.19,0.0,0.0,0.0,0.19,0.19,0.19,10000101,2015-06-24,2015-06-24,C,2.8,2015-03-24
8683,2015-04-08 10:14:00,2015-04-08,0.19,0.0,0.0,0.0,0.19,0.19,0.19,10000101,2015-06-24,2015-06-24,C,2.8,2015-03-24
8684,2015-04-08 10:15:00,2015-04-08,0.19,0.0,0.0,0.0,0.19,0.19,0.19,10000101,2015-06-24,2015-06-24,C,2.8,2015-03-24
8685,2015-04-08 10:16:00,2015-04-08,0.19,0.0,0.0,0.0,0.19,0.19,0.19,10000101,2015-06-24,2015-06-24,C,2.8,2015-03-24
8686,2015-04-08 10:17:00,2015-04-08,0.19,0.0,0.0,0.0,0.19,0.19,0.19,10000101,2015-06-24,2015-06-24,C,2.8,2015-03-24
8687,2015-04-08 10:18:00,2015-04-08,0.19,0.0,0.0,0.0,0.19,0.19,0.19,10000101,2015-06-24,2015-06-24,C,2.8,2015-03-24
8688,2015-04-08 10:19:00,2015-04-08,0.19,0.0,0.0,0.0,0.19,0.19,0.19,10000101,2015-06-24,2015-06-24,C,2.8,2015-03-24
8689,2015-04-08 10:20:00,2015-04-08,0.19,0.0,0.0,0.0,0.19,0.19,0.19,10000101,2015-06-24,2015-06-24,C,2.8,2015-03-24
8690,2015-04-08 10:21:00,2015-04-08,0.19,0.0,0.0,0.0,0.19,0.19,0.19,10000101,2015-06-24,2015-06-24,C,2.8,2015-03-24
8691,2015-04-08 10:22:00,2015-04-08,0.2002,-84247.0,-38.0,271.0,0.2002,0.2002,0.2002,10000101,2015-06-24,2015-06-24,C,2.8,2015-03-24
8692,2015-04-08 10:23:00,2015-04-08,0.2002,0.0,0.0,271.0,0.2002,0.2002,0.2002,10000101,2015-06-24,2015-06-24,C,2.8,2015-03-24
8693,2015-04-08 10:24:00,2015-04-08,0.2002,0.0,0.0,271.0,0.2002,0.2002,0.2002,10000101,2015-06-24,2015-06-24,C,2.8,2015-03-24
8694,2015-04-08 10:25:00,2015-04-08,0.2002,0.0,0.0,271.0,0.2002,0.2002,0.2002,10000101,2015-06-24,2015-06-24,C,2.8,2015-03-24
8695,2015-04-08 10:26:00,2015-04-08,0.2002,0.0,0.0,271.0,0.2002,0.2002,0.2002,10000101,2015-06-24,2015-06-24,C,2.8,2015-03-24
8696,2015-04-08 10:27:00,2015-04-08,0.2002,0.0,0.0,271.0,0.2002,0.2002,0.2002,10000101,2015-06-24,2015-06-24,C,2.8,2015-03-24
8697,2015-04-08 10:28:00,2015-04-08,0.2002,0.0,0.0,271.0,0.2002,0.2002,0.2002,10000101,2015-06-24,2015-06-24,C,2.8,2015-03-24
8698,2015-04-08 10:29:00,2015-04-08,0.2002,0.0,0.0,271.0,0.2002,0.2002,0.2002,10000101,2015-06-24,2015-06-24,C,2.8,2015-03-24
8699,2015-04-08 10:30:00,2015-04-08,0.2002,0.0,0.0,271.0,0.2002,0.2002,0.2002,10000101,2015-06-24,2015-06-24,C,2.8,2015-03-24
8700,2015-04-08 10:31:00,2015-04-08,0.2002,0.0,0.0,271.0,0.2002,0.2002,0.2002,10000101,2015-06-24,2015-06-24,C,2.8,2015-03-24
8701,2015-04-08 10:32:00,2015-04-08,0.2026,18234.0,9.0,271.0,0.2026,0.2026,0.2026,10000101,2015-06-24,2015-06-24,C,2.8,2015-03-24
8702,2015-04-08 10:33:00,2015-04-08,0.2026,0.0,0.0,271.0,0.2026,0.2026,0.2026,10000101,2015-06-24,2015-06-24,C,2.8,2015-03-24
8703,2015-04-08 10:34:00,2015-04-08,0.2026,0.0,0.0,271.0,0.2026,0.2026,0.2026,10000101,2015-06-24,2015-06-24,C,2.8,2015-03-24
8704,2015-04-08 10:35:00,2015-04-08,0.2026,0.0,0.0,271.0,0.2026,0.2026,0.2026,10000101,2015-06-24,2015-06-24,C,2.8,2015-03-24
8705,2015-04-08 10:36:00,2015-04-08,0.2026,0.0,0.0,271.0,0.2026,0.2026,0.2026,10000101,2015-06-24,2015-06-24,C,2.8,2015-03-24
8706,2015-04-08 10:37:00,2015-04-08,0.2026,0.0,0.0,271.0,0.2026,0.2026,0.2026,10000101,2015-06-24,2015-06-24,C,2.8,2015-03-24
8707,2015-04-08 10:38:00,2015-04-08,0.2026,0.0,0.0,271.0,0.2026,0.2026,0.2026,10000101,2015-06-24,2015-06-24,C,2.8,2015-03-24
8708,2015-04-08 10:39:00,2015-04-08,0.2026,0.0,0.0,271.0,0.2026,0.2026,0.2026,10000101,2015-06-24,2015-06-24,C,2.8,2015-03-24
8709,2015-04-08 10:40:00,2015-04-08,0.2026,0.0,0.0,271.0,0.2026,0.2026,0.2026,10000101,2015-06-24,2015-06-24,C,2.8,2015-03-24
8710,2015-04-08 10:41:00,2015-04-08,0.2026,0.0,0.0,271.0,0.2026,0.2026,0.2026,10000101,2015-06-24,2015-06-24,C,2.8,2015-03-24
8711,2015-04-08 10:42:00,2015-04-08,0.2026,0.0,0.0,271.0,0.2026,0.2026,0.2026,10000101,2015-06-24,2015-06-24,C,2.8,2015-03-24
8712,2015-04-08 10:43:00,2015-04-08,0.2026,0.0,0.0,271.0,0.2026,0.2026,0.2026,10000101,2015-06-24,2015-06-24,C,2.8,2015-03-24
8713,2015-04-08 10:44:00,2015-04-08,0.2026,0.0,0.0,271.0,0.2026,0.2026,0.2026,10000101,2015-06-24,2015-06-24,C,2.8,2015-03-24
8714,2015-04-08 10:45:00,2015-04-08,0.2026,0.0,0.0,271.0,0.2026,0.2026,0.2026,10000101,2015-06-24,2015-06-24,C,2.8,2015-03-24
8715,2015-04-08 10:46:00,2015-04-08,0.2026,0.0,0.0,271.0,0.2026,0.2026,0.2026,10000101,2015-06-24,2015-06-24,C,2.8,2015-03-24
8716,2015-04-08 10:47:00,2015-04-08,0.2026,0.0,0.0,271.0,0.2026,0.2026,0.2026,10000101,2015-06-24,2015-06-24,C,2.8,2015-03-24
8717,2015-04-08 10:48:00,2015-04-08,0.2026,0.0,0.0,271.0,0.2026,0.2026,0.2026,10000101,2015-06-24,2015-06-24,C,2.8,2015-03-24
8718,2015-04-08 10:49:00,2015-04-08,0.2026,0.0,0.0,271.0,0.2026,0.2026,0.2026,10000101,2015-06-24,2015-06-24,C,2.8,2015-03-24
8719,2015-04-08 10:50:00,2015-04-08,0.2026,0.0,0.0,271.0,0.2026,0.2026,0.2026,10000101,2015-06-24,2015-06-24,C,2.8,2015-03-24
8720,2015-04-08 10:51:00,2015-04-08,0.2026,0.0,0.0,271.0,0.2026,0.2026,0.2026,10000101,2015-06-24,2015-06-24,C,2.8,2015-03-24
8721,2015-04-08 10:52:00,2015-04-08,0.2026,0.0,0.0,271.0,0.2026,0.2026,0.2026,10000101,2015-06-24,2015-06-24,C,2.8,2015-03-24
8722,2015-04-08 10:53:00,2015-04-08,0.2026,0.0,0.0,271.0,0.2026,0.2026,0.2026,10000101,2015-06-24,2015-06-24,C,2.8,2015-03-24
8723,2015-04-08 10:54:00,2015-04-08,0.2026,0.0,0.0,271.0,0.2026,0.2026,0.2026,10000101,2015-06-24,2015-06-24,C,2.8,2015-03-24
8724,2015-04-08 10:55:00,2015-04-08,0.2026,0.0,0.0,271.0,0.2026,0.2026,0.2026,10000101,2015-06-24,2015-06-24,C,2.8,2015-03-24
8725,2015-04-08 10:56:00,2015-04-08,0.2026,0.0,0.0,271.0,0.2026,0.2026,0.2026,10000101,2015-06-24,2015-06-24,C,2.8,2015-03-24
8726,2015-04-08 10:57:00,2015-04-08,0.2026,0.0,0.0,271.0,0.2026,0.2026,0.2026,10000101,2015-06-24,2015-06-24,C,2.8,2015-03-24
8727,2015-04-08 10:58:00,2015-04-08,0.2026,0.0,0.0,271.0,0.2026,0.2026,0.2026,10000101,2015-06-24,2015-06-24,C,2.8,2015-03-24
8728,2015-04-08 10:59:00,2015-04-08,0.2026,0.0,0.0,271.0,0.2026,0.2026,0.2026,10000101,2015-06-24,2015-06-24,C,2.8,2015-03-24
8729,2015-04-08 11:00:00,2015-04-08,0.2026,0.0,0.0,271.0,0.2026,0.2026,0.2026,10000101,2015-06-24,2015-06-24,C,2.8,2015-03-24
8730,2015-04-08 11:01:00,2015-04-08,0.2026,0.0,0.0,271.0,0.2026,0.2026,0.2026,10000101,2015-06-24,2015-06-24,C,2.8,2015-03-24
8731,2015-04-08 11:02:00,2015-04-08,0.2026,0.0,0.0,271.0,0.2026,0.2026,0.2026,10000101,2015-06-24,2015-06-24,C,2.8,2015-03-24
8732,2015-04-08 11:03:00,2015-04-08,0.2026,0.0,0.0,271.0,0.2026,0.2026,0.2026,10000101,2015-06-24,2015-06-24,C,2.8,2015-03-24
8733,2015-04-08 11:04:00,2015-04-08,0.2026,0.0,0.0,271.0,0.2026,0.2026,0.2026,10000101,2015-06-24,2015-06-24,C,2.8,2015-03-24
8734,2015-04-08 11:05:00,2015-04-08,0.2026,0.0,0.0,271.0,0.2026,0.2026,0.2026,10000101,2015-06-24,2015-06-24,C,2.8,2015-03-24
8735,2015-04-08 11:06:00,2015-04-08,0.2026,0.0,0.0,271.0,0.2026,0.2026,0.2026,10000101,2015-06-24,2015-06-24,C,2.8,2015-03-24
8736,2015-04-08 11:07:00,2015-04-08,0.2026,0.0,0.0,271.0,0.2026,0.2026,0.2026,10000101,2015-06-24,2015-06-24,C,2.8,2015-03-24
8737,2015-04-08 11:08:00,2015-04-08,0.2026,0.0,0.0,271.0,0.2026,0.2026,0.2026,10000101,2015-06-24,2015-06-24,C,2.8,2015-03-24
8738,2015-04-08 11:09:00,2015-04-08,0.2026,0.0,0.0,271.0,0.2026,0.2026,0.2026,10000101,2015-06-24,2015-06-24,C,2.8,2015-03-24
8739,2015-04-08 11:10:00,2015-04-08,0.2026,0.0,0.0,271.0,0.2026,0.2026,0.2026,10000101,2015-06-24,2015-06-24,C,2.8,2015-03-24
8740,2015-04-08 11:11:00,2015-04-08,0.2026,0.0,0.0,271.0,0.2026,0.2026,0.2026,10000101,2015-06-24,2015-06-24,C,2.8,2015-03-24
8741,2015-04-08 11:12:00,2015-04-08,0.2026,0.0,0.0,271.0,0.2026,0.2026,0.2026,10000101,2015-06-24,2015-06-24,C,2.8,2015-03-24
8742,2015-04-08 11:13:00,2015-04-08,0.2026,0.0,0.0,271.0,0.2026,0.2026,0.2026,10000101,2015-06-24,2015-06-24,C,2.8,2015-03-24
8743,2015-04-08 11:14:00,2015-04-08,0.2026,0.0,0.0,271.0,0.2026,0.2026,0.2026,10000101,2015-06-24,2015-06-24,C,2.8,2015-03-24
8744,2015-04-08 11:15:00,2015-04-08,0.2026,0.0,0.0,271.0,0.2026,0.2026,0.2026,10000101,2015-06-24,2015-06-24,C,2.8,2015-03-24
8745,2015-04-08 11:16:00,2015-04-08,0.2026,0.0,0.0,271.0,0.2026,0.2026,0.2026,10000101,2015-06-24,2015-06-24,C,2.8,2015-03-24
8746,2015-04-08 11:17:00,2015-04-08,0.2026,0.0,0.0,271.0,0.2026,0.2026,0.2026,10000101,2015-06-24,2015-06-24,C,2.8,2015-03-24
8747,2015-04-08 11:18:00,2015-04-08,0.2026,0.0,0.0,271.0,0.2026,0.2026,0.2026,10000101,2015-06-24,2015-06-24,C,2.8,2015-03-24
8748,2015-04-08 11:19:00,2015-04-08,0.2026,0.0,0.0,271.0,0.2026,0.2026,0.2026,10000101,2015-06-24,2015-06-24,C,2.8,2015-03-24
8749,2015-04-08 11:20:00,2015-04-08,0.2026,0.0,0.0,271.0,0.2026,0.2026,0.2026,10000101,2015-06-24,2015-06-24,C,2.8,2015-03-24
8750,2015-04-08 11:21:00,2015-04-08,0.2026,0.0,0.0,271.0,0.2026,0.2026,0.2026,10000101,2015-06-24,2015-06-24,C,2.8,2015-03-24
8751,2015-04-08 11:22:00,2015-04-08,0.2026,0.0,0.0,271.0,0.2026,0.2026,0.2026,10000101,2015-06-24,2015-06-24,C,2.8,2015-03-24
8752,2015-04-08 11:23:00,2015-04-08,0.2026,0.0,0.0,271.0,0.2026,0.2026,0.2026,10000101,2015-06-24,2015-06-24,C,2.8,2015-03-24
8753,2015-04-08 11:24:00,2015-04-08,0.2026,0.0,0.0,271.0,0.2026,0.2026,0.2026,10000101,2015-06-24,2015-06-24,C,2.8,2015-03-24
8754,2015-04-08 11:25:00,2015-04-08,0.2026,0.0,0.0,271.0,0.2026,0.2026,0.2026,10000101,2015-06-24,2015-06-24,C,2.8,2015-03-24
8755,2015-04-08 11:26:00,2015-04-08,0.2026,0.0,0.0,271.0,0.2026,0.2026,0.2026,10000101,2015-06-24,2015-06-24,C,2.8,2015-03-24
8756,2015-04-08 11:27:00,2015-04-08,0.2026,0.0,0.0,271.0,0.2026,0.2026,0.2026,10000101,2015-06-24,2015-06-24,C,2.8,2015-03-24
8757,2015-04-08 11:28:00,2015-04-08,0.2026,0.0,0.0,271.0,0.2026,0.2026,0.2026,10000101,2015-06-24,2015-06-24,C,2.8,2015-03-24
8758,2015-04-08 11:29:00,2015-04-08,0.2026,0.0,0.0,271.0,0.2026,0.2026,0.2026,10000101,2015-06-24,2015-06-24,C,2.8,2015-03-24
8759,2015-04-08 11:30:00,2015-04-08,0.2187,10935.0,5.0,276.0,0.2187,0.2187,0.2187,10000101,2015-06-24,2015-06-24,C,2.8,2015-03-24
8760,2015-04-08 13:01:00,2015-04-08,0.2187,0.0,0.0,276.0,0.2187,0.2187,0.2187,10000101,2015-06-24,2015-06-24,C,2.8,2015-03-24
8761,2015-04-08 13:02:00,2015-04-08,0.2187,0.0,0.0,276.0,0.2187,0.2187,0.2187,10000101,2015-06-24,2015-06-24,C,2.8,2015-03-24
8762,2015-04-08 13:03:00,2015-04-08,0.2187,0.0,0.0,276.0,0.2187,0.2187,0.2187,10000101,2015-06-24,2015-06-24,C,2.8,2015-03-24
8763,2015-04-08 13:04:00,2015-04-08,0.2187,0.0,0.0,276.0,0.2187,0.2187,0.2187,10000101,2015-06-24,2015-06-24,C,2.8,2015-03-24
8764,2015-04-08 13:05:00,2015-04-08,0.2187,0.0,0.0,276.0,0.2187,0.2187,0.2187,10000101,2015-06-24,2015-06-24,C,2.8,2015-03-24
8765,2015-04-08 13:06:00,2015-04-08,0.2187,0.0,0.0,276.0,0.2187,0.2187,0.2187,10000101,2015-06-24,2015-06-24,C,2.8,2015-03-24
8766,2015-04-08 13:07:00,2015-04-08,0.2214,15498.0,7.0,276.0,0.2214,0.2214,0.2214,10000101,2015-06-24,2015-06-24,C,2.8,2015-03-24
8767,2015-04-08 13:08:00,2015-04-08,0.2214,0.0,0.0,276.0,0.2214,0.2214,0.2214,10000101,2015-06-24,2015-06-24,C,2.8,2015-03-24
8768,2015-04-08 13:09:00,2015-04-08,0.2214,0.0,0.0,276.0,0.2214,0.2214,0.2214,10000101,2015-06-24,2015-06-24,C,2.8,2015-03-24
8769,2015-04-08 13:10:00,2015-04-08,0.2214,0.0,0.0,276.0,0.2214,0.2214,0.2214,10000101,2015-06-24,2015-06-24,C,2.8,2015-03-24
8770,2015-04-08 13:11:00,2015-04-08,0.2214,0.0,0.0,276.0,0.2214,0.2214,0.2214,10000101,2015-06-24,2015-06-24,C,2.8,2015-03-24
8771,2015-04-08 13:12:00,2015-04-08,0.2214,0.0,0.0,276.0,0.2214,0.2214,0.2214,10000101,2015-06-24,2015-06-24,C,2.8,2015-03-24
8772,2015-04-08 13:13:00,2015-04-08,0.2214,0.0,0.0,276.0,0.2214,0.2214,0.2214,10000101,2015-06-24,2015-06-24,C,2.8,2015-03-24
8773,2015-04-08 13:14:00,2015-04-08,0.2214,0.0,0.0,276.0,0.2214,0.2214,0.2214,10000101,2015-06-24,2015-06-24,C,2.8,2015-03-24
8774,2015-04-08 13:15:00,2015-04-08,0.2214,0.0,0.0,276.0,0.2214,0.2214,0.2214,10000101,2015-06-24,2015-06-24,C,2.8,2015-03-24
8775,2015-04-08 13:16:00,2015-04-08,0.2214,0.0,0.0,276.0,0.2214,0.2214,0.2214,10000101,2015-06-24,2015-06-24,C,2.8,2015-03-24
8776,2015-04-08 13:17:00,2015-04-08,0.2214,0.0,0.0,276.0,0.2214,0.2214,0.2214,10000101,2015-06-24,2015-06-24,C,2.8,2015-03-24
8777,2015-04-08 13:18:00,2015-04-08,0.2214,0.0,0.0,276.0,0.2214,0.2214,0.2214,10000101,2015-06-24,2015-06-24,C,2.8,2015-03-24
8778,2015-04-08 13:19:00,2015-04-08,0.2214,0.0,0.0,276.0,0.2214,0.2214,0.2214,10000101,2015-06-24,2015-06-24,C,2.8,2015-03-24
8779,2015-04-08 13:20:00,2015-04-08,0.2214,0.0,0.0,276.0,0.2214,0.2214,0.2214,10000101,2015-06-24,2015-06-24,C,2.8,2015-03-24
8780,2015-04-08 13:21:00,2015-04-08,0.2214,0.0,0.0,276.0,0.2214,0.2214,0.2214,10000101,2015-06-24,2015-06-24,C,2.8,2015-03-24
8781,2015-04-08 13:22:00,2015-04-08,0.2214,0.0,0.0,276.0,0.2214,0.2214,0.2214,10000101,2015-06-24,2015-06-24,C,2.8,2015-03-24
8782,2015-04-08 13:23:00,2015-04-08,0.2214,0.0,0.0,276.0,0.2214,0.2214,0.2214,10000101,2015-06-24,2015-06-24,C,2.8,2015-03-24
8783,2015-04-08 13:24:00,2015-04-08,0.2214,0.0,0.0,276.0,0.2214,0.2214,0.2214,10000101,2015-06-24,2015-06-24,C,2.8,2015-03-24
8784,2015-04-08 13:25:00,2015-04-08,0.2214,0.0,0.0,276.0,0.2214,0.2214,0.2214,10000101,2015-06-24,2015-06-24,C,2.8,2015-03-24
8785,2015-04-08 13:26:00,2015-04-08,0.2214,0.0,0.0,276.0,0.2214,0.2214,0.2214,10000101,2015-06-24,2015-06-24,C,2.8,2015-03-24
8786,2015-04-08 13:27:00,2015-04-08,0.2299,11495.0,5.0,276.0,0.2299,0.2299,0.2299,10000101,2015-06-24,2015-06-24,C,2.8,2015-03-24
8787,2015-04-08 13:28:00,2015-04-08,0.2299,0.0,0.0,276.0,0.2299,0.2299,0.2299,10000101,2015-06-24,2015-06-24,C,2.8,2015-03-24
8788,2015-04-08 13:29:00,2015-04-08,0.2299,0.0,0.0,276.0,0.2299,0.2299,0.2299,10000101,2015-06-24,2015-06-24,C,2.8,2015-03-24
8789,2015-04-08 13:30:00,2015-04-08,0.2299,0.0,0.0,276.0,0.2299,0.2299,0.2299,10000101,2015-06-24,2015-06-24,C,2.8,2015-03-24
8790,2015-04-08 13:31:00,2015-04-08,0.2299,0.0,0.0,276.0,0.2299,0.2299,0.2299,10000101,2015-06-24,2015-06-24,C,2.8,2015-03-24
8791,2015-04-08 13:32:00,2015-04-08,0.2299,0.0,0.0,276.0,0.2299,0.2299,0.2299,10000101,2015-06-24,2015-06-24,C,2.8,2015-03-24
8792,2015-04-08 13:33:00,2015-04-08,0.2299,0.0,0.0,276.0,0.2299,0.2299,0.2299,10000101,2015-06-24,2015-06-24,C,2.8,2015-03-24
8793,2015-04-08 13:34:00,2015-04-08,0.2299,0.0,0.0,276.0,0.2299,0.2299,0.2299,10000101,2015-06-24,2015-06-24,C,2.8,2015-03-24
8794,2015-04-08 13:35:00,2015-04-08,0.2299,0.0,0.0,276.0,0.2299,0.2299,0.2299,10000101,2015-06-24,2015-06-24,C,2.8,2015-03-24
8795,2015-04-08 13:36:00,2015-04-08,0.2299,0.0,0.0,276.0,0.2299,0.2299,0.2299,10000101,2015-06-24,2015-06-24,C,2.8,2015-03-24
8796,2015-04-08 13:37:00,2015-04-08,0.2508,5016.0,2.0,276.0,0.2508,0.2508,0.2508,10000101,2015-06-24,2015-06-24,C,2.8,2015-03-24
8797,2015-04-08 13:38:00,2015-04-08,0.2508,0.0,0.0,276.0,0.2508,0.2508,0.2508,10000101,2015-06-24,2015-06-24,C,2.8,2015-03-24
8798,2015-04-08 13:39:00,2015-04-08,0.2508,0.0,0.0,276.0,0.2508,0.2508,0.2508,10000101,2015-06-24,2015-06-24,C,2.8,2015-03-24
8799,2015-04-08 13:40:00,2015-04-08,0.2508,0.0,0.0,276.0,0.2508,0.2508,0.2508,10000101,2015-06-24,2015-06-24,C,2.8,2015-03-24
8800,2015-04-08 13:41:00,2015-04-08,0.2508,0.0,0.0,276.0,0.2508,0.2508,0.2508,10000101,2015-06-24,2015-06-24,C,2.8,2015-03-24
8801,2015-04-08 13:42:00,2015-04-08,0.2508,0.0,0.0,276.0,0.2508,0.2508,0.2508,10000101,2015-06-24,2015-06-24,C,2.8,2015-03-24
8802,2015-04-08 13:43:00,2015-04-08,0.2508,0.0,0.0,276.0,0.2508,0.2508,0.2508,10000101,2015-06-24,2015-06-24,C,2.8,2015-03-24
8803,2015-04-08 13:44:00,2015-04-08,0.2508,0.0,0.0,276.0,0.2508,0.2508,0.2508,10000101,2015-06-24,2015-06-24,C,2.8,2015-03-24
8804,2015-04-08 13:45:00,2015-04-08,0.2508,0.0,0.0,276.0,0.2508,0.2508,0.2508,10000101,2015-06-24,2015-06-24,C,2.8,2015-03-24
8805,2015-04-08 13:46:00,2015-04-08,0.2508,0.0,0.0,276.0,0.2508,0.2508,0.2508,10000101,2015-06-24,2015-06-24,C,2.8,2015-03-24
8806,2015-04-08 13:47:00,2015-04-08,0.2508,0.0,0.0,276.0,0.2508,0.2508,0.2508,10000101,2015-06-24,2015-06-24,C,2.8,2015-03-24
8807,2015-04-08 13:48:00,2015-04-08,0.2508,0.0,0.0,276.0,0.2508,0.2508,0.2508,10000101,2015-06-24,2015-06-24,C,2.8,2015-03-24
8808,2015-04-08 13:49:00,2015-04-08,0.2508,0.0,0.0,276.0,0.2508,0.2508,0.2508,10000101,2015-06-24,2015-06-24,C,2.8,2015-03-24
8809,2015-04-08 13:50:00,2015-04-08,0.2508,0.0,0.0,276.0,0.2508,0.2508,0.2508,10000101,2015-06-24,2015-06-24,C,2.8,2015-03-24
8810,2015-04-08 13:51:00,2015-04-08,0.2508,0.0,0.0,276.0,0.2508,0.2508,0.2508,10000101,2015-06-24,2015-06-24,C,2.8,2015-03-24
8811,2015-04-08 13:52:00,2015-04-08,0.2508,0.0,0.0,276.0,0.2508,0.2508,0.2508,10000101,2015-06-24,2015-06-24,C,2.8,2015-03-24
8812,2015-04-08 13:53:00,2015-04-08,0.2508,0.0,0.0,276.0,0.2508,0.2508,0.2508,10000101,2015-06-24,2015-06-24,C,2.8,2015-03-24
8813,2015-04-08 13:54:00,2015-04-08,0.2306,23069.0,10.0,275.0,0.2306,0.2306,0.2306,10000101,2015-06-24,2015-06-24,C,2.8,2015-03-24
8814,2015-04-08 13:55:00,2015-04-08,0.2306,0.0,0.0,275.0,0.2306,0.2306,0.2306,10000101,2015-06-24,2015-06-24,C,2.8,2015-03-24
8815,2015-04-08 13:56:00,2015-04-08,0.2306,0.0,0.0,275.0,0.2306,0.2306,0.2306,10000101,2015-06-24,2015-06-24,C,2.8,2015-03-24
8816,2015-04-08 13:57:00,2015-04-08,0.2306,0.0,0.0,275.0,0.2306,0.2306,0.2306,10000101,2015-06-24,2015-06-24,C,2.8,2015-03-24
8817,2015-04-08 13:58:00,2015-04-08,0.2306,0.0,0.0,275.0,0.2306,0.2306,0.2306,10000101,2015-06-24,2015-06-24,C,2.8,2015-03-24
8818,2015-04-08 13:59:00,2015-04-08,0.2306,0.0,0.0,275.0,0.2306,0.2306,0.2306,10000101,2015-06-24,2015-06-24,C,2.8,2015-03-24
8819,2015-04-08 14:00:00,2015-04-08,0.2306,0.0,0.0,275.0,0.2306,0.2306,0.2306,10000101,2015-06-24,2015-06-24,C,2.8,2015-03-24
8820,2015-04-08 14:01:00,2015-04-08,0.2306,0.0,0.0,275.0,0.2306,0.2306,0.2306,10000101,2015-06-24,2015-06-24,C,2.8,2015-03-24
8821,2015-04-08 14:02:00,2015-04-08,0.2306,0.0,0.0,275.0,0.2306,0.2306,0.2306,10000101,2015-06-24,2015-06-24,C,2.8,2015-03-24
8822,2015-04-08 14:03:00,2015-04-08,0.2306,0.0,0.0,275.0,0.2306,0.2306,0.2306,10000101,2015-06-24,2015-06-24,C,2.8,2015-03-24
8823,2015-04-08 14:04:00,2015-04-08,0.2306,0.0,0.0,275.0,0.2306,0.2306,0.2306,10000101,2015-06-24,2015-06-24,C,2.8,2015-03-24
8824,2015-04-08 14:05:00,2015-04-08,0.2306,0.0,0.0,275.0,0.2306,0.2306,0.2306,10000101,2015-06-24,2015-06-24,C,2.8,2015-03-24
8825,2015-04-08 14:06:00,2015-04-08,0.2306,0.0,0.0,275.0,0.2306,0.2306,0.2306,10000101,2015-06-24,2015-06-24,C,2.8,2015-03-24
8826,2015-04-08 14:07:00,2015-04-08,0.2306,0.0,0.0,275.0,0.2306,0.2306,0.2306,10000101,2015-06-24,2015-06-24,C,2.8,2015-03-24
8827,2015-04-08 14:08:00,2015-04-08,0.2306,0.0,0.0,275.0,0.2306,0.2306,0.2306,10000101,2015-06-24,2015-06-24,C,2.8,2015-03-24
8828,2015-04-08 14:09:00,2015-04-08,0.2306,0.0,0.0,275.0,0.2306,0.2306,0.2306,10000101,2015-06-24,2015-06-24,C,2.8,2015-03-24
8829,2015-04-08 14:10:00,2015-04-08,0.2306,0.0,0.0,275.0,0.2306,0.2306,0.2306,10000101,2015-06-24,2015-06-24,C,2.8,2015-03-24
8830,2015-04-08 14:11:00,2015-04-08,0.2306,0.0,0.0,275.0,0.2306,0.2306,0.2306,10000101,2015-06-24,2015-06-24,C,2.8,2015-03-24
8831,2015-04-08 14:12:00,2015-04-08,0.2306,0.0,0.0,275.0,0.2306,0.2306,0.2306,10000101,2015-06-24,2015-06-24,C,2.8,2015-03-24
8832,2015-04-08 14:13:00,2015-04-08,0.2306,0.0,0.0,275.0,0.2306,0.2306,0.2306,10000101,2015-06-24,2015-06-24,C,2.8,2015-03-24
8833,2015-04-08 14:14:00,2015-04-08,0.2306,0.0,0.0,275.0,0.2306,0.2306,0.2306,10000101,2015-06-24,2015-06-24,C,2.8,2015-03-24
8834,2015-04-08 14:15:00,2015-04-08,0.2306,0.0,0.0,275.0,0.2306,0.2306,0.2306,10000101,2015-06-24,2015-06-24,C,2.8,2015-03-24
8835,2015-04-08 14:16:00,2015-04-08,0.2306,0.0,0.0,275.0,0.2306,0.2306,0.2306,10000101,2015-06-24,2015-06-24,C,2.8,2015-03-24
8836,2015-04-08 14:17:00,2015-04-08,0.2306,0.0,0.0,275.0,0.2306,0.2306,0.2306,10000101,2015-06-24,2015-06-24,C,2.8,2015-03-24
8837,2015-04-08 14:18:00,2015-04-08,0.2306,0.0,0.0,275.0,0.2306,0.2306,0.2306,10000101,2015-06-24,2015-06-24,C,2.8,2015-03-24
8838,2015-04-08 14:19:00,2015-04-08,0.2306,0.0,0.0,275.0,0.2306,0.2306,0.2306,10000101,2015-06-24,2015-06-24,C,2.8,2015-03-24
8839,2015-04-08 14:20:00,2015-04-08,0.2306,0.0,0.0,275.0,0.2306,0.2306,0.2306,10000101,2015-06-24,2015-06-24,C,2.8,2015-03-24
8840,2015-04-08 14:21:00,2015-04-08,0.2306,0.0,0.0,275.0,0.2306,0.2306,0.2306,10000101,2015-06-24,2015-06-24,C,2.8,2015-03-24
8841,2015-04-08 14:22:00,2015-04-08,0.2306,0.0,0.0,275.0,0.2306,0.2306,0.2306,10000101,2015-06-24,2015-06-24,C,2.8,2015-03-24
8842,2015-04-08 14:23:00,2015-04-08,0.2306,0.0,0.0,275.0,0.2306,0.2306,0.2306,10000101,2015-06-24,2015-06-24,C,2.8,2015-03-24
8843,2015-04-08 14:24:00,2015-04-08,0.2306,0.0,0.0,275.0,0.2306,0.2306,0.2306,10000101,2015-06-24,2015-06-24,C,2.8,2015-03-24
8844,2015-04-08 14:25:00,2015-04-08,0.2306,0.0,0.0,275.0,0.2306,0.2306,0.2306,10000101,2015-06-24,2015-06-24,C,2.8,2015-03-24
8845,2015-04-08 14:26:00,2015-04-08,0.2306,0.0,0.0,275.0,0.2306,0.2306,0.2306,10000101,2015-06-24,2015-06-24,C,2.8,2015-03-24
8846,2015-04-08 14:27:00,2015-04-08,0.2306,0.0,0.0,275.0,0.2306,0.2306,0.2306,10000101,2015-06-24,2015-06-24,C,2.8,2015-03-24
8847,2015-04-08 14:28:00,2015-04-08,0.2306,0.0,0.0,275.0,0.2306,0.2306,0.2306,10000101,2015-06-24,2015-06-24,C,2.8,2015-03-24
8848,2015-04-08 14:29:00,2015-04-08,0.2306,0.0,0.0,275.0,0.2306,0.2306,0.2306,10000101,2015-06-24,2015-06-24,C,2.8,2015-03-24
8849,2015-04-08 14:30:00,2015-04-08,0.2306,0.0,0.0,275.0,0.2306,0.2306,0.2306,10000101,2015-06-24,2015-06-24,C,2.8,2015-03-24
8850,2015-04-08 14:31:00,2015-04-08,0.2306,0.0,0.0,275.0,0.2306,0.2306,0.2306,10000101,2015-06-24,2015-06-24,C,2.8,2015-03-24
8851,2015-04-08 14:32:00,2015-04-08,0.2306,0.0,0.0,275.0,0.2306,0.2306,0.2306,10000101,2015-06-24,2015-06-24,C,2.8,2015-03-24
8852,2015-04-08 14:33:00,2015-04-08,0.2306,0.0,0.0,275.0,0.2306,0.2306,0.2306,10000101,2015-06-24,2015-06-24,C,2.8,2015-03-24
8853,2015-04-08 14:34:00,2015-04-08,0.2306,0.0,0.0,275.0,0.2306,0.2306,0.2306,10000101,2015-06-24,2015-06-24,C,2.8,2015-03-24
8854,2015-04-08 14:35:00,2015-04-08,0.2306,0.0,0.0,275.0,0.2306,0.2306,0.2306,10000101,2015-06-24,2015-06-24,C,2.8,2015-03-24
8855,2015-04-08 14:36:00,2015-04-08,0.2306,0.0,0.0,275.0,0.2306,0.2306,0.2306,10000101,2015-06-24,2015-06-24,C,2.8,2015-03-24
8856,2015-04-08 14:37:00,2015-04-08,0.2306,0.0,0.0,275.0,0.2306,0.2306,0.2306,10000101,2015-06-24,2015-06-24,C,2.8,2015-03-24
8857,2015-04-08 14:38:00,2015-04-08,0.2306,0.0,0.0,275.0,0.2306,0.2306,0.2306,10000101,2015-06-24,2015-06-24,C,2.8,2015-03-24
8858,2015-04-08 14:39:00,2015-04-08,0.2306,0.0,0.0,275.0,0.2306,0.2306,0.2306,10000101,2015-06-24,2015-06-24,C,2.8,2015-03-24
8859,2015-04-08 14:40:00,2015-04-08,0.2306,0.0,0.0,275.0,0.2306,0.2306,0.2306,10000101,2015-06-24,2015-06-24,C,2.8,2015-03-24
8860,2015-04-08 14:41:00,2015-04-08,0.2306,0.0,0.0,275.0,0.2306,0.2306,0.2306,10000101,2015-06-24,2015-06-24,C,2.8,2015-03-24
8861,2015-04-08 14:42:00,2015-04-08,0.2306,0.0,0.0,275.0,0.2306,0.2306,0.2306,10000101,2015-06-24,2015-06-24,C,2.8,2015-03-24
8862,2015-04-08 14:43:00,2015-04-08,0.2306,0.0,0.0,275.0,0.2306,0.2306,0.2306,10000101,2015-06-24,2015-06-24,C,2.8,2015-03-24
8863,2015-04-08 14:44:00,2015-04-08,0.2306,0.0,0.0,275.0,0.2306,0.2306,0.2306,10000101,2015-06-24,2015-06-24,C,2.8,2015-03-24
8864,2015-04-08 14:45:00,2015-04-08,0.2306,0.0,0.0,275.0,0.2306,0.2306,0.2306,10000101,2015-06-24,2015-06-24,C,2.8,2015-03-24
8865,2015-04-08 14:46:00,2015-04-08,0.2306,0.0,0.0,275.0,0.2306,0.2306,0.2306,10000101,2015-06-24,2015-06-24,C,2.8,2015-03-24
8866,2015-04-08 14:47:00,2015-04-08,0.2306,0.0,0.0,275.0,0.2306,0.2306,0.2306,10000101,2015-06-24,2015-06-24,C,2.8,2015-03-24
8867,2015-04-08 14:48:00,2015-04-08,0.2306,0.0,0.0,275.0,0.2306,0.2306,0.2306,10000101,2015-06-24,2015-06-24,C,2.8,2015-03-24
8868,2015-04-08 14:49:00,2015-04-08,0.2306,0.0,0.0,275.0,0.2306,0.2306,0.2306,10000101,2015-06-24,2015-06-24,C,2.8,2015-03-24
8869,2015-04-08 14:50:00,2015-04-08,0.2306,0.0,0.0,275.0,0.2306,0.2306,0.2306,10000101,2015-06-24,2015-06-24,C,2.8,2015-03-24
8870,2015-04-08 14:51:00,2015-04-08,0.2306,0.0,0.0,275.0,0.2306,0.2306,0.2306,10000101,2015-06-24,2015-06-24,C,2.8,2015-03-24
8871,2015-04-08 14:52:00,2015-04-08,0.2306,0.0,0.0,275.0,0.2306,0.2306,0.2306,10000101,2015-06-24,2015-06-24,C,2.8,2015-03-24
8872,2015-04-08 14:53:00,2015-04-08,0.2306,0.0,0.0,275.0,0.2306,0.2306,0.2306,10000101,2015-06-24,2015-06-24,C,2.8,2015-03-24
8873,2015-04-08 14:54:00,2015-04-08,0.2306,0.0,0.0,275.0,0.2306,0.2306,0.2306,10000101,2015-06-24,2015-06-24,C,2.8,2015-03-24
8874,2015-04-08 14:55:00,2015-04-08,0.2306,0.0,0.0,275.0,0.2306,0.2306,0.2306,10000101,2015-06-24,2015-06-24,C,2.8,2015-03-24
8875,2015-04-08 14:56:00,2015-04-08,0.2306,0.0,0.0,275.0,0.2306,0.2306,0.2306,10000101,2015-06-24,2015-06-24,C,2.8,2015-03-24
8876,2015-04-08 14:57:00,2015-04-08,0.2306,0.0,0.0,275.0,0.2306,0.2306,0.2306,10000101,2015-06-24,2015-06-24,C,2.8,2015-03-24
8877,2015-04-08 14:58:00,2015-04-08,0.2306,0.0,0.0,275.0,0.2306,0.2306,0.2306,10000101,2015-06-24,2015-06-24,C,2.8,2015-03-24
8878,2015-04-08 14:59:00,2015-04-08,0.2306,0.0,0.0,275.0,0.2306,0.2306,0.2306,10000101,2015-06-24,2015-06-24,C,2.8,2015-03-24
8879,2015-04-08 15:00:00,2015-04-08,0.2306,0.0,0.0,275.0,0.2306,0.2306,0.2306,10000101,2015-06-24,2015-06-24,C,2.8,2015-03-24
8880,2015-04-08 09:31:00,2015-04-08,0.2003,10015.0,5.0,5.0,0.2003,0.2003,0.2003,10000134,2015-05-27,2015-05-27,P,2.95,2015-04-08
8881,2015-04-08 09:32:00,2015-04-08,0.2003,0.0,0.0,5.0,0.2003,0.2003,0.2003,10000134,2015-05-27,2015-05-27,P,2.95,2015-04-08
8882,2015-04-08 09:33:00,2015-04-08,0.2003,0.0,0.0,5.0,0.2003,0.2003,0.2003,10000134,2015-05-27,2015-05-27,P,2.95,2015-04-08
8883,2015-04-08 09:34:00,2015-04-08,0.2003,0.0,0.0,5.0,0.2003,0.2003,0.2003,10000134,2015-05-27,2015-05-27,P,2.95,2015-04-08
8884,2015-04-08 09:35:00,2015-04-08,0.2003,0.0,0.0,5.0,0.2003,0.2003,0.2003,10000134,2015-05-27,2015-05-27,P,2.95,2015-04-08
8885,2015-04-08 09:36:00,2015-04-08,0.2028,20240.0,10.0,10.0,0.202,0.202,0.202,10000134,2015-05-27,2015-05-27,P,2.95,2015-04-08
8886,2015-04-08 09:37:00,2015-04-08,0.2035,20350.0,10.0,20.0,0.2035,0.2035,0.2035,10000134,2015-05-27,2015-05-27,P,2.95,2015-04-08
8887,2015-04-08 09:38:00,2015-04-08,0.2124,53085.0,25.0,25.0,0.2123,0.2124,0.2123,10000134,2015-05-27,2015-05-27,P,2.95,2015-04-08
8888,2015-04-08 09:39:00,2015-04-08,0.2124,0.0,0.0,25.0,0.2124,0.2124,0.2124,10000134,2015-05-27,2015-05-27,P,2.95,2015-04-08
8889,2015-04-08 09:40:00,2015-04-08,0.2124,0.0,0.0,25.0,0.2124,0.2124,0.2124,10000134,2015-05-27,2015-05-27,P,2.95,2015-04-08
8890,2015-04-08 09:41:00,2015-04-08,0.2124,0.0,0.0,25.0,0.2124,0.2124,0.2124,10000134,2015-05-27,2015-05-27,P,2.95,2015-04-08
8891,2015-04-08 09:42:00,2015-04-08,0.21,12540.0,6.0,31.0,0.21,0.2088,0.2088,10000134,2015-05-27,2015-05-27,P,2.95,2015-04-08
8892,2015-04-08 09:43:00,2015-04-08,0.206,45230.0,22.0,53.0,0.206,0.2053,0.2053,10000134,2015-05-27,2015-05-27,P,2.95,2015-04-08
8893,2015-04-08 09:44:00,2015-04-08,0.2053,0.0,0.0,53.0,0.2053,0.2053,0.2053,10000134,2015-05-27,2015-05-27,P,2.95,2015-04-08
8894,2015-04-08 09:45:00,2015-04-08,0.2053,0.0,0.0,53.0,0.2053,0.2053,0.2053,10000134,2015-05-27,2015-05-27,P,2.95,2015-04-08
8895,2015-04-08 09:46:00,2015-04-08,0.2053,0.0,0.0,53.0,0.2053,0.2053,0.2053,10000134,2015-05-27,2015-05-27,P,2.95,2015-04-08
8896,2015-04-08 09:47:00,2015-04-08,0.2053,0.0,0.0,53.0,0.2053,0.2053,0.2053,10000134,2015-05-27,2015-05-27,P,2.95,2015-04-08
8897,2015-04-08 09:48:00,2015-04-08,0.2053,0.0,0.0,53.0,0.2053,0.2053,0.2053,10000134,2015-05-27,2015-05-27,P,2.95,2015-04-08
8898,2015-04-08 09:49:00,2015-04-08,0.2053,0.0,0.0,53.0,0.2053,0.2053,0.2053,10000134,2015-05-27,2015-05-27,P,2.95,2015-04-08
8899,2015-04-08 09:50:00,2015-04-08,0.2053,0.0,0.0,53.0,0.2053,0.2053,0.2053,10000134,2015-05-27,2015-05-27,P,2.95,2015-04-08
8900,2015-04-08 09:51:00,2015-04-08,0.2053,0.0,0.0,53.0,0.2053,0.2053,0.2053,10000134,2015-05-27,2015-05-27,P,2.95,2015-04-08
8901,2015-04-08 09:52:00,2015-04-08,0.2053,0.0,0.0,53.0,0.2053,0.2053,0.2053,10000134,2015-05-27,2015-05-27,P,2.95,2015-04-08
8902,2015-04-08 09:53:00,2015-04-08,0.2053,0.0,0.0,53.0,0.2053,0.2053,0.2053,10000134,2015-05-27,2015-05-27,P,2.95,2015-04-08
8903,2015-04-08 09:54:00,2015-04-08,0.2053,0.0,0.0,53.0,0.2053,0.2053,0.2053,10000134,2015-05-27,2015-05-27,P,2.95,2015-04-08
8904,2015-04-08 09:55:00,2015-04-08,0.2053,0.0,0.0,53.0,0.2053,0.2053,0.2053,10000134,2015-05-27,2015-05-27,P,2.95,2015-04-08
8905,2015-04-08 09:56:00,2015-04-08,0.2053,0.0,0.0,53.0,0.2053,0.2053,0.2053,10000134,2015-05-27,2015-05-27,P,2.95,2015-04-08
8906,2015-04-08 09:57:00,2015-04-08,0.2053,0.0,0.0,53.0,0.2053,0.2053,0.2053,10000134,2015-05-27,2015-05-27,P,2.95,2015-04-08
8907,2015-04-08 09:58:00,2015-04-08,0.2053,0.0,0.0,53.0,0.2053,0.2053,0.2053,10000134,2015-05-27,2015-05-27,P,2.95,2015-04-08
8908,2015-04-08 09:59:00,2015-04-08,0.1813,1813.0,1.0,53.0,0.1813,0.1813,0.1813,10000134,2015-05-27,2015-05-27,P,2.95,2015-04-08
8909,2015-04-08 10:00:00,2015-04-08,0.1813,0.0,0.0,53.0,0.1813,0.1813,0.1813,10000134,2015-05-27,2015-05-27,P,2.95,2015-04-08
8910,2015-04-08 10:01:00,2015-04-08,0.1845,1845.0,1.0,54.0,0.1845,0.1845,0.1845,10000134,2015-05-27,2015-05-27,P,2.95,2015-04-08
8911,2015-04-08 10:02:00,2015-04-08,0.1845,0.0,0.0,54.0,0.1845,0.1845,0.1845,10000134,2015-05-27,2015-05-27,P,2.95,2015-04-08
8912,2015-04-08 10:03:00,2015-04-08,0.1845,0.0,0.0,54.0,0.1845,0.1845,0.1845,10000134,2015-05-27,2015-05-27,P,2.95,2015-04-08
8913,2015-04-08 10:04:00,2015-04-08,0.1906,18790.0,10.0,49.0,0.1906,0.1852,0.1852,10000134,2015-05-27,2015-05-27,P,2.95,2015-04-08
8914,2015-04-08 10:05:00,2015-04-08,0.1918,11508.0,6.0,50.0,0.1918,0.1918,0.1918,10000134,2015-05-27,2015-05-27,P,2.95,2015-04-08
8915,2015-04-08 10:06:00,2015-04-08,0.1918,0.0,0.0,50.0,0.1918,0.1918,0.1918,10000134,2015-05-27,2015-05-27,P,2.95,2015-04-08
8916,2015-04-08 10:07:00,2015-04-08,0.1918,0.0,0.0,50.0,0.1918,0.1918,0.1918,10000134,2015-05-27,2015-05-27,P,2.95,2015-04-08
8917,2015-04-08 10:08:00,2015-04-08,0.1979,21708.0,11.0,60.0,0.1918,0.1979,0.1918,10000134,2015-05-27,2015-05-27,P,2.95,2015-04-08
8918,2015-04-08 10:09:00,2015-04-08,0.1979,0.0,0.0,60.0,0.1979,0.1979,0.1979,10000134,2015-05-27,2015-05-27,P,2.95,2015-04-08
8919,2015-04-08 10:10:00,2015-04-08,0.1983,1983.0,1.0,61.0,0.1983,0.1983,0.1983,10000134,2015-05-27,2015-05-27,P,2.95,2015-04-08
8920,2015-04-08 10:11:00,2015-04-08,0.1983,0.0,0.0,61.0,0.1983,0.1983,0.1983,10000134,2015-05-27,2015-05-27,P,2.95,2015-04-08
8921,2015-04-08 10:12:00,2015-04-08,0.1983,0.0,0.0,61.0,0.1983,0.1983,0.1983,10000134,2015-05-27,2015-05-27,P,2.95,2015-04-08
8922,2015-04-08 10:13:00,2015-04-08,0.1983,0.0,0.0,61.0,0.1983,0.1983,0.1983,10000134,2015-05-27,2015-05-27,P,2.95,2015-04-08
8923,2015-04-08 10:14:00,2015-04-08,0.1983,0.0,0.0,61.0,0.1983,0.1983,0.1983,10000134,2015-05-27,2015-05-27,P,2.95,2015-04-08
8924,2015-04-08 10:15:00,2015-04-08,0.1983,0.0,0.0,61.0,0.1983,0.1983,0.1983,10000134,2015-05-27,2015-05-27,P,2.95,2015-04-08
8925,2015-04-08 10:16:00,2015-04-08,0.1983,0.0,0.0,61.0,0.1983,0.1983,0.1983,10000134,2015-05-27,2015-05-27,P,2.95,2015-04-08
8926,2015-04-08 10:17:00,2015-04-08,0.1983,0.0,0.0,61.0,0.1983,0.1983,0.1983,10000134,2015-05-27,2015-05-27,P,2.95,2015-04-08
8927,2015-04-08 10:18:00,2015-04-08,0.1983,0.0,0.0,61.0,0.1983,0.1983,0.1983,10000134,2015-05-27,2015-05-27,P,2.95,2015-04-08
8928,2015-04-08 10:19:00,2015-04-08,0.1983,0.0,0.0,61.0,0.1983,0.1983,0.1983,10000134,2015-05-27,2015-05-27,P,2.95,2015-04-08
8929,2015-04-08 10:20:00,2015-04-08,0.1983,0.0,0.0,61.0,0.1983,0.1983,0.1983,10000134,2015-05-27,2015-05-27,P,2.95,2015-04-08
8930,2015-04-08 10:21:00,2015-04-08,0.1983,0.0,0.0,61.0,0.1983,0.1983,0.1983,10000134,2015-05-27,2015-05-27,P,2.95,2015-04-08
8931,2015-04-08 10:22:00,2015-04-08,0.1983,0.0,0.0,61.0,0.1983,0.1983,0.1983,10000134,2015-05-27,2015-05-27,P,2.95,2015-04-08
8932,2015-04-08 10:23:00,2015-04-08,0.2046,20460.0,10.0,71.0,0.2046,0.2046,0.2046,10000134,2015-05-27,2015-05-27,P,2.95,2015-04-08
8933,2015-04-08 10:24:00,2015-04-08,0.2046,0.0,0.0,71.0,0.2046,0.2046,0.2046,10000134,2015-05-27,2015-05-27,P,2.95,2015-04-08
8934,2015-04-08 10:25:00,2015-04-08,0.2046,0.0,0.0,71.0,0.2046,0.2046,0.2046,10000134,2015-05-27,2015-05-27,P,2.95,2015-04-08
8935,2015-04-08 10:26:00,2015-04-08,0.2046,0.0,0.0,71.0,0.2046,0.2046,0.2046,10000134,2015-05-27,2015-05-27,P,2.95,2015-04-08
8936,2015-04-08 10:27:00,2015-04-08,0.2046,0.0,0.0,71.0,0.2046,0.2046,0.2046,10000134,2015-05-27,2015-05-27,P,2.95,2015-04-08
8937,2015-04-08 10:28:00,2015-04-08,0.2046,0.0,0.0,71.0,0.2046,0.2046,0.2046,10000134,2015-05-27,2015-05-27,P,2.95,2015-04-08
8938,2015-04-08 10:29:00,2015-04-08,0.2046,0.0,0.0,71.0,0.2046,0.2046,0.2046,10000134,2015-05-27,2015-05-27,P,2.95,2015-04-08
8939,2015-04-08 10:30:00,2015-04-08,0.2025,20250.0,10.0,81.0,0.2025,0.2025,0.2025,10000134,2015-05-27,2015-05-27,P,2.95,2015-04-08
8940,2015-04-08 10:31:00,2015-04-08,0.2025,0.0,0.0,81.0,0.2025,0.2025,0.2025,10000134,2015-05-27,2015-05-27,P,2.95,2015-04-08
8941,2015-04-08 10:32:00,2015-04-08,0.2025,0.0,0.0,81.0,0.2025,0.2025,0.2025,10000134,2015-05-27,2015-05-27,P,2.95,2015-04-08
8942,2015-04-08 10:33:00,2015-04-08,0.2025,0.0,0.0,81.0,0.2025,0.2025,0.2025,10000134,2015-05-27,2015-05-27,P,2.95,2015-04-08
8943,2015-04-08 10:34:00,2015-04-08,0.2025,0.0,0.0,81.0,0.2025,0.2025,0.2025,10000134,2015-05-27,2015-05-27,P,2.95,2015-04-08
8944,2015-04-08 10:35:00,2015-04-08,0.2025,0.0,0.0,81.0,0.2025,0.2025,0.2025,10000134,2015-05-27,2015-05-27,P,2.95,2015-04-08
8945,2015-04-08 10:36:00,2015-04-08,0.2025,0.0,0.0,81.0,0.2025,0.2025,0.2025,10000134,2015-05-27,2015-05-27,P,2.95,2015-04-08
8946,2015-04-08 10:37:00,2015-04-08,0.2025,0.0,0.0,81.0,0.2025,0.2025,0.2025,10000134,2015-05-27,2015-05-27,P,2.95,2015-04-08
8947,2015-04-08 10:38:00,2015-04-08,0.2025,0.0,0.0,81.0,0.2025,0.2025,0.2025,10000134,2015-05-27,2015-05-27,P,2.95,2015-04-08
8948,2015-04-08 10:39:00,2015-04-08,0.2025,0.0,0.0,81.0,0.2025,0.2025,0.2025,10000134,2015-05-27,2015-05-27,P,2.95,2015-04-08
8949,2015-04-08 10:40:00,2015-04-08,0.2025,0.0,0.0,81.0,0.2025,0.2025,0.2025,10000134,2015-05-27,2015-05-27,P,2.95,2015-04-08
8950,2015-04-08 10:41:00,2015-04-08,0.2025,0.0,0.0,81.0,0.2025,0.2025,0.2025,10000134,2015-05-27,2015-05-27,P,2.95,2015-04-08
8951,2015-04-08 10:42:00,2015-04-08,0.2025,0.0,0.0,81.0,0.2025,0.2025,0.2025,10000134,2015-05-27,2015-05-27,P,2.95,2015-04-08
8952,2015-04-08 10:43:00,2015-04-08,0.2025,0.0,0.0,81.0,0.2025,0.2025,0.2025,10000134,2015-05-27,2015-05-27,P,2.95,2015-04-08
8953,2015-04-08 10:44:00,2015-04-08,0.2025,0.0,0.0,81.0,0.2025,0.2025,0.2025,10000134,2015-05-27,2015-05-27,P,2.95,2015-04-08
8954,2015-04-08 10:45:00,2015-04-08,0.2025,0.0,0.0,81.0,0.2025,0.2025,0.2025,10000134,2015-05-27,2015-05-27,P,2.95,2015-04-08
8955,2015-04-08 10:46:00,2015-04-08,0.2025,0.0,0.0,81.0,0.2025,0.2025,0.2025,10000134,2015-05-27,2015-05-27,P,2.95,2015-04-08
8956,2015-04-08 10:47:00,2015-04-08,0.2025,0.0,0.0,81.0,0.2025,0.2025,0.2025,10000134,2015-05-27,2015-05-27,P,2.95,2015-04-08
8957,2015-04-08 10:48:00,2015-04-08,0.1938,9690.0,5.0,86.0,0.1938,0.1938,0.1938,10000134,2015-05-27,2015-05-27,P,2.95,2015-04-08
8958,2015-04-08 10:49:00,2015-04-08,0.1938,0.0,0.0,86.0,0.1938,0.1938,0.1938,10000134,2015-05-27,2015-05-27,P,2.95,2015-04-08
8959,2015-04-08 10:50:00,2015-04-08,0.1986,1986.0,1.0,86.0,0.1986,0.1986,0.1986,10000134,2015-05-27,2015-05-27,P,2.95,2015-04-08
8960,2015-04-08 10:51:00,2015-04-08,0.1993,9965.0,5.0,86.0,0.1993,0.1993,0.1993,10000134,2015-05-27,2015-05-27,P,2.95,2015-04-08
8961,2015-04-08 10:52:00,2015-04-08,0.1993,0.0,0.0,86.0,0.1993,0.1993,0.1993,10000134,2015-05-27,2015-05-27,P,2.95,2015-04-08
8962,2015-04-08 10:53:00,2015-04-08,0.2066,20660.0,10.0,96.0,0.2066,0.2066,0.2066,10000134,2015-05-27,2015-05-27,P,2.95,2015-04-08
8963,2015-04-08 10:54:00,2015-04-08,0.2072,2072.0,1.0,97.0,0.2072,0.2072,0.2072,10000134,2015-05-27,2015-05-27,P,2.95,2015-04-08
8964,2015-04-08 10:55:00,2015-04-08,0.2072,0.0,0.0,97.0,0.2072,0.2072,0.2072,10000134,2015-05-27,2015-05-27,P,2.95,2015-04-08
8965,2015-04-08 10:56:00,2015-04-08,0.2129,21290.0,10.0,107.0,0.2129,0.2129,0.2129,10000134,2015-05-27,2015-05-27,P,2.95,2015-04-08
8966,2015-04-08 10:57:00,2015-04-08,0.2129,0.0,0.0,107.0,0.2129,0.2129,0.2129,10000134,2015-05-27,2015-05-27,P,2.95,2015-04-08
8967,2015-04-08 10:58:00,2015-04-08,0.2129,0.0,0.0,107.0,0.2129,0.2129,0.2129,10000134,2015-05-27,2015-05-27,P,2.95,2015-04-08
8968,2015-04-08 10:59:00,2015-04-08,0.2129,0.0,0.0,107.0,0.2129,0.2129,0.2129,10000134,2015-05-27,2015-05-27,P,2.95,2015-04-08
8969,2015-04-08 11:00:00,2015-04-08,0.21,10500.0,5.0,112.0,0.21,0.21,0.21,10000134,2015-05-27,2015-05-27,P,2.95,2015-04-08
8970,2015-04-08 11:01:00,2015-04-08,0.21,0.0,0.0,112.0,0.21,0.21,0.21,10000134,2015-05-27,2015-05-27,P,2.95,2015-04-08
8971,2015-04-08 11:02:00,2015-04-08,0.21,0.0,0.0,112.0,0.21,0.21,0.21,10000134,2015-05-27,2015-05-27,P,2.95,2015-04-08
8972,2015-04-08 11:03:00,2015-04-08,0.21,0.0,0.0,112.0,0.21,0.21,0.21,10000134,2015-05-27,2015-05-27,P,2.95,2015-04-08
8973,2015-04-08 11:04:00,2015-04-08,0.21,0.0,0.0,112.0,0.21,0.21,0.21,10000134,2015-05-27,2015-05-27,P,2.95,2015-04-08
8974,2015-04-08 11:05:00,2015-04-08,0.21,0.0,0.0,112.0,0.21,0.21,0.21,10000134,2015-05-27,2015-05-27,P,2.95,2015-04-08
8975,2015-04-08 11:06:00,2015-04-08,0.21,0.0,0.0,112.0,0.21,0.21,0.21,10000134,2015-05-27,2015-05-27,P,2.95,2015-04-08
8976,2015-04-08 11:07:00,2015-04-08,0.21,0.0,0.0,112.0,0.21,0.21,0.21,10000134,2015-05-27,2015-05-27,P,2.95,2015-04-08
8977,2015-04-08 11:08:00,2015-04-08,0.21,0.0,0.0,112.0,0.21,0.21,0.21,10000134,2015-05-27,2015-05-27,P,2.95,2015-04-08
8978,2015-04-08 11:09:00,2015-04-08,0.21,0.0,0.0,112.0,0.21,0.21,0.21,10000134,2015-05-27,2015-05-27,P,2.95,2015-04-08
8979,2015-04-08 11:10:00,2015-04-08,0.21,0.0,0.0,112.0,0.21,0.21,0.21,10000134,2015-05-27,2015-05-27,P,2.95,2015-04-08
8980,2015-04-08 11:11:00,2015-04-08,0.21,0.0,0.0,112.0,0.21,0.21,0.21,10000134,2015-05-27,2015-05-27,P,2.95,2015-04-08
8981,2015-04-08 11:12:00,2015-04-08,0.21,0.0,0.0,112.0,0.21,0.21,0.21,10000134,2015-05-27,2015-05-27,P,2.95,2015-04-08
8982,2015-04-08 11:13:00,2015-04-08,0.21,0.0,0.0,112.0,0.21,0.21,0.21,10000134,2015-05-27,2015-05-27,P,2.95,2015-04-08
8983,2015-04-08 11:14:00,2015-04-08,0.21,0.0,0.0,112.0,0.21,0.21,0.21,10000134,2015-05-27,2015-05-27,P,2.95,2015-04-08
8984,2015-04-08 11:15:00,2015-04-08,0.21,0.0,0.0,112.0,0.21,0.21,0.21,10000134,2015-05-27,2015-05-27,P,2.95,2015-04-08
8985,2015-04-08 11:16:00,2015-04-08,0.21,0.0,0.0,112.0,0.21,0.21,0.21,10000134,2015-05-27,2015-05-27,P,2.95,2015-04-08
8986,2015-04-08 11:17:00,2015-04-08,0.21,0.0,0.0,112.0,0.21,0.21,0.21,10000134,2015-05-27,2015-05-27,P,2.95,2015-04-08
8987,2015-04-08 11:18:00,2015-04-08,0.21,0.0,0.0,112.0,0.21,0.21,0.21,10000134,2015-05-27,2015-05-27,P,2.95,2015-04-08
8988,2015-04-08 11:19:00,2015-04-08,0.21,0.0,0.0,112.0,0.21,0.21,0.21,10000134,2015-05-27,2015-05-27,P,2.95,2015-04-08
8989,2015-04-08 11:20:00,2015-04-08,0.21,0.0,0.0,112.0,0.21,0.21,0.21,10000134,2015-05-27,2015-05-27,P,2.95,2015-04-08
8990,2015-04-08 11:21:00,2015-04-08,0.21,0.0,0.0,112.0,0.21,0.21,0.21,10000134,2015-05-27,2015-05-27,P,2.95,2015-04-08
8991,2015-04-08 11:22:00,2015-04-08,0.21,0.0,0.0,112.0,0.21,0.21,0.21,10000134,2015-05-27,2015-05-27,P,2.95,2015-04-08
8992,2015-04-08 11:23:00,2015-04-08,0.21,0.0,0.0,112.0,0.21,0.21,0.21,10000134,2015-05-27,2015-05-27,P,2.95,2015-04-08
8993,2015-04-08 11:24:00,2015-04-08,0.21,0.0,0.0,112.0,0.21,0.21,0.21,10000134,2015-05-27,2015-05-27,P,2.95,2015-04-08
8994,2015-04-08 11:25:00,2015-04-08,0.21,0.0,0.0,112.0,0.21,0.21,0.21,10000134,2015-05-27,2015-05-27,P,2.95,2015-04-08
8995,2015-04-08 11:26:00,2015-04-08,0.21,0.0,0.0,112.0,0.21,0.21,0.21,10000134,2015-05-27,2015-05-27,P,2.95,2015-04-08
8996,2015-04-08 11:27:00,2015-04-08,0.21,0.0,0.0,112.0,0.21,0.21,0.21,10000134,2015-05-27,2015-05-27,P,2.95,2015-04-08
8997,2015-04-08 11:28:00,2015-04-08,0.21,0.0,0.0,112.0,0.21,0.21,0.21,10000134,2015-05-27,2015-05-27,P,2.95,2015-04-08
8998,2015-04-08 11:29:00,2015-04-08,0.21,0.0,0.0,112.0,0.21,0.21,0.21,10000134,2015-05-27,2015-05-27,P,2.95,2015-04-08
8999,2015-04-08 11:30:00,2015-04-08,0.21,0.0,0.0,112.0,0.21,0.21,0.21,10000134,2015-05-27,2015-05-27,P,2.95,2015-04-08
9000,2015-04-08 13:01:00,2015-04-08,0.21,0.0,0.0,112.0,0.21,0.21,0.21,10000134,2015-05-27,2015-05-27,P,2.95,2015-04-08
9001,2015-04-08 13:02:00,2015-04-08,0.21,0.0,0.0,112.0,0.21,0.21,0.21,10000134,2015-05-27,2015-05-27,P,2.95,2015-04-08
9002,2015-04-08 13:03:00,2015-04-08,0.21,0.0,0.0,112.0,0.21,0.21,0.21,10000134,2015-05-27,2015-05-27,P,2.95,2015-04-08
9003,2015-04-08 13:04:00,2015-04-08,0.21,0.0,0.0,112.0,0.21,0.21,0.21,10000134,2015-05-27,2015-05-27,P,2.95,2015-04-08
9004,2015-04-08 13:05:00,2015-04-08,0.21,0.0,0.0,112.0,0.21,0.21,0.21,10000134,2015-05-27,2015-05-27,P,2.95,2015-04-08
9005,2015-04-08 13:06:00,2015-04-08,0.21,0.0,0.0,112.0,0.21,0.21,0.21,10000134,2015-05-27,2015-05-27,P,2.95,2015-04-08
9006,2015-04-08 13:07:00,2015-04-08,0.19,1900.0,1.0,113.0,0.19,0.19,0.19,10000134,2015-05-27,2015-05-27,P,2.95,2015-04-08
9007,2015-04-08 13:08:00,2015-04-08,0.19,17100.0,9.0,122.0,0.19,0.19,0.19,10000134,2015-05-27,2015-05-27,P,2.95,2015-04-08
9008,2015-04-08 13:09:00,2015-04-08,0.19,0.0,0.0,122.0,0.19,0.19,0.19,10000134,2015-05-27,2015-05-27,P,2.95,2015-04-08
9009,2015-04-08 13:10:00,2015-04-08,0.19,0.0,0.0,122.0,0.19,0.19,0.19,10000134,2015-05-27,2015-05-27,P,2.95,2015-04-08
9010,2015-04-08 13:11:00,2015-04-08,0.19,0.0,0.0,122.0,0.19,0.19,0.19,10000134,2015-05-27,2015-05-27,P,2.95,2015-04-08
9011,2015-04-08 13:12:00,2015-04-08,0.19,0.0,0.0,122.0,0.19,0.19,0.19,10000134,2015-05-27,2015-05-27,P,2.95,2015-04-08
9012,2015-04-08 13:13:00,2015-04-08,0.19,0.0,0.0,122.0,0.19,0.19,0.19,10000134,2015-05-27,2015-05-27,P,2.95,2015-04-08
9013,2015-04-08 13:14:00,2015-04-08,0.19,0.0,0.0,122.0,0.19,0.19,0.19,10000134,2015-05-27,2015-05-27,P,2.95,2015-04-08
9014,2015-04-08 13:15:00,2015-04-08,0.19,0.0,0.0,122.0,0.19,0.19,0.19,10000134,2015-05-27,2015-05-27,P,2.95,2015-04-08
9015,2015-04-08 13:16:00,2015-04-08,0.19,0.0,0.0,122.0,0.19,0.19,0.19,10000134,2015-05-27,2015-05-27,P,2.95,2015-04-08
9016,2015-04-08 13:17:00,2015-04-08,0.1896,18960.0,10.0,132.0,0.1896,0.1896,0.1896,10000134,2015-05-27,2015-05-27,P,2.95,2015-04-08
9017,2015-04-08 13:18:00,2015-04-08,0.1837,5503.0,3.0,135.0,0.1837,0.183,0.183,10000134,2015-05-27,2015-05-27,P,2.95,2015-04-08
9018,2015-04-08 13:19:00,2015-04-08,0.1814,9088.0,5.0,135.0,0.1814,0.1814,0.1814,10000134,2015-05-27,2015-05-27,P,2.95,2015-04-08
9019,2015-04-08 13:20:00,2015-04-08,0.1803,26940.0,15.0,150.0,0.1803,0.1782,0.1782,10000134,2015-05-27,2015-05-27,P,2.95,2015-04-08
9020,2015-04-08 13:21:00,2015-04-08,0.1782,0.0,0.0,150.0,0.1782,0.1782,0.1782,10000134,2015-05-27,2015-05-27,P,2.95,2015-04-08
9021,2015-04-08 13:22:00,2015-04-08,0.1782,0.0,0.0,150.0,0.1782,0.1782,0.1782,10000134,2015-05-27,2015-05-27,P,2.95,2015-04-08
9022,2015-04-08 13:23:00,2015-04-08,0.1782,0.0,0.0,150.0,0.1782,0.1782,0.1782,10000134,2015-05-27,2015-05-27,P,2.95,2015-04-08
9023,2015-04-08 13:24:00,2015-04-08,0.1782,0.0,0.0,150.0,0.1782,0.1782,0.1782,10000134,2015-05-27,2015-05-27,P,2.95,2015-04-08
9024,2015-04-08 13:25:00,2015-04-08,0.1782,0.0,0.0,150.0,0.1782,0.1782,0.1782,10000134,2015-05-27,2015-05-27,P,2.95,2015-04-08
9025,2015-04-08 13:26:00,2015-04-08,0.1782,0.0,0.0,150.0,0.1782,0.1782,0.1782,10000134,2015-05-27,2015-05-27,P,2.95,2015-04-08
9026,2015-04-08 13:27:00,2015-04-08,0.1782,0.0,0.0,150.0,0.1782,0.1782,0.1782,10000134,2015-05-27,2015-05-27,P,2.95,2015-04-08
9027,2015-04-08 13:28:00,2015-04-08,0.1782,0.0,0.0,150.0,0.1782,0.1782,0.1782,10000134,2015-05-27,2015-05-27,P,2.95,2015-04-08
9028,2015-04-08 13:29:00,2015-04-08,0.1782,0.0,0.0,150.0,0.1782,0.1782,0.1782,10000134,2015-05-27,2015-05-27,P,2.95,2015-04-08
9029,2015-04-08 13:30:00,2015-04-08,0.1782,0.0,0.0,150.0,0.1782,0.1782,0.1782,10000134,2015-05-27,2015-05-27,P,2.95,2015-04-08
9030,2015-04-08 13:31:00,2015-04-08,0.1782,0.0,0.0,150.0,0.1782,0.1782,0.1782,10000134,2015-05-27,2015-05-27,P,2.95,2015-04-08
9031,2015-04-08 13:32:00,2015-04-08,0.1682,1682.0,1.0,150.0,0.1682,0.1682,0.1682,10000134,2015-05-27,2015-05-27,P,2.95,2015-04-08
9032,2015-04-08 13:33:00,2015-04-08,0.1682,0.0,0.0,150.0,0.1682,0.1682,0.1682,10000134,2015-05-27,2015-05-27,P,2.95,2015-04-08
9033,2015-04-08 13:34:00,2015-04-08,0.1682,0.0,0.0,150.0,0.1682,0.1682,0.1682,10000134,2015-05-27,2015-05-27,P,2.95,2015-04-08
9034,2015-04-08 13:35:00,2015-04-08,0.1682,0.0,0.0,150.0,0.1682,0.1682,0.1682,10000134,2015-05-27,2015-05-27,P,2.95,2015-04-08
9035,2015-04-08 13:36:00,2015-04-08,0.1682,0.0,0.0,150.0,0.1682,0.1682,0.1682,10000134,2015-05-27,2015-05-27,P,2.95,2015-04-08
9036,2015-04-08 13:37:00,2015-04-08,0.1682,0.0,0.0,150.0,0.1682,0.1682,0.1682,10000134,2015-05-27,2015-05-27,P,2.95,2015-04-08
9037,2015-04-08 13:38:00,2015-04-08,0.1682,0.0,0.0,150.0,0.1682,0.1682,0.1682,10000134,2015-05-27,2015-05-27,P,2.95,2015-04-08
9038,2015-04-08 13:39:00,2015-04-08,0.1682,0.0,0.0,150.0,0.1682,0.1682,0.1682,10000134,2015-05-27,2015-05-27,P,2.95,2015-04-08
9039,2015-04-08 13:40:00,2015-04-08,0.1682,0.0,0.0,150.0,0.1682,0.1682,0.1682,10000134,2015-05-27,2015-05-27,P,2.95,2015-04-08
9040,2015-04-08 13:41:00,2015-04-08,0.1682,0.0,0.0,150.0,0.1682,0.1682,0.1682,10000134,2015-05-27,2015-05-27,P,2.95,2015-04-08
9041,2015-04-08 13:42:00,2015-04-08,0.1682,0.0,0.0,150.0,0.1682,0.1682,0.1682,10000134,2015-05-27,2015-05-27,P,2.95,2015-04-08
9042,2015-04-08 13:43:00,2015-04-08,0.1682,0.0,0.0,150.0,0.1682,0.1682,0.1682,10000134,2015-05-27,2015-05-27,P,2.95,2015-04-08
9043,2015-04-08 13:44:00,2015-04-08,0.1682,0.0,0.0,150.0,0.1682,0.1682,0.1682,10000134,2015-05-27,2015-05-27,P,2.95,2015-04-08
9044,2015-04-08 13:45:00,2015-04-08,0.1682,0.0,0.0,150.0,0.1682,0.1682,0.1682,10000134,2015-05-27,2015-05-27,P,2.95,2015-04-08
9045,2015-04-08 13:46:00,2015-04-08,0.1682,0.0,0.0,150.0,0.1682,0.1682,0.1682,10000134,2015-05-27,2015-05-27,P,2.95,2015-04-08
9046,2015-04-08 13:47:00,2015-04-08,0.1682,0.0,0.0,150.0,0.1682,0.1682,0.1682,10000134,2015-05-27,2015-05-27,P,2.95,2015-04-08
9047,2015-04-08 13:48:00,2015-04-08,0.1682,0.0,0.0,150.0,0.1682,0.1682,0.1682,10000134,2015-05-27,2015-05-27,P,2.95,2015-04-08
9048,2015-04-08 13:49:00,2015-04-08,0.1682,0.0,0.0,150.0,0.1682,0.1682,0.1682,10000134,2015-05-27,2015-05-27,P,2.95,2015-04-08
9049,2015-04-08 13:50:00,2015-04-08,0.1682,0.0,0.0,150.0,0.1682,0.1682,0.1682,10000134,2015-05-27,2015-05-27,P,2.95,2015-04-08
9050,2015-04-08 13:51:00,2015-04-08,0.1682,0.0,0.0,150.0,0.1682,0.1682,0.1682,10000134,2015-05-27,2015-05-27,P,2.95,2015-04-08
9051,2015-04-08 13:52:00,2015-04-08,0.1682,0.0,0.0,150.0,0.1682,0.1682,0.1682,10000134,2015-05-27,2015-05-27,P,2.95,2015-04-08
9052,2015-04-08 13:53:00,2015-04-08,0.1682,0.0,0.0,150.0,0.1682,0.1682,0.1682,10000134,2015-05-27,2015-05-27,P,2.95,2015-04-08
9053,2015-04-08 13:54:00,2015-04-08,0.1682,0.0,0.0,150.0,0.1682,0.1682,0.1682,10000134,2015-05-27,2015-05-27,P,2.95,2015-04-08
9054,2015-04-08 13:55:00,2015-04-08,0.1682,0.0,0.0,150.0,0.1682,0.1682,0.1682,10000134,2015-05-27,2015-05-27,P,2.95,2015-04-08
9055,2015-04-08 13:56:00,2015-04-08,0.1682,0.0,0.0,150.0,0.1682,0.1682,0.1682,10000134,2015-05-27,2015-05-27,P,2.95,2015-04-08
9056,2015-04-08 13:57:00,2015-04-08,0.1682,0.0,0.0,150.0,0.1682,0.1682,0.1682,10000134,2015-05-27,2015-05-27,P,2.95,2015-04-08
9057,2015-04-08 13:58:00,2015-04-08,0.1764,1764.0,1.0,150.0,0.1764,0.1764,0.1764,10000134,2015-05-27,2015-05-27,P,2.95,2015-04-08
9058,2015-04-08 13:59:00,2015-04-08,0.1764,0.0,0.0,150.0,0.1764,0.1764,0.1764,10000134,2015-05-27,2015-05-27,P,2.95,2015-04-08
9059,2015-04-08 14:00:00,2015-04-08,0.1764,0.0,0.0,150.0,0.1764,0.1764,0.1764,10000134,2015-05-27,2015-05-27,P,2.95,2015-04-08
9060,2015-04-08 14:01:00,2015-04-08,0.1764,0.0,0.0,150.0,0.1764,0.1764,0.1764,10000134,2015-05-27,2015-05-27,P,2.95,2015-04-08
9061,2015-04-08 14:02:00,2015-04-08,0.1764,0.0,0.0,150.0,0.1764,0.1764,0.1764,10000134,2015-05-27,2015-05-27,P,2.95,2015-04-08
9062,2015-04-08 14:03:00,2015-04-08,0.1764,0.0,0.0,150.0,0.1764,0.1764,0.1764,10000134,2015-05-27,2015-05-27,P,2.95,2015-04-08
9063,2015-04-08 14:04:00,2015-04-08,0.1764,0.0,0.0,150.0,0.1764,0.1764,0.1764,10000134,2015-05-27,2015-05-27,P,2.95,2015-04-08
9064,2015-04-08 14:05:00,2015-04-08,0.1764,0.0,0.0,150.0,0.1764,0.1764,0.1764,10000134,2015-05-27,2015-05-27,P,2.95,2015-04-08
9065,2015-04-08 14:06:00,2015-04-08,0.1764,0.0,0.0,150.0,0.1764,0.1764,0.1764,10000134,2015-05-27,2015-05-27,P,2.95,2015-04-08
9066,2015-04-08 14:07:00,2015-04-08,0.1764,0.0,0.0,150.0,0.1764,0.1764,0.1764,10000134,2015-05-27,2015-05-27,P,2.95,2015-04-08
9067,2015-04-08 14:08:00,2015-04-08,0.1764,0.0,0.0,150.0,0.1764,0.1764,0.1764,10000134,2015-05-27,2015-05-27,P,2.95,2015-04-08
9068,2015-04-08 14:09:00,2015-04-08,0.1764,0.0,0.0,150.0,0.1764,0.1764,0.1764,10000134,2015-05-27,2015-05-27,P,2.95,2015-04-08
9069,2015-04-08 14:10:00,2015-04-08,0.1764,0.0,0.0,150.0,0.1764,0.1764,0.1764,10000134,2015-05-27,2015-05-27,P,2.95,2015-04-08
9070,2015-04-08 14:11:00,2015-04-08,0.1764,0.0,0.0,150.0,0.1764,0.1764,0.1764,10000134,2015-05-27,2015-05-27,P,2.95,2015-04-08
9071,2015-04-08 14:12:00,2015-04-08,0.1764,0.0,0.0,150.0,0.1764,0.1764,0.1764,10000134,2015-05-27,2015-05-27,P,2.95,2015-04-08
9072,2015-04-08 14:13:00,2015-04-08,0.1764,0.0,0.0,150.0,0.1764,0.1764,0.1764,10000134,2015-05-27,2015-05-27,P,2.95,2015-04-08
9073,2015-04-08 14:14:00,2015-04-08,0.1764,0.0,0.0,150.0,0.1764,0.1764,0.1764,10000134,2015-05-27,2015-05-27,P,2.95,2015-04-08
9074,2015-04-08 14:15:00,2015-04-08,0.1764,0.0,0.0,150.0,0.1764,0.1764,0.1764,10000134,2015-05-27,2015-05-27,P,2.95,2015-04-08
9075,2015-04-08 14:16:00,2015-04-08,0.1764,0.0,0.0,150.0,0.1764,0.1764,0.1764,10000134,2015-05-27,2015-05-27,P,2.95,2015-04-08
9076,2015-04-08 14:17:00,2015-04-08,0.1764,0.0,0.0,150.0,0.1764,0.1764,0.1764,10000134,2015-05-27,2015-05-27,P,2.95,2015-04-08
9077,2015-04-08 14:18:00,2015-04-08,0.1764,0.0,0.0,150.0,0.1764,0.1764,0.1764,10000134,2015-05-27,2015-05-27,P,2.95,2015-04-08
9078,2015-04-08 14:19:00,2015-04-08,0.1764,0.0,0.0,150.0,0.1764,0.1764,0.1764,10000134,2015-05-27,2015-05-27,P,2.95,2015-04-08
9079,2015-04-08 14:20:00,2015-04-08,0.1764,0.0,0.0,150.0,0.1764,0.1764,0.1764,10000134,2015-05-27,2015-05-27,P,2.95,2015-04-08
9080,2015-04-08 14:21:00,2015-04-08,0.1764,0.0,0.0,150.0,0.1764,0.1764,0.1764,10000134,2015-05-27,2015-05-27,P,2.95,2015-04-08
9081,2015-04-08 14:22:00,2015-04-08,0.1764,0.0,0.0,150.0,0.1764,0.1764,0.1764,10000134,2015-05-27,2015-05-27,P,2.95,2015-04-08
9082,2015-04-08 14:23:00,2015-04-08,0.1764,0.0,0.0,150.0,0.1764,0.1764,0.1764,10000134,2015-05-27,2015-05-27,P,2.95,2015-04-08
9083,2015-04-08 14:24:00,2015-04-08,0.1764,0.0,0.0,150.0,0.1764,0.1764,0.1764,10000134,2015-05-27,2015-05-27,P,2.95,2015-04-08
9084,2015-04-08 14:25:00,2015-04-08,0.1764,0.0,0.0,150.0,0.1764,0.1764,0.1764,10000134,2015-05-27,2015-05-27,P,2.95,2015-04-08
9085,2015-04-08 14:26:00,2015-04-08,0.1764,0.0,0.0,150.0,0.1764,0.1764,0.1764,10000134,2015-05-27,2015-05-27,P,2.95,2015-04-08
9086,2015-04-08 14:27:00,2015-04-08,0.1764,0.0,0.0,150.0,0.1764,0.1764,0.1764,10000134,2015-05-27,2015-05-27,P,2.95,2015-04-08
9087,2015-04-08 14:28:00,2015-04-08,0.1764,0.0,0.0,150.0,0.1764,0.1764,0.1764,10000134,2015-05-27,2015-05-27,P,2.95,2015-04-08
9088,2015-04-08 14:29:00,2015-04-08,0.1764,0.0,0.0,150.0,0.1764,0.1764,0.1764,10000134,2015-05-27,2015-05-27,P,2.95,2015-04-08
9089,2015-04-08 14:30:00,2015-04-08,0.1764,0.0,0.0,150.0,0.1764,0.1764,0.1764,10000134,2015-05-27,2015-05-27,P,2.95,2015-04-08
9090,2015-04-08 14:31:00,2015-04-08,0.1764,0.0,0.0,150.0,0.1764,0.1764,0.1764,10000134,2015-05-27,2015-05-27,P,2.95,2015-04-08
9091,2015-04-08 14:32:00,2015-04-08,0.1764,0.0,0.0,150.0,0.1764,0.1764,0.1764,10000134,2015-05-27,2015-05-27,P,2.95,2015-04-08
9092,2015-04-08 14:33:00,2015-04-08,0.1764,0.0,0.0,150.0,0.1764,0.1764,0.1764,10000134,2015-05-27,2015-05-27,P,2.95,2015-04-08
9093,2015-04-08 14:34:00,2015-04-08,0.1764,0.0,0.0,150.0,0.1764,0.1764,0.1764,10000134,2015-05-27,2015-05-27,P,2.95,2015-04-08
9094,2015-04-08 14:35:00,2015-04-08,0.1764,0.0,0.0,150.0,0.1764,0.1764,0.1764,10000134,2015-05-27,2015-05-27,P,2.95,2015-04-08
9095,2015-04-08 14:36:00,2015-04-08,0.1764,0.0,0.0,150.0,0.1764,0.1764,0.1764,10000134,2015-05-27,2015-05-27,P,2.95,2015-04-08
9096,2015-04-08 14:37:00,2015-04-08,0.1764,0.0,0.0,150.0,0.1764,0.1764,0.1764,10000134,2015-05-27,2015-05-27,P,2.95,2015-04-08
9097,2015-04-08 14:38:00,2015-04-08,0.1764,0.0,0.0,150.0,0.1764,0.1764,0.1764,10000134,2015-05-27,2015-05-27,P,2.95,2015-04-08
9098,2015-04-08 14:39:00,2015-04-08,0.1764,0.0,0.0,150.0,0.1764,0.1764,0.1764,10000134,2015-05-27,2015-05-27,P,2.95,2015-04-08
9099,2015-04-08 14:40:00,2015-04-08,0.1764,0.0,0.0,150.0,0.1764,0.1764,0.1764,10000134,2015-05-27,2015-05-27,P,2.95,2015-04-08
9100,2015-04-08 14:41:00,2015-04-08,0.1764,0.0,0.0,150.0,0.1764,0.1764,0.1764,10000134,2015-05-27,2015-05-27,P,2.95,2015-04-08
9101,2015-04-08 14:42:00,2015-04-08,0.1764,0.0,0.0,150.0,0.1764,0.1764,0.1764,10000134,2015-05-27,2015-05-27,P,2.95,2015-04-08
9102,2015-04-08 14:43:00,2015-04-08,0.1764,0.0,0.0,150.0,0.1764,0.1764,0.1764,10000134,2015-05-27,2015-05-27,P,2.95,2015-04-08
9103,2015-04-08 14:44:00,2015-04-08,0.1764,0.0,0.0,150.0,0.1764,0.1764,0.1764,10000134,2015-05-27,2015-05-27,P,2.95,2015-04-08
9104,2015-04-08 14:45:00,2015-04-08,0.1764,0.0,0.0,150.0,0.1764,0.1764,0.1764,10000134,2015-05-27,2015-05-27,P,2.95,2015-04-08
9105,2015-04-08 14:46:00,2015-04-08,0.1764,0.0,0.0,150.0,0.1764,0.1764,0.1764,10000134,2015-05-27,2015-05-27,P,2.95,2015-04-08
9106,2015-04-08 14:47:00,2015-04-08,0.1764,0.0,0.0,150.0,0.1764,0.1764,0.1764,10000134,2015-05-27,2015-05-27,P,2.95,2015-04-08
9107,2015-04-08 14:48:00,2015-04-08,0.1764,0.0,0.0,150.0,0.1764,0.1764,0.1764,10000134,2015-05-27,2015-05-27,P,2.95,2015-04-08
9108,2015-04-08 14:49:00,2015-04-08,0.1764,0.0,0.0,150.0,0.1764,0.1764,0.1764,10000134,2015-05-27,2015-05-27,P,2.95,2015-04-08
9109,2015-04-08 14:50:00,2015-04-08,0.1764,0.0,0.0,150.0,0.1764,0.1764,0.1764,10000134,2015-05-27,2015-05-27,P,2.95,2015-04-08
9110,2015-04-08 14:51:00,2015-04-08,0.1764,0.0,0.0,150.0,0.1764,0.1764,0.1764,10000134,2015-05-27,2015-05-27,P,2.95,2015-04-08
9111,2015-04-08 14:52:00,2015-04-08,0.1764,0.0,0.0,150.0,0.1764,0.1764,0.1764,10000134,2015-05-27,2015-05-27,P,2.95,2015-04-08
9112,2015-04-08 14:53:00,2015-04-08,0.1764,0.0,0.0,150.0,0.1764,0.1764,0.1764,10000134,2015-05-27,2015-05-27,P,2.95,2015-04-08
9113,2015-04-08 14:54:00,2015-04-08,0.1764,0.0,0.0,150.0,0.1764,0.1764,0.1764,10000134,2015-05-27,2015-05-27,P,2.95,2015-04-08
9114,2015-04-08 14:55:00,2015-04-08,0.1764,0.0,0.0,150.0,0.1764,0.1764,0.1764,10000134,2015-05-27,2015-05-27,P,2.95,2015-04-08
9115,2015-04-08 14:56:00,2015-04-08,0.1764,0.0,0.0,150.0,0.1764,0.1764,0.1764,10000134,2015-05-27,2015-05-27,P,2.95,2015-04-08
9116,2015-04-08 14:57:00,2015-04-08,0.1764,0.0,0.0,150.0,0.1764,0.1764,0.1764,10000134,2015-05-27,2015-05-27,P,2.95,2015-04-08
9117,2015-04-08 14:58:00,2015-04-08,0.1764,0.0,0.0,150.0,0.1764,0.1764,0.1764,10000134,2015-05-27,2015-05-27,P,2.95,2015-04-08
9118,2015-04-08 14:59:00,2015-04-08,0.1764,0.0,0.0,150.0,0.1764,0.1764,0.1764,10000134,2015-05-27,2015-05-27,P,2.95,2015-04-08
9119,2015-04-08 15:00:00,2015-04-08,0.1764,0.0,0.0,150.0,0.1764,0.1764,0.1764,10000134,2015-05-27,2015-05-27,P,2.95,2015-04-08
9120,2015-04-08 09:31:00,2015-04-08,0.0669,0.0,0.0,0.0,0.0669,0.0669,0.0669,10000070,2015-06-24,2015-06-24,P,2.6,2015-03-17
9121,2015-04-08 09:32:00,2015-04-08,0.0669,0.0,0.0,0.0,0.0669,0.0669,0.0669,10000070,2015-06-24,2015-06-24,P,2.6,2015-03-17
9122,2015-04-08 09:33:00,2015-04-08,0.0669,0.0,0.0,0.0,0.0669,0.0669,0.0669,10000070,2015-06-24,2015-06-24,P,2.6,2015-03-17
9123,2015-04-08 09:34:00,2015-04-08,0.0669,0.0,0.0,0.0,0.0669,0.0669,0.0669,10000070,2015-06-24,2015-06-24,P,2.6,2015-03-17
9124,2015-04-08 09:35:00,2015-04-08,0.0669,0.0,0.0,0.0,0.0669,0.0669,0.0669,10000070,2015-06-24,2015-06-24,P,2.6,2015-03-17
9125,2015-04-08 09:36:00,2015-04-08,0.0669,0.0,0.0,0.0,0.0669,0.0669,0.0669,10000070,2015-06-24,2015-06-24,P,2.6,2015-03-17
9126,2015-04-08 09:37:00,2015-04-08,0.0669,0.0,0.0,0.0,0.0669,0.0669,0.0669,10000070,2015-06-24,2015-06-24,P,2.6,2015-03-17
9127,2015-04-08 09:38:00,2015-04-08,0.0669,0.0,0.0,0.0,0.0669,0.0669,0.0669,10000070,2015-06-24,2015-06-24,P,2.6,2015-03-17
9128,2015-04-08 09:39:00,2015-04-08,0.0669,0.0,0.0,0.0,0.0669,0.0669,0.0669,10000070,2015-06-24,2015-06-24,P,2.6,2015-03-17
9129,2015-04-08 09:40:00,2015-04-08,0.0669,0.0,0.0,0.0,0.0669,0.0669,0.0669,10000070,2015-06-24,2015-06-24,P,2.6,2015-03-17
9130,2015-04-08 09:41:00,2015-04-08,0.0669,0.0,0.0,0.0,0.0669,0.0669,0.0669,10000070,2015-06-24,2015-06-24,P,2.6,2015-03-17
9131,2015-04-08 09:42:00,2015-04-08,0.0669,0.0,0.0,0.0,0.0669,0.0669,0.0669,10000070,2015-06-24,2015-06-24,P,2.6,2015-03-17
9132,2015-04-08 09:43:00,2015-04-08,0.0669,0.0,0.0,0.0,0.0669,0.0669,0.0669,10000070,2015-06-24,2015-06-24,P,2.6,2015-03-17
9133,2015-04-08 09:44:00,2015-04-08,0.0669,0.0,0.0,0.0,0.0669,0.0669,0.0669,10000070,2015-06-24,2015-06-24,P,2.6,2015-03-17
9134,2015-04-08 09:45:00,2015-04-08,0.0669,0.0,0.0,0.0,0.0669,0.0669,0.0669,10000070,2015-06-24,2015-06-24,P,2.6,2015-03-17
9135,2015-04-08 09:46:00,2015-04-08,0.0669,0.0,0.0,0.0,0.0669,0.0669,0.0669,10000070,2015-06-24,2015-06-24,P,2.6,2015-03-17
9136,2015-04-08 09:47:00,2015-04-08,0.0669,0.0,0.0,0.0,0.0669,0.0669,0.0669,10000070,2015-06-24,2015-06-24,P,2.6,2015-03-17
9137,2015-04-08 09:48:00,2015-04-08,0.0669,0.0,0.0,0.0,0.0669,0.0669,0.0669,10000070,2015-06-24,2015-06-24,P,2.6,2015-03-17
9138,2015-04-08 09:49:00,2015-04-08,0.0669,0.0,0.0,0.0,0.0669,0.0669,0.0669,10000070,2015-06-24,2015-06-24,P,2.6,2015-03-17
9139,2015-04-08 09:50:00,2015-04-08,0.0669,0.0,0.0,0.0,0.0669,0.0669,0.0669,10000070,2015-06-24,2015-06-24,P,2.6,2015-03-17
9140,2015-04-08 09:51:00,2015-04-08,0.0669,0.0,0.0,0.0,0.0669,0.0669,0.0669,10000070,2015-06-24,2015-06-24,P,2.6,2015-03-17
9141,2015-04-08 09:52:00,2015-04-08,0.0669,0.0,0.0,0.0,0.0669,0.0669,0.0669,10000070,2015-06-24,2015-06-24,P,2.6,2015-03-17
9142,2015-04-08 09:53:00,2015-04-08,0.0669,0.0,0.0,0.0,0.0669,0.0669,0.0669,10000070,2015-06-24,2015-06-24,P,2.6,2015-03-17
9143,2015-04-08 09:54:00,2015-04-08,0.0669,0.0,0.0,0.0,0.0669,0.0669,0.0669,10000070,2015-06-24,2015-06-24,P,2.6,2015-03-17
9144,2015-04-08 09:55:00,2015-04-08,0.0669,0.0,0.0,0.0,0.0669,0.0669,0.0669,10000070,2015-06-24,2015-06-24,P,2.6,2015-03-17
9145,2015-04-08 09:56:00,2015-04-08,0.0669,0.0,0.0,0.0,0.0669,0.0669,0.0669,10000070,2015-06-24,2015-06-24,P,2.6,2015-03-17
9146,2015-04-08 09:57:00,2015-04-08,0.0669,0.0,0.0,0.0,0.0669,0.0669,0.0669,10000070,2015-06-24,2015-06-24,P,2.6,2015-03-17
9147,2015-04-08 09:58:00,2015-04-08,0.0669,0.0,0.0,0.0,0.0669,0.0669,0.0669,10000070,2015-06-24,2015-06-24,P,2.6,2015-03-17
9148,2015-04-08 09:59:00,2015-04-08,0.0669,0.0,0.0,0.0,0.0669,0.0669,0.0669,10000070,2015-06-24,2015-06-24,P,2.6,2015-03-17
9149,2015-04-08 10:00:00,2015-04-08,0.0669,0.0,0.0,0.0,0.0669,0.0669,0.0669,10000070,2015-06-24,2015-06-24,P,2.6,2015-03-17
9150,2015-04-08 10:01:00,2015-04-08,0.0669,0.0,0.0,0.0,0.0669,0.0669,0.0669,10000070,2015-06-24,2015-06-24,P,2.6,2015-03-17
9151,2015-04-08 10:02:00,2015-04-08,0.0669,0.0,0.0,0.0,0.0669,0.0669,0.0669,10000070,2015-06-24,2015-06-24,P,2.6,2015-03-17
9152,2015-04-08 10:03:00,2015-04-08,0.0669,0.0,0.0,0.0,0.0669,0.0669,0.0669,10000070,2015-06-24,2015-06-24,P,2.6,2015-03-17
9153,2015-04-08 10:04:00,2015-04-08,0.0669,0.0,0.0,0.0,0.0669,0.0669,0.0669,10000070,2015-06-24,2015-06-24,P,2.6,2015-03-17
9154,2015-04-08 10:05:00,2015-04-08,0.0669,0.0,0.0,0.0,0.0669,0.0669,0.0669,10000070,2015-06-24,2015-06-24,P,2.6,2015-03-17
9155,2015-04-08 10:06:00,2015-04-08,0.0669,0.0,0.0,0.0,0.0669,0.0669,0.0669,10000070,2015-06-24,2015-06-24,P,2.6,2015-03-17
9156,2015-04-08 10:07:00,2015-04-08,0.0669,0.0,0.0,0.0,0.0669,0.0669,0.0669,10000070,2015-06-24,2015-06-24,P,2.6,2015-03-17
9157,2015-04-08 10:08:00,2015-04-08,0.0669,0.0,0.0,0.0,0.0669,0.0669,0.0669,10000070,2015-06-24,2015-06-24,P,2.6,2015-03-17
9158,2015-04-08 10:09:00,2015-04-08,0.0669,0.0,0.0,0.0,0.0669,0.0669,0.0669,10000070,2015-06-24,2015-06-24,P,2.6,2015-03-17
9159,2015-04-08 10:10:00,2015-04-08,0.0669,0.0,0.0,0.0,0.0669,0.0669,0.0669,10000070,2015-06-24,2015-06-24,P,2.6,2015-03-17
9160,2015-04-08 10:11:00,2015-04-08,0.0669,0.0,0.0,0.0,0.0669,0.0669,0.0669,10000070,2015-06-24,2015-06-24,P,2.6,2015-03-17
9161,2015-04-08 10:12:00,2015-04-08,0.0669,0.0,0.0,0.0,0.0669,0.0669,0.0669,10000070,2015-06-24,2015-06-24,P,2.6,2015-03-17
9162,2015-04-08 10:13:00,2015-04-08,0.0669,0.0,0.0,0.0,0.0669,0.0669,0.0669,10000070,2015-06-24,2015-06-24,P,2.6,2015-03-17
9163,2015-04-08 10:14:00,2015-04-08,0.0669,0.0,0.0,0.0,0.0669,0.0669,0.0669,10000070,2015-06-24,2015-06-24,P,2.6,2015-03-17
9164,2015-04-08 10:15:00,2015-04-08,0.0669,0.0,0.0,0.0,0.0669,0.0669,0.0669,10000070,2015-06-24,2015-06-24,P,2.6,2015-03-17
9165,2015-04-08 10:16:00,2015-04-08,0.0669,0.0,0.0,0.0,0.0669,0.0669,0.0669,10000070,2015-06-24,2015-06-24,P,2.6,2015-03-17
9166,2015-04-08 10:17:00,2015-04-08,0.0669,0.0,0.0,0.0,0.0669,0.0669,0.0669,10000070,2015-06-24,2015-06-24,P,2.6,2015-03-17
9167,2015-04-08 10:18:00,2015-04-08,0.0669,0.0,0.0,0.0,0.0669,0.0669,0.0669,10000070,2015-06-24,2015-06-24,P,2.6,2015-03-17
9168,2015-04-08 10:19:00,2015-04-08,0.0669,0.0,0.0,0.0,0.0669,0.0669,0.0669,10000070,2015-06-24,2015-06-24,P,2.6,2015-03-17
9169,2015-04-08 10:20:00,2015-04-08,0.0669,0.0,0.0,0.0,0.0669,0.0669,0.0669,10000070,2015-06-24,2015-06-24,P,2.6,2015-03-17
9170,2015-04-08 10:21:00,2015-04-08,0.0669,0.0,0.0,0.0,0.0669,0.0669,0.0669,10000070,2015-06-24,2015-06-24,P,2.6,2015-03-17
9171,2015-04-08 10:22:00,2015-04-08,0.0669,0.0,0.0,0.0,0.0669,0.0669,0.0669,10000070,2015-06-24,2015-06-24,P,2.6,2015-03-17
9172,2015-04-08 10:23:00,2015-04-08,0.0669,0.0,0.0,0.0,0.0669,0.0669,0.0669,10000070,2015-06-24,2015-06-24,P,2.6,2015-03-17
9173,2015-04-08 10:24:00,2015-04-08,0.0669,0.0,0.0,0.0,0.0669,0.0669,0.0669,10000070,2015-06-24,2015-06-24,P,2.6,2015-03-17
9174,2015-04-08 10:25:00,2015-04-08,0.0669,0.0,0.0,0.0,0.0669,0.0669,0.0669,10000070,2015-06-24,2015-06-24,P,2.6,2015-03-17
9175,2015-04-08 10:26:00,2015-04-08,0.0669,0.0,0.0,0.0,0.0669,0.0669,0.0669,10000070,2015-06-24,2015-06-24,P,2.6,2015-03-17
9176,2015-04-08 10:27:00,2015-04-08,0.0669,0.0,0.0,0.0,0.0669,0.0669,0.0669,10000070,2015-06-24,2015-06-24,P,2.6,2015-03-17
9177,2015-04-08 10:28:00,2015-04-08,0.0669,0.0,0.0,0.0,0.0669,0.0669,0.0669,10000070,2015-06-24,2015-06-24,P,2.6,2015-03-17
9178,2015-04-08 10:29:00,2015-04-08,0.0669,0.0,0.0,0.0,0.0669,0.0669,0.0669,10000070,2015-06-24,2015-06-24,P,2.6,2015-03-17
9179,2015-04-08 10:30:00,2015-04-08,0.0669,0.0,0.0,0.0,0.0669,0.0669,0.0669,10000070,2015-06-24,2015-06-24,P,2.6,2015-03-17
9180,2015-04-08 10:31:00,2015-04-08,0.0669,0.0,0.0,0.0,0.0669,0.0669,0.0669,10000070,2015-06-24,2015-06-24,P,2.6,2015-03-17
9181,2015-04-08 10:32:00,2015-04-08,0.0669,0.0,0.0,0.0,0.0669,0.0669,0.0669,10000070,2015-06-24,2015-06-24,P,2.6,2015-03-17
9182,2015-04-08 10:33:00,2015-04-08,0.0669,0.0,0.0,0.0,0.0669,0.0669,0.0669,10000070,2015-06-24,2015-06-24,P,2.6,2015-03-17
9183,2015-04-08 10:34:00,2015-04-08,0.0669,0.0,0.0,0.0,0.0669,0.0669,0.0669,10000070,2015-06-24,2015-06-24,P,2.6,2015-03-17
9184,2015-04-08 10:35:00,2015-04-08,0.0669,0.0,0.0,0.0,0.0669,0.0669,0.0669,10000070,2015-06-24,2015-06-24,P,2.6,2015-03-17
9185,2015-04-08 10:36:00,2015-04-08,0.0669,0.0,0.0,0.0,0.0669,0.0669,0.0669,10000070,2015-06-24,2015-06-24,P,2.6,2015-03-17
9186,2015-04-08 10:37:00,2015-04-08,0.0669,0.0,0.0,0.0,0.0669,0.0669,0.0669,10000070,2015-06-24,2015-06-24,P,2.6,2015-03-17
9187,2015-04-08 10:38:00,2015-04-08,0.0669,0.0,0.0,0.0,0.0669,0.0669,0.0669,10000070,2015-06-24,2015-06-24,P,2.6,2015-03-17
9188,2015-04-08 10:39:00,2015-04-08,0.0669,0.0,0.0,0.0,0.0669,0.0669,0.0669,10000070,2015-06-24,2015-06-24,P,2.6,2015-03-17
9189,2015-04-08 10:40:00,2015-04-08,0.0669,0.0,0.0,0.0,0.0669,0.0669,0.0669,10000070,2015-06-24,2015-06-24,P,2.6,2015-03-17
9190,2015-04-08 10:41:00,2015-04-08,0.0669,0.0,0.0,0.0,0.0669,0.0669,0.0669,10000070,2015-06-24,2015-06-24,P,2.6,2015-03-17
9191,2015-04-08 10:42:00,2015-04-08,0.0669,0.0,0.0,0.0,0.0669,0.0669,0.0669,10000070,2015-06-24,2015-06-24,P,2.6,2015-03-17
9192,2015-04-08 10:43:00,2015-04-08,0.0669,0.0,0.0,0.0,0.0669,0.0669,0.0669,10000070,2015-06-24,2015-06-24,P,2.6,2015-03-17
9193,2015-04-08 10:44:00,2015-04-08,0.0669,0.0,0.0,0.0,0.0669,0.0669,0.0669,10000070,2015-06-24,2015-06-24,P,2.6,2015-03-17
9194,2015-04-08 10:45:00,2015-04-08,0.0669,0.0,0.0,0.0,0.0669,0.0669,0.0669,10000070,2015-06-24,2015-06-24,P,2.6,2015-03-17
9195,2015-04-08 10:46:00,2015-04-08,0.0669,0.0,0.0,0.0,0.0669,0.0669,0.0669,10000070,2015-06-24,2015-06-24,P,2.6,2015-03-17
9196,2015-04-08 10:47:00,2015-04-08,0.0669,0.0,0.0,0.0,0.0669,0.0669,0.0669,10000070,2015-06-24,2015-06-24,P,2.6,2015-03-17
9197,2015-04-08 10:48:00,2015-04-08,0.0669,0.0,0.0,0.0,0.0669,0.0669,0.0669,10000070,2015-06-24,2015-06-24,P,2.6,2015-03-17
9198,2015-04-08 10:49:00,2015-04-08,0.0669,0.0,0.0,0.0,0.0669,0.0669,0.0669,10000070,2015-06-24,2015-06-24,P,2.6,2015-03-17
9199,2015-04-08 10:50:00,2015-04-08,0.0669,0.0,0.0,0.0,0.0669,0.0669,0.0669,10000070,2015-06-24,2015-06-24,P,2.6,2015-03-17
9200,2015-04-08 10:51:00,2015-04-08,0.0669,0.0,0.0,0.0,0.0669,0.0669,0.0669,10000070,2015-06-24,2015-06-24,P,2.6,2015-03-17
9201,2015-04-08 10:52:00,2015-04-08,0.0669,0.0,0.0,0.0,0.0669,0.0669,0.0669,10000070,2015-06-24,2015-06-24,P,2.6,2015-03-17
9202,2015-04-08 10:53:00,2015-04-08,0.0669,0.0,0.0,0.0,0.0669,0.0669,0.0669,10000070,2015-06-24,2015-06-24,P,2.6,2015-03-17
9203,2015-04-08 10:54:00,2015-04-08,0.0669,0.0,0.0,0.0,0.0669,0.0669,0.0669,10000070,2015-06-24,2015-06-24,P,2.6,2015-03-17
9204,2015-04-08 10:55:00,2015-04-08,0.0669,0.0,0.0,0.0,0.0669,0.0669,0.0669,10000070,2015-06-24,2015-06-24,P,2.6,2015-03-17
9205,2015-04-08 10:56:00,2015-04-08,0.0669,0.0,0.0,0.0,0.0669,0.0669,0.0669,10000070,2015-06-24,2015-06-24,P,2.6,2015-03-17
9206,2015-04-08 10:57:00,2015-04-08,0.0669,0.0,0.0,0.0,0.0669,0.0669,0.0669,10000070,2015-06-24,2015-06-24,P,2.6,2015-03-17
9207,2015-04-08 10:58:00,2015-04-08,0.0669,0.0,0.0,0.0,0.0669,0.0669,0.0669,10000070,2015-06-24,2015-06-24,P,2.6,2015-03-17
9208,2015-04-08 10:59:00,2015-04-08,0.0669,0.0,0.0,0.0,0.0669,0.0669,0.0669,10000070,2015-06-24,2015-06-24,P,2.6,2015-03-17
9209,2015-04-08 11:00:00,2015-04-08,0.0669,0.0,0.0,0.0,0.0669,0.0669,0.0669,10000070,2015-06-24,2015-06-24,P,2.6,2015-03-17
9210,2015-04-08 11:01:00,2015-04-08,0.0669,0.0,0.0,0.0,0.0669,0.0669,0.0669,10000070,2015-06-24,2015-06-24,P,2.6,2015-03-17
9211,2015-04-08 11:02:00,2015-04-08,0.0669,0.0,0.0,0.0,0.0669,0.0669,0.0669,10000070,2015-06-24,2015-06-24,P,2.6,2015-03-17
9212,2015-04-08 11:03:00,2015-04-08,0.0669,0.0,0.0,0.0,0.0669,0.0669,0.0669,10000070,2015-06-24,2015-06-24,P,2.6,2015-03-17
9213,2015-04-08 11:04:00,2015-04-08,0.0669,0.0,0.0,0.0,0.0669,0.0669,0.0669,10000070,2015-06-24,2015-06-24,P,2.6,2015-03-17
9214,2015-04-08 11:05:00,2015-04-08,0.0669,0.0,0.0,0.0,0.0669,0.0669,0.0669,10000070,2015-06-24,2015-06-24,P,2.6,2015-03-17
9215,2015-04-08 11:06:00,2015-04-08,0.0669,0.0,0.0,0.0,0.0669,0.0669,0.0669,10000070,2015-06-24,2015-06-24,P,2.6,2015-03-17
9216,2015-04-08 11:07:00,2015-04-08,0.0669,0.0,0.0,0.0,0.0669,0.0669,0.0669,10000070,2015-06-24,2015-06-24,P,2.6,2015-03-17
9217,2015-04-08 11:08:00,2015-04-08,0.0669,0.0,0.0,0.0,0.0669,0.0669,0.0669,10000070,2015-06-24,2015-06-24,P,2.6,2015-03-17
9218,2015-04-08 11:09:00,2015-04-08,0.0669,0.0,0.0,0.0,0.0669,0.0669,0.0669,10000070,2015-06-24,2015-06-24,P,2.6,2015-03-17
9219,2015-04-08 11:10:00,2015-04-08,0.0669,0.0,0.0,0.0,0.0669,0.0669,0.0669,10000070,2015-06-24,2015-06-24,P,2.6,2015-03-17
9220,2015-04-08 11:11:00,2015-04-08,0.0669,0.0,0.0,0.0,0.0669,0.0669,0.0669,10000070,2015-06-24,2015-06-24,P,2.6,2015-03-17
9221,2015-04-08 11:12:00,2015-04-08,0.0669,0.0,0.0,0.0,0.0669,0.0669,0.0669,10000070,2015-06-24,2015-06-24,P,2.6,2015-03-17
9222,2015-04-08 11:13:00,2015-04-08,0.0669,0.0,0.0,0.0,0.0669,0.0669,0.0669,10000070,2015-06-24,2015-06-24,P,2.6,2015-03-17
9223,2015-04-08 11:14:00,2015-04-08,0.0669,0.0,0.0,0.0,0.0669,0.0669,0.0669,10000070,2015-06-24,2015-06-24,P,2.6,2015-03-17
9224,2015-04-08 11:15:00,2015-04-08,0.0669,0.0,0.0,0.0,0.0669,0.0669,0.0669,10000070,2015-06-24,2015-06-24,P,2.6,2015-03-17
9225,2015-04-08 11:16:00,2015-04-08,0.0669,0.0,0.0,0.0,0.0669,0.0669,0.0669,10000070,2015-06-24,2015-06-24,P,2.6,2015-03-17
9226,2015-04-08 11:17:00,2015-04-08,0.0669,0.0,0.0,0.0,0.0669,0.0669,0.0669,10000070,2015-06-24,2015-06-24,P,2.6,2015-03-17
9227,2015-04-08 11:18:00,2015-04-08,0.0669,0.0,0.0,0.0,0.0669,0.0669,0.0669,10000070,2015-06-24,2015-06-24,P,2.6,2015-03-17
9228,2015-04-08 11:19:00,2015-04-08,0.0669,0.0,0.0,0.0,0.0669,0.0669,0.0669,10000070,2015-06-24,2015-06-24,P,2.6,2015-03-17
9229,2015-04-08 11:20:00,2015-04-08,0.0669,0.0,0.0,0.0,0.0669,0.0669,0.0669,10000070,2015-06-24,2015-06-24,P,2.6,2015-03-17
9230,2015-04-08 11:21:00,2015-04-08,0.0669,0.0,0.0,0.0,0.0669,0.0669,0.0669,10000070,2015-06-24,2015-06-24,P,2.6,2015-03-17
9231,2015-04-08 11:22:00,2015-04-08,0.0669,0.0,0.0,0.0,0.0669,0.0669,0.0669,10000070,2015-06-24,2015-06-24,P,2.6,2015-03-17
9232,2015-04-08 11:23:00,2015-04-08,0.0669,0.0,0.0,0.0,0.0669,0.0669,0.0669,10000070,2015-06-24,2015-06-24,P,2.6,2015-03-17
9233,2015-04-08 11:24:00,2015-04-08,0.0669,0.0,0.0,0.0,0.0669,0.0669,0.0669,10000070,2015-06-24,2015-06-24,P,2.6,2015-03-17
9234,2015-04-08 11:25:00,2015-04-08,0.0669,0.0,0.0,0.0,0.0669,0.0669,0.0669,10000070,2015-06-24,2015-06-24,P,2.6,2015-03-17
9235,2015-04-08 11:26:00,2015-04-08,0.0669,0.0,0.0,0.0,0.0669,0.0669,0.0669,10000070,2015-06-24,2015-06-24,P,2.6,2015-03-17
9236,2015-04-08 11:27:00,2015-04-08,0.0669,0.0,0.0,0.0,0.0669,0.0669,0.0669,10000070,2015-06-24,2015-06-24,P,2.6,2015-03-17
9237,2015-04-08 11:28:00,2015-04-08,0.0669,0.0,0.0,0.0,0.0669,0.0669,0.0669,10000070,2015-06-24,2015-06-24,P,2.6,2015-03-17
9238,2015-04-08 11:29:00,2015-04-08,0.0669,0.0,0.0,0.0,0.0669,0.0669,0.0669,10000070,2015-06-24,2015-06-24,P,2.6,2015-03-17
9239,2015-04-08 11:30:00,2015-04-08,0.0669,0.0,0.0,0.0,0.0669,0.0669,0.0669,10000070,2015-06-24,2015-06-24,P,2.6,2015-03-17
9240,2015-04-08 13:01:00,2015-04-08,0.0669,0.0,0.0,0.0,0.0669,0.0669,0.0669,10000070,2015-06-24,2015-06-24,P,2.6,2015-03-17
9241,2015-04-08 13:02:00,2015-04-08,0.0669,0.0,0.0,0.0,0.0669,0.0669,0.0669,10000070,2015-06-24,2015-06-24,P,2.6,2015-03-17
9242,2015-04-08 13:03:00,2015-04-08,0.0669,0.0,0.0,0.0,0.0669,0.0669,0.0669,10000070,2015-06-24,2015-06-24,P,2.6,2015-03-17
9243,2015-04-08 13:04:00,2015-04-08,0.0669,0.0,0.0,0.0,0.0669,0.0669,0.0669,10000070,2015-06-24,2015-06-24,P,2.6,2015-03-17
9244,2015-04-08 13:05:00,2015-04-08,0.0669,0.0,0.0,0.0,0.0669,0.0669,0.0669,10000070,2015-06-24,2015-06-24,P,2.6,2015-03-17
9245,2015-04-08 13:06:00,2015-04-08,0.0669,0.0,0.0,0.0,0.0669,0.0669,0.0669,10000070,2015-06-24,2015-06-24,P,2.6,2015-03-17
9246,2015-04-08 13:07:00,2015-04-08,0.0669,0.0,0.0,0.0,0.0669,0.0669,0.0669,10000070,2015-06-24,2015-06-24,P,2.6,2015-03-17
9247,2015-04-08 13:08:00,2015-04-08,0.0669,0.0,0.0,0.0,0.0669,0.0669,0.0669,10000070,2015-06-24,2015-06-24,P,2.6,2015-03-17
9248,2015-04-08 13:09:00,2015-04-08,0.0669,0.0,0.0,0.0,0.0669,0.0669,0.0669,10000070,2015-06-24,2015-06-24,P,2.6,2015-03-17
9249,2015-04-08 13:10:00,2015-04-08,0.0669,0.0,0.0,0.0,0.0669,0.0669,0.0669,10000070,2015-06-24,2015-06-24,P,2.6,2015-03-17
9250,2015-04-08 13:11:00,2015-04-08,0.0669,0.0,0.0,0.0,0.0669,0.0669,0.0669,10000070,2015-06-24,2015-06-24,P,2.6,2015-03-17
9251,2015-04-08 13:12:00,2015-04-08,0.0669,0.0,0.0,0.0,0.0669,0.0669,0.0669,10000070,2015-06-24,2015-06-24,P,2.6,2015-03-17
9252,2015-04-08 13:13:00,2015-04-08,0.0669,0.0,0.0,0.0,0.0669,0.0669,0.0669,10000070,2015-06-24,2015-06-24,P,2.6,2015-03-17
9253,2015-04-08 13:14:00,2015-04-08,0.0669,0.0,0.0,0.0,0.0669,0.0669,0.0669,10000070,2015-06-24,2015-06-24,P,2.6,2015-03-17
9254,2015-04-08 13:15:00,2015-04-08,0.0669,0.0,0.0,0.0,0.0669,0.0669,0.0669,10000070,2015-06-24,2015-06-24,P,2.6,2015-03-17
9255,2015-04-08 13:16:00,2015-04-08,0.0669,0.0,0.0,0.0,0.0669,0.0669,0.0669,10000070,2015-06-24,2015-06-24,P,2.6,2015-03-17
9256,2015-04-08 13:17:00,2015-04-08,0.0669,0.0,0.0,0.0,0.0669,0.0669,0.0669,10000070,2015-06-24,2015-06-24,P,2.6,2015-03-17
9257,2015-04-08 13:18:00,2015-04-08,0.0669,0.0,0.0,0.0,0.0669,0.0669,0.0669,10000070,2015-06-24,2015-06-24,P,2.6,2015-03-17
9258,2015-04-08 13:19:00,2015-04-08,0.0601,-9235.0,-15.0,146.0,0.0601,0.0601,0.0601,10000070,2015-06-24,2015-06-24,P,2.6,2015-03-17
9259,2015-04-08 13:20:00,2015-04-08,0.0599,2995.0,5.0,146.0,0.0599,0.0599,0.0599,10000070,2015-06-24,2015-06-24,P,2.6,2015-03-17
9260,2015-04-08 13:21:00,2015-04-08,0.0599,0.0,0.0,146.0,0.0599,0.0599,0.0599,10000070,2015-06-24,2015-06-24,P,2.6,2015-03-17
9261,2015-04-08 13:22:00,2015-04-08,0.0599,0.0,0.0,146.0,0.0599,0.0599,0.0599,10000070,2015-06-24,2015-06-24,P,2.6,2015-03-17
9262,2015-04-08 13:23:00,2015-04-08,0.0599,0.0,0.0,146.0,0.0599,0.0599,0.0599,10000070,2015-06-24,2015-06-24,P,2.6,2015-03-17
9263,2015-04-08 13:24:00,2015-04-08,0.0599,0.0,0.0,146.0,0.0599,0.0599,0.0599,10000070,2015-06-24,2015-06-24,P,2.6,2015-03-17
9264,2015-04-08 13:25:00,2015-04-08,0.0599,0.0,0.0,146.0,0.0599,0.0599,0.0599,10000070,2015-06-24,2015-06-24,P,2.6,2015-03-17
9265,2015-04-08 13:26:00,2015-04-08,0.0599,0.0,0.0,146.0,0.0599,0.0599,0.0599,10000070,2015-06-24,2015-06-24,P,2.6,2015-03-17
9266,2015-04-08 13:27:00,2015-04-08,0.0599,0.0,0.0,146.0,0.0599,0.0599,0.0599,10000070,2015-06-24,2015-06-24,P,2.6,2015-03-17
9267,2015-04-08 13:28:00,2015-04-08,0.0599,0.0,0.0,146.0,0.0599,0.0599,0.0599,10000070,2015-06-24,2015-06-24,P,2.6,2015-03-17
9268,2015-04-08 13:29:00,2015-04-08,0.0599,0.0,0.0,146.0,0.0599,0.0599,0.0599,10000070,2015-06-24,2015-06-24,P,2.6,2015-03-17
9269,2015-04-08 13:30:00,2015-04-08,0.0599,0.0,0.0,146.0,0.0599,0.0599,0.0599,10000070,2015-06-24,2015-06-24,P,2.6,2015-03-17
9270,2015-04-08 13:31:00,2015-04-08,0.0599,0.0,0.0,146.0,0.0599,0.0599,0.0599,10000070,2015-06-24,2015-06-24,P,2.6,2015-03-17
9271,2015-04-08 13:32:00,2015-04-08,0.0599,0.0,0.0,146.0,0.0599,0.0599,0.0599,10000070,2015-06-24,2015-06-24,P,2.6,2015-03-17
9272,2015-04-08 13:33:00,2015-04-08,0.0599,0.0,0.0,146.0,0.0599,0.0599,0.0599,10000070,2015-06-24,2015-06-24,P,2.6,2015-03-17
9273,2015-04-08 13:34:00,2015-04-08,0.0599,0.0,0.0,146.0,0.0599,0.0599,0.0599,10000070,2015-06-24,2015-06-24,P,2.6,2015-03-17
9274,2015-04-08 13:35:00,2015-04-08,0.0599,0.0,0.0,146.0,0.0599,0.0599,0.0599,10000070,2015-06-24,2015-06-24,P,2.6,2015-03-17
9275,2015-04-08 13:36:00,2015-04-08,0.0599,0.0,0.0,146.0,0.0599,0.0599,0.0599,10000070,2015-06-24,2015-06-24,P,2.6,2015-03-17
9276,2015-04-08 13:37:00,2015-04-08,0.0599,0.0,0.0,146.0,0.0599,0.0599,0.0599,10000070,2015-06-24,2015-06-24,P,2.6,2015-03-17
9277,2015-04-08 13:38:00,2015-04-08,0.0599,0.0,0.0,146.0,0.0599,0.0599,0.0599,10000070,2015-06-24,2015-06-24,P,2.6,2015-03-17
9278,2015-04-08 13:39:00,2015-04-08,0.0599,0.0,0.0,146.0,0.0599,0.0599,0.0599,10000070,2015-06-24,2015-06-24,P,2.6,2015-03-17
9279,2015-04-08 13:40:00,2015-04-08,0.0599,0.0,0.0,146.0,0.0599,0.0599,0.0599,10000070,2015-06-24,2015-06-24,P,2.6,2015-03-17
9280,2015-04-08 13:41:00,2015-04-08,0.0599,0.0,0.0,146.0,0.0599,0.0599,0.0599,10000070,2015-06-24,2015-06-24,P,2.6,2015-03-17
9281,2015-04-08 13:42:00,2015-04-08,0.0599,0.0,0.0,146.0,0.0599,0.0599,0.0599,10000070,2015-06-24,2015-06-24,P,2.6,2015-03-17
9282,2015-04-08 13:43:00,2015-04-08,0.0599,0.0,0.0,146.0,0.0599,0.0599,0.0599,10000070,2015-06-24,2015-06-24,P,2.6,2015-03-17
9283,2015-04-08 13:44:00,2015-04-08,0.0599,0.0,0.0,146.0,0.0599,0.0599,0.0599,10000070,2015-06-24,2015-06-24,P,2.6,2015-03-17
9284,2015-04-08 13:45:00,2015-04-08,0.0599,0.0,0.0,146.0,0.0599,0.0599,0.0599,10000070,2015-06-24,2015-06-24,P,2.6,2015-03-17
9285,2015-04-08 13:46:00,2015-04-08,0.0599,0.0,0.0,146.0,0.0599,0.0599,0.0599,10000070,2015-06-24,2015-06-24,P,2.6,2015-03-17
9286,2015-04-08 13:47:00,2015-04-08,0.0599,0.0,0.0,146.0,0.0599,0.0599,0.0599,10000070,2015-06-24,2015-06-24,P,2.6,2015-03-17
9287,2015-04-08 13:48:00,2015-04-08,0.0599,0.0,0.0,146.0,0.0599,0.0599,0.0599,10000070,2015-06-24,2015-06-24,P,2.6,2015-03-17
9288,2015-04-08 13:49:00,2015-04-08,0.0599,0.0,0.0,146.0,0.0599,0.0599,0.0599,10000070,2015-06-24,2015-06-24,P,2.6,2015-03-17
9289,2015-04-08 13:50:00,2015-04-08,0.0599,0.0,0.0,146.0,0.0599,0.0599,0.0599,10000070,2015-06-24,2015-06-24,P,2.6,2015-03-17
9290,2015-04-08 13:51:00,2015-04-08,0.0599,0.0,0.0,146.0,0.0599,0.0599,0.0599,10000070,2015-06-24,2015-06-24,P,2.6,2015-03-17
9291,2015-04-08 13:52:00,2015-04-08,0.0599,0.0,0.0,146.0,0.0599,0.0599,0.0599,10000070,2015-06-24,2015-06-24,P,2.6,2015-03-17
9292,2015-04-08 13:53:00,2015-04-08,0.0599,0.0,0.0,146.0,0.0599,0.0599,0.0599,10000070,2015-06-24,2015-06-24,P,2.6,2015-03-17
9293,2015-04-08 13:54:00,2015-04-08,0.0599,0.0,0.0,146.0,0.0599,0.0599,0.0599,10000070,2015-06-24,2015-06-24,P,2.6,2015-03-17
9294,2015-04-08 13:55:00,2015-04-08,0.0599,0.0,0.0,146.0,0.0599,0.0599,0.0599,10000070,2015-06-24,2015-06-24,P,2.6,2015-03-17
9295,2015-04-08 13:56:00,2015-04-08,0.0599,0.0,0.0,146.0,0.0599,0.0599,0.0599,10000070,2015-06-24,2015-06-24,P,2.6,2015-03-17
9296,2015-04-08 13:57:00,2015-04-08,0.0599,0.0,0.0,146.0,0.0599,0.0599,0.0599,10000070,2015-06-24,2015-06-24,P,2.6,2015-03-17
9297,2015-04-08 13:58:00,2015-04-08,0.0599,0.0,0.0,146.0,0.0599,0.0599,0.0599,10000070,2015-06-24,2015-06-24,P,2.6,2015-03-17
9298,2015-04-08 13:59:00,2015-04-08,0.0599,0.0,0.0,146.0,0.0599,0.0599,0.0599,10000070,2015-06-24,2015-06-24,P,2.6,2015-03-17
9299,2015-04-08 14:00:00,2015-04-08,0.0599,0.0,0.0,146.0,0.0599,0.0599,0.0599,10000070,2015-06-24,2015-06-24,P,2.6,2015-03-17
9300,2015-04-08 14:01:00,2015-04-08,0.0599,0.0,0.0,146.0,0.0599,0.0599,0.0599,10000070,2015-06-24,2015-06-24,P,2.6,2015-03-17
9301,2015-04-08 14:02:00,2015-04-08,0.0599,0.0,0.0,146.0,0.0599,0.0599,0.0599,10000070,2015-06-24,2015-06-24,P,2.6,2015-03-17
9302,2015-04-08 14:03:00,2015-04-08,0.0599,0.0,0.0,146.0,0.0599,0.0599,0.0599,10000070,2015-06-24,2015-06-24,P,2.6,2015-03-17
9303,2015-04-08 14:04:00,2015-04-08,0.0599,0.0,0.0,146.0,0.0599,0.0599,0.0599,10000070,2015-06-24,2015-06-24,P,2.6,2015-03-17
9304,2015-04-08 14:05:00,2015-04-08,0.0599,0.0,0.0,146.0,0.0599,0.0599,0.0599,10000070,2015-06-24,2015-06-24,P,2.6,2015-03-17
9305,2015-04-08 14:06:00,2015-04-08,0.0599,0.0,0.0,146.0,0.0599,0.0599,0.0599,10000070,2015-06-24,2015-06-24,P,2.6,2015-03-17
9306,2015-04-08 14:07:00,2015-04-08,0.0599,0.0,0.0,146.0,0.0599,0.0599,0.0599,10000070,2015-06-24,2015-06-24,P,2.6,2015-03-17
9307,2015-04-08 14:08:00,2015-04-08,0.0599,0.0,0.0,146.0,0.0599,0.0599,0.0599,10000070,2015-06-24,2015-06-24,P,2.6,2015-03-17
9308,2015-04-08 14:09:00,2015-04-08,0.0599,0.0,0.0,146.0,0.0599,0.0599,0.0599,10000070,2015-06-24,2015-06-24,P,2.6,2015-03-17
9309,2015-04-08 14:10:00,2015-04-08,0.0599,0.0,0.0,146.0,0.0599,0.0599,0.0599,10000070,2015-06-24,2015-06-24,P,2.6,2015-03-17
9310,2015-04-08 14:11:00,2015-04-08,0.0599,0.0,0.0,146.0,0.0599,0.0599,0.0599,10000070,2015-06-24,2015-06-24,P,2.6,2015-03-17
9311,2015-04-08 14:12:00,2015-04-08,0.0599,0.0,0.0,146.0,0.0599,0.0599,0.0599,10000070,2015-06-24,2015-06-24,P,2.6,2015-03-17
9312,2015-04-08 14:13:00,2015-04-08,0.0599,0.0,0.0,146.0,0.0599,0.0599,0.0599,10000070,2015-06-24,2015-06-24,P,2.6,2015-03-17
9313,2015-04-08 14:14:00,2015-04-08,0.0599,0.0,0.0,146.0,0.0599,0.0599,0.0599,10000070,2015-06-24,2015-06-24,P,2.6,2015-03-17
9314,2015-04-08 14:15:00,2015-04-08,0.0599,0.0,0.0,146.0,0.0599,0.0599,0.0599,10000070,2015-06-24,2015-06-24,P,2.6,2015-03-17
9315,2015-04-08 14:16:00,2015-04-08,0.0599,0.0,0.0,146.0,0.0599,0.0599,0.0599,10000070,2015-06-24,2015-06-24,P,2.6,2015-03-17
9316,2015-04-08 14:17:00,2015-04-08,0.0599,0.0,0.0,146.0,0.0599,0.0599,0.0599,10000070,2015-06-24,2015-06-24,P,2.6,2015-03-17
9317,2015-04-08 14:18:00,2015-04-08,0.0599,0.0,0.0,146.0,0.0599,0.0599,0.0599,10000070,2015-06-24,2015-06-24,P,2.6,2015-03-17
9318,2015-04-08 14:19:00,2015-04-08,0.061,3050.0,5.0,151.0,0.061,0.061,0.061,10000070,2015-06-24,2015-06-24,P,2.6,2015-03-17
9319,2015-04-08 14:20:00,2015-04-08,0.061,0.0,0.0,151.0,0.061,0.061,0.061,10000070,2015-06-24,2015-06-24,P,2.6,2015-03-17
9320,2015-04-08 14:21:00,2015-04-08,0.061,0.0,0.0,151.0,0.061,0.061,0.061,10000070,2015-06-24,2015-06-24,P,2.6,2015-03-17
9321,2015-04-08 14:22:00,2015-04-08,0.061,0.0,0.0,151.0,0.061,0.061,0.061,10000070,2015-06-24,2015-06-24,P,2.6,2015-03-17
9322,2015-04-08 14:23:00,2015-04-08,0.061,0.0,0.0,151.0,0.061,0.061,0.061,10000070,2015-06-24,2015-06-24,P,2.6,2015-03-17
9323,2015-04-08 14:24:00,2015-04-08,0.0638,3190.0,5.0,156.0,0.0638,0.0638,0.0638,10000070,2015-06-24,2015-06-24,P,2.6,2015-03-17
9324,2015-04-08 14:25:00,2015-04-08,0.0638,0.0,0.0,156.0,0.0638,0.0638,0.0638,10000070,2015-06-24,2015-06-24,P,2.6,2015-03-17
9325,2015-04-08 14:26:00,2015-04-08,0.0638,0.0,0.0,156.0,0.0638,0.0638,0.0638,10000070,2015-06-24,2015-06-24,P,2.6,2015-03-17
9326,2015-04-08 14:27:00,2015-04-08,0.0638,0.0,0.0,156.0,0.0638,0.0638,0.0638,10000070,2015-06-24,2015-06-24,P,2.6,2015-03-17
9327,2015-04-08 14:28:00,2015-04-08,0.0638,0.0,0.0,156.0,0.0638,0.0638,0.0638,10000070,2015-06-24,2015-06-24,P,2.6,2015-03-17
9328,2015-04-08 14:29:00,2015-04-08,0.0638,0.0,0.0,156.0,0.0638,0.0638,0.0638,10000070,2015-06-24,2015-06-24,P,2.6,2015-03-17
9329,2015-04-08 14:30:00,2015-04-08,0.0638,0.0,0.0,156.0,0.0638,0.0638,0.0638,10000070,2015-06-24,2015-06-24,P,2.6,2015-03-17
9330,2015-04-08 14:31:00,2015-04-08,0.0638,0.0,0.0,156.0,0.0638,0.0638,0.0638,10000070,2015-06-24,2015-06-24,P,2.6,2015-03-17
9331,2015-04-08 14:32:00,2015-04-08,0.0638,0.0,0.0,156.0,0.0638,0.0638,0.0638,10000070,2015-06-24,2015-06-24,P,2.6,2015-03-17
9332,2015-04-08 14:33:00,2015-04-08,0.0638,0.0,0.0,156.0,0.0638,0.0638,0.0638,10000070,2015-06-24,2015-06-24,P,2.6,2015-03-17
9333,2015-04-08 14:34:00,2015-04-08,0.0638,0.0,0.0,156.0,0.0638,0.0638,0.0638,10000070,2015-06-24,2015-06-24,P,2.6,2015-03-17
9334,2015-04-08 14:35:00,2015-04-08,0.0638,0.0,0.0,156.0,0.0638,0.0638,0.0638,10000070,2015-06-24,2015-06-24,P,2.6,2015-03-17
9335,2015-04-08 14:36:00,2015-04-08,0.0638,0.0,0.0,156.0,0.0638,0.0638,0.0638,10000070,2015-06-24,2015-06-24,P,2.6,2015-03-17
9336,2015-04-08 14:37:00,2015-04-08,0.0638,0.0,0.0,156.0,0.0638,0.0638,0.0638,10000070,2015-06-24,2015-06-24,P,2.6,2015-03-17
9337,2015-04-08 14:38:00,2015-04-08,0.0638,0.0,0.0,156.0,0.0638,0.0638,0.0638,10000070,2015-06-24,2015-06-24,P,2.6,2015-03-17
9338,2015-04-08 14:39:00,2015-04-08,0.0638,0.0,0.0,156.0,0.0638,0.0638,0.0638,10000070,2015-06-24,2015-06-24,P,2.6,2015-03-17
9339,2015-04-08 14:40:00,2015-04-08,0.0638,0.0,0.0,156.0,0.0638,0.0638,0.0638,10000070,2015-06-24,2015-06-24,P,2.6,2015-03-17
9340,2015-04-08 14:41:00,2015-04-08,0.0638,0.0,0.0,156.0,0.0638,0.0638,0.0638,10000070,2015-06-24,2015-06-24,P,2.6,2015-03-17
9341,2015-04-08 14:42:00,2015-04-08,0.0638,0.0,0.0,156.0,0.0638,0.0638,0.0638,10000070,2015-06-24,2015-06-24,P,2.6,2015-03-17
9342,2015-04-08 14:43:00,2015-04-08,0.0638,0.0,0.0,156.0,0.0638,0.0638,0.0638,10000070,2015-06-24,2015-06-24,P,2.6,2015-03-17
9343,2015-04-08 14:44:00,2015-04-08,0.0638,0.0,0.0,156.0,0.0638,0.0638,0.0638,10000070,2015-06-24,2015-06-24,P,2.6,2015-03-17
9344,2015-04-08 14:45:00,2015-04-08,0.0638,0.0,0.0,156.0,0.0638,0.0638,0.0638,10000070,2015-06-24,2015-06-24,P,2.6,2015-03-17
9345,2015-04-08 14:46:00,2015-04-08,0.0638,0.0,0.0,156.0,0.0638,0.0638,0.0638,10000070,2015-06-24,2015-06-24,P,2.6,2015-03-17
9346,2015-04-08 14:47:00,2015-04-08,0.0638,0.0,0.0,156.0,0.0638,0.0638,0.0638,10000070,2015-06-24,2015-06-24,P,2.6,2015-03-17
9347,2015-04-08 14:48:00,2015-04-08,0.0638,0.0,0.0,156.0,0.0638,0.0638,0.0638,10000070,2015-06-24,2015-06-24,P,2.6,2015-03-17
9348,2015-04-08 14:49:00,2015-04-08,0.0638,0.0,0.0,156.0,0.0638,0.0638,0.0638,10000070,2015-06-24,2015-06-24,P,2.6,2015-03-17
9349,2015-04-08 14:50:00,2015-04-08,0.0638,0.0,0.0,156.0,0.0638,0.0638,0.0638,10000070,2015-06-24,2015-06-24,P,2.6,2015-03-17
9350,2015-04-08 14:51:00,2015-04-08,0.0638,0.0,0.0,156.0,0.0638,0.0638,0.0638,10000070,2015-06-24,2015-06-24,P,2.6,2015-03-17
9351,2015-04-08 14:52:00,2015-04-08,0.0638,0.0,0.0,156.0,0.0638,0.0638,0.0638,10000070,2015-06-24,2015-06-24,P,2.6,2015-03-17
9352,2015-04-08 14:53:00,2015-04-08,0.0638,0.0,0.0,156.0,0.0638,0.0638,0.0638,10000070,2015-06-24,2015-06-24,P,2.6,2015-03-17
9353,2015-04-08 14:54:00,2015-04-08,0.0638,0.0,0.0,156.0,0.0638,0.0638,0.0638,10000070,2015-06-24,2015-06-24,P,2.6,2015-03-17
9354,2015-04-08 14:55:00,2015-04-08,0.0638,0.0,0.0,156.0,0.0638,0.0638,0.0638,10000070,2015-06-24,2015-06-24,P,2.6,2015-03-17
9355,2015-04-08 14:56:00,2015-04-08,0.0638,0.0,0.0,156.0,0.0638,0.0638,0.0638,10000070,2015-06-24,2015-06-24,P,2.6,2015-03-17
9356,2015-04-08 14:57:00,2015-04-08,0.0638,0.0,0.0,156.0,0.0638,0.0638,0.0638,10000070,2015-06-24,2015-06-24,P,2.6,2015-03-17
9357,2015-04-08 14:58:00,2015-04-08,0.0638,0.0,0.0,156.0,0.0638,0.0638,0.0638,10000070,2015-06-24,2015-06-24,P,2.6,2015-03-17
9358,2015-04-08 14:59:00,2015-04-08,0.0638,0.0,0.0,156.0,0.0638,0.0638,0.0638,10000070,2015-06-24,2015-06-24,P,2.6,2015-03-17
9359,2015-04-08 15:00:00,2015-04-08,0.0638,0.0,0.0,156.0,0.0638,0.0638,0.0638,10000070,2015-06-24,2015-06-24,P,2.6,2015-03-17
9360,2015-04-08 09:31:00,2015-04-08,0.0874,68158.0,85.0,3856.0,0.079,0.0819,0.078,10000117,2015-04-22,2015-04-22,C,2.85,2015-03-31
9361,2015-04-08 09:32:00,2015-04-08,0.0858,18563.0,22.0,3847.0,0.0858,0.08199999999999999,0.08199999999999999,10000117,2015-04-22,2015-04-22,C,2.85,2015-03-31
9362,2015-04-08 09:33:00,2015-04-08,0.0843,20483.0,25.0,3842.0,0.0843,0.0796,0.0796,10000117,2015-04-22,2015-04-22,C,2.85,2015-03-31
9363,2015-04-08 09:34:00,2015-04-08,0.0796,3980.0,5.0,3837.0,0.0796,0.0796,0.0796,10000117,2015-04-22,2015-04-22,C,2.85,2015-03-31
9364,2015-04-08 09:35:00,2015-04-08,0.0796,19736.0,25.0,3843.0,0.079,0.0785,0.0785,10000117,2015-04-22,2015-04-22,C,2.85,2015-03-31
9365,2015-04-08 09:36:00,2015-04-08,0.078,18547.0,24.0,3836.0,0.078,0.0763,0.0763,10000117,2015-04-22,2015-04-22,C,2.85,2015-03-31
9366,2015-04-08 09:37:00,2015-04-08,0.0766,43246.0,57.0,3843.0,0.0762,0.0759,0.0757,10000117,2015-04-22,2015-04-22,C,2.85,2015-03-31
9367,2015-04-08 09:38:00,2015-04-08,0.0766,29060.0,38.0,3843.0,0.0764,0.0765,0.0764,10000117,2015-04-22,2015-04-22,C,2.85,2015-03-31
9368,2015-04-08 09:39:00,2015-04-08,0.0768,16014.0,21.0,3846.0,0.0758,0.0768,0.0758,10000117,2015-04-22,2015-04-22,C,2.85,2015-03-31
9369,2015-04-08 09:40:00,2015-04-08,0.0768,0.0,0.0,3846.0,0.0768,0.0768,0.0768,10000117,2015-04-22,2015-04-22,C,2.85,2015-03-31
9370,2015-04-08 09:41:00,2015-04-08,0.0786,18768.0,24.0,3861.0,0.0779,0.0786,0.0779,10000117,2015-04-22,2015-04-22,C,2.85,2015-03-31
9371,2015-04-08 09:42:00,2015-04-08,0.078,14820.0,19.0,3876.0,0.078,0.078,0.078,10000117,2015-04-22,2015-04-22,C,2.85,2015-03-31
9372,2015-04-08 09:43:00,2015-04-08,0.0784,64748.0,83.0,3889.0,0.078,0.0784,0.078,10000117,2015-04-22,2015-04-22,C,2.85,2015-03-31
9373,2015-04-08 09:44:00,2015-04-08,0.0819,15396.0,19.0,3888.0,0.0796,0.0819,0.0796,10000117,2015-04-22,2015-04-22,C,2.85,2015-03-31
9374,2015-04-08 09:45:00,2015-04-08,0.08199999999999999,30983.0,38.0,3917.0,0.0814,0.0813,0.0813,10000117,2015-04-22,2015-04-22,C,2.85,2015-03-31
9375,2015-04-08 09:46:00,2015-04-08,0.08199999999999999,12284.0,15.0,3918.0,0.0816,0.08199999999999999,0.0816,10000117,2015-04-22,2015-04-22,C,2.85,2015-03-31
9376,2015-04-08 09:47:00,2015-04-08,0.0847,18115.0,22.0,3931.0,0.08199999999999999,0.0847,0.08199999999999999,10000117,2015-04-22,2015-04-22,C,2.85,2015-03-31
9377,2015-04-08 09:48:00,2015-04-08,0.0861,6671.0,8.0,3926.0,0.0861,0.0824,0.0824,10000117,2015-04-22,2015-04-22,C,2.85,2015-03-31
9378,2015-04-08 09:49:00,2015-04-08,0.0825,8995.0,11.0,3926.0,0.0825,0.0817,0.0817,10000117,2015-04-22,2015-04-22,C,2.85,2015-03-31
9379,2015-04-08 09:50:00,2015-04-08,0.081,3240.0,4.0,3922.0,0.081,0.081,0.081,10000117,2015-04-22,2015-04-22,C,2.85,2015-03-31
9380,2015-04-08 09:51:00,2015-04-08,0.0804,12839.0,16.0,3918.0,0.0804,0.0804,0.0799,10000117,2015-04-22,2015-04-22,C,2.85,2015-03-31
9381,2015-04-08 09:52:00,2015-04-08,0.0804,9645.0,12.0,3915.0,0.0804,0.0803,0.0803,10000117,2015-04-22,2015-04-22,C,2.85,2015-03-31
9382,2015-04-08 09:53:00,2015-04-08,0.0831,6623.0,8.0,3907.0,0.0826,0.0831,0.0826,10000117,2015-04-22,2015-04-22,C,2.85,2015-03-31
9383,2015-04-08 09:54:00,2015-04-08,0.087,33739.0,40.0,3890.0,0.0834,0.087,0.0832,10000117,2015-04-22,2015-04-22,C,2.85,2015-03-31
9384,2015-04-08 09:55:00,2015-04-08,0.0895,21707.0,25.0,3866.0,0.0846,0.0895,0.0846,10000117,2015-04-22,2015-04-22,C,2.85,2015-03-31
9385,2015-04-08 09:56:00,2015-04-08,0.0895,31912.0,36.0,3848.0,0.0895,0.0885,0.0878,10000117,2015-04-22,2015-04-22,C,2.85,2015-03-31
9386,2015-04-08 09:57:00,2015-04-08,0.0919,35957.0,40.0,3822.0,0.0885,0.0919,0.0883,10000117,2015-04-22,2015-04-22,C,2.85,2015-03-31
9387,2015-04-08 09:58:00,2015-04-08,0.0939,38836.0,42.0,3828.0,0.0918,0.0939,0.0918,10000117,2015-04-22,2015-04-22,C,2.85,2015-03-31
9388,2015-04-08 09:59:00,2015-04-08,0.0939,18610.0,20.0,3810.0,0.0939,0.0939,0.0939,10000117,2015-04-22,2015-04-22,C,2.85,2015-03-31
9389,2015-04-08 10:00:00,2015-04-08,0.095,2821.0,3.0,3810.0,0.095,0.0921,0.0921,10000117,2015-04-22,2015-04-22,C,2.85,2015-03-31
9390,2015-04-08 10:01:00,2015-04-08,0.0948,10296.0,11.0,3815.0,0.0921,0.0897,0.0897,10000117,2015-04-22,2015-04-22,C,2.85,2015-03-31
9391,2015-04-08 10:02:00,2015-04-08,0.0901,901.0,1.0,3814.0,0.0901,0.0901,0.0901,10000117,2015-04-22,2015-04-22,C,2.85,2015-03-31
9392,2015-04-08 10:03:00,2015-04-08,0.09,8076.0,9.0,3814.0,0.09,0.0897,0.0897,10000117,2015-04-22,2015-04-22,C,2.85,2015-03-31
9393,2015-04-08 10:04:00,2015-04-08,0.09,9798.0,11.0,3824.0,0.09,0.0888,0.0888,10000117,2015-04-22,2015-04-22,C,2.85,2015-03-31
9394,2015-04-08 10:05:00,2015-04-08,0.0885,17622.0,20.0,3809.0,0.0885,0.0876,0.0876,10000117,2015-04-22,2015-04-22,C,2.85,2015-03-31
9395,2015-04-08 10:06:00,2015-04-08,0.0868,39370.0,46.0,3769.0,0.0857,0.0847,0.0844,10000117,2015-04-22,2015-04-22,C,2.85,2015-03-31
9396,2015-04-08 10:07:00,2015-04-08,0.0863,863.0,1.0,3769.0,0.0863,0.0863,0.0863,10000117,2015-04-22,2015-04-22,C,2.85,2015-03-31
9397,2015-04-08 10:08:00,2015-04-08,0.086,3440.0,4.0,3766.0,0.086,0.086,0.086,10000117,2015-04-22,2015-04-22,C,2.85,2015-03-31
9398,2015-04-08 10:09:00,2015-04-08,0.086,6863.0,8.0,3769.0,0.086,0.0855,0.0855,10000117,2015-04-22,2015-04-22,C,2.85,2015-03-31
9399,2015-04-08 10:10:00,2015-04-08,0.0855,0.0,0.0,3769.0,0.0855,0.0855,0.0855,10000117,2015-04-22,2015-04-22,C,2.85,2015-03-31
9400,2015-04-08 10:11:00,2015-04-08,0.0854,1708.0,2.0,3770.0,0.0854,0.0854,0.0854,10000117,2015-04-22,2015-04-22,C,2.85,2015-03-31
9401,2015-04-08 10:12:00,2015-04-08,0.0856,10944.0,13.0,3780.0,0.0856,0.0816,0.0816,10000117,2015-04-22,2015-04-22,C,2.85,2015-03-31
9402,2015-04-08 10:13:00,2015-04-08,0.0825,19764.0,24.0,3786.0,0.0825,0.0816,0.0816,10000117,2015-04-22,2015-04-22,C,2.85,2015-03-31
9403,2015-04-08 10:14:00,2015-04-08,0.0812,38915.0,48.0,3786.0,0.0812,0.0795,0.0795,10000117,2015-04-22,2015-04-22,C,2.85,2015-03-31
9404,2015-04-08 10:15:00,2015-04-08,0.0775,3869.0,5.0,3783.0,0.0773,0.0771,0.0771,10000117,2015-04-22,2015-04-22,C,2.85,2015-03-31
9405,2015-04-08 10:16:00,2015-04-08,0.0799,39015.0,50.0,3754.0,0.0773,0.0789,0.0769,10000117,2015-04-22,2015-04-22,C,2.85,2015-03-31
9406,2015-04-08 10:17:00,2015-04-08,0.0781,21062.0,27.0,3735.0,0.0781,0.0781,0.0776,10000117,2015-04-22,2015-04-22,C,2.85,2015-03-31
9407,2015-04-08 10:18:00,2015-04-08,0.08,3180.0,4.0,3735.0,0.078,0.08,0.078,10000117,2015-04-22,2015-04-22,C,2.85,2015-03-31
9408,2015-04-08 10:19:00,2015-04-08,0.0812,4861.0,6.0,3736.0,0.0809,0.0812,0.0809,10000117,2015-04-22,2015-04-22,C,2.85,2015-03-31
9409,2015-04-08 10:20:00,2015-04-08,0.0831,2489.0,3.0,3736.0,0.0831,0.0829,0.0829,10000117,2015-04-22,2015-04-22,C,2.85,2015-03-31
9410,2015-04-08 10:21:00,2015-04-08,0.0831,11614.0,14.0,3736.0,0.0827,0.0831,0.0827,10000117,2015-04-22,2015-04-22,C,2.85,2015-03-31
9411,2015-04-08 10:22:00,2015-04-08,0.083,9119.0,11.0,3745.0,0.0819,0.083,0.0819,10000117,2015-04-22,2015-04-22,C,2.85,2015-03-31
9412,2015-04-08 10:23:00,2015-04-08,0.083,17103.0,21.0,3745.0,0.0808,0.083,0.0808,10000117,2015-04-22,2015-04-22,C,2.85,2015-03-31
9413,2015-04-08 10:24:00,2015-04-08,0.0809,14301.0,18.0,3746.0,0.0787,0.079,0.0787,10000117,2015-04-22,2015-04-22,C,2.85,2015-03-31
9414,2015-04-08 10:25:00,2015-04-08,0.0785,4700.0,6.0,3746.0,0.0783,0.0785,0.0783,10000117,2015-04-22,2015-04-22,C,2.85,2015-03-31
9415,2015-04-08 10:26:00,2015-04-08,0.0791,7897.0,10.0,3747.0,0.0784,0.0791,0.0784,10000117,2015-04-22,2015-04-22,C,2.85,2015-03-31
9416,2015-04-08 10:27:00,2015-04-08,0.0805,33630.0,42.0,3747.0,0.0799,0.0805,0.0796,10000117,2015-04-22,2015-04-22,C,2.85,2015-03-31
9417,2015-04-08 10:28:00,2015-04-08,0.0829,8134.0,10.0,3739.0,0.0814,0.0811,0.0808,10000117,2015-04-22,2015-04-22,C,2.85,2015-03-31
9418,2015-04-08 10:29:00,2015-04-08,0.0808,1616.0,2.0,3737.0,0.0808,0.0808,0.0808,10000117,2015-04-22,2015-04-22,C,2.85,2015-03-31
9419,2015-04-08 10:30:00,2015-04-08,0.0831,77121.0,93.0,3702.0,0.0829,0.0831,0.08199999999999999,10000117,2015-04-22,2015-04-22,C,2.85,2015-03-31
9420,2015-04-08 10:31:00,2015-04-08,0.0848,4240.0,5.0,3702.0,0.0848,0.0848,0.0848,10000117,2015-04-22,2015-04-22,C,2.85,2015-03-31
9421,2015-04-08 10:32:00,2015-04-08,0.085,16127.0,19.0,3709.0,0.0849,0.085,0.0849,10000117,2015-04-22,2015-04-22,C,2.85,2015-03-31
9422,2015-04-08 10:33:00,2015-04-08,0.08800000000000001,19840.0,23.0,3702.0,0.08800000000000001,0.0853,0.0853,10000117,2015-04-22,2015-04-22,C,2.85,2015-03-31
9423,2015-04-08 10:34:00,2015-04-08,0.0853,853.0,1.0,3702.0,0.0853,0.0853,0.0853,10000117,2015-04-22,2015-04-22,C,2.85,2015-03-31
9424,2015-04-08 10:35:00,2015-04-08,0.0909,47183.0,53.0,3749.0,0.0879,0.0909,0.0879,10000117,2015-04-22,2015-04-22,C,2.85,2015-03-31
9425,2015-04-08 10:36:00,2015-04-08,0.091,14289.0,16.0,3740.0,0.091,0.08900000000000001,0.0868,10000117,2015-04-22,2015-04-22,C,2.85,2015-03-31
9426,2015-04-08 10:37:00,2015-04-08,0.091,5436.0,6.0,3735.0,0.091,0.0886,0.0886,10000117,2015-04-22,2015-04-22,C,2.85,2015-03-31
9427,2015-04-08 10:38:00,2015-04-08,0.091,2708.0,3.0,3734.0,0.0888,0.091,0.0888,10000117,2015-04-22,2015-04-22,C,2.85,2015-03-31
9428,2015-04-08 10:39:00,2015-04-08,0.091,17093.0,19.0,3735.0,0.0889,0.0889,0.0889,10000117,2015-04-22,2015-04-22,C,2.85,2015-03-31
9429,2015-04-08 10:40:00,2015-04-08,0.0919,15279.0,17.0,3730.0,0.0889,0.0919,0.0889,10000117,2015-04-22,2015-04-22,C,2.85,2015-03-31
9430,2015-04-08 10:41:00,2015-04-08,0.091,6370.0,7.0,3730.0,0.091,0.091,0.091,10000117,2015-04-22,2015-04-22,C,2.85,2015-03-31
9431,2015-04-08 10:42:00,2015-04-08,0.0931,21036.0,23.0,3709.0,0.091,0.0911,0.091,10000117,2015-04-22,2015-04-22,C,2.85,2015-03-31
9432,2015-04-08 10:43:00,2015-04-08,0.0931,13019.0,14.0,3704.0,0.0919,0.093,0.0919,10000117,2015-04-22,2015-04-22,C,2.85,2015-03-31
9433,2015-04-08 10:44:00,2015-04-08,0.0931,15622.0,17.0,3705.0,0.0916,0.0931,0.0915,10000117,2015-04-22,2015-04-22,C,2.85,2015-03-31
9434,2015-04-08 10:45:00,2015-04-08,0.093,12599.0,14.0,3702.0,0.0902,0.0896,0.0896,10000117,2015-04-22,2015-04-22,C,2.85,2015-03-31
9435,2015-04-08 10:46:00,2015-04-08,0.0896,0.0,0.0,3702.0,0.0896,0.0896,0.0896,10000117,2015-04-22,2015-04-22,C,2.85,2015-03-31
9436,2015-04-08 10:47:00,2015-04-08,0.09,8986.0,10.0,3700.0,0.0897,0.09,0.0894,10000117,2015-04-22,2015-04-22,C,2.85,2015-03-31
9437,2015-04-08 10:48:00,2015-04-08,0.09,8757.0,10.0,3698.0,0.09,0.0857,0.0857,10000117,2015-04-22,2015-04-22,C,2.85,2015-03-31
9438,2015-04-08 10:49:00,2015-04-08,0.086,860.0,1.0,3697.0,0.086,0.086,0.086,10000117,2015-04-22,2015-04-22,C,2.85,2015-03-31
9439,2015-04-08 10:50:00,2015-04-08,0.086,13826.0,16.0,3689.0,0.0852,0.086,0.0852,10000117,2015-04-22,2015-04-22,C,2.85,2015-03-31
9440,2015-04-08 10:51:00,2015-04-08,0.086,10272.0,12.0,3688.0,0.086,0.0852,0.0852,10000117,2015-04-22,2015-04-22,C,2.85,2015-03-31
9441,2015-04-08 10:52:00,2015-04-08,0.083,9130.0,11.0,3678.0,0.083,0.083,0.083,10000117,2015-04-22,2015-04-22,C,2.85,2015-03-31
9442,2015-04-08 10:53:00,2015-04-08,0.0819,18559.0,23.0,3666.0,0.0819,0.0783,0.0783,10000117,2015-04-22,2015-04-22,C,2.85,2015-03-31
9443,2015-04-08 10:54:00,2015-04-08,0.0783,24015.0,31.0,3654.0,0.078,0.0761,0.0761,10000117,2015-04-22,2015-04-22,C,2.85,2015-03-31
9444,2015-04-08 10:55:00,2015-04-08,0.076,15810.0,21.0,3652.0,0.075,0.076,0.075,10000117,2015-04-22,2015-04-22,C,2.85,2015-03-31
9445,2015-04-08 10:56:00,2015-04-08,0.0767,30952.0,41.0,3626.0,0.076,0.0746,0.0739,10000117,2015-04-22,2015-04-22,C,2.85,2015-03-31
9446,2015-04-08 10:57:00,2015-04-08,0.078,9290.0,12.0,3627.0,0.078,0.0744,0.0744,10000117,2015-04-22,2015-04-22,C,2.85,2015-03-31
9447,2015-04-08 10:58:00,2015-04-08,0.0738,7430.0,10.0,3623.0,0.0738,0.0738,0.0738,10000117,2015-04-22,2015-04-22,C,2.85,2015-03-31
9448,2015-04-08 10:59:00,2015-04-08,0.0749,16313.0,22.0,3626.0,0.0745,0.0735,0.0735,10000117,2015-04-22,2015-04-22,C,2.85,2015-03-31
9449,2015-04-08 11:00:00,2015-04-08,0.0782,24455.0,32.0,3619.0,0.0768,0.0782,0.0768,10000117,2015-04-22,2015-04-22,C,2.85,2015-03-31
9450,2015-04-08 11:01:00,2015-04-08,0.0799,19863.0,25.0,3625.0,0.0782,0.0799,0.0782,10000117,2015-04-22,2015-04-22,C,2.85,2015-03-31
9451,2015-04-08 11:02:00,2015-04-08,0.0831,20258.0,25.0,3625.0,0.08199999999999999,0.0788,0.0788,10000117,2015-04-22,2015-04-22,C,2.85,2015-03-31
9452,2015-04-08 11:03:00,2015-04-08,0.0788,0.0,0.0,3625.0,0.0788,0.0788,0.0788,10000117,2015-04-22,2015-04-22,C,2.85,2015-03-31
9453,2015-04-08 11:04:00,2015-04-08,0.0794,15824.0,20.0,3619.0,0.0794,0.079,0.079,10000117,2015-04-22,2015-04-22,C,2.85,2015-03-31
9454,2015-04-08 11:05:00,2015-04-08,0.0803,15239.0,19.0,3620.0,0.0794,0.0803,0.0794,10000117,2015-04-22,2015-04-22,C,2.85,2015-03-31
9455,2015-04-08 11:06:00,2015-04-08,0.0812,15990.0,20.0,3625.0,0.0812,0.0783,0.0783,10000117,2015-04-22,2015-04-22,C,2.85,2015-03-31
9456,2015-04-08 11:07:00,2015-04-08,0.078,780.0,1.0,3625.0,0.078,0.078,0.078,10000117,2015-04-22,2015-04-22,C,2.85,2015-03-31
9457,2015-04-08 11:08:00,2015-04-08,0.078,11671.0,15.0,3620.0,0.078,0.0771,0.0771,10000117,2015-04-22,2015-04-22,C,2.85,2015-03-31
9458,2015-04-08 11:09:00,2015-04-08,0.077,6012.0,8.0,3620.0,0.0736,0.077,0.0736,10000117,2015-04-22,2015-04-22,C,2.85,2015-03-31
9459,2015-04-08 11:10:00,2015-04-08,0.0792,29394.0,38.0,3607.0,0.077,0.0792,0.077,10000117,2015-04-22,2015-04-22,C,2.85,2015-03-31
9460,2015-04-08 11:11:00,2015-04-08,0.0793,3965.0,5.0,3612.0,0.0793,0.0793,0.0793,10000117,2015-04-22,2015-04-22,C,2.85,2015-03-31
9461,2015-04-08 11:12:00,2015-04-08,0.0811,8110.0,10.0,3622.0,0.0811,0.0811,0.0811,10000117,2015-04-22,2015-04-22,C,2.85,2015-03-31
9462,2015-04-08 11:13:00,2015-04-08,0.0811,0.0,0.0,3622.0,0.0811,0.0811,0.0811,10000117,2015-04-22,2015-04-22,C,2.85,2015-03-31
9463,2015-04-08 11:14:00,2015-04-08,0.0798,11100.0,14.0,3613.0,0.0798,0.079,0.079,10000117,2015-04-22,2015-04-22,C,2.85,2015-03-31
9464,2015-04-08 11:15:00,2015-04-08,0.08199999999999999,9708.0,12.0,3607.0,0.0808,0.08199999999999999,0.0808,10000117,2015-04-22,2015-04-22,C,2.85,2015-03-31
9465,2015-04-08 11:16:00,2015-04-08,0.0821,2462.0,3.0,3609.0,0.0821,0.0821,0.0821,10000117,2015-04-22,2015-04-22,C,2.85,2015-03-31
9466,2015-04-08 11:17:00,2015-04-08,0.0814,2430.0,3.0,3610.0,0.0808,0.0814,0.0808,10000117,2015-04-22,2015-04-22,C,2.85,2015-03-31
9467,2015-04-08 11:18:00,2015-04-08,0.0793,8640.0,11.0,3602.0,0.0793,0.0783,0.0783,10000117,2015-04-22,2015-04-22,C,2.85,2015-03-31
9468,2015-04-08 11:19:00,2015-04-08,0.0765,9229.0,12.0,3598.0,0.0765,0.0763,0.0763,10000117,2015-04-22,2015-04-22,C,2.85,2015-03-31
9469,2015-04-08 11:20:00,2015-04-08,0.0798,5358.0,7.0,3602.0,0.0763,0.0798,0.0757,10000117,2015-04-22,2015-04-22,C,2.85,2015-03-31
9470,2015-04-08 11:21:00,2015-04-08,0.0805,1610.0,2.0,3604.0,0.0805,0.0805,0.0805,10000117,2015-04-22,2015-04-22,C,2.85,2015-03-31
9471,2015-04-08 11:22:00,2015-04-08,0.0805,805.0,1.0,3605.0,0.0805,0.0805,0.0805,10000117,2015-04-22,2015-04-22,C,2.85,2015-03-31
9472,2015-04-08 11:23:00,2015-04-08,0.0805,0.0,0.0,3605.0,0.0805,0.0805,0.0805,10000117,2015-04-22,2015-04-22,C,2.85,2015-03-31
9473,2015-04-08 11:24:00,2015-04-08,0.08199999999999999,820.0,1.0,3606.0,0.08199999999999999,0.08199999999999999,0.08199999999999999,10000117,2015-04-22,2015-04-22,C,2.85,2015-03-31
9474,2015-04-08 11:25:00,2015-04-08,0.0849,1698.0,2.0,3608.0,0.0849,0.0849,0.0849,10000117,2015-04-22,2015-04-22,C,2.85,2015-03-31
9475,2015-04-08 11:26:00,2015-04-08,0.0849,0.0,0.0,3608.0,0.0849,0.0849,0.0849,10000117,2015-04-22,2015-04-22,C,2.85,2015-03-31
9476,2015-04-08 11:27:00,2015-04-08,0.0849,8480.0,10.0,3617.0,0.084,0.0849,0.084,10000117,2015-04-22,2015-04-22,C,2.85,2015-03-31
9477,2015-04-08 11:28:00,2015-04-08,0.0895,5273.0,6.0,3618.0,0.0869,0.0895,0.0869,10000117,2015-04-22,2015-04-22,C,2.85,2015-03-31
9478,2015-04-08 11:29:00,2015-04-08,0.092,45068.0,50.0,3658.0,0.0895,0.0919,0.0895,10000117,2015-04-22,2015-04-22,C,2.85,2015-03-31
9479,2015-04-08 11:30:00,2015-04-08,0.0949,68016.0,73.0,3715.0,0.0922,0.0945,0.092,10000117,2015-04-22,2015-04-22,C,2.85,2015-03-31
9480,2015-04-08 13:01:00,2015-04-08,0.0957,61655.0,65.0,3740.0,0.0948,0.095,0.0944,10000117,2015-04-22,2015-04-22,C,2.85,2015-03-31
9481,2015-04-08 13:02:00,2015-04-08,0.0959,22966.0,24.0,3754.0,0.0957,0.0959,0.0957,10000117,2015-04-22,2015-04-22,C,2.85,2015-03-31
9482,2015-04-08 13:03:00,2015-04-08,0.0965,36252.0,38.0,3772.0,0.0964,0.0965,0.0937,10000117,2015-04-22,2015-04-22,C,2.85,2015-03-31
9483,2015-04-08 13:04:00,2015-04-08,0.0965,40324.0,42.0,3795.0,0.0953,0.0958,0.0953,10000117,2015-04-22,2015-04-22,C,2.85,2015-03-31
9484,2015-04-08 13:05:00,2015-04-08,0.0989,36848.0,38.0,3802.0,0.0965,0.0989,0.0965,10000117,2015-04-22,2015-04-22,C,2.85,2015-03-31
9485,2015-04-08 13:06:00,2015-04-08,0.099,21593.0,22.0,3813.0,0.099,0.0972,0.0972,10000117,2015-04-22,2015-04-22,C,2.85,2015-03-31
9486,2015-04-08 13:07:00,2015-04-08,0.0973,9707.0,10.0,3812.0,0.0973,0.095,0.095,10000117,2015-04-22,2015-04-22,C,2.85,2015-03-31
9487,2015-04-08 13:08:00,2015-04-08,0.0937,937.0,1.0,3813.0,0.0937,0.0937,0.0937,10000117,2015-04-22,2015-04-22,C,2.85,2015-03-31
9488,2015-04-08 13:09:00,2015-04-08,0.095,18014.0,19.0,3810.0,0.0947,0.095,0.0947,10000117,2015-04-22,2015-04-22,C,2.85,2015-03-31
9489,2015-04-08 13:10:00,2015-04-08,0.0955,9519.0,10.0,3810.0,0.0955,0.0947,0.0947,10000117,2015-04-22,2015-04-22,C,2.85,2015-03-31
9490,2015-04-08 13:11:00,2015-04-08,0.095,9458.0,10.0,3810.0,0.0941,0.0942,0.0941,10000117,2015-04-22,2015-04-22,C,2.85,2015-03-31
9491,2015-04-08 13:12:00,2015-04-08,0.0954,10422.0,11.0,3810.0,0.0954,0.0954,0.0942,10000117,2015-04-22,2015-04-22,C,2.85,2015-03-31
9492,2015-04-08 13:13:00,2015-04-08,0.0958,16233.0,17.0,3804.0,0.0953,0.0958,0.0953,10000117,2015-04-22,2015-04-22,C,2.85,2015-03-31
9493,2015-04-08 13:14:00,2015-04-08,0.0958,0.0,0.0,3804.0,0.0958,0.0958,0.0958,10000117,2015-04-22,2015-04-22,C,2.85,2015-03-31
9494,2015-04-08 13:15:00,2015-04-08,0.0958,1916.0,2.0,3804.0,0.0958,0.0958,0.0958,10000117,2015-04-22,2015-04-22,C,2.85,2015-03-31
9495,2015-04-08 13:16:00,2015-04-08,0.0972,3885.0,4.0,3805.0,0.0971,0.0972,0.0971,10000117,2015-04-22,2015-04-22,C,2.85,2015-03-31
9496,2015-04-08 13:17:00,2015-04-08,0.098,26738.0,28.0,3806.0,0.0951,0.098,0.095,10000117,2015-04-22,2015-04-22,C,2.85,2015-03-31
9497,2015-04-08 13:18:00,2015-04-08,0.1014,102865.0,104.0,3810.0,0.0965,0.1014,0.0954,10000117,2015-04-22,2015-04-22,C,2.85,2015-03-31
9498,2015-04-08 13:19:00,2015-04-08,0.1058,9406.0,9.0,3818.0,0.1032,0.1058,0.1032,10000117,2015-04-22,2015-04-22,C,2.85,2015-03-31
9499,2015-04-08 13:20:00,2015-04-08,0.1058,9521.0,9.0,3826.0,0.1057,0.1058,0.1057,10000117,2015-04-22,2015-04-22,C,2.85,2015-03-31
9500,2015-04-08 13:21:00,2015-04-08,0.1086,26928.0,25.0,3826.0,0.1058,0.1086,0.1058,10000117,2015-04-22,2015-04-22,C,2.85,2015-03-31
9501,2015-04-08 13:22:00,2015-04-08,0.1098,43144.0,40.0,3819.0,0.1098,0.1065,0.106,10000117,2015-04-22,2015-04-22,C,2.85,2015-03-31
9502,2015-04-08 13:23:00,2015-04-08,0.1089,24614.0,23.0,3806.0,0.1067,0.108,0.1064,10000117,2015-04-22,2015-04-22,C,2.85,2015-03-31
9503,2015-04-08 13:24:00,2015-04-08,0.1086,31270.0,29.0,3809.0,0.1082,0.1086,0.1066,10000117,2015-04-22,2015-04-22,C,2.85,2015-03-31
9504,2015-04-08 13:25:00,2015-04-08,0.1086,10692.0,10.0,3803.0,0.1086,0.1065,0.1065,10000117,2015-04-22,2015-04-22,C,2.85,2015-03-31
9505,2015-04-08 13:26:00,2015-04-08,0.1085,6490.0,6.0,3803.0,0.1065,0.1085,0.1065,10000117,2015-04-22,2015-04-22,C,2.85,2015-03-31
9506,2015-04-08 13:27:00,2015-04-08,0.1089,11969.0,11.0,3793.0,0.1088,0.1089,0.1088,10000117,2015-04-22,2015-04-22,C,2.85,2015-03-31
9507,2015-04-08 13:28:00,2015-04-08,0.1089,35468.0,33.0,3791.0,0.1089,0.1062,0.1062,10000117,2015-04-22,2015-04-22,C,2.85,2015-03-31
9508,2015-04-08 13:29:00,2015-04-08,0.1062,9558.0,9.0,3790.0,0.1062,0.1062,0.1062,10000117,2015-04-22,2015-04-22,C,2.85,2015-03-31
9509,2015-04-08 13:30:00,2015-04-08,0.1089,16325.0,15.0,3790.0,0.1088,0.1089,0.1088,10000117,2015-04-22,2015-04-22,C,2.85,2015-03-31
9510,2015-04-08 13:31:00,2015-04-08,0.112,77140.0,70.0,3782.0,0.109,0.112,0.109,10000117,2015-04-22,2015-04-22,C,2.85,2015-03-31
9511,2015-04-08 13:32:00,2015-04-08,0.1127,23481.0,21.0,3781.0,0.112,0.1127,0.109,10000117,2015-04-22,2015-04-22,C,2.85,2015-03-31
9512,2015-04-08 13:33:00,2015-04-08,0.1102,13040.0,12.0,3777.0,0.1102,0.1102,0.1102,10000117,2015-04-22,2015-04-22,C,2.85,2015-03-31
9513,2015-04-08 13:34:00,2015-04-08,0.1102,3301.0,3.0,3780.0,0.1099,0.11,0.1099,10000117,2015-04-22,2015-04-22,C,2.85,2015-03-31
9514,2015-04-08 13:35:00,2015-04-08,0.1082,8590.0,8.0,3778.0,0.1081,0.1082,0.1069,10000117,2015-04-22,2015-04-22,C,2.85,2015-03-31
9515,2015-04-08 13:36:00,2015-04-08,0.1081,2162.0,2.0,3778.0,0.1081,0.1081,0.1081,10000117,2015-04-22,2015-04-22,C,2.85,2015-03-31
9516,2015-04-08 13:37:00,2015-04-08,0.1075,2150.0,2.0,3778.0,0.1075,0.1075,0.1075,10000117,2015-04-22,2015-04-22,C,2.85,2015-03-31
9517,2015-04-08 13:38:00,2015-04-08,0.1075,16100.0,15.0,3770.0,0.1075,0.1062,0.1062,10000117,2015-04-22,2015-04-22,C,2.85,2015-03-31
9518,2015-04-08 13:39:00,2015-04-08,0.1105,32390.0,30.0,3752.0,0.1105,0.1071,0.1065,10000117,2015-04-22,2015-04-22,C,2.85,2015-03-31
9519,2015-04-08 13:40:00,2015-04-08,0.112,47632.0,43.0,3757.0,0.112,0.1104,0.1103,10000117,2015-04-22,2015-04-22,C,2.85,2015-03-31
9520,2015-04-08 13:41:00,2015-04-08,0.1063,27362.0,26.0,3756.0,0.1063,0.1029,0.1029,10000117,2015-04-22,2015-04-22,C,2.85,2015-03-31
9521,2015-04-08 13:42:00,2015-04-08,0.1029,0.0,0.0,3756.0,0.1029,0.1029,0.1029,10000117,2015-04-22,2015-04-22,C,2.85,2015-03-31
9522,2015-04-08 13:43:00,2015-04-08,0.1025,2031.0,2.0,3755.0,0.1006,0.1025,0.1006,10000117,2015-04-22,2015-04-22,C,2.85,2015-03-31
9523,2015-04-08 13:44:00,2015-04-08,0.1025,20445.0,20.0,3746.0,0.1025,0.102,0.102,10000117,2015-04-22,2015-04-22,C,2.85,2015-03-31
9524,2015-04-08 13:45:00,2015-04-08,0.1068,19865.0,19.0,3729.0,0.102,0.1068,0.102,10000117,2015-04-22,2015-04-22,C,2.85,2015-03-31
9525,2015-04-08 13:46:00,2015-04-08,0.1086,10860.0,10.0,3729.0,0.1086,0.1086,0.1086,10000117,2015-04-22,2015-04-22,C,2.85,2015-03-31
9526,2015-04-08 13:47:00,2015-04-08,0.1086,0.0,0.0,3729.0,0.1086,0.1086,0.1086,10000117,2015-04-22,2015-04-22,C,2.85,2015-03-31
9527,2015-04-08 13:48:00,2015-04-08,0.11,13191.0,12.0,3729.0,0.1099,0.11,0.1099,10000117,2015-04-22,2015-04-22,C,2.85,2015-03-31
9528,2015-04-08 13:49:00,2015-04-08,0.11,17600.0,16.0,3729.0,0.11,0.11,0.11,10000117,2015-04-22,2015-04-22,C,2.85,2015-03-31
9529,2015-04-08 13:50:00,2015-04-08,0.11,7654.0,7.0,3730.0,0.1077,0.11,0.1077,10000117,2015-04-22,2015-04-22,C,2.85,2015-03-31
9530,2015-04-08 13:51:00,2015-04-08,0.1077,6437.0,6.0,3725.0,0.1077,0.1072,0.1072,10000117,2015-04-22,2015-04-22,C,2.85,2015-03-31
9531,2015-04-08 13:52:00,2015-04-08,0.1068,8434.0,8.0,3725.0,0.1068,0.1046,0.1046,10000117,2015-04-22,2015-04-22,C,2.85,2015-03-31
9532,2015-04-08 13:53:00,2015-04-08,0.1077,3231.0,3.0,3725.0,0.1077,0.1077,0.1077,10000117,2015-04-22,2015-04-22,C,2.85,2015-03-31
9533,2015-04-08 13:54:00,2015-04-08,0.11,11930.0,11.0,3725.0,0.11,0.1083,0.1083,10000117,2015-04-22,2015-04-22,C,2.85,2015-03-31
9534,2015-04-08 13:55:00,2015-04-08,0.1083,7581.0,7.0,3727.0,0.1083,0.1083,0.1083,10000117,2015-04-22,2015-04-22,C,2.85,2015-03-31
9535,2015-04-08 13:56:00,2015-04-08,0.1083,0.0,0.0,3727.0,0.1083,0.1083,0.1083,10000117,2015-04-22,2015-04-22,C,2.85,2015-03-31
9536,2015-04-08 13:57:00,2015-04-08,0.11,11000.0,10.0,3727.0,0.11,0.11,0.11,10000117,2015-04-22,2015-04-22,C,2.85,2015-03-31
9537,2015-04-08 13:58:00,2015-04-08,0.11,0.0,0.0,3727.0,0.11,0.11,0.11,10000117,2015-04-22,2015-04-22,C,2.85,2015-03-31
9538,2015-04-08 13:59:00,2015-04-08,0.111,11924.0,11.0,3721.0,0.1079,0.111,0.1079,10000117,2015-04-22,2015-04-22,C,2.85,2015-03-31
9539,2015-04-08 14:00:00,2015-04-08,0.1124,22416.0,20.0,3724.0,0.111,0.1115,0.111,10000117,2015-04-22,2015-04-22,C,2.85,2015-03-31
9540,2015-04-08 14:01:00,2015-04-08,0.1125,26464.0,24.0,3718.0,0.1125,0.1097,0.1097,10000117,2015-04-22,2015-04-22,C,2.85,2015-03-31
9541,2015-04-08 14:02:00,2015-04-08,0.1097,0.0,0.0,3718.0,0.1097,0.1097,0.1097,10000117,2015-04-22,2015-04-22,C,2.85,2015-03-31
9542,2015-04-08 14:03:00,2015-04-08,0.107,1070.0,1.0,3717.0,0.107,0.107,0.107,10000117,2015-04-22,2015-04-22,C,2.85,2015-03-31
9543,2015-04-08 14:04:00,2015-04-08,0.107,9630.0,9.0,3711.0,0.107,0.107,0.107,10000117,2015-04-22,2015-04-22,C,2.85,2015-03-31
9544,2015-04-08 14:05:00,2015-04-08,0.107,6302.0,6.0,3714.0,0.105,0.1032,0.1032,10000117,2015-04-22,2015-04-22,C,2.85,2015-03-31
9545,2015-04-08 14:06:00,2015-04-08,0.1033,4124.0,4.0,3712.0,0.1033,0.1033,0.1033,10000117,2015-04-22,2015-04-22,C,2.85,2015-03-31
9546,2015-04-08 14:07:00,2015-04-08,0.1023,6132.0,6.0,3717.0,0.1017,0.1023,0.1017,10000117,2015-04-22,2015-04-22,C,2.85,2015-03-31
9547,2015-04-08 14:08:00,2015-04-08,0.107,18064.0,17.0,3728.0,0.1048,0.107,0.1048,10000117,2015-04-22,2015-04-22,C,2.85,2015-03-31
9548,2015-04-08 14:09:00,2015-04-08,0.107,0.0,0.0,3728.0,0.107,0.107,0.107,10000117,2015-04-22,2015-04-22,C,2.85,2015-03-31
9549,2015-04-08 14:10:00,2015-04-08,0.1108,1108.0,1.0,3727.0,0.1108,0.1108,0.1108,10000117,2015-04-22,2015-04-22,C,2.85,2015-03-31
9550,2015-04-08 14:11:00,2015-04-08,0.1101,1101.0,1.0,3726.0,0.1101,0.1101,0.1101,10000117,2015-04-22,2015-04-22,C,2.85,2015-03-31
9551,2015-04-08 14:12:00,2015-04-08,0.1101,1101.0,1.0,3725.0,0.1101,0.1101,0.1101,10000117,2015-04-22,2015-04-22,C,2.85,2015-03-31
9552,2015-04-08 14:13:00,2015-04-08,0.1099,1099.0,1.0,3725.0,0.1099,0.1099,0.1099,10000117,2015-04-22,2015-04-22,C,2.85,2015-03-31
9553,2015-04-08 14:14:00,2015-04-08,0.109,5450.0,5.0,3720.0,0.109,0.109,0.109,10000117,2015-04-22,2015-04-22,C,2.85,2015-03-31
9554,2015-04-08 14:15:00,2015-04-08,0.109,0.0,0.0,3720.0,0.109,0.109,0.109,10000117,2015-04-22,2015-04-22,C,2.85,2015-03-31
9555,2015-04-08 14:16:00,2015-04-08,0.109,0.0,0.0,3720.0,0.109,0.109,0.109,10000117,2015-04-22,2015-04-22,C,2.85,2015-03-31
9556,2015-04-08 14:17:00,2015-04-08,0.1064,10640.0,10.0,3710.0,0.1064,0.1064,0.1064,10000117,2015-04-22,2015-04-22,C,2.85,2015-03-31
9557,2015-04-08 14:18:00,2015-04-08,0.1008,10065.0,10.0,3705.0,0.1005,0.1008,0.1005,10000117,2015-04-22,2015-04-22,C,2.85,2015-03-31
9558,2015-04-08 14:19:00,2015-04-08,0.101,11103.0,11.0,3705.0,0.101,0.1003,0.1003,10000117,2015-04-22,2015-04-22,C,2.85,2015-03-31
9559,2015-04-08 14:20:00,2015-04-08,0.0981,9790.0,10.0,3701.0,0.0981,0.0977,0.0977,10000117,2015-04-22,2015-04-22,C,2.85,2015-03-31
9560,2015-04-08 14:21:00,2015-04-08,0.103,3979.0,4.0,3698.0,0.103,0.0982,0.0982,10000117,2015-04-22,2015-04-22,C,2.85,2015-03-31
9561,2015-04-08 14:22:00,2015-04-08,0.0982,7856.0,8.0,3697.0,0.0982,0.0982,0.0982,10000117,2015-04-22,2015-04-22,C,2.85,2015-03-31
9562,2015-04-08 14:23:00,2015-04-08,0.0982,0.0,0.0,3697.0,0.0982,0.0982,0.0982,10000117,2015-04-22,2015-04-22,C,2.85,2015-03-31
9563,2015-04-08 14:24:00,2015-04-08,0.097,970.0,1.0,3698.0,0.097,0.097,0.097,10000117,2015-04-22,2015-04-22,C,2.85,2015-03-31
9564,2015-04-08 14:25:00,2015-04-08,0.097,3880.0,4.0,3702.0,0.097,0.097,0.097,10000117,2015-04-22,2015-04-22,C,2.85,2015-03-31
9565,2015-04-08 14:26:00,2015-04-08,0.0971,26768.0,28.0,3689.0,0.0971,0.094,0.094,10000117,2015-04-22,2015-04-22,C,2.85,2015-03-31
9566,2015-04-08 14:27:00,2015-04-08,0.0941,13063.0,14.0,3694.0,0.0941,0.092,0.092,10000117,2015-04-22,2015-04-22,C,2.85,2015-03-31
9567,2015-04-08 14:28:00,2015-04-08,0.0963,9630.0,10.0,3694.0,0.0963,0.0963,0.0963,10000117,2015-04-22,2015-04-22,C,2.85,2015-03-31
9568,2015-04-08 14:29:00,2015-04-08,0.097,10636.0,11.0,3694.0,0.0936,0.097,0.0936,10000117,2015-04-22,2015-04-22,C,2.85,2015-03-31
9569,2015-04-08 14:30:00,2015-04-08,0.097,0.0,0.0,3694.0,0.097,0.097,0.097,10000117,2015-04-22,2015-04-22,C,2.85,2015-03-31
9570,2015-04-08 14:31:00,2015-04-08,0.0971,4855.0,5.0,3694.0,0.0971,0.0971,0.0971,10000117,2015-04-22,2015-04-22,C,2.85,2015-03-31
9571,2015-04-08 14:32:00,2015-04-08,0.0989,4945.0,5.0,3694.0,0.0989,0.0989,0.0989,10000117,2015-04-22,2015-04-22,C,2.85,2015-03-31
9572,2015-04-08 14:33:00,2015-04-08,0.0989,0.0,0.0,3694.0,0.0989,0.0989,0.0989,10000117,2015-04-22,2015-04-22,C,2.85,2015-03-31
9573,2015-04-08 14:34:00,2015-04-08,0.0989,0.0,0.0,3694.0,0.0989,0.0989,0.0989,10000117,2015-04-22,2015-04-22,C,2.85,2015-03-31
9574,2015-04-08 14:35:00,2015-04-08,0.1009,2018.0,2.0,3694.0,0.1009,0.1009,0.1009,10000117,2015-04-22,2015-04-22,C,2.85,2015-03-31
9575,2015-04-08 14:36:00,2015-04-08,0.1009,2018.0,2.0,3694.0,0.1009,0.1009,0.1009,10000117,2015-04-22,2015-04-22,C,2.85,2015-03-31
9576,2015-04-08 14:37:00,2015-04-08,0.1021,11220.0,11.0,3689.0,0.102,0.102,0.102,10000117,2015-04-22,2015-04-22,C,2.85,2015-03-31
9577,2015-04-08 14:38:00,2015-04-08,0.1,5000.0,5.0,3684.0,0.1,0.1,0.1,10000117,2015-04-22,2015-04-22,C,2.85,2015-03-31
9578,2015-04-08 14:39:00,2015-04-08,0.1005,1005.0,1.0,3684.0,0.1005,0.1005,0.1005,10000117,2015-04-22,2015-04-22,C,2.85,2015-03-31
9579,2015-04-08 14:40:00,2015-04-08,0.1005,2010.0,2.0,3684.0,0.1005,0.1005,0.1005,10000117,2015-04-22,2015-04-22,C,2.85,2015-03-31
9580,2015-04-08 14:41:00,2015-04-08,0.1029,2034.0,2.0,3684.0,0.1005,0.1029,0.1005,10000117,2015-04-22,2015-04-22,C,2.85,2015-03-31
9581,2015-04-08 14:42:00,2015-04-08,0.1029,0.0,0.0,3684.0,0.1029,0.1029,0.1029,10000117,2015-04-22,2015-04-22,C,2.85,2015-03-31
9582,2015-04-08 14:43:00,2015-04-08,0.1029,0.0,0.0,3684.0,0.1029,0.1029,0.1029,10000117,2015-04-22,2015-04-22,C,2.85,2015-03-31
9583,2015-04-08 14:44:00,2015-04-08,0.1054,92767.0,89.0,3729.0,0.103,0.1054,0.103,10000117,2015-04-22,2015-04-22,C,2.85,2015-03-31
9584,2015-04-08 14:45:00,2015-04-08,0.109,8651.0,8.0,3723.0,0.109,0.1055,0.1055,10000117,2015-04-22,2015-04-22,C,2.85,2015-03-31
9585,2015-04-08 14:46:00,2015-04-08,0.1078,5387.0,5.0,3723.0,0.1077,0.1078,0.1077,10000117,2015-04-22,2015-04-22,C,2.85,2015-03-31
9586,2015-04-08 14:47:00,2015-04-08,0.1092,14933.0,14.0,3721.0,0.1056,0.1092,0.1056,10000117,2015-04-22,2015-04-22,C,2.85,2015-03-31
9587,2015-04-08 14:48:00,2015-04-08,0.105,5250.0,5.0,3726.0,0.105,0.105,0.105,10000117,2015-04-22,2015-04-22,C,2.85,2015-03-31
9588,2015-04-08 14:49:00,2015-04-08,0.105,4190.0,4.0,3726.0,0.1045,0.105,0.1045,10000117,2015-04-22,2015-04-22,C,2.85,2015-03-31
9589,2015-04-08 14:50:00,2015-04-08,0.107,2110.0,2.0,3726.0,0.104,0.107,0.104,10000117,2015-04-22,2015-04-22,C,2.85,2015-03-31
9590,2015-04-08 14:51:00,2015-04-08,0.109,2180.0,2.0,3724.0,0.109,0.109,0.109,10000117,2015-04-22,2015-04-22,C,2.85,2015-03-31
9591,2015-04-08 14:52:00,2015-04-08,0.109,0.0,0.0,3724.0,0.109,0.109,0.109,10000117,2015-04-22,2015-04-22,C,2.85,2015-03-31
9592,2015-04-08 14:53:00,2015-04-08,0.1058,3172.0,3.0,3723.0,0.1057,0.1058,0.1057,10000117,2015-04-22,2015-04-22,C,2.85,2015-03-31
9593,2015-04-08 14:54:00,2015-04-08,0.1054,1054.0,1.0,3723.0,0.1054,0.1054,0.1054,10000117,2015-04-22,2015-04-22,C,2.85,2015-03-31
9594,2015-04-08 14:55:00,2015-04-08,0.1089,15204.0,14.0,3724.0,0.1088,0.1089,0.1073,10000117,2015-04-22,2015-04-22,C,2.85,2015-03-31
9595,2015-04-08 14:56:00,2015-04-08,0.1089,7623.0,7.0,3724.0,0.1089,0.1089,0.1089,10000117,2015-04-22,2015-04-22,C,2.85,2015-03-31
9596,2015-04-08 14:57:00,2015-04-08,0.1089,2178.0,2.0,3724.0,0.1089,0.1089,0.1089,10000117,2015-04-22,2015-04-22,C,2.85,2015-03-31
9597,2015-04-08 14:58:00,2015-04-08,0.1089,0.0,0.0,3724.0,0.1089,0.1089,0.1089,10000117,2015-04-22,2015-04-22,C,2.85,2015-03-31
9598,2015-04-08 14:59:00,2015-04-08,0.1089,0.0,0.0,3724.0,0.1089,0.1089,0.1089,10000117,2015-04-22,2015-04-22,C,2.85,2015-03-31
9599,2015-04-08 15:00:00,2015-04-08,0.1092,10920.0,10.0,3607.0,0.1092,0.1092,0.1092,10000117,2015-04-22,2015-04-22,C,2.85,2015-03-31
9600,2015-04-08 09:31:00,2015-04-08,0.5525,119450.0,22.0,947.0,0.542,0.5525,0.542,10000013,2015-04-22,2015-04-22,C,2.3,2015-02-09
9601,2015-04-08 09:32:00,2015-04-08,0.55,27500.0,5.0,947.0,0.55,0.55,0.55,10000013,2015-04-22,2015-04-22,C,2.3,2015-02-09
9602,2015-04-08 09:33:00,2015-04-08,0.55,0.0,0.0,947.0,0.55,0.55,0.55,10000013,2015-04-22,2015-04-22,C,2.3,2015-02-09
9603,2015-04-08 09:34:00,2015-04-08,0.55,0.0,0.0,947.0,0.55,0.55,0.55,10000013,2015-04-22,2015-04-22,C,2.3,2015-02-09
9604,2015-04-08 09:35:00,2015-04-08,0.55,0.0,0.0,947.0,0.55,0.55,0.55,10000013,2015-04-22,2015-04-22,C,2.3,2015-02-09
9605,2015-04-08 09:36:00,2015-04-08,0.55,0.0,0.0,947.0,0.55,0.55,0.55,10000013,2015-04-22,2015-04-22,C,2.3,2015-02-09
9606,2015-04-08 09:37:00,2015-04-08,0.55,0.0,0.0,947.0,0.55,0.55,0.55,10000013,2015-04-22,2015-04-22,C,2.3,2015-02-09
9607,2015-04-08 09:38:00,2015-04-08,0.55,0.0,0.0,947.0,0.55,0.55,0.55,10000013,2015-04-22,2015-04-22,C,2.3,2015-02-09
9608,2015-04-08 09:39:00,2015-04-08,0.531,21240.0,4.0,943.0,0.531,0.531,0.531,10000013,2015-04-22,2015-04-22,C,2.3,2015-02-09
9609,2015-04-08 09:40:00,2015-04-08,0.531,0.0,0.0,943.0,0.531,0.531,0.531,10000013,2015-04-22,2015-04-22,C,2.3,2015-02-09
9610,2015-04-08 09:41:00,2015-04-08,0.531,0.0,0.0,943.0,0.531,0.531,0.531,10000013,2015-04-22,2015-04-22,C,2.3,2015-02-09
9611,2015-04-08 09:42:00,2015-04-08,0.545,5450.0,1.0,943.0,0.545,0.545,0.545,10000013,2015-04-22,2015-04-22,C,2.3,2015-02-09
9612,2015-04-08 09:43:00,2015-04-08,0.545,10900.0,2.0,941.0,0.545,0.545,0.545,10000013,2015-04-22,2015-04-22,C,2.3,2015-02-09
9613,2015-04-08 09:44:00,2015-04-08,0.545,5450.0,1.0,941.0,0.545,0.545,0.545,10000013,2015-04-22,2015-04-22,C,2.3,2015-02-09
9614,2015-04-08 09:45:00,2015-04-08,0.545,5450.0,1.0,940.0,0.545,0.545,0.545,10000013,2015-04-22,2015-04-22,C,2.3,2015-02-09
9615,2015-04-08 09:46:00,2015-04-08,0.545,0.0,0.0,940.0,0.545,0.545,0.545,10000013,2015-04-22,2015-04-22,C,2.3,2015-02-09
9616,2015-04-08 09:47:00,2015-04-08,0.55,27500.0,5.0,935.0,0.55,0.55,0.55,10000013,2015-04-22,2015-04-22,C,2.3,2015-02-09
9617,2015-04-08 09:48:00,2015-04-08,0.55,0.0,0.0,935.0,0.55,0.55,0.55,10000013,2015-04-22,2015-04-22,C,2.3,2015-02-09
9618,2015-04-08 09:49:00,2015-04-08,0.55,0.0,0.0,935.0,0.55,0.55,0.55,10000013,2015-04-22,2015-04-22,C,2.3,2015-02-09
9619,2015-04-08 09:50:00,2015-04-08,0.55,0.0,0.0,935.0,0.55,0.55,0.55,10000013,2015-04-22,2015-04-22,C,2.3,2015-02-09
9620,2015-04-08 09:51:00,2015-04-08,0.55,0.0,0.0,935.0,0.55,0.55,0.55,10000013,2015-04-22,2015-04-22,C,2.3,2015-02-09
9621,2015-04-08 09:52:00,2015-04-08,0.55,0.0,0.0,935.0,0.55,0.55,0.55,10000013,2015-04-22,2015-04-22,C,2.3,2015-02-09
9622,2015-04-08 09:53:00,2015-04-08,0.5529999999999999,27650.0,5.0,935.0,0.5529999999999999,0.5529999999999999,0.5529999999999999,10000013,2015-04-22,2015-04-22,C,2.3,2015-02-09
9623,2015-04-08 09:54:00,2015-04-08,0.5529999999999999,0.0,0.0,935.0,0.5529999999999999,0.5529999999999999,0.5529999999999999,10000013,2015-04-22,2015-04-22,C,2.3,2015-02-09
9624,2015-04-08 09:55:00,2015-04-08,0.5549,5549.0,1.0,934.0,0.5549,0.5549,0.5549,10000013,2015-04-22,2015-04-22,C,2.3,2015-02-09
9625,2015-04-08 09:56:00,2015-04-08,0.563,28054.0,5.0,930.0,0.56,0.563,0.56,10000013,2015-04-22,2015-04-22,C,2.3,2015-02-09
9626,2015-04-08 09:57:00,2015-04-08,0.563,0.0,0.0,930.0,0.563,0.563,0.563,10000013,2015-04-22,2015-04-22,C,2.3,2015-02-09
9627,2015-04-08 09:58:00,2015-04-08,0.563,0.0,0.0,930.0,0.563,0.563,0.563,10000013,2015-04-22,2015-04-22,C,2.3,2015-02-09
9628,2015-04-08 09:59:00,2015-04-08,0.563,0.0,0.0,930.0,0.563,0.563,0.563,10000013,2015-04-22,2015-04-22,C,2.3,2015-02-09
9629,2015-04-08 10:00:00,2015-04-08,0.563,0.0,0.0,930.0,0.563,0.563,0.563,10000013,2015-04-22,2015-04-22,C,2.3,2015-02-09
9630,2015-04-08 10:01:00,2015-04-08,0.563,0.0,0.0,930.0,0.563,0.563,0.563,10000013,2015-04-22,2015-04-22,C,2.3,2015-02-09
9631,2015-04-08 10:02:00,2015-04-08,0.5621,22484.0,4.0,926.0,0.5621,0.5621,0.5621,10000013,2015-04-22,2015-04-22,C,2.3,2015-02-09
9632,2015-04-08 10:03:00,2015-04-08,0.5621,0.0,0.0,926.0,0.5621,0.5621,0.5621,10000013,2015-04-22,2015-04-22,C,2.3,2015-02-09
9633,2015-04-08 10:04:00,2015-04-08,0.5621,0.0,0.0,926.0,0.5621,0.5621,0.5621,10000013,2015-04-22,2015-04-22,C,2.3,2015-02-09
9634,2015-04-08 10:05:00,2015-04-08,0.5621,0.0,0.0,926.0,0.5621,0.5621,0.5621,10000013,2015-04-22,2015-04-22,C,2.3,2015-02-09
9635,2015-04-08 10:06:00,2015-04-08,0.5621,0.0,0.0,926.0,0.5621,0.5621,0.5621,10000013,2015-04-22,2015-04-22,C,2.3,2015-02-09
9636,2015-04-08 10:07:00,2015-04-08,0.5621,0.0,0.0,926.0,0.5621,0.5621,0.5621,10000013,2015-04-22,2015-04-22,C,2.3,2015-02-09
9637,2015-04-08 10:08:00,2015-04-08,0.5621,0.0,0.0,926.0,0.5621,0.5621,0.5621,10000013,2015-04-22,2015-04-22,C,2.3,2015-02-09
9638,2015-04-08 10:09:00,2015-04-08,0.5526,55260.0,10.0,916.0,0.5526,0.5526,0.5526,10000013,2015-04-22,2015-04-22,C,2.3,2015-02-09
9639,2015-04-08 10:10:00,2015-04-08,0.5526,0.0,0.0,916.0,0.5526,0.5526,0.5526,10000013,2015-04-22,2015-04-22,C,2.3,2015-02-09
9640,2015-04-08 10:11:00,2015-04-08,0.5526,0.0,0.0,916.0,0.5526,0.5526,0.5526,10000013,2015-04-22,2015-04-22,C,2.3,2015-02-09
9641,2015-04-08 10:12:00,2015-04-08,0.5473,27365.0,5.0,911.0,0.5473,0.5473,0.5473,10000013,2015-04-22,2015-04-22,C,2.3,2015-02-09
9642,2015-04-08 10:13:00,2015-04-08,0.5473,0.0,0.0,911.0,0.5473,0.5473,0.5473,10000013,2015-04-22,2015-04-22,C,2.3,2015-02-09
9643,2015-04-08 10:14:00,2015-04-08,0.5473,0.0,0.0,911.0,0.5473,0.5473,0.5473,10000013,2015-04-22,2015-04-22,C,2.3,2015-02-09
9644,2015-04-08 10:15:00,2015-04-08,0.5473,0.0,0.0,911.0,0.5473,0.5473,0.5473,10000013,2015-04-22,2015-04-22,C,2.3,2015-02-09
9645,2015-04-08 10:16:00,2015-04-08,0.5473,0.0,0.0,911.0,0.5473,0.5473,0.5473,10000013,2015-04-22,2015-04-22,C,2.3,2015-02-09
9646,2015-04-08 10:17:00,2015-04-08,0.5407,54070.0,10.0,901.0,0.5407,0.5407,0.5407,10000013,2015-04-22,2015-04-22,C,2.3,2015-02-09
9647,2015-04-08 10:18:00,2015-04-08,0.5407,0.0,0.0,901.0,0.5407,0.5407,0.5407,10000013,2015-04-22,2015-04-22,C,2.3,2015-02-09
9648,2015-04-08 10:19:00,2015-04-08,0.5407,0.0,0.0,901.0,0.5407,0.5407,0.5407,10000013,2015-04-22,2015-04-22,C,2.3,2015-02-09
9649,2015-04-08 10:20:00,2015-04-08,0.5397,53970.0,10.0,891.0,0.5397,0.5397,0.5397,10000013,2015-04-22,2015-04-22,C,2.3,2015-02-09
9650,2015-04-08 10:21:00,2015-04-08,0.5397,0.0,0.0,891.0,0.5397,0.5397,0.5397,10000013,2015-04-22,2015-04-22,C,2.3,2015-02-09
9651,2015-04-08 10:22:00,2015-04-08,0.5397,0.0,0.0,891.0,0.5397,0.5397,0.5397,10000013,2015-04-22,2015-04-22,C,2.3,2015-02-09
9652,2015-04-08 10:23:00,2015-04-08,0.55,27500.0,5.0,896.0,0.55,0.55,0.55,10000013,2015-04-22,2015-04-22,C,2.3,2015-02-09
9653,2015-04-08 10:24:00,2015-04-08,0.5489999999999999,10980.0,2.0,898.0,0.5489999999999999,0.5489999999999999,0.5489999999999999,10000013,2015-04-22,2015-04-22,C,2.3,2015-02-09
9654,2015-04-08 10:25:00,2015-04-08,0.5489999999999999,0.0,0.0,898.0,0.5489999999999999,0.5489999999999999,0.5489999999999999,10000013,2015-04-22,2015-04-22,C,2.3,2015-02-09
9655,2015-04-08 10:26:00,2015-04-08,0.5489999999999999,0.0,0.0,898.0,0.5489999999999999,0.5489999999999999,0.5489999999999999,10000013,2015-04-22,2015-04-22,C,2.3,2015-02-09
9656,2015-04-08 10:27:00,2015-04-08,0.5489999999999999,0.0,0.0,898.0,0.5489999999999999,0.5489999999999999,0.5489999999999999,10000013,2015-04-22,2015-04-22,C,2.3,2015-02-09
9657,2015-04-08 10:28:00,2015-04-08,0.5489999999999999,0.0,0.0,898.0,0.5489999999999999,0.5489999999999999,0.5489999999999999,10000013,2015-04-22,2015-04-22,C,2.3,2015-02-09
9658,2015-04-08 10:29:00,2015-04-08,0.5489999999999999,0.0,0.0,898.0,0.5489999999999999,0.5489999999999999,0.5489999999999999,10000013,2015-04-22,2015-04-22,C,2.3,2015-02-09
9659,2015-04-08 10:30:00,2015-04-08,0.5489999999999999,0.0,0.0,898.0,0.5489999999999999,0.5489999999999999,0.5489999999999999,10000013,2015-04-22,2015-04-22,C,2.3,2015-02-09
9660,2015-04-08 10:31:00,2015-04-08,0.5489999999999999,0.0,0.0,898.0,0.5489999999999999,0.5489999999999999,0.5489999999999999,10000013,2015-04-22,2015-04-22,C,2.3,2015-02-09
9661,2015-04-08 10:32:00,2015-04-08,0.5489999999999999,0.0,0.0,898.0,0.5489999999999999,0.5489999999999999,0.5489999999999999,10000013,2015-04-22,2015-04-22,C,2.3,2015-02-09
9662,2015-04-08 10:33:00,2015-04-08,0.5489999999999999,0.0,0.0,898.0,0.5489999999999999,0.5489999999999999,0.5489999999999999,10000013,2015-04-22,2015-04-22,C,2.3,2015-02-09
9663,2015-04-08 10:34:00,2015-04-08,0.5489999999999999,0.0,0.0,898.0,0.5489999999999999,0.5489999999999999,0.5489999999999999,10000013,2015-04-22,2015-04-22,C,2.3,2015-02-09
9664,2015-04-08 10:35:00,2015-04-08,0.5489999999999999,0.0,0.0,898.0,0.5489999999999999,0.5489999999999999,0.5489999999999999,10000013,2015-04-22,2015-04-22,C,2.3,2015-02-09
9665,2015-04-08 10:36:00,2015-04-08,0.5489999999999999,0.0,0.0,898.0,0.5489999999999999,0.5489999999999999,0.5489999999999999,10000013,2015-04-22,2015-04-22,C,2.3,2015-02-09
9666,2015-04-08 10:37:00,2015-04-08,0.5741,5741.0,1.0,899.0,0.5741,0.5741,0.5741,10000013,2015-04-22,2015-04-22,C,2.3,2015-02-09
9667,2015-04-08 10:38:00,2015-04-08,0.5741,0.0,0.0,899.0,0.5741,0.5741,0.5741,10000013,2015-04-22,2015-04-22,C,2.3,2015-02-09
9668,2015-04-08 10:39:00,2015-04-08,0.5741,5741.0,1.0,900.0,0.5741,0.5741,0.5741,10000013,2015-04-22,2015-04-22,C,2.3,2015-02-09
9669,2015-04-08 10:40:00,2015-04-08,0.5741,0.0,0.0,900.0,0.5741,0.5741,0.5741,10000013,2015-04-22,2015-04-22,C,2.3,2015-02-09
9670,2015-04-08 10:41:00,2015-04-08,0.5741,0.0,0.0,900.0,0.5741,0.5741,0.5741,10000013,2015-04-22,2015-04-22,C,2.3,2015-02-09
9671,2015-04-08 10:42:00,2015-04-08,0.5741,0.0,0.0,900.0,0.5741,0.5741,0.5741,10000013,2015-04-22,2015-04-22,C,2.3,2015-02-09
9672,2015-04-08 10:43:00,2015-04-08,0.5741,0.0,0.0,900.0,0.5741,0.5741,0.5741,10000013,2015-04-22,2015-04-22,C,2.3,2015-02-09
9673,2015-04-08 10:44:00,2015-04-08,0.5741,0.0,0.0,900.0,0.5741,0.5741,0.5741,10000013,2015-04-22,2015-04-22,C,2.3,2015-02-09
9674,2015-04-08 10:45:00,2015-04-08,0.5741,0.0,0.0,900.0,0.5741,0.5741,0.5741,10000013,2015-04-22,2015-04-22,C,2.3,2015-02-09
9675,2015-04-08 10:46:00,2015-04-08,0.5741,0.0,0.0,900.0,0.5741,0.5741,0.5741,10000013,2015-04-22,2015-04-22,C,2.3,2015-02-09
9676,2015-04-08 10:47:00,2015-04-08,0.5741,0.0,0.0,900.0,0.5741,0.5741,0.5741,10000013,2015-04-22,2015-04-22,C,2.3,2015-02-09
9677,2015-04-08 10:48:00,2015-04-08,0.5741,0.0,0.0,900.0,0.5741,0.5741,0.5741,10000013,2015-04-22,2015-04-22,C,2.3,2015-02-09
9678,2015-04-08 10:49:00,2015-04-08,0.5741,0.0,0.0,900.0,0.5741,0.5741,0.5741,10000013,2015-04-22,2015-04-22,C,2.3,2015-02-09
9679,2015-04-08 10:50:00,2015-04-08,0.5741,0.0,0.0,900.0,0.5741,0.5741,0.5741,10000013,2015-04-22,2015-04-22,C,2.3,2015-02-09
9680,2015-04-08 10:51:00,2015-04-08,0.5583,167220.0,30.0,910.0,0.5583,0.5567,0.5567,10000013,2015-04-22,2015-04-22,C,2.3,2015-02-09
9681,2015-04-08 10:52:00,2015-04-08,0.5481,5481.0,1.0,910.0,0.5481,0.5481,0.5481,10000013,2015-04-22,2015-04-22,C,2.3,2015-02-09
9682,2015-04-08 10:53:00,2015-04-08,0.5481,141956.0,26.0,925.0,0.5481,0.5459,0.5459,10000013,2015-04-22,2015-04-22,C,2.3,2015-02-09
9683,2015-04-08 10:54:00,2015-04-08,0.5454,81785.0,15.0,930.0,0.5454,0.5449,0.5449,10000013,2015-04-22,2015-04-22,C,2.3,2015-02-09
9684,2015-04-08 10:55:00,2015-04-08,0.5449,0.0,0.0,930.0,0.5449,0.5449,0.5449,10000013,2015-04-22,2015-04-22,C,2.3,2015-02-09
9685,2015-04-08 10:56:00,2015-04-08,0.5449,0.0,0.0,930.0,0.5449,0.5449,0.5449,10000013,2015-04-22,2015-04-22,C,2.3,2015-02-09
9686,2015-04-08 10:57:00,2015-04-08,0.5449,0.0,0.0,930.0,0.5449,0.5449,0.5449,10000013,2015-04-22,2015-04-22,C,2.3,2015-02-09
9687,2015-04-08 10:58:00,2015-04-08,0.5379,69909.0,13.0,941.0,0.5379,0.5361,0.5361,10000013,2015-04-22,2015-04-22,C,2.3,2015-02-09
9688,2015-04-08 10:59:00,2015-04-08,0.5361,0.0,0.0,941.0,0.5361,0.5361,0.5361,10000013,2015-04-22,2015-04-22,C,2.3,2015-02-09
9689,2015-04-08 11:00:00,2015-04-08,0.5361,0.0,0.0,941.0,0.5361,0.5361,0.5361,10000013,2015-04-22,2015-04-22,C,2.3,2015-02-09
9690,2015-04-08 11:01:00,2015-04-08,0.5361,0.0,0.0,941.0,0.5361,0.5361,0.5361,10000013,2015-04-22,2015-04-22,C,2.3,2015-02-09
9691,2015-04-08 11:02:00,2015-04-08,0.5361,0.0,0.0,941.0,0.5361,0.5361,0.5361,10000013,2015-04-22,2015-04-22,C,2.3,2015-02-09
9692,2015-04-08 11:03:00,2015-04-08,0.5361,0.0,0.0,941.0,0.5361,0.5361,0.5361,10000013,2015-04-22,2015-04-22,C,2.3,2015-02-09
9693,2015-04-08 11:04:00,2015-04-08,0.5361,0.0,0.0,941.0,0.5361,0.5361,0.5361,10000013,2015-04-22,2015-04-22,C,2.3,2015-02-09
9694,2015-04-08 11:05:00,2015-04-08,0.5361,0.0,0.0,941.0,0.5361,0.5361,0.5361,10000013,2015-04-22,2015-04-22,C,2.3,2015-02-09
9695,2015-04-08 11:06:00,2015-04-08,0.5361,0.0,0.0,941.0,0.5361,0.5361,0.5361,10000013,2015-04-22,2015-04-22,C,2.3,2015-02-09
9696,2015-04-08 11:07:00,2015-04-08,0.5361,0.0,0.0,941.0,0.5361,0.5361,0.5361,10000013,2015-04-22,2015-04-22,C,2.3,2015-02-09
9697,2015-04-08 11:08:00,2015-04-08,0.5428,21712.0,4.0,944.0,0.5428,0.5428,0.5428,10000013,2015-04-22,2015-04-22,C,2.3,2015-02-09
9698,2015-04-08 11:09:00,2015-04-08,0.5428,0.0,0.0,944.0,0.5428,0.5428,0.5428,10000013,2015-04-22,2015-04-22,C,2.3,2015-02-09
9699,2015-04-08 11:10:00,2015-04-08,0.5428,0.0,0.0,944.0,0.5428,0.5428,0.5428,10000013,2015-04-22,2015-04-22,C,2.3,2015-02-09
9700,2015-04-08 11:11:00,2015-04-08,0.5428,0.0,0.0,944.0,0.5428,0.5428,0.5428,10000013,2015-04-22,2015-04-22,C,2.3,2015-02-09
9701,2015-04-08 11:12:00,2015-04-08,0.5428,0.0,0.0,944.0,0.5428,0.5428,0.5428,10000013,2015-04-22,2015-04-22,C,2.3,2015-02-09
9702,2015-04-08 11:13:00,2015-04-08,0.5428,0.0,0.0,944.0,0.5428,0.5428,0.5428,10000013,2015-04-22,2015-04-22,C,2.3,2015-02-09
9703,2015-04-08 11:14:00,2015-04-08,0.5428,0.0,0.0,944.0,0.5428,0.5428,0.5428,10000013,2015-04-22,2015-04-22,C,2.3,2015-02-09
9704,2015-04-08 11:15:00,2015-04-08,0.5428,0.0,0.0,944.0,0.5428,0.5428,0.5428,10000013,2015-04-22,2015-04-22,C,2.3,2015-02-09
9705,2015-04-08 11:16:00,2015-04-08,0.5428,0.0,0.0,944.0,0.5428,0.5428,0.5428,10000013,2015-04-22,2015-04-22,C,2.3,2015-02-09
9706,2015-04-08 11:17:00,2015-04-08,0.5428,0.0,0.0,944.0,0.5428,0.5428,0.5428,10000013,2015-04-22,2015-04-22,C,2.3,2015-02-09
9707,2015-04-08 11:18:00,2015-04-08,0.5428,0.0,0.0,944.0,0.5428,0.5428,0.5428,10000013,2015-04-22,2015-04-22,C,2.3,2015-02-09
9708,2015-04-08 11:19:00,2015-04-08,0.5428,0.0,0.0,944.0,0.5428,0.5428,0.5428,10000013,2015-04-22,2015-04-22,C,2.3,2015-02-09
9709,2015-04-08 11:20:00,2015-04-08,0.5428,0.0,0.0,944.0,0.5428,0.5428,0.5428,10000013,2015-04-22,2015-04-22,C,2.3,2015-02-09
9710,2015-04-08 11:21:00,2015-04-08,0.5428,0.0,0.0,944.0,0.5428,0.5428,0.5428,10000013,2015-04-22,2015-04-22,C,2.3,2015-02-09
9711,2015-04-08 11:22:00,2015-04-08,0.5428,0.0,0.0,944.0,0.5428,0.5428,0.5428,10000013,2015-04-22,2015-04-22,C,2.3,2015-02-09
9712,2015-04-08 11:23:00,2015-04-08,0.5428,0.0,0.0,944.0,0.5428,0.5428,0.5428,10000013,2015-04-22,2015-04-22,C,2.3,2015-02-09
9713,2015-04-08 11:24:00,2015-04-08,0.5428,0.0,0.0,944.0,0.5428,0.5428,0.5428,10000013,2015-04-22,2015-04-22,C,2.3,2015-02-09
9714,2015-04-08 11:25:00,2015-04-08,0.5428,0.0,0.0,944.0,0.5428,0.5428,0.5428,10000013,2015-04-22,2015-04-22,C,2.3,2015-02-09
9715,2015-04-08 11:26:00,2015-04-08,0.5428,0.0,0.0,944.0,0.5428,0.5428,0.5428,10000013,2015-04-22,2015-04-22,C,2.3,2015-02-09
9716,2015-04-08 11:27:00,2015-04-08,0.5428,0.0,0.0,944.0,0.5428,0.5428,0.5428,10000013,2015-04-22,2015-04-22,C,2.3,2015-02-09
9717,2015-04-08 11:28:00,2015-04-08,0.5428,0.0,0.0,944.0,0.5428,0.5428,0.5428,10000013,2015-04-22,2015-04-22,C,2.3,2015-02-09
9718,2015-04-08 11:29:00,2015-04-08,0.5428,0.0,0.0,944.0,0.5428,0.5428,0.5428,10000013,2015-04-22,2015-04-22,C,2.3,2015-02-09
9719,2015-04-08 11:30:00,2015-04-08,0.5428,0.0,0.0,944.0,0.5428,0.5428,0.5428,10000013,2015-04-22,2015-04-22,C,2.3,2015-02-09
9720,2015-04-08 13:01:00,2015-04-08,0.5585,56035.0,10.0,939.0,0.5585,0.5585,0.5585,10000013,2015-04-22,2015-04-22,C,2.3,2015-02-09
9721,2015-04-08 13:02:00,2015-04-08,0.5829,17487.0,3.0,939.0,0.5829,0.5829,0.5829,10000013,2015-04-22,2015-04-22,C,2.3,2015-02-09
9722,2015-04-08 13:03:00,2015-04-08,0.5829,0.0,0.0,939.0,0.5829,0.5829,0.5829,10000013,2015-04-22,2015-04-22,C,2.3,2015-02-09
9723,2015-04-08 13:04:00,2015-04-08,0.5829,0.0,0.0,939.0,0.5829,0.5829,0.5829,10000013,2015-04-22,2015-04-22,C,2.3,2015-02-09
9724,2015-04-08 13:05:00,2015-04-08,0.5833,46652.0,8.0,936.0,0.5833,0.5833,0.5833,10000013,2015-04-22,2015-04-22,C,2.3,2015-02-09
9725,2015-04-08 13:06:00,2015-04-08,0.5833,0.0,0.0,936.0,0.5833,0.5833,0.5833,10000013,2015-04-22,2015-04-22,C,2.3,2015-02-09
9726,2015-04-08 13:07:00,2015-04-08,0.5833,0.0,0.0,936.0,0.5833,0.5833,0.5833,10000013,2015-04-22,2015-04-22,C,2.3,2015-02-09
9727,2015-04-08 13:08:00,2015-04-08,0.5833,0.0,0.0,936.0,0.5833,0.5833,0.5833,10000013,2015-04-22,2015-04-22,C,2.3,2015-02-09
9728,2015-04-08 13:09:00,2015-04-08,0.5833,0.0,0.0,936.0,0.5833,0.5833,0.5833,10000013,2015-04-22,2015-04-22,C,2.3,2015-02-09
9729,2015-04-08 13:10:00,2015-04-08,0.5833,0.0,0.0,936.0,0.5833,0.5833,0.5833,10000013,2015-04-22,2015-04-22,C,2.3,2015-02-09
9730,2015-04-08 13:11:00,2015-04-08,0.5833,0.0,0.0,936.0,0.5833,0.5833,0.5833,10000013,2015-04-22,2015-04-22,C,2.3,2015-02-09
9731,2015-04-08 13:12:00,2015-04-08,0.5833,0.0,0.0,936.0,0.5833,0.5833,0.5833,10000013,2015-04-22,2015-04-22,C,2.3,2015-02-09
9732,2015-04-08 13:13:00,2015-04-08,0.5833,0.0,0.0,936.0,0.5833,0.5833,0.5833,10000013,2015-04-22,2015-04-22,C,2.3,2015-02-09
9733,2015-04-08 13:14:00,2015-04-08,0.5833,0.0,0.0,936.0,0.5833,0.5833,0.5833,10000013,2015-04-22,2015-04-22,C,2.3,2015-02-09
9734,2015-04-08 13:15:00,2015-04-08,0.5833,0.0,0.0,936.0,0.5833,0.5833,0.5833,10000013,2015-04-22,2015-04-22,C,2.3,2015-02-09
9735,2015-04-08 13:16:00,2015-04-08,0.5833,0.0,0.0,936.0,0.5833,0.5833,0.5833,10000013,2015-04-22,2015-04-22,C,2.3,2015-02-09
9736,2015-04-08 13:17:00,2015-04-08,0.5833,0.0,0.0,936.0,0.5833,0.5833,0.5833,10000013,2015-04-22,2015-04-22,C,2.3,2015-02-09
9737,2015-04-08 13:18:00,2015-04-08,0.5912,11824.0,2.0,934.0,0.5912,0.5912,0.5912,10000013,2015-04-22,2015-04-22,C,2.3,2015-02-09
9738,2015-04-08 13:19:00,2015-04-08,0.5987,47839.0,8.0,934.0,0.5958,0.5987,0.5958,10000013,2015-04-22,2015-04-22,C,2.3,2015-02-09
9739,2015-04-08 13:20:00,2015-04-08,0.5987,0.0,0.0,934.0,0.5987,0.5987,0.5987,10000013,2015-04-22,2015-04-22,C,2.3,2015-02-09
9740,2015-04-08 13:21:00,2015-04-08,0.606,6060.0,1.0,934.0,0.606,0.606,0.606,10000013,2015-04-22,2015-04-22,C,2.3,2015-02-09
9741,2015-04-08 13:22:00,2015-04-08,0.606,0.0,0.0,934.0,0.606,0.606,0.606,10000013,2015-04-22,2015-04-22,C,2.3,2015-02-09
9742,2015-04-08 13:23:00,2015-04-08,0.606,0.0,0.0,934.0,0.606,0.606,0.606,10000013,2015-04-22,2015-04-22,C,2.3,2015-02-09
9743,2015-04-08 13:24:00,2015-04-08,0.606,0.0,0.0,934.0,0.606,0.606,0.606,10000013,2015-04-22,2015-04-22,C,2.3,2015-02-09
9744,2015-04-08 13:25:00,2015-04-08,0.606,0.0,0.0,934.0,0.606,0.606,0.606,10000013,2015-04-22,2015-04-22,C,2.3,2015-02-09
9745,2015-04-08 13:26:00,2015-04-08,0.606,0.0,0.0,934.0,0.606,0.606,0.606,10000013,2015-04-22,2015-04-22,C,2.3,2015-02-09
9746,2015-04-08 13:27:00,2015-04-08,0.606,0.0,0.0,934.0,0.606,0.606,0.606,10000013,2015-04-22,2015-04-22,C,2.3,2015-02-09
9747,2015-04-08 13:28:00,2015-04-08,0.5984,35866.0,6.0,933.0,0.5946,0.5984,0.5946,10000013,2015-04-22,2015-04-22,C,2.3,2015-02-09
9748,2015-04-08 13:29:00,2015-04-08,0.5937,5937.0,1.0,932.0,0.5937,0.5937,0.5937,10000013,2015-04-22,2015-04-22,C,2.3,2015-02-09
9749,2015-04-08 13:30:00,2015-04-08,0.5937,0.0,0.0,932.0,0.5937,0.5937,0.5937,10000013,2015-04-22,2015-04-22,C,2.3,2015-02-09
9750,2015-04-08 13:31:00,2015-04-08,0.5937,0.0,0.0,932.0,0.5937,0.5937,0.5937,10000013,2015-04-22,2015-04-22,C,2.3,2015-02-09
9751,2015-04-08 13:32:00,2015-04-08,0.5937,0.0,0.0,932.0,0.5937,0.5937,0.5937,10000013,2015-04-22,2015-04-22,C,2.3,2015-02-09
9752,2015-04-08 13:33:00,2015-04-08,0.5937,0.0,0.0,932.0,0.5937,0.5937,0.5937,10000013,2015-04-22,2015-04-22,C,2.3,2015-02-09
9753,2015-04-08 13:34:00,2015-04-08,0.6069,30345.0,5.0,937.0,0.6069,0.6069,0.6069,10000013,2015-04-22,2015-04-22,C,2.3,2015-02-09
9754,2015-04-08 13:35:00,2015-04-08,0.6069,0.0,0.0,937.0,0.6069,0.6069,0.6069,10000013,2015-04-22,2015-04-22,C,2.3,2015-02-09
9755,2015-04-08 13:36:00,2015-04-08,0.6069,18207.0,3.0,940.0,0.6069,0.6069,0.6069,10000013,2015-04-22,2015-04-22,C,2.3,2015-02-09
9756,2015-04-08 13:37:00,2015-04-08,0.6069,0.0,0.0,940.0,0.6069,0.6069,0.6069,10000013,2015-04-22,2015-04-22,C,2.3,2015-02-09
9757,2015-04-08 13:38:00,2015-04-08,0.6069,0.0,0.0,940.0,0.6069,0.6069,0.6069,10000013,2015-04-22,2015-04-22,C,2.3,2015-02-09
9758,2015-04-08 13:39:00,2015-04-08,0.6069,0.0,0.0,940.0,0.6069,0.6069,0.6069,10000013,2015-04-22,2015-04-22,C,2.3,2015-02-09
9759,2015-04-08 13:40:00,2015-04-08,0.5953,17859.0,3.0,937.0,0.5953,0.5953,0.5953,10000013,2015-04-22,2015-04-22,C,2.3,2015-02-09
9760,2015-04-08 13:41:00,2015-04-08,0.5953,0.0,0.0,937.0,0.5953,0.5953,0.5953,10000013,2015-04-22,2015-04-22,C,2.3,2015-02-09
9761,2015-04-08 13:42:00,2015-04-08,0.5953,0.0,0.0,937.0,0.5953,0.5953,0.5953,10000013,2015-04-22,2015-04-22,C,2.3,2015-02-09
9762,2015-04-08 13:43:00,2015-04-08,0.5953,0.0,0.0,937.0,0.5953,0.5953,0.5953,10000013,2015-04-22,2015-04-22,C,2.3,2015-02-09
9763,2015-04-08 13:44:00,2015-04-08,0.5953,0.0,0.0,937.0,0.5953,0.5953,0.5953,10000013,2015-04-22,2015-04-22,C,2.3,2015-02-09
9764,2015-04-08 13:45:00,2015-04-08,0.5953,0.0,0.0,937.0,0.5953,0.5953,0.5953,10000013,2015-04-22,2015-04-22,C,2.3,2015-02-09
9765,2015-04-08 13:46:00,2015-04-08,0.5953,0.0,0.0,937.0,0.5953,0.5953,0.5953,10000013,2015-04-22,2015-04-22,C,2.3,2015-02-09
9766,2015-04-08 13:47:00,2015-04-08,0.5953,0.0,0.0,937.0,0.5953,0.5953,0.5953,10000013,2015-04-22,2015-04-22,C,2.3,2015-02-09
9767,2015-04-08 13:48:00,2015-04-08,0.5953,0.0,0.0,937.0,0.5953,0.5953,0.5953,10000013,2015-04-22,2015-04-22,C,2.3,2015-02-09
9768,2015-04-08 13:49:00,2015-04-08,0.5953,0.0,0.0,937.0,0.5953,0.5953,0.5953,10000013,2015-04-22,2015-04-22,C,2.3,2015-02-09
9769,2015-04-08 13:50:00,2015-04-08,0.5953,0.0,0.0,937.0,0.5953,0.5953,0.5953,10000013,2015-04-22,2015-04-22,C,2.3,2015-02-09
9770,2015-04-08 13:51:00,2015-04-08,0.5953,0.0,0.0,937.0,0.5953,0.5953,0.5953,10000013,2015-04-22,2015-04-22,C,2.3,2015-02-09
9771,2015-04-08 13:52:00,2015-04-08,0.5953,0.0,0.0,937.0,0.5953,0.5953,0.5953,10000013,2015-04-22,2015-04-22,C,2.3,2015-02-09
9772,2015-04-08 13:53:00,2015-04-08,0.5953,0.0,0.0,937.0,0.5953,0.5953,0.5953,10000013,2015-04-22,2015-04-22,C,2.3,2015-02-09
9773,2015-04-08 13:54:00,2015-04-08,0.5953,0.0,0.0,937.0,0.5953,0.5953,0.5953,10000013,2015-04-22,2015-04-22,C,2.3,2015-02-09
9774,2015-04-08 13:55:00,2015-04-08,0.5953,0.0,0.0,937.0,0.5953,0.5953,0.5953,10000013,2015-04-22,2015-04-22,C,2.3,2015-02-09
9775,2015-04-08 13:56:00,2015-04-08,0.5953,0.0,0.0,937.0,0.5953,0.5953,0.5953,10000013,2015-04-22,2015-04-22,C,2.3,2015-02-09
9776,2015-04-08 13:57:00,2015-04-08,0.5953,0.0,0.0,937.0,0.5953,0.5953,0.5953,10000013,2015-04-22,2015-04-22,C,2.3,2015-02-09
9777,2015-04-08 13:58:00,2015-04-08,0.5953,0.0,0.0,937.0,0.5953,0.5953,0.5953,10000013,2015-04-22,2015-04-22,C,2.3,2015-02-09
9778,2015-04-08 13:59:00,2015-04-08,0.5953,0.0,0.0,937.0,0.5953,0.5953,0.5953,10000013,2015-04-22,2015-04-22,C,2.3,2015-02-09
9779,2015-04-08 14:00:00,2015-04-08,0.5953,0.0,0.0,937.0,0.5953,0.5953,0.5953,10000013,2015-04-22,2015-04-22,C,2.3,2015-02-09
9780,2015-04-08 14:01:00,2015-04-08,0.5953,0.0,0.0,937.0,0.5953,0.5953,0.5953,10000013,2015-04-22,2015-04-22,C,2.3,2015-02-09
9781,2015-04-08 14:02:00,2015-04-08,0.5953,0.0,0.0,937.0,0.5953,0.5953,0.5953,10000013,2015-04-22,2015-04-22,C,2.3,2015-02-09
9782,2015-04-08 14:03:00,2015-04-08,0.5953,0.0,0.0,937.0,0.5953,0.5953,0.5953,10000013,2015-04-22,2015-04-22,C,2.3,2015-02-09
9783,2015-04-08 14:04:00,2015-04-08,0.5953,0.0,0.0,937.0,0.5953,0.5953,0.5953,10000013,2015-04-22,2015-04-22,C,2.3,2015-02-09
9784,2015-04-08 14:05:00,2015-04-08,0.5953,0.0,0.0,937.0,0.5953,0.5953,0.5953,10000013,2015-04-22,2015-04-22,C,2.3,2015-02-09
9785,2015-04-08 14:06:00,2015-04-08,0.5944,5944.0,1.0,936.0,0.5944,0.5944,0.5944,10000013,2015-04-22,2015-04-22,C,2.3,2015-02-09
9786,2015-04-08 14:07:00,2015-04-08,0.5944,0.0,0.0,936.0,0.5944,0.5944,0.5944,10000013,2015-04-22,2015-04-22,C,2.3,2015-02-09
9787,2015-04-08 14:08:00,2015-04-08,0.5944,0.0,0.0,936.0,0.5944,0.5944,0.5944,10000013,2015-04-22,2015-04-22,C,2.3,2015-02-09
9788,2015-04-08 14:09:00,2015-04-08,0.5944,0.0,0.0,936.0,0.5944,0.5944,0.5944,10000013,2015-04-22,2015-04-22,C,2.3,2015-02-09
9789,2015-04-08 14:10:00,2015-04-08,0.5944,0.0,0.0,936.0,0.5944,0.5944,0.5944,10000013,2015-04-22,2015-04-22,C,2.3,2015-02-09
9790,2015-04-08 14:11:00,2015-04-08,0.5944,0.0,0.0,936.0,0.5944,0.5944,0.5944,10000013,2015-04-22,2015-04-22,C,2.3,2015-02-09
9791,2015-04-08 14:12:00,2015-04-08,0.5944,0.0,0.0,936.0,0.5944,0.5944,0.5944,10000013,2015-04-22,2015-04-22,C,2.3,2015-02-09
9792,2015-04-08 14:13:00,2015-04-08,0.5944,0.0,0.0,936.0,0.5944,0.5944,0.5944,10000013,2015-04-22,2015-04-22,C,2.3,2015-02-09
9793,2015-04-08 14:14:00,2015-04-08,0.5944,0.0,0.0,936.0,0.5944,0.5944,0.5944,10000013,2015-04-22,2015-04-22,C,2.3,2015-02-09
9794,2015-04-08 14:15:00,2015-04-08,0.5944,0.0,0.0,936.0,0.5944,0.5944,0.5944,10000013,2015-04-22,2015-04-22,C,2.3,2015-02-09
9795,2015-04-08 14:16:00,2015-04-08,0.5944,0.0,0.0,936.0,0.5944,0.5944,0.5944,10000013,2015-04-22,2015-04-22,C,2.3,2015-02-09
9796,2015-04-08 14:17:00,2015-04-08,0.5944,0.0,0.0,936.0,0.5944,0.5944,0.5944,10000013,2015-04-22,2015-04-22,C,2.3,2015-02-09
9797,2015-04-08 14:18:00,2015-04-08,0.5944,0.0,0.0,936.0,0.5944,0.5944,0.5944,10000013,2015-04-22,2015-04-22,C,2.3,2015-02-09
9798,2015-04-08 14:19:00,2015-04-08,0.5944,0.0,0.0,936.0,0.5944,0.5944,0.5944,10000013,2015-04-22,2015-04-22,C,2.3,2015-02-09
9799,2015-04-08 14:20:00,2015-04-08,0.5944,0.0,0.0,936.0,0.5944,0.5944,0.5944,10000013,2015-04-22,2015-04-22,C,2.3,2015-02-09
9800,2015-04-08 14:21:00,2015-04-08,0.5944,0.0,0.0,936.0,0.5944,0.5944,0.5944,10000013,2015-04-22,2015-04-22,C,2.3,2015-02-09
9801,2015-04-08 14:22:00,2015-04-08,0.5944,0.0,0.0,936.0,0.5944,0.5944,0.5944,10000013,2015-04-22,2015-04-22,C,2.3,2015-02-09
9802,2015-04-08 14:23:00,2015-04-08,0.5944,0.0,0.0,936.0,0.5944,0.5944,0.5944,10000013,2015-04-22,2015-04-22,C,2.3,2015-02-09
9803,2015-04-08 14:24:00,2015-04-08,0.5944,0.0,0.0,936.0,0.5944,0.5944,0.5944,10000013,2015-04-22,2015-04-22,C,2.3,2015-02-09
9804,2015-04-08 14:25:00,2015-04-08,0.5944,0.0,0.0,936.0,0.5944,0.5944,0.5944,10000013,2015-04-22,2015-04-22,C,2.3,2015-02-09
9805,2015-04-08 14:26:00,2015-04-08,0.5944,0.0,0.0,936.0,0.5944,0.5944,0.5944,10000013,2015-04-22,2015-04-22,C,2.3,2015-02-09
9806,2015-04-08 14:27:00,2015-04-08,0.5944,0.0,0.0,936.0,0.5944,0.5944,0.5944,10000013,2015-04-22,2015-04-22,C,2.3,2015-02-09
9807,2015-04-08 14:28:00,2015-04-08,0.5944,0.0,0.0,936.0,0.5944,0.5944,0.5944,10000013,2015-04-22,2015-04-22,C,2.3,2015-02-09
9808,2015-04-08 14:29:00,2015-04-08,0.5944,0.0,0.0,936.0,0.5944,0.5944,0.5944,10000013,2015-04-22,2015-04-22,C,2.3,2015-02-09
9809,2015-04-08 14:30:00,2015-04-08,0.5944,0.0,0.0,936.0,0.5944,0.5944,0.5944,10000013,2015-04-22,2015-04-22,C,2.3,2015-02-09
9810,2015-04-08 14:31:00,2015-04-08,0.5944,0.0,0.0,936.0,0.5944,0.5944,0.5944,10000013,2015-04-22,2015-04-22,C,2.3,2015-02-09
9811,2015-04-08 14:32:00,2015-04-08,0.5944,0.0,0.0,936.0,0.5944,0.5944,0.5944,10000013,2015-04-22,2015-04-22,C,2.3,2015-02-09
9812,2015-04-08 14:33:00,2015-04-08,0.5944,0.0,0.0,936.0,0.5944,0.5944,0.5944,10000013,2015-04-22,2015-04-22,C,2.3,2015-02-09
9813,2015-04-08 14:34:00,2015-04-08,0.5944,0.0,0.0,936.0,0.5944,0.5944,0.5944,10000013,2015-04-22,2015-04-22,C,2.3,2015-02-09
9814,2015-04-08 14:35:00,2015-04-08,0.5944,0.0,0.0,936.0,0.5944,0.5944,0.5944,10000013,2015-04-22,2015-04-22,C,2.3,2015-02-09
9815,2015-04-08 14:36:00,2015-04-08,0.5944,0.0,0.0,936.0,0.5944,0.5944,0.5944,10000013,2015-04-22,2015-04-22,C,2.3,2015-02-09
9816,2015-04-08 14:37:00,2015-04-08,0.5944,0.0,0.0,936.0,0.5944,0.5944,0.5944,10000013,2015-04-22,2015-04-22,C,2.3,2015-02-09
9817,2015-04-08 14:38:00,2015-04-08,0.5944,0.0,0.0,936.0,0.5944,0.5944,0.5944,10000013,2015-04-22,2015-04-22,C,2.3,2015-02-09
9818,2015-04-08 14:39:00,2015-04-08,0.5944,0.0,0.0,936.0,0.5944,0.5944,0.5944,10000013,2015-04-22,2015-04-22,C,2.3,2015-02-09
9819,2015-04-08 14:40:00,2015-04-08,0.5944,0.0,0.0,936.0,0.5944,0.5944,0.5944,10000013,2015-04-22,2015-04-22,C,2.3,2015-02-09
9820,2015-04-08 14:41:00,2015-04-08,0.5944,0.0,0.0,936.0,0.5944,0.5944,0.5944,10000013,2015-04-22,2015-04-22,C,2.3,2015-02-09
9821,2015-04-08 14:42:00,2015-04-08,0.5944,0.0,0.0,936.0,0.5944,0.5944,0.5944,10000013,2015-04-22,2015-04-22,C,2.3,2015-02-09
9822,2015-04-08 14:43:00,2015-04-08,0.5944,0.0,0.0,936.0,0.5944,0.5944,0.5944,10000013,2015-04-22,2015-04-22,C,2.3,2015-02-09
9823,2015-04-08 14:44:00,2015-04-08,0.5944,0.0,0.0,936.0,0.5944,0.5944,0.5944,10000013,2015-04-22,2015-04-22,C,2.3,2015-02-09
9824,2015-04-08 14:45:00,2015-04-08,0.5944,0.0,0.0,936.0,0.5944,0.5944,0.5944,10000013,2015-04-22,2015-04-22,C,2.3,2015-02-09
9825,2015-04-08 14:46:00,2015-04-08,0.5944,0.0,0.0,936.0,0.5944,0.5944,0.5944,10000013,2015-04-22,2015-04-22,C,2.3,2015-02-09
9826,2015-04-08 14:47:00,2015-04-08,0.5944,0.0,0.0,936.0,0.5944,0.5944,0.5944,10000013,2015-04-22,2015-04-22,C,2.3,2015-02-09
9827,2015-04-08 14:48:00,2015-04-08,0.5944,0.0,0.0,936.0,0.5944,0.5944,0.5944,10000013,2015-04-22,2015-04-22,C,2.3,2015-02-09
9828,2015-04-08 14:49:00,2015-04-08,0.5941,53469.0,9.0,927.0,0.5941,0.5941,0.5941,10000013,2015-04-22,2015-04-22,C,2.3,2015-02-09
9829,2015-04-08 14:50:00,2015-04-08,0.5941,0.0,0.0,927.0,0.5941,0.5941,0.5941,10000013,2015-04-22,2015-04-22,C,2.3,2015-02-09
9830,2015-04-08 14:51:00,2015-04-08,0.5941,0.0,0.0,927.0,0.5941,0.5941,0.5941,10000013,2015-04-22,2015-04-22,C,2.3,2015-02-09
9831,2015-04-08 14:52:00,2015-04-08,0.5941,0.0,0.0,927.0,0.5941,0.5941,0.5941,10000013,2015-04-22,2015-04-22,C,2.3,2015-02-09
9832,2015-04-08 14:53:00,2015-04-08,0.5941,0.0,0.0,927.0,0.5941,0.5941,0.5941,10000013,2015-04-22,2015-04-22,C,2.3,2015-02-09
9833,2015-04-08 14:54:00,2015-04-08,0.5941,0.0,0.0,927.0,0.5941,0.5941,0.5941,10000013,2015-04-22,2015-04-22,C,2.3,2015-02-09
9834,2015-04-08 14:55:00,2015-04-08,0.5941,0.0,0.0,927.0,0.5941,0.5941,0.5941,10000013,2015-04-22,2015-04-22,C,2.3,2015-02-09
9835,2015-04-08 14:56:00,2015-04-08,0.5941,0.0,0.0,927.0,0.5941,0.5941,0.5941,10000013,2015-04-22,2015-04-22,C,2.3,2015-02-09
9836,2015-04-08 14:57:00,2015-04-08,0.5941,0.0,0.0,927.0,0.5941,0.5941,0.5941,10000013,2015-04-22,2015-04-22,C,2.3,2015-02-09
9837,2015-04-08 14:58:00,2015-04-08,0.5941,0.0,0.0,927.0,0.5941,0.5941,0.5941,10000013,2015-04-22,2015-04-22,C,2.3,2015-02-09
9838,2015-04-08 14:59:00,2015-04-08,0.5941,0.0,0.0,927.0,0.5941,0.5941,0.5941,10000013,2015-04-22,2015-04-22,C,2.3,2015-02-09
9839,2015-04-08 15:00:00,2015-04-08,0.5941,0.0,0.0,927.0,0.5941,0.5941,0.5941,10000013,2015-04-22,2015-04-22,C,2.3,2015-02-09
9840,2015-04-08 09:31:00,2015-04-08,0.4343,43430.0,10.0,403.0,0.4343,0.4343,0.4343,10000053,2015-06-24,2015-06-24,C,2.5,2015-02-12
9841,2015-04-08 09:32:00,2015-04-08,0.4343,0.0,0.0,403.0,0.4343,0.4343,0.4343,10000053,2015-06-24,2015-06-24,C,2.5,2015-02-12
9842,2015-04-08 09:33:00,2015-04-08,0.4343,0.0,0.0,403.0,0.4343,0.4343,0.4343,10000053,2015-06-24,2015-06-24,C,2.5,2015-02-12
9843,2015-04-08 09:34:00,2015-04-08,0.4343,0.0,0.0,403.0,0.4343,0.4343,0.4343,10000053,2015-06-24,2015-06-24,C,2.5,2015-02-12
9844,2015-04-08 09:35:00,2015-04-08,0.4343,0.0,0.0,403.0,0.4343,0.4343,0.4343,10000053,2015-06-24,2015-06-24,C,2.5,2015-02-12
9845,2015-04-08 09:36:00,2015-04-08,0.4343,0.0,0.0,403.0,0.4343,0.4343,0.4343,10000053,2015-06-24,2015-06-24,C,2.5,2015-02-12
9846,2015-04-08 09:37:00,2015-04-08,0.3995,19975.0,5.0,398.0,0.3995,0.3995,0.3995,10000053,2015-06-24,2015-06-24,C,2.5,2015-02-12
9847,2015-04-08 09:38:00,2015-04-08,0.3995,0.0,0.0,398.0,0.3995,0.3995,0.3995,10000053,2015-06-24,2015-06-24,C,2.5,2015-02-12
9848,2015-04-08 09:39:00,2015-04-08,0.3995,0.0,0.0,398.0,0.3995,0.3995,0.3995,10000053,2015-06-24,2015-06-24,C,2.5,2015-02-12
9849,2015-04-08 09:40:00,2015-04-08,0.3995,0.0,0.0,398.0,0.3995,0.3995,0.3995,10000053,2015-06-24,2015-06-24,C,2.5,2015-02-12
9850,2015-04-08 09:41:00,2015-04-08,0.3995,0.0,0.0,398.0,0.3995,0.3995,0.3995,10000053,2015-06-24,2015-06-24,C,2.5,2015-02-12
9851,2015-04-08 09:42:00,2015-04-08,0.3995,0.0,0.0,398.0,0.3995,0.3995,0.3995,10000053,2015-06-24,2015-06-24,C,2.5,2015-02-12
9852,2015-04-08 09:43:00,2015-04-08,0.3995,0.0,0.0,398.0,0.3995,0.3995,0.3995,10000053,2015-06-24,2015-06-24,C,2.5,2015-02-12
9853,2015-04-08 09:44:00,2015-04-08,0.3995,0.0,0.0,398.0,0.3995,0.3995,0.3995,10000053,2015-06-24,2015-06-24,C,2.5,2015-02-12
9854,2015-04-08 09:45:00,2015-04-08,0.3995,0.0,0.0,398.0,0.3995,0.3995,0.3995,10000053,2015-06-24,2015-06-24,C,2.5,2015-02-12
9855,2015-04-08 09:46:00,2015-04-08,0.3995,0.0,0.0,398.0,0.3995,0.3995,0.3995,10000053,2015-06-24,2015-06-24,C,2.5,2015-02-12
9856,2015-04-08 09:47:00,2015-04-08,0.3995,0.0,0.0,398.0,0.3995,0.3995,0.3995,10000053,2015-06-24,2015-06-24,C,2.5,2015-02-12
9857,2015-04-08 09:48:00,2015-04-08,0.3995,0.0,0.0,398.0,0.3995,0.3995,0.3995,10000053,2015-06-24,2015-06-24,C,2.5,2015-02-12
9858,2015-04-08 09:49:00,2015-04-08,0.3995,0.0,0.0,398.0,0.3995,0.3995,0.3995,10000053,2015-06-24,2015-06-24,C,2.5,2015-02-12
9859,2015-04-08 09:50:00,2015-04-08,0.3995,0.0,0.0,398.0,0.3995,0.3995,0.3995,10000053,2015-06-24,2015-06-24,C,2.5,2015-02-12
9860,2015-04-08 09:51:00,2015-04-08,0.3995,0.0,0.0,398.0,0.3995,0.3995,0.3995,10000053,2015-06-24,2015-06-24,C,2.5,2015-02-12
9861,2015-04-08 09:52:00,2015-04-08,0.3995,0.0,0.0,398.0,0.3995,0.3995,0.3995,10000053,2015-06-24,2015-06-24,C,2.5,2015-02-12
9862,2015-04-08 09:53:00,2015-04-08,0.3995,0.0,0.0,398.0,0.3995,0.3995,0.3995,10000053,2015-06-24,2015-06-24,C,2.5,2015-02-12
9863,2015-04-08 09:54:00,2015-04-08,0.3995,0.0,0.0,398.0,0.3995,0.3995,0.3995,10000053,2015-06-24,2015-06-24,C,2.5,2015-02-12
9864,2015-04-08 09:55:00,2015-04-08,0.3995,0.0,0.0,398.0,0.3995,0.3995,0.3995,10000053,2015-06-24,2015-06-24,C,2.5,2015-02-12
9865,2015-04-08 09:56:00,2015-04-08,0.3995,0.0,0.0,398.0,0.3995,0.3995,0.3995,10000053,2015-06-24,2015-06-24,C,2.5,2015-02-12
9866,2015-04-08 09:57:00,2015-04-08,0.3995,0.0,0.0,398.0,0.3995,0.3995,0.3995,10000053,2015-06-24,2015-06-24,C,2.5,2015-02-12
9867,2015-04-08 09:58:00,2015-04-08,0.3995,0.0,0.0,398.0,0.3995,0.3995,0.3995,10000053,2015-06-24,2015-06-24,C,2.5,2015-02-12
9868,2015-04-08 09:59:00,2015-04-08,0.3995,0.0,0.0,398.0,0.3995,0.3995,0.3995,10000053,2015-06-24,2015-06-24,C,2.5,2015-02-12
9869,2015-04-08 10:00:00,2015-04-08,0.3995,0.0,0.0,398.0,0.3995,0.3995,0.3995,10000053,2015-06-24,2015-06-24,C,2.5,2015-02-12
9870,2015-04-08 10:01:00,2015-04-08,0.3995,0.0,0.0,398.0,0.3995,0.3995,0.3995,10000053,2015-06-24,2015-06-24,C,2.5,2015-02-12
9871,2015-04-08 10:02:00,2015-04-08,0.3995,0.0,0.0,398.0,0.3995,0.3995,0.3995,10000053,2015-06-24,2015-06-24,C,2.5,2015-02-12
9872,2015-04-08 10:03:00,2015-04-08,0.3995,0.0,0.0,398.0,0.3995,0.3995,0.3995,10000053,2015-06-24,2015-06-24,C,2.5,2015-02-12
9873,2015-04-08 10:04:00,2015-04-08,0.3995,0.0,0.0,398.0,0.3995,0.3995,0.3995,10000053,2015-06-24,2015-06-24,C,2.5,2015-02-12
9874,2015-04-08 10:05:00,2015-04-08,0.3995,0.0,0.0,398.0,0.3995,0.3995,0.3995,10000053,2015-06-24,2015-06-24,C,2.5,2015-02-12
9875,2015-04-08 10:06:00,2015-04-08,0.3995,0.0,0.0,398.0,0.3995,0.3995,0.3995,10000053,2015-06-24,2015-06-24,C,2.5,2015-02-12
9876,2015-04-08 10:07:00,2015-04-08,0.3995,0.0,0.0,398.0,0.3995,0.3995,0.3995,10000053,2015-06-24,2015-06-24,C,2.5,2015-02-12
9877,2015-04-08 10:08:00,2015-04-08,0.3995,0.0,0.0,398.0,0.3995,0.3995,0.3995,10000053,2015-06-24,2015-06-24,C,2.5,2015-02-12
9878,2015-04-08 10:09:00,2015-04-08,0.3995,0.0,0.0,398.0,0.3995,0.3995,0.3995,10000053,2015-06-24,2015-06-24,C,2.5,2015-02-12
9879,2015-04-08 10:10:00,2015-04-08,0.3995,0.0,0.0,398.0,0.3995,0.3995,0.3995,10000053,2015-06-24,2015-06-24,C,2.5,2015-02-12
9880,2015-04-08 10:11:00,2015-04-08,0.3995,0.0,0.0,398.0,0.3995,0.3995,0.3995,10000053,2015-06-24,2015-06-24,C,2.5,2015-02-12
9881,2015-04-08 10:12:00,2015-04-08,0.3995,0.0,0.0,398.0,0.3995,0.3995,0.3995,10000053,2015-06-24,2015-06-24,C,2.5,2015-02-12
9882,2015-04-08 10:13:00,2015-04-08,0.3995,0.0,0.0,398.0,0.3995,0.3995,0.3995,10000053,2015-06-24,2015-06-24,C,2.5,2015-02-12
9883,2015-04-08 10:14:00,2015-04-08,0.3995,0.0,0.0,398.0,0.3995,0.3995,0.3995,10000053,2015-06-24,2015-06-24,C,2.5,2015-02-12
9884,2015-04-08 10:15:00,2015-04-08,0.3995,0.0,0.0,398.0,0.3995,0.3995,0.3995,10000053,2015-06-24,2015-06-24,C,2.5,2015-02-12
9885,2015-04-08 10:16:00,2015-04-08,0.3995,0.0,0.0,398.0,0.3995,0.3995,0.3995,10000053,2015-06-24,2015-06-24,C,2.5,2015-02-12
9886,2015-04-08 10:17:00,2015-04-08,0.3995,0.0,0.0,398.0,0.3995,0.3995,0.3995,10000053,2015-06-24,2015-06-24,C,2.5,2015-02-12
9887,2015-04-08 10:18:00,2015-04-08,0.3995,0.0,0.0,398.0,0.3995,0.3995,0.3995,10000053,2015-06-24,2015-06-24,C,2.5,2015-02-12
9888,2015-04-08 10:19:00,2015-04-08,0.3995,0.0,0.0,398.0,0.3995,0.3995,0.3995,10000053,2015-06-24,2015-06-24,C,2.5,2015-02-12
9889,2015-04-08 10:20:00,2015-04-08,0.3995,0.0,0.0,398.0,0.3995,0.3995,0.3995,10000053,2015-06-24,2015-06-24,C,2.5,2015-02-12
9890,2015-04-08 10:21:00,2015-04-08,0.3995,0.0,0.0,398.0,0.3995,0.3995,0.3995,10000053,2015-06-24,2015-06-24,C,2.5,2015-02-12
9891,2015-04-08 10:22:00,2015-04-08,0.3995,0.0,0.0,398.0,0.3995,0.3995,0.3995,10000053,2015-06-24,2015-06-24,C,2.5,2015-02-12
9892,2015-04-08 10:23:00,2015-04-08,0.3995,0.0,0.0,398.0,0.3995,0.3995,0.3995,10000053,2015-06-24,2015-06-24,C,2.5,2015-02-12
9893,2015-04-08 10:24:00,2015-04-08,0.3995,0.0,0.0,398.0,0.3995,0.3995,0.3995,10000053,2015-06-24,2015-06-24,C,2.5,2015-02-12
9894,2015-04-08 10:25:00,2015-04-08,0.3995,0.0,0.0,398.0,0.3995,0.3995,0.3995,10000053,2015-06-24,2015-06-24,C,2.5,2015-02-12
9895,2015-04-08 10:26:00,2015-04-08,0.3995,0.0,0.0,398.0,0.3995,0.3995,0.3995,10000053,2015-06-24,2015-06-24,C,2.5,2015-02-12
9896,2015-04-08 10:27:00,2015-04-08,0.3995,0.0,0.0,398.0,0.3995,0.3995,0.3995,10000053,2015-06-24,2015-06-24,C,2.5,2015-02-12
9897,2015-04-08 10:28:00,2015-04-08,0.3995,0.0,0.0,398.0,0.3995,0.3995,0.3995,10000053,2015-06-24,2015-06-24,C,2.5,2015-02-12
9898,2015-04-08 10:29:00,2015-04-08,0.3995,0.0,0.0,398.0,0.3995,0.3995,0.3995,10000053,2015-06-24,2015-06-24,C,2.5,2015-02-12
9899,2015-04-08 10:30:00,2015-04-08,0.3995,0.0,0.0,398.0,0.3995,0.3995,0.3995,10000053,2015-06-24,2015-06-24,C,2.5,2015-02-12
9900,2015-04-08 10:31:00,2015-04-08,0.3995,0.0,0.0,398.0,0.3995,0.3995,0.3995,10000053,2015-06-24,2015-06-24,C,2.5,2015-02-12
9901,2015-04-08 10:32:00,2015-04-08,0.3995,0.0,0.0,398.0,0.3995,0.3995,0.3995,10000053,2015-06-24,2015-06-24,C,2.5,2015-02-12
9902,2015-04-08 10:33:00,2015-04-08,0.3995,0.0,0.0,398.0,0.3995,0.3995,0.3995,10000053,2015-06-24,2015-06-24,C,2.5,2015-02-12
9903,2015-04-08 10:34:00,2015-04-08,0.3995,0.0,0.0,398.0,0.3995,0.3995,0.3995,10000053,2015-06-24,2015-06-24,C,2.5,2015-02-12
9904,2015-04-08 10:35:00,2015-04-08,0.3995,0.0,0.0,398.0,0.3995,0.3995,0.3995,10000053,2015-06-24,2015-06-24,C,2.5,2015-02-12
9905,2015-04-08 10:36:00,2015-04-08,0.3995,0.0,0.0,398.0,0.3995,0.3995,0.3995,10000053,2015-06-24,2015-06-24,C,2.5,2015-02-12
9906,2015-04-08 10:37:00,2015-04-08,0.3995,0.0,0.0,398.0,0.3995,0.3995,0.3995,10000053,2015-06-24,2015-06-24,C,2.5,2015-02-12
9907,2015-04-08 10:38:00,2015-04-08,0.4276,4276.0,1.0,397.0,0.4276,0.4276,0.4276,10000053,2015-06-24,2015-06-24,C,2.5,2015-02-12
9908,2015-04-08 10:39:00,2015-04-08,0.4276,0.0,0.0,397.0,0.4276,0.4276,0.4276,10000053,2015-06-24,2015-06-24,C,2.5,2015-02-12
9909,2015-04-08 10:40:00,2015-04-08,0.4276,0.0,0.0,397.0,0.4276,0.4276,0.4276,10000053,2015-06-24,2015-06-24,C,2.5,2015-02-12
9910,2015-04-08 10:41:00,2015-04-08,0.4276,0.0,0.0,397.0,0.4276,0.4276,0.4276,10000053,2015-06-24,2015-06-24,C,2.5,2015-02-12
9911,2015-04-08 10:42:00,2015-04-08,0.4276,0.0,0.0,397.0,0.4276,0.4276,0.4276,10000053,2015-06-24,2015-06-24,C,2.5,2015-02-12
9912,2015-04-08 10:43:00,2015-04-08,0.4276,0.0,0.0,397.0,0.4276,0.4276,0.4276,10000053,2015-06-24,2015-06-24,C,2.5,2015-02-12
9913,2015-04-08 10:44:00,2015-04-08,0.4276,0.0,0.0,397.0,0.4276,0.4276,0.4276,10000053,2015-06-24,2015-06-24,C,2.5,2015-02-12
9914,2015-04-08 10:45:00,2015-04-08,0.4276,0.0,0.0,397.0,0.4276,0.4276,0.4276,10000053,2015-06-24,2015-06-24,C,2.5,2015-02-12
9915,2015-04-08 10:46:00,2015-04-08,0.4276,0.0,0.0,397.0,0.4276,0.4276,0.4276,10000053,2015-06-24,2015-06-24,C,2.5,2015-02-12
9916,2015-04-08 10:47:00,2015-04-08,0.4276,0.0,0.0,397.0,0.4276,0.4276,0.4276,10000053,2015-06-24,2015-06-24,C,2.5,2015-02-12
9917,2015-04-08 10:48:00,2015-04-08,0.4276,0.0,0.0,397.0,0.4276,0.4276,0.4276,10000053,2015-06-24,2015-06-24,C,2.5,2015-02-12
9918,2015-04-08 10:49:00,2015-04-08,0.4276,0.0,0.0,397.0,0.4276,0.4276,0.4276,10000053,2015-06-24,2015-06-24,C,2.5,2015-02-12
9919,2015-04-08 10:50:00,2015-04-08,0.4276,0.0,0.0,397.0,0.4276,0.4276,0.4276,10000053,2015-06-24,2015-06-24,C,2.5,2015-02-12
9920,2015-04-08 10:51:00,2015-04-08,0.4276,0.0,0.0,397.0,0.4276,0.4276,0.4276,10000053,2015-06-24,2015-06-24,C,2.5,2015-02-12
9921,2015-04-08 10:52:00,2015-04-08,0.4276,0.0,0.0,397.0,0.4276,0.4276,0.4276,10000053,2015-06-24,2015-06-24,C,2.5,2015-02-12
9922,2015-04-08 10:53:00,2015-04-08,0.4276,0.0,0.0,397.0,0.4276,0.4276,0.4276,10000053,2015-06-24,2015-06-24,C,2.5,2015-02-12
9923,2015-04-08 10:54:00,2015-04-08,0.4276,0.0,0.0,397.0,0.4276,0.4276,0.4276,10000053,2015-06-24,2015-06-24,C,2.5,2015-02-12
9924,2015-04-08 10:55:00,2015-04-08,0.4276,0.0,0.0,397.0,0.4276,0.4276,0.4276,10000053,2015-06-24,2015-06-24,C,2.5,2015-02-12
9925,2015-04-08 10:56:00,2015-04-08,0.4276,0.0,0.0,397.0,0.4276,0.4276,0.4276,10000053,2015-06-24,2015-06-24,C,2.5,2015-02-12
9926,2015-04-08 10:57:00,2015-04-08,0.4276,0.0,0.0,397.0,0.4276,0.4276,0.4276,10000053,2015-06-24,2015-06-24,C,2.5,2015-02-12
9927,2015-04-08 10:58:00,2015-04-08,0.4276,0.0,0.0,397.0,0.4276,0.4276,0.4276,10000053,2015-06-24,2015-06-24,C,2.5,2015-02-12
9928,2015-04-08 10:59:00,2015-04-08,0.4276,0.0,0.0,397.0,0.4276,0.4276,0.4276,10000053,2015-06-24,2015-06-24,C,2.5,2015-02-12
9929,2015-04-08 11:00:00,2015-04-08,0.4276,0.0,0.0,397.0,0.4276,0.4276,0.4276,10000053,2015-06-24,2015-06-24,C,2.5,2015-02-12
9930,2015-04-08 11:01:00,2015-04-08,0.4276,0.0,0.0,397.0,0.4276,0.4276,0.4276,10000053,2015-06-24,2015-06-24,C,2.5,2015-02-12
9931,2015-04-08 11:02:00,2015-04-08,0.4276,0.0,0.0,397.0,0.4276,0.4276,0.4276,10000053,2015-06-24,2015-06-24,C,2.5,2015-02-12
9932,2015-04-08 11:03:00,2015-04-08,0.4276,0.0,0.0,397.0,0.4276,0.4276,0.4276,10000053,2015-06-24,2015-06-24,C,2.5,2015-02-12
9933,2015-04-08 11:04:00,2015-04-08,0.4276,0.0,0.0,397.0,0.4276,0.4276,0.4276,10000053,2015-06-24,2015-06-24,C,2.5,2015-02-12
9934,2015-04-08 11:05:00,2015-04-08,0.4276,0.0,0.0,397.0,0.4276,0.4276,0.4276,10000053,2015-06-24,2015-06-24,C,2.5,2015-02-12
9935,2015-04-08 11:06:00,2015-04-08,0.4276,0.0,0.0,397.0,0.4276,0.4276,0.4276,10000053,2015-06-24,2015-06-24,C,2.5,2015-02-12
9936,2015-04-08 11:07:00,2015-04-08,0.4276,0.0,0.0,397.0,0.4276,0.4276,0.4276,10000053,2015-06-24,2015-06-24,C,2.5,2015-02-12
9937,2015-04-08 11:08:00,2015-04-08,0.4276,0.0,0.0,397.0,0.4276,0.4276,0.4276,10000053,2015-06-24,2015-06-24,C,2.5,2015-02-12
9938,2015-04-08 11:09:00,2015-04-08,0.4276,0.0,0.0,397.0,0.4276,0.4276,0.4276,10000053,2015-06-24,2015-06-24,C,2.5,2015-02-12
9939,2015-04-08 11:10:00,2015-04-08,0.4276,0.0,0.0,397.0,0.4276,0.4276,0.4276,10000053,2015-06-24,2015-06-24,C,2.5,2015-02-12
9940,2015-04-08 11:11:00,2015-04-08,0.4276,0.0,0.0,397.0,0.4276,0.4276,0.4276,10000053,2015-06-24,2015-06-24,C,2.5,2015-02-12
9941,2015-04-08 11:12:00,2015-04-08,0.4276,0.0,0.0,397.0,0.4276,0.4276,0.4276,10000053,2015-06-24,2015-06-24,C,2.5,2015-02-12
9942,2015-04-08 11:13:00,2015-04-08,0.4276,0.0,0.0,397.0,0.4276,0.4276,0.4276,10000053,2015-06-24,2015-06-24,C,2.5,2015-02-12
9943,2015-04-08 11:14:00,2015-04-08,0.4276,0.0,0.0,397.0,0.4276,0.4276,0.4276,10000053,2015-06-24,2015-06-24,C,2.5,2015-02-12
9944,2015-04-08 11:15:00,2015-04-08,0.4276,0.0,0.0,397.0,0.4276,0.4276,0.4276,10000053,2015-06-24,2015-06-24,C,2.5,2015-02-12
9945,2015-04-08 11:16:00,2015-04-08,0.4276,0.0,0.0,397.0,0.4276,0.4276,0.4276,10000053,2015-06-24,2015-06-24,C,2.5,2015-02-12
9946,2015-04-08 11:17:00,2015-04-08,0.4276,0.0,0.0,397.0,0.4276,0.4276,0.4276,10000053,2015-06-24,2015-06-24,C,2.5,2015-02-12
9947,2015-04-08 11:18:00,2015-04-08,0.4276,0.0,0.0,397.0,0.4276,0.4276,0.4276,10000053,2015-06-24,2015-06-24,C,2.5,2015-02-12
9948,2015-04-08 11:19:00,2015-04-08,0.4276,0.0,0.0,397.0,0.4276,0.4276,0.4276,10000053,2015-06-24,2015-06-24,C,2.5,2015-02-12
9949,2015-04-08 11:20:00,2015-04-08,0.4276,0.0,0.0,397.0,0.4276,0.4276,0.4276,10000053,2015-06-24,2015-06-24,C,2.5,2015-02-12
9950,2015-04-08 11:21:00,2015-04-08,0.4276,0.0,0.0,397.0,0.4276,0.4276,0.4276,10000053,2015-06-24,2015-06-24,C,2.5,2015-02-12
9951,2015-04-08 11:22:00,2015-04-08,0.4276,0.0,0.0,397.0,0.4276,0.4276,0.4276,10000053,2015-06-24,2015-06-24,C,2.5,2015-02-12
9952,2015-04-08 11:23:00,2015-04-08,0.4276,0.0,0.0,397.0,0.4276,0.4276,0.4276,10000053,2015-06-24,2015-06-24,C,2.5,2015-02-12
9953,2015-04-08 11:24:00,2015-04-08,0.4276,0.0,0.0,397.0,0.4276,0.4276,0.4276,10000053,2015-06-24,2015-06-24,C,2.5,2015-02-12
9954,2015-04-08 11:25:00,2015-04-08,0.4276,0.0,0.0,397.0,0.4276,0.4276,0.4276,10000053,2015-06-24,2015-06-24,C,2.5,2015-02-12
9955,2015-04-08 11:26:00,2015-04-08,0.4276,0.0,0.0,397.0,0.4276,0.4276,0.4276,10000053,2015-06-24,2015-06-24,C,2.5,2015-02-12
9956,2015-04-08 11:27:00,2015-04-08,0.4276,0.0,0.0,397.0,0.4276,0.4276,0.4276,10000053,2015-06-24,2015-06-24,C,2.5,2015-02-12
9957,2015-04-08 11:28:00,2015-04-08,0.413,4130.0,1.0,397.0,0.413,0.413,0.413,10000053,2015-06-24,2015-06-24,C,2.5,2015-02-12
9958,2015-04-08 11:29:00,2015-04-08,0.413,0.0,0.0,397.0,0.413,0.413,0.413,10000053,2015-06-24,2015-06-24,C,2.5,2015-02-12
9959,2015-04-08 11:30:00,2015-04-08,0.413,0.0,0.0,397.0,0.413,0.413,0.413,10000053,2015-06-24,2015-06-24,C,2.5,2015-02-12
9960,2015-04-08 13:01:00,2015-04-08,0.413,0.0,0.0,397.0,0.413,0.413,0.413,10000053,2015-06-24,2015-06-24,C,2.5,2015-02-12
9961,2015-04-08 13:02:00,2015-04-08,0.413,0.0,0.0,397.0,0.413,0.413,0.413,10000053,2015-06-24,2015-06-24,C,2.5,2015-02-12
9962,2015-04-08 13:03:00,2015-04-08,0.413,0.0,0.0,397.0,0.413,0.413,0.413,10000053,2015-06-24,2015-06-24,C,2.5,2015-02-12
9963,2015-04-08 13:04:00,2015-04-08,0.413,0.0,0.0,397.0,0.413,0.413,0.413,10000053,2015-06-24,2015-06-24,C,2.5,2015-02-12
9964,2015-04-08 13:05:00,2015-04-08,0.413,0.0,0.0,397.0,0.413,0.413,0.413,10000053,2015-06-24,2015-06-24,C,2.5,2015-02-12
9965,2015-04-08 13:06:00,2015-04-08,0.413,0.0,0.0,397.0,0.413,0.413,0.413,10000053,2015-06-24,2015-06-24,C,2.5,2015-02-12
9966,2015-04-08 13:07:00,2015-04-08,0.413,0.0,0.0,397.0,0.413,0.413,0.413,10000053,2015-06-24,2015-06-24,C,2.5,2015-02-12
9967,2015-04-08 13:08:00,2015-04-08,0.413,0.0,0.0,397.0,0.413,0.413,0.413,10000053,2015-06-24,2015-06-24,C,2.5,2015-02-12
9968,2015-04-08 13:09:00,2015-04-08,0.413,0.0,0.0,397.0,0.413,0.413,0.413,10000053,2015-06-24,2015-06-24,C,2.5,2015-02-12
9969,2015-04-08 13:10:00,2015-04-08,0.413,0.0,0.0,397.0,0.413,0.413,0.413,10000053,2015-06-24,2015-06-24,C,2.5,2015-02-12
9970,2015-04-08 13:11:00,2015-04-08,0.413,0.0,0.0,397.0,0.413,0.413,0.413,10000053,2015-06-24,2015-06-24,C,2.5,2015-02-12
9971,2015-04-08 13:12:00,2015-04-08,0.413,0.0,0.0,397.0,0.413,0.413,0.413,10000053,2015-06-24,2015-06-24,C,2.5,2015-02-12
9972,2015-04-08 13:13:00,2015-04-08,0.413,0.0,0.0,397.0,0.413,0.413,0.413,10000053,2015-06-24,2015-06-24,C,2.5,2015-02-12
9973,2015-04-08 13:14:00,2015-04-08,0.413,0.0,0.0,397.0,0.413,0.413,0.413,10000053,2015-06-24,2015-06-24,C,2.5,2015-02-12
9974,2015-04-08 13:15:00,2015-04-08,0.413,0.0,0.0,397.0,0.413,0.413,0.413,10000053,2015-06-24,2015-06-24,C,2.5,2015-02-12
9975,2015-04-08 13:16:00,2015-04-08,0.413,0.0,0.0,397.0,0.413,0.413,0.413,10000053,2015-06-24,2015-06-24,C,2.5,2015-02-12
9976,2015-04-08 13:17:00,2015-04-08,0.413,0.0,0.0,397.0,0.413,0.413,0.413,10000053,2015-06-24,2015-06-24,C,2.5,2015-02-12
9977,2015-04-08 13:18:00,2015-04-08,0.413,0.0,0.0,397.0,0.413,0.413,0.413,10000053,2015-06-24,2015-06-24,C,2.5,2015-02-12
9978,2015-04-08 13:19:00,2015-04-08,0.413,0.0,0.0,397.0,0.413,0.413,0.413,10000053,2015-06-24,2015-06-24,C,2.5,2015-02-12
9979,2015-04-08 13:20:00,2015-04-08,0.413,0.0,0.0,397.0,0.413,0.413,0.413,10000053,2015-06-24,2015-06-24,C,2.5,2015-02-12
9980,2015-04-08 13:21:00,2015-04-08,0.413,0.0,0.0,397.0,0.413,0.413,0.413,10000053,2015-06-24,2015-06-24,C,2.5,2015-02-12
9981,2015-04-08 13:22:00,2015-04-08,0.413,0.0,0.0,397.0,0.413,0.413,0.413,10000053,2015-06-24,2015-06-24,C,2.5,2015-02-12
9982,2015-04-08 13:23:00,2015-04-08,0.413,0.0,0.0,397.0,0.413,0.413,0.413,10000053,2015-06-24,2015-06-24,C,2.5,2015-02-12
9983,2015-04-08 13:24:00,2015-04-08,0.413,0.0,0.0,397.0,0.413,0.413,0.413,10000053,2015-06-24,2015-06-24,C,2.5,2015-02-12
9984,2015-04-08 13:25:00,2015-04-08,0.413,0.0,0.0,397.0,0.413,0.413,0.413,10000053,2015-06-24,2015-06-24,C,2.5,2015-02-12
9985,2015-04-08 13:26:00,2015-04-08,0.413,0.0,0.0,397.0,0.413,0.413,0.413,10000053,2015-06-24,2015-06-24,C,2.5,2015-02-12
9986,2015-04-08 13:27:00,2015-04-08,0.413,0.0,0.0,397.0,0.413,0.413,0.413,10000053,2015-06-24,2015-06-24,C,2.5,2015-02-12
9987,2015-04-08 13:28:00,2015-04-08,0.413,0.0,0.0,397.0,0.413,0.413,0.413,10000053,2015-06-24,2015-06-24,C,2.5,2015-02-12
9988,2015-04-08 13:29:00,2015-04-08,0.413,0.0,0.0,397.0,0.413,0.413,0.413,10000053,2015-06-24,2015-06-24,C,2.5,2015-02-12
9989,2015-04-08 13:30:00,2015-04-08,0.413,0.0,0.0,397.0,0.413,0.413,0.413,10000053,2015-06-24,2015-06-24,C,2.5,2015-02-12
9990,2015-04-08 13:31:00,2015-04-08,0.413,0.0,0.0,397.0,0.413,0.413,0.413,10000053,2015-06-24,2015-06-24,C,2.5,2015-02-12
9991,2015-04-08 13:32:00,2015-04-08,0.413,0.0,0.0,397.0,0.413,0.413,0.413,10000053,2015-06-24,2015-06-24,C,2.5,2015-02-12
9992,2015-04-08 13:33:00,2015-04-08,0.413,0.0,0.0,397.0,0.413,0.413,0.413,10000053,2015-06-24,2015-06-24,C,2.5,2015-02-12
9993,2015-04-08 13:34:00,2015-04-08,0.413,0.0,0.0,397.0,0.413,0.413,0.413,10000053,2015-06-24,2015-06-24,C,2.5,2015-02-12
9994,2015-04-08 13:35:00,2015-04-08,0.413,0.0,0.0,397.0,0.413,0.413,0.413,10000053,2015-06-24,2015-06-24,C,2.5,2015-02-12
9995,2015-04-08 13:36:00,2015-04-08,0.413,0.0,0.0,397.0,0.413,0.413,0.413,10000053,2015-06-24,2015-06-24,C,2.5,2015-02-12
9996,2015-04-08 13:37:00,2015-04-08,0.413,0.0,0.0,397.0,0.413,0.413,0.413,10000053,2015-06-24,2015-06-24,C,2.5,2015-02-12
9997,2015-04-08 13:38:00,2015-04-08,0.413,0.0,0.0,397.0,0.413,0.413,0.413,10000053,2015-06-24,2015-06-24,C,2.5,2015-02-12
9998,2015-04-08 13:39:00,2015-04-08,0.413,0.0,0.0,397.0,0.413,0.413,0.413,10000053,2015-06-24,2015-06-24,C,2.5,2015-02-12
9999,2015-04-08 13:40:00,2015-04-08,0.413,0.0,0.0,397.0,0.413,0.413,0.413,10000053,2015-06-24,2015-06-24,C,2.5,2015-02-12
10000,2015-04-08 13:41:00,2015-04-08,0.413,0.0,0.0,397.0,0.413,0.413,0.413,10000053,2015-06-24,2015-06-24,C,2.5,2015-02-12
10001,2015-04-08 13:42:00,2015-04-08,0.413,0.0,0.0,397.0,0.413,0.413,0.413,10000053,2015-06-24,2015-06-24,C,2.5,2015-02-12
10002,2015-04-08 13:43:00,2015-04-08,0.413,0.0,0.0,397.0,0.413,0.413,0.413,10000053,2015-06-24,2015-06-24,C,2.5,2015-02-12
10003,2015-04-08 13:44:00,2015-04-08,0.413,0.0,0.0,397.0,0.413,0.413,0.413,10000053,2015-06-24,2015-06-24,C,2.5,2015-02-12
10004,2015-04-08 13:45:00,2015-04-08,0.413,0.0,0.0,397.0,0.413,0.413,0.413,10000053,2015-06-24,2015-06-24,C,2.5,2015-02-12
10005,2015-04-08 13:46:00,2015-04-08,0.413,0.0,0.0,397.0,0.413,0.413,0.413,10000053,2015-06-24,2015-06-24,C,2.5,2015-02-12
10006,2015-04-08 13:47:00,2015-04-08,0.413,0.0,0.0,397.0,0.413,0.413,0.413,10000053,2015-06-24,2015-06-24,C,2.5,2015-02-12
10007,2015-04-08 13:48:00,2015-04-08,0.413,0.0,0.0,397.0,0.413,0.413,0.413,10000053,2015-06-24,2015-06-24,C,2.5,2015-02-12
10008,2015-04-08 13:49:00,2015-04-08,0.413,0.0,0.0,397.0,0.413,0.413,0.413,10000053,2015-06-24,2015-06-24,C,2.5,2015-02-12
10009,2015-04-08 13:50:00,2015-04-08,0.413,0.0,0.0,397.0,0.413,0.413,0.413,10000053,2015-06-24,2015-06-24,C,2.5,2015-02-12
10010,2015-04-08 13:51:00,2015-04-08,0.413,0.0,0.0,397.0,0.413,0.413,0.413,10000053,2015-06-24,2015-06-24,C,2.5,2015-02-12
10011,2015-04-08 13:52:00,2015-04-08,0.413,0.0,0.0,397.0,0.413,0.413,0.413,10000053,2015-06-24,2015-06-24,C,2.5,2015-02-12
10012,2015-04-08 13:53:00,2015-04-08,0.413,0.0,0.0,397.0,0.413,0.413,0.413,10000053,2015-06-24,2015-06-24,C,2.5,2015-02-12
10013,2015-04-08 13:54:00,2015-04-08,0.413,0.0,0.0,397.0,0.413,0.413,0.413,10000053,2015-06-24,2015-06-24,C,2.5,2015-02-12
10014,2015-04-08 13:55:00,2015-04-08,0.413,0.0,0.0,397.0,0.413,0.413,0.413,10000053,2015-06-24,2015-06-24,C,2.5,2015-02-12
10015,2015-04-08 13:56:00,2015-04-08,0.413,0.0,0.0,397.0,0.413,0.413,0.413,10000053,2015-06-24,2015-06-24,C,2.5,2015-02-12
10016,2015-04-08 13:57:00,2015-04-08,0.413,0.0,0.0,397.0,0.413,0.413,0.413,10000053,2015-06-24,2015-06-24,C,2.5,2015-02-12
10017,2015-04-08 13:58:00,2015-04-08,0.413,0.0,0.0,397.0,0.413,0.413,0.413,10000053,2015-06-24,2015-06-24,C,2.5,2015-02-12
10018,2015-04-08 13:59:00,2015-04-08,0.413,0.0,0.0,397.0,0.413,0.413,0.413,10000053,2015-06-24,2015-06-24,C,2.5,2015-02-12
10019,2015-04-08 14:00:00,2015-04-08,0.413,0.0,0.0,397.0,0.413,0.413,0.413,10000053,2015-06-24,2015-06-24,C,2.5,2015-02-12
10020,2015-04-08 14:01:00,2015-04-08,0.413,0.0,0.0,397.0,0.413,0.413,0.413,10000053,2015-06-24,2015-06-24,C,2.5,2015-02-12
10021,2015-04-08 14:02:00,2015-04-08,0.413,0.0,0.0,397.0,0.413,0.413,0.413,10000053,2015-06-24,2015-06-24,C,2.5,2015-02-12
10022,2015-04-08 14:03:00,2015-04-08,0.413,0.0,0.0,397.0,0.413,0.413,0.413,10000053,2015-06-24,2015-06-24,C,2.5,2015-02-12
10023,2015-04-08 14:04:00,2015-04-08,0.413,0.0,0.0,397.0,0.413,0.413,0.413,10000053,2015-06-24,2015-06-24,C,2.5,2015-02-12
10024,2015-04-08 14:05:00,2015-04-08,0.413,0.0,0.0,397.0,0.413,0.413,0.413,10000053,2015-06-24,2015-06-24,C,2.5,2015-02-12
10025,2015-04-08 14:06:00,2015-04-08,0.413,0.0,0.0,397.0,0.413,0.413,0.413,10000053,2015-06-24,2015-06-24,C,2.5,2015-02-12
10026,2015-04-08 14:07:00,2015-04-08,0.413,0.0,0.0,397.0,0.413,0.413,0.413,10000053,2015-06-24,2015-06-24,C,2.5,2015-02-12
10027,2015-04-08 14:08:00,2015-04-08,0.413,0.0,0.0,397.0,0.413,0.413,0.413,10000053,2015-06-24,2015-06-24,C,2.5,2015-02-12
10028,2015-04-08 14:09:00,2015-04-08,0.413,0.0,0.0,397.0,0.413,0.413,0.413,10000053,2015-06-24,2015-06-24,C,2.5,2015-02-12
10029,2015-04-08 14:10:00,2015-04-08,0.413,0.0,0.0,397.0,0.413,0.413,0.413,10000053,2015-06-24,2015-06-24,C,2.5,2015-02-12
10030,2015-04-08 14:11:00,2015-04-08,0.413,0.0,0.0,397.0,0.413,0.413,0.413,10000053,2015-06-24,2015-06-24,C,2.5,2015-02-12
10031,2015-04-08 14:12:00,2015-04-08,0.413,0.0,0.0,397.0,0.413,0.413,0.413,10000053,2015-06-24,2015-06-24,C,2.5,2015-02-12
10032,2015-04-08 14:13:00,2015-04-08,0.413,0.0,0.0,397.0,0.413,0.413,0.413,10000053,2015-06-24,2015-06-24,C,2.5,2015-02-12
10033,2015-04-08 14:14:00,2015-04-08,0.413,0.0,0.0,397.0,0.413,0.413,0.413,10000053,2015-06-24,2015-06-24,C,2.5,2015-02-12
10034,2015-04-08 14:15:00,2015-04-08,0.413,0.0,0.0,397.0,0.413,0.413,0.413,10000053,2015-06-24,2015-06-24,C,2.5,2015-02-12
10035,2015-04-08 14:16:00,2015-04-08,0.413,0.0,0.0,397.0,0.413,0.413,0.413,10000053,2015-06-24,2015-06-24,C,2.5,2015-02-12
10036,2015-04-08 14:17:00,2015-04-08,0.413,0.0,0.0,397.0,0.413,0.413,0.413,10000053,2015-06-24,2015-06-24,C,2.5,2015-02-12
10037,2015-04-08 14:18:00,2015-04-08,0.413,0.0,0.0,397.0,0.413,0.413,0.413,10000053,2015-06-24,2015-06-24,C,2.5,2015-02-12
10038,2015-04-08 14:19:00,2015-04-08,0.413,0.0,0.0,397.0,0.413,0.413,0.413,10000053,2015-06-24,2015-06-24,C,2.5,2015-02-12
10039,2015-04-08 14:20:00,2015-04-08,0.413,0.0,0.0,397.0,0.413,0.413,0.413,10000053,2015-06-24,2015-06-24,C,2.5,2015-02-12
10040,2015-04-08 14:21:00,2015-04-08,0.413,0.0,0.0,397.0,0.413,0.413,0.413,10000053,2015-06-24,2015-06-24,C,2.5,2015-02-12
10041,2015-04-08 14:22:00,2015-04-08,0.413,0.0,0.0,397.0,0.413,0.413,0.413,10000053,2015-06-24,2015-06-24,C,2.5,2015-02-12
10042,2015-04-08 14:23:00,2015-04-08,0.413,0.0,0.0,397.0,0.413,0.413,0.413,10000053,2015-06-24,2015-06-24,C,2.5,2015-02-12
10043,2015-04-08 14:24:00,2015-04-08,0.413,0.0,0.0,397.0,0.413,0.413,0.413,10000053,2015-06-24,2015-06-24,C,2.5,2015-02-12
10044,2015-04-08 14:25:00,2015-04-08,0.413,0.0,0.0,397.0,0.413,0.413,0.413,10000053,2015-06-24,2015-06-24,C,2.5,2015-02-12
10045,2015-04-08 14:26:00,2015-04-08,0.413,0.0,0.0,397.0,0.413,0.413,0.413,10000053,2015-06-24,2015-06-24,C,2.5,2015-02-12
10046,2015-04-08 14:27:00,2015-04-08,0.413,0.0,0.0,397.0,0.413,0.413,0.413,10000053,2015-06-24,2015-06-24,C,2.5,2015-02-12
10047,2015-04-08 14:28:00,2015-04-08,0.413,0.0,0.0,397.0,0.413,0.413,0.413,10000053,2015-06-24,2015-06-24,C,2.5,2015-02-12
10048,2015-04-08 14:29:00,2015-04-08,0.413,0.0,0.0,397.0,0.413,0.413,0.413,10000053,2015-06-24,2015-06-24,C,2.5,2015-02-12
10049,2015-04-08 14:30:00,2015-04-08,0.413,0.0,0.0,397.0,0.413,0.413,0.413,10000053,2015-06-24,2015-06-24,C,2.5,2015-02-12
10050,2015-04-08 14:31:00,2015-04-08,0.413,0.0,0.0,397.0,0.413,0.413,0.413,10000053,2015-06-24,2015-06-24,C,2.5,2015-02-12
10051,2015-04-08 14:32:00,2015-04-08,0.413,0.0,0.0,397.0,0.413,0.413,0.413,10000053,2015-06-24,2015-06-24,C,2.5,2015-02-12
10052,2015-04-08 14:33:00,2015-04-08,0.413,0.0,0.0,397.0,0.413,0.413,0.413,10000053,2015-06-24,2015-06-24,C,2.5,2015-02-12
10053,2015-04-08 14:34:00,2015-04-08,0.413,0.0,0.0,397.0,0.413,0.413,0.413,10000053,2015-06-24,2015-06-24,C,2.5,2015-02-12
10054,2015-04-08 14:35:00,2015-04-08,0.413,0.0,0.0,397.0,0.413,0.413,0.413,10000053,2015-06-24,2015-06-24,C,2.5,2015-02-12
10055,2015-04-08 14:36:00,2015-04-08,0.413,0.0,0.0,397.0,0.413,0.413,0.413,10000053,2015-06-24,2015-06-24,C,2.5,2015-02-12
10056,2015-04-08 14:37:00,2015-04-08,0.413,0.0,0.0,397.0,0.413,0.413,0.413,10000053,2015-06-24,2015-06-24,C,2.5,2015-02-12
10057,2015-04-08 14:38:00,2015-04-08,0.413,0.0,0.0,397.0,0.413,0.413,0.413,10000053,2015-06-24,2015-06-24,C,2.5,2015-02-12
10058,2015-04-08 14:39:00,2015-04-08,0.413,0.0,0.0,397.0,0.413,0.413,0.413,10000053,2015-06-24,2015-06-24,C,2.5,2015-02-12
10059,2015-04-08 14:40:00,2015-04-08,0.413,0.0,0.0,397.0,0.413,0.413,0.413,10000053,2015-06-24,2015-06-24,C,2.5,2015-02-12
10060,2015-04-08 14:41:00,2015-04-08,0.413,0.0,0.0,397.0,0.413,0.413,0.413,10000053,2015-06-24,2015-06-24,C,2.5,2015-02-12
10061,2015-04-08 14:42:00,2015-04-08,0.413,0.0,0.0,397.0,0.413,0.413,0.413,10000053,2015-06-24,2015-06-24,C,2.5,2015-02-12
10062,2015-04-08 14:43:00,2015-04-08,0.413,0.0,0.0,397.0,0.413,0.413,0.413,10000053,2015-06-24,2015-06-24,C,2.5,2015-02-12
10063,2015-04-08 14:44:00,2015-04-08,0.441,4410.0,1.0,397.0,0.441,0.441,0.441,10000053,2015-06-24,2015-06-24,C,2.5,2015-02-12
10064,2015-04-08 14:45:00,2015-04-08,0.441,17640.0,4.0,401.0,0.441,0.441,0.441,10000053,2015-06-24,2015-06-24,C,2.5,2015-02-12
10065,2015-04-08 14:46:00,2015-04-08,0.441,0.0,0.0,401.0,0.441,0.441,0.441,10000053,2015-06-24,2015-06-24,C,2.5,2015-02-12
10066,2015-04-08 14:47:00,2015-04-08,0.441,0.0,0.0,401.0,0.441,0.441,0.441,10000053,2015-06-24,2015-06-24,C,2.5,2015-02-12
10067,2015-04-08 14:48:00,2015-04-08,0.441,0.0,0.0,401.0,0.441,0.441,0.441,10000053,2015-06-24,2015-06-24,C,2.5,2015-02-12
10068,2015-04-08 14:49:00,2015-04-08,0.441,0.0,0.0,401.0,0.441,0.441,0.441,10000053,2015-06-24,2015-06-24,C,2.5,2015-02-12
10069,2015-04-08 14:50:00,2015-04-08,0.441,0.0,0.0,401.0,0.441,0.441,0.441,10000053,2015-06-24,2015-06-24,C,2.5,2015-02-12
10070,2015-04-08 14:51:00,2015-04-08,0.441,0.0,0.0,401.0,0.441,0.441,0.441,10000053,2015-06-24,2015-06-24,C,2.5,2015-02-12
10071,2015-04-08 14:52:00,2015-04-08,0.441,0.0,0.0,401.0,0.441,0.441,0.441,10000053,2015-06-24,2015-06-24,C,2.5,2015-02-12
10072,2015-04-08 14:53:00,2015-04-08,0.441,0.0,0.0,401.0,0.441,0.441,0.441,10000053,2015-06-24,2015-06-24,C,2.5,2015-02-12
10073,2015-04-08 14:54:00,2015-04-08,0.441,0.0,0.0,401.0,0.441,0.441,0.441,10000053,2015-06-24,2015-06-24,C,2.5,2015-02-12
10074,2015-04-08 14:55:00,2015-04-08,0.441,0.0,0.0,401.0,0.441,0.441,0.441,10000053,2015-06-24,2015-06-24,C,2.5,2015-02-12
10075,2015-04-08 14:56:00,2015-04-08,0.441,0.0,0.0,401.0,0.441,0.441,0.441,10000053,2015-06-24,2015-06-24,C,2.5,2015-02-12
10076,2015-04-08 14:57:00,2015-04-08,0.441,0.0,0.0,401.0,0.441,0.441,0.441,10000053,2015-06-24,2015-06-24,C,2.5,2015-02-12
10077,2015-04-08 14:58:00,2015-04-08,0.441,0.0,0.0,401.0,0.441,0.441,0.441,10000053,2015-06-24,2015-06-24,C,2.5,2015-02-12
10078,2015-04-08 14:59:00,2015-04-08,0.441,0.0,0.0,401.0,0.441,0.441,0.441,10000053,2015-06-24,2015-06-24,C,2.5,2015-02-12
10079,2015-04-08 15:00:00,2015-04-08,0.441,0.0,0.0,401.0,0.441,0.441,0.441,10000053,2015-06-24,2015-06-24,C,2.5,2015-02-12
10080,2015-04-08 09:31:00,2015-04-08,0.0337,0.0,0.0,0.0,0.0337,0.0337,0.0337,10000037,2015-09-23,2015-09-23,P,2.25,2015-02-09
10081,2015-04-08 09:32:00,2015-04-08,0.0337,0.0,0.0,0.0,0.0337,0.0337,0.0337,10000037,2015-09-23,2015-09-23,P,2.25,2015-02-09
10082,2015-04-08 09:33:00,2015-04-08,0.0337,0.0,0.0,0.0,0.0337,0.0337,0.0337,10000037,2015-09-23,2015-09-23,P,2.25,2015-02-09
10083,2015-04-08 09:34:00,2015-04-08,0.0337,0.0,0.0,0.0,0.0337,0.0337,0.0337,10000037,2015-09-23,2015-09-23,P,2.25,2015-02-09
10084,2015-04-08 09:35:00,2015-04-08,0.0337,0.0,0.0,0.0,0.0337,0.0337,0.0337,10000037,2015-09-23,2015-09-23,P,2.25,2015-02-09
10085,2015-04-08 09:36:00,2015-04-08,0.0337,0.0,0.0,0.0,0.0337,0.0337,0.0337,10000037,2015-09-23,2015-09-23,P,2.25,2015-02-09
10086,2015-04-08 09:37:00,2015-04-08,0.0337,0.0,0.0,0.0,0.0337,0.0337,0.0337,10000037,2015-09-23,2015-09-23,P,2.25,2015-02-09
10087,2015-04-08 09:38:00,2015-04-08,0.0337,0.0,0.0,0.0,0.0337,0.0337,0.0337,10000037,2015-09-23,2015-09-23,P,2.25,2015-02-09
10088,2015-04-08 09:39:00,2015-04-08,0.0337,0.0,0.0,0.0,0.0337,0.0337,0.0337,10000037,2015-09-23,2015-09-23,P,2.25,2015-02-09
10089,2015-04-08 09:40:00,2015-04-08,0.0337,0.0,0.0,0.0,0.0337,0.0337,0.0337,10000037,2015-09-23,2015-09-23,P,2.25,2015-02-09
10090,2015-04-08 09:41:00,2015-04-08,0.0337,0.0,0.0,0.0,0.0337,0.0337,0.0337,10000037,2015-09-23,2015-09-23,P,2.25,2015-02-09
10091,2015-04-08 09:42:00,2015-04-08,0.0337,0.0,0.0,0.0,0.0337,0.0337,0.0337,10000037,2015-09-23,2015-09-23,P,2.25,2015-02-09
10092,2015-04-08 09:43:00,2015-04-08,0.0337,0.0,0.0,0.0,0.0337,0.0337,0.0337,10000037,2015-09-23,2015-09-23,P,2.25,2015-02-09
10093,2015-04-08 09:44:00,2015-04-08,0.0337,0.0,0.0,0.0,0.0337,0.0337,0.0337,10000037,2015-09-23,2015-09-23,P,2.25,2015-02-09
10094,2015-04-08 09:45:00,2015-04-08,0.0337,0.0,0.0,0.0,0.0337,0.0337,0.0337,10000037,2015-09-23,2015-09-23,P,2.25,2015-02-09
10095,2015-04-08 09:46:00,2015-04-08,0.0337,0.0,0.0,0.0,0.0337,0.0337,0.0337,10000037,2015-09-23,2015-09-23,P,2.25,2015-02-09
10096,2015-04-08 09:47:00,2015-04-08,0.0337,0.0,0.0,0.0,0.0337,0.0337,0.0337,10000037,2015-09-23,2015-09-23,P,2.25,2015-02-09
10097,2015-04-08 09:48:00,2015-04-08,0.0337,0.0,0.0,0.0,0.0337,0.0337,0.0337,10000037,2015-09-23,2015-09-23,P,2.25,2015-02-09
10098,2015-04-08 09:49:00,2015-04-08,0.0337,0.0,0.0,0.0,0.0337,0.0337,0.0337,10000037,2015-09-23,2015-09-23,P,2.25,2015-02-09
10099,2015-04-08 09:50:00,2015-04-08,0.0337,0.0,0.0,0.0,0.0337,0.0337,0.0337,10000037,2015-09-23,2015-09-23,P,2.25,2015-02-09
10100,2015-04-08 09:51:00,2015-04-08,0.0337,0.0,0.0,0.0,0.0337,0.0337,0.0337,10000037,2015-09-23,2015-09-23,P,2.25,2015-02-09
10101,2015-04-08 09:52:00,2015-04-08,0.0337,0.0,0.0,0.0,0.0337,0.0337,0.0337,10000037,2015-09-23,2015-09-23,P,2.25,2015-02-09
10102,2015-04-08 09:53:00,2015-04-08,0.0337,0.0,0.0,0.0,0.0337,0.0337,0.0337,10000037,2015-09-23,2015-09-23,P,2.25,2015-02-09
10103,2015-04-08 09:54:00,2015-04-08,0.0337,0.0,0.0,0.0,0.0337,0.0337,0.0337,10000037,2015-09-23,2015-09-23,P,2.25,2015-02-09
10104,2015-04-08 09:55:00,2015-04-08,0.0337,0.0,0.0,0.0,0.0337,0.0337,0.0337,10000037,2015-09-23,2015-09-23,P,2.25,2015-02-09
10105,2015-04-08 09:56:00,2015-04-08,0.0337,0.0,0.0,0.0,0.0337,0.0337,0.0337,10000037,2015-09-23,2015-09-23,P,2.25,2015-02-09
10106,2015-04-08 09:57:00,2015-04-08,0.0337,0.0,0.0,0.0,0.0337,0.0337,0.0337,10000037,2015-09-23,2015-09-23,P,2.25,2015-02-09
10107,2015-04-08 09:58:00,2015-04-08,0.0337,0.0,0.0,0.0,0.0337,0.0337,0.0337,10000037,2015-09-23,2015-09-23,P,2.25,2015-02-09
10108,2015-04-08 09:59:00,2015-04-08,0.0337,0.0,0.0,0.0,0.0337,0.0337,0.0337,10000037,2015-09-23,2015-09-23,P,2.25,2015-02-09
10109,2015-04-08 10:00:00,2015-04-08,0.0337,0.0,0.0,0.0,0.0337,0.0337,0.0337,10000037,2015-09-23,2015-09-23,P,2.25,2015-02-09
10110,2015-04-08 10:01:00,2015-04-08,0.0327,654.0,2.0,448.0,0.0327,0.0327,0.0327,10000037,2015-09-23,2015-09-23,P,2.25,2015-02-09
10111,2015-04-08 10:02:00,2015-04-08,0.0327,0.0,0.0,448.0,0.0327,0.0327,0.0327,10000037,2015-09-23,2015-09-23,P,2.25,2015-02-09
10112,2015-04-08 10:03:00,2015-04-08,0.0327,0.0,0.0,448.0,0.0327,0.0327,0.0327,10000037,2015-09-23,2015-09-23,P,2.25,2015-02-09
10113,2015-04-08 10:04:00,2015-04-08,0.0327,0.0,0.0,448.0,0.0327,0.0327,0.0327,10000037,2015-09-23,2015-09-23,P,2.25,2015-02-09
10114,2015-04-08 10:05:00,2015-04-08,0.0327,0.0,0.0,448.0,0.0327,0.0327,0.0327,10000037,2015-09-23,2015-09-23,P,2.25,2015-02-09
10115,2015-04-08 10:06:00,2015-04-08,0.0327,0.0,0.0,448.0,0.0327,0.0327,0.0327,10000037,2015-09-23,2015-09-23,P,2.25,2015-02-09
10116,2015-04-08 10:07:00,2015-04-08,0.0327,0.0,0.0,448.0,0.0327,0.0327,0.0327,10000037,2015-09-23,2015-09-23,P,2.25,2015-02-09
10117,2015-04-08 10:08:00,2015-04-08,0.0327,0.0,0.0,448.0,0.0327,0.0327,0.0327,10000037,2015-09-23,2015-09-23,P,2.25,2015-02-09
10118,2015-04-08 10:09:00,2015-04-08,0.0327,0.0,0.0,448.0,0.0327,0.0327,0.0327,10000037,2015-09-23,2015-09-23,P,2.25,2015-02-09
10119,2015-04-08 10:10:00,2015-04-08,0.0327,0.0,0.0,448.0,0.0327,0.0327,0.0327,10000037,2015-09-23,2015-09-23,P,2.25,2015-02-09
10120,2015-04-08 10:11:00,2015-04-08,0.0327,0.0,0.0,448.0,0.0327,0.0327,0.0327,10000037,2015-09-23,2015-09-23,P,2.25,2015-02-09
10121,2015-04-08 10:12:00,2015-04-08,0.0327,0.0,0.0,448.0,0.0327,0.0327,0.0327,10000037,2015-09-23,2015-09-23,P,2.25,2015-02-09
10122,2015-04-08 10:13:00,2015-04-08,0.0327,0.0,0.0,448.0,0.0327,0.0327,0.0327,10000037,2015-09-23,2015-09-23,P,2.25,2015-02-09
10123,2015-04-08 10:14:00,2015-04-08,0.0327,0.0,0.0,448.0,0.0327,0.0327,0.0327,10000037,2015-09-23,2015-09-23,P,2.25,2015-02-09
10124,2015-04-08 10:15:00,2015-04-08,0.0327,0.0,0.0,448.0,0.0327,0.0327,0.0327,10000037,2015-09-23,2015-09-23,P,2.25,2015-02-09
10125,2015-04-08 10:16:00,2015-04-08,0.0327,0.0,0.0,448.0,0.0327,0.0327,0.0327,10000037,2015-09-23,2015-09-23,P,2.25,2015-02-09
10126,2015-04-08 10:17:00,2015-04-08,0.0327,0.0,0.0,448.0,0.0327,0.0327,0.0327,10000037,2015-09-23,2015-09-23,P,2.25,2015-02-09
10127,2015-04-08 10:18:00,2015-04-08,0.0327,0.0,0.0,448.0,0.0327,0.0327,0.0327,10000037,2015-09-23,2015-09-23,P,2.25,2015-02-09
10128,2015-04-08 10:19:00,2015-04-08,0.0327,0.0,0.0,448.0,0.0327,0.0327,0.0327,10000037,2015-09-23,2015-09-23,P,2.25,2015-02-09
10129,2015-04-08 10:20:00,2015-04-08,0.0327,0.0,0.0,448.0,0.0327,0.0327,0.0327,10000037,2015-09-23,2015-09-23,P,2.25,2015-02-09
10130,2015-04-08 10:21:00,2015-04-08,0.0327,0.0,0.0,448.0,0.0327,0.0327,0.0327,10000037,2015-09-23,2015-09-23,P,2.25,2015-02-09
10131,2015-04-08 10:22:00,2015-04-08,0.0327,0.0,0.0,448.0,0.0327,0.0327,0.0327,10000037,2015-09-23,2015-09-23,P,2.25,2015-02-09
10132,2015-04-08 10:23:00,2015-04-08,0.0327,0.0,0.0,448.0,0.0327,0.0327,0.0327,10000037,2015-09-23,2015-09-23,P,2.25,2015-02-09
10133,2015-04-08 10:24:00,2015-04-08,0.0327,0.0,0.0,448.0,0.0327,0.0327,0.0327,10000037,2015-09-23,2015-09-23,P,2.25,2015-02-09
10134,2015-04-08 10:25:00,2015-04-08,0.0327,0.0,0.0,448.0,0.0327,0.0327,0.0327,10000037,2015-09-23,2015-09-23,P,2.25,2015-02-09
10135,2015-04-08 10:26:00,2015-04-08,0.0327,0.0,0.0,448.0,0.0327,0.0327,0.0327,10000037,2015-09-23,2015-09-23,P,2.25,2015-02-09
10136,2015-04-08 10:27:00,2015-04-08,0.0327,0.0,0.0,448.0,0.0327,0.0327,0.0327,10000037,2015-09-23,2015-09-23,P,2.25,2015-02-09
10137,2015-04-08 10:28:00,2015-04-08,0.0327,0.0,0.0,448.0,0.0327,0.0327,0.0327,10000037,2015-09-23,2015-09-23,P,2.25,2015-02-09
10138,2015-04-08 10:29:00,2015-04-08,0.0327,0.0,0.0,448.0,0.0327,0.0327,0.0327,10000037,2015-09-23,2015-09-23,P,2.25,2015-02-09
10139,2015-04-08 10:30:00,2015-04-08,0.0327,0.0,0.0,448.0,0.0327,0.0327,0.0327,10000037,2015-09-23,2015-09-23,P,2.25,2015-02-09
10140,2015-04-08 10:31:00,2015-04-08,0.0327,0.0,0.0,448.0,0.0327,0.0327,0.0327,10000037,2015-09-23,2015-09-23,P,2.25,2015-02-09
10141,2015-04-08 10:32:00,2015-04-08,0.0327,0.0,0.0,448.0,0.0327,0.0327,0.0327,10000037,2015-09-23,2015-09-23,P,2.25,2015-02-09
10142,2015-04-08 10:33:00,2015-04-08,0.0327,0.0,0.0,448.0,0.0327,0.0327,0.0327,10000037,2015-09-23,2015-09-23,P,2.25,2015-02-09
10143,2015-04-08 10:34:00,2015-04-08,0.0327,0.0,0.0,448.0,0.0327,0.0327,0.0327,10000037,2015-09-23,2015-09-23,P,2.25,2015-02-09
10144,2015-04-08 10:35:00,2015-04-08,0.0327,0.0,0.0,448.0,0.0327,0.0327,0.0327,10000037,2015-09-23,2015-09-23,P,2.25,2015-02-09
10145,2015-04-08 10:36:00,2015-04-08,0.0327,0.0,0.0,448.0,0.0327,0.0327,0.0327,10000037,2015-09-23,2015-09-23,P,2.25,2015-02-09
10146,2015-04-08 10:37:00,2015-04-08,0.0327,0.0,0.0,448.0,0.0327,0.0327,0.0327,10000037,2015-09-23,2015-09-23,P,2.25,2015-02-09
10147,2015-04-08 10:38:00,2015-04-08,0.0327,0.0,0.0,448.0,0.0327,0.0327,0.0327,10000037,2015-09-23,2015-09-23,P,2.25,2015-02-09
10148,2015-04-08 10:39:00,2015-04-08,0.0327,0.0,0.0,448.0,0.0327,0.0327,0.0327,10000037,2015-09-23,2015-09-23,P,2.25,2015-02-09
10149,2015-04-08 10:40:00,2015-04-08,0.0327,0.0,0.0,448.0,0.0327,0.0327,0.0327,10000037,2015-09-23,2015-09-23,P,2.25,2015-02-09
10150,2015-04-08 10:41:00,2015-04-08,0.0327,0.0,0.0,448.0,0.0327,0.0327,0.0327,10000037,2015-09-23,2015-09-23,P,2.25,2015-02-09
10151,2015-04-08 10:42:00,2015-04-08,0.0327,0.0,0.0,448.0,0.0327,0.0327,0.0327,10000037,2015-09-23,2015-09-23,P,2.25,2015-02-09
10152,2015-04-08 10:43:00,2015-04-08,0.0327,0.0,0.0,448.0,0.0327,0.0327,0.0327,10000037,2015-09-23,2015-09-23,P,2.25,2015-02-09
10153,2015-04-08 10:44:00,2015-04-08,0.0327,0.0,0.0,448.0,0.0327,0.0327,0.0327,10000037,2015-09-23,2015-09-23,P,2.25,2015-02-09
10154,2015-04-08 10:45:00,2015-04-08,0.0327,0.0,0.0,448.0,0.0327,0.0327,0.0327,10000037,2015-09-23,2015-09-23,P,2.25,2015-02-09
10155,2015-04-08 10:46:00,2015-04-08,0.0327,0.0,0.0,448.0,0.0327,0.0327,0.0327,10000037,2015-09-23,2015-09-23,P,2.25,2015-02-09
10156,2015-04-08 10:47:00,2015-04-08,0.0327,0.0,0.0,448.0,0.0327,0.0327,0.0327,10000037,2015-09-23,2015-09-23,P,2.25,2015-02-09
10157,2015-04-08 10:48:00,2015-04-08,0.0327,0.0,0.0,448.0,0.0327,0.0327,0.0327,10000037,2015-09-23,2015-09-23,P,2.25,2015-02-09
10158,2015-04-08 10:49:00,2015-04-08,0.0327,0.0,0.0,448.0,0.0327,0.0327,0.0327,10000037,2015-09-23,2015-09-23,P,2.25,2015-02-09
10159,2015-04-08 10:50:00,2015-04-08,0.0327,0.0,0.0,448.0,0.0327,0.0327,0.0327,10000037,2015-09-23,2015-09-23,P,2.25,2015-02-09
10160,2015-04-08 10:51:00,2015-04-08,0.0327,0.0,0.0,448.0,0.0327,0.0327,0.0327,10000037,2015-09-23,2015-09-23,P,2.25,2015-02-09
10161,2015-04-08 10:52:00,2015-04-08,0.0327,0.0,0.0,448.0,0.0327,0.0327,0.0327,10000037,2015-09-23,2015-09-23,P,2.25,2015-02-09
10162,2015-04-08 10:53:00,2015-04-08,0.0327,0.0,0.0,448.0,0.0327,0.0327,0.0327,10000037,2015-09-23,2015-09-23,P,2.25,2015-02-09
10163,2015-04-08 10:54:00,2015-04-08,0.0327,0.0,0.0,448.0,0.0327,0.0327,0.0327,10000037,2015-09-23,2015-09-23,P,2.25,2015-02-09
10164,2015-04-08 10:55:00,2015-04-08,0.0327,0.0,0.0,448.0,0.0327,0.0327,0.0327,10000037,2015-09-23,2015-09-23,P,2.25,2015-02-09
10165,2015-04-08 10:56:00,2015-04-08,0.0327,0.0,0.0,448.0,0.0327,0.0327,0.0327,10000037,2015-09-23,2015-09-23,P,2.25,2015-02-09
10166,2015-04-08 10:57:00,2015-04-08,0.0327,0.0,0.0,448.0,0.0327,0.0327,0.0327,10000037,2015-09-23,2015-09-23,P,2.25,2015-02-09
10167,2015-04-08 10:58:00,2015-04-08,0.0327,0.0,0.0,448.0,0.0327,0.0327,0.0327,10000037,2015-09-23,2015-09-23,P,2.25,2015-02-09
10168,2015-04-08 10:59:00,2015-04-08,0.0327,0.0,0.0,448.0,0.0327,0.0327,0.0327,10000037,2015-09-23,2015-09-23,P,2.25,2015-02-09
10169,2015-04-08 11:00:00,2015-04-08,0.0327,0.0,0.0,448.0,0.0327,0.0327,0.0327,10000037,2015-09-23,2015-09-23,P,2.25,2015-02-09
10170,2015-04-08 11:01:00,2015-04-08,0.0327,0.0,0.0,448.0,0.0327,0.0327,0.0327,10000037,2015-09-23,2015-09-23,P,2.25,2015-02-09
10171,2015-04-08 11:02:00,2015-04-08,0.0327,0.0,0.0,448.0,0.0327,0.0327,0.0327,10000037,2015-09-23,2015-09-23,P,2.25,2015-02-09
10172,2015-04-08 11:03:00,2015-04-08,0.0327,0.0,0.0,448.0,0.0327,0.0327,0.0327,10000037,2015-09-23,2015-09-23,P,2.25,2015-02-09
10173,2015-04-08 11:04:00,2015-04-08,0.0327,0.0,0.0,448.0,0.0327,0.0327,0.0327,10000037,2015-09-23,2015-09-23,P,2.25,2015-02-09
10174,2015-04-08 11:05:00,2015-04-08,0.0327,0.0,0.0,448.0,0.0327,0.0327,0.0327,10000037,2015-09-23,2015-09-23,P,2.25,2015-02-09
10175,2015-04-08 11:06:00,2015-04-08,0.0327,0.0,0.0,448.0,0.0327,0.0327,0.0327,10000037,2015-09-23,2015-09-23,P,2.25,2015-02-09
10176,2015-04-08 11:07:00,2015-04-08,0.0327,0.0,0.0,448.0,0.0327,0.0327,0.0327,10000037,2015-09-23,2015-09-23,P,2.25,2015-02-09
10177,2015-04-08 11:08:00,2015-04-08,0.0327,0.0,0.0,448.0,0.0327,0.0327,0.0327,10000037,2015-09-23,2015-09-23,P,2.25,2015-02-09
10178,2015-04-08 11:09:00,2015-04-08,0.0327,0.0,0.0,448.0,0.0327,0.0327,0.0327,10000037,2015-09-23,2015-09-23,P,2.25,2015-02-09
10179,2015-04-08 11:10:00,2015-04-08,0.0327,0.0,0.0,448.0,0.0327,0.0327,0.0327,10000037,2015-09-23,2015-09-23,P,2.25,2015-02-09
10180,2015-04-08 11:11:00,2015-04-08,0.0327,0.0,0.0,448.0,0.0327,0.0327,0.0327,10000037,2015-09-23,2015-09-23,P,2.25,2015-02-09
10181,2015-04-08 11:12:00,2015-04-08,0.0327,0.0,0.0,448.0,0.0327,0.0327,0.0327,10000037,2015-09-23,2015-09-23,P,2.25,2015-02-09
10182,2015-04-08 11:13:00,2015-04-08,0.0327,0.0,0.0,448.0,0.0327,0.0327,0.0327,10000037,2015-09-23,2015-09-23,P,2.25,2015-02-09
10183,2015-04-08 11:14:00,2015-04-08,0.0327,0.0,0.0,448.0,0.0327,0.0327,0.0327,10000037,2015-09-23,2015-09-23,P,2.25,2015-02-09
10184,2015-04-08 11:15:00,2015-04-08,0.0327,0.0,0.0,448.0,0.0327,0.0327,0.0327,10000037,2015-09-23,2015-09-23,P,2.25,2015-02-09
10185,2015-04-08 11:16:00,2015-04-08,0.0327,0.0,0.0,448.0,0.0327,0.0327,0.0327,10000037,2015-09-23,2015-09-23,P,2.25,2015-02-09
10186,2015-04-08 11:17:00,2015-04-08,0.0327,0.0,0.0,448.0,0.0327,0.0327,0.0327,10000037,2015-09-23,2015-09-23,P,2.25,2015-02-09
10187,2015-04-08 11:18:00,2015-04-08,0.0327,0.0,0.0,448.0,0.0327,0.0327,0.0327,10000037,2015-09-23,2015-09-23,P,2.25,2015-02-09
10188,2015-04-08 11:19:00,2015-04-08,0.0327,0.0,0.0,448.0,0.0327,0.0327,0.0327,10000037,2015-09-23,2015-09-23,P,2.25,2015-02-09
10189,2015-04-08 11:20:00,2015-04-08,0.0327,0.0,0.0,448.0,0.0327,0.0327,0.0327,10000037,2015-09-23,2015-09-23,P,2.25,2015-02-09
10190,2015-04-08 11:21:00,2015-04-08,0.0327,0.0,0.0,448.0,0.0327,0.0327,0.0327,10000037,2015-09-23,2015-09-23,P,2.25,2015-02-09
10191,2015-04-08 11:22:00,2015-04-08,0.0327,0.0,0.0,448.0,0.0327,0.0327,0.0327,10000037,2015-09-23,2015-09-23,P,2.25,2015-02-09
10192,2015-04-08 11:23:00,2015-04-08,0.0327,0.0,0.0,448.0,0.0327,0.0327,0.0327,10000037,2015-09-23,2015-09-23,P,2.25,2015-02-09
10193,2015-04-08 11:24:00,2015-04-08,0.0327,0.0,0.0,448.0,0.0327,0.0327,0.0327,10000037,2015-09-23,2015-09-23,P,2.25,2015-02-09
10194,2015-04-08 11:25:00,2015-04-08,0.0327,0.0,0.0,448.0,0.0327,0.0327,0.0327,10000037,2015-09-23,2015-09-23,P,2.25,2015-02-09
10195,2015-04-08 11:26:00,2015-04-08,0.0327,0.0,0.0,448.0,0.0327,0.0327,0.0327,10000037,2015-09-23,2015-09-23,P,2.25,2015-02-09
10196,2015-04-08 11:27:00,2015-04-08,0.0327,0.0,0.0,448.0,0.0327,0.0327,0.0327,10000037,2015-09-23,2015-09-23,P,2.25,2015-02-09
10197,2015-04-08 11:28:00,2015-04-08,0.0327,0.0,0.0,448.0,0.0327,0.0327,0.0327,10000037,2015-09-23,2015-09-23,P,2.25,2015-02-09
10198,2015-04-08 11:29:00,2015-04-08,0.0327,0.0,0.0,448.0,0.0327,0.0327,0.0327,10000037,2015-09-23,2015-09-23,P,2.25,2015-02-09
10199,2015-04-08 11:30:00,2015-04-08,0.0327,0.0,0.0,448.0,0.0327,0.0327,0.0327,10000037,2015-09-23,2015-09-23,P,2.25,2015-02-09
10200,2015-04-08 13:01:00,2015-04-08,0.0327,0.0,0.0,448.0,0.0327,0.0327,0.0327,10000037,2015-09-23,2015-09-23,P,2.25,2015-02-09
10201,2015-04-08 13:02:00,2015-04-08,0.0327,0.0,0.0,448.0,0.0327,0.0327,0.0327,10000037,2015-09-23,2015-09-23,P,2.25,2015-02-09
10202,2015-04-08 13:03:00,2015-04-08,0.0327,0.0,0.0,448.0,0.0327,0.0327,0.0327,10000037,2015-09-23,2015-09-23,P,2.25,2015-02-09
10203,2015-04-08 13:04:00,2015-04-08,0.0327,0.0,0.0,448.0,0.0327,0.0327,0.0327,10000037,2015-09-23,2015-09-23,P,2.25,2015-02-09
10204,2015-04-08 13:05:00,2015-04-08,0.0318,636.0,2.0,448.0,0.0318,0.0318,0.0318,10000037,2015-09-23,2015-09-23,P,2.25,2015-02-09
10205,2015-04-08 13:06:00,2015-04-08,0.0318,0.0,0.0,448.0,0.0318,0.0318,0.0318,10000037,2015-09-23,2015-09-23,P,2.25,2015-02-09
10206,2015-04-08 13:07:00,2015-04-08,0.0318,0.0,0.0,448.0,0.0318,0.0318,0.0318,10000037,2015-09-23,2015-09-23,P,2.25,2015-02-09
10207,2015-04-08 13:08:00,2015-04-08,0.0318,0.0,0.0,448.0,0.0318,0.0318,0.0318,10000037,2015-09-23,2015-09-23,P,2.25,2015-02-09
10208,2015-04-08 13:09:00,2015-04-08,0.0318,0.0,0.0,448.0,0.0318,0.0318,0.0318,10000037,2015-09-23,2015-09-23,P,2.25,2015-02-09
10209,2015-04-08 13:10:00,2015-04-08,0.0318,0.0,0.0,448.0,0.0318,0.0318,0.0318,10000037,2015-09-23,2015-09-23,P,2.25,2015-02-09
10210,2015-04-08 13:11:00,2015-04-08,0.0318,0.0,0.0,448.0,0.0318,0.0318,0.0318,10000037,2015-09-23,2015-09-23,P,2.25,2015-02-09
10211,2015-04-08 13:12:00,2015-04-08,0.0318,0.0,0.0,448.0,0.0318,0.0318,0.0318,10000037,2015-09-23,2015-09-23,P,2.25,2015-02-09
10212,2015-04-08 13:13:00,2015-04-08,0.0316,948.0,3.0,448.0,0.0316,0.0316,0.0316,10000037,2015-09-23,2015-09-23,P,2.25,2015-02-09
10213,2015-04-08 13:14:00,2015-04-08,0.0291,2910.0,10.0,448.0,0.0291,0.0291,0.0291,10000037,2015-09-23,2015-09-23,P,2.25,2015-02-09
10214,2015-04-08 13:15:00,2015-04-08,0.0291,0.0,0.0,448.0,0.0291,0.0291,0.0291,10000037,2015-09-23,2015-09-23,P,2.25,2015-02-09
10215,2015-04-08 13:16:00,2015-04-08,0.0291,0.0,0.0,448.0,0.0291,0.0291,0.0291,10000037,2015-09-23,2015-09-23,P,2.25,2015-02-09
10216,2015-04-08 13:17:00,2015-04-08,0.0318,1590.0,5.0,453.0,0.0318,0.0318,0.0318,10000037,2015-09-23,2015-09-23,P,2.25,2015-02-09
10217,2015-04-08 13:18:00,2015-04-08,0.0318,0.0,0.0,453.0,0.0318,0.0318,0.0318,10000037,2015-09-23,2015-09-23,P,2.25,2015-02-09
10218,2015-04-08 13:19:00,2015-04-08,0.0318,0.0,0.0,453.0,0.0318,0.0318,0.0318,10000037,2015-09-23,2015-09-23,P,2.25,2015-02-09
10219,2015-04-08 13:20:00,2015-04-08,0.0318,0.0,0.0,453.0,0.0318,0.0318,0.0318,10000037,2015-09-23,2015-09-23,P,2.25,2015-02-09
10220,2015-04-08 13:21:00,2015-04-08,0.0318,0.0,0.0,453.0,0.0318,0.0318,0.0318,10000037,2015-09-23,2015-09-23,P,2.25,2015-02-09
10221,2015-04-08 13:22:00,2015-04-08,0.0318,0.0,0.0,453.0,0.0318,0.0318,0.0318,10000037,2015-09-23,2015-09-23,P,2.25,2015-02-09
10222,2015-04-08 13:23:00,2015-04-08,0.0318,0.0,0.0,453.0,0.0318,0.0318,0.0318,10000037,2015-09-23,2015-09-23,P,2.25,2015-02-09
10223,2015-04-08 13:24:00,2015-04-08,0.0318,0.0,0.0,453.0,0.0318,0.0318,0.0318,10000037,2015-09-23,2015-09-23,P,2.25,2015-02-09
10224,2015-04-08 13:25:00,2015-04-08,0.0318,0.0,0.0,453.0,0.0318,0.0318,0.0318,10000037,2015-09-23,2015-09-23,P,2.25,2015-02-09
10225,2015-04-08 13:26:00,2015-04-08,0.0318,0.0,0.0,453.0,0.0318,0.0318,0.0318,10000037,2015-09-23,2015-09-23,P,2.25,2015-02-09
10226,2015-04-08 13:27:00,2015-04-08,0.0318,0.0,0.0,453.0,0.0318,0.0318,0.0318,10000037,2015-09-23,2015-09-23,P,2.25,2015-02-09
10227,2015-04-08 13:28:00,2015-04-08,0.0318,0.0,0.0,453.0,0.0318,0.0318,0.0318,10000037,2015-09-23,2015-09-23,P,2.25,2015-02-09
10228,2015-04-08 13:29:00,2015-04-08,0.0318,0.0,0.0,453.0,0.0318,0.0318,0.0318,10000037,2015-09-23,2015-09-23,P,2.25,2015-02-09
10229,2015-04-08 13:30:00,2015-04-08,0.0318,0.0,0.0,453.0,0.0318,0.0318,0.0318,10000037,2015-09-23,2015-09-23,P,2.25,2015-02-09
10230,2015-04-08 13:31:00,2015-04-08,0.0318,0.0,0.0,453.0,0.0318,0.0318,0.0318,10000037,2015-09-23,2015-09-23,P,2.25,2015-02-09
10231,2015-04-08 13:32:00,2015-04-08,0.0318,0.0,0.0,453.0,0.0318,0.0318,0.0318,10000037,2015-09-23,2015-09-23,P,2.25,2015-02-09
10232,2015-04-08 13:33:00,2015-04-08,0.0318,0.0,0.0,453.0,0.0318,0.0318,0.0318,10000037,2015-09-23,2015-09-23,P,2.25,2015-02-09
10233,2015-04-08 13:34:00,2015-04-08,0.0318,0.0,0.0,453.0,0.0318,0.0318,0.0318,10000037,2015-09-23,2015-09-23,P,2.25,2015-02-09
10234,2015-04-08 13:35:00,2015-04-08,0.0318,0.0,0.0,453.0,0.0318,0.0318,0.0318,10000037,2015-09-23,2015-09-23,P,2.25,2015-02-09
10235,2015-04-08 13:36:00,2015-04-08,0.0318,0.0,0.0,453.0,0.0318,0.0318,0.0318,10000037,2015-09-23,2015-09-23,P,2.25,2015-02-09
10236,2015-04-08 13:37:00,2015-04-08,0.0318,0.0,0.0,453.0,0.0318,0.0318,0.0318,10000037,2015-09-23,2015-09-23,P,2.25,2015-02-09
10237,2015-04-08 13:38:00,2015-04-08,0.0318,0.0,0.0,453.0,0.0318,0.0318,0.0318,10000037,2015-09-23,2015-09-23,P,2.25,2015-02-09
10238,2015-04-08 13:39:00,2015-04-08,0.0318,0.0,0.0,453.0,0.0318,0.0318,0.0318,10000037,2015-09-23,2015-09-23,P,2.25,2015-02-09
10239,2015-04-08 13:40:00,2015-04-08,0.0318,0.0,0.0,453.0,0.0318,0.0318,0.0318,10000037,2015-09-23,2015-09-23,P,2.25,2015-02-09
10240,2015-04-08 13:41:00,2015-04-08,0.0318,0.0,0.0,453.0,0.0318,0.0318,0.0318,10000037,2015-09-23,2015-09-23,P,2.25,2015-02-09
10241,2015-04-08 13:42:00,2015-04-08,0.0318,0.0,0.0,453.0,0.0318,0.0318,0.0318,10000037,2015-09-23,2015-09-23,P,2.25,2015-02-09
10242,2015-04-08 13:43:00,2015-04-08,0.0318,0.0,0.0,453.0,0.0318,0.0318,0.0318,10000037,2015-09-23,2015-09-23,P,2.25,2015-02-09
10243,2015-04-08 13:44:00,2015-04-08,0.0318,0.0,0.0,453.0,0.0318,0.0318,0.0318,10000037,2015-09-23,2015-09-23,P,2.25,2015-02-09
10244,2015-04-08 13:45:00,2015-04-08,0.0318,0.0,0.0,453.0,0.0318,0.0318,0.0318,10000037,2015-09-23,2015-09-23,P,2.25,2015-02-09
10245,2015-04-08 13:46:00,2015-04-08,0.0318,0.0,0.0,453.0,0.0318,0.0318,0.0318,10000037,2015-09-23,2015-09-23,P,2.25,2015-02-09
10246,2015-04-08 13:47:00,2015-04-08,0.0318,0.0,0.0,453.0,0.0318,0.0318,0.0318,10000037,2015-09-23,2015-09-23,P,2.25,2015-02-09
10247,2015-04-08 13:48:00,2015-04-08,0.0318,0.0,0.0,453.0,0.0318,0.0318,0.0318,10000037,2015-09-23,2015-09-23,P,2.25,2015-02-09
10248,2015-04-08 13:49:00,2015-04-08,0.0318,0.0,0.0,453.0,0.0318,0.0318,0.0318,10000037,2015-09-23,2015-09-23,P,2.25,2015-02-09
10249,2015-04-08 13:50:00,2015-04-08,0.0318,0.0,0.0,453.0,0.0318,0.0318,0.0318,10000037,2015-09-23,2015-09-23,P,2.25,2015-02-09
10250,2015-04-08 13:51:00,2015-04-08,0.0318,0.0,0.0,453.0,0.0318,0.0318,0.0318,10000037,2015-09-23,2015-09-23,P,2.25,2015-02-09
10251,2015-04-08 13:52:00,2015-04-08,0.0318,0.0,0.0,453.0,0.0318,0.0318,0.0318,10000037,2015-09-23,2015-09-23,P,2.25,2015-02-09
10252,2015-04-08 13:53:00,2015-04-08,0.0318,0.0,0.0,453.0,0.0318,0.0318,0.0318,10000037,2015-09-23,2015-09-23,P,2.25,2015-02-09
10253,2015-04-08 13:54:00,2015-04-08,0.0318,0.0,0.0,453.0,0.0318,0.0318,0.0318,10000037,2015-09-23,2015-09-23,P,2.25,2015-02-09
10254,2015-04-08 13:55:00,2015-04-08,0.0318,0.0,0.0,453.0,0.0318,0.0318,0.0318,10000037,2015-09-23,2015-09-23,P,2.25,2015-02-09
10255,2015-04-08 13:56:00,2015-04-08,0.0318,0.0,0.0,453.0,0.0318,0.0318,0.0318,10000037,2015-09-23,2015-09-23,P,2.25,2015-02-09
10256,2015-04-08 13:57:00,2015-04-08,0.0318,0.0,0.0,453.0,0.0318,0.0318,0.0318,10000037,2015-09-23,2015-09-23,P,2.25,2015-02-09
10257,2015-04-08 13:58:00,2015-04-08,0.0318,0.0,0.0,453.0,0.0318,0.0318,0.0318,10000037,2015-09-23,2015-09-23,P,2.25,2015-02-09
10258,2015-04-08 13:59:00,2015-04-08,0.0318,0.0,0.0,453.0,0.0318,0.0318,0.0318,10000037,2015-09-23,2015-09-23,P,2.25,2015-02-09
10259,2015-04-08 14:00:00,2015-04-08,0.0318,0.0,0.0,453.0,0.0318,0.0318,0.0318,10000037,2015-09-23,2015-09-23,P,2.25,2015-02-09
10260,2015-04-08 14:01:00,2015-04-08,0.0318,0.0,0.0,453.0,0.0318,0.0318,0.0318,10000037,2015-09-23,2015-09-23,P,2.25,2015-02-09
10261,2015-04-08 14:02:00,2015-04-08,0.0318,0.0,0.0,453.0,0.0318,0.0318,0.0318,10000037,2015-09-23,2015-09-23,P,2.25,2015-02-09
10262,2015-04-08 14:03:00,2015-04-08,0.0318,0.0,0.0,453.0,0.0318,0.0318,0.0318,10000037,2015-09-23,2015-09-23,P,2.25,2015-02-09
10263,2015-04-08 14:04:00,2015-04-08,0.0318,0.0,0.0,453.0,0.0318,0.0318,0.0318,10000037,2015-09-23,2015-09-23,P,2.25,2015-02-09
10264,2015-04-08 14:05:00,2015-04-08,0.0318,0.0,0.0,453.0,0.0318,0.0318,0.0318,10000037,2015-09-23,2015-09-23,P,2.25,2015-02-09
10265,2015-04-08 14:06:00,2015-04-08,0.0318,0.0,0.0,453.0,0.0318,0.0318,0.0318,10000037,2015-09-23,2015-09-23,P,2.25,2015-02-09
10266,2015-04-08 14:07:00,2015-04-08,0.0318,0.0,0.0,453.0,0.0318,0.0318,0.0318,10000037,2015-09-23,2015-09-23,P,2.25,2015-02-09
10267,2015-04-08 14:08:00,2015-04-08,0.0318,0.0,0.0,453.0,0.0318,0.0318,0.0318,10000037,2015-09-23,2015-09-23,P,2.25,2015-02-09
10268,2015-04-08 14:09:00,2015-04-08,0.0318,0.0,0.0,453.0,0.0318,0.0318,0.0318,10000037,2015-09-23,2015-09-23,P,2.25,2015-02-09
10269,2015-04-08 14:10:00,2015-04-08,0.0318,0.0,0.0,453.0,0.0318,0.0318,0.0318,10000037,2015-09-23,2015-09-23,P,2.25,2015-02-09
10270,2015-04-08 14:11:00,2015-04-08,0.0318,0.0,0.0,453.0,0.0318,0.0318,0.0318,10000037,2015-09-23,2015-09-23,P,2.25,2015-02-09
10271,2015-04-08 14:12:00,2015-04-08,0.0318,0.0,0.0,453.0,0.0318,0.0318,0.0318,10000037,2015-09-23,2015-09-23,P,2.25,2015-02-09
10272,2015-04-08 14:13:00,2015-04-08,0.0318,0.0,0.0,453.0,0.0318,0.0318,0.0318,10000037,2015-09-23,2015-09-23,P,2.25,2015-02-09
10273,2015-04-08 14:14:00,2015-04-08,0.0318,0.0,0.0,453.0,0.0318,0.0318,0.0318,10000037,2015-09-23,2015-09-23,P,2.25,2015-02-09
10274,2015-04-08 14:15:00,2015-04-08,0.0318,0.0,0.0,453.0,0.0318,0.0318,0.0318,10000037,2015-09-23,2015-09-23,P,2.25,2015-02-09
10275,2015-04-08 14:16:00,2015-04-08,0.0318,0.0,0.0,453.0,0.0318,0.0318,0.0318,10000037,2015-09-23,2015-09-23,P,2.25,2015-02-09
10276,2015-04-08 14:17:00,2015-04-08,0.0318,0.0,0.0,453.0,0.0318,0.0318,0.0318,10000037,2015-09-23,2015-09-23,P,2.25,2015-02-09
10277,2015-04-08 14:18:00,2015-04-08,0.0318,0.0,0.0,453.0,0.0318,0.0318,0.0318,10000037,2015-09-23,2015-09-23,P,2.25,2015-02-09
10278,2015-04-08 14:19:00,2015-04-08,0.0318,0.0,0.0,453.0,0.0318,0.0318,0.0318,10000037,2015-09-23,2015-09-23,P,2.25,2015-02-09
10279,2015-04-08 14:20:00,2015-04-08,0.0318,0.0,0.0,453.0,0.0318,0.0318,0.0318,10000037,2015-09-23,2015-09-23,P,2.25,2015-02-09
10280,2015-04-08 14:21:00,2015-04-08,0.0318,0.0,0.0,453.0,0.0318,0.0318,0.0318,10000037,2015-09-23,2015-09-23,P,2.25,2015-02-09
10281,2015-04-08 14:22:00,2015-04-08,0.0318,0.0,0.0,453.0,0.0318,0.0318,0.0318,10000037,2015-09-23,2015-09-23,P,2.25,2015-02-09
10282,2015-04-08 14:23:00,2015-04-08,0.0318,0.0,0.0,453.0,0.0318,0.0318,0.0318,10000037,2015-09-23,2015-09-23,P,2.25,2015-02-09
10283,2015-04-08 14:24:00,2015-04-08,0.0318,0.0,0.0,453.0,0.0318,0.0318,0.0318,10000037,2015-09-23,2015-09-23,P,2.25,2015-02-09
10284,2015-04-08 14:25:00,2015-04-08,0.0318,0.0,0.0,453.0,0.0318,0.0318,0.0318,10000037,2015-09-23,2015-09-23,P,2.25,2015-02-09
10285,2015-04-08 14:26:00,2015-04-08,0.0318,0.0,0.0,453.0,0.0318,0.0318,0.0318,10000037,2015-09-23,2015-09-23,P,2.25,2015-02-09
10286,2015-04-08 14:27:00,2015-04-08,0.0318,0.0,0.0,453.0,0.0318,0.0318,0.0318,10000037,2015-09-23,2015-09-23,P,2.25,2015-02-09
10287,2015-04-08 14:28:00,2015-04-08,0.0318,0.0,0.0,453.0,0.0318,0.0318,0.0318,10000037,2015-09-23,2015-09-23,P,2.25,2015-02-09
10288,2015-04-08 14:29:00,2015-04-08,0.0318,0.0,0.0,453.0,0.0318,0.0318,0.0318,10000037,2015-09-23,2015-09-23,P,2.25,2015-02-09
10289,2015-04-08 14:30:00,2015-04-08,0.0318,0.0,0.0,453.0,0.0318,0.0318,0.0318,10000037,2015-09-23,2015-09-23,P,2.25,2015-02-09
10290,2015-04-08 14:31:00,2015-04-08,0.0318,0.0,0.0,453.0,0.0318,0.0318,0.0318,10000037,2015-09-23,2015-09-23,P,2.25,2015-02-09
10291,2015-04-08 14:32:00,2015-04-08,0.0318,0.0,0.0,453.0,0.0318,0.0318,0.0318,10000037,2015-09-23,2015-09-23,P,2.25,2015-02-09
10292,2015-04-08 14:33:00,2015-04-08,0.0318,0.0,0.0,453.0,0.0318,0.0318,0.0318,10000037,2015-09-23,2015-09-23,P,2.25,2015-02-09
10293,2015-04-08 14:34:00,2015-04-08,0.0318,0.0,0.0,453.0,0.0318,0.0318,0.0318,10000037,2015-09-23,2015-09-23,P,2.25,2015-02-09
10294,2015-04-08 14:35:00,2015-04-08,0.0318,0.0,0.0,453.0,0.0318,0.0318,0.0318,10000037,2015-09-23,2015-09-23,P,2.25,2015-02-09
10295,2015-04-08 14:36:00,2015-04-08,0.0318,0.0,0.0,453.0,0.0318,0.0318,0.0318,10000037,2015-09-23,2015-09-23,P,2.25,2015-02-09
10296,2015-04-08 14:37:00,2015-04-08,0.0318,0.0,0.0,453.0,0.0318,0.0318,0.0318,10000037,2015-09-23,2015-09-23,P,2.25,2015-02-09
10297,2015-04-08 14:38:00,2015-04-08,0.0318,0.0,0.0,453.0,0.0318,0.0318,0.0318,10000037,2015-09-23,2015-09-23,P,2.25,2015-02-09
10298,2015-04-08 14:39:00,2015-04-08,0.0318,0.0,0.0,453.0,0.0318,0.0318,0.0318,10000037,2015-09-23,2015-09-23,P,2.25,2015-02-09
10299,2015-04-08 14:40:00,2015-04-08,0.0318,0.0,0.0,453.0,0.0318,0.0318,0.0318,10000037,2015-09-23,2015-09-23,P,2.25,2015-02-09
10300,2015-04-08 14:41:00,2015-04-08,0.0318,0.0,0.0,453.0,0.0318,0.0318,0.0318,10000037,2015-09-23,2015-09-23,P,2.25,2015-02-09
10301,2015-04-08 14:42:00,2015-04-08,0.0318,0.0,0.0,453.0,0.0318,0.0318,0.0318,10000037,2015-09-23,2015-09-23,P,2.25,2015-02-09
10302,2015-04-08 14:43:00,2015-04-08,0.0318,0.0,0.0,453.0,0.0318,0.0318,0.0318,10000037,2015-09-23,2015-09-23,P,2.25,2015-02-09
10303,2015-04-08 14:44:00,2015-04-08,0.0318,0.0,0.0,453.0,0.0318,0.0318,0.0318,10000037,2015-09-23,2015-09-23,P,2.25,2015-02-09
10304,2015-04-08 14:45:00,2015-04-08,0.0318,0.0,0.0,453.0,0.0318,0.0318,0.0318,10000037,2015-09-23,2015-09-23,P,2.25,2015-02-09
10305,2015-04-08 14:46:00,2015-04-08,0.0318,0.0,0.0,453.0,0.0318,0.0318,0.0318,10000037,2015-09-23,2015-09-23,P,2.25,2015-02-09
10306,2015-04-08 14:47:00,2015-04-08,0.0318,0.0,0.0,453.0,0.0318,0.0318,0.0318,10000037,2015-09-23,2015-09-23,P,2.25,2015-02-09
10307,2015-04-08 14:48:00,2015-04-08,0.0318,0.0,0.0,453.0,0.0318,0.0318,0.0318,10000037,2015-09-23,2015-09-23,P,2.25,2015-02-09
10308,2015-04-08 14:49:00,2015-04-08,0.0318,0.0,0.0,453.0,0.0318,0.0318,0.0318,10000037,2015-09-23,2015-09-23,P,2.25,2015-02-09
10309,2015-04-08 14:50:00,2015-04-08,0.0318,0.0,0.0,453.0,0.0318,0.0318,0.0318,10000037,2015-09-23,2015-09-23,P,2.25,2015-02-09
10310,2015-04-08 14:51:00,2015-04-08,0.0318,0.0,0.0,453.0,0.0318,0.0318,0.0318,10000037,2015-09-23,2015-09-23,P,2.25,2015-02-09
10311,2015-04-08 14:52:00,2015-04-08,0.0318,0.0,0.0,453.0,0.0318,0.0318,0.0318,10000037,2015-09-23,2015-09-23,P,2.25,2015-02-09
10312,2015-04-08 14:53:00,2015-04-08,0.0318,0.0,0.0,453.0,0.0318,0.0318,0.0318,10000037,2015-09-23,2015-09-23,P,2.25,2015-02-09
10313,2015-04-08 14:54:00,2015-04-08,0.0318,0.0,0.0,453.0,0.0318,0.0318,0.0318,10000037,2015-09-23,2015-09-23,P,2.25,2015-02-09
10314,2015-04-08 14:55:00,2015-04-08,0.0318,0.0,0.0,453.0,0.0318,0.0318,0.0318,10000037,2015-09-23,2015-09-23,P,2.25,2015-02-09
10315,2015-04-08 14:56:00,2015-04-08,0.0318,0.0,0.0,453.0,0.0318,0.0318,0.0318,10000037,2015-09-23,2015-09-23,P,2.25,2015-02-09
10316,2015-04-08 14:57:00,2015-04-08,0.0318,0.0,0.0,453.0,0.0318,0.0318,0.0318,10000037,2015-09-23,2015-09-23,P,2.25,2015-02-09
10317,2015-04-08 14:58:00,2015-04-08,0.0318,0.0,0.0,453.0,0.0318,0.0318,0.0318,10000037,2015-09-23,2015-09-23,P,2.25,2015-02-09
10318,2015-04-08 14:59:00,2015-04-08,0.0318,0.0,0.0,453.0,0.0318,0.0318,0.0318,10000037,2015-09-23,2015-09-23,P,2.25,2015-02-09
10319,2015-04-08 15:00:00,2015-04-08,0.0318,0.0,0.0,453.0,0.0318,0.0318,0.0318,10000037,2015-09-23,2015-09-23,P,2.25,2015-02-09
10320,2015-04-08 09:31:00,2015-04-08,0.1506,0.0,0.0,0.0,0.1506,0.1506,0.1506,10000102,2015-06-24,2015-06-24,P,2.8,2015-03-24
10321,2015-04-08 09:32:00,2015-04-08,0.1506,0.0,0.0,0.0,0.1506,0.1506,0.1506,10000102,2015-06-24,2015-06-24,P,2.8,2015-03-24
10322,2015-04-08 09:33:00,2015-04-08,0.1506,0.0,0.0,0.0,0.1506,0.1506,0.1506,10000102,2015-06-24,2015-06-24,P,2.8,2015-03-24
10323,2015-04-08 09:34:00,2015-04-08,0.1506,0.0,0.0,0.0,0.1506,0.1506,0.1506,10000102,2015-06-24,2015-06-24,P,2.8,2015-03-24
10324,2015-04-08 09:35:00,2015-04-08,0.1506,0.0,0.0,0.0,0.1506,0.1506,0.1506,10000102,2015-06-24,2015-06-24,P,2.8,2015-03-24
10325,2015-04-08 09:36:00,2015-04-08,0.1506,0.0,0.0,0.0,0.1506,0.1506,0.1506,10000102,2015-06-24,2015-06-24,P,2.8,2015-03-24
10326,2015-04-08 09:37:00,2015-04-08,0.1506,0.0,0.0,0.0,0.1506,0.1506,0.1506,10000102,2015-06-24,2015-06-24,P,2.8,2015-03-24
10327,2015-04-08 09:38:00,2015-04-08,0.1506,0.0,0.0,0.0,0.1506,0.1506,0.1506,10000102,2015-06-24,2015-06-24,P,2.8,2015-03-24
10328,2015-04-08 09:39:00,2015-04-08,0.1506,0.0,0.0,0.0,0.1506,0.1506,0.1506,10000102,2015-06-24,2015-06-24,P,2.8,2015-03-24
10329,2015-04-08 09:40:00,2015-04-08,0.1506,0.0,0.0,0.0,0.1506,0.1506,0.1506,10000102,2015-06-24,2015-06-24,P,2.8,2015-03-24
10330,2015-04-08 09:41:00,2015-04-08,0.1506,0.0,0.0,0.0,0.1506,0.1506,0.1506,10000102,2015-06-24,2015-06-24,P,2.8,2015-03-24
10331,2015-04-08 09:42:00,2015-04-08,0.1506,0.0,0.0,0.0,0.1506,0.1506,0.1506,10000102,2015-06-24,2015-06-24,P,2.8,2015-03-24
10332,2015-04-08 09:43:00,2015-04-08,0.1506,0.0,0.0,0.0,0.1506,0.1506,0.1506,10000102,2015-06-24,2015-06-24,P,2.8,2015-03-24
10333,2015-04-08 09:44:00,2015-04-08,0.1506,0.0,0.0,0.0,0.1506,0.1506,0.1506,10000102,2015-06-24,2015-06-24,P,2.8,2015-03-24
10334,2015-04-08 09:45:00,2015-04-08,0.1506,0.0,0.0,0.0,0.1506,0.1506,0.1506,10000102,2015-06-24,2015-06-24,P,2.8,2015-03-24
10335,2015-04-08 09:46:00,2015-04-08,0.1506,0.0,0.0,0.0,0.1506,0.1506,0.1506,10000102,2015-06-24,2015-06-24,P,2.8,2015-03-24
10336,2015-04-08 09:47:00,2015-04-08,0.1506,0.0,0.0,0.0,0.1506,0.1506,0.1506,10000102,2015-06-24,2015-06-24,P,2.8,2015-03-24
10337,2015-04-08 09:48:00,2015-04-08,0.1506,0.0,0.0,0.0,0.1506,0.1506,0.1506,10000102,2015-06-24,2015-06-24,P,2.8,2015-03-24
10338,2015-04-08 09:49:00,2015-04-08,0.1506,0.0,0.0,0.0,0.1506,0.1506,0.1506,10000102,2015-06-24,2015-06-24,P,2.8,2015-03-24
10339,2015-04-08 09:50:00,2015-04-08,0.1506,0.0,0.0,0.0,0.1506,0.1506,0.1506,10000102,2015-06-24,2015-06-24,P,2.8,2015-03-24
10340,2015-04-08 09:51:00,2015-04-08,0.1506,0.0,0.0,0.0,0.1506,0.1506,0.1506,10000102,2015-06-24,2015-06-24,P,2.8,2015-03-24
10341,2015-04-08 09:52:00,2015-04-08,0.1506,0.0,0.0,0.0,0.1506,0.1506,0.1506,10000102,2015-06-24,2015-06-24,P,2.8,2015-03-24
10342,2015-04-08 09:53:00,2015-04-08,0.1506,0.0,0.0,0.0,0.1506,0.1506,0.1506,10000102,2015-06-24,2015-06-24,P,2.8,2015-03-24
10343,2015-04-08 09:54:00,2015-04-08,0.1506,0.0,0.0,0.0,0.1506,0.1506,0.1506,10000102,2015-06-24,2015-06-24,P,2.8,2015-03-24
10344,2015-04-08 09:55:00,2015-04-08,0.1506,0.0,0.0,0.0,0.1506,0.1506,0.1506,10000102,2015-06-24,2015-06-24,P,2.8,2015-03-24
10345,2015-04-08 09:56:00,2015-04-08,0.1506,0.0,0.0,0.0,0.1506,0.1506,0.1506,10000102,2015-06-24,2015-06-24,P,2.8,2015-03-24
10346,2015-04-08 09:57:00,2015-04-08,0.14,-62436.0,-45.0,180.0,0.14,0.1335,0.1335,10000102,2015-06-24,2015-06-24,P,2.8,2015-03-24
10347,2015-04-08 09:58:00,2015-04-08,0.1283,11547.0,9.0,171.0,0.1283,0.1283,0.1283,10000102,2015-06-24,2015-06-24,P,2.8,2015-03-24
10348,2015-04-08 09:59:00,2015-04-08,0.1283,0.0,0.0,171.0,0.1283,0.1283,0.1283,10000102,2015-06-24,2015-06-24,P,2.8,2015-03-24
10349,2015-04-08 10:00:00,2015-04-08,0.1283,0.0,0.0,171.0,0.1283,0.1283,0.1283,10000102,2015-06-24,2015-06-24,P,2.8,2015-03-24
10350,2015-04-08 10:01:00,2015-04-08,0.1283,0.0,0.0,171.0,0.1283,0.1283,0.1283,10000102,2015-06-24,2015-06-24,P,2.8,2015-03-24
10351,2015-04-08 10:02:00,2015-04-08,0.1283,0.0,0.0,171.0,0.1283,0.1283,0.1283,10000102,2015-06-24,2015-06-24,P,2.8,2015-03-24
10352,2015-04-08 10:03:00,2015-04-08,0.1283,0.0,0.0,171.0,0.1283,0.1283,0.1283,10000102,2015-06-24,2015-06-24,P,2.8,2015-03-24
10353,2015-04-08 10:04:00,2015-04-08,0.1283,0.0,0.0,171.0,0.1283,0.1283,0.1283,10000102,2015-06-24,2015-06-24,P,2.8,2015-03-24
10354,2015-04-08 10:05:00,2015-04-08,0.1283,0.0,0.0,171.0,0.1283,0.1283,0.1283,10000102,2015-06-24,2015-06-24,P,2.8,2015-03-24
10355,2015-04-08 10:06:00,2015-04-08,0.1283,0.0,0.0,171.0,0.1283,0.1283,0.1283,10000102,2015-06-24,2015-06-24,P,2.8,2015-03-24
10356,2015-04-08 10:07:00,2015-04-08,0.1283,0.0,0.0,171.0,0.1283,0.1283,0.1283,10000102,2015-06-24,2015-06-24,P,2.8,2015-03-24
10357,2015-04-08 10:08:00,2015-04-08,0.1283,0.0,0.0,171.0,0.1283,0.1283,0.1283,10000102,2015-06-24,2015-06-24,P,2.8,2015-03-24
10358,2015-04-08 10:09:00,2015-04-08,0.1283,0.0,0.0,171.0,0.1283,0.1283,0.1283,10000102,2015-06-24,2015-06-24,P,2.8,2015-03-24
10359,2015-04-08 10:10:00,2015-04-08,0.1283,0.0,0.0,171.0,0.1283,0.1283,0.1283,10000102,2015-06-24,2015-06-24,P,2.8,2015-03-24
10360,2015-04-08 10:11:00,2015-04-08,0.1283,0.0,0.0,171.0,0.1283,0.1283,0.1283,10000102,2015-06-24,2015-06-24,P,2.8,2015-03-24
10361,2015-04-08 10:12:00,2015-04-08,0.1283,0.0,0.0,171.0,0.1283,0.1283,0.1283,10000102,2015-06-24,2015-06-24,P,2.8,2015-03-24
10362,2015-04-08 10:13:00,2015-04-08,0.1283,0.0,0.0,171.0,0.1283,0.1283,0.1283,10000102,2015-06-24,2015-06-24,P,2.8,2015-03-24
10363,2015-04-08 10:14:00,2015-04-08,0.1283,0.0,0.0,171.0,0.1283,0.1283,0.1283,10000102,2015-06-24,2015-06-24,P,2.8,2015-03-24
10364,2015-04-08 10:15:00,2015-04-08,0.1283,0.0,0.0,171.0,0.1283,0.1283,0.1283,10000102,2015-06-24,2015-06-24,P,2.8,2015-03-24
10365,2015-04-08 10:16:00,2015-04-08,0.1283,0.0,0.0,171.0,0.1283,0.1283,0.1283,10000102,2015-06-24,2015-06-24,P,2.8,2015-03-24
10366,2015-04-08 10:17:00,2015-04-08,0.1283,0.0,0.0,171.0,0.1283,0.1283,0.1283,10000102,2015-06-24,2015-06-24,P,2.8,2015-03-24
10367,2015-04-08 10:18:00,2015-04-08,0.1283,0.0,0.0,171.0,0.1283,0.1283,0.1283,10000102,2015-06-24,2015-06-24,P,2.8,2015-03-24
10368,2015-04-08 10:19:00,2015-04-08,0.1283,0.0,0.0,171.0,0.1283,0.1283,0.1283,10000102,2015-06-24,2015-06-24,P,2.8,2015-03-24
10369,2015-04-08 10:20:00,2015-04-08,0.1283,0.0,0.0,171.0,0.1283,0.1283,0.1283,10000102,2015-06-24,2015-06-24,P,2.8,2015-03-24
10370,2015-04-08 10:21:00,2015-04-08,0.1283,0.0,0.0,171.0,0.1283,0.1283,0.1283,10000102,2015-06-24,2015-06-24,P,2.8,2015-03-24
10371,2015-04-08 10:22:00,2015-04-08,0.1283,0.0,0.0,171.0,0.1283,0.1283,0.1283,10000102,2015-06-24,2015-06-24,P,2.8,2015-03-24
10372,2015-04-08 10:23:00,2015-04-08,0.1283,0.0,0.0,171.0,0.1283,0.1283,0.1283,10000102,2015-06-24,2015-06-24,P,2.8,2015-03-24
10373,2015-04-08 10:24:00,2015-04-08,0.1283,0.0,0.0,171.0,0.1283,0.1283,0.1283,10000102,2015-06-24,2015-06-24,P,2.8,2015-03-24
10374,2015-04-08 10:25:00,2015-04-08,0.1283,0.0,0.0,171.0,0.1283,0.1283,0.1283,10000102,2015-06-24,2015-06-24,P,2.8,2015-03-24
10375,2015-04-08 10:26:00,2015-04-08,0.1283,0.0,0.0,171.0,0.1283,0.1283,0.1283,10000102,2015-06-24,2015-06-24,P,2.8,2015-03-24
10376,2015-04-08 10:27:00,2015-04-08,0.1283,0.0,0.0,171.0,0.1283,0.1283,0.1283,10000102,2015-06-24,2015-06-24,P,2.8,2015-03-24
10377,2015-04-08 10:28:00,2015-04-08,0.1283,0.0,0.0,171.0,0.1283,0.1283,0.1283,10000102,2015-06-24,2015-06-24,P,2.8,2015-03-24
10378,2015-04-08 10:29:00,2015-04-08,0.1283,0.0,0.0,171.0,0.1283,0.1283,0.1283,10000102,2015-06-24,2015-06-24,P,2.8,2015-03-24
10379,2015-04-08 10:30:00,2015-04-08,0.1283,0.0,0.0,171.0,0.1283,0.1283,0.1283,10000102,2015-06-24,2015-06-24,P,2.8,2015-03-24
10380,2015-04-08 10:31:00,2015-04-08,0.1283,0.0,0.0,171.0,0.1283,0.1283,0.1283,10000102,2015-06-24,2015-06-24,P,2.8,2015-03-24
10381,2015-04-08 10:32:00,2015-04-08,0.1283,0.0,0.0,171.0,0.1283,0.1283,0.1283,10000102,2015-06-24,2015-06-24,P,2.8,2015-03-24
10382,2015-04-08 10:33:00,2015-04-08,0.1283,0.0,0.0,171.0,0.1283,0.1283,0.1283,10000102,2015-06-24,2015-06-24,P,2.8,2015-03-24
10383,2015-04-08 10:34:00,2015-04-08,0.1283,0.0,0.0,171.0,0.1283,0.1283,0.1283,10000102,2015-06-24,2015-06-24,P,2.8,2015-03-24
10384,2015-04-08 10:35:00,2015-04-08,0.1283,0.0,0.0,171.0,0.1283,0.1283,0.1283,10000102,2015-06-24,2015-06-24,P,2.8,2015-03-24
10385,2015-04-08 10:36:00,2015-04-08,0.1283,0.0,0.0,171.0,0.1283,0.1283,0.1283,10000102,2015-06-24,2015-06-24,P,2.8,2015-03-24
10386,2015-04-08 10:37:00,2015-04-08,0.1283,0.0,0.0,171.0,0.1283,0.1283,0.1283,10000102,2015-06-24,2015-06-24,P,2.8,2015-03-24
10387,2015-04-08 10:38:00,2015-04-08,0.1283,0.0,0.0,171.0,0.1283,0.1283,0.1283,10000102,2015-06-24,2015-06-24,P,2.8,2015-03-24
10388,2015-04-08 10:39:00,2015-04-08,0.1283,0.0,0.0,171.0,0.1283,0.1283,0.1283,10000102,2015-06-24,2015-06-24,P,2.8,2015-03-24
10389,2015-04-08 10:40:00,2015-04-08,0.1283,0.0,0.0,171.0,0.1283,0.1283,0.1283,10000102,2015-06-24,2015-06-24,P,2.8,2015-03-24
10390,2015-04-08 10:41:00,2015-04-08,0.1283,0.0,0.0,171.0,0.1283,0.1283,0.1283,10000102,2015-06-24,2015-06-24,P,2.8,2015-03-24
10391,2015-04-08 10:42:00,2015-04-08,0.1283,0.0,0.0,171.0,0.1283,0.1283,0.1283,10000102,2015-06-24,2015-06-24,P,2.8,2015-03-24
10392,2015-04-08 10:43:00,2015-04-08,0.1283,0.0,0.0,171.0,0.1283,0.1283,0.1283,10000102,2015-06-24,2015-06-24,P,2.8,2015-03-24
10393,2015-04-08 10:44:00,2015-04-08,0.1283,0.0,0.0,171.0,0.1283,0.1283,0.1283,10000102,2015-06-24,2015-06-24,P,2.8,2015-03-24
10394,2015-04-08 10:45:00,2015-04-08,0.1283,0.0,0.0,171.0,0.1283,0.1283,0.1283,10000102,2015-06-24,2015-06-24,P,2.8,2015-03-24
10395,2015-04-08 10:46:00,2015-04-08,0.1283,0.0,0.0,171.0,0.1283,0.1283,0.1283,10000102,2015-06-24,2015-06-24,P,2.8,2015-03-24
10396,2015-04-08 10:47:00,2015-04-08,0.1283,0.0,0.0,171.0,0.1283,0.1283,0.1283,10000102,2015-06-24,2015-06-24,P,2.8,2015-03-24
10397,2015-04-08 10:48:00,2015-04-08,0.1283,0.0,0.0,171.0,0.1283,0.1283,0.1283,10000102,2015-06-24,2015-06-24,P,2.8,2015-03-24
10398,2015-04-08 10:49:00,2015-04-08,0.1283,0.0,0.0,171.0,0.1283,0.1283,0.1283,10000102,2015-06-24,2015-06-24,P,2.8,2015-03-24
10399,2015-04-08 10:50:00,2015-04-08,0.1283,0.0,0.0,171.0,0.1283,0.1283,0.1283,10000102,2015-06-24,2015-06-24,P,2.8,2015-03-24
10400,2015-04-08 10:51:00,2015-04-08,0.1283,0.0,0.0,171.0,0.1283,0.1283,0.1283,10000102,2015-06-24,2015-06-24,P,2.8,2015-03-24
10401,2015-04-08 10:52:00,2015-04-08,0.1283,0.0,0.0,171.0,0.1283,0.1283,0.1283,10000102,2015-06-24,2015-06-24,P,2.8,2015-03-24
10402,2015-04-08 10:53:00,2015-04-08,0.1283,0.0,0.0,171.0,0.1283,0.1283,0.1283,10000102,2015-06-24,2015-06-24,P,2.8,2015-03-24
10403,2015-04-08 10:54:00,2015-04-08,0.1283,0.0,0.0,171.0,0.1283,0.1283,0.1283,10000102,2015-06-24,2015-06-24,P,2.8,2015-03-24
10404,2015-04-08 10:55:00,2015-04-08,0.1283,0.0,0.0,171.0,0.1283,0.1283,0.1283,10000102,2015-06-24,2015-06-24,P,2.8,2015-03-24
10405,2015-04-08 10:56:00,2015-04-08,0.1283,0.0,0.0,171.0,0.1283,0.1283,0.1283,10000102,2015-06-24,2015-06-24,P,2.8,2015-03-24
10406,2015-04-08 10:57:00,2015-04-08,0.1283,0.0,0.0,171.0,0.1283,0.1283,0.1283,10000102,2015-06-24,2015-06-24,P,2.8,2015-03-24
10407,2015-04-08 10:58:00,2015-04-08,0.1283,0.0,0.0,171.0,0.1283,0.1283,0.1283,10000102,2015-06-24,2015-06-24,P,2.8,2015-03-24
10408,2015-04-08 10:59:00,2015-04-08,0.1283,0.0,0.0,171.0,0.1283,0.1283,0.1283,10000102,2015-06-24,2015-06-24,P,2.8,2015-03-24
10409,2015-04-08 11:00:00,2015-04-08,0.1557,14955.0,10.0,176.0,0.1557,0.1434,0.1434,10000102,2015-06-24,2015-06-24,P,2.8,2015-03-24
10410,2015-04-08 11:01:00,2015-04-08,0.1434,0.0,0.0,176.0,0.1434,0.1434,0.1434,10000102,2015-06-24,2015-06-24,P,2.8,2015-03-24
10411,2015-04-08 11:02:00,2015-04-08,0.1403,7015.0,5.0,176.0,0.1403,0.1403,0.1403,10000102,2015-06-24,2015-06-24,P,2.8,2015-03-24
10412,2015-04-08 11:03:00,2015-04-08,0.1403,0.0,0.0,176.0,0.1403,0.1403,0.1403,10000102,2015-06-24,2015-06-24,P,2.8,2015-03-24
10413,2015-04-08 11:04:00,2015-04-08,0.1403,0.0,0.0,176.0,0.1403,0.1403,0.1403,10000102,2015-06-24,2015-06-24,P,2.8,2015-03-24
10414,2015-04-08 11:05:00,2015-04-08,0.1403,0.0,0.0,176.0,0.1403,0.1403,0.1403,10000102,2015-06-24,2015-06-24,P,2.8,2015-03-24
10415,2015-04-08 11:06:00,2015-04-08,0.1403,0.0,0.0,176.0,0.1403,0.1403,0.1403,10000102,2015-06-24,2015-06-24,P,2.8,2015-03-24
10416,2015-04-08 11:07:00,2015-04-08,0.1403,0.0,0.0,176.0,0.1403,0.1403,0.1403,10000102,2015-06-24,2015-06-24,P,2.8,2015-03-24
10417,2015-04-08 11:08:00,2015-04-08,0.1447,7235.0,5.0,176.0,0.1447,0.1447,0.1447,10000102,2015-06-24,2015-06-24,P,2.8,2015-03-24
10418,2015-04-08 11:09:00,2015-04-08,0.1447,0.0,0.0,176.0,0.1447,0.1447,0.1447,10000102,2015-06-24,2015-06-24,P,2.8,2015-03-24
10419,2015-04-08 11:10:00,2015-04-08,0.1447,0.0,0.0,176.0,0.1447,0.1447,0.1447,10000102,2015-06-24,2015-06-24,P,2.8,2015-03-24
10420,2015-04-08 11:11:00,2015-04-08,0.1447,0.0,0.0,176.0,0.1447,0.1447,0.1447,10000102,2015-06-24,2015-06-24,P,2.8,2015-03-24
10421,2015-04-08 11:12:00,2015-04-08,0.1447,0.0,0.0,176.0,0.1447,0.1447,0.1447,10000102,2015-06-24,2015-06-24,P,2.8,2015-03-24
10422,2015-04-08 11:13:00,2015-04-08,0.1447,0.0,0.0,176.0,0.1447,0.1447,0.1447,10000102,2015-06-24,2015-06-24,P,2.8,2015-03-24
10423,2015-04-08 11:14:00,2015-04-08,0.1447,0.0,0.0,176.0,0.1447,0.1447,0.1447,10000102,2015-06-24,2015-06-24,P,2.8,2015-03-24
10424,2015-04-08 11:15:00,2015-04-08,0.1447,0.0,0.0,176.0,0.1447,0.1447,0.1447,10000102,2015-06-24,2015-06-24,P,2.8,2015-03-24
10425,2015-04-08 11:16:00,2015-04-08,0.1447,0.0,0.0,176.0,0.1447,0.1447,0.1447,10000102,2015-06-24,2015-06-24,P,2.8,2015-03-24
10426,2015-04-08 11:17:00,2015-04-08,0.1447,0.0,0.0,176.0,0.1447,0.1447,0.1447,10000102,2015-06-24,2015-06-24,P,2.8,2015-03-24
10427,2015-04-08 11:18:00,2015-04-08,0.1447,0.0,0.0,176.0,0.1447,0.1447,0.1447,10000102,2015-06-24,2015-06-24,P,2.8,2015-03-24
10428,2015-04-08 11:19:00,2015-04-08,0.1447,0.0,0.0,176.0,0.1447,0.1447,0.1447,10000102,2015-06-24,2015-06-24,P,2.8,2015-03-24
10429,2015-04-08 11:20:00,2015-04-08,0.1447,0.0,0.0,176.0,0.1447,0.1447,0.1447,10000102,2015-06-24,2015-06-24,P,2.8,2015-03-24
10430,2015-04-08 11:21:00,2015-04-08,0.1447,0.0,0.0,176.0,0.1447,0.1447,0.1447,10000102,2015-06-24,2015-06-24,P,2.8,2015-03-24
10431,2015-04-08 11:22:00,2015-04-08,0.1447,0.0,0.0,176.0,0.1447,0.1447,0.1447,10000102,2015-06-24,2015-06-24,P,2.8,2015-03-24
10432,2015-04-08 11:23:00,2015-04-08,0.1447,0.0,0.0,176.0,0.1447,0.1447,0.1447,10000102,2015-06-24,2015-06-24,P,2.8,2015-03-24
10433,2015-04-08 11:24:00,2015-04-08,0.1447,0.0,0.0,176.0,0.1447,0.1447,0.1447,10000102,2015-06-24,2015-06-24,P,2.8,2015-03-24
10434,2015-04-08 11:25:00,2015-04-08,0.1447,0.0,0.0,176.0,0.1447,0.1447,0.1447,10000102,2015-06-24,2015-06-24,P,2.8,2015-03-24
10435,2015-04-08 11:26:00,2015-04-08,0.1447,0.0,0.0,176.0,0.1447,0.1447,0.1447,10000102,2015-06-24,2015-06-24,P,2.8,2015-03-24
10436,2015-04-08 11:27:00,2015-04-08,0.1447,0.0,0.0,176.0,0.1447,0.1447,0.1447,10000102,2015-06-24,2015-06-24,P,2.8,2015-03-24
10437,2015-04-08 11:28:00,2015-04-08,0.1447,0.0,0.0,176.0,0.1447,0.1447,0.1447,10000102,2015-06-24,2015-06-24,P,2.8,2015-03-24
10438,2015-04-08 11:29:00,2015-04-08,0.141,7050.0,5.0,176.0,0.141,0.141,0.141,10000102,2015-06-24,2015-06-24,P,2.8,2015-03-24
10439,2015-04-08 11:30:00,2015-04-08,0.141,0.0,0.0,176.0,0.141,0.141,0.141,10000102,2015-06-24,2015-06-24,P,2.8,2015-03-24
10440,2015-04-08 13:01:00,2015-04-08,0.136,6800.0,5.0,176.0,0.136,0.136,0.136,10000102,2015-06-24,2015-06-24,P,2.8,2015-03-24
10441,2015-04-08 13:02:00,2015-04-08,0.136,0.0,0.0,176.0,0.136,0.136,0.136,10000102,2015-06-24,2015-06-24,P,2.8,2015-03-24
10442,2015-04-08 13:03:00,2015-04-08,0.136,0.0,0.0,176.0,0.136,0.136,0.136,10000102,2015-06-24,2015-06-24,P,2.8,2015-03-24
10443,2015-04-08 13:04:00,2015-04-08,0.136,0.0,0.0,176.0,0.136,0.136,0.136,10000102,2015-06-24,2015-06-24,P,2.8,2015-03-24
10444,2015-04-08 13:05:00,2015-04-08,0.136,0.0,0.0,176.0,0.136,0.136,0.136,10000102,2015-06-24,2015-06-24,P,2.8,2015-03-24
10445,2015-04-08 13:06:00,2015-04-08,0.136,0.0,0.0,176.0,0.136,0.136,0.136,10000102,2015-06-24,2015-06-24,P,2.8,2015-03-24
10446,2015-04-08 13:07:00,2015-04-08,0.136,0.0,0.0,176.0,0.136,0.136,0.136,10000102,2015-06-24,2015-06-24,P,2.8,2015-03-24
10447,2015-04-08 13:08:00,2015-04-08,0.136,0.0,0.0,176.0,0.136,0.136,0.136,10000102,2015-06-24,2015-06-24,P,2.8,2015-03-24
10448,2015-04-08 13:09:00,2015-04-08,0.136,0.0,0.0,176.0,0.136,0.136,0.136,10000102,2015-06-24,2015-06-24,P,2.8,2015-03-24
10449,2015-04-08 13:10:00,2015-04-08,0.136,0.0,0.0,176.0,0.136,0.136,0.136,10000102,2015-06-24,2015-06-24,P,2.8,2015-03-24
10450,2015-04-08 13:11:00,2015-04-08,0.136,0.0,0.0,176.0,0.136,0.136,0.136,10000102,2015-06-24,2015-06-24,P,2.8,2015-03-24
10451,2015-04-08 13:12:00,2015-04-08,0.136,0.0,0.0,176.0,0.136,0.136,0.136,10000102,2015-06-24,2015-06-24,P,2.8,2015-03-24
10452,2015-04-08 13:13:00,2015-04-08,0.136,0.0,0.0,176.0,0.136,0.136,0.136,10000102,2015-06-24,2015-06-24,P,2.8,2015-03-24
10453,2015-04-08 13:14:00,2015-04-08,0.136,0.0,0.0,176.0,0.136,0.136,0.136,10000102,2015-06-24,2015-06-24,P,2.8,2015-03-24
10454,2015-04-08 13:15:00,2015-04-08,0.136,0.0,0.0,176.0,0.136,0.136,0.136,10000102,2015-06-24,2015-06-24,P,2.8,2015-03-24
10455,2015-04-08 13:16:00,2015-04-08,0.136,0.0,0.0,176.0,0.136,0.136,0.136,10000102,2015-06-24,2015-06-24,P,2.8,2015-03-24
10456,2015-04-08 13:17:00,2015-04-08,0.136,0.0,0.0,176.0,0.136,0.136,0.136,10000102,2015-06-24,2015-06-24,P,2.8,2015-03-24
10457,2015-04-08 13:18:00,2015-04-08,0.136,0.0,0.0,176.0,0.136,0.136,0.136,10000102,2015-06-24,2015-06-24,P,2.8,2015-03-24
10458,2015-04-08 13:19:00,2015-04-08,0.136,0.0,0.0,176.0,0.136,0.136,0.136,10000102,2015-06-24,2015-06-24,P,2.8,2015-03-24
10459,2015-04-08 13:20:00,2015-04-08,0.136,0.0,0.0,176.0,0.136,0.136,0.136,10000102,2015-06-24,2015-06-24,P,2.8,2015-03-24
10460,2015-04-08 13:21:00,2015-04-08,0.136,0.0,0.0,176.0,0.136,0.136,0.136,10000102,2015-06-24,2015-06-24,P,2.8,2015-03-24
10461,2015-04-08 13:22:00,2015-04-08,0.136,0.0,0.0,176.0,0.136,0.136,0.136,10000102,2015-06-24,2015-06-24,P,2.8,2015-03-24
10462,2015-04-08 13:23:00,2015-04-08,0.136,0.0,0.0,176.0,0.136,0.136,0.136,10000102,2015-06-24,2015-06-24,P,2.8,2015-03-24
10463,2015-04-08 13:24:00,2015-04-08,0.136,0.0,0.0,176.0,0.136,0.136,0.136,10000102,2015-06-24,2015-06-24,P,2.8,2015-03-24
10464,2015-04-08 13:25:00,2015-04-08,0.136,0.0,0.0,176.0,0.136,0.136,0.136,10000102,2015-06-24,2015-06-24,P,2.8,2015-03-24
10465,2015-04-08 13:26:00,2015-04-08,0.136,0.0,0.0,176.0,0.136,0.136,0.136,10000102,2015-06-24,2015-06-24,P,2.8,2015-03-24
10466,2015-04-08 13:27:00,2015-04-08,0.136,0.0,0.0,176.0,0.136,0.136,0.136,10000102,2015-06-24,2015-06-24,P,2.8,2015-03-24
10467,2015-04-08 13:28:00,2015-04-08,0.136,0.0,0.0,176.0,0.136,0.136,0.136,10000102,2015-06-24,2015-06-24,P,2.8,2015-03-24
10468,2015-04-08 13:29:00,2015-04-08,0.136,0.0,0.0,176.0,0.136,0.136,0.136,10000102,2015-06-24,2015-06-24,P,2.8,2015-03-24
10469,2015-04-08 13:30:00,2015-04-08,0.136,0.0,0.0,176.0,0.136,0.136,0.136,10000102,2015-06-24,2015-06-24,P,2.8,2015-03-24
10470,2015-04-08 13:31:00,2015-04-08,0.136,0.0,0.0,176.0,0.136,0.136,0.136,10000102,2015-06-24,2015-06-24,P,2.8,2015-03-24
10471,2015-04-08 13:32:00,2015-04-08,0.136,0.0,0.0,176.0,0.136,0.136,0.136,10000102,2015-06-24,2015-06-24,P,2.8,2015-03-24
10472,2015-04-08 13:33:00,2015-04-08,0.136,0.0,0.0,176.0,0.136,0.136,0.136,10000102,2015-06-24,2015-06-24,P,2.8,2015-03-24
10473,2015-04-08 13:34:00,2015-04-08,0.136,0.0,0.0,176.0,0.136,0.136,0.136,10000102,2015-06-24,2015-06-24,P,2.8,2015-03-24
10474,2015-04-08 13:35:00,2015-04-08,0.136,0.0,0.0,176.0,0.136,0.136,0.136,10000102,2015-06-24,2015-06-24,P,2.8,2015-03-24
10475,2015-04-08 13:36:00,2015-04-08,0.136,0.0,0.0,176.0,0.136,0.136,0.136,10000102,2015-06-24,2015-06-24,P,2.8,2015-03-24
10476,2015-04-08 13:37:00,2015-04-08,0.136,0.0,0.0,176.0,0.136,0.136,0.136,10000102,2015-06-24,2015-06-24,P,2.8,2015-03-24
10477,2015-04-08 13:38:00,2015-04-08,0.136,0.0,0.0,176.0,0.136,0.136,0.136,10000102,2015-06-24,2015-06-24,P,2.8,2015-03-24
10478,2015-04-08 13:39:00,2015-04-08,0.136,0.0,0.0,176.0,0.136,0.136,0.136,10000102,2015-06-24,2015-06-24,P,2.8,2015-03-24
10479,2015-04-08 13:40:00,2015-04-08,0.136,0.0,0.0,176.0,0.136,0.136,0.136,10000102,2015-06-24,2015-06-24,P,2.8,2015-03-24
10480,2015-04-08 13:41:00,2015-04-08,0.136,0.0,0.0,176.0,0.136,0.136,0.136,10000102,2015-06-24,2015-06-24,P,2.8,2015-03-24
10481,2015-04-08 13:42:00,2015-04-08,0.136,0.0,0.0,176.0,0.136,0.136,0.136,10000102,2015-06-24,2015-06-24,P,2.8,2015-03-24
10482,2015-04-08 13:43:00,2015-04-08,0.136,0.0,0.0,176.0,0.136,0.136,0.136,10000102,2015-06-24,2015-06-24,P,2.8,2015-03-24
10483,2015-04-08 13:44:00,2015-04-08,0.136,0.0,0.0,176.0,0.136,0.136,0.136,10000102,2015-06-24,2015-06-24,P,2.8,2015-03-24
10484,2015-04-08 13:45:00,2015-04-08,0.136,0.0,0.0,176.0,0.136,0.136,0.136,10000102,2015-06-24,2015-06-24,P,2.8,2015-03-24
10485,2015-04-08 13:46:00,2015-04-08,0.136,0.0,0.0,176.0,0.136,0.136,0.136,10000102,2015-06-24,2015-06-24,P,2.8,2015-03-24
10486,2015-04-08 13:47:00,2015-04-08,0.136,0.0,0.0,176.0,0.136,0.136,0.136,10000102,2015-06-24,2015-06-24,P,2.8,2015-03-24
10487,2015-04-08 13:48:00,2015-04-08,0.136,0.0,0.0,176.0,0.136,0.136,0.136,10000102,2015-06-24,2015-06-24,P,2.8,2015-03-24
10488,2015-04-08 13:49:00,2015-04-08,0.136,0.0,0.0,176.0,0.136,0.136,0.136,10000102,2015-06-24,2015-06-24,P,2.8,2015-03-24
10489,2015-04-08 13:50:00,2015-04-08,0.136,0.0,0.0,176.0,0.136,0.136,0.136,10000102,2015-06-24,2015-06-24,P,2.8,2015-03-24
10490,2015-04-08 13:51:00,2015-04-08,0.136,0.0,0.0,176.0,0.136,0.136,0.136,10000102,2015-06-24,2015-06-24,P,2.8,2015-03-24
10491,2015-04-08 13:52:00,2015-04-08,0.1324,6620.0,5.0,181.0,0.1324,0.1324,0.1324,10000102,2015-06-24,2015-06-24,P,2.8,2015-03-24
10492,2015-04-08 13:53:00,2015-04-08,0.1324,0.0,0.0,181.0,0.1324,0.1324,0.1324,10000102,2015-06-24,2015-06-24,P,2.8,2015-03-24
10493,2015-04-08 13:54:00,2015-04-08,0.1324,0.0,0.0,181.0,0.1324,0.1324,0.1324,10000102,2015-06-24,2015-06-24,P,2.8,2015-03-24
10494,2015-04-08 13:55:00,2015-04-08,0.1324,0.0,0.0,181.0,0.1324,0.1324,0.1324,10000102,2015-06-24,2015-06-24,P,2.8,2015-03-24
10495,2015-04-08 13:56:00,2015-04-08,0.1324,0.0,0.0,181.0,0.1324,0.1324,0.1324,10000102,2015-06-24,2015-06-24,P,2.8,2015-03-24
10496,2015-04-08 13:57:00,2015-04-08,0.1324,0.0,0.0,181.0,0.1324,0.1324,0.1324,10000102,2015-06-24,2015-06-24,P,2.8,2015-03-24
10497,2015-04-08 13:58:00,2015-04-08,0.1324,0.0,0.0,181.0,0.1324,0.1324,0.1324,10000102,2015-06-24,2015-06-24,P,2.8,2015-03-24
10498,2015-04-08 13:59:00,2015-04-08,0.1324,0.0,0.0,181.0,0.1324,0.1324,0.1324,10000102,2015-06-24,2015-06-24,P,2.8,2015-03-24
10499,2015-04-08 14:00:00,2015-04-08,0.1324,0.0,0.0,181.0,0.1324,0.1324,0.1324,10000102,2015-06-24,2015-06-24,P,2.8,2015-03-24
10500,2015-04-08 14:01:00,2015-04-08,0.1324,0.0,0.0,181.0,0.1324,0.1324,0.1324,10000102,2015-06-24,2015-06-24,P,2.8,2015-03-24
10501,2015-04-08 14:02:00,2015-04-08,0.1324,0.0,0.0,181.0,0.1324,0.1324,0.1324,10000102,2015-06-24,2015-06-24,P,2.8,2015-03-24
10502,2015-04-08 14:03:00,2015-04-08,0.1324,0.0,0.0,181.0,0.1324,0.1324,0.1324,10000102,2015-06-24,2015-06-24,P,2.8,2015-03-24
10503,2015-04-08 14:04:00,2015-04-08,0.1324,0.0,0.0,181.0,0.1324,0.1324,0.1324,10000102,2015-06-24,2015-06-24,P,2.8,2015-03-24
10504,2015-04-08 14:05:00,2015-04-08,0.1324,0.0,0.0,181.0,0.1324,0.1324,0.1324,10000102,2015-06-24,2015-06-24,P,2.8,2015-03-24
10505,2015-04-08 14:06:00,2015-04-08,0.1324,0.0,0.0,181.0,0.1324,0.1324,0.1324,10000102,2015-06-24,2015-06-24,P,2.8,2015-03-24
10506,2015-04-08 14:07:00,2015-04-08,0.1324,0.0,0.0,181.0,0.1324,0.1324,0.1324,10000102,2015-06-24,2015-06-24,P,2.8,2015-03-24
10507,2015-04-08 14:08:00,2015-04-08,0.1324,0.0,0.0,181.0,0.1324,0.1324,0.1324,10000102,2015-06-24,2015-06-24,P,2.8,2015-03-24
10508,2015-04-08 14:09:00,2015-04-08,0.1324,0.0,0.0,181.0,0.1324,0.1324,0.1324,10000102,2015-06-24,2015-06-24,P,2.8,2015-03-24
10509,2015-04-08 14:10:00,2015-04-08,0.1324,0.0,0.0,181.0,0.1324,0.1324,0.1324,10000102,2015-06-24,2015-06-24,P,2.8,2015-03-24
10510,2015-04-08 14:11:00,2015-04-08,0.1324,0.0,0.0,181.0,0.1324,0.1324,0.1324,10000102,2015-06-24,2015-06-24,P,2.8,2015-03-24
10511,2015-04-08 14:12:00,2015-04-08,0.1324,0.0,0.0,181.0,0.1324,0.1324,0.1324,10000102,2015-06-24,2015-06-24,P,2.8,2015-03-24
10512,2015-04-08 14:13:00,2015-04-08,0.1324,0.0,0.0,181.0,0.1324,0.1324,0.1324,10000102,2015-06-24,2015-06-24,P,2.8,2015-03-24
10513,2015-04-08 14:14:00,2015-04-08,0.1324,0.0,0.0,181.0,0.1324,0.1324,0.1324,10000102,2015-06-24,2015-06-24,P,2.8,2015-03-24
10514,2015-04-08 14:15:00,2015-04-08,0.1324,0.0,0.0,181.0,0.1324,0.1324,0.1324,10000102,2015-06-24,2015-06-24,P,2.8,2015-03-24
10515,2015-04-08 14:16:00,2015-04-08,0.1324,0.0,0.0,181.0,0.1324,0.1324,0.1324,10000102,2015-06-24,2015-06-24,P,2.8,2015-03-24
10516,2015-04-08 14:17:00,2015-04-08,0.1324,0.0,0.0,181.0,0.1324,0.1324,0.1324,10000102,2015-06-24,2015-06-24,P,2.8,2015-03-24
10517,2015-04-08 14:18:00,2015-04-08,0.1324,0.0,0.0,181.0,0.1324,0.1324,0.1324,10000102,2015-06-24,2015-06-24,P,2.8,2015-03-24
10518,2015-04-08 14:19:00,2015-04-08,0.1324,0.0,0.0,181.0,0.1324,0.1324,0.1324,10000102,2015-06-24,2015-06-24,P,2.8,2015-03-24
10519,2015-04-08 14:20:00,2015-04-08,0.1324,0.0,0.0,181.0,0.1324,0.1324,0.1324,10000102,2015-06-24,2015-06-24,P,2.8,2015-03-24
10520,2015-04-08 14:21:00,2015-04-08,0.1324,0.0,0.0,181.0,0.1324,0.1324,0.1324,10000102,2015-06-24,2015-06-24,P,2.8,2015-03-24
10521,2015-04-08 14:22:00,2015-04-08,0.1324,0.0,0.0,181.0,0.1324,0.1324,0.1324,10000102,2015-06-24,2015-06-24,P,2.8,2015-03-24
10522,2015-04-08 14:23:00,2015-04-08,0.1324,0.0,0.0,181.0,0.1324,0.1324,0.1324,10000102,2015-06-24,2015-06-24,P,2.8,2015-03-24
10523,2015-04-08 14:24:00,2015-04-08,0.1324,0.0,0.0,181.0,0.1324,0.1324,0.1324,10000102,2015-06-24,2015-06-24,P,2.8,2015-03-24
10524,2015-04-08 14:25:00,2015-04-08,0.1324,0.0,0.0,181.0,0.1324,0.1324,0.1324,10000102,2015-06-24,2015-06-24,P,2.8,2015-03-24
10525,2015-04-08 14:26:00,2015-04-08,0.1324,0.0,0.0,181.0,0.1324,0.1324,0.1324,10000102,2015-06-24,2015-06-24,P,2.8,2015-03-24
10526,2015-04-08 14:27:00,2015-04-08,0.1324,0.0,0.0,181.0,0.1324,0.1324,0.1324,10000102,2015-06-24,2015-06-24,P,2.8,2015-03-24
10527,2015-04-08 14:28:00,2015-04-08,0.1324,0.0,0.0,181.0,0.1324,0.1324,0.1324,10000102,2015-06-24,2015-06-24,P,2.8,2015-03-24
10528,2015-04-08 14:29:00,2015-04-08,0.1324,0.0,0.0,181.0,0.1324,0.1324,0.1324,10000102,2015-06-24,2015-06-24,P,2.8,2015-03-24
10529,2015-04-08 14:30:00,2015-04-08,0.1324,0.0,0.0,181.0,0.1324,0.1324,0.1324,10000102,2015-06-24,2015-06-24,P,2.8,2015-03-24
10530,2015-04-08 14:31:00,2015-04-08,0.1324,0.0,0.0,181.0,0.1324,0.1324,0.1324,10000102,2015-06-24,2015-06-24,P,2.8,2015-03-24
10531,2015-04-08 14:32:00,2015-04-08,0.1324,0.0,0.0,181.0,0.1324,0.1324,0.1324,10000102,2015-06-24,2015-06-24,P,2.8,2015-03-24
10532,2015-04-08 14:33:00,2015-04-08,0.1324,0.0,0.0,181.0,0.1324,0.1324,0.1324,10000102,2015-06-24,2015-06-24,P,2.8,2015-03-24
10533,2015-04-08 14:34:00,2015-04-08,0.1324,0.0,0.0,181.0,0.1324,0.1324,0.1324,10000102,2015-06-24,2015-06-24,P,2.8,2015-03-24
10534,2015-04-08 14:35:00,2015-04-08,0.1324,0.0,0.0,181.0,0.1324,0.1324,0.1324,10000102,2015-06-24,2015-06-24,P,2.8,2015-03-24
10535,2015-04-08 14:36:00,2015-04-08,0.1324,0.0,0.0,181.0,0.1324,0.1324,0.1324,10000102,2015-06-24,2015-06-24,P,2.8,2015-03-24
10536,2015-04-08 14:37:00,2015-04-08,0.1324,0.0,0.0,181.0,0.1324,0.1324,0.1324,10000102,2015-06-24,2015-06-24,P,2.8,2015-03-24
10537,2015-04-08 14:38:00,2015-04-08,0.1324,0.0,0.0,181.0,0.1324,0.1324,0.1324,10000102,2015-06-24,2015-06-24,P,2.8,2015-03-24
10538,2015-04-08 14:39:00,2015-04-08,0.1324,0.0,0.0,181.0,0.1324,0.1324,0.1324,10000102,2015-06-24,2015-06-24,P,2.8,2015-03-24
10539,2015-04-08 14:40:00,2015-04-08,0.1324,0.0,0.0,181.0,0.1324,0.1324,0.1324,10000102,2015-06-24,2015-06-24,P,2.8,2015-03-24
10540,2015-04-08 14:41:00,2015-04-08,0.1324,0.0,0.0,181.0,0.1324,0.1324,0.1324,10000102,2015-06-24,2015-06-24,P,2.8,2015-03-24
10541,2015-04-08 14:42:00,2015-04-08,0.1324,0.0,0.0,181.0,0.1324,0.1324,0.1324,10000102,2015-06-24,2015-06-24,P,2.8,2015-03-24
10542,2015-04-08 14:43:00,2015-04-08,0.1324,0.0,0.0,181.0,0.1324,0.1324,0.1324,10000102,2015-06-24,2015-06-24,P,2.8,2015-03-24
10543,2015-04-08 14:44:00,2015-04-08,0.1324,0.0,0.0,181.0,0.1324,0.1324,0.1324,10000102,2015-06-24,2015-06-24,P,2.8,2015-03-24
10544,2015-04-08 14:45:00,2015-04-08,0.1324,0.0,0.0,181.0,0.1324,0.1324,0.1324,10000102,2015-06-24,2015-06-24,P,2.8,2015-03-24
10545,2015-04-08 14:46:00,2015-04-08,0.1324,0.0,0.0,181.0,0.1324,0.1324,0.1324,10000102,2015-06-24,2015-06-24,P,2.8,2015-03-24
10546,2015-04-08 14:47:00,2015-04-08,0.1324,0.0,0.0,181.0,0.1324,0.1324,0.1324,10000102,2015-06-24,2015-06-24,P,2.8,2015-03-24
10547,2015-04-08 14:48:00,2015-04-08,0.1324,0.0,0.0,181.0,0.1324,0.1324,0.1324,10000102,2015-06-24,2015-06-24,P,2.8,2015-03-24
10548,2015-04-08 14:49:00,2015-04-08,0.1324,0.0,0.0,181.0,0.1324,0.1324,0.1324,10000102,2015-06-24,2015-06-24,P,2.8,2015-03-24
10549,2015-04-08 14:50:00,2015-04-08,0.1324,0.0,0.0,181.0,0.1324,0.1324,0.1324,10000102,2015-06-24,2015-06-24,P,2.8,2015-03-24
10550,2015-04-08 14:51:00,2015-04-08,0.1324,0.0,0.0,181.0,0.1324,0.1324,0.1324,10000102,2015-06-24,2015-06-24,P,2.8,2015-03-24
10551,2015-04-08 14:52:00,2015-04-08,0.1324,0.0,0.0,181.0,0.1324,0.1324,0.1324,10000102,2015-06-24,2015-06-24,P,2.8,2015-03-24
10552,2015-04-08 14:53:00,2015-04-08,0.1324,0.0,0.0,181.0,0.1324,0.1324,0.1324,10000102,2015-06-24,2015-06-24,P,2.8,2015-03-24
10553,2015-04-08 14:54:00,2015-04-08,0.1324,0.0,0.0,181.0,0.1324,0.1324,0.1324,10000102,2015-06-24,2015-06-24,P,2.8,2015-03-24
10554,2015-04-08 14:55:00,2015-04-08,0.1324,0.0,0.0,181.0,0.1324,0.1324,0.1324,10000102,2015-06-24,2015-06-24,P,2.8,2015-03-24
10555,2015-04-08 14:56:00,2015-04-08,0.1324,0.0,0.0,181.0,0.1324,0.1324,0.1324,10000102,2015-06-24,2015-06-24,P,2.8,2015-03-24
10556,2015-04-08 14:57:00,2015-04-08,0.1214,1214.0,1.0,181.0,0.1214,0.1214,0.1214,10000102,2015-06-24,2015-06-24,P,2.8,2015-03-24
10557,2015-04-08 14:58:00,2015-04-08,0.1214,0.0,0.0,181.0,0.1214,0.1214,0.1214,10000102,2015-06-24,2015-06-24,P,2.8,2015-03-24
10558,2015-04-08 14:59:00,2015-04-08,0.1214,0.0,0.0,181.0,0.1214,0.1214,0.1214,10000102,2015-06-24,2015-06-24,P,2.8,2015-03-24
10559,2015-04-08 15:00:00,2015-04-08,0.1214,0.0,0.0,181.0,0.1214,0.1214,0.1214,10000102,2015-06-24,2015-06-24,P,2.8,2015-03-24
10560,2015-04-08 09:31:00,2015-04-08,0.5091,0.0,0.0,0.0,0.5091,0.5091,0.5091,10000034,2015-09-23,2015-09-23,C,2.35,2015-02-09
10561,2015-04-08 09:32:00,2015-04-08,0.5091,0.0,0.0,0.0,0.5091,0.5091,0.5091,10000034,2015-09-23,2015-09-23,C,2.35,2015-02-09
10562,2015-04-08 09:33:00,2015-04-08,0.5091,0.0,0.0,0.0,0.5091,0.5091,0.5091,10000034,2015-09-23,2015-09-23,C,2.35,2015-02-09
10563,2015-04-08 09:34:00,2015-04-08,0.5091,0.0,0.0,0.0,0.5091,0.5091,0.5091,10000034,2015-09-23,2015-09-23,C,2.35,2015-02-09
10564,2015-04-08 09:35:00,2015-04-08,0.5091,0.0,0.0,0.0,0.5091,0.5091,0.5091,10000034,2015-09-23,2015-09-23,C,2.35,2015-02-09
10565,2015-04-08 09:36:00,2015-04-08,0.5091,0.0,0.0,0.0,0.5091,0.5091,0.5091,10000034,2015-09-23,2015-09-23,C,2.35,2015-02-09
10566,2015-04-08 09:37:00,2015-04-08,0.5091,0.0,0.0,0.0,0.5091,0.5091,0.5091,10000034,2015-09-23,2015-09-23,C,2.35,2015-02-09
10567,2015-04-08 09:38:00,2015-04-08,0.5091,0.0,0.0,0.0,0.5091,0.5091,0.5091,10000034,2015-09-23,2015-09-23,C,2.35,2015-02-09
10568,2015-04-08 09:39:00,2015-04-08,0.5091,0.0,0.0,0.0,0.5091,0.5091,0.5091,10000034,2015-09-23,2015-09-23,C,2.35,2015-02-09
10569,2015-04-08 09:40:00,2015-04-08,0.5091,0.0,0.0,0.0,0.5091,0.5091,0.5091,10000034,2015-09-23,2015-09-23,C,2.35,2015-02-09
10570,2015-04-08 09:41:00,2015-04-08,0.5091,0.0,0.0,0.0,0.5091,0.5091,0.5091,10000034,2015-09-23,2015-09-23,C,2.35,2015-02-09
10571,2015-04-08 09:42:00,2015-04-08,0.5091,0.0,0.0,0.0,0.5091,0.5091,0.5091,10000034,2015-09-23,2015-09-23,C,2.35,2015-02-09
10572,2015-04-08 09:43:00,2015-04-08,0.5091,0.0,0.0,0.0,0.5091,0.5091,0.5091,10000034,2015-09-23,2015-09-23,C,2.35,2015-02-09
10573,2015-04-08 09:44:00,2015-04-08,0.5091,0.0,0.0,0.0,0.5091,0.5091,0.5091,10000034,2015-09-23,2015-09-23,C,2.35,2015-02-09
10574,2015-04-08 09:45:00,2015-04-08,0.5091,0.0,0.0,0.0,0.5091,0.5091,0.5091,10000034,2015-09-23,2015-09-23,C,2.35,2015-02-09
10575,2015-04-08 09:46:00,2015-04-08,0.5091,0.0,0.0,0.0,0.5091,0.5091,0.5091,10000034,2015-09-23,2015-09-23,C,2.35,2015-02-09
10576,2015-04-08 09:47:00,2015-04-08,0.5091,0.0,0.0,0.0,0.5091,0.5091,0.5091,10000034,2015-09-23,2015-09-23,C,2.35,2015-02-09
10577,2015-04-08 09:48:00,2015-04-08,0.5091,0.0,0.0,0.0,0.5091,0.5091,0.5091,10000034,2015-09-23,2015-09-23,C,2.35,2015-02-09
10578,2015-04-08 09:49:00,2015-04-08,0.5091,0.0,0.0,0.0,0.5091,0.5091,0.5091,10000034,2015-09-23,2015-09-23,C,2.35,2015-02-09
10579,2015-04-08 09:50:00,2015-04-08,0.5091,0.0,0.0,0.0,0.5091,0.5091,0.5091,10000034,2015-09-23,2015-09-23,C,2.35,2015-02-09
10580,2015-04-08 09:51:00,2015-04-08,0.5091,0.0,0.0,0.0,0.5091,0.5091,0.5091,10000034,2015-09-23,2015-09-23,C,2.35,2015-02-09
10581,2015-04-08 09:52:00,2015-04-08,0.5091,0.0,0.0,0.0,0.5091,0.5091,0.5091,10000034,2015-09-23,2015-09-23,C,2.35,2015-02-09
10582,2015-04-08 09:53:00,2015-04-08,0.5091,0.0,0.0,0.0,0.5091,0.5091,0.5091,10000034,2015-09-23,2015-09-23,C,2.35,2015-02-09
10583,2015-04-08 09:54:00,2015-04-08,0.5091,0.0,0.0,0.0,0.5091,0.5091,0.5091,10000034,2015-09-23,2015-09-23,C,2.35,2015-02-09
10584,2015-04-08 09:55:00,2015-04-08,0.5091,0.0,0.0,0.0,0.5091,0.5091,0.5091,10000034,2015-09-23,2015-09-23,C,2.35,2015-02-09
10585,2015-04-08 09:56:00,2015-04-08,0.6039,-64981.0,-11.0,1706.0,0.6039,0.6039,0.6039,10000034,2015-09-23,2015-09-23,C,2.35,2015-02-09
10586,2015-04-08 09:57:00,2015-04-08,0.6039,0.0,0.0,1706.0,0.6039,0.6039,0.6039,10000034,2015-09-23,2015-09-23,C,2.35,2015-02-09
10587,2015-04-08 09:58:00,2015-04-08,0.6039,0.0,0.0,1706.0,0.6039,0.6039,0.6039,10000034,2015-09-23,2015-09-23,C,2.35,2015-02-09
10588,2015-04-08 09:59:00,2015-04-08,0.6039,0.0,0.0,1706.0,0.6039,0.6039,0.6039,10000034,2015-09-23,2015-09-23,C,2.35,2015-02-09
10589,2015-04-08 10:00:00,2015-04-08,0.6039,0.0,0.0,1706.0,0.6039,0.6039,0.6039,10000034,2015-09-23,2015-09-23,C,2.35,2015-02-09
10590,2015-04-08 10:01:00,2015-04-08,0.6039,0.0,0.0,1706.0,0.6039,0.6039,0.6039,10000034,2015-09-23,2015-09-23,C,2.35,2015-02-09
10591,2015-04-08 10:02:00,2015-04-08,0.6039,0.0,0.0,1706.0,0.6039,0.6039,0.6039,10000034,2015-09-23,2015-09-23,C,2.35,2015-02-09
10592,2015-04-08 10:03:00,2015-04-08,0.6039,0.0,0.0,1706.0,0.6039,0.6039,0.6039,10000034,2015-09-23,2015-09-23,C,2.35,2015-02-09
10593,2015-04-08 10:04:00,2015-04-08,0.6039,0.0,0.0,1706.0,0.6039,0.6039,0.6039,10000034,2015-09-23,2015-09-23,C,2.35,2015-02-09
10594,2015-04-08 10:05:00,2015-04-08,0.6039,0.0,0.0,1706.0,0.6039,0.6039,0.6039,10000034,2015-09-23,2015-09-23,C,2.35,2015-02-09
10595,2015-04-08 10:06:00,2015-04-08,0.6039,0.0,0.0,1706.0,0.6039,0.6039,0.6039,10000034,2015-09-23,2015-09-23,C,2.35,2015-02-09
10596,2015-04-08 10:07:00,2015-04-08,0.5876,29379.0,5.0,1706.0,0.5876,0.5875,0.5875,10000034,2015-09-23,2015-09-23,C,2.35,2015-02-09
10597,2015-04-08 10:08:00,2015-04-08,0.5875,0.0,0.0,1706.0,0.5875,0.5875,0.5875,10000034,2015-09-23,2015-09-23,C,2.35,2015-02-09
10598,2015-04-08 10:09:00,2015-04-08,0.5875,0.0,0.0,1706.0,0.5875,0.5875,0.5875,10000034,2015-09-23,2015-09-23,C,2.35,2015-02-09
10599,2015-04-08 10:10:00,2015-04-08,0.5875,0.0,0.0,1706.0,0.5875,0.5875,0.5875,10000034,2015-09-23,2015-09-23,C,2.35,2015-02-09
10600,2015-04-08 10:11:00,2015-04-08,0.5875,0.0,0.0,1706.0,0.5875,0.5875,0.5875,10000034,2015-09-23,2015-09-23,C,2.35,2015-02-09
10601,2015-04-08 10:12:00,2015-04-08,0.5875,0.0,0.0,1706.0,0.5875,0.5875,0.5875,10000034,2015-09-23,2015-09-23,C,2.35,2015-02-09
10602,2015-04-08 10:13:00,2015-04-08,0.5875,0.0,0.0,1706.0,0.5875,0.5875,0.5875,10000034,2015-09-23,2015-09-23,C,2.35,2015-02-09
10603,2015-04-08 10:14:00,2015-04-08,0.5875,0.0,0.0,1706.0,0.5875,0.5875,0.5875,10000034,2015-09-23,2015-09-23,C,2.35,2015-02-09
10604,2015-04-08 10:15:00,2015-04-08,0.5875,0.0,0.0,1706.0,0.5875,0.5875,0.5875,10000034,2015-09-23,2015-09-23,C,2.35,2015-02-09
10605,2015-04-08 10:16:00,2015-04-08,0.5875,0.0,0.0,1706.0,0.5875,0.5875,0.5875,10000034,2015-09-23,2015-09-23,C,2.35,2015-02-09
10606,2015-04-08 10:17:00,2015-04-08,0.5875,0.0,0.0,1706.0,0.5875,0.5875,0.5875,10000034,2015-09-23,2015-09-23,C,2.35,2015-02-09
10607,2015-04-08 10:18:00,2015-04-08,0.5875,0.0,0.0,1706.0,0.5875,0.5875,0.5875,10000034,2015-09-23,2015-09-23,C,2.35,2015-02-09
10608,2015-04-08 10:19:00,2015-04-08,0.5875,0.0,0.0,1706.0,0.5875,0.5875,0.5875,10000034,2015-09-23,2015-09-23,C,2.35,2015-02-09
10609,2015-04-08 10:20:00,2015-04-08,0.5875,0.0,0.0,1706.0,0.5875,0.5875,0.5875,10000034,2015-09-23,2015-09-23,C,2.35,2015-02-09
10610,2015-04-08 10:21:00,2015-04-08,0.5875,0.0,0.0,1706.0,0.5875,0.5875,0.5875,10000034,2015-09-23,2015-09-23,C,2.35,2015-02-09
10611,2015-04-08 10:22:00,2015-04-08,0.5875,0.0,0.0,1706.0,0.5875,0.5875,0.5875,10000034,2015-09-23,2015-09-23,C,2.35,2015-02-09
10612,2015-04-08 10:23:00,2015-04-08,0.5875,0.0,0.0,1706.0,0.5875,0.5875,0.5875,10000034,2015-09-23,2015-09-23,C,2.35,2015-02-09
10613,2015-04-08 10:24:00,2015-04-08,0.5875,0.0,0.0,1706.0,0.5875,0.5875,0.5875,10000034,2015-09-23,2015-09-23,C,2.35,2015-02-09
10614,2015-04-08 10:25:00,2015-04-08,0.5875,0.0,0.0,1706.0,0.5875,0.5875,0.5875,10000034,2015-09-23,2015-09-23,C,2.35,2015-02-09
10615,2015-04-08 10:26:00,2015-04-08,0.5875,0.0,0.0,1706.0,0.5875,0.5875,0.5875,10000034,2015-09-23,2015-09-23,C,2.35,2015-02-09
10616,2015-04-08 10:27:00,2015-04-08,0.5875,0.0,0.0,1706.0,0.5875,0.5875,0.5875,10000034,2015-09-23,2015-09-23,C,2.35,2015-02-09
10617,2015-04-08 10:28:00,2015-04-08,0.5875,0.0,0.0,1706.0,0.5875,0.5875,0.5875,10000034,2015-09-23,2015-09-23,C,2.35,2015-02-09
10618,2015-04-08 10:29:00,2015-04-08,0.5875,0.0,0.0,1706.0,0.5875,0.5875,0.5875,10000034,2015-09-23,2015-09-23,C,2.35,2015-02-09
10619,2015-04-08 10:30:00,2015-04-08,0.5875,0.0,0.0,1706.0,0.5875,0.5875,0.5875,10000034,2015-09-23,2015-09-23,C,2.35,2015-02-09
10620,2015-04-08 10:31:00,2015-04-08,0.5875,0.0,0.0,1706.0,0.5875,0.5875,0.5875,10000034,2015-09-23,2015-09-23,C,2.35,2015-02-09
10621,2015-04-08 10:32:00,2015-04-08,0.5875,0.0,0.0,1706.0,0.5875,0.5875,0.5875,10000034,2015-09-23,2015-09-23,C,2.35,2015-02-09
10622,2015-04-08 10:33:00,2015-04-08,0.5875,0.0,0.0,1706.0,0.5875,0.5875,0.5875,10000034,2015-09-23,2015-09-23,C,2.35,2015-02-09
10623,2015-04-08 10:34:00,2015-04-08,0.5875,0.0,0.0,1706.0,0.5875,0.5875,0.5875,10000034,2015-09-23,2015-09-23,C,2.35,2015-02-09
10624,2015-04-08 10:35:00,2015-04-08,0.5875,0.0,0.0,1706.0,0.5875,0.5875,0.5875,10000034,2015-09-23,2015-09-23,C,2.35,2015-02-09
10625,2015-04-08 10:36:00,2015-04-08,0.5875,0.0,0.0,1706.0,0.5875,0.5875,0.5875,10000034,2015-09-23,2015-09-23,C,2.35,2015-02-09
10626,2015-04-08 10:37:00,2015-04-08,0.5875,0.0,0.0,1706.0,0.5875,0.5875,0.5875,10000034,2015-09-23,2015-09-23,C,2.35,2015-02-09
10627,2015-04-08 10:38:00,2015-04-08,0.5875,0.0,0.0,1706.0,0.5875,0.5875,0.5875,10000034,2015-09-23,2015-09-23,C,2.35,2015-02-09
10628,2015-04-08 10:39:00,2015-04-08,0.5875,0.0,0.0,1706.0,0.5875,0.5875,0.5875,10000034,2015-09-23,2015-09-23,C,2.35,2015-02-09
10629,2015-04-08 10:40:00,2015-04-08,0.5818,29090.0,5.0,1701.0,0.5818,0.5818,0.5818,10000034,2015-09-23,2015-09-23,C,2.35,2015-02-09
10630,2015-04-08 10:41:00,2015-04-08,0.5818,0.0,0.0,1701.0,0.5818,0.5818,0.5818,10000034,2015-09-23,2015-09-23,C,2.35,2015-02-09
10631,2015-04-08 10:42:00,2015-04-08,0.5818,0.0,0.0,1701.0,0.5818,0.5818,0.5818,10000034,2015-09-23,2015-09-23,C,2.35,2015-02-09
10632,2015-04-08 10:43:00,2015-04-08,0.5818,0.0,0.0,1701.0,0.5818,0.5818,0.5818,10000034,2015-09-23,2015-09-23,C,2.35,2015-02-09
10633,2015-04-08 10:44:00,2015-04-08,0.5818,0.0,0.0,1701.0,0.5818,0.5818,0.5818,10000034,2015-09-23,2015-09-23,C,2.35,2015-02-09
10634,2015-04-08 10:45:00,2015-04-08,0.5818,0.0,0.0,1701.0,0.5818,0.5818,0.5818,10000034,2015-09-23,2015-09-23,C,2.35,2015-02-09
10635,2015-04-08 10:46:00,2015-04-08,0.5818,0.0,0.0,1701.0,0.5818,0.5818,0.5818,10000034,2015-09-23,2015-09-23,C,2.35,2015-02-09
10636,2015-04-08 10:47:00,2015-04-08,0.5818,0.0,0.0,1701.0,0.5818,0.5818,0.5818,10000034,2015-09-23,2015-09-23,C,2.35,2015-02-09
10637,2015-04-08 10:48:00,2015-04-08,0.5818,0.0,0.0,1701.0,0.5818,0.5818,0.5818,10000034,2015-09-23,2015-09-23,C,2.35,2015-02-09
10638,2015-04-08 10:49:00,2015-04-08,0.5818,0.0,0.0,1701.0,0.5818,0.5818,0.5818,10000034,2015-09-23,2015-09-23,C,2.35,2015-02-09
10639,2015-04-08 10:50:00,2015-04-08,0.5818,0.0,0.0,1701.0,0.5818,0.5818,0.5818,10000034,2015-09-23,2015-09-23,C,2.35,2015-02-09
10640,2015-04-08 10:51:00,2015-04-08,0.5818,0.0,0.0,1701.0,0.5818,0.5818,0.5818,10000034,2015-09-23,2015-09-23,C,2.35,2015-02-09
10641,2015-04-08 10:52:00,2015-04-08,0.5818,0.0,0.0,1701.0,0.5818,0.5818,0.5818,10000034,2015-09-23,2015-09-23,C,2.35,2015-02-09
10642,2015-04-08 10:53:00,2015-04-08,0.5818,0.0,0.0,1701.0,0.5818,0.5818,0.5818,10000034,2015-09-23,2015-09-23,C,2.35,2015-02-09
10643,2015-04-08 10:54:00,2015-04-08,0.5818,0.0,0.0,1701.0,0.5818,0.5818,0.5818,10000034,2015-09-23,2015-09-23,C,2.35,2015-02-09
10644,2015-04-08 10:55:00,2015-04-08,0.5818,0.0,0.0,1701.0,0.5818,0.5818,0.5818,10000034,2015-09-23,2015-09-23,C,2.35,2015-02-09
10645,2015-04-08 10:56:00,2015-04-08,0.5818,0.0,0.0,1701.0,0.5818,0.5818,0.5818,10000034,2015-09-23,2015-09-23,C,2.35,2015-02-09
10646,2015-04-08 10:57:00,2015-04-08,0.5818,0.0,0.0,1701.0,0.5818,0.5818,0.5818,10000034,2015-09-23,2015-09-23,C,2.35,2015-02-09
10647,2015-04-08 10:58:00,2015-04-08,0.5818,0.0,0.0,1701.0,0.5818,0.5818,0.5818,10000034,2015-09-23,2015-09-23,C,2.35,2015-02-09
10648,2015-04-08 10:59:00,2015-04-08,0.5818,0.0,0.0,1701.0,0.5818,0.5818,0.5818,10000034,2015-09-23,2015-09-23,C,2.35,2015-02-09
10649,2015-04-08 11:00:00,2015-04-08,0.5818,0.0,0.0,1701.0,0.5818,0.5818,0.5818,10000034,2015-09-23,2015-09-23,C,2.35,2015-02-09
10650,2015-04-08 11:01:00,2015-04-08,0.5818,0.0,0.0,1701.0,0.5818,0.5818,0.5818,10000034,2015-09-23,2015-09-23,C,2.35,2015-02-09
10651,2015-04-08 11:02:00,2015-04-08,0.5818,0.0,0.0,1701.0,0.5818,0.5818,0.5818,10000034,2015-09-23,2015-09-23,C,2.35,2015-02-09
10652,2015-04-08 11:03:00,2015-04-08,0.5818,0.0,0.0,1701.0,0.5818,0.5818,0.5818,10000034,2015-09-23,2015-09-23,C,2.35,2015-02-09
10653,2015-04-08 11:04:00,2015-04-08,0.5818,0.0,0.0,1701.0,0.5818,0.5818,0.5818,10000034,2015-09-23,2015-09-23,C,2.35,2015-02-09
10654,2015-04-08 11:05:00,2015-04-08,0.5818,0.0,0.0,1701.0,0.5818,0.5818,0.5818,10000034,2015-09-23,2015-09-23,C,2.35,2015-02-09
10655,2015-04-08 11:06:00,2015-04-08,0.5818,0.0,0.0,1701.0,0.5818,0.5818,0.5818,10000034,2015-09-23,2015-09-23,C,2.35,2015-02-09
10656,2015-04-08 11:07:00,2015-04-08,0.5818,0.0,0.0,1701.0,0.5818,0.5818,0.5818,10000034,2015-09-23,2015-09-23,C,2.35,2015-02-09
10657,2015-04-08 11:08:00,2015-04-08,0.5818,0.0,0.0,1701.0,0.5818,0.5818,0.5818,10000034,2015-09-23,2015-09-23,C,2.35,2015-02-09
10658,2015-04-08 11:09:00,2015-04-08,0.5818,0.0,0.0,1701.0,0.5818,0.5818,0.5818,10000034,2015-09-23,2015-09-23,C,2.35,2015-02-09
10659,2015-04-08 11:10:00,2015-04-08,0.5818,0.0,0.0,1701.0,0.5818,0.5818,0.5818,10000034,2015-09-23,2015-09-23,C,2.35,2015-02-09
10660,2015-04-08 11:11:00,2015-04-08,0.5818,0.0,0.0,1701.0,0.5818,0.5818,0.5818,10000034,2015-09-23,2015-09-23,C,2.35,2015-02-09
10661,2015-04-08 11:12:00,2015-04-08,0.5818,0.0,0.0,1701.0,0.5818,0.5818,0.5818,10000034,2015-09-23,2015-09-23,C,2.35,2015-02-09
10662,2015-04-08 11:13:00,2015-04-08,0.5818,0.0,0.0,1701.0,0.5818,0.5818,0.5818,10000034,2015-09-23,2015-09-23,C,2.35,2015-02-09
10663,2015-04-08 11:14:00,2015-04-08,0.5818,0.0,0.0,1701.0,0.5818,0.5818,0.5818,10000034,2015-09-23,2015-09-23,C,2.35,2015-02-09
10664,2015-04-08 11:15:00,2015-04-08,0.5818,0.0,0.0,1701.0,0.5818,0.5818,0.5818,10000034,2015-09-23,2015-09-23,C,2.35,2015-02-09
10665,2015-04-08 11:16:00,2015-04-08,0.5818,0.0,0.0,1701.0,0.5818,0.5818,0.5818,10000034,2015-09-23,2015-09-23,C,2.35,2015-02-09
10666,2015-04-08 11:17:00,2015-04-08,0.5818,0.0,0.0,1701.0,0.5818,0.5818,0.5818,10000034,2015-09-23,2015-09-23,C,2.35,2015-02-09
10667,2015-04-08 11:18:00,2015-04-08,0.5818,0.0,0.0,1701.0,0.5818,0.5818,0.5818,10000034,2015-09-23,2015-09-23,C,2.35,2015-02-09
10668,2015-04-08 11:19:00,2015-04-08,0.5818,0.0,0.0,1701.0,0.5818,0.5818,0.5818,10000034,2015-09-23,2015-09-23,C,2.35,2015-02-09
10669,2015-04-08 11:20:00,2015-04-08,0.5818,0.0,0.0,1701.0,0.5818,0.5818,0.5818,10000034,2015-09-23,2015-09-23,C,2.35,2015-02-09
10670,2015-04-08 11:21:00,2015-04-08,0.5818,0.0,0.0,1701.0,0.5818,0.5818,0.5818,10000034,2015-09-23,2015-09-23,C,2.35,2015-02-09
10671,2015-04-08 11:22:00,2015-04-08,0.5818,0.0,0.0,1701.0,0.5818,0.5818,0.5818,10000034,2015-09-23,2015-09-23,C,2.35,2015-02-09
10672,2015-04-08 11:23:00,2015-04-08,0.5818,0.0,0.0,1701.0,0.5818,0.5818,0.5818,10000034,2015-09-23,2015-09-23,C,2.35,2015-02-09
10673,2015-04-08 11:24:00,2015-04-08,0.5818,0.0,0.0,1701.0,0.5818,0.5818,0.5818,10000034,2015-09-23,2015-09-23,C,2.35,2015-02-09
10674,2015-04-08 11:25:00,2015-04-08,0.5818,0.0,0.0,1701.0,0.5818,0.5818,0.5818,10000034,2015-09-23,2015-09-23,C,2.35,2015-02-09
10675,2015-04-08 11:26:00,2015-04-08,0.5818,0.0,0.0,1701.0,0.5818,0.5818,0.5818,10000034,2015-09-23,2015-09-23,C,2.35,2015-02-09
10676,2015-04-08 11:27:00,2015-04-08,0.5818,0.0,0.0,1701.0,0.5818,0.5818,0.5818,10000034,2015-09-23,2015-09-23,C,2.35,2015-02-09
10677,2015-04-08 11:28:00,2015-04-08,0.5818,0.0,0.0,1701.0,0.5818,0.5818,0.5818,10000034,2015-09-23,2015-09-23,C,2.35,2015-02-09
10678,2015-04-08 11:29:00,2015-04-08,0.5818,0.0,0.0,1701.0,0.5818,0.5818,0.5818,10000034,2015-09-23,2015-09-23,C,2.35,2015-02-09
10679,2015-04-08 11:30:00,2015-04-08,0.5818,0.0,0.0,1701.0,0.5818,0.5818,0.5818,10000034,2015-09-23,2015-09-23,C,2.35,2015-02-09
10680,2015-04-08 13:01:00,2015-04-08,0.5818,0.0,0.0,1701.0,0.5818,0.5818,0.5818,10000034,2015-09-23,2015-09-23,C,2.35,2015-02-09
10681,2015-04-08 13:02:00,2015-04-08,0.5818,0.0,0.0,1701.0,0.5818,0.5818,0.5818,10000034,2015-09-23,2015-09-23,C,2.35,2015-02-09
10682,2015-04-08 13:03:00,2015-04-08,0.5818,0.0,0.0,1701.0,0.5818,0.5818,0.5818,10000034,2015-09-23,2015-09-23,C,2.35,2015-02-09
10683,2015-04-08 13:04:00,2015-04-08,0.5818,0.0,0.0,1701.0,0.5818,0.5818,0.5818,10000034,2015-09-23,2015-09-23,C,2.35,2015-02-09
10684,2015-04-08 13:05:00,2015-04-08,0.5818,0.0,0.0,1701.0,0.5818,0.5818,0.5818,10000034,2015-09-23,2015-09-23,C,2.35,2015-02-09
10685,2015-04-08 13:06:00,2015-04-08,0.5818,0.0,0.0,1701.0,0.5818,0.5818,0.5818,10000034,2015-09-23,2015-09-23,C,2.35,2015-02-09
10686,2015-04-08 13:07:00,2015-04-08,0.5818,0.0,0.0,1701.0,0.5818,0.5818,0.5818,10000034,2015-09-23,2015-09-23,C,2.35,2015-02-09
10687,2015-04-08 13:08:00,2015-04-08,0.5818,0.0,0.0,1701.0,0.5818,0.5818,0.5818,10000034,2015-09-23,2015-09-23,C,2.35,2015-02-09
10688,2015-04-08 13:09:00,2015-04-08,0.5818,0.0,0.0,1701.0,0.5818,0.5818,0.5818,10000034,2015-09-23,2015-09-23,C,2.35,2015-02-09
10689,2015-04-08 13:10:00,2015-04-08,0.5818,0.0,0.0,1701.0,0.5818,0.5818,0.5818,10000034,2015-09-23,2015-09-23,C,2.35,2015-02-09
10690,2015-04-08 13:11:00,2015-04-08,0.5818,0.0,0.0,1701.0,0.5818,0.5818,0.5818,10000034,2015-09-23,2015-09-23,C,2.35,2015-02-09
10691,2015-04-08 13:12:00,2015-04-08,0.5818,0.0,0.0,1701.0,0.5818,0.5818,0.5818,10000034,2015-09-23,2015-09-23,C,2.35,2015-02-09
10692,2015-04-08 13:13:00,2015-04-08,0.5818,0.0,0.0,1701.0,0.5818,0.5818,0.5818,10000034,2015-09-23,2015-09-23,C,2.35,2015-02-09
10693,2015-04-08 13:14:00,2015-04-08,0.5818,0.0,0.0,1701.0,0.5818,0.5818,0.5818,10000034,2015-09-23,2015-09-23,C,2.35,2015-02-09
10694,2015-04-08 13:15:00,2015-04-08,0.5818,0.0,0.0,1701.0,0.5818,0.5818,0.5818,10000034,2015-09-23,2015-09-23,C,2.35,2015-02-09
10695,2015-04-08 13:16:00,2015-04-08,0.5818,0.0,0.0,1701.0,0.5818,0.5818,0.5818,10000034,2015-09-23,2015-09-23,C,2.35,2015-02-09
10696,2015-04-08 13:17:00,2015-04-08,0.5818,0.0,0.0,1701.0,0.5818,0.5818,0.5818,10000034,2015-09-23,2015-09-23,C,2.35,2015-02-09
10697,2015-04-08 13:18:00,2015-04-08,0.5818,0.0,0.0,1701.0,0.5818,0.5818,0.5818,10000034,2015-09-23,2015-09-23,C,2.35,2015-02-09
10698,2015-04-08 13:19:00,2015-04-08,0.5818,0.0,0.0,1701.0,0.5818,0.5818,0.5818,10000034,2015-09-23,2015-09-23,C,2.35,2015-02-09
10699,2015-04-08 13:20:00,2015-04-08,0.5818,0.0,0.0,1701.0,0.5818,0.5818,0.5818,10000034,2015-09-23,2015-09-23,C,2.35,2015-02-09
10700,2015-04-08 13:21:00,2015-04-08,0.5818,0.0,0.0,1701.0,0.5818,0.5818,0.5818,10000034,2015-09-23,2015-09-23,C,2.35,2015-02-09
10701,2015-04-08 13:22:00,2015-04-08,0.5818,0.0,0.0,1701.0,0.5818,0.5818,0.5818,10000034,2015-09-23,2015-09-23,C,2.35,2015-02-09
10702,2015-04-08 13:23:00,2015-04-08,0.5818,0.0,0.0,1701.0,0.5818,0.5818,0.5818,10000034,2015-09-23,2015-09-23,C,2.35,2015-02-09
10703,2015-04-08 13:24:00,2015-04-08,0.5818,0.0,0.0,1701.0,0.5818,0.5818,0.5818,10000034,2015-09-23,2015-09-23,C,2.35,2015-02-09
10704,2015-04-08 13:25:00,2015-04-08,0.5818,0.0,0.0,1701.0,0.5818,0.5818,0.5818,10000034,2015-09-23,2015-09-23,C,2.35,2015-02-09
10705,2015-04-08 13:26:00,2015-04-08,0.5818,0.0,0.0,1701.0,0.5818,0.5818,0.5818,10000034,2015-09-23,2015-09-23,C,2.35,2015-02-09
10706,2015-04-08 13:27:00,2015-04-08,0.5818,0.0,0.0,1701.0,0.5818,0.5818,0.5818,10000034,2015-09-23,2015-09-23,C,2.35,2015-02-09
10707,2015-04-08 13:28:00,2015-04-08,0.5818,0.0,0.0,1701.0,0.5818,0.5818,0.5818,10000034,2015-09-23,2015-09-23,C,2.35,2015-02-09
10708,2015-04-08 13:29:00,2015-04-08,0.5818,0.0,0.0,1701.0,0.5818,0.5818,0.5818,10000034,2015-09-23,2015-09-23,C,2.35,2015-02-09
10709,2015-04-08 13:30:00,2015-04-08,0.5818,0.0,0.0,1701.0,0.5818,0.5818,0.5818,10000034,2015-09-23,2015-09-23,C,2.35,2015-02-09
10710,2015-04-08 13:31:00,2015-04-08,0.5818,0.0,0.0,1701.0,0.5818,0.5818,0.5818,10000034,2015-09-23,2015-09-23,C,2.35,2015-02-09
10711,2015-04-08 13:32:00,2015-04-08,0.5818,0.0,0.0,1701.0,0.5818,0.5818,0.5818,10000034,2015-09-23,2015-09-23,C,2.35,2015-02-09
10712,2015-04-08 13:33:00,2015-04-08,0.5818,0.0,0.0,1701.0,0.5818,0.5818,0.5818,10000034,2015-09-23,2015-09-23,C,2.35,2015-02-09
10713,2015-04-08 13:34:00,2015-04-08,0.5818,0.0,0.0,1701.0,0.5818,0.5818,0.5818,10000034,2015-09-23,2015-09-23,C,2.35,2015-02-09
10714,2015-04-08 13:35:00,2015-04-08,0.5818,0.0,0.0,1701.0,0.5818,0.5818,0.5818,10000034,2015-09-23,2015-09-23,C,2.35,2015-02-09
10715,2015-04-08 13:36:00,2015-04-08,0.6512,6512.0,1.0,1702.0,0.6512,0.6512,0.6512,10000034,2015-09-23,2015-09-23,C,2.35,2015-02-09
10716,2015-04-08 13:37:00,2015-04-08,0.6512,0.0,0.0,1702.0,0.6512,0.6512,0.6512,10000034,2015-09-23,2015-09-23,C,2.35,2015-02-09
10717,2015-04-08 13:38:00,2015-04-08,0.6512,0.0,0.0,1702.0,0.6512,0.6512,0.6512,10000034,2015-09-23,2015-09-23,C,2.35,2015-02-09
10718,2015-04-08 13:39:00,2015-04-08,0.6512,0.0,0.0,1702.0,0.6512,0.6512,0.6512,10000034,2015-09-23,2015-09-23,C,2.35,2015-02-09
10719,2015-04-08 13:40:00,2015-04-08,0.6512,0.0,0.0,1702.0,0.6512,0.6512,0.6512,10000034,2015-09-23,2015-09-23,C,2.35,2015-02-09
10720,2015-04-08 13:41:00,2015-04-08,0.6512,0.0,0.0,1702.0,0.6512,0.6512,0.6512,10000034,2015-09-23,2015-09-23,C,2.35,2015-02-09
10721,2015-04-08 13:42:00,2015-04-08,0.6512,0.0,0.0,1702.0,0.6512,0.6512,0.6512,10000034,2015-09-23,2015-09-23,C,2.35,2015-02-09
10722,2015-04-08 13:43:00,2015-04-08,0.6512,0.0,0.0,1702.0,0.6512,0.6512,0.6512,10000034,2015-09-23,2015-09-23,C,2.35,2015-02-09
10723,2015-04-08 13:44:00,2015-04-08,0.6512,0.0,0.0,1702.0,0.6512,0.6512,0.6512,10000034,2015-09-23,2015-09-23,C,2.35,2015-02-09
10724,2015-04-08 13:45:00,2015-04-08,0.6512,0.0,0.0,1702.0,0.6512,0.6512,0.6512,10000034,2015-09-23,2015-09-23,C,2.35,2015-02-09
10725,2015-04-08 13:46:00,2015-04-08,0.6512,0.0,0.0,1702.0,0.6512,0.6512,0.6512,10000034,2015-09-23,2015-09-23,C,2.35,2015-02-09
10726,2015-04-08 13:47:00,2015-04-08,0.6512,0.0,0.0,1702.0,0.6512,0.6512,0.6512,10000034,2015-09-23,2015-09-23,C,2.35,2015-02-09
10727,2015-04-08 13:48:00,2015-04-08,0.6512,0.0,0.0,1702.0,0.6512,0.6512,0.6512,10000034,2015-09-23,2015-09-23,C,2.35,2015-02-09
10728,2015-04-08 13:49:00,2015-04-08,0.6512,0.0,0.0,1702.0,0.6512,0.6512,0.6512,10000034,2015-09-23,2015-09-23,C,2.35,2015-02-09
10729,2015-04-08 13:50:00,2015-04-08,0.6512,0.0,0.0,1702.0,0.6512,0.6512,0.6512,10000034,2015-09-23,2015-09-23,C,2.35,2015-02-09
10730,2015-04-08 13:51:00,2015-04-08,0.6512,0.0,0.0,1702.0,0.6512,0.6512,0.6512,10000034,2015-09-23,2015-09-23,C,2.35,2015-02-09
10731,2015-04-08 13:52:00,2015-04-08,0.6512,0.0,0.0,1702.0,0.6512,0.6512,0.6512,10000034,2015-09-23,2015-09-23,C,2.35,2015-02-09
10732,2015-04-08 13:53:00,2015-04-08,0.6512,0.0,0.0,1702.0,0.6512,0.6512,0.6512,10000034,2015-09-23,2015-09-23,C,2.35,2015-02-09
10733,2015-04-08 13:54:00,2015-04-08,0.6512,0.0,0.0,1702.0,0.6512,0.6512,0.6512,10000034,2015-09-23,2015-09-23,C,2.35,2015-02-09
10734,2015-04-08 13:55:00,2015-04-08,0.6512,0.0,0.0,1702.0,0.6512,0.6512,0.6512,10000034,2015-09-23,2015-09-23,C,2.35,2015-02-09
10735,2015-04-08 13:56:00,2015-04-08,0.6512,0.0,0.0,1702.0,0.6512,0.6512,0.6512,10000034,2015-09-23,2015-09-23,C,2.35,2015-02-09
10736,2015-04-08 13:57:00,2015-04-08,0.6512,0.0,0.0,1702.0,0.6512,0.6512,0.6512,10000034,2015-09-23,2015-09-23,C,2.35,2015-02-09
10737,2015-04-08 13:58:00,2015-04-08,0.6512,0.0,0.0,1702.0,0.6512,0.6512,0.6512,10000034,2015-09-23,2015-09-23,C,2.35,2015-02-09
10738,2015-04-08 13:59:00,2015-04-08,0.6512,0.0,0.0,1702.0,0.6512,0.6512,0.6512,10000034,2015-09-23,2015-09-23,C,2.35,2015-02-09
10739,2015-04-08 14:00:00,2015-04-08,0.6512,0.0,0.0,1702.0,0.6512,0.6512,0.6512,10000034,2015-09-23,2015-09-23,C,2.35,2015-02-09
10740,2015-04-08 14:01:00,2015-04-08,0.6512,0.0,0.0,1702.0,0.6512,0.6512,0.6512,10000034,2015-09-23,2015-09-23,C,2.35,2015-02-09
10741,2015-04-08 14:02:00,2015-04-08,0.6512,0.0,0.0,1702.0,0.6512,0.6512,0.6512,10000034,2015-09-23,2015-09-23,C,2.35,2015-02-09
10742,2015-04-08 14:03:00,2015-04-08,0.6512,0.0,0.0,1702.0,0.6512,0.6512,0.6512,10000034,2015-09-23,2015-09-23,C,2.35,2015-02-09
10743,2015-04-08 14:04:00,2015-04-08,0.6512,0.0,0.0,1702.0,0.6512,0.6512,0.6512,10000034,2015-09-23,2015-09-23,C,2.35,2015-02-09
10744,2015-04-08 14:05:00,2015-04-08,0.6512,0.0,0.0,1702.0,0.6512,0.6512,0.6512,10000034,2015-09-23,2015-09-23,C,2.35,2015-02-09
10745,2015-04-08 14:06:00,2015-04-08,0.6512,0.0,0.0,1702.0,0.6512,0.6512,0.6512,10000034,2015-09-23,2015-09-23,C,2.35,2015-02-09
10746,2015-04-08 14:07:00,2015-04-08,0.6512,0.0,0.0,1702.0,0.6512,0.6512,0.6512,10000034,2015-09-23,2015-09-23,C,2.35,2015-02-09
10747,2015-04-08 14:08:00,2015-04-08,0.6512,0.0,0.0,1702.0,0.6512,0.6512,0.6512,10000034,2015-09-23,2015-09-23,C,2.35,2015-02-09
10748,2015-04-08 14:09:00,2015-04-08,0.6512,0.0,0.0,1702.0,0.6512,0.6512,0.6512,10000034,2015-09-23,2015-09-23,C,2.35,2015-02-09
10749,2015-04-08 14:10:00,2015-04-08,0.6512,0.0,0.0,1702.0,0.6512,0.6512,0.6512,10000034,2015-09-23,2015-09-23,C,2.35,2015-02-09
10750,2015-04-08 14:11:00,2015-04-08,0.6512,0.0,0.0,1702.0,0.6512,0.6512,0.6512,10000034,2015-09-23,2015-09-23,C,2.35,2015-02-09
10751,2015-04-08 14:12:00,2015-04-08,0.6512,0.0,0.0,1702.0,0.6512,0.6512,0.6512,10000034,2015-09-23,2015-09-23,C,2.35,2015-02-09
10752,2015-04-08 14:13:00,2015-04-08,0.6512,0.0,0.0,1702.0,0.6512,0.6512,0.6512,10000034,2015-09-23,2015-09-23,C,2.35,2015-02-09
10753,2015-04-08 14:14:00,2015-04-08,0.6512,0.0,0.0,1702.0,0.6512,0.6512,0.6512,10000034,2015-09-23,2015-09-23,C,2.35,2015-02-09
10754,2015-04-08 14:15:00,2015-04-08,0.6512,0.0,0.0,1702.0,0.6512,0.6512,0.6512,10000034,2015-09-23,2015-09-23,C,2.35,2015-02-09
10755,2015-04-08 14:16:00,2015-04-08,0.6512,0.0,0.0,1702.0,0.6512,0.6512,0.6512,10000034,2015-09-23,2015-09-23,C,2.35,2015-02-09
10756,2015-04-08 14:17:00,2015-04-08,0.6512,0.0,0.0,1702.0,0.6512,0.6512,0.6512,10000034,2015-09-23,2015-09-23,C,2.35,2015-02-09
10757,2015-04-08 14:18:00,2015-04-08,0.6512,0.0,0.0,1702.0,0.6512,0.6512,0.6512,10000034,2015-09-23,2015-09-23,C,2.35,2015-02-09
10758,2015-04-08 14:19:00,2015-04-08,0.6512,0.0,0.0,1702.0,0.6512,0.6512,0.6512,10000034,2015-09-23,2015-09-23,C,2.35,2015-02-09
10759,2015-04-08 14:20:00,2015-04-08,0.6512,0.0,0.0,1702.0,0.6512,0.6512,0.6512,10000034,2015-09-23,2015-09-23,C,2.35,2015-02-09
10760,2015-04-08 14:21:00,2015-04-08,0.6512,0.0,0.0,1702.0,0.6512,0.6512,0.6512,10000034,2015-09-23,2015-09-23,C,2.35,2015-02-09
10761,2015-04-08 14:22:00,2015-04-08,0.6512,0.0,0.0,1702.0,0.6512,0.6512,0.6512,10000034,2015-09-23,2015-09-23,C,2.35,2015-02-09
10762,2015-04-08 14:23:00,2015-04-08,0.6512,0.0,0.0,1702.0,0.6512,0.6512,0.6512,10000034,2015-09-23,2015-09-23,C,2.35,2015-02-09
10763,2015-04-08 14:24:00,2015-04-08,0.6512,0.0,0.0,1702.0,0.6512,0.6512,0.6512,10000034,2015-09-23,2015-09-23,C,2.35,2015-02-09
10764,2015-04-08 14:25:00,2015-04-08,0.6512,0.0,0.0,1702.0,0.6512,0.6512,0.6512,10000034,2015-09-23,2015-09-23,C,2.35,2015-02-09
10765,2015-04-08 14:26:00,2015-04-08,0.6512,0.0,0.0,1702.0,0.6512,0.6512,0.6512,10000034,2015-09-23,2015-09-23,C,2.35,2015-02-09
10766,2015-04-08 14:27:00,2015-04-08,0.6512,0.0,0.0,1702.0,0.6512,0.6512,0.6512,10000034,2015-09-23,2015-09-23,C,2.35,2015-02-09
10767,2015-04-08 14:28:00,2015-04-08,0.6512,0.0,0.0,1702.0,0.6512,0.6512,0.6512,10000034,2015-09-23,2015-09-23,C,2.35,2015-02-09
10768,2015-04-08 14:29:00,2015-04-08,0.6512,0.0,0.0,1702.0,0.6512,0.6512,0.6512,10000034,2015-09-23,2015-09-23,C,2.35,2015-02-09
10769,2015-04-08 14:30:00,2015-04-08,0.6512,0.0,0.0,1702.0,0.6512,0.6512,0.6512,10000034,2015-09-23,2015-09-23,C,2.35,2015-02-09
10770,2015-04-08 14:31:00,2015-04-08,0.6512,0.0,0.0,1702.0,0.6512,0.6512,0.6512,10000034,2015-09-23,2015-09-23,C,2.35,2015-02-09
10771,2015-04-08 14:32:00,2015-04-08,0.6512,0.0,0.0,1702.0,0.6512,0.6512,0.6512,10000034,2015-09-23,2015-09-23,C,2.35,2015-02-09
10772,2015-04-08 14:33:00,2015-04-08,0.6512,0.0,0.0,1702.0,0.6512,0.6512,0.6512,10000034,2015-09-23,2015-09-23,C,2.35,2015-02-09
10773,2015-04-08 14:34:00,2015-04-08,0.6512,0.0,0.0,1702.0,0.6512,0.6512,0.6512,10000034,2015-09-23,2015-09-23,C,2.35,2015-02-09
10774,2015-04-08 14:35:00,2015-04-08,0.6512,0.0,0.0,1702.0,0.6512,0.6512,0.6512,10000034,2015-09-23,2015-09-23,C,2.35,2015-02-09
10775,2015-04-08 14:36:00,2015-04-08,0.6512,0.0,0.0,1702.0,0.6512,0.6512,0.6512,10000034,2015-09-23,2015-09-23,C,2.35,2015-02-09
10776,2015-04-08 14:37:00,2015-04-08,0.6512,0.0,0.0,1702.0,0.6512,0.6512,0.6512,10000034,2015-09-23,2015-09-23,C,2.35,2015-02-09
10777,2015-04-08 14:38:00,2015-04-08,0.6512,0.0,0.0,1702.0,0.6512,0.6512,0.6512,10000034,2015-09-23,2015-09-23,C,2.35,2015-02-09
10778,2015-04-08 14:39:00,2015-04-08,0.6512,0.0,0.0,1702.0,0.6512,0.6512,0.6512,10000034,2015-09-23,2015-09-23,C,2.35,2015-02-09
10779,2015-04-08 14:40:00,2015-04-08,0.6512,0.0,0.0,1702.0,0.6512,0.6512,0.6512,10000034,2015-09-23,2015-09-23,C,2.35,2015-02-09
10780,2015-04-08 14:41:00,2015-04-08,0.6512,0.0,0.0,1702.0,0.6512,0.6512,0.6512,10000034,2015-09-23,2015-09-23,C,2.35,2015-02-09
10781,2015-04-08 14:42:00,2015-04-08,0.6512,0.0,0.0,1702.0,0.6512,0.6512,0.6512,10000034,2015-09-23,2015-09-23,C,2.35,2015-02-09
10782,2015-04-08 14:43:00,2015-04-08,0.6512,0.0,0.0,1702.0,0.6512,0.6512,0.6512,10000034,2015-09-23,2015-09-23,C,2.35,2015-02-09
10783,2015-04-08 14:44:00,2015-04-08,0.6512,0.0,0.0,1702.0,0.6512,0.6512,0.6512,10000034,2015-09-23,2015-09-23,C,2.35,2015-02-09
10784,2015-04-08 14:45:00,2015-04-08,0.6512,0.0,0.0,1702.0,0.6512,0.6512,0.6512,10000034,2015-09-23,2015-09-23,C,2.35,2015-02-09
10785,2015-04-08 14:46:00,2015-04-08,0.6512,0.0,0.0,1702.0,0.6512,0.6512,0.6512,10000034,2015-09-23,2015-09-23,C,2.35,2015-02-09
10786,2015-04-08 14:47:00,2015-04-08,0.6512,0.0,0.0,1702.0,0.6512,0.6512,0.6512,10000034,2015-09-23,2015-09-23,C,2.35,2015-02-09
10787,2015-04-08 14:48:00,2015-04-08,0.6512,0.0,0.0,1702.0,0.6512,0.6512,0.6512,10000034,2015-09-23,2015-09-23,C,2.35,2015-02-09
10788,2015-04-08 14:49:00,2015-04-08,0.6512,0.0,0.0,1702.0,0.6512,0.6512,0.6512,10000034,2015-09-23,2015-09-23,C,2.35,2015-02-09
10789,2015-04-08 14:50:00,2015-04-08,0.6512,0.0,0.0,1702.0,0.6512,0.6512,0.6512,10000034,2015-09-23,2015-09-23,C,2.35,2015-02-09
10790,2015-04-08 14:51:00,2015-04-08,0.6512,0.0,0.0,1702.0,0.6512,0.6512,0.6512,10000034,2015-09-23,2015-09-23,C,2.35,2015-02-09
10791,2015-04-08 14:52:00,2015-04-08,0.6512,0.0,0.0,1702.0,0.6512,0.6512,0.6512,10000034,2015-09-23,2015-09-23,C,2.35,2015-02-09
10792,2015-04-08 14:53:00,2015-04-08,0.6512,0.0,0.0,1702.0,0.6512,0.6512,0.6512,10000034,2015-09-23,2015-09-23,C,2.35,2015-02-09
10793,2015-04-08 14:54:00,2015-04-08,0.6512,0.0,0.0,1702.0,0.6512,0.6512,0.6512,10000034,2015-09-23,2015-09-23,C,2.35,2015-02-09
10794,2015-04-08 14:55:00,2015-04-08,0.6512,0.0,0.0,1702.0,0.6512,0.6512,0.6512,10000034,2015-09-23,2015-09-23,C,2.35,2015-02-09
10795,2015-04-08 14:56:00,2015-04-08,0.6512,0.0,0.0,1702.0,0.6512,0.6512,0.6512,10000034,2015-09-23,2015-09-23,C,2.35,2015-02-09
10796,2015-04-08 14:57:00,2015-04-08,0.6512,0.0,0.0,1702.0,0.6512,0.6512,0.6512,10000034,2015-09-23,2015-09-23,C,2.35,2015-02-09
10797,2015-04-08 14:58:00,2015-04-08,0.6512,0.0,0.0,1702.0,0.6512,0.6512,0.6512,10000034,2015-09-23,2015-09-23,C,2.35,2015-02-09
10798,2015-04-08 14:59:00,2015-04-08,0.6512,0.0,0.0,1702.0,0.6512,0.6512,0.6512,10000034,2015-09-23,2015-09-23,C,2.35,2015-02-09
10799,2015-04-08 15:00:00,2015-04-08,0.6512,0.0,0.0,1702.0,0.6512,0.6512,0.6512,10000034,2015-09-23,2015-09-23,C,2.35,2015-02-09
10800,2015-04-08 09:31:00,2015-04-08,0.66,0.0,0.0,0.0,0.66,0.66,0.66,10000021,2015-06-24,2015-06-24,C,2.2,2015-02-09
10801,2015-04-08 09:32:00,2015-04-08,0.66,0.0,0.0,0.0,0.66,0.66,0.66,10000021,2015-06-24,2015-06-24,C,2.2,2015-02-09
10802,2015-04-08 09:33:00,2015-04-08,0.66,0.0,0.0,0.0,0.66,0.66,0.66,10000021,2015-06-24,2015-06-24,C,2.2,2015-02-09
10803,2015-04-08 09:34:00,2015-04-08,0.66,0.0,0.0,0.0,0.66,0.66,0.66,10000021,2015-06-24,2015-06-24,C,2.2,2015-02-09
10804,2015-04-08 09:35:00,2015-04-08,0.66,0.0,0.0,0.0,0.66,0.66,0.66,10000021,2015-06-24,2015-06-24,C,2.2,2015-02-09
10805,2015-04-08 09:36:00,2015-04-08,0.66,0.0,0.0,0.0,0.66,0.66,0.66,10000021,2015-06-24,2015-06-24,C,2.2,2015-02-09
10806,2015-04-08 09:37:00,2015-04-08,0.6601,-203503.0,-29.0,679.0,0.6601,0.6579999999999999,0.6579999999999999,10000021,2015-06-24,2015-06-24,C,2.2,2015-02-09
10807,2015-04-08 09:38:00,2015-04-08,0.6579999999999999,0.0,0.0,679.0,0.6579999999999999,0.6579999999999999,0.6579999999999999,10000021,2015-06-24,2015-06-24,C,2.2,2015-02-09
10808,2015-04-08 09:39:00,2015-04-08,0.6579999999999999,0.0,0.0,679.0,0.6579999999999999,0.6579999999999999,0.6579999999999999,10000021,2015-06-24,2015-06-24,C,2.2,2015-02-09
10809,2015-04-08 09:40:00,2015-04-08,0.6579999999999999,0.0,0.0,679.0,0.6579999999999999,0.6579999999999999,0.6579999999999999,10000021,2015-06-24,2015-06-24,C,2.2,2015-02-09
10810,2015-04-08 09:41:00,2015-04-08,0.6579999999999999,0.0,0.0,679.0,0.6579999999999999,0.6579999999999999,0.6579999999999999,10000021,2015-06-24,2015-06-24,C,2.2,2015-02-09
10811,2015-04-08 09:42:00,2015-04-08,0.6579999999999999,0.0,0.0,679.0,0.6579999999999999,0.6579999999999999,0.6579999999999999,10000021,2015-06-24,2015-06-24,C,2.2,2015-02-09
10812,2015-04-08 09:43:00,2015-04-08,0.6579999999999999,0.0,0.0,679.0,0.6579999999999999,0.6579999999999999,0.6579999999999999,10000021,2015-06-24,2015-06-24,C,2.2,2015-02-09
10813,2015-04-08 09:44:00,2015-04-08,0.6579999999999999,0.0,0.0,679.0,0.6579999999999999,0.6579999999999999,0.6579999999999999,10000021,2015-06-24,2015-06-24,C,2.2,2015-02-09
10814,2015-04-08 09:45:00,2015-04-08,0.6579999999999999,0.0,0.0,679.0,0.6579999999999999,0.6579999999999999,0.6579999999999999,10000021,2015-06-24,2015-06-24,C,2.2,2015-02-09
10815,2015-04-08 09:46:00,2015-04-08,0.6579999999999999,0.0,0.0,679.0,0.6579999999999999,0.6579999999999999,0.6579999999999999,10000021,2015-06-24,2015-06-24,C,2.2,2015-02-09
10816,2015-04-08 09:47:00,2015-04-08,0.6579999999999999,0.0,0.0,679.0,0.6579999999999999,0.6579999999999999,0.6579999999999999,10000021,2015-06-24,2015-06-24,C,2.2,2015-02-09
10817,2015-04-08 09:48:00,2015-04-08,0.6579999999999999,0.0,0.0,679.0,0.6579999999999999,0.6579999999999999,0.6579999999999999,10000021,2015-06-24,2015-06-24,C,2.2,2015-02-09
10818,2015-04-08 09:49:00,2015-04-08,0.6579999999999999,0.0,0.0,679.0,0.6579999999999999,0.6579999999999999,0.6579999999999999,10000021,2015-06-24,2015-06-24,C,2.2,2015-02-09
10819,2015-04-08 09:50:00,2015-04-08,0.6579999999999999,0.0,0.0,679.0,0.6579999999999999,0.6579999999999999,0.6579999999999999,10000021,2015-06-24,2015-06-24,C,2.2,2015-02-09
10820,2015-04-08 09:51:00,2015-04-08,0.6579999999999999,0.0,0.0,679.0,0.6579999999999999,0.6579999999999999,0.6579999999999999,10000021,2015-06-24,2015-06-24,C,2.2,2015-02-09
10821,2015-04-08 09:52:00,2015-04-08,0.6579999999999999,0.0,0.0,679.0,0.6579999999999999,0.6579999999999999,0.6579999999999999,10000021,2015-06-24,2015-06-24,C,2.2,2015-02-09
10822,2015-04-08 09:53:00,2015-04-08,0.6579999999999999,0.0,0.0,679.0,0.6579999999999999,0.6579999999999999,0.6579999999999999,10000021,2015-06-24,2015-06-24,C,2.2,2015-02-09
10823,2015-04-08 09:54:00,2015-04-08,0.6579999999999999,0.0,0.0,679.0,0.6579999999999999,0.6579999999999999,0.6579999999999999,10000021,2015-06-24,2015-06-24,C,2.2,2015-02-09
10824,2015-04-08 09:55:00,2015-04-08,0.6579999999999999,0.0,0.0,679.0,0.6579999999999999,0.6579999999999999,0.6579999999999999,10000021,2015-06-24,2015-06-24,C,2.2,2015-02-09
10825,2015-04-08 09:56:00,2015-04-08,0.6579999999999999,0.0,0.0,679.0,0.6579999999999999,0.6579999999999999,0.6579999999999999,10000021,2015-06-24,2015-06-24,C,2.2,2015-02-09
10826,2015-04-08 09:57:00,2015-04-08,0.6579999999999999,0.0,0.0,679.0,0.6579999999999999,0.6579999999999999,0.6579999999999999,10000021,2015-06-24,2015-06-24,C,2.2,2015-02-09
10827,2015-04-08 09:58:00,2015-04-08,0.685,68500.0,10.0,669.0,0.685,0.685,0.685,10000021,2015-06-24,2015-06-24,C,2.2,2015-02-09
10828,2015-04-08 09:59:00,2015-04-08,0.685,0.0,0.0,669.0,0.685,0.685,0.685,10000021,2015-06-24,2015-06-24,C,2.2,2015-02-09
10829,2015-04-08 10:00:00,2015-04-08,0.685,0.0,0.0,669.0,0.685,0.685,0.685,10000021,2015-06-24,2015-06-24,C,2.2,2015-02-09
10830,2015-04-08 10:01:00,2015-04-08,0.685,0.0,0.0,669.0,0.685,0.685,0.685,10000021,2015-06-24,2015-06-24,C,2.2,2015-02-09
10831,2015-04-08 10:02:00,2015-04-08,0.685,0.0,0.0,669.0,0.685,0.685,0.685,10000021,2015-06-24,2015-06-24,C,2.2,2015-02-09
10832,2015-04-08 10:03:00,2015-04-08,0.685,0.0,0.0,669.0,0.685,0.685,0.685,10000021,2015-06-24,2015-06-24,C,2.2,2015-02-09
10833,2015-04-08 10:04:00,2015-04-08,0.685,0.0,0.0,669.0,0.685,0.685,0.685,10000021,2015-06-24,2015-06-24,C,2.2,2015-02-09
10834,2015-04-08 10:05:00,2015-04-08,0.685,0.0,0.0,669.0,0.685,0.685,0.685,10000021,2015-06-24,2015-06-24,C,2.2,2015-02-09
10835,2015-04-08 10:06:00,2015-04-08,0.685,0.0,0.0,669.0,0.685,0.685,0.685,10000021,2015-06-24,2015-06-24,C,2.2,2015-02-09
10836,2015-04-08 10:07:00,2015-04-08,0.685,0.0,0.0,669.0,0.685,0.685,0.685,10000021,2015-06-24,2015-06-24,C,2.2,2015-02-09
10837,2015-04-08 10:08:00,2015-04-08,0.685,0.0,0.0,669.0,0.685,0.685,0.685,10000021,2015-06-24,2015-06-24,C,2.2,2015-02-09
10838,2015-04-08 10:09:00,2015-04-08,0.685,0.0,0.0,669.0,0.685,0.685,0.685,10000021,2015-06-24,2015-06-24,C,2.2,2015-02-09
10839,2015-04-08 10:10:00,2015-04-08,0.685,0.0,0.0,669.0,0.685,0.685,0.685,10000021,2015-06-24,2015-06-24,C,2.2,2015-02-09
10840,2015-04-08 10:11:00,2015-04-08,0.685,0.0,0.0,669.0,0.685,0.685,0.685,10000021,2015-06-24,2015-06-24,C,2.2,2015-02-09
10841,2015-04-08 10:12:00,2015-04-08,0.685,0.0,0.0,669.0,0.685,0.685,0.685,10000021,2015-06-24,2015-06-24,C,2.2,2015-02-09
10842,2015-04-08 10:13:00,2015-04-08,0.685,0.0,0.0,669.0,0.685,0.685,0.685,10000021,2015-06-24,2015-06-24,C,2.2,2015-02-09
10843,2015-04-08 10:14:00,2015-04-08,0.685,0.0,0.0,669.0,0.685,0.685,0.685,10000021,2015-06-24,2015-06-24,C,2.2,2015-02-09
10844,2015-04-08 10:15:00,2015-04-08,0.685,0.0,0.0,669.0,0.685,0.685,0.685,10000021,2015-06-24,2015-06-24,C,2.2,2015-02-09
10845,2015-04-08 10:16:00,2015-04-08,0.685,0.0,0.0,669.0,0.685,0.685,0.685,10000021,2015-06-24,2015-06-24,C,2.2,2015-02-09
10846,2015-04-08 10:17:00,2015-04-08,0.685,0.0,0.0,669.0,0.685,0.685,0.685,10000021,2015-06-24,2015-06-24,C,2.2,2015-02-09
10847,2015-04-08 10:18:00,2015-04-08,0.685,0.0,0.0,669.0,0.685,0.685,0.685,10000021,2015-06-24,2015-06-24,C,2.2,2015-02-09
10848,2015-04-08 10:19:00,2015-04-08,0.685,0.0,0.0,669.0,0.685,0.685,0.685,10000021,2015-06-24,2015-06-24,C,2.2,2015-02-09
10849,2015-04-08 10:20:00,2015-04-08,0.685,0.0,0.0,669.0,0.685,0.685,0.685,10000021,2015-06-24,2015-06-24,C,2.2,2015-02-09
10850,2015-04-08 10:21:00,2015-04-08,0.685,0.0,0.0,669.0,0.685,0.685,0.685,10000021,2015-06-24,2015-06-24,C,2.2,2015-02-09
10851,2015-04-08 10:22:00,2015-04-08,0.6789,6789.0,1.0,670.0,0.6789,0.6789,0.6789,10000021,2015-06-24,2015-06-24,C,2.2,2015-02-09
10852,2015-04-08 10:23:00,2015-04-08,0.6789,0.0,0.0,670.0,0.6789,0.6789,0.6789,10000021,2015-06-24,2015-06-24,C,2.2,2015-02-09
10853,2015-04-08 10:24:00,2015-04-08,0.6789,0.0,0.0,670.0,0.6789,0.6789,0.6789,10000021,2015-06-24,2015-06-24,C,2.2,2015-02-09
10854,2015-04-08 10:25:00,2015-04-08,0.6789,0.0,0.0,670.0,0.6789,0.6789,0.6789,10000021,2015-06-24,2015-06-24,C,2.2,2015-02-09
10855,2015-04-08 10:26:00,2015-04-08,0.6789,0.0,0.0,670.0,0.6789,0.6789,0.6789,10000021,2015-06-24,2015-06-24,C,2.2,2015-02-09
10856,2015-04-08 10:27:00,2015-04-08,0.6789,0.0,0.0,670.0,0.6789,0.6789,0.6789,10000021,2015-06-24,2015-06-24,C,2.2,2015-02-09
10857,2015-04-08 10:28:00,2015-04-08,0.6789,0.0,0.0,670.0,0.6789,0.6789,0.6789,10000021,2015-06-24,2015-06-24,C,2.2,2015-02-09
10858,2015-04-08 10:29:00,2015-04-08,0.6789,0.0,0.0,670.0,0.6789,0.6789,0.6789,10000021,2015-06-24,2015-06-24,C,2.2,2015-02-09
10859,2015-04-08 10:30:00,2015-04-08,0.6789,0.0,0.0,670.0,0.6789,0.6789,0.6789,10000021,2015-06-24,2015-06-24,C,2.2,2015-02-09
10860,2015-04-08 10:31:00,2015-04-08,0.6789,0.0,0.0,670.0,0.6789,0.6789,0.6789,10000021,2015-06-24,2015-06-24,C,2.2,2015-02-09
10861,2015-04-08 10:32:00,2015-04-08,0.6789,0.0,0.0,670.0,0.6789,0.6789,0.6789,10000021,2015-06-24,2015-06-24,C,2.2,2015-02-09
10862,2015-04-08 10:33:00,2015-04-08,0.6789,0.0,0.0,670.0,0.6789,0.6789,0.6789,10000021,2015-06-24,2015-06-24,C,2.2,2015-02-09
10863,2015-04-08 10:34:00,2015-04-08,0.6789,0.0,0.0,670.0,0.6789,0.6789,0.6789,10000021,2015-06-24,2015-06-24,C,2.2,2015-02-09
10864,2015-04-08 10:35:00,2015-04-08,0.6789,0.0,0.0,670.0,0.6789,0.6789,0.6789,10000021,2015-06-24,2015-06-24,C,2.2,2015-02-09
10865,2015-04-08 10:36:00,2015-04-08,0.6789,0.0,0.0,670.0,0.6789,0.6789,0.6789,10000021,2015-06-24,2015-06-24,C,2.2,2015-02-09
10866,2015-04-08 10:37:00,2015-04-08,0.6945,6945.0,1.0,670.0,0.6945,0.6945,0.6945,10000021,2015-06-24,2015-06-24,C,2.2,2015-02-09
10867,2015-04-08 10:38:00,2015-04-08,0.6945,0.0,0.0,670.0,0.6945,0.6945,0.6945,10000021,2015-06-24,2015-06-24,C,2.2,2015-02-09
10868,2015-04-08 10:39:00,2015-04-08,0.6945,0.0,0.0,670.0,0.6945,0.6945,0.6945,10000021,2015-06-24,2015-06-24,C,2.2,2015-02-09
10869,2015-04-08 10:40:00,2015-04-08,0.6945,0.0,0.0,670.0,0.6945,0.6945,0.6945,10000021,2015-06-24,2015-06-24,C,2.2,2015-02-09
10870,2015-04-08 10:41:00,2015-04-08,0.6945,0.0,0.0,670.0,0.6945,0.6945,0.6945,10000021,2015-06-24,2015-06-24,C,2.2,2015-02-09
10871,2015-04-08 10:42:00,2015-04-08,0.6945,0.0,0.0,670.0,0.6945,0.6945,0.6945,10000021,2015-06-24,2015-06-24,C,2.2,2015-02-09
10872,2015-04-08 10:43:00,2015-04-08,0.6945,0.0,0.0,670.0,0.6945,0.6945,0.6945,10000021,2015-06-24,2015-06-24,C,2.2,2015-02-09
10873,2015-04-08 10:44:00,2015-04-08,0.6945,0.0,0.0,670.0,0.6945,0.6945,0.6945,10000021,2015-06-24,2015-06-24,C,2.2,2015-02-09
10874,2015-04-08 10:45:00,2015-04-08,0.6945,0.0,0.0,670.0,0.6945,0.6945,0.6945,10000021,2015-06-24,2015-06-24,C,2.2,2015-02-09
10875,2015-04-08 10:46:00,2015-04-08,0.6945,0.0,0.0,670.0,0.6945,0.6945,0.6945,10000021,2015-06-24,2015-06-24,C,2.2,2015-02-09
10876,2015-04-08 10:47:00,2015-04-08,0.6945,0.0,0.0,670.0,0.6945,0.6945,0.6945,10000021,2015-06-24,2015-06-24,C,2.2,2015-02-09
10877,2015-04-08 10:48:00,2015-04-08,0.6945,0.0,0.0,670.0,0.6945,0.6945,0.6945,10000021,2015-06-24,2015-06-24,C,2.2,2015-02-09
10878,2015-04-08 10:49:00,2015-04-08,0.6945,0.0,0.0,670.0,0.6945,0.6945,0.6945,10000021,2015-06-24,2015-06-24,C,2.2,2015-02-09
10879,2015-04-08 10:50:00,2015-04-08,0.6945,0.0,0.0,670.0,0.6945,0.6945,0.6945,10000021,2015-06-24,2015-06-24,C,2.2,2015-02-09
10880,2015-04-08 10:51:00,2015-04-08,0.6945,0.0,0.0,670.0,0.6945,0.6945,0.6945,10000021,2015-06-24,2015-06-24,C,2.2,2015-02-09
10881,2015-04-08 10:52:00,2015-04-08,0.6789,27156.0,4.0,674.0,0.6789,0.6789,0.6789,10000021,2015-06-24,2015-06-24,C,2.2,2015-02-09
10882,2015-04-08 10:53:00,2015-04-08,0.6789,0.0,0.0,674.0,0.6789,0.6789,0.6789,10000021,2015-06-24,2015-06-24,C,2.2,2015-02-09
10883,2015-04-08 10:54:00,2015-04-08,0.6789,0.0,0.0,674.0,0.6789,0.6789,0.6789,10000021,2015-06-24,2015-06-24,C,2.2,2015-02-09
10884,2015-04-08 10:55:00,2015-04-08,0.6789,0.0,0.0,674.0,0.6789,0.6789,0.6789,10000021,2015-06-24,2015-06-24,C,2.2,2015-02-09
10885,2015-04-08 10:56:00,2015-04-08,0.6789,0.0,0.0,674.0,0.6789,0.6789,0.6789,10000021,2015-06-24,2015-06-24,C,2.2,2015-02-09
10886,2015-04-08 10:57:00,2015-04-08,0.6789,0.0,0.0,674.0,0.6789,0.6789,0.6789,10000021,2015-06-24,2015-06-24,C,2.2,2015-02-09
10887,2015-04-08 10:58:00,2015-04-08,0.6789,0.0,0.0,674.0,0.6789,0.6789,0.6789,10000021,2015-06-24,2015-06-24,C,2.2,2015-02-09
10888,2015-04-08 10:59:00,2015-04-08,0.6789,0.0,0.0,674.0,0.6789,0.6789,0.6789,10000021,2015-06-24,2015-06-24,C,2.2,2015-02-09
10889,2015-04-08 11:00:00,2015-04-08,0.6703,6703.0,1.0,674.0,0.6703,0.6703,0.6703,10000021,2015-06-24,2015-06-24,C,2.2,2015-02-09
10890,2015-04-08 11:01:00,2015-04-08,0.6703,0.0,0.0,674.0,0.6703,0.6703,0.6703,10000021,2015-06-24,2015-06-24,C,2.2,2015-02-09
10891,2015-04-08 11:02:00,2015-04-08,0.6703,0.0,0.0,674.0,0.6703,0.6703,0.6703,10000021,2015-06-24,2015-06-24,C,2.2,2015-02-09
10892,2015-04-08 11:03:00,2015-04-08,0.6703,0.0,0.0,674.0,0.6703,0.6703,0.6703,10000021,2015-06-24,2015-06-24,C,2.2,2015-02-09
10893,2015-04-08 11:04:00,2015-04-08,0.6703,0.0,0.0,674.0,0.6703,0.6703,0.6703,10000021,2015-06-24,2015-06-24,C,2.2,2015-02-09
10894,2015-04-08 11:05:00,2015-04-08,0.6703,0.0,0.0,674.0,0.6703,0.6703,0.6703,10000021,2015-06-24,2015-06-24,C,2.2,2015-02-09
10895,2015-04-08 11:06:00,2015-04-08,0.6703,0.0,0.0,674.0,0.6703,0.6703,0.6703,10000021,2015-06-24,2015-06-24,C,2.2,2015-02-09
10896,2015-04-08 11:07:00,2015-04-08,0.6703,0.0,0.0,674.0,0.6703,0.6703,0.6703,10000021,2015-06-24,2015-06-24,C,2.2,2015-02-09
10897,2015-04-08 11:08:00,2015-04-08,0.6703,0.0,0.0,674.0,0.6703,0.6703,0.6703,10000021,2015-06-24,2015-06-24,C,2.2,2015-02-09
10898,2015-04-08 11:09:00,2015-04-08,0.6703,0.0,0.0,674.0,0.6703,0.6703,0.6703,10000021,2015-06-24,2015-06-24,C,2.2,2015-02-09
10899,2015-04-08 11:10:00,2015-04-08,0.6703,0.0,0.0,674.0,0.6703,0.6703,0.6703,10000021,2015-06-24,2015-06-24,C,2.2,2015-02-09
10900,2015-04-08 11:11:00,2015-04-08,0.6703,0.0,0.0,674.0,0.6703,0.6703,0.6703,10000021,2015-06-24,2015-06-24,C,2.2,2015-02-09
10901,2015-04-08 11:12:00,2015-04-08,0.6703,0.0,0.0,674.0,0.6703,0.6703,0.6703,10000021,2015-06-24,2015-06-24,C,2.2,2015-02-09
10902,2015-04-08 11:13:00,2015-04-08,0.6703,0.0,0.0,674.0,0.6703,0.6703,0.6703,10000021,2015-06-24,2015-06-24,C,2.2,2015-02-09
10903,2015-04-08 11:14:00,2015-04-08,0.6703,0.0,0.0,674.0,0.6703,0.6703,0.6703,10000021,2015-06-24,2015-06-24,C,2.2,2015-02-09
10904,2015-04-08 11:15:00,2015-04-08,0.6703,0.0,0.0,674.0,0.6703,0.6703,0.6703,10000021,2015-06-24,2015-06-24,C,2.2,2015-02-09
10905,2015-04-08 11:16:00,2015-04-08,0.6703,0.0,0.0,674.0,0.6703,0.6703,0.6703,10000021,2015-06-24,2015-06-24,C,2.2,2015-02-09
10906,2015-04-08 11:17:00,2015-04-08,0.6703,0.0,0.0,674.0,0.6703,0.6703,0.6703,10000021,2015-06-24,2015-06-24,C,2.2,2015-02-09
10907,2015-04-08 11:18:00,2015-04-08,0.6703,0.0,0.0,674.0,0.6703,0.6703,0.6703,10000021,2015-06-24,2015-06-24,C,2.2,2015-02-09
10908,2015-04-08 11:19:00,2015-04-08,0.6703,0.0,0.0,674.0,0.6703,0.6703,0.6703,10000021,2015-06-24,2015-06-24,C,2.2,2015-02-09
10909,2015-04-08 11:20:00,2015-04-08,0.6703,0.0,0.0,674.0,0.6703,0.6703,0.6703,10000021,2015-06-24,2015-06-24,C,2.2,2015-02-09
10910,2015-04-08 11:21:00,2015-04-08,0.6703,0.0,0.0,674.0,0.6703,0.6703,0.6703,10000021,2015-06-24,2015-06-24,C,2.2,2015-02-09
10911,2015-04-08 11:22:00,2015-04-08,0.6703,0.0,0.0,674.0,0.6703,0.6703,0.6703,10000021,2015-06-24,2015-06-24,C,2.2,2015-02-09
10912,2015-04-08 11:23:00,2015-04-08,0.6703,0.0,0.0,674.0,0.6703,0.6703,0.6703,10000021,2015-06-24,2015-06-24,C,2.2,2015-02-09
10913,2015-04-08 11:24:00,2015-04-08,0.6703,0.0,0.0,674.0,0.6703,0.6703,0.6703,10000021,2015-06-24,2015-06-24,C,2.2,2015-02-09
10914,2015-04-08 11:25:00,2015-04-08,0.6703,0.0,0.0,674.0,0.6703,0.6703,0.6703,10000021,2015-06-24,2015-06-24,C,2.2,2015-02-09
10915,2015-04-08 11:26:00,2015-04-08,0.6703,0.0,0.0,674.0,0.6703,0.6703,0.6703,10000021,2015-06-24,2015-06-24,C,2.2,2015-02-09
10916,2015-04-08 11:27:00,2015-04-08,0.6703,0.0,0.0,674.0,0.6703,0.6703,0.6703,10000021,2015-06-24,2015-06-24,C,2.2,2015-02-09
10917,2015-04-08 11:28:00,2015-04-08,0.6703,0.0,0.0,674.0,0.6703,0.6703,0.6703,10000021,2015-06-24,2015-06-24,C,2.2,2015-02-09
10918,2015-04-08 11:29:00,2015-04-08,0.6703,0.0,0.0,674.0,0.6703,0.6703,0.6703,10000021,2015-06-24,2015-06-24,C,2.2,2015-02-09
10919,2015-04-08 11:30:00,2015-04-08,0.6703,0.0,0.0,674.0,0.6703,0.6703,0.6703,10000021,2015-06-24,2015-06-24,C,2.2,2015-02-09
10920,2015-04-08 13:01:00,2015-04-08,0.6703,0.0,0.0,674.0,0.6703,0.6703,0.6703,10000021,2015-06-24,2015-06-24,C,2.2,2015-02-09
10921,2015-04-08 13:02:00,2015-04-08,0.6703,0.0,0.0,674.0,0.6703,0.6703,0.6703,10000021,2015-06-24,2015-06-24,C,2.2,2015-02-09
10922,2015-04-08 13:03:00,2015-04-08,0.6703,0.0,0.0,674.0,0.6703,0.6703,0.6703,10000021,2015-06-24,2015-06-24,C,2.2,2015-02-09
10923,2015-04-08 13:04:00,2015-04-08,0.6703,0.0,0.0,674.0,0.6703,0.6703,0.6703,10000021,2015-06-24,2015-06-24,C,2.2,2015-02-09
10924,2015-04-08 13:05:00,2015-04-08,0.6703,0.0,0.0,674.0,0.6703,0.6703,0.6703,10000021,2015-06-24,2015-06-24,C,2.2,2015-02-09
10925,2015-04-08 13:06:00,2015-04-08,0.6703,0.0,0.0,674.0,0.6703,0.6703,0.6703,10000021,2015-06-24,2015-06-24,C,2.2,2015-02-09
10926,2015-04-08 13:07:00,2015-04-08,0.6703,0.0,0.0,674.0,0.6703,0.6703,0.6703,10000021,2015-06-24,2015-06-24,C,2.2,2015-02-09
10927,2015-04-08 13:08:00,2015-04-08,0.6703,0.0,0.0,674.0,0.6703,0.6703,0.6703,10000021,2015-06-24,2015-06-24,C,2.2,2015-02-09
10928,2015-04-08 13:09:00,2015-04-08,0.6703,0.0,0.0,674.0,0.6703,0.6703,0.6703,10000021,2015-06-24,2015-06-24,C,2.2,2015-02-09
10929,2015-04-08 13:10:00,2015-04-08,0.6703,0.0,0.0,674.0,0.6703,0.6703,0.6703,10000021,2015-06-24,2015-06-24,C,2.2,2015-02-09
10930,2015-04-08 13:11:00,2015-04-08,0.6703,0.0,0.0,674.0,0.6703,0.6703,0.6703,10000021,2015-06-24,2015-06-24,C,2.2,2015-02-09
10931,2015-04-08 13:12:00,2015-04-08,0.6703,0.0,0.0,674.0,0.6703,0.6703,0.6703,10000021,2015-06-24,2015-06-24,C,2.2,2015-02-09
10932,2015-04-08 13:13:00,2015-04-08,0.7099,14198.0,2.0,676.0,0.7099,0.7099,0.7099,10000021,2015-06-24,2015-06-24,C,2.2,2015-02-09
10933,2015-04-08 13:14:00,2015-04-08,0.7099,0.0,0.0,676.0,0.7099,0.7099,0.7099,10000021,2015-06-24,2015-06-24,C,2.2,2015-02-09
10934,2015-04-08 13:15:00,2015-04-08,0.7099,0.0,0.0,676.0,0.7099,0.7099,0.7099,10000021,2015-06-24,2015-06-24,C,2.2,2015-02-09
10935,2015-04-08 13:16:00,2015-04-08,0.7099,0.0,0.0,676.0,0.7099,0.7099,0.7099,10000021,2015-06-24,2015-06-24,C,2.2,2015-02-09
10936,2015-04-08 13:17:00,2015-04-08,0.7099,0.0,0.0,676.0,0.7099,0.7099,0.7099,10000021,2015-06-24,2015-06-24,C,2.2,2015-02-09
10937,2015-04-08 13:18:00,2015-04-08,0.7099,0.0,0.0,676.0,0.7099,0.7099,0.7099,10000021,2015-06-24,2015-06-24,C,2.2,2015-02-09
10938,2015-04-08 13:19:00,2015-04-08,0.7099,0.0,0.0,676.0,0.7099,0.7099,0.7099,10000021,2015-06-24,2015-06-24,C,2.2,2015-02-09
10939,2015-04-08 13:20:00,2015-04-08,0.7099,0.0,0.0,676.0,0.7099,0.7099,0.7099,10000021,2015-06-24,2015-06-24,C,2.2,2015-02-09
10940,2015-04-08 13:21:00,2015-04-08,0.7099,0.0,0.0,676.0,0.7099,0.7099,0.7099,10000021,2015-06-24,2015-06-24,C,2.2,2015-02-09
10941,2015-04-08 13:22:00,2015-04-08,0.7099,0.0,0.0,676.0,0.7099,0.7099,0.7099,10000021,2015-06-24,2015-06-24,C,2.2,2015-02-09
10942,2015-04-08 13:23:00,2015-04-08,0.7099,0.0,0.0,676.0,0.7099,0.7099,0.7099,10000021,2015-06-24,2015-06-24,C,2.2,2015-02-09
10943,2015-04-08 13:24:00,2015-04-08,0.7099,0.0,0.0,676.0,0.7099,0.7099,0.7099,10000021,2015-06-24,2015-06-24,C,2.2,2015-02-09
10944,2015-04-08 13:25:00,2015-04-08,0.7099,0.0,0.0,676.0,0.7099,0.7099,0.7099,10000021,2015-06-24,2015-06-24,C,2.2,2015-02-09
10945,2015-04-08 13:26:00,2015-04-08,0.7099,0.0,0.0,676.0,0.7099,0.7099,0.7099,10000021,2015-06-24,2015-06-24,C,2.2,2015-02-09
10946,2015-04-08 13:27:00,2015-04-08,0.7099,0.0,0.0,676.0,0.7099,0.7099,0.7099,10000021,2015-06-24,2015-06-24,C,2.2,2015-02-09
10947,2015-04-08 13:28:00,2015-04-08,0.7099,0.0,0.0,676.0,0.7099,0.7099,0.7099,10000021,2015-06-24,2015-06-24,C,2.2,2015-02-09
10948,2015-04-08 13:29:00,2015-04-08,0.7099,0.0,0.0,676.0,0.7099,0.7099,0.7099,10000021,2015-06-24,2015-06-24,C,2.2,2015-02-09
10949,2015-04-08 13:30:00,2015-04-08,0.7099,0.0,0.0,676.0,0.7099,0.7099,0.7099,10000021,2015-06-24,2015-06-24,C,2.2,2015-02-09
10950,2015-04-08 13:31:00,2015-04-08,0.7099,0.0,0.0,676.0,0.7099,0.7099,0.7099,10000021,2015-06-24,2015-06-24,C,2.2,2015-02-09
10951,2015-04-08 13:32:00,2015-04-08,0.7099,0.0,0.0,676.0,0.7099,0.7099,0.7099,10000021,2015-06-24,2015-06-24,C,2.2,2015-02-09
10952,2015-04-08 13:33:00,2015-04-08,0.7099,0.0,0.0,676.0,0.7099,0.7099,0.7099,10000021,2015-06-24,2015-06-24,C,2.2,2015-02-09
10953,2015-04-08 13:34:00,2015-04-08,0.7332,7332.0,1.0,677.0,0.7332,0.7332,0.7332,10000021,2015-06-24,2015-06-24,C,2.2,2015-02-09
10954,2015-04-08 13:35:00,2015-04-08,0.7332,0.0,0.0,677.0,0.7332,0.7332,0.7332,10000021,2015-06-24,2015-06-24,C,2.2,2015-02-09
10955,2015-04-08 13:36:00,2015-04-08,0.7332,0.0,0.0,677.0,0.7332,0.7332,0.7332,10000021,2015-06-24,2015-06-24,C,2.2,2015-02-09
10956,2015-04-08 13:37:00,2015-04-08,0.7332,0.0,0.0,677.0,0.7332,0.7332,0.7332,10000021,2015-06-24,2015-06-24,C,2.2,2015-02-09
10957,2015-04-08 13:38:00,2015-04-08,0.7332,0.0,0.0,677.0,0.7332,0.7332,0.7332,10000021,2015-06-24,2015-06-24,C,2.2,2015-02-09
10958,2015-04-08 13:39:00,2015-04-08,0.7332,0.0,0.0,677.0,0.7332,0.7332,0.7332,10000021,2015-06-24,2015-06-24,C,2.2,2015-02-09
10959,2015-04-08 13:40:00,2015-04-08,0.7332,0.0,0.0,677.0,0.7332,0.7332,0.7332,10000021,2015-06-24,2015-06-24,C,2.2,2015-02-09
10960,2015-04-08 13:41:00,2015-04-08,0.7332,36660.0,5.0,682.0,0.7332,0.7332,0.7332,10000021,2015-06-24,2015-06-24,C,2.2,2015-02-09
10961,2015-04-08 13:42:00,2015-04-08,0.7332,0.0,0.0,682.0,0.7332,0.7332,0.7332,10000021,2015-06-24,2015-06-24,C,2.2,2015-02-09
10962,2015-04-08 13:43:00,2015-04-08,0.7332,0.0,0.0,682.0,0.7332,0.7332,0.7332,10000021,2015-06-24,2015-06-24,C,2.2,2015-02-09
10963,2015-04-08 13:44:00,2015-04-08,0.7332,0.0,0.0,682.0,0.7332,0.7332,0.7332,10000021,2015-06-24,2015-06-24,C,2.2,2015-02-09
10964,2015-04-08 13:45:00,2015-04-08,0.7332,0.0,0.0,682.0,0.7332,0.7332,0.7332,10000021,2015-06-24,2015-06-24,C,2.2,2015-02-09
10965,2015-04-08 13:46:00,2015-04-08,0.7332,0.0,0.0,682.0,0.7332,0.7332,0.7332,10000021,2015-06-24,2015-06-24,C,2.2,2015-02-09
10966,2015-04-08 13:47:00,2015-04-08,0.7332,0.0,0.0,682.0,0.7332,0.7332,0.7332,10000021,2015-06-24,2015-06-24,C,2.2,2015-02-09
10967,2015-04-08 13:48:00,2015-04-08,0.7332,0.0,0.0,682.0,0.7332,0.7332,0.7332,10000021,2015-06-24,2015-06-24,C,2.2,2015-02-09
10968,2015-04-08 13:49:00,2015-04-08,0.7332,0.0,0.0,682.0,0.7332,0.7332,0.7332,10000021,2015-06-24,2015-06-24,C,2.2,2015-02-09
10969,2015-04-08 13:50:00,2015-04-08,0.7332,0.0,0.0,682.0,0.7332,0.7332,0.7332,10000021,2015-06-24,2015-06-24,C,2.2,2015-02-09
10970,2015-04-08 13:51:00,2015-04-08,0.7332,0.0,0.0,682.0,0.7332,0.7332,0.7332,10000021,2015-06-24,2015-06-24,C,2.2,2015-02-09
10971,2015-04-08 13:52:00,2015-04-08,0.7332,0.0,0.0,682.0,0.7332,0.7332,0.7332,10000021,2015-06-24,2015-06-24,C,2.2,2015-02-09
10972,2015-04-08 13:53:00,2015-04-08,0.7332,0.0,0.0,682.0,0.7332,0.7332,0.7332,10000021,2015-06-24,2015-06-24,C,2.2,2015-02-09
10973,2015-04-08 13:54:00,2015-04-08,0.7332,0.0,0.0,682.0,0.7332,0.7332,0.7332,10000021,2015-06-24,2015-06-24,C,2.2,2015-02-09
10974,2015-04-08 13:55:00,2015-04-08,0.7332,0.0,0.0,682.0,0.7332,0.7332,0.7332,10000021,2015-06-24,2015-06-24,C,2.2,2015-02-09
10975,2015-04-08 13:56:00,2015-04-08,0.7332,0.0,0.0,682.0,0.7332,0.7332,0.7332,10000021,2015-06-24,2015-06-24,C,2.2,2015-02-09
10976,2015-04-08 13:57:00,2015-04-08,0.7332,0.0,0.0,682.0,0.7332,0.7332,0.7332,10000021,2015-06-24,2015-06-24,C,2.2,2015-02-09
10977,2015-04-08 13:58:00,2015-04-08,0.7332,0.0,0.0,682.0,0.7332,0.7332,0.7332,10000021,2015-06-24,2015-06-24,C,2.2,2015-02-09
10978,2015-04-08 13:59:00,2015-04-08,0.7305,29220.0,4.0,686.0,0.7305,0.7305,0.7305,10000021,2015-06-24,2015-06-24,C,2.2,2015-02-09
10979,2015-04-08 14:00:00,2015-04-08,0.7305,0.0,0.0,686.0,0.7305,0.7305,0.7305,10000021,2015-06-24,2015-06-24,C,2.2,2015-02-09
10980,2015-04-08 14:01:00,2015-04-08,0.7305,0.0,0.0,686.0,0.7305,0.7305,0.7305,10000021,2015-06-24,2015-06-24,C,2.2,2015-02-09
10981,2015-04-08 14:02:00,2015-04-08,0.7305,0.0,0.0,686.0,0.7305,0.7305,0.7305,10000021,2015-06-24,2015-06-24,C,2.2,2015-02-09
10982,2015-04-08 14:03:00,2015-04-08,0.7305,0.0,0.0,686.0,0.7305,0.7305,0.7305,10000021,2015-06-24,2015-06-24,C,2.2,2015-02-09
10983,2015-04-08 14:04:00,2015-04-08,0.7305,0.0,0.0,686.0,0.7305,0.7305,0.7305,10000021,2015-06-24,2015-06-24,C,2.2,2015-02-09
10984,2015-04-08 14:05:00,2015-04-08,0.7305,0.0,0.0,686.0,0.7305,0.7305,0.7305,10000021,2015-06-24,2015-06-24,C,2.2,2015-02-09
10985,2015-04-08 14:06:00,2015-04-08,0.7305,0.0,0.0,686.0,0.7305,0.7305,0.7305,10000021,2015-06-24,2015-06-24,C,2.2,2015-02-09
10986,2015-04-08 14:07:00,2015-04-08,0.7305,0.0,0.0,686.0,0.7305,0.7305,0.7305,10000021,2015-06-24,2015-06-24,C,2.2,2015-02-09
10987,2015-04-08 14:08:00,2015-04-08,0.7305,0.0,0.0,686.0,0.7305,0.7305,0.7305,10000021,2015-06-24,2015-06-24,C,2.2,2015-02-09
10988,2015-04-08 14:09:00,2015-04-08,0.7305,0.0,0.0,686.0,0.7305,0.7305,0.7305,10000021,2015-06-24,2015-06-24,C,2.2,2015-02-09
10989,2015-04-08 14:10:00,2015-04-08,0.7305,0.0,0.0,686.0,0.7305,0.7305,0.7305,10000021,2015-06-24,2015-06-24,C,2.2,2015-02-09
10990,2015-04-08 14:11:00,2015-04-08,0.7305,0.0,0.0,686.0,0.7305,0.7305,0.7305,10000021,2015-06-24,2015-06-24,C,2.2,2015-02-09
10991,2015-04-08 14:12:00,2015-04-08,0.7305,0.0,0.0,686.0,0.7305,0.7305,0.7305,10000021,2015-06-24,2015-06-24,C,2.2,2015-02-09
10992,2015-04-08 14:13:00,2015-04-08,0.7305,0.0,0.0,686.0,0.7305,0.7305,0.7305,10000021,2015-06-24,2015-06-24,C,2.2,2015-02-09
10993,2015-04-08 14:14:00,2015-04-08,0.7305,0.0,0.0,686.0,0.7305,0.7305,0.7305,10000021,2015-06-24,2015-06-24,C,2.2,2015-02-09
10994,2015-04-08 14:15:00,2015-04-08,0.7305,0.0,0.0,686.0,0.7305,0.7305,0.7305,10000021,2015-06-24,2015-06-24,C,2.2,2015-02-09
10995,2015-04-08 14:16:00,2015-04-08,0.7305,0.0,0.0,686.0,0.7305,0.7305,0.7305,10000021,2015-06-24,2015-06-24,C,2.2,2015-02-09
10996,2015-04-08 14:17:00,2015-04-08,0.7305,0.0,0.0,686.0,0.7305,0.7305,0.7305,10000021,2015-06-24,2015-06-24,C,2.2,2015-02-09
10997,2015-04-08 14:18:00,2015-04-08,0.7305,0.0,0.0,686.0,0.7305,0.7305,0.7305,10000021,2015-06-24,2015-06-24,C,2.2,2015-02-09
10998,2015-04-08 14:19:00,2015-04-08,0.7305,0.0,0.0,686.0,0.7305,0.7305,0.7305,10000021,2015-06-24,2015-06-24,C,2.2,2015-02-09
10999,2015-04-08 14:20:00,2015-04-08,0.7305,0.0,0.0,686.0,0.7305,0.7305,0.7305,10000021,2015-06-24,2015-06-24,C,2.2,2015-02-09
11000,2015-04-08 14:21:00,2015-04-08,0.7305,0.0,0.0,686.0,0.7305,0.7305,0.7305,10000021,2015-06-24,2015-06-24,C,2.2,2015-02-09
11001,2015-04-08 14:22:00,2015-04-08,0.7305,0.0,0.0,686.0,0.7305,0.7305,0.7305,10000021,2015-06-24,2015-06-24,C,2.2,2015-02-09
11002,2015-04-08 14:23:00,2015-04-08,0.7305,0.0,0.0,686.0,0.7305,0.7305,0.7305,10000021,2015-06-24,2015-06-24,C,2.2,2015-02-09
11003,2015-04-08 14:24:00,2015-04-08,0.7305,0.0,0.0,686.0,0.7305,0.7305,0.7305,10000021,2015-06-24,2015-06-24,C,2.2,2015-02-09
11004,2015-04-08 14:25:00,2015-04-08,0.7305,0.0,0.0,686.0,0.7305,0.7305,0.7305,10000021,2015-06-24,2015-06-24,C,2.2,2015-02-09
11005,2015-04-08 14:26:00,2015-04-08,0.7305,0.0,0.0,686.0,0.7305,0.7305,0.7305,10000021,2015-06-24,2015-06-24,C,2.2,2015-02-09
11006,2015-04-08 14:27:00,2015-04-08,0.7305,0.0,0.0,686.0,0.7305,0.7305,0.7305,10000021,2015-06-24,2015-06-24,C,2.2,2015-02-09
11007,2015-04-08 14:28:00,2015-04-08,0.7305,0.0,0.0,686.0,0.7305,0.7305,0.7305,10000021,2015-06-24,2015-06-24,C,2.2,2015-02-09
11008,2015-04-08 14:29:00,2015-04-08,0.7305,0.0,0.0,686.0,0.7305,0.7305,0.7305,10000021,2015-06-24,2015-06-24,C,2.2,2015-02-09
11009,2015-04-08 14:30:00,2015-04-08,0.7305,0.0,0.0,686.0,0.7305,0.7305,0.7305,10000021,2015-06-24,2015-06-24,C,2.2,2015-02-09
11010,2015-04-08 14:31:00,2015-04-08,0.7305,0.0,0.0,686.0,0.7305,0.7305,0.7305,10000021,2015-06-24,2015-06-24,C,2.2,2015-02-09
11011,2015-04-08 14:32:00,2015-04-08,0.7305,0.0,0.0,686.0,0.7305,0.7305,0.7305,10000021,2015-06-24,2015-06-24,C,2.2,2015-02-09
11012,2015-04-08 14:33:00,2015-04-08,0.7305,0.0,0.0,686.0,0.7305,0.7305,0.7305,10000021,2015-06-24,2015-06-24,C,2.2,2015-02-09
11013,2015-04-08 14:34:00,2015-04-08,0.7305,0.0,0.0,686.0,0.7305,0.7305,0.7305,10000021,2015-06-24,2015-06-24,C,2.2,2015-02-09
11014,2015-04-08 14:35:00,2015-04-08,0.7305,0.0,0.0,686.0,0.7305,0.7305,0.7305,10000021,2015-06-24,2015-06-24,C,2.2,2015-02-09
11015,2015-04-08 14:36:00,2015-04-08,0.7305,0.0,0.0,686.0,0.7305,0.7305,0.7305,10000021,2015-06-24,2015-06-24,C,2.2,2015-02-09
11016,2015-04-08 14:37:00,2015-04-08,0.7305,0.0,0.0,686.0,0.7305,0.7305,0.7305,10000021,2015-06-24,2015-06-24,C,2.2,2015-02-09
11017,2015-04-08 14:38:00,2015-04-08,0.7305,0.0,0.0,686.0,0.7305,0.7305,0.7305,10000021,2015-06-24,2015-06-24,C,2.2,2015-02-09
11018,2015-04-08 14:39:00,2015-04-08,0.7305,0.0,0.0,686.0,0.7305,0.7305,0.7305,10000021,2015-06-24,2015-06-24,C,2.2,2015-02-09
11019,2015-04-08 14:40:00,2015-04-08,0.7305,0.0,0.0,686.0,0.7305,0.7305,0.7305,10000021,2015-06-24,2015-06-24,C,2.2,2015-02-09
11020,2015-04-08 14:41:00,2015-04-08,0.7305,0.0,0.0,686.0,0.7305,0.7305,0.7305,10000021,2015-06-24,2015-06-24,C,2.2,2015-02-09
11021,2015-04-08 14:42:00,2015-04-08,0.7305,0.0,0.0,686.0,0.7305,0.7305,0.7305,10000021,2015-06-24,2015-06-24,C,2.2,2015-02-09
11022,2015-04-08 14:43:00,2015-04-08,0.7305,0.0,0.0,686.0,0.7305,0.7305,0.7305,10000021,2015-06-24,2015-06-24,C,2.2,2015-02-09
11023,2015-04-08 14:44:00,2015-04-08,0.7305,0.0,0.0,686.0,0.7305,0.7305,0.7305,10000021,2015-06-24,2015-06-24,C,2.2,2015-02-09
11024,2015-04-08 14:45:00,2015-04-08,0.7305,0.0,0.0,686.0,0.7305,0.7305,0.7305,10000021,2015-06-24,2015-06-24,C,2.2,2015-02-09
11025,2015-04-08 14:46:00,2015-04-08,0.7305,0.0,0.0,686.0,0.7305,0.7305,0.7305,10000021,2015-06-24,2015-06-24,C,2.2,2015-02-09
11026,2015-04-08 14:47:00,2015-04-08,0.7305,0.0,0.0,686.0,0.7305,0.7305,0.7305,10000021,2015-06-24,2015-06-24,C,2.2,2015-02-09
11027,2015-04-08 14:48:00,2015-04-08,0.7305,0.0,0.0,686.0,0.7305,0.7305,0.7305,10000021,2015-06-24,2015-06-24,C,2.2,2015-02-09
11028,2015-04-08 14:49:00,2015-04-08,0.7305,0.0,0.0,686.0,0.7305,0.7305,0.7305,10000021,2015-06-24,2015-06-24,C,2.2,2015-02-09
11029,2015-04-08 14:50:00,2015-04-08,0.7305,0.0,0.0,686.0,0.7305,0.7305,0.7305,10000021,2015-06-24,2015-06-24,C,2.2,2015-02-09
11030,2015-04-08 14:51:00,2015-04-08,0.7305,0.0,0.0,686.0,0.7305,0.7305,0.7305,10000021,2015-06-24,2015-06-24,C,2.2,2015-02-09
11031,2015-04-08 14:52:00,2015-04-08,0.7305,0.0,0.0,686.0,0.7305,0.7305,0.7305,10000021,2015-06-24,2015-06-24,C,2.2,2015-02-09
11032,2015-04-08 14:53:00,2015-04-08,0.7305,0.0,0.0,686.0,0.7305,0.7305,0.7305,10000021,2015-06-24,2015-06-24,C,2.2,2015-02-09
11033,2015-04-08 14:54:00,2015-04-08,0.7305,0.0,0.0,686.0,0.7305,0.7305,0.7305,10000021,2015-06-24,2015-06-24,C,2.2,2015-02-09
11034,2015-04-08 14:55:00,2015-04-08,0.7305,0.0,0.0,686.0,0.7305,0.7305,0.7305,10000021,2015-06-24,2015-06-24,C,2.2,2015-02-09
11035,2015-04-08 14:56:00,2015-04-08,0.7305,0.0,0.0,686.0,0.7305,0.7305,0.7305,10000021,2015-06-24,2015-06-24,C,2.2,2015-02-09
11036,2015-04-08 14:57:00,2015-04-08,0.7305,0.0,0.0,686.0,0.7305,0.7305,0.7305,10000021,2015-06-24,2015-06-24,C,2.2,2015-02-09
11037,2015-04-08 14:58:00,2015-04-08,0.7305,0.0,0.0,686.0,0.7305,0.7305,0.7305,10000021,2015-06-24,2015-06-24,C,2.2,2015-02-09
11038,2015-04-08 14:59:00,2015-04-08,0.7305,0.0,0.0,686.0,0.7305,0.7305,0.7305,10000021,2015-06-24,2015-06-24,C,2.2,2015-02-09
11039,2015-04-08 15:00:00,2015-04-08,0.7305,0.0,0.0,686.0,0.7305,0.7305,0.7305,10000021,2015-06-24,2015-06-24,C,2.2,2015-02-09
11040,2015-04-08 09:31:00,2015-04-08,0.6559999999999999,19679.0,3.0,2213.0,0.6559,0.6559999999999999,0.6559,10000011,2015-04-22,2015-04-22,C,2.2,2015-02-09
11041,2015-04-08 09:32:00,2015-04-08,0.6559999999999999,32626.0,5.0,2211.0,0.6559999999999999,0.6502,0.6502,10000011,2015-04-22,2015-04-22,C,2.2,2015-02-09
11042,2015-04-08 09:33:00,2015-04-08,0.6501,110515.0,17.0,2221.0,0.6501,0.6501,0.65,10000011,2015-04-22,2015-04-22,C,2.2,2015-02-09
11043,2015-04-08 09:34:00,2015-04-08,0.6422,6422.0,1.0,2220.0,0.6422,0.6422,0.6422,10000011,2015-04-22,2015-04-22,C,2.2,2015-02-09
11044,2015-04-08 09:35:00,2015-04-08,0.6422,0.0,0.0,2220.0,0.6422,0.6422,0.6422,10000011,2015-04-22,2015-04-22,C,2.2,2015-02-09
11045,2015-04-08 09:36:00,2015-04-08,0.645,109332.0,17.0,2236.0,0.645,0.6417,0.6417,10000011,2015-04-22,2015-04-22,C,2.2,2015-02-09
11046,2015-04-08 09:37:00,2015-04-08,0.6411,76576.0,12.0,2248.0,0.6407,0.6354,0.6354,10000011,2015-04-22,2015-04-22,C,2.2,2015-02-09
11047,2015-04-08 09:38:00,2015-04-08,0.6354,0.0,0.0,2248.0,0.6354,0.6354,0.6354,10000011,2015-04-22,2015-04-22,C,2.2,2015-02-09
11048,2015-04-08 09:39:00,2015-04-08,0.6354,0.0,0.0,2248.0,0.6354,0.6354,0.6354,10000011,2015-04-22,2015-04-22,C,2.2,2015-02-09
11049,2015-04-08 09:40:00,2015-04-08,0.6455,12854.0,2.0,2249.0,0.6399,0.6455,0.6399,10000011,2015-04-22,2015-04-22,C,2.2,2015-02-09
11050,2015-04-08 09:41:00,2015-04-08,0.6455,0.0,0.0,2249.0,0.6455,0.6455,0.6455,10000011,2015-04-22,2015-04-22,C,2.2,2015-02-09
11051,2015-04-08 09:42:00,2015-04-08,0.6496,6496.0,1.0,2250.0,0.6496,0.6496,0.6496,10000011,2015-04-22,2015-04-22,C,2.2,2015-02-09
11052,2015-04-08 09:43:00,2015-04-08,0.6496,0.0,0.0,2250.0,0.6496,0.6496,0.6496,10000011,2015-04-22,2015-04-22,C,2.2,2015-02-09
11053,2015-04-08 09:44:00,2015-04-08,0.6496,0.0,0.0,2250.0,0.6496,0.6496,0.6496,10000011,2015-04-22,2015-04-22,C,2.2,2015-02-09
11054,2015-04-08 09:45:00,2015-04-08,0.6511,32555.0,5.0,2255.0,0.6511,0.6511,0.6511,10000011,2015-04-22,2015-04-22,C,2.2,2015-02-09
11055,2015-04-08 09:46:00,2015-04-08,0.6512,13024.0,2.0,2254.0,0.6512,0.6512,0.6512,10000011,2015-04-22,2015-04-22,C,2.2,2015-02-09
11056,2015-04-08 09:47:00,2015-04-08,0.6512,0.0,0.0,2254.0,0.6512,0.6512,0.6512,10000011,2015-04-22,2015-04-22,C,2.2,2015-02-09
11057,2015-04-08 09:48:00,2015-04-08,0.6512,0.0,0.0,2254.0,0.6512,0.6512,0.6512,10000011,2015-04-22,2015-04-22,C,2.2,2015-02-09
11058,2015-04-08 09:49:00,2015-04-08,0.6512,65120.0,10.0,2264.0,0.6512,0.6512,0.6512,10000011,2015-04-22,2015-04-22,C,2.2,2015-02-09
11059,2015-04-08 09:50:00,2015-04-08,0.6512,0.0,0.0,2264.0,0.6512,0.6512,0.6512,10000011,2015-04-22,2015-04-22,C,2.2,2015-02-09
11060,2015-04-08 09:51:00,2015-04-08,0.65,71500.0,11.0,2264.0,0.65,0.65,0.65,10000011,2015-04-22,2015-04-22,C,2.2,2015-02-09
11061,2015-04-08 09:52:00,2015-04-08,0.65,0.0,0.0,2264.0,0.65,0.65,0.65,10000011,2015-04-22,2015-04-22,C,2.2,2015-02-09
11062,2015-04-08 09:53:00,2015-04-08,0.6506,6506.0,1.0,2264.0,0.6506,0.6506,0.6506,10000011,2015-04-22,2015-04-22,C,2.2,2015-02-09
11063,2015-04-08 09:54:00,2015-04-08,0.6506,0.0,0.0,2264.0,0.6506,0.6506,0.6506,10000011,2015-04-22,2015-04-22,C,2.2,2015-02-09
11064,2015-04-08 09:55:00,2015-04-08,0.6506,0.0,0.0,2264.0,0.6506,0.6506,0.6506,10000011,2015-04-22,2015-04-22,C,2.2,2015-02-09
11065,2015-04-08 09:56:00,2015-04-08,0.6693,6693.0,1.0,2264.0,0.6693,0.6693,0.6693,10000011,2015-04-22,2015-04-22,C,2.2,2015-02-09
11066,2015-04-08 09:57:00,2015-04-08,0.6693,0.0,0.0,2264.0,0.6693,0.6693,0.6693,10000011,2015-04-22,2015-04-22,C,2.2,2015-02-09
11067,2015-04-08 09:58:00,2015-04-08,0.677,33850.0,5.0,2269.0,0.677,0.677,0.677,10000011,2015-04-22,2015-04-22,C,2.2,2015-02-09
11068,2015-04-08 09:59:00,2015-04-08,0.677,0.0,0.0,2269.0,0.677,0.677,0.677,10000011,2015-04-22,2015-04-22,C,2.2,2015-02-09
11069,2015-04-08 10:00:00,2015-04-08,0.68,13511.0,2.0,2270.0,0.68,0.6711,0.6711,10000011,2015-04-22,2015-04-22,C,2.2,2015-02-09
11070,2015-04-08 10:01:00,2015-04-08,0.6711,0.0,0.0,2270.0,0.6711,0.6711,0.6711,10000011,2015-04-22,2015-04-22,C,2.2,2015-02-09
11071,2015-04-08 10:02:00,2015-04-08,0.6711,0.0,0.0,2270.0,0.6711,0.6711,0.6711,10000011,2015-04-22,2015-04-22,C,2.2,2015-02-09
11072,2015-04-08 10:03:00,2015-04-08,0.6711,0.0,0.0,2270.0,0.6711,0.6711,0.6711,10000011,2015-04-22,2015-04-22,C,2.2,2015-02-09
11073,2015-04-08 10:04:00,2015-04-08,0.6711,0.0,0.0,2270.0,0.6711,0.6711,0.6711,10000011,2015-04-22,2015-04-22,C,2.2,2015-02-09
11074,2015-04-08 10:05:00,2015-04-08,0.6711,0.0,0.0,2270.0,0.6711,0.6711,0.6711,10000011,2015-04-22,2015-04-22,C,2.2,2015-02-09
11075,2015-04-08 10:06:00,2015-04-08,0.6711,0.0,0.0,2270.0,0.6711,0.6711,0.6711,10000011,2015-04-22,2015-04-22,C,2.2,2015-02-09
11076,2015-04-08 10:07:00,2015-04-08,0.6606,13204.0,2.0,2271.0,0.6606,0.6598,0.6598,10000011,2015-04-22,2015-04-22,C,2.2,2015-02-09
11077,2015-04-08 10:08:00,2015-04-08,0.6579999999999999,26328.0,4.0,2270.0,0.6579999999999999,0.6579999999999999,0.6579999999999999,10000011,2015-04-22,2015-04-22,C,2.2,2015-02-09
11078,2015-04-08 10:09:00,2015-04-08,0.6579999999999999,0.0,0.0,2270.0,0.6579999999999999,0.6579999999999999,0.6579999999999999,10000011,2015-04-22,2015-04-22,C,2.2,2015-02-09
11079,2015-04-08 10:10:00,2015-04-08,0.6579999999999999,0.0,0.0,2270.0,0.6579999999999999,0.6579999999999999,0.6579999999999999,10000011,2015-04-22,2015-04-22,C,2.2,2015-02-09
11080,2015-04-08 10:11:00,2015-04-08,0.6579999999999999,0.0,0.0,2270.0,0.6579999999999999,0.6579999999999999,0.6579999999999999,10000011,2015-04-22,2015-04-22,C,2.2,2015-02-09
11081,2015-04-08 10:12:00,2015-04-08,0.6571,65567.0,10.0,2278.0,0.6571,0.6547,0.6547,10000011,2015-04-22,2015-04-22,C,2.2,2015-02-09
11082,2015-04-08 10:13:00,2015-04-08,0.6547,39118.0,6.0,2281.0,0.6547,0.6505,0.6505,10000011,2015-04-22,2015-04-22,C,2.2,2015-02-09
11083,2015-04-08 10:14:00,2015-04-08,0.6501,129990.0,20.0,2291.0,0.6501,0.6498,0.6498,10000011,2015-04-22,2015-04-22,C,2.2,2015-02-09
11084,2015-04-08 10:15:00,2015-04-08,0.6458,12916.0,2.0,2291.0,0.6458,0.6458,0.6458,10000011,2015-04-22,2015-04-22,C,2.2,2015-02-09
11085,2015-04-08 10:16:00,2015-04-08,0.6458,0.0,0.0,2291.0,0.6458,0.6458,0.6458,10000011,2015-04-22,2015-04-22,C,2.2,2015-02-09
11086,2015-04-08 10:17:00,2015-04-08,0.6458,0.0,0.0,2291.0,0.6458,0.6458,0.6458,10000011,2015-04-22,2015-04-22,C,2.2,2015-02-09
11087,2015-04-08 10:18:00,2015-04-08,0.6458,12916.0,2.0,2291.0,0.6458,0.6458,0.6458,10000011,2015-04-22,2015-04-22,C,2.2,2015-02-09
11088,2015-04-08 10:19:00,2015-04-08,0.6458,0.0,0.0,2291.0,0.6458,0.6458,0.6458,10000011,2015-04-22,2015-04-22,C,2.2,2015-02-09
11089,2015-04-08 10:20:00,2015-04-08,0.6458,0.0,0.0,2291.0,0.6458,0.6458,0.6458,10000011,2015-04-22,2015-04-22,C,2.2,2015-02-09
11090,2015-04-08 10:21:00,2015-04-08,0.6458,0.0,0.0,2291.0,0.6458,0.6458,0.6458,10000011,2015-04-22,2015-04-22,C,2.2,2015-02-09
11091,2015-04-08 10:22:00,2015-04-08,0.6458,0.0,0.0,2291.0,0.6458,0.6458,0.6458,10000011,2015-04-22,2015-04-22,C,2.2,2015-02-09
11092,2015-04-08 10:23:00,2015-04-08,0.648,12960.0,2.0,2293.0,0.648,0.648,0.648,10000011,2015-04-22,2015-04-22,C,2.2,2015-02-09
11093,2015-04-08 10:24:00,2015-04-08,0.648,0.0,0.0,2293.0,0.648,0.648,0.648,10000011,2015-04-22,2015-04-22,C,2.2,2015-02-09
11094,2015-04-08 10:25:00,2015-04-08,0.648,0.0,0.0,2293.0,0.648,0.648,0.648,10000011,2015-04-22,2015-04-22,C,2.2,2015-02-09
11095,2015-04-08 10:26:00,2015-04-08,0.6481,64801.0,10.0,2303.0,0.6481,0.648,0.648,10000011,2015-04-22,2015-04-22,C,2.2,2015-02-09
11096,2015-04-08 10:27:00,2015-04-08,0.648,0.0,0.0,2303.0,0.648,0.648,0.648,10000011,2015-04-22,2015-04-22,C,2.2,2015-02-09
11097,2015-04-08 10:28:00,2015-04-08,0.648,0.0,0.0,2303.0,0.648,0.648,0.648,10000011,2015-04-22,2015-04-22,C,2.2,2015-02-09
11098,2015-04-08 10:29:00,2015-04-08,0.648,0.0,0.0,2303.0,0.648,0.648,0.648,10000011,2015-04-22,2015-04-22,C,2.2,2015-02-09
11099,2015-04-08 10:30:00,2015-04-08,0.6569,19707.0,3.0,2300.0,0.6569,0.6569,0.6569,10000011,2015-04-22,2015-04-22,C,2.2,2015-02-09
11100,2015-04-08 10:31:00,2015-04-08,0.6569,0.0,0.0,2300.0,0.6569,0.6569,0.6569,10000011,2015-04-22,2015-04-22,C,2.2,2015-02-09
11101,2015-04-08 10:32:00,2015-04-08,0.6569,13138.0,2.0,2298.0,0.6569,0.6569,0.6569,10000011,2015-04-22,2015-04-22,C,2.2,2015-02-09
11102,2015-04-08 10:33:00,2015-04-08,0.6569,0.0,0.0,2298.0,0.6569,0.6569,0.6569,10000011,2015-04-22,2015-04-22,C,2.2,2015-02-09
11103,2015-04-08 10:34:00,2015-04-08,0.6569,0.0,0.0,2298.0,0.6569,0.6569,0.6569,10000011,2015-04-22,2015-04-22,C,2.2,2015-02-09
11104,2015-04-08 10:35:00,2015-04-08,0.6569,0.0,0.0,2298.0,0.6569,0.6569,0.6569,10000011,2015-04-22,2015-04-22,C,2.2,2015-02-09
11105,2015-04-08 10:36:00,2015-04-08,0.6644,6644.0,1.0,2297.0,0.6644,0.6644,0.6644,10000011,2015-04-22,2015-04-22,C,2.2,2015-02-09
11106,2015-04-08 10:37:00,2015-04-08,0.6644,0.0,0.0,2297.0,0.6644,0.6644,0.6644,10000011,2015-04-22,2015-04-22,C,2.2,2015-02-09
11107,2015-04-08 10:38:00,2015-04-08,0.6644,0.0,0.0,2297.0,0.6644,0.6644,0.6644,10000011,2015-04-22,2015-04-22,C,2.2,2015-02-09
11108,2015-04-08 10:39:00,2015-04-08,0.6644,0.0,0.0,2297.0,0.6644,0.6644,0.6644,10000011,2015-04-22,2015-04-22,C,2.2,2015-02-09
11109,2015-04-08 10:40:00,2015-04-08,0.6644,0.0,0.0,2297.0,0.6644,0.6644,0.6644,10000011,2015-04-22,2015-04-22,C,2.2,2015-02-09
11110,2015-04-08 10:41:00,2015-04-08,0.6644,0.0,0.0,2297.0,0.6644,0.6644,0.6644,10000011,2015-04-22,2015-04-22,C,2.2,2015-02-09
11111,2015-04-08 10:42:00,2015-04-08,0.6712,13424.0,2.0,2295.0,0.6712,0.6712,0.6712,10000011,2015-04-22,2015-04-22,C,2.2,2015-02-09
11112,2015-04-08 10:43:00,2015-04-08,0.6712,0.0,0.0,2295.0,0.6712,0.6712,0.6712,10000011,2015-04-22,2015-04-22,C,2.2,2015-02-09
11113,2015-04-08 10:44:00,2015-04-08,0.6692,46844.0,7.0,2295.0,0.6692,0.6692,0.6692,10000011,2015-04-22,2015-04-22,C,2.2,2015-02-09
11114,2015-04-08 10:45:00,2015-04-08,0.6653,33265.0,5.0,2295.0,0.6653,0.6653,0.6653,10000011,2015-04-22,2015-04-22,C,2.2,2015-02-09
11115,2015-04-08 10:46:00,2015-04-08,0.6653,33265.0,5.0,2297.0,0.6653,0.6653,0.6653,10000011,2015-04-22,2015-04-22,C,2.2,2015-02-09
11116,2015-04-08 10:47:00,2015-04-08,0.665,19950.0,3.0,2294.0,0.665,0.665,0.665,10000011,2015-04-22,2015-04-22,C,2.2,2015-02-09
11117,2015-04-08 10:48:00,2015-04-08,0.665,46550.0,7.0,2294.0,0.665,0.665,0.665,10000011,2015-04-22,2015-04-22,C,2.2,2015-02-09
11118,2015-04-08 10:49:00,2015-04-08,0.66,46200.0,7.0,2294.0,0.66,0.66,0.66,10000011,2015-04-22,2015-04-22,C,2.2,2015-02-09
11119,2015-04-08 10:50:00,2015-04-08,0.6585,65849.0,10.0,2285.0,0.6585,0.6576,0.6575,10000011,2015-04-22,2015-04-22,C,2.2,2015-02-09
11120,2015-04-08 10:51:00,2015-04-08,0.6576,0.0,0.0,2285.0,0.6576,0.6576,0.6576,10000011,2015-04-22,2015-04-22,C,2.2,2015-02-09
11121,2015-04-08 10:52:00,2015-04-08,0.6551,72042.0,11.0,2291.0,0.6551,0.6532,0.6532,10000011,2015-04-22,2015-04-22,C,2.2,2015-02-09
11122,2015-04-08 10:53:00,2015-04-08,0.6526,298950.0,46.0,2295.0,0.6526,0.6474,0.6474,10000011,2015-04-22,2015-04-22,C,2.2,2015-02-09
11123,2015-04-08 10:54:00,2015-04-08,0.6459,129130.0,20.0,2295.0,0.6459,0.6454,0.6454,10000011,2015-04-22,2015-04-22,C,2.2,2015-02-09
11124,2015-04-08 10:55:00,2015-04-08,0.6454,6454.0,1.0,2295.0,0.6454,0.6454,0.6454,10000011,2015-04-22,2015-04-22,C,2.2,2015-02-09
11125,2015-04-08 10:56:00,2015-04-08,0.6474,25884.0,4.0,2295.0,0.6474,0.6474,0.6474,10000011,2015-04-22,2015-04-22,C,2.2,2015-02-09
11126,2015-04-08 10:57:00,2015-04-08,0.6415,288041.0,45.0,2295.0,0.6415,0.64,0.64,10000011,2015-04-22,2015-04-22,C,2.2,2015-02-09
11127,2015-04-08 10:58:00,2015-04-08,0.6397,44721.0,7.0,2302.0,0.6397,0.6368,0.6368,10000011,2015-04-22,2015-04-22,C,2.2,2015-02-09
11128,2015-04-08 10:59:00,2015-04-08,0.6368,0.0,0.0,2302.0,0.6368,0.6368,0.6368,10000011,2015-04-22,2015-04-22,C,2.2,2015-02-09
11129,2015-04-08 11:00:00,2015-04-08,0.6473,129130.0,20.0,2312.0,0.644,0.6473,0.644,10000011,2015-04-22,2015-04-22,C,2.2,2015-02-09
11130,2015-04-08 11:01:00,2015-04-08,0.6473,0.0,0.0,2312.0,0.6473,0.6473,0.6473,10000011,2015-04-22,2015-04-22,C,2.2,2015-02-09
11131,2015-04-08 11:02:00,2015-04-08,0.6473,0.0,0.0,2312.0,0.6473,0.6473,0.6473,10000011,2015-04-22,2015-04-22,C,2.2,2015-02-09
11132,2015-04-08 11:03:00,2015-04-08,0.6473,0.0,0.0,2312.0,0.6473,0.6473,0.6473,10000011,2015-04-22,2015-04-22,C,2.2,2015-02-09
11133,2015-04-08 11:04:00,2015-04-08,0.6473,0.0,0.0,2312.0,0.6473,0.6473,0.6473,10000011,2015-04-22,2015-04-22,C,2.2,2015-02-09
11134,2015-04-08 11:05:00,2015-04-08,0.6473,0.0,0.0,2312.0,0.6473,0.6473,0.6473,10000011,2015-04-22,2015-04-22,C,2.2,2015-02-09
11135,2015-04-08 11:06:00,2015-04-08,0.6474,194170.0,30.0,2322.0,0.6474,0.6469,0.6469,10000011,2015-04-22,2015-04-22,C,2.2,2015-02-09
11136,2015-04-08 11:07:00,2015-04-08,0.6469,0.0,0.0,2322.0,0.6469,0.6469,0.6469,10000011,2015-04-22,2015-04-22,C,2.2,2015-02-09
11137,2015-04-08 11:08:00,2015-04-08,0.6415,12830.0,2.0,2324.0,0.6415,0.6415,0.6415,10000011,2015-04-22,2015-04-22,C,2.2,2015-02-09
11138,2015-04-08 11:09:00,2015-04-08,0.6361,19083.0,3.0,2321.0,0.6361,0.6361,0.6361,10000011,2015-04-22,2015-04-22,C,2.2,2015-02-09
11139,2015-04-08 11:10:00,2015-04-08,0.636,12720.0,2.0,2321.0,0.636,0.636,0.636,10000011,2015-04-22,2015-04-22,C,2.2,2015-02-09
11140,2015-04-08 11:11:00,2015-04-08,0.636,0.0,0.0,2321.0,0.636,0.636,0.636,10000011,2015-04-22,2015-04-22,C,2.2,2015-02-09
11141,2015-04-08 11:12:00,2015-04-08,0.6461,6461.0,1.0,2321.0,0.6461,0.6461,0.6461,10000011,2015-04-22,2015-04-22,C,2.2,2015-02-09
11142,2015-04-08 11:13:00,2015-04-08,0.6461,0.0,0.0,2321.0,0.6461,0.6461,0.6461,10000011,2015-04-22,2015-04-22,C,2.2,2015-02-09
11143,2015-04-08 11:14:00,2015-04-08,0.6501,6501.0,1.0,2321.0,0.6501,0.6501,0.6501,10000011,2015-04-22,2015-04-22,C,2.2,2015-02-09
11144,2015-04-08 11:15:00,2015-04-08,0.6501,0.0,0.0,2321.0,0.6501,0.6501,0.6501,10000011,2015-04-22,2015-04-22,C,2.2,2015-02-09
11145,2015-04-08 11:16:00,2015-04-08,0.6501,0.0,0.0,2321.0,0.6501,0.6501,0.6501,10000011,2015-04-22,2015-04-22,C,2.2,2015-02-09
11146,2015-04-08 11:17:00,2015-04-08,0.6501,0.0,0.0,2321.0,0.6501,0.6501,0.6501,10000011,2015-04-22,2015-04-22,C,2.2,2015-02-09
11147,2015-04-08 11:18:00,2015-04-08,0.6501,0.0,0.0,2321.0,0.6501,0.6501,0.6501,10000011,2015-04-22,2015-04-22,C,2.2,2015-02-09
11148,2015-04-08 11:19:00,2015-04-08,0.6501,0.0,0.0,2321.0,0.6501,0.6501,0.6501,10000011,2015-04-22,2015-04-22,C,2.2,2015-02-09
11149,2015-04-08 11:20:00,2015-04-08,0.6461,32305.0,5.0,2326.0,0.6461,0.6461,0.6461,10000011,2015-04-22,2015-04-22,C,2.2,2015-02-09
11150,2015-04-08 11:21:00,2015-04-08,0.6461,0.0,0.0,2326.0,0.6461,0.6461,0.6461,10000011,2015-04-22,2015-04-22,C,2.2,2015-02-09
11151,2015-04-08 11:22:00,2015-04-08,0.6461,0.0,0.0,2326.0,0.6461,0.6461,0.6461,10000011,2015-04-22,2015-04-22,C,2.2,2015-02-09
11152,2015-04-08 11:23:00,2015-04-08,0.6461,0.0,0.0,2326.0,0.6461,0.6461,0.6461,10000011,2015-04-22,2015-04-22,C,2.2,2015-02-09
11153,2015-04-08 11:24:00,2015-04-08,0.6461,0.0,0.0,2326.0,0.6461,0.6461,0.6461,10000011,2015-04-22,2015-04-22,C,2.2,2015-02-09
11154,2015-04-08 11:25:00,2015-04-08,0.6461,0.0,0.0,2326.0,0.6461,0.6461,0.6461,10000011,2015-04-22,2015-04-22,C,2.2,2015-02-09
11155,2015-04-08 11:26:00,2015-04-08,0.6461,0.0,0.0,2326.0,0.6461,0.6461,0.6461,10000011,2015-04-22,2015-04-22,C,2.2,2015-02-09
11156,2015-04-08 11:27:00,2015-04-08,0.6583,19746.0,3.0,2324.0,0.6581,0.6583,0.6581,10000011,2015-04-22,2015-04-22,C,2.2,2015-02-09
11157,2015-04-08 11:28:00,2015-04-08,0.6583,0.0,0.0,2324.0,0.6583,0.6583,0.6583,10000011,2015-04-22,2015-04-22,C,2.2,2015-02-09
11158,2015-04-08 11:29:00,2015-04-08,0.6676,26610.0,4.0,2321.0,0.6629,0.6676,0.6629,10000011,2015-04-22,2015-04-22,C,2.2,2015-02-09
11159,2015-04-08 11:30:00,2015-04-08,0.6662,6662.0,1.0,2321.0,0.6662,0.6662,0.6662,10000011,2015-04-22,2015-04-22,C,2.2,2015-02-09
11160,2015-04-08 13:01:00,2015-04-08,0.68,121955.0,18.0,2311.0,0.6729999999999999,0.68,0.6729999999999999,10000011,2015-04-22,2015-04-22,C,2.2,2015-02-09
11161,2015-04-08 13:02:00,2015-04-08,0.68,0.0,0.0,2311.0,0.68,0.68,0.68,10000011,2015-04-22,2015-04-22,C,2.2,2015-02-09
11162,2015-04-08 13:03:00,2015-04-08,0.68,0.0,0.0,2311.0,0.68,0.68,0.68,10000011,2015-04-22,2015-04-22,C,2.2,2015-02-09
11163,2015-04-08 13:04:00,2015-04-08,0.68,0.0,0.0,2311.0,0.68,0.68,0.68,10000011,2015-04-22,2015-04-22,C,2.2,2015-02-09
11164,2015-04-08 13:05:00,2015-04-08,0.6809999999999999,142989.0,21.0,2310.0,0.6808,0.6809999999999999,0.6808,10000011,2015-04-22,2015-04-22,C,2.2,2015-02-09
11165,2015-04-08 13:06:00,2015-04-08,0.6807,6807.0,1.0,2311.0,0.6807,0.6807,0.6807,10000011,2015-04-22,2015-04-22,C,2.2,2015-02-09
11166,2015-04-08 13:07:00,2015-04-08,0.6807,0.0,0.0,2311.0,0.6807,0.6807,0.6807,10000011,2015-04-22,2015-04-22,C,2.2,2015-02-09
11167,2015-04-08 13:08:00,2015-04-08,0.6807,0.0,0.0,2311.0,0.6807,0.6807,0.6807,10000011,2015-04-22,2015-04-22,C,2.2,2015-02-09
11168,2015-04-08 13:09:00,2015-04-08,0.6807,0.0,0.0,2311.0,0.6807,0.6807,0.6807,10000011,2015-04-22,2015-04-22,C,2.2,2015-02-09
11169,2015-04-08 13:10:00,2015-04-08,0.6785,13570.0,2.0,2311.0,0.6785,0.6785,0.6785,10000011,2015-04-22,2015-04-22,C,2.2,2015-02-09
11170,2015-04-08 13:11:00,2015-04-08,0.6729,13458.0,2.0,2313.0,0.6729,0.6729,0.6729,10000011,2015-04-22,2015-04-22,C,2.2,2015-02-09
11171,2015-04-08 13:12:00,2015-04-08,0.6729,0.0,0.0,2313.0,0.6729,0.6729,0.6729,10000011,2015-04-22,2015-04-22,C,2.2,2015-02-09
11172,2015-04-08 13:13:00,2015-04-08,0.6729,0.0,0.0,2313.0,0.6729,0.6729,0.6729,10000011,2015-04-22,2015-04-22,C,2.2,2015-02-09
11173,2015-04-08 13:14:00,2015-04-08,0.6743,20228.0,3.0,2310.0,0.6743,0.6742,0.6742,10000011,2015-04-22,2015-04-22,C,2.2,2015-02-09
11174,2015-04-08 13:15:00,2015-04-08,0.6757,33785.0,5.0,2305.0,0.6757,0.6757,0.6757,10000011,2015-04-22,2015-04-22,C,2.2,2015-02-09
11175,2015-04-08 13:16:00,2015-04-08,0.6757,0.0,0.0,2305.0,0.6757,0.6757,0.6757,10000011,2015-04-22,2015-04-22,C,2.2,2015-02-09
11176,2015-04-08 13:17:00,2015-04-08,0.6757,0.0,0.0,2305.0,0.6757,0.6757,0.6757,10000011,2015-04-22,2015-04-22,C,2.2,2015-02-09
11177,2015-04-08 13:18:00,2015-04-08,0.6916,144554.0,21.0,2305.0,0.6852,0.6916,0.6852,10000011,2015-04-22,2015-04-22,C,2.2,2015-02-09
11178,2015-04-08 13:19:00,2015-04-08,0.6757,6757.0,1.0,2305.0,0.6757,0.6757,0.6757,10000011,2015-04-22,2015-04-22,C,2.2,2015-02-09
11179,2015-04-08 13:20:00,2015-04-08,0.6966,76625.0,11.0,2295.0,0.6966,0.6966,0.6966,10000011,2015-04-22,2015-04-22,C,2.2,2015-02-09
11180,2015-04-08 13:21:00,2015-04-08,0.6999,20995.0,3.0,2293.0,0.6997,0.6999,0.6997,10000011,2015-04-22,2015-04-22,C,2.2,2015-02-09
11181,2015-04-08 13:22:00,2015-04-08,0.7037,56260.0,8.0,2291.0,0.7015,0.703,0.7015,10000011,2015-04-22,2015-04-22,C,2.2,2015-02-09
11182,2015-04-08 13:23:00,2015-04-08,0.6999,6999.0,1.0,2292.0,0.6999,0.6999,0.6999,10000011,2015-04-22,2015-04-22,C,2.2,2015-02-09
11183,2015-04-08 13:24:00,2015-04-08,0.6979,6979.0,1.0,2292.0,0.6979,0.6979,0.6979,10000011,2015-04-22,2015-04-22,C,2.2,2015-02-09
11184,2015-04-08 13:25:00,2015-04-08,0.6999,13998.0,2.0,2291.0,0.6999,0.6999,0.6999,10000011,2015-04-22,2015-04-22,C,2.2,2015-02-09
11185,2015-04-08 13:26:00,2015-04-08,0.6999,0.0,0.0,2291.0,0.6999,0.6999,0.6999,10000011,2015-04-22,2015-04-22,C,2.2,2015-02-09
11186,2015-04-08 13:27:00,2015-04-08,0.7,13999.0,2.0,2290.0,0.7,0.7,0.7,10000011,2015-04-22,2015-04-22,C,2.2,2015-02-09
11187,2015-04-08 13:28:00,2015-04-08,0.6977,6977.0,1.0,2290.0,0.6977,0.6977,0.6977,10000011,2015-04-22,2015-04-22,C,2.2,2015-02-09
11188,2015-04-08 13:29:00,2015-04-08,0.6977,0.0,0.0,2290.0,0.6977,0.6977,0.6977,10000011,2015-04-22,2015-04-22,C,2.2,2015-02-09
11189,2015-04-08 13:30:00,2015-04-08,0.6977,0.0,0.0,2290.0,0.6977,0.6977,0.6977,10000011,2015-04-22,2015-04-22,C,2.2,2015-02-09
11190,2015-04-08 13:31:00,2015-04-08,0.703,7030.0,1.0,2289.0,0.703,0.703,0.703,10000011,2015-04-22,2015-04-22,C,2.2,2015-02-09
11191,2015-04-08 13:32:00,2015-04-08,0.7023,14046.0,2.0,2290.0,0.7023,0.7023,0.7023,10000011,2015-04-22,2015-04-22,C,2.2,2015-02-09
11192,2015-04-08 13:33:00,2015-04-08,0.7023,0.0,0.0,2290.0,0.7023,0.7023,0.7023,10000011,2015-04-22,2015-04-22,C,2.2,2015-02-09
11193,2015-04-08 13:34:00,2015-04-08,0.7023,0.0,0.0,2290.0,0.7023,0.7023,0.7023,10000011,2015-04-22,2015-04-22,C,2.2,2015-02-09
11194,2015-04-08 13:35:00,2015-04-08,0.7023,0.0,0.0,2290.0,0.7023,0.7023,0.7023,10000011,2015-04-22,2015-04-22,C,2.2,2015-02-09
11195,2015-04-08 13:36:00,2015-04-08,0.7028,21074.0,3.0,2288.0,0.7028,0.7023,0.7023,10000011,2015-04-22,2015-04-22,C,2.2,2015-02-09
11196,2015-04-08 13:37:00,2015-04-08,0.701,14015.0,2.0,2288.0,0.701,0.7005,0.7005,10000011,2015-04-22,2015-04-22,C,2.2,2015-02-09
11197,2015-04-08 13:38:00,2015-04-08,0.7005,0.0,0.0,2288.0,0.7005,0.7005,0.7005,10000011,2015-04-22,2015-04-22,C,2.2,2015-02-09
11198,2015-04-08 13:39:00,2015-04-08,0.7005,0.0,0.0,2288.0,0.7005,0.7005,0.7005,10000011,2015-04-22,2015-04-22,C,2.2,2015-02-09
11199,2015-04-08 13:40:00,2015-04-08,0.7005,0.0,0.0,2288.0,0.7005,0.7005,0.7005,10000011,2015-04-22,2015-04-22,C,2.2,2015-02-09
11200,2015-04-08 13:41:00,2015-04-08,0.7005,0.0,0.0,2288.0,0.7005,0.7005,0.7005,10000011,2015-04-22,2015-04-22,C,2.2,2015-02-09
11201,2015-04-08 13:42:00,2015-04-08,0.6948,20844.0,3.0,2288.0,0.6948,0.6948,0.6948,10000011,2015-04-22,2015-04-22,C,2.2,2015-02-09
11202,2015-04-08 13:43:00,2015-04-08,0.6947,110864.0,16.0,2298.0,0.6947,0.6899,0.6899,10000011,2015-04-22,2015-04-22,C,2.2,2015-02-09
11203,2015-04-08 13:44:00,2015-04-08,0.6899,0.0,0.0,2298.0,0.6899,0.6899,0.6899,10000011,2015-04-22,2015-04-22,C,2.2,2015-02-09
11204,2015-04-08 13:45:00,2015-04-08,0.6899,0.0,0.0,2298.0,0.6899,0.6899,0.6899,10000011,2015-04-22,2015-04-22,C,2.2,2015-02-09
11205,2015-04-08 13:46:00,2015-04-08,0.6992,27882.0,4.0,2299.0,0.6951,0.6992,0.6951,10000011,2015-04-22,2015-04-22,C,2.2,2015-02-09
11206,2015-04-08 13:47:00,2015-04-08,0.6999,13998.0,2.0,2299.0,0.6999,0.6999,0.6999,10000011,2015-04-22,2015-04-22,C,2.2,2015-02-09
11207,2015-04-08 13:48:00,2015-04-08,0.6999,0.0,0.0,2299.0,0.6999,0.6999,0.6999,10000011,2015-04-22,2015-04-22,C,2.2,2015-02-09
11208,2015-04-08 13:49:00,2015-04-08,0.7011,14022.0,2.0,2301.0,0.7011,0.7011,0.7011,10000011,2015-04-22,2015-04-22,C,2.2,2015-02-09
11209,2015-04-08 13:50:00,2015-04-08,0.7,90886.0,13.0,2301.0,0.6993,0.6988,0.6988,10000011,2015-04-22,2015-04-22,C,2.2,2015-02-09
11210,2015-04-08 13:51:00,2015-04-08,0.6985,20953.0,3.0,2301.0,0.6985,0.6984,0.6984,10000011,2015-04-22,2015-04-22,C,2.2,2015-02-09
11211,2015-04-08 13:52:00,2015-04-08,0.6984,0.0,0.0,2301.0,0.6984,0.6984,0.6984,10000011,2015-04-22,2015-04-22,C,2.2,2015-02-09
11212,2015-04-08 13:53:00,2015-04-08,0.6984,0.0,0.0,2301.0,0.6984,0.6984,0.6984,10000011,2015-04-22,2015-04-22,C,2.2,2015-02-09
11213,2015-04-08 13:54:00,2015-04-08,0.6984,0.0,0.0,2301.0,0.6984,0.6984,0.6984,10000011,2015-04-22,2015-04-22,C,2.2,2015-02-09
11214,2015-04-08 13:55:00,2015-04-08,0.6984,0.0,0.0,2301.0,0.6984,0.6984,0.6984,10000011,2015-04-22,2015-04-22,C,2.2,2015-02-09
11215,2015-04-08 13:56:00,2015-04-08,0.7004,182024.0,26.0,2301.0,0.7,0.7004,0.7,10000011,2015-04-22,2015-04-22,C,2.2,2015-02-09
11216,2015-04-08 13:57:00,2015-04-08,0.7004,0.0,0.0,2301.0,0.7004,0.7004,0.7004,10000011,2015-04-22,2015-04-22,C,2.2,2015-02-09
11217,2015-04-08 13:58:00,2015-04-08,0.7004,0.0,0.0,2301.0,0.7004,0.7004,0.7004,10000011,2015-04-22,2015-04-22,C,2.2,2015-02-09
11218,2015-04-08 13:59:00,2015-04-08,0.7004,0.0,0.0,2301.0,0.7004,0.7004,0.7004,10000011,2015-04-22,2015-04-22,C,2.2,2015-02-09
11219,2015-04-08 14:00:00,2015-04-08,0.7004,0.0,0.0,2301.0,0.7004,0.7004,0.7004,10000011,2015-04-22,2015-04-22,C,2.2,2015-02-09
11220,2015-04-08 14:01:00,2015-04-08,0.7004,0.0,0.0,2301.0,0.7004,0.7004,0.7004,10000011,2015-04-22,2015-04-22,C,2.2,2015-02-09
11221,2015-04-08 14:02:00,2015-04-08,0.7004,0.0,0.0,2301.0,0.7004,0.7004,0.7004,10000011,2015-04-22,2015-04-22,C,2.2,2015-02-09
11222,2015-04-08 14:03:00,2015-04-08,0.701,14020.0,2.0,2299.0,0.701,0.701,0.701,10000011,2015-04-22,2015-04-22,C,2.2,2015-02-09
11223,2015-04-08 14:04:00,2015-04-08,0.6994,48958.0,7.0,2299.0,0.6994,0.6994,0.6994,10000011,2015-04-22,2015-04-22,C,2.2,2015-02-09
11224,2015-04-08 14:05:00,2015-04-08,0.6967,55676.0,8.0,2300.0,0.6967,0.6937,0.6937,10000011,2015-04-22,2015-04-22,C,2.2,2015-02-09
11225,2015-04-08 14:06:00,2015-04-08,0.6937,0.0,0.0,2300.0,0.6937,0.6937,0.6937,10000011,2015-04-22,2015-04-22,C,2.2,2015-02-09
11226,2015-04-08 14:07:00,2015-04-08,0.6937,0.0,0.0,2300.0,0.6937,0.6937,0.6937,10000011,2015-04-22,2015-04-22,C,2.2,2015-02-09
11227,2015-04-08 14:08:00,2015-04-08,0.6937,0.0,0.0,2300.0,0.6937,0.6937,0.6937,10000011,2015-04-22,2015-04-22,C,2.2,2015-02-09
11228,2015-04-08 14:09:00,2015-04-08,0.6937,0.0,0.0,2300.0,0.6937,0.6937,0.6937,10000011,2015-04-22,2015-04-22,C,2.2,2015-02-09
11229,2015-04-08 14:10:00,2015-04-08,0.7055,14110.0,2.0,2302.0,0.7055,0.7055,0.7055,10000011,2015-04-22,2015-04-22,C,2.2,2015-02-09
11230,2015-04-08 14:11:00,2015-04-08,0.7055,0.0,0.0,2302.0,0.7055,0.7055,0.7055,10000011,2015-04-22,2015-04-22,C,2.2,2015-02-09
11231,2015-04-08 14:12:00,2015-04-08,0.6940000000000001,6940.0,1.0,2302.0,0.6940000000000001,0.6940000000000001,0.6940000000000001,10000011,2015-04-22,2015-04-22,C,2.2,2015-02-09
11232,2015-04-08 14:13:00,2015-04-08,0.6939,34695.0,5.0,2297.0,0.6939,0.6939,0.6939,10000011,2015-04-22,2015-04-22,C,2.2,2015-02-09
11233,2015-04-08 14:14:00,2015-04-08,0.6939,0.0,0.0,2297.0,0.6939,0.6939,0.6939,10000011,2015-04-22,2015-04-22,C,2.2,2015-02-09
11234,2015-04-08 14:15:00,2015-04-08,0.7,21000.0,3.0,2297.0,0.7,0.7,0.7,10000011,2015-04-22,2015-04-22,C,2.2,2015-02-09
11235,2015-04-08 14:16:00,2015-04-08,0.7026,70260.0,10.0,2307.0,0.7026,0.7026,0.7026,10000011,2015-04-22,2015-04-22,C,2.2,2015-02-09
11236,2015-04-08 14:17:00,2015-04-08,0.7026,77138.0,11.0,2316.0,0.7026,0.6959,0.6959,10000011,2015-04-22,2015-04-22,C,2.2,2015-02-09
11237,2015-04-08 14:18:00,2015-04-08,0.6954,48678.0,7.0,2316.0,0.6954,0.6954,0.6954,10000011,2015-04-22,2015-04-22,C,2.2,2015-02-09
11238,2015-04-08 14:19:00,2015-04-08,0.6935,89970.0,13.0,2322.0,0.6935,0.685,0.685,10000011,2015-04-22,2015-04-22,C,2.2,2015-02-09
11239,2015-04-08 14:20:00,2015-04-08,0.6781,68370.0,10.0,2314.0,0.6781,0.6781,0.6781,10000011,2015-04-22,2015-04-22,C,2.2,2015-02-09
11240,2015-04-08 14:21:00,2015-04-08,0.6815,54520.0,8.0,2306.0,0.6815,0.6815,0.6815,10000011,2015-04-22,2015-04-22,C,2.2,2015-02-09
11241,2015-04-08 14:22:00,2015-04-08,0.6815,13630.0,2.0,2305.0,0.6815,0.6815,0.6815,10000011,2015-04-22,2015-04-22,C,2.2,2015-02-09
11242,2015-04-08 14:23:00,2015-04-08,0.6815,0.0,0.0,2305.0,0.6815,0.6815,0.6815,10000011,2015-04-22,2015-04-22,C,2.2,2015-02-09
11243,2015-04-08 14:24:00,2015-04-08,0.6815,0.0,0.0,2305.0,0.6815,0.6815,0.6815,10000011,2015-04-22,2015-04-22,C,2.2,2015-02-09
11244,2015-04-08 14:25:00,2015-04-08,0.6815,0.0,0.0,2305.0,0.6815,0.6815,0.6815,10000011,2015-04-22,2015-04-22,C,2.2,2015-02-09
11245,2015-04-08 14:26:00,2015-04-08,0.6759,6759.0,1.0,2306.0,0.6759,0.6759,0.6759,10000011,2015-04-22,2015-04-22,C,2.2,2015-02-09
11246,2015-04-08 14:27:00,2015-04-08,0.6828,143043.0,21.0,2327.0,0.6828,0.6727,0.6727,10000011,2015-04-22,2015-04-22,C,2.2,2015-02-09
11247,2015-04-08 14:28:00,2015-04-08,0.6727,0.0,0.0,2327.0,0.6727,0.6727,0.6727,10000011,2015-04-22,2015-04-22,C,2.2,2015-02-09
11248,2015-04-08 14:29:00,2015-04-08,0.6816,68160.0,10.0,2336.0,0.6816,0.6816,0.6816,10000011,2015-04-22,2015-04-22,C,2.2,2015-02-09
11249,2015-04-08 14:30:00,2015-04-08,0.6816,0.0,0.0,2336.0,0.6816,0.6816,0.6816,10000011,2015-04-22,2015-04-22,C,2.2,2015-02-09
11250,2015-04-08 14:31:00,2015-04-08,0.6816,0.0,0.0,2336.0,0.6816,0.6816,0.6816,10000011,2015-04-22,2015-04-22,C,2.2,2015-02-09
11251,2015-04-08 14:32:00,2015-04-08,0.6816,0.0,0.0,2336.0,0.6816,0.6816,0.6816,10000011,2015-04-22,2015-04-22,C,2.2,2015-02-09
11252,2015-04-08 14:33:00,2015-04-08,0.6859999999999999,6860.0,1.0,2336.0,0.6859999999999999,0.6859999999999999,0.6859999999999999,10000011,2015-04-22,2015-04-22,C,2.2,2015-02-09
11253,2015-04-08 14:34:00,2015-04-08,0.6859999999999999,0.0,0.0,2336.0,0.6859999999999999,0.6859999999999999,0.6859999999999999,10000011,2015-04-22,2015-04-22,C,2.2,2015-02-09
11254,2015-04-08 14:35:00,2015-04-08,0.6859999999999999,0.0,0.0,2336.0,0.6859999999999999,0.6859999999999999,0.6859999999999999,10000011,2015-04-22,2015-04-22,C,2.2,2015-02-09
11255,2015-04-08 14:36:00,2015-04-08,0.6859999999999999,0.0,0.0,2336.0,0.6859999999999999,0.6859999999999999,0.6859999999999999,10000011,2015-04-22,2015-04-22,C,2.2,2015-02-09
11256,2015-04-08 14:37:00,2015-04-08,0.6927,13854.0,2.0,2335.0,0.6927,0.6927,0.6927,10000011,2015-04-22,2015-04-22,C,2.2,2015-02-09
11257,2015-04-08 14:38:00,2015-04-08,0.6914,41484.0,6.0,2336.0,0.6914,0.6914,0.6914,10000011,2015-04-22,2015-04-22,C,2.2,2015-02-09
11258,2015-04-08 14:39:00,2015-04-08,0.6914,0.0,0.0,2336.0,0.6914,0.6914,0.6914,10000011,2015-04-22,2015-04-22,C,2.2,2015-02-09
11259,2015-04-08 14:40:00,2015-04-08,0.6924,13848.0,2.0,2336.0,0.6924,0.6924,0.6924,10000011,2015-04-22,2015-04-22,C,2.2,2015-02-09
11260,2015-04-08 14:41:00,2015-04-08,0.6924,0.0,0.0,2336.0,0.6924,0.6924,0.6924,10000011,2015-04-22,2015-04-22,C,2.2,2015-02-09
11261,2015-04-08 14:42:00,2015-04-08,0.6924,0.0,0.0,2336.0,0.6924,0.6924,0.6924,10000011,2015-04-22,2015-04-22,C,2.2,2015-02-09
11262,2015-04-08 14:43:00,2015-04-08,0.6901,13801.0,2.0,2337.0,0.6901,0.69,0.69,10000011,2015-04-22,2015-04-22,C,2.2,2015-02-09
11263,2015-04-08 14:44:00,2015-04-08,0.69,0.0,0.0,2337.0,0.69,0.69,0.69,10000011,2015-04-22,2015-04-22,C,2.2,2015-02-09
11264,2015-04-08 14:45:00,2015-04-08,0.7,104800.0,15.0,2322.0,0.698,0.7,0.698,10000011,2015-04-22,2015-04-22,C,2.2,2015-02-09
11265,2015-04-08 14:46:00,2015-04-08,0.7040000000000001,7040.0,1.0,2321.0,0.7040000000000001,0.7040000000000001,0.7040000000000001,10000011,2015-04-22,2015-04-22,C,2.2,2015-02-09
11266,2015-04-08 14:47:00,2015-04-08,0.7040000000000001,7040.0,1.0,2320.0,0.7040000000000001,0.7040000000000001,0.7040000000000001,10000011,2015-04-22,2015-04-22,C,2.2,2015-02-09
11267,2015-04-08 14:48:00,2015-04-08,0.7040000000000001,0.0,0.0,2320.0,0.7040000000000001,0.7040000000000001,0.7040000000000001,10000011,2015-04-22,2015-04-22,C,2.2,2015-02-09
11268,2015-04-08 14:49:00,2015-04-08,0.7040000000000001,0.0,0.0,2320.0,0.7040000000000001,0.7040000000000001,0.7040000000000001,10000011,2015-04-22,2015-04-22,C,2.2,2015-02-09
11269,2015-04-08 14:50:00,2015-04-08,0.6959,6959.0,1.0,2320.0,0.6959,0.6959,0.6959,10000011,2015-04-22,2015-04-22,C,2.2,2015-02-09
11270,2015-04-08 14:51:00,2015-04-08,0.696,6960.0,1.0,2320.0,0.696,0.696,0.696,10000011,2015-04-22,2015-04-22,C,2.2,2015-02-09
11271,2015-04-08 14:52:00,2015-04-08,0.696,0.0,0.0,2320.0,0.696,0.696,0.696,10000011,2015-04-22,2015-04-22,C,2.2,2015-02-09
11272,2015-04-08 14:53:00,2015-04-08,0.696,0.0,0.0,2320.0,0.696,0.696,0.696,10000011,2015-04-22,2015-04-22,C,2.2,2015-02-09
11273,2015-04-08 14:54:00,2015-04-08,0.696,13920.0,2.0,2321.0,0.696,0.696,0.696,10000011,2015-04-22,2015-04-22,C,2.2,2015-02-09
11274,2015-04-08 14:55:00,2015-04-08,0.696,0.0,0.0,2321.0,0.696,0.696,0.696,10000011,2015-04-22,2015-04-22,C,2.2,2015-02-09
11275,2015-04-08 14:56:00,2015-04-08,0.6942,6942.0,1.0,2320.0,0.6942,0.6942,0.6942,10000011,2015-04-22,2015-04-22,C,2.2,2015-02-09
11276,2015-04-08 14:57:00,2015-04-08,0.6942,0.0,0.0,2320.0,0.6942,0.6942,0.6942,10000011,2015-04-22,2015-04-22,C,2.2,2015-02-09
11277,2015-04-08 14:58:00,2015-04-08,0.6942,0.0,0.0,2320.0,0.6942,0.6942,0.6942,10000011,2015-04-22,2015-04-22,C,2.2,2015-02-09
11278,2015-04-08 14:59:00,2015-04-08,0.6942,0.0,0.0,2320.0,0.6942,0.6942,0.6942,10000011,2015-04-22,2015-04-22,C,2.2,2015-02-09
11279,2015-04-08 15:00:00,2015-04-08,0.6942,0.0,0.0,2320.0,0.6942,0.6942,0.6942,10000011,2015-04-22,2015-04-22,C,2.2,2015-02-09
11280,2015-04-08 09:31:00,2015-04-08,0.1446,48150.0,35.0,241.0,0.1415,0.1307,0.1307,10000122,2015-05-27,2015-05-27,P,2.85,2015-03-31
11281,2015-04-08 09:32:00,2015-04-08,0.1307,0.0,0.0,241.0,0.1307,0.1307,0.1307,10000122,2015-05-27,2015-05-27,P,2.85,2015-03-31
11282,2015-04-08 09:33:00,2015-04-08,0.1307,0.0,0.0,241.0,0.1307,0.1307,0.1307,10000122,2015-05-27,2015-05-27,P,2.85,2015-03-31
11283,2015-04-08 09:34:00,2015-04-08,0.1307,0.0,0.0,241.0,0.1307,0.1307,0.1307,10000122,2015-05-27,2015-05-27,P,2.85,2015-03-31
11284,2015-04-08 09:35:00,2015-04-08,0.1307,0.0,0.0,241.0,0.1307,0.1307,0.1307,10000122,2015-05-27,2015-05-27,P,2.85,2015-03-31
11285,2015-04-08 09:36:00,2015-04-08,0.1307,0.0,0.0,241.0,0.1307,0.1307,0.1307,10000122,2015-05-27,2015-05-27,P,2.85,2015-03-31
11286,2015-04-08 09:37:00,2015-04-08,0.1307,0.0,0.0,241.0,0.1307,0.1307,0.1307,10000122,2015-05-27,2015-05-27,P,2.85,2015-03-31
11287,2015-04-08 09:38:00,2015-04-08,0.1307,0.0,0.0,241.0,0.1307,0.1307,0.1307,10000122,2015-05-27,2015-05-27,P,2.85,2015-03-31
11288,2015-04-08 09:39:00,2015-04-08,0.1307,0.0,0.0,241.0,0.1307,0.1307,0.1307,10000122,2015-05-27,2015-05-27,P,2.85,2015-03-31
11289,2015-04-08 09:40:00,2015-04-08,0.1307,0.0,0.0,241.0,0.1307,0.1307,0.1307,10000122,2015-05-27,2015-05-27,P,2.85,2015-03-31
11290,2015-04-08 09:41:00,2015-04-08,0.1307,0.0,0.0,241.0,0.1307,0.1307,0.1307,10000122,2015-05-27,2015-05-27,P,2.85,2015-03-31
11291,2015-04-08 09:42:00,2015-04-08,0.1307,0.0,0.0,241.0,0.1307,0.1307,0.1307,10000122,2015-05-27,2015-05-27,P,2.85,2015-03-31
11292,2015-04-08 09:43:00,2015-04-08,0.145,1450.0,1.0,241.0,0.145,0.145,0.145,10000122,2015-05-27,2015-05-27,P,2.85,2015-03-31
11293,2015-04-08 09:44:00,2015-04-08,0.145,5800.0,4.0,245.0,0.145,0.145,0.145,10000122,2015-05-27,2015-05-27,P,2.85,2015-03-31
11294,2015-04-08 09:45:00,2015-04-08,0.145,2900.0,2.0,245.0,0.145,0.145,0.145,10000122,2015-05-27,2015-05-27,P,2.85,2015-03-31
11295,2015-04-08 09:46:00,2015-04-08,0.1458,1458.0,1.0,246.0,0.1458,0.1458,0.1458,10000122,2015-05-27,2015-05-27,P,2.85,2015-03-31
11296,2015-04-08 09:47:00,2015-04-08,0.1458,0.0,0.0,246.0,0.1458,0.1458,0.1458,10000122,2015-05-27,2015-05-27,P,2.85,2015-03-31
11297,2015-04-08 09:48:00,2015-04-08,0.1458,0.0,0.0,246.0,0.1458,0.1458,0.1458,10000122,2015-05-27,2015-05-27,P,2.85,2015-03-31
11298,2015-04-08 09:49:00,2015-04-08,0.1458,0.0,0.0,246.0,0.1458,0.1458,0.1458,10000122,2015-05-27,2015-05-27,P,2.85,2015-03-31
11299,2015-04-08 09:50:00,2015-04-08,0.138,1380.0,1.0,246.0,0.138,0.138,0.138,10000122,2015-05-27,2015-05-27,P,2.85,2015-03-31
11300,2015-04-08 09:51:00,2015-04-08,0.138,0.0,0.0,246.0,0.138,0.138,0.138,10000122,2015-05-27,2015-05-27,P,2.85,2015-03-31
11301,2015-04-08 09:52:00,2015-04-08,0.138,0.0,0.0,246.0,0.138,0.138,0.138,10000122,2015-05-27,2015-05-27,P,2.85,2015-03-31
11302,2015-04-08 09:53:00,2015-04-08,0.138,0.0,0.0,246.0,0.138,0.138,0.138,10000122,2015-05-27,2015-05-27,P,2.85,2015-03-31
11303,2015-04-08 09:54:00,2015-04-08,0.138,0.0,0.0,246.0,0.138,0.138,0.138,10000122,2015-05-27,2015-05-27,P,2.85,2015-03-31
11304,2015-04-08 09:55:00,2015-04-08,0.138,1380.0,1.0,247.0,0.138,0.138,0.138,10000122,2015-05-27,2015-05-27,P,2.85,2015-03-31
11305,2015-04-08 09:56:00,2015-04-08,0.138,0.0,0.0,247.0,0.138,0.138,0.138,10000122,2015-05-27,2015-05-27,P,2.85,2015-03-31
11306,2015-04-08 09:57:00,2015-04-08,0.138,0.0,0.0,247.0,0.138,0.138,0.138,10000122,2015-05-27,2015-05-27,P,2.85,2015-03-31
11307,2015-04-08 09:58:00,2015-04-08,0.138,0.0,0.0,247.0,0.138,0.138,0.138,10000122,2015-05-27,2015-05-27,P,2.85,2015-03-31
11308,2015-04-08 09:59:00,2015-04-08,0.138,0.0,0.0,247.0,0.138,0.138,0.138,10000122,2015-05-27,2015-05-27,P,2.85,2015-03-31
11309,2015-04-08 10:00:00,2015-04-08,0.138,0.0,0.0,247.0,0.138,0.138,0.138,10000122,2015-05-27,2015-05-27,P,2.85,2015-03-31
11310,2015-04-08 10:01:00,2015-04-08,0.138,0.0,0.0,247.0,0.138,0.138,0.138,10000122,2015-05-27,2015-05-27,P,2.85,2015-03-31
11311,2015-04-08 10:02:00,2015-04-08,0.138,0.0,0.0,247.0,0.138,0.138,0.138,10000122,2015-05-27,2015-05-27,P,2.85,2015-03-31
11312,2015-04-08 10:03:00,2015-04-08,0.138,0.0,0.0,247.0,0.138,0.138,0.138,10000122,2015-05-27,2015-05-27,P,2.85,2015-03-31
11313,2015-04-08 10:04:00,2015-04-08,0.138,0.0,0.0,247.0,0.138,0.138,0.138,10000122,2015-05-27,2015-05-27,P,2.85,2015-03-31
11314,2015-04-08 10:05:00,2015-04-08,0.1373,13730.0,10.0,257.0,0.1373,0.1373,0.1373,10000122,2015-05-27,2015-05-27,P,2.85,2015-03-31
11315,2015-04-08 10:06:00,2015-04-08,0.1373,0.0,0.0,257.0,0.1373,0.1373,0.1373,10000122,2015-05-27,2015-05-27,P,2.85,2015-03-31
11316,2015-04-08 10:07:00,2015-04-08,0.1373,0.0,0.0,257.0,0.1373,0.1373,0.1373,10000122,2015-05-27,2015-05-27,P,2.85,2015-03-31
11317,2015-04-08 10:08:00,2015-04-08,0.1373,0.0,0.0,257.0,0.1373,0.1373,0.1373,10000122,2015-05-27,2015-05-27,P,2.85,2015-03-31
11318,2015-04-08 10:09:00,2015-04-08,0.1414,14140.0,10.0,267.0,0.1414,0.1414,0.1414,10000122,2015-05-27,2015-05-27,P,2.85,2015-03-31
11319,2015-04-08 10:10:00,2015-04-08,0.1417,8502.0,6.0,273.0,0.1417,0.1417,0.1417,10000122,2015-05-27,2015-05-27,P,2.85,2015-03-31
11320,2015-04-08 10:11:00,2015-04-08,0.1427,4281.0,3.0,276.0,0.1427,0.1427,0.1427,10000122,2015-05-27,2015-05-27,P,2.85,2015-03-31
11321,2015-04-08 10:12:00,2015-04-08,0.1427,0.0,0.0,276.0,0.1427,0.1427,0.1427,10000122,2015-05-27,2015-05-27,P,2.85,2015-03-31
11322,2015-04-08 10:13:00,2015-04-08,0.1427,0.0,0.0,276.0,0.1427,0.1427,0.1427,10000122,2015-05-27,2015-05-27,P,2.85,2015-03-31
11323,2015-04-08 10:14:00,2015-04-08,0.1479,2958.0,2.0,278.0,0.1479,0.1479,0.1479,10000122,2015-05-27,2015-05-27,P,2.85,2015-03-31
11324,2015-04-08 10:15:00,2015-04-08,0.1479,0.0,0.0,278.0,0.1479,0.1479,0.1479,10000122,2015-05-27,2015-05-27,P,2.85,2015-03-31
11325,2015-04-08 10:16:00,2015-04-08,0.1479,0.0,0.0,278.0,0.1479,0.1479,0.1479,10000122,2015-05-27,2015-05-27,P,2.85,2015-03-31
11326,2015-04-08 10:17:00,2015-04-08,0.1479,0.0,0.0,278.0,0.1479,0.1479,0.1479,10000122,2015-05-27,2015-05-27,P,2.85,2015-03-31
11327,2015-04-08 10:18:00,2015-04-08,0.1479,0.0,0.0,278.0,0.1479,0.1479,0.1479,10000122,2015-05-27,2015-05-27,P,2.85,2015-03-31
11328,2015-04-08 10:19:00,2015-04-08,0.1479,0.0,0.0,278.0,0.1479,0.1479,0.1479,10000122,2015-05-27,2015-05-27,P,2.85,2015-03-31
11329,2015-04-08 10:20:00,2015-04-08,0.1479,0.0,0.0,278.0,0.1479,0.1479,0.1479,10000122,2015-05-27,2015-05-27,P,2.85,2015-03-31
11330,2015-04-08 10:21:00,2015-04-08,0.1479,0.0,0.0,278.0,0.1479,0.1479,0.1479,10000122,2015-05-27,2015-05-27,P,2.85,2015-03-31
11331,2015-04-08 10:22:00,2015-04-08,0.1479,0.0,0.0,278.0,0.1479,0.1479,0.1479,10000122,2015-05-27,2015-05-27,P,2.85,2015-03-31
11332,2015-04-08 10:23:00,2015-04-08,0.1479,0.0,0.0,278.0,0.1479,0.1479,0.1479,10000122,2015-05-27,2015-05-27,P,2.85,2015-03-31
11333,2015-04-08 10:24:00,2015-04-08,0.1479,0.0,0.0,278.0,0.1479,0.1479,0.1479,10000122,2015-05-27,2015-05-27,P,2.85,2015-03-31
11334,2015-04-08 10:25:00,2015-04-08,0.1479,0.0,0.0,278.0,0.1479,0.1479,0.1479,10000122,2015-05-27,2015-05-27,P,2.85,2015-03-31
11335,2015-04-08 10:26:00,2015-04-08,0.1479,0.0,0.0,278.0,0.1479,0.1479,0.1479,10000122,2015-05-27,2015-05-27,P,2.85,2015-03-31
11336,2015-04-08 10:27:00,2015-04-08,0.1479,0.0,0.0,278.0,0.1479,0.1479,0.1479,10000122,2015-05-27,2015-05-27,P,2.85,2015-03-31
11337,2015-04-08 10:28:00,2015-04-08,0.1479,0.0,0.0,278.0,0.1479,0.1479,0.1479,10000122,2015-05-27,2015-05-27,P,2.85,2015-03-31
11338,2015-04-08 10:29:00,2015-04-08,0.1479,0.0,0.0,278.0,0.1479,0.1479,0.1479,10000122,2015-05-27,2015-05-27,P,2.85,2015-03-31
11339,2015-04-08 10:30:00,2015-04-08,0.1479,0.0,0.0,278.0,0.1479,0.1479,0.1479,10000122,2015-05-27,2015-05-27,P,2.85,2015-03-31
11340,2015-04-08 10:31:00,2015-04-08,0.1479,0.0,0.0,278.0,0.1479,0.1479,0.1479,10000122,2015-05-27,2015-05-27,P,2.85,2015-03-31
11341,2015-04-08 10:32:00,2015-04-08,0.1414,1414.0,1.0,278.0,0.1414,0.1414,0.1414,10000122,2015-05-27,2015-05-27,P,2.85,2015-03-31
11342,2015-04-08 10:33:00,2015-04-08,0.1398,13980.0,10.0,288.0,0.1398,0.1398,0.1398,10000122,2015-05-27,2015-05-27,P,2.85,2015-03-31
11343,2015-04-08 10:34:00,2015-04-08,0.1398,0.0,0.0,288.0,0.1398,0.1398,0.1398,10000122,2015-05-27,2015-05-27,P,2.85,2015-03-31
11344,2015-04-08 10:35:00,2015-04-08,0.1398,0.0,0.0,288.0,0.1398,0.1398,0.1398,10000122,2015-05-27,2015-05-27,P,2.85,2015-03-31
11345,2015-04-08 10:36:00,2015-04-08,0.1398,0.0,0.0,288.0,0.1398,0.1398,0.1398,10000122,2015-05-27,2015-05-27,P,2.85,2015-03-31
11346,2015-04-08 10:37:00,2015-04-08,0.1398,0.0,0.0,288.0,0.1398,0.1398,0.1398,10000122,2015-05-27,2015-05-27,P,2.85,2015-03-31
11347,2015-04-08 10:38:00,2015-04-08,0.1398,0.0,0.0,288.0,0.1398,0.1398,0.1398,10000122,2015-05-27,2015-05-27,P,2.85,2015-03-31
11348,2015-04-08 10:39:00,2015-04-08,0.1398,0.0,0.0,288.0,0.1398,0.1398,0.1398,10000122,2015-05-27,2015-05-27,P,2.85,2015-03-31
11349,2015-04-08 10:40:00,2015-04-08,0.1398,0.0,0.0,288.0,0.1398,0.1398,0.1398,10000122,2015-05-27,2015-05-27,P,2.85,2015-03-31
11350,2015-04-08 10:41:00,2015-04-08,0.1398,0.0,0.0,288.0,0.1398,0.1398,0.1398,10000122,2015-05-27,2015-05-27,P,2.85,2015-03-31
11351,2015-04-08 10:42:00,2015-04-08,0.1398,0.0,0.0,288.0,0.1398,0.1398,0.1398,10000122,2015-05-27,2015-05-27,P,2.85,2015-03-31
11352,2015-04-08 10:43:00,2015-04-08,0.1398,0.0,0.0,288.0,0.1398,0.1398,0.1398,10000122,2015-05-27,2015-05-27,P,2.85,2015-03-31
11353,2015-04-08 10:44:00,2015-04-08,0.1398,0.0,0.0,288.0,0.1398,0.1398,0.1398,10000122,2015-05-27,2015-05-27,P,2.85,2015-03-31
11354,2015-04-08 10:45:00,2015-04-08,0.1374,1374.0,1.0,288.0,0.1374,0.1374,0.1374,10000122,2015-05-27,2015-05-27,P,2.85,2015-03-31
11355,2015-04-08 10:46:00,2015-04-08,0.1374,0.0,0.0,288.0,0.1374,0.1374,0.1374,10000122,2015-05-27,2015-05-27,P,2.85,2015-03-31
11356,2015-04-08 10:47:00,2015-04-08,0.1374,0.0,0.0,288.0,0.1374,0.1374,0.1374,10000122,2015-05-27,2015-05-27,P,2.85,2015-03-31
11357,2015-04-08 10:48:00,2015-04-08,0.1374,0.0,0.0,288.0,0.1374,0.1374,0.1374,10000122,2015-05-27,2015-05-27,P,2.85,2015-03-31
11358,2015-04-08 10:49:00,2015-04-08,0.1374,0.0,0.0,288.0,0.1374,0.1374,0.1374,10000122,2015-05-27,2015-05-27,P,2.85,2015-03-31
11359,2015-04-08 10:50:00,2015-04-08,0.134,1340.0,1.0,289.0,0.134,0.134,0.134,10000122,2015-05-27,2015-05-27,P,2.85,2015-03-31
11360,2015-04-08 10:51:00,2015-04-08,0.134,0.0,0.0,289.0,0.134,0.134,0.134,10000122,2015-05-27,2015-05-27,P,2.85,2015-03-31
11361,2015-04-08 10:52:00,2015-04-08,0.134,0.0,0.0,289.0,0.134,0.134,0.134,10000122,2015-05-27,2015-05-27,P,2.85,2015-03-31
11362,2015-04-08 10:53:00,2015-04-08,0.134,0.0,0.0,289.0,0.134,0.134,0.134,10000122,2015-05-27,2015-05-27,P,2.85,2015-03-31
11363,2015-04-08 10:54:00,2015-04-08,0.134,0.0,0.0,289.0,0.134,0.134,0.134,10000122,2015-05-27,2015-05-27,P,2.85,2015-03-31
11364,2015-04-08 10:55:00,2015-04-08,0.134,0.0,0.0,289.0,0.134,0.134,0.134,10000122,2015-05-27,2015-05-27,P,2.85,2015-03-31
11365,2015-04-08 10:56:00,2015-04-08,0.134,0.0,0.0,289.0,0.134,0.134,0.134,10000122,2015-05-27,2015-05-27,P,2.85,2015-03-31
11366,2015-04-08 10:57:00,2015-04-08,0.134,0.0,0.0,289.0,0.134,0.134,0.134,10000122,2015-05-27,2015-05-27,P,2.85,2015-03-31
11367,2015-04-08 10:58:00,2015-04-08,0.134,0.0,0.0,289.0,0.134,0.134,0.134,10000122,2015-05-27,2015-05-27,P,2.85,2015-03-31
11368,2015-04-08 10:59:00,2015-04-08,0.134,0.0,0.0,289.0,0.134,0.134,0.134,10000122,2015-05-27,2015-05-27,P,2.85,2015-03-31
11369,2015-04-08 11:00:00,2015-04-08,0.134,0.0,0.0,289.0,0.134,0.134,0.134,10000122,2015-05-27,2015-05-27,P,2.85,2015-03-31
11370,2015-04-08 11:01:00,2015-04-08,0.134,0.0,0.0,289.0,0.134,0.134,0.134,10000122,2015-05-27,2015-05-27,P,2.85,2015-03-31
11371,2015-04-08 11:02:00,2015-04-08,0.134,0.0,0.0,289.0,0.134,0.134,0.134,10000122,2015-05-27,2015-05-27,P,2.85,2015-03-31
11372,2015-04-08 11:03:00,2015-04-08,0.134,0.0,0.0,289.0,0.134,0.134,0.134,10000122,2015-05-27,2015-05-27,P,2.85,2015-03-31
11373,2015-04-08 11:04:00,2015-04-08,0.134,0.0,0.0,289.0,0.134,0.134,0.134,10000122,2015-05-27,2015-05-27,P,2.85,2015-03-31
11374,2015-04-08 11:05:00,2015-04-08,0.134,0.0,0.0,289.0,0.134,0.134,0.134,10000122,2015-05-27,2015-05-27,P,2.85,2015-03-31
11375,2015-04-08 11:06:00,2015-04-08,0.134,0.0,0.0,289.0,0.134,0.134,0.134,10000122,2015-05-27,2015-05-27,P,2.85,2015-03-31
11376,2015-04-08 11:07:00,2015-04-08,0.134,0.0,0.0,289.0,0.134,0.134,0.134,10000122,2015-05-27,2015-05-27,P,2.85,2015-03-31
11377,2015-04-08 11:08:00,2015-04-08,0.134,0.0,0.0,289.0,0.134,0.134,0.134,10000122,2015-05-27,2015-05-27,P,2.85,2015-03-31
11378,2015-04-08 11:09:00,2015-04-08,0.1547,15470.0,10.0,299.0,0.1547,0.1547,0.1547,10000122,2015-05-27,2015-05-27,P,2.85,2015-03-31
11379,2015-04-08 11:10:00,2015-04-08,0.1547,0.0,0.0,299.0,0.1547,0.1547,0.1547,10000122,2015-05-27,2015-05-27,P,2.85,2015-03-31
11380,2015-04-08 11:11:00,2015-04-08,0.1547,0.0,0.0,299.0,0.1547,0.1547,0.1547,10000122,2015-05-27,2015-05-27,P,2.85,2015-03-31
11381,2015-04-08 11:12:00,2015-04-08,0.1547,0.0,0.0,299.0,0.1547,0.1547,0.1547,10000122,2015-05-27,2015-05-27,P,2.85,2015-03-31
11382,2015-04-08 11:13:00,2015-04-08,0.1547,0.0,0.0,299.0,0.1547,0.1547,0.1547,10000122,2015-05-27,2015-05-27,P,2.85,2015-03-31
11383,2015-04-08 11:14:00,2015-04-08,0.1547,0.0,0.0,299.0,0.1547,0.1547,0.1547,10000122,2015-05-27,2015-05-27,P,2.85,2015-03-31
11384,2015-04-08 11:15:00,2015-04-08,0.1547,0.0,0.0,299.0,0.1547,0.1547,0.1547,10000122,2015-05-27,2015-05-27,P,2.85,2015-03-31
11385,2015-04-08 11:16:00,2015-04-08,0.1547,0.0,0.0,299.0,0.1547,0.1547,0.1547,10000122,2015-05-27,2015-05-27,P,2.85,2015-03-31
11386,2015-04-08 11:17:00,2015-04-08,0.1547,0.0,0.0,299.0,0.1547,0.1547,0.1547,10000122,2015-05-27,2015-05-27,P,2.85,2015-03-31
11387,2015-04-08 11:18:00,2015-04-08,0.1547,0.0,0.0,299.0,0.1547,0.1547,0.1547,10000122,2015-05-27,2015-05-27,P,2.85,2015-03-31
11388,2015-04-08 11:19:00,2015-04-08,0.1547,0.0,0.0,299.0,0.1547,0.1547,0.1547,10000122,2015-05-27,2015-05-27,P,2.85,2015-03-31
11389,2015-04-08 11:20:00,2015-04-08,0.1547,0.0,0.0,299.0,0.1547,0.1547,0.1547,10000122,2015-05-27,2015-05-27,P,2.85,2015-03-31
11390,2015-04-08 11:21:00,2015-04-08,0.1547,0.0,0.0,299.0,0.1547,0.1547,0.1547,10000122,2015-05-27,2015-05-27,P,2.85,2015-03-31
11391,2015-04-08 11:22:00,2015-04-08,0.1547,0.0,0.0,299.0,0.1547,0.1547,0.1547,10000122,2015-05-27,2015-05-27,P,2.85,2015-03-31
11392,2015-04-08 11:23:00,2015-04-08,0.1547,0.0,0.0,299.0,0.1547,0.1547,0.1547,10000122,2015-05-27,2015-05-27,P,2.85,2015-03-31
11393,2015-04-08 11:24:00,2015-04-08,0.1547,0.0,0.0,299.0,0.1547,0.1547,0.1547,10000122,2015-05-27,2015-05-27,P,2.85,2015-03-31
11394,2015-04-08 11:25:00,2015-04-08,0.1547,0.0,0.0,299.0,0.1547,0.1547,0.1547,10000122,2015-05-27,2015-05-27,P,2.85,2015-03-31
11395,2015-04-08 11:26:00,2015-04-08,0.1547,0.0,0.0,299.0,0.1547,0.1547,0.1547,10000122,2015-05-27,2015-05-27,P,2.85,2015-03-31
11396,2015-04-08 11:27:00,2015-04-08,0.1547,0.0,0.0,299.0,0.1547,0.1547,0.1547,10000122,2015-05-27,2015-05-27,P,2.85,2015-03-31
11397,2015-04-08 11:28:00,2015-04-08,0.1547,0.0,0.0,299.0,0.1547,0.1547,0.1547,10000122,2015-05-27,2015-05-27,P,2.85,2015-03-31
11398,2015-04-08 11:29:00,2015-04-08,0.1547,0.0,0.0,299.0,0.1547,0.1547,0.1547,10000122,2015-05-27,2015-05-27,P,2.85,2015-03-31
11399,2015-04-08 11:30:00,2015-04-08,0.1547,0.0,0.0,299.0,0.1547,0.1547,0.1547,10000122,2015-05-27,2015-05-27,P,2.85,2015-03-31
11400,2015-04-08 13:01:00,2015-04-08,0.1547,0.0,0.0,299.0,0.1547,0.1547,0.1547,10000122,2015-05-27,2015-05-27,P,2.85,2015-03-31
11401,2015-04-08 13:02:00,2015-04-08,0.1547,0.0,0.0,299.0,0.1547,0.1547,0.1547,10000122,2015-05-27,2015-05-27,P,2.85,2015-03-31
11402,2015-04-08 13:03:00,2015-04-08,0.1547,0.0,0.0,299.0,0.1547,0.1547,0.1547,10000122,2015-05-27,2015-05-27,P,2.85,2015-03-31
11403,2015-04-08 13:04:00,2015-04-08,0.1547,0.0,0.0,299.0,0.1547,0.1547,0.1547,10000122,2015-05-27,2015-05-27,P,2.85,2015-03-31
11404,2015-04-08 13:05:00,2015-04-08,0.1303,6515.0,5.0,304.0,0.1303,0.1303,0.1303,10000122,2015-05-27,2015-05-27,P,2.85,2015-03-31
11405,2015-04-08 13:06:00,2015-04-08,0.1303,0.0,0.0,304.0,0.1303,0.1303,0.1303,10000122,2015-05-27,2015-05-27,P,2.85,2015-03-31
11406,2015-04-08 13:07:00,2015-04-08,0.1303,0.0,0.0,304.0,0.1303,0.1303,0.1303,10000122,2015-05-27,2015-05-27,P,2.85,2015-03-31
11407,2015-04-08 13:08:00,2015-04-08,0.1303,0.0,0.0,304.0,0.1303,0.1303,0.1303,10000122,2015-05-27,2015-05-27,P,2.85,2015-03-31
11408,2015-04-08 13:09:00,2015-04-08,0.1303,0.0,0.0,304.0,0.1303,0.1303,0.1303,10000122,2015-05-27,2015-05-27,P,2.85,2015-03-31
11409,2015-04-08 13:10:00,2015-04-08,0.1303,0.0,0.0,304.0,0.1303,0.1303,0.1303,10000122,2015-05-27,2015-05-27,P,2.85,2015-03-31
11410,2015-04-08 13:11:00,2015-04-08,0.1303,0.0,0.0,304.0,0.1303,0.1303,0.1303,10000122,2015-05-27,2015-05-27,P,2.85,2015-03-31
11411,2015-04-08 13:12:00,2015-04-08,0.1303,0.0,0.0,304.0,0.1303,0.1303,0.1303,10000122,2015-05-27,2015-05-27,P,2.85,2015-03-31
11412,2015-04-08 13:13:00,2015-04-08,0.1303,0.0,0.0,304.0,0.1303,0.1303,0.1303,10000122,2015-05-27,2015-05-27,P,2.85,2015-03-31
11413,2015-04-08 13:14:00,2015-04-08,0.1303,0.0,0.0,304.0,0.1303,0.1303,0.1303,10000122,2015-05-27,2015-05-27,P,2.85,2015-03-31
11414,2015-04-08 13:15:00,2015-04-08,0.1338,13380.0,10.0,314.0,0.1338,0.1338,0.1338,10000122,2015-05-27,2015-05-27,P,2.85,2015-03-31
11415,2015-04-08 13:16:00,2015-04-08,0.1338,0.0,0.0,314.0,0.1338,0.1338,0.1338,10000122,2015-05-27,2015-05-27,P,2.85,2015-03-31
11416,2015-04-08 13:17:00,2015-04-08,0.1338,0.0,0.0,314.0,0.1338,0.1338,0.1338,10000122,2015-05-27,2015-05-27,P,2.85,2015-03-31
11417,2015-04-08 13:18:00,2015-04-08,0.1313,6434.0,5.0,318.0,0.1313,0.128,0.128,10000122,2015-05-27,2015-05-27,P,2.85,2015-03-31
11418,2015-04-08 13:19:00,2015-04-08,0.1278,2548.0,2.0,320.0,0.1278,0.127,0.127,10000122,2015-05-27,2015-05-27,P,2.85,2015-03-31
11419,2015-04-08 13:20:00,2015-04-08,0.125,1250.0,1.0,321.0,0.125,0.125,0.125,10000122,2015-05-27,2015-05-27,P,2.85,2015-03-31
11420,2015-04-08 13:21:00,2015-04-08,0.1183,5915.0,5.0,326.0,0.1183,0.1183,0.1183,10000122,2015-05-27,2015-05-27,P,2.85,2015-03-31
11421,2015-04-08 13:22:00,2015-04-08,0.1183,5915.0,5.0,331.0,0.1183,0.1183,0.1183,10000122,2015-05-27,2015-05-27,P,2.85,2015-03-31
11422,2015-04-08 13:23:00,2015-04-08,0.1183,0.0,0.0,331.0,0.1183,0.1183,0.1183,10000122,2015-05-27,2015-05-27,P,2.85,2015-03-31
11423,2015-04-08 13:24:00,2015-04-08,0.1183,0.0,0.0,331.0,0.1183,0.1183,0.1183,10000122,2015-05-27,2015-05-27,P,2.85,2015-03-31
11424,2015-04-08 13:25:00,2015-04-08,0.12,1200.0,1.0,332.0,0.12,0.12,0.12,10000122,2015-05-27,2015-05-27,P,2.85,2015-03-31
11425,2015-04-08 13:26:00,2015-04-08,0.12,10800.0,9.0,332.0,0.12,0.12,0.12,10000122,2015-05-27,2015-05-27,P,2.85,2015-03-31
11426,2015-04-08 13:27:00,2015-04-08,0.12,0.0,0.0,332.0,0.12,0.12,0.12,10000122,2015-05-27,2015-05-27,P,2.85,2015-03-31
11427,2015-04-08 13:28:00,2015-04-08,0.12,0.0,0.0,332.0,0.12,0.12,0.12,10000122,2015-05-27,2015-05-27,P,2.85,2015-03-31
11428,2015-04-08 13:29:00,2015-04-08,0.12,0.0,0.0,332.0,0.12,0.12,0.12,10000122,2015-05-27,2015-05-27,P,2.85,2015-03-31
11429,2015-04-08 13:30:00,2015-04-08,0.12,0.0,0.0,332.0,0.12,0.12,0.12,10000122,2015-05-27,2015-05-27,P,2.85,2015-03-31
11430,2015-04-08 13:31:00,2015-04-08,0.12,0.0,0.0,332.0,0.12,0.12,0.12,10000122,2015-05-27,2015-05-27,P,2.85,2015-03-31
11431,2015-04-08 13:32:00,2015-04-08,0.12,0.0,0.0,332.0,0.12,0.12,0.12,10000122,2015-05-27,2015-05-27,P,2.85,2015-03-31
11432,2015-04-08 13:33:00,2015-04-08,0.12,0.0,0.0,332.0,0.12,0.12,0.12,10000122,2015-05-27,2015-05-27,P,2.85,2015-03-31
11433,2015-04-08 13:34:00,2015-04-08,0.12,0.0,0.0,332.0,0.12,0.12,0.12,10000122,2015-05-27,2015-05-27,P,2.85,2015-03-31
11434,2015-04-08 13:35:00,2015-04-08,0.1227,24490.0,20.0,347.0,0.1223,0.1227,0.1223,10000122,2015-05-27,2015-05-27,P,2.85,2015-03-31
11435,2015-04-08 13:36:00,2015-04-08,0.1227,0.0,0.0,347.0,0.1227,0.1227,0.1227,10000122,2015-05-27,2015-05-27,P,2.85,2015-03-31
11436,2015-04-08 13:37:00,2015-04-08,0.1227,0.0,0.0,347.0,0.1227,0.1227,0.1227,10000122,2015-05-27,2015-05-27,P,2.85,2015-03-31
11437,2015-04-08 13:38:00,2015-04-08,0.1227,0.0,0.0,347.0,0.1227,0.1227,0.1227,10000122,2015-05-27,2015-05-27,P,2.85,2015-03-31
11438,2015-04-08 13:39:00,2015-04-08,0.1227,0.0,0.0,347.0,0.1227,0.1227,0.1227,10000122,2015-05-27,2015-05-27,P,2.85,2015-03-31
11439,2015-04-08 13:40:00,2015-04-08,0.1227,0.0,0.0,347.0,0.1227,0.1227,0.1227,10000122,2015-05-27,2015-05-27,P,2.85,2015-03-31
11440,2015-04-08 13:41:00,2015-04-08,0.1227,0.0,0.0,347.0,0.1227,0.1227,0.1227,10000122,2015-05-27,2015-05-27,P,2.85,2015-03-31
11441,2015-04-08 13:42:00,2015-04-08,0.1227,0.0,0.0,347.0,0.1227,0.1227,0.1227,10000122,2015-05-27,2015-05-27,P,2.85,2015-03-31
11442,2015-04-08 13:43:00,2015-04-08,0.1227,0.0,0.0,347.0,0.1227,0.1227,0.1227,10000122,2015-05-27,2015-05-27,P,2.85,2015-03-31
11443,2015-04-08 13:44:00,2015-04-08,0.1227,0.0,0.0,347.0,0.1227,0.1227,0.1227,10000122,2015-05-27,2015-05-27,P,2.85,2015-03-31
11444,2015-04-08 13:45:00,2015-04-08,0.1227,0.0,0.0,347.0,0.1227,0.1227,0.1227,10000122,2015-05-27,2015-05-27,P,2.85,2015-03-31
11445,2015-04-08 13:46:00,2015-04-08,0.1227,0.0,0.0,347.0,0.1227,0.1227,0.1227,10000122,2015-05-27,2015-05-27,P,2.85,2015-03-31
11446,2015-04-08 13:47:00,2015-04-08,0.1227,0.0,0.0,347.0,0.1227,0.1227,0.1227,10000122,2015-05-27,2015-05-27,P,2.85,2015-03-31
11447,2015-04-08 13:48:00,2015-04-08,0.1227,0.0,0.0,347.0,0.1227,0.1227,0.1227,10000122,2015-05-27,2015-05-27,P,2.85,2015-03-31
11448,2015-04-08 13:49:00,2015-04-08,0.1227,0.0,0.0,347.0,0.1227,0.1227,0.1227,10000122,2015-05-27,2015-05-27,P,2.85,2015-03-31
11449,2015-04-08 13:50:00,2015-04-08,0.1227,0.0,0.0,347.0,0.1227,0.1227,0.1227,10000122,2015-05-27,2015-05-27,P,2.85,2015-03-31
11450,2015-04-08 13:51:00,2015-04-08,0.1227,0.0,0.0,347.0,0.1227,0.1227,0.1227,10000122,2015-05-27,2015-05-27,P,2.85,2015-03-31
11451,2015-04-08 13:52:00,2015-04-08,0.1227,0.0,0.0,347.0,0.1227,0.1227,0.1227,10000122,2015-05-27,2015-05-27,P,2.85,2015-03-31
11452,2015-04-08 13:53:00,2015-04-08,0.1227,0.0,0.0,347.0,0.1227,0.1227,0.1227,10000122,2015-05-27,2015-05-27,P,2.85,2015-03-31
11453,2015-04-08 13:54:00,2015-04-08,0.1227,0.0,0.0,347.0,0.1227,0.1227,0.1227,10000122,2015-05-27,2015-05-27,P,2.85,2015-03-31
11454,2015-04-08 13:55:00,2015-04-08,0.1194,11940.0,10.0,337.0,0.1194,0.1194,0.1194,10000122,2015-05-27,2015-05-27,P,2.85,2015-03-31
11455,2015-04-08 13:56:00,2015-04-08,0.1194,0.0,0.0,337.0,0.1194,0.1194,0.1194,10000122,2015-05-27,2015-05-27,P,2.85,2015-03-31
11456,2015-04-08 13:57:00,2015-04-08,0.1194,0.0,0.0,337.0,0.1194,0.1194,0.1194,10000122,2015-05-27,2015-05-27,P,2.85,2015-03-31
11457,2015-04-08 13:58:00,2015-04-08,0.1194,0.0,0.0,337.0,0.1194,0.1194,0.1194,10000122,2015-05-27,2015-05-27,P,2.85,2015-03-31
11458,2015-04-08 13:59:00,2015-04-08,0.1202,12020.0,10.0,337.0,0.1202,0.1202,0.1202,10000122,2015-05-27,2015-05-27,P,2.85,2015-03-31
11459,2015-04-08 14:00:00,2015-04-08,0.1202,0.0,0.0,337.0,0.1202,0.1202,0.1202,10000122,2015-05-27,2015-05-27,P,2.85,2015-03-31
11460,2015-04-08 14:01:00,2015-04-08,0.1202,0.0,0.0,337.0,0.1202,0.1202,0.1202,10000122,2015-05-27,2015-05-27,P,2.85,2015-03-31
11461,2015-04-08 14:02:00,2015-04-08,0.1202,0.0,0.0,337.0,0.1202,0.1202,0.1202,10000122,2015-05-27,2015-05-27,P,2.85,2015-03-31
11462,2015-04-08 14:03:00,2015-04-08,0.1202,0.0,0.0,337.0,0.1202,0.1202,0.1202,10000122,2015-05-27,2015-05-27,P,2.85,2015-03-31
11463,2015-04-08 14:04:00,2015-04-08,0.1202,0.0,0.0,337.0,0.1202,0.1202,0.1202,10000122,2015-05-27,2015-05-27,P,2.85,2015-03-31
11464,2015-04-08 14:05:00,2015-04-08,0.1202,0.0,0.0,337.0,0.1202,0.1202,0.1202,10000122,2015-05-27,2015-05-27,P,2.85,2015-03-31
11465,2015-04-08 14:06:00,2015-04-08,0.1217,12170.0,10.0,342.0,0.1217,0.1217,0.1217,10000122,2015-05-27,2015-05-27,P,2.85,2015-03-31
11466,2015-04-08 14:07:00,2015-04-08,0.1217,0.0,0.0,342.0,0.1217,0.1217,0.1217,10000122,2015-05-27,2015-05-27,P,2.85,2015-03-31
11467,2015-04-08 14:08:00,2015-04-08,0.1217,0.0,0.0,342.0,0.1217,0.1217,0.1217,10000122,2015-05-27,2015-05-27,P,2.85,2015-03-31
11468,2015-04-08 14:09:00,2015-04-08,0.1217,0.0,0.0,342.0,0.1217,0.1217,0.1217,10000122,2015-05-27,2015-05-27,P,2.85,2015-03-31
11469,2015-04-08 14:10:00,2015-04-08,0.1217,0.0,0.0,342.0,0.1217,0.1217,0.1217,10000122,2015-05-27,2015-05-27,P,2.85,2015-03-31
11470,2015-04-08 14:11:00,2015-04-08,0.1217,0.0,0.0,342.0,0.1217,0.1217,0.1217,10000122,2015-05-27,2015-05-27,P,2.85,2015-03-31
11471,2015-04-08 14:12:00,2015-04-08,0.1217,0.0,0.0,342.0,0.1217,0.1217,0.1217,10000122,2015-05-27,2015-05-27,P,2.85,2015-03-31
11472,2015-04-08 14:13:00,2015-04-08,0.1217,0.0,0.0,342.0,0.1217,0.1217,0.1217,10000122,2015-05-27,2015-05-27,P,2.85,2015-03-31
11473,2015-04-08 14:14:00,2015-04-08,0.1265,12650.0,10.0,352.0,0.1265,0.1265,0.1265,10000122,2015-05-27,2015-05-27,P,2.85,2015-03-31
11474,2015-04-08 14:15:00,2015-04-08,0.1264,6320.0,5.0,357.0,0.1264,0.1264,0.1264,10000122,2015-05-27,2015-05-27,P,2.85,2015-03-31
11475,2015-04-08 14:16:00,2015-04-08,0.1283,19150.0,15.0,362.0,0.1264,0.1283,0.1264,10000122,2015-05-27,2015-05-27,P,2.85,2015-03-31
11476,2015-04-08 14:17:00,2015-04-08,0.1293,15496.0,12.0,374.0,0.1293,0.1283,0.1283,10000122,2015-05-27,2015-05-27,P,2.85,2015-03-31
11477,2015-04-08 14:18:00,2015-04-08,0.1283,0.0,0.0,374.0,0.1283,0.1283,0.1283,10000122,2015-05-27,2015-05-27,P,2.85,2015-03-31
11478,2015-04-08 14:19:00,2015-04-08,0.1305,13050.0,10.0,384.0,0.1305,0.1305,0.1305,10000122,2015-05-27,2015-05-27,P,2.85,2015-03-31
11479,2015-04-08 14:20:00,2015-04-08,0.1305,0.0,0.0,384.0,0.1305,0.1305,0.1305,10000122,2015-05-27,2015-05-27,P,2.85,2015-03-31
11480,2015-04-08 14:21:00,2015-04-08,0.1305,0.0,0.0,384.0,0.1305,0.1305,0.1305,10000122,2015-05-27,2015-05-27,P,2.85,2015-03-31
11481,2015-04-08 14:22:00,2015-04-08,0.1305,0.0,0.0,384.0,0.1305,0.1305,0.1305,10000122,2015-05-27,2015-05-27,P,2.85,2015-03-31
11482,2015-04-08 14:23:00,2015-04-08,0.1305,0.0,0.0,384.0,0.1305,0.1305,0.1305,10000122,2015-05-27,2015-05-27,P,2.85,2015-03-31
11483,2015-04-08 14:24:00,2015-04-08,0.1305,0.0,0.0,384.0,0.1305,0.1305,0.1305,10000122,2015-05-27,2015-05-27,P,2.85,2015-03-31
11484,2015-04-08 14:25:00,2015-04-08,0.1305,0.0,0.0,384.0,0.1305,0.1305,0.1305,10000122,2015-05-27,2015-05-27,P,2.85,2015-03-31
11485,2015-04-08 14:26:00,2015-04-08,0.1305,0.0,0.0,384.0,0.1305,0.1305,0.1305,10000122,2015-05-27,2015-05-27,P,2.85,2015-03-31
11486,2015-04-08 14:27:00,2015-04-08,0.1305,0.0,0.0,384.0,0.1305,0.1305,0.1305,10000122,2015-05-27,2015-05-27,P,2.85,2015-03-31
11487,2015-04-08 14:28:00,2015-04-08,0.1313,13130.0,10.0,389.0,0.1313,0.1313,0.1313,10000122,2015-05-27,2015-05-27,P,2.85,2015-03-31
11488,2015-04-08 14:29:00,2015-04-08,0.1313,0.0,0.0,389.0,0.1313,0.1313,0.1313,10000122,2015-05-27,2015-05-27,P,2.85,2015-03-31
11489,2015-04-08 14:30:00,2015-04-08,0.1313,0.0,0.0,389.0,0.1313,0.1313,0.1313,10000122,2015-05-27,2015-05-27,P,2.85,2015-03-31
11490,2015-04-08 14:31:00,2015-04-08,0.1313,0.0,0.0,389.0,0.1313,0.1313,0.1313,10000122,2015-05-27,2015-05-27,P,2.85,2015-03-31
11491,2015-04-08 14:32:00,2015-04-08,0.1313,0.0,0.0,389.0,0.1313,0.1313,0.1313,10000122,2015-05-27,2015-05-27,P,2.85,2015-03-31
11492,2015-04-08 14:33:00,2015-04-08,0.1312,1312.0,1.0,388.0,0.1312,0.1312,0.1312,10000122,2015-05-27,2015-05-27,P,2.85,2015-03-31
11493,2015-04-08 14:34:00,2015-04-08,0.1312,0.0,0.0,388.0,0.1312,0.1312,0.1312,10000122,2015-05-27,2015-05-27,P,2.85,2015-03-31
11494,2015-04-08 14:35:00,2015-04-08,0.1312,0.0,0.0,388.0,0.1312,0.1312,0.1312,10000122,2015-05-27,2015-05-27,P,2.85,2015-03-31
11495,2015-04-08 14:36:00,2015-04-08,0.1312,0.0,0.0,388.0,0.1312,0.1312,0.1312,10000122,2015-05-27,2015-05-27,P,2.85,2015-03-31
11496,2015-04-08 14:37:00,2015-04-08,0.1284,6420.0,5.0,388.0,0.1284,0.1284,0.1284,10000122,2015-05-27,2015-05-27,P,2.85,2015-03-31
11497,2015-04-08 14:38:00,2015-04-08,0.1284,0.0,0.0,388.0,0.1284,0.1284,0.1284,10000122,2015-05-27,2015-05-27,P,2.85,2015-03-31
11498,2015-04-08 14:39:00,2015-04-08,0.1284,0.0,0.0,388.0,0.1284,0.1284,0.1284,10000122,2015-05-27,2015-05-27,P,2.85,2015-03-31
11499,2015-04-08 14:40:00,2015-04-08,0.1284,0.0,0.0,388.0,0.1284,0.1284,0.1284,10000122,2015-05-27,2015-05-27,P,2.85,2015-03-31
11500,2015-04-08 14:41:00,2015-04-08,0.1314,13135.0,10.0,393.0,0.1314,0.1314,0.1314,10000122,2015-05-27,2015-05-27,P,2.85,2015-03-31
11501,2015-04-08 14:42:00,2015-04-08,0.1309,3927.0,3.0,396.0,0.1309,0.1309,0.1309,10000122,2015-05-27,2015-05-27,P,2.85,2015-03-31
11502,2015-04-08 14:43:00,2015-04-08,0.1309,0.0,0.0,396.0,0.1309,0.1309,0.1309,10000122,2015-05-27,2015-05-27,P,2.85,2015-03-31
11503,2015-04-08 14:44:00,2015-04-08,0.1309,0.0,0.0,396.0,0.1309,0.1309,0.1309,10000122,2015-05-27,2015-05-27,P,2.85,2015-03-31
11504,2015-04-08 14:45:00,2015-04-08,0.1309,0.0,0.0,396.0,0.1309,0.1309,0.1309,10000122,2015-05-27,2015-05-27,P,2.85,2015-03-31
11505,2015-04-08 14:46:00,2015-04-08,0.1309,0.0,0.0,396.0,0.1309,0.1309,0.1309,10000122,2015-05-27,2015-05-27,P,2.85,2015-03-31
11506,2015-04-08 14:47:00,2015-04-08,0.1309,0.0,0.0,396.0,0.1309,0.1309,0.1309,10000122,2015-05-27,2015-05-27,P,2.85,2015-03-31
11507,2015-04-08 14:48:00,2015-04-08,0.1309,0.0,0.0,396.0,0.1309,0.1309,0.1309,10000122,2015-05-27,2015-05-27,P,2.85,2015-03-31
11508,2015-04-08 14:49:00,2015-04-08,0.1309,0.0,0.0,396.0,0.1309,0.1309,0.1309,10000122,2015-05-27,2015-05-27,P,2.85,2015-03-31
11509,2015-04-08 14:50:00,2015-04-08,0.1309,0.0,0.0,396.0,0.1309,0.1309,0.1309,10000122,2015-05-27,2015-05-27,P,2.85,2015-03-31
11510,2015-04-08 14:51:00,2015-04-08,0.1309,0.0,0.0,396.0,0.1309,0.1309,0.1309,10000122,2015-05-27,2015-05-27,P,2.85,2015-03-31
11511,2015-04-08 14:52:00,2015-04-08,0.1309,0.0,0.0,396.0,0.1309,0.1309,0.1309,10000122,2015-05-27,2015-05-27,P,2.85,2015-03-31
11512,2015-04-08 14:53:00,2015-04-08,0.1309,0.0,0.0,396.0,0.1309,0.1309,0.1309,10000122,2015-05-27,2015-05-27,P,2.85,2015-03-31
11513,2015-04-08 14:54:00,2015-04-08,0.1309,0.0,0.0,396.0,0.1309,0.1309,0.1309,10000122,2015-05-27,2015-05-27,P,2.85,2015-03-31
11514,2015-04-08 14:55:00,2015-04-08,0.1309,0.0,0.0,396.0,0.1309,0.1309,0.1309,10000122,2015-05-27,2015-05-27,P,2.85,2015-03-31
11515,2015-04-08 14:56:00,2015-04-08,0.1309,0.0,0.0,396.0,0.1309,0.1309,0.1309,10000122,2015-05-27,2015-05-27,P,2.85,2015-03-31
11516,2015-04-08 14:57:00,2015-04-08,0.1309,0.0,0.0,396.0,0.1309,0.1309,0.1309,10000122,2015-05-27,2015-05-27,P,2.85,2015-03-31
11517,2015-04-08 14:58:00,2015-04-08,0.1309,0.0,0.0,396.0,0.1309,0.1309,0.1309,10000122,2015-05-27,2015-05-27,P,2.85,2015-03-31
11518,2015-04-08 14:59:00,2015-04-08,0.1309,0.0,0.0,396.0,0.1309,0.1309,0.1309,10000122,2015-05-27,2015-05-27,P,2.85,2015-03-31
11519,2015-04-08 15:00:00,2015-04-08,0.1309,0.0,0.0,396.0,0.1309,0.1309,0.1309,10000122,2015-05-27,2015-05-27,P,2.85,2015-03-31
11520,2015-04-08 09:31:00,2015-04-08,0.5965,0.0,0.0,0.0,0.5965,0.5965,0.5965,10000022,2015-06-24,2015-06-24,C,2.25,2015-02-09
11521,2015-04-08 09:32:00,2015-04-08,0.5965,0.0,0.0,0.0,0.5965,0.5965,0.5965,10000022,2015-06-24,2015-06-24,C,2.25,2015-02-09
11522,2015-04-08 09:33:00,2015-04-08,0.5965,0.0,0.0,0.0,0.5965,0.5965,0.5965,10000022,2015-06-24,2015-06-24,C,2.25,2015-02-09
11523,2015-04-08 09:34:00,2015-04-08,0.5965,0.0,0.0,0.0,0.5965,0.5965,0.5965,10000022,2015-06-24,2015-06-24,C,2.25,2015-02-09
11524,2015-04-08 09:35:00,2015-04-08,0.5965,0.0,0.0,0.0,0.5965,0.5965,0.5965,10000022,2015-06-24,2015-06-24,C,2.25,2015-02-09
11525,2015-04-08 09:36:00,2015-04-08,0.5965,0.0,0.0,0.0,0.5965,0.5965,0.5965,10000022,2015-06-24,2015-06-24,C,2.25,2015-02-09
11526,2015-04-08 09:37:00,2015-04-08,0.5965,0.0,0.0,0.0,0.5965,0.5965,0.5965,10000022,2015-06-24,2015-06-24,C,2.25,2015-02-09
11527,2015-04-08 09:38:00,2015-04-08,0.5965,0.0,0.0,0.0,0.5965,0.5965,0.5965,10000022,2015-06-24,2015-06-24,C,2.25,2015-02-09
11528,2015-04-08 09:39:00,2015-04-08,0.5965,0.0,0.0,0.0,0.5965,0.5965,0.5965,10000022,2015-06-24,2015-06-24,C,2.25,2015-02-09
11529,2015-04-08 09:40:00,2015-04-08,0.5965,0.0,0.0,0.0,0.5965,0.5965,0.5965,10000022,2015-06-24,2015-06-24,C,2.25,2015-02-09
11530,2015-04-08 09:41:00,2015-04-08,0.5965,0.0,0.0,0.0,0.5965,0.5965,0.5965,10000022,2015-06-24,2015-06-24,C,2.25,2015-02-09
11531,2015-04-08 09:42:00,2015-04-08,0.5965,0.0,0.0,0.0,0.5965,0.5965,0.5965,10000022,2015-06-24,2015-06-24,C,2.25,2015-02-09
11532,2015-04-08 09:43:00,2015-04-08,0.5965,0.0,0.0,0.0,0.5965,0.5965,0.5965,10000022,2015-06-24,2015-06-24,C,2.25,2015-02-09
11533,2015-04-08 09:44:00,2015-04-08,0.5965,0.0,0.0,0.0,0.5965,0.5965,0.5965,10000022,2015-06-24,2015-06-24,C,2.25,2015-02-09
11534,2015-04-08 09:45:00,2015-04-08,0.5965,0.0,0.0,0.0,0.5965,0.5965,0.5965,10000022,2015-06-24,2015-06-24,C,2.25,2015-02-09
11535,2015-04-08 09:46:00,2015-04-08,0.5965,0.0,0.0,0.0,0.5965,0.5965,0.5965,10000022,2015-06-24,2015-06-24,C,2.25,2015-02-09
11536,2015-04-08 09:47:00,2015-04-08,0.5965,0.0,0.0,0.0,0.5965,0.5965,0.5965,10000022,2015-06-24,2015-06-24,C,2.25,2015-02-09
11537,2015-04-08 09:48:00,2015-04-08,0.5965,0.0,0.0,0.0,0.5965,0.5965,0.5965,10000022,2015-06-24,2015-06-24,C,2.25,2015-02-09
11538,2015-04-08 09:49:00,2015-04-08,0.5965,0.0,0.0,0.0,0.5965,0.5965,0.5965,10000022,2015-06-24,2015-06-24,C,2.25,2015-02-09
11539,2015-04-08 09:50:00,2015-04-08,0.5965,0.0,0.0,0.0,0.5965,0.5965,0.5965,10000022,2015-06-24,2015-06-24,C,2.25,2015-02-09
11540,2015-04-08 09:51:00,2015-04-08,0.5965,0.0,0.0,0.0,0.5965,0.5965,0.5965,10000022,2015-06-24,2015-06-24,C,2.25,2015-02-09
11541,2015-04-08 09:52:00,2015-04-08,0.5965,0.0,0.0,0.0,0.5965,0.5965,0.5965,10000022,2015-06-24,2015-06-24,C,2.25,2015-02-09
11542,2015-04-08 09:53:00,2015-04-08,0.5965,0.0,0.0,0.0,0.5965,0.5965,0.5965,10000022,2015-06-24,2015-06-24,C,2.25,2015-02-09
11543,2015-04-08 09:54:00,2015-04-08,0.5965,0.0,0.0,0.0,0.5965,0.5965,0.5965,10000022,2015-06-24,2015-06-24,C,2.25,2015-02-09
11544,2015-04-08 09:55:00,2015-04-08,0.5965,0.0,0.0,0.0,0.5965,0.5965,0.5965,10000022,2015-06-24,2015-06-24,C,2.25,2015-02-09
11545,2015-04-08 09:56:00,2015-04-08,0.5965,0.0,0.0,0.0,0.5965,0.5965,0.5965,10000022,2015-06-24,2015-06-24,C,2.25,2015-02-09
11546,2015-04-08 09:57:00,2015-04-08,0.5965,0.0,0.0,0.0,0.5965,0.5965,0.5965,10000022,2015-06-24,2015-06-24,C,2.25,2015-02-09
11547,2015-04-08 09:58:00,2015-04-08,0.5965,0.0,0.0,0.0,0.5965,0.5965,0.5965,10000022,2015-06-24,2015-06-24,C,2.25,2015-02-09
11548,2015-04-08 09:59:00,2015-04-08,0.6301,-225476.0,-35.0,1853.0,0.6301,0.6301,0.6301,10000022,2015-06-24,2015-06-24,C,2.25,2015-02-09
11549,2015-04-08 10:00:00,2015-04-08,0.6301,0.0,0.0,1853.0,0.6301,0.6301,0.6301,10000022,2015-06-24,2015-06-24,C,2.25,2015-02-09
11550,2015-04-08 10:01:00,2015-04-08,0.6515,65150.0,10.0,1853.0,0.6515,0.6515,0.6515,10000022,2015-06-24,2015-06-24,C,2.25,2015-02-09
11551,2015-04-08 10:02:00,2015-04-08,0.6515,0.0,0.0,1853.0,0.6515,0.6515,0.6515,10000022,2015-06-24,2015-06-24,C,2.25,2015-02-09
11552,2015-04-08 10:03:00,2015-04-08,0.6515,0.0,0.0,1853.0,0.6515,0.6515,0.6515,10000022,2015-06-24,2015-06-24,C,2.25,2015-02-09
11553,2015-04-08 10:04:00,2015-04-08,0.6515,0.0,0.0,1853.0,0.6515,0.6515,0.6515,10000022,2015-06-24,2015-06-24,C,2.25,2015-02-09
11554,2015-04-08 10:05:00,2015-04-08,0.6515,0.0,0.0,1853.0,0.6515,0.6515,0.6515,10000022,2015-06-24,2015-06-24,C,2.25,2015-02-09
11555,2015-04-08 10:06:00,2015-04-08,0.6515,0.0,0.0,1853.0,0.6515,0.6515,0.6515,10000022,2015-06-24,2015-06-24,C,2.25,2015-02-09
11556,2015-04-08 10:07:00,2015-04-08,0.6515,0.0,0.0,1853.0,0.6515,0.6515,0.6515,10000022,2015-06-24,2015-06-24,C,2.25,2015-02-09
11557,2015-04-08 10:08:00,2015-04-08,0.6515,0.0,0.0,1853.0,0.6515,0.6515,0.6515,10000022,2015-06-24,2015-06-24,C,2.25,2015-02-09
11558,2015-04-08 10:09:00,2015-04-08,0.6515,0.0,0.0,1853.0,0.6515,0.6515,0.6515,10000022,2015-06-24,2015-06-24,C,2.25,2015-02-09
11559,2015-04-08 10:10:00,2015-04-08,0.6515,0.0,0.0,1853.0,0.6515,0.6515,0.6515,10000022,2015-06-24,2015-06-24,C,2.25,2015-02-09
11560,2015-04-08 10:11:00,2015-04-08,0.6515,0.0,0.0,1853.0,0.6515,0.6515,0.6515,10000022,2015-06-24,2015-06-24,C,2.25,2015-02-09
11561,2015-04-08 10:12:00,2015-04-08,0.6515,0.0,0.0,1853.0,0.6515,0.6515,0.6515,10000022,2015-06-24,2015-06-24,C,2.25,2015-02-09
11562,2015-04-08 10:13:00,2015-04-08,0.6228,62280.0,10.0,1863.0,0.6228,0.6228,0.6228,10000022,2015-06-24,2015-06-24,C,2.25,2015-02-09
11563,2015-04-08 10:14:00,2015-04-08,0.6228,0.0,0.0,1863.0,0.6228,0.6228,0.6228,10000022,2015-06-24,2015-06-24,C,2.25,2015-02-09
11564,2015-04-08 10:15:00,2015-04-08,0.6228,0.0,0.0,1863.0,0.6228,0.6228,0.6228,10000022,2015-06-24,2015-06-24,C,2.25,2015-02-09
11565,2015-04-08 10:16:00,2015-04-08,0.6228,0.0,0.0,1863.0,0.6228,0.6228,0.6228,10000022,2015-06-24,2015-06-24,C,2.25,2015-02-09
11566,2015-04-08 10:17:00,2015-04-08,0.6228,0.0,0.0,1863.0,0.6228,0.6228,0.6228,10000022,2015-06-24,2015-06-24,C,2.25,2015-02-09
11567,2015-04-08 10:18:00,2015-04-08,0.6228,0.0,0.0,1863.0,0.6228,0.6228,0.6228,10000022,2015-06-24,2015-06-24,C,2.25,2015-02-09
11568,2015-04-08 10:19:00,2015-04-08,0.6228,0.0,0.0,1863.0,0.6228,0.6228,0.6228,10000022,2015-06-24,2015-06-24,C,2.25,2015-02-09
11569,2015-04-08 10:20:00,2015-04-08,0.6228,0.0,0.0,1863.0,0.6228,0.6228,0.6228,10000022,2015-06-24,2015-06-24,C,2.25,2015-02-09
11570,2015-04-08 10:21:00,2015-04-08,0.6228,0.0,0.0,1863.0,0.6228,0.6228,0.6228,10000022,2015-06-24,2015-06-24,C,2.25,2015-02-09
11571,2015-04-08 10:22:00,2015-04-08,0.6228,0.0,0.0,1863.0,0.6228,0.6228,0.6228,10000022,2015-06-24,2015-06-24,C,2.25,2015-02-09
11572,2015-04-08 10:23:00,2015-04-08,0.6228,0.0,0.0,1863.0,0.6228,0.6228,0.6228,10000022,2015-06-24,2015-06-24,C,2.25,2015-02-09
11573,2015-04-08 10:24:00,2015-04-08,0.6228,0.0,0.0,1863.0,0.6228,0.6228,0.6228,10000022,2015-06-24,2015-06-24,C,2.25,2015-02-09
11574,2015-04-08 10:25:00,2015-04-08,0.6228,0.0,0.0,1863.0,0.6228,0.6228,0.6228,10000022,2015-06-24,2015-06-24,C,2.25,2015-02-09
11575,2015-04-08 10:26:00,2015-04-08,0.6228,0.0,0.0,1863.0,0.6228,0.6228,0.6228,10000022,2015-06-24,2015-06-24,C,2.25,2015-02-09
11576,2015-04-08 10:27:00,2015-04-08,0.6228,0.0,0.0,1863.0,0.6228,0.6228,0.6228,10000022,2015-06-24,2015-06-24,C,2.25,2015-02-09
11577,2015-04-08 10:28:00,2015-04-08,0.6228,0.0,0.0,1863.0,0.6228,0.6228,0.6228,10000022,2015-06-24,2015-06-24,C,2.25,2015-02-09
11578,2015-04-08 10:29:00,2015-04-08,0.6228,0.0,0.0,1863.0,0.6228,0.6228,0.6228,10000022,2015-06-24,2015-06-24,C,2.25,2015-02-09
11579,2015-04-08 10:30:00,2015-04-08,0.6228,0.0,0.0,1863.0,0.6228,0.6228,0.6228,10000022,2015-06-24,2015-06-24,C,2.25,2015-02-09
11580,2015-04-08 10:31:00,2015-04-08,0.6228,0.0,0.0,1863.0,0.6228,0.6228,0.6228,10000022,2015-06-24,2015-06-24,C,2.25,2015-02-09
11581,2015-04-08 10:32:00,2015-04-08,0.6228,0.0,0.0,1863.0,0.6228,0.6228,0.6228,10000022,2015-06-24,2015-06-24,C,2.25,2015-02-09
11582,2015-04-08 10:33:00,2015-04-08,0.6228,0.0,0.0,1863.0,0.6228,0.6228,0.6228,10000022,2015-06-24,2015-06-24,C,2.25,2015-02-09
11583,2015-04-08 10:34:00,2015-04-08,0.6228,0.0,0.0,1863.0,0.6228,0.6228,0.6228,10000022,2015-06-24,2015-06-24,C,2.25,2015-02-09
11584,2015-04-08 10:35:00,2015-04-08,0.6228,0.0,0.0,1863.0,0.6228,0.6228,0.6228,10000022,2015-06-24,2015-06-24,C,2.25,2015-02-09
11585,2015-04-08 10:36:00,2015-04-08,0.6228,0.0,0.0,1863.0,0.6228,0.6228,0.6228,10000022,2015-06-24,2015-06-24,C,2.25,2015-02-09
11586,2015-04-08 10:37:00,2015-04-08,0.6228,0.0,0.0,1863.0,0.6228,0.6228,0.6228,10000022,2015-06-24,2015-06-24,C,2.25,2015-02-09
11587,2015-04-08 10:38:00,2015-04-08,0.6228,0.0,0.0,1863.0,0.6228,0.6228,0.6228,10000022,2015-06-24,2015-06-24,C,2.25,2015-02-09
11588,2015-04-08 10:39:00,2015-04-08,0.6228,0.0,0.0,1863.0,0.6228,0.6228,0.6228,10000022,2015-06-24,2015-06-24,C,2.25,2015-02-09
11589,2015-04-08 10:40:00,2015-04-08,0.6228,0.0,0.0,1863.0,0.6228,0.6228,0.6228,10000022,2015-06-24,2015-06-24,C,2.25,2015-02-09
11590,2015-04-08 10:41:00,2015-04-08,0.6228,0.0,0.0,1863.0,0.6228,0.6228,0.6228,10000022,2015-06-24,2015-06-24,C,2.25,2015-02-09
11591,2015-04-08 10:42:00,2015-04-08,0.6228,0.0,0.0,1863.0,0.6228,0.6228,0.6228,10000022,2015-06-24,2015-06-24,C,2.25,2015-02-09
11592,2015-04-08 10:43:00,2015-04-08,0.6228,0.0,0.0,1863.0,0.6228,0.6228,0.6228,10000022,2015-06-24,2015-06-24,C,2.25,2015-02-09
11593,2015-04-08 10:44:00,2015-04-08,0.6228,0.0,0.0,1863.0,0.6228,0.6228,0.6228,10000022,2015-06-24,2015-06-24,C,2.25,2015-02-09
11594,2015-04-08 10:45:00,2015-04-08,0.6228,0.0,0.0,1863.0,0.6228,0.6228,0.6228,10000022,2015-06-24,2015-06-24,C,2.25,2015-02-09
11595,2015-04-08 10:46:00,2015-04-08,0.6228,0.0,0.0,1863.0,0.6228,0.6228,0.6228,10000022,2015-06-24,2015-06-24,C,2.25,2015-02-09
11596,2015-04-08 10:47:00,2015-04-08,0.6228,0.0,0.0,1863.0,0.6228,0.6228,0.6228,10000022,2015-06-24,2015-06-24,C,2.25,2015-02-09
11597,2015-04-08 10:48:00,2015-04-08,0.6228,0.0,0.0,1863.0,0.6228,0.6228,0.6228,10000022,2015-06-24,2015-06-24,C,2.25,2015-02-09
11598,2015-04-08 10:49:00,2015-04-08,0.6228,0.0,0.0,1863.0,0.6228,0.6228,0.6228,10000022,2015-06-24,2015-06-24,C,2.25,2015-02-09
11599,2015-04-08 10:50:00,2015-04-08,0.6228,0.0,0.0,1863.0,0.6228,0.6228,0.6228,10000022,2015-06-24,2015-06-24,C,2.25,2015-02-09
11600,2015-04-08 10:51:00,2015-04-08,0.6228,0.0,0.0,1863.0,0.6228,0.6228,0.6228,10000022,2015-06-24,2015-06-24,C,2.25,2015-02-09
11601,2015-04-08 10:52:00,2015-04-08,0.6228,0.0,0.0,1863.0,0.6228,0.6228,0.6228,10000022,2015-06-24,2015-06-24,C,2.25,2015-02-09
11602,2015-04-08 10:53:00,2015-04-08,0.6228,0.0,0.0,1863.0,0.6228,0.6228,0.6228,10000022,2015-06-24,2015-06-24,C,2.25,2015-02-09
11603,2015-04-08 10:54:00,2015-04-08,0.6228,0.0,0.0,1863.0,0.6228,0.6228,0.6228,10000022,2015-06-24,2015-06-24,C,2.25,2015-02-09
11604,2015-04-08 10:55:00,2015-04-08,0.6228,0.0,0.0,1863.0,0.6228,0.6228,0.6228,10000022,2015-06-24,2015-06-24,C,2.25,2015-02-09
11605,2015-04-08 10:56:00,2015-04-08,0.6228,0.0,0.0,1863.0,0.6228,0.6228,0.6228,10000022,2015-06-24,2015-06-24,C,2.25,2015-02-09
11606,2015-04-08 10:57:00,2015-04-08,0.6228,0.0,0.0,1863.0,0.6228,0.6228,0.6228,10000022,2015-06-24,2015-06-24,C,2.25,2015-02-09
11607,2015-04-08 10:58:00,2015-04-08,0.6228,0.0,0.0,1863.0,0.6228,0.6228,0.6228,10000022,2015-06-24,2015-06-24,C,2.25,2015-02-09
11608,2015-04-08 10:59:00,2015-04-08,0.6228,0.0,0.0,1863.0,0.6228,0.6228,0.6228,10000022,2015-06-24,2015-06-24,C,2.25,2015-02-09
11609,2015-04-08 11:00:00,2015-04-08,0.6228,0.0,0.0,1863.0,0.6228,0.6228,0.6228,10000022,2015-06-24,2015-06-24,C,2.25,2015-02-09
11610,2015-04-08 11:01:00,2015-04-08,0.6228,0.0,0.0,1863.0,0.6228,0.6228,0.6228,10000022,2015-06-24,2015-06-24,C,2.25,2015-02-09
11611,2015-04-08 11:02:00,2015-04-08,0.6228,0.0,0.0,1863.0,0.6228,0.6228,0.6228,10000022,2015-06-24,2015-06-24,C,2.25,2015-02-09
11612,2015-04-08 11:03:00,2015-04-08,0.6228,0.0,0.0,1863.0,0.6228,0.6228,0.6228,10000022,2015-06-24,2015-06-24,C,2.25,2015-02-09
11613,2015-04-08 11:04:00,2015-04-08,0.6228,0.0,0.0,1863.0,0.6228,0.6228,0.6228,10000022,2015-06-24,2015-06-24,C,2.25,2015-02-09
11614,2015-04-08 11:05:00,2015-04-08,0.6291,31455.0,5.0,1863.0,0.6291,0.6291,0.6291,10000022,2015-06-24,2015-06-24,C,2.25,2015-02-09
11615,2015-04-08 11:06:00,2015-04-08,0.6291,6291.0,1.0,1863.0,0.6291,0.6291,0.6291,10000022,2015-06-24,2015-06-24,C,2.25,2015-02-09
11616,2015-04-08 11:07:00,2015-04-08,0.6291,0.0,0.0,1863.0,0.6291,0.6291,0.6291,10000022,2015-06-24,2015-06-24,C,2.25,2015-02-09
11617,2015-04-08 11:08:00,2015-04-08,0.6291,0.0,0.0,1863.0,0.6291,0.6291,0.6291,10000022,2015-06-24,2015-06-24,C,2.25,2015-02-09
11618,2015-04-08 11:09:00,2015-04-08,0.6291,0.0,0.0,1863.0,0.6291,0.6291,0.6291,10000022,2015-06-24,2015-06-24,C,2.25,2015-02-09
11619,2015-04-08 11:10:00,2015-04-08,0.6291,0.0,0.0,1863.0,0.6291,0.6291,0.6291,10000022,2015-06-24,2015-06-24,C,2.25,2015-02-09
11620,2015-04-08 11:11:00,2015-04-08,0.6291,0.0,0.0,1863.0,0.6291,0.6291,0.6291,10000022,2015-06-24,2015-06-24,C,2.25,2015-02-09
11621,2015-04-08 11:12:00,2015-04-08,0.6291,0.0,0.0,1863.0,0.6291,0.6291,0.6291,10000022,2015-06-24,2015-06-24,C,2.25,2015-02-09
11622,2015-04-08 11:13:00,2015-04-08,0.6291,0.0,0.0,1863.0,0.6291,0.6291,0.6291,10000022,2015-06-24,2015-06-24,C,2.25,2015-02-09
11623,2015-04-08 11:14:00,2015-04-08,0.6291,0.0,0.0,1863.0,0.6291,0.6291,0.6291,10000022,2015-06-24,2015-06-24,C,2.25,2015-02-09
11624,2015-04-08 11:15:00,2015-04-08,0.6291,0.0,0.0,1863.0,0.6291,0.6291,0.6291,10000022,2015-06-24,2015-06-24,C,2.25,2015-02-09
11625,2015-04-08 11:16:00,2015-04-08,0.6291,0.0,0.0,1863.0,0.6291,0.6291,0.6291,10000022,2015-06-24,2015-06-24,C,2.25,2015-02-09
11626,2015-04-08 11:17:00,2015-04-08,0.6291,0.0,0.0,1863.0,0.6291,0.6291,0.6291,10000022,2015-06-24,2015-06-24,C,2.25,2015-02-09
11627,2015-04-08 11:18:00,2015-04-08,0.6291,0.0,0.0,1863.0,0.6291,0.6291,0.6291,10000022,2015-06-24,2015-06-24,C,2.25,2015-02-09
11628,2015-04-08 11:19:00,2015-04-08,0.6291,0.0,0.0,1863.0,0.6291,0.6291,0.6291,10000022,2015-06-24,2015-06-24,C,2.25,2015-02-09
11629,2015-04-08 11:20:00,2015-04-08,0.6291,0.0,0.0,1863.0,0.6291,0.6291,0.6291,10000022,2015-06-24,2015-06-24,C,2.25,2015-02-09
11630,2015-04-08 11:21:00,2015-04-08,0.6291,0.0,0.0,1863.0,0.6291,0.6291,0.6291,10000022,2015-06-24,2015-06-24,C,2.25,2015-02-09
11631,2015-04-08 11:22:00,2015-04-08,0.6291,0.0,0.0,1863.0,0.6291,0.6291,0.6291,10000022,2015-06-24,2015-06-24,C,2.25,2015-02-09
11632,2015-04-08 11:23:00,2015-04-08,0.6291,0.0,0.0,1863.0,0.6291,0.6291,0.6291,10000022,2015-06-24,2015-06-24,C,2.25,2015-02-09
11633,2015-04-08 11:24:00,2015-04-08,0.6291,0.0,0.0,1863.0,0.6291,0.6291,0.6291,10000022,2015-06-24,2015-06-24,C,2.25,2015-02-09
11634,2015-04-08 11:25:00,2015-04-08,0.6291,0.0,0.0,1863.0,0.6291,0.6291,0.6291,10000022,2015-06-24,2015-06-24,C,2.25,2015-02-09
11635,2015-04-08 11:26:00,2015-04-08,0.6291,0.0,0.0,1863.0,0.6291,0.6291,0.6291,10000022,2015-06-24,2015-06-24,C,2.25,2015-02-09
11636,2015-04-08 11:27:00,2015-04-08,0.6291,0.0,0.0,1863.0,0.6291,0.6291,0.6291,10000022,2015-06-24,2015-06-24,C,2.25,2015-02-09
11637,2015-04-08 11:28:00,2015-04-08,0.6291,0.0,0.0,1863.0,0.6291,0.6291,0.6291,10000022,2015-06-24,2015-06-24,C,2.25,2015-02-09
11638,2015-04-08 11:29:00,2015-04-08,0.6291,0.0,0.0,1863.0,0.6291,0.6291,0.6291,10000022,2015-06-24,2015-06-24,C,2.25,2015-02-09
11639,2015-04-08 11:30:00,2015-04-08,0.6291,0.0,0.0,1863.0,0.6291,0.6291,0.6291,10000022,2015-06-24,2015-06-24,C,2.25,2015-02-09
11640,2015-04-08 13:01:00,2015-04-08,0.6291,0.0,0.0,1863.0,0.6291,0.6291,0.6291,10000022,2015-06-24,2015-06-24,C,2.25,2015-02-09
11641,2015-04-08 13:02:00,2015-04-08,0.6291,0.0,0.0,1863.0,0.6291,0.6291,0.6291,10000022,2015-06-24,2015-06-24,C,2.25,2015-02-09
11642,2015-04-08 13:03:00,2015-04-08,0.6291,0.0,0.0,1863.0,0.6291,0.6291,0.6291,10000022,2015-06-24,2015-06-24,C,2.25,2015-02-09
11643,2015-04-08 13:04:00,2015-04-08,0.6291,0.0,0.0,1863.0,0.6291,0.6291,0.6291,10000022,2015-06-24,2015-06-24,C,2.25,2015-02-09
11644,2015-04-08 13:05:00,2015-04-08,0.6291,0.0,0.0,1863.0,0.6291,0.6291,0.6291,10000022,2015-06-24,2015-06-24,C,2.25,2015-02-09
11645,2015-04-08 13:06:00,2015-04-08,0.6291,0.0,0.0,1863.0,0.6291,0.6291,0.6291,10000022,2015-06-24,2015-06-24,C,2.25,2015-02-09
11646,2015-04-08 13:07:00,2015-04-08,0.6291,0.0,0.0,1863.0,0.6291,0.6291,0.6291,10000022,2015-06-24,2015-06-24,C,2.25,2015-02-09
11647,2015-04-08 13:08:00,2015-04-08,0.6291,0.0,0.0,1863.0,0.6291,0.6291,0.6291,10000022,2015-06-24,2015-06-24,C,2.25,2015-02-09
11648,2015-04-08 13:09:00,2015-04-08,0.6291,0.0,0.0,1863.0,0.6291,0.6291,0.6291,10000022,2015-06-24,2015-06-24,C,2.25,2015-02-09
11649,2015-04-08 13:10:00,2015-04-08,0.6291,0.0,0.0,1863.0,0.6291,0.6291,0.6291,10000022,2015-06-24,2015-06-24,C,2.25,2015-02-09
11650,2015-04-08 13:11:00,2015-04-08,0.6291,0.0,0.0,1863.0,0.6291,0.6291,0.6291,10000022,2015-06-24,2015-06-24,C,2.25,2015-02-09
11651,2015-04-08 13:12:00,2015-04-08,0.6291,0.0,0.0,1863.0,0.6291,0.6291,0.6291,10000022,2015-06-24,2015-06-24,C,2.25,2015-02-09
11652,2015-04-08 13:13:00,2015-04-08,0.6291,0.0,0.0,1863.0,0.6291,0.6291,0.6291,10000022,2015-06-24,2015-06-24,C,2.25,2015-02-09
11653,2015-04-08 13:14:00,2015-04-08,0.6291,0.0,0.0,1863.0,0.6291,0.6291,0.6291,10000022,2015-06-24,2015-06-24,C,2.25,2015-02-09
11654,2015-04-08 13:15:00,2015-04-08,0.6291,0.0,0.0,1863.0,0.6291,0.6291,0.6291,10000022,2015-06-24,2015-06-24,C,2.25,2015-02-09
11655,2015-04-08 13:16:00,2015-04-08,0.6291,0.0,0.0,1863.0,0.6291,0.6291,0.6291,10000022,2015-06-24,2015-06-24,C,2.25,2015-02-09
11656,2015-04-08 13:17:00,2015-04-08,0.6291,0.0,0.0,1863.0,0.6291,0.6291,0.6291,10000022,2015-06-24,2015-06-24,C,2.25,2015-02-09
11657,2015-04-08 13:18:00,2015-04-08,0.6291,0.0,0.0,1863.0,0.6291,0.6291,0.6291,10000022,2015-06-24,2015-06-24,C,2.25,2015-02-09
11658,2015-04-08 13:19:00,2015-04-08,0.6291,0.0,0.0,1863.0,0.6291,0.6291,0.6291,10000022,2015-06-24,2015-06-24,C,2.25,2015-02-09
11659,2015-04-08 13:20:00,2015-04-08,0.6291,0.0,0.0,1863.0,0.6291,0.6291,0.6291,10000022,2015-06-24,2015-06-24,C,2.25,2015-02-09
11660,2015-04-08 13:21:00,2015-04-08,0.6291,0.0,0.0,1863.0,0.6291,0.6291,0.6291,10000022,2015-06-24,2015-06-24,C,2.25,2015-02-09
11661,2015-04-08 13:22:00,2015-04-08,0.6291,0.0,0.0,1863.0,0.6291,0.6291,0.6291,10000022,2015-06-24,2015-06-24,C,2.25,2015-02-09
11662,2015-04-08 13:23:00,2015-04-08,0.6291,0.0,0.0,1863.0,0.6291,0.6291,0.6291,10000022,2015-06-24,2015-06-24,C,2.25,2015-02-09
11663,2015-04-08 13:24:00,2015-04-08,0.6291,0.0,0.0,1863.0,0.6291,0.6291,0.6291,10000022,2015-06-24,2015-06-24,C,2.25,2015-02-09
11664,2015-04-08 13:25:00,2015-04-08,0.6291,0.0,0.0,1863.0,0.6291,0.6291,0.6291,10000022,2015-06-24,2015-06-24,C,2.25,2015-02-09
11665,2015-04-08 13:26:00,2015-04-08,0.6291,0.0,0.0,1863.0,0.6291,0.6291,0.6291,10000022,2015-06-24,2015-06-24,C,2.25,2015-02-09
11666,2015-04-08 13:27:00,2015-04-08,0.6291,0.0,0.0,1863.0,0.6291,0.6291,0.6291,10000022,2015-06-24,2015-06-24,C,2.25,2015-02-09
11667,2015-04-08 13:28:00,2015-04-08,0.6291,0.0,0.0,1863.0,0.6291,0.6291,0.6291,10000022,2015-06-24,2015-06-24,C,2.25,2015-02-09
11668,2015-04-08 13:29:00,2015-04-08,0.6291,0.0,0.0,1863.0,0.6291,0.6291,0.6291,10000022,2015-06-24,2015-06-24,C,2.25,2015-02-09
11669,2015-04-08 13:30:00,2015-04-08,0.6291,0.0,0.0,1863.0,0.6291,0.6291,0.6291,10000022,2015-06-24,2015-06-24,C,2.25,2015-02-09
11670,2015-04-08 13:31:00,2015-04-08,0.6291,0.0,0.0,1863.0,0.6291,0.6291,0.6291,10000022,2015-06-24,2015-06-24,C,2.25,2015-02-09
11671,2015-04-08 13:32:00,2015-04-08,0.6291,0.0,0.0,1863.0,0.6291,0.6291,0.6291,10000022,2015-06-24,2015-06-24,C,2.25,2015-02-09
11672,2015-04-08 13:33:00,2015-04-08,0.6291,0.0,0.0,1863.0,0.6291,0.6291,0.6291,10000022,2015-06-24,2015-06-24,C,2.25,2015-02-09
11673,2015-04-08 13:34:00,2015-04-08,0.6291,0.0,0.0,1863.0,0.6291,0.6291,0.6291,10000022,2015-06-24,2015-06-24,C,2.25,2015-02-09
11674,2015-04-08 13:35:00,2015-04-08,0.6291,0.0,0.0,1863.0,0.6291,0.6291,0.6291,10000022,2015-06-24,2015-06-24,C,2.25,2015-02-09
11675,2015-04-08 13:36:00,2015-04-08,0.6291,0.0,0.0,1863.0,0.6291,0.6291,0.6291,10000022,2015-06-24,2015-06-24,C,2.25,2015-02-09
11676,2015-04-08 13:37:00,2015-04-08,0.6291,0.0,0.0,1863.0,0.6291,0.6291,0.6291,10000022,2015-06-24,2015-06-24,C,2.25,2015-02-09
11677,2015-04-08 13:38:00,2015-04-08,0.6291,0.0,0.0,1863.0,0.6291,0.6291,0.6291,10000022,2015-06-24,2015-06-24,C,2.25,2015-02-09
11678,2015-04-08 13:39:00,2015-04-08,0.6291,0.0,0.0,1863.0,0.6291,0.6291,0.6291,10000022,2015-06-24,2015-06-24,C,2.25,2015-02-09
11679,2015-04-08 13:40:00,2015-04-08,0.6291,0.0,0.0,1863.0,0.6291,0.6291,0.6291,10000022,2015-06-24,2015-06-24,C,2.25,2015-02-09
11680,2015-04-08 13:41:00,2015-04-08,0.6291,0.0,0.0,1863.0,0.6291,0.6291,0.6291,10000022,2015-06-24,2015-06-24,C,2.25,2015-02-09
11681,2015-04-08 13:42:00,2015-04-08,0.6291,0.0,0.0,1863.0,0.6291,0.6291,0.6291,10000022,2015-06-24,2015-06-24,C,2.25,2015-02-09
11682,2015-04-08 13:43:00,2015-04-08,0.6291,0.0,0.0,1863.0,0.6291,0.6291,0.6291,10000022,2015-06-24,2015-06-24,C,2.25,2015-02-09
11683,2015-04-08 13:44:00,2015-04-08,0.6291,0.0,0.0,1863.0,0.6291,0.6291,0.6291,10000022,2015-06-24,2015-06-24,C,2.25,2015-02-09
11684,2015-04-08 13:45:00,2015-04-08,0.6291,0.0,0.0,1863.0,0.6291,0.6291,0.6291,10000022,2015-06-24,2015-06-24,C,2.25,2015-02-09
11685,2015-04-08 13:46:00,2015-04-08,0.6291,0.0,0.0,1863.0,0.6291,0.6291,0.6291,10000022,2015-06-24,2015-06-24,C,2.25,2015-02-09
11686,2015-04-08 13:47:00,2015-04-08,0.6291,0.0,0.0,1863.0,0.6291,0.6291,0.6291,10000022,2015-06-24,2015-06-24,C,2.25,2015-02-09
11687,2015-04-08 13:48:00,2015-04-08,0.6291,0.0,0.0,1863.0,0.6291,0.6291,0.6291,10000022,2015-06-24,2015-06-24,C,2.25,2015-02-09
11688,2015-04-08 13:49:00,2015-04-08,0.6291,0.0,0.0,1863.0,0.6291,0.6291,0.6291,10000022,2015-06-24,2015-06-24,C,2.25,2015-02-09
11689,2015-04-08 13:50:00,2015-04-08,0.6291,0.0,0.0,1863.0,0.6291,0.6291,0.6291,10000022,2015-06-24,2015-06-24,C,2.25,2015-02-09
11690,2015-04-08 13:51:00,2015-04-08,0.6291,0.0,0.0,1863.0,0.6291,0.6291,0.6291,10000022,2015-06-24,2015-06-24,C,2.25,2015-02-09
11691,2015-04-08 13:52:00,2015-04-08,0.6291,0.0,0.0,1863.0,0.6291,0.6291,0.6291,10000022,2015-06-24,2015-06-24,C,2.25,2015-02-09
11692,2015-04-08 13:53:00,2015-04-08,0.6291,0.0,0.0,1863.0,0.6291,0.6291,0.6291,10000022,2015-06-24,2015-06-24,C,2.25,2015-02-09
11693,2015-04-08 13:54:00,2015-04-08,0.6291,0.0,0.0,1863.0,0.6291,0.6291,0.6291,10000022,2015-06-24,2015-06-24,C,2.25,2015-02-09
11694,2015-04-08 13:55:00,2015-04-08,0.6291,0.0,0.0,1863.0,0.6291,0.6291,0.6291,10000022,2015-06-24,2015-06-24,C,2.25,2015-02-09
11695,2015-04-08 13:56:00,2015-04-08,0.6291,0.0,0.0,1863.0,0.6291,0.6291,0.6291,10000022,2015-06-24,2015-06-24,C,2.25,2015-02-09
11696,2015-04-08 13:57:00,2015-04-08,0.6291,0.0,0.0,1863.0,0.6291,0.6291,0.6291,10000022,2015-06-24,2015-06-24,C,2.25,2015-02-09
11697,2015-04-08 13:58:00,2015-04-08,0.6291,0.0,0.0,1863.0,0.6291,0.6291,0.6291,10000022,2015-06-24,2015-06-24,C,2.25,2015-02-09
11698,2015-04-08 13:59:00,2015-04-08,0.6291,0.0,0.0,1863.0,0.6291,0.6291,0.6291,10000022,2015-06-24,2015-06-24,C,2.25,2015-02-09
11699,2015-04-08 14:00:00,2015-04-08,0.6291,0.0,0.0,1863.0,0.6291,0.6291,0.6291,10000022,2015-06-24,2015-06-24,C,2.25,2015-02-09
11700,2015-04-08 14:01:00,2015-04-08,0.6291,0.0,0.0,1863.0,0.6291,0.6291,0.6291,10000022,2015-06-24,2015-06-24,C,2.25,2015-02-09
11701,2015-04-08 14:02:00,2015-04-08,0.6291,0.0,0.0,1863.0,0.6291,0.6291,0.6291,10000022,2015-06-24,2015-06-24,C,2.25,2015-02-09
11702,2015-04-08 14:03:00,2015-04-08,0.6291,0.0,0.0,1863.0,0.6291,0.6291,0.6291,10000022,2015-06-24,2015-06-24,C,2.25,2015-02-09
11703,2015-04-08 14:04:00,2015-04-08,0.6291,0.0,0.0,1863.0,0.6291,0.6291,0.6291,10000022,2015-06-24,2015-06-24,C,2.25,2015-02-09
11704,2015-04-08 14:05:00,2015-04-08,0.6291,0.0,0.0,1863.0,0.6291,0.6291,0.6291,10000022,2015-06-24,2015-06-24,C,2.25,2015-02-09
11705,2015-04-08 14:06:00,2015-04-08,0.6291,0.0,0.0,1863.0,0.6291,0.6291,0.6291,10000022,2015-06-24,2015-06-24,C,2.25,2015-02-09
11706,2015-04-08 14:07:00,2015-04-08,0.6291,0.0,0.0,1863.0,0.6291,0.6291,0.6291,10000022,2015-06-24,2015-06-24,C,2.25,2015-02-09
11707,2015-04-08 14:08:00,2015-04-08,0.6291,0.0,0.0,1863.0,0.6291,0.6291,0.6291,10000022,2015-06-24,2015-06-24,C,2.25,2015-02-09
11708,2015-04-08 14:09:00,2015-04-08,0.6291,0.0,0.0,1863.0,0.6291,0.6291,0.6291,10000022,2015-06-24,2015-06-24,C,2.25,2015-02-09
11709,2015-04-08 14:10:00,2015-04-08,0.6291,0.0,0.0,1863.0,0.6291,0.6291,0.6291,10000022,2015-06-24,2015-06-24,C,2.25,2015-02-09
11710,2015-04-08 14:11:00,2015-04-08,0.6291,0.0,0.0,1863.0,0.6291,0.6291,0.6291,10000022,2015-06-24,2015-06-24,C,2.25,2015-02-09
11711,2015-04-08 14:12:00,2015-04-08,0.6291,0.0,0.0,1863.0,0.6291,0.6291,0.6291,10000022,2015-06-24,2015-06-24,C,2.25,2015-02-09
11712,2015-04-08 14:13:00,2015-04-08,0.6291,0.0,0.0,1863.0,0.6291,0.6291,0.6291,10000022,2015-06-24,2015-06-24,C,2.25,2015-02-09
11713,2015-04-08 14:14:00,2015-04-08,0.6291,0.0,0.0,1863.0,0.6291,0.6291,0.6291,10000022,2015-06-24,2015-06-24,C,2.25,2015-02-09
11714,2015-04-08 14:15:00,2015-04-08,0.6291,0.0,0.0,1863.0,0.6291,0.6291,0.6291,10000022,2015-06-24,2015-06-24,C,2.25,2015-02-09
11715,2015-04-08 14:16:00,2015-04-08,0.6291,0.0,0.0,1863.0,0.6291,0.6291,0.6291,10000022,2015-06-24,2015-06-24,C,2.25,2015-02-09
11716,2015-04-08 14:17:00,2015-04-08,0.6291,0.0,0.0,1863.0,0.6291,0.6291,0.6291,10000022,2015-06-24,2015-06-24,C,2.25,2015-02-09
11717,2015-04-08 14:18:00,2015-04-08,0.6291,0.0,0.0,1863.0,0.6291,0.6291,0.6291,10000022,2015-06-24,2015-06-24,C,2.25,2015-02-09
11718,2015-04-08 14:19:00,2015-04-08,0.6291,0.0,0.0,1863.0,0.6291,0.6291,0.6291,10000022,2015-06-24,2015-06-24,C,2.25,2015-02-09
11719,2015-04-08 14:20:00,2015-04-08,0.6291,0.0,0.0,1863.0,0.6291,0.6291,0.6291,10000022,2015-06-24,2015-06-24,C,2.25,2015-02-09
11720,2015-04-08 14:21:00,2015-04-08,0.6291,0.0,0.0,1863.0,0.6291,0.6291,0.6291,10000022,2015-06-24,2015-06-24,C,2.25,2015-02-09
11721,2015-04-08 14:22:00,2015-04-08,0.6291,0.0,0.0,1863.0,0.6291,0.6291,0.6291,10000022,2015-06-24,2015-06-24,C,2.25,2015-02-09
11722,2015-04-08 14:23:00,2015-04-08,0.6291,0.0,0.0,1863.0,0.6291,0.6291,0.6291,10000022,2015-06-24,2015-06-24,C,2.25,2015-02-09
11723,2015-04-08 14:24:00,2015-04-08,0.6291,0.0,0.0,1863.0,0.6291,0.6291,0.6291,10000022,2015-06-24,2015-06-24,C,2.25,2015-02-09
11724,2015-04-08 14:25:00,2015-04-08,0.6291,0.0,0.0,1863.0,0.6291,0.6291,0.6291,10000022,2015-06-24,2015-06-24,C,2.25,2015-02-09
11725,2015-04-08 14:26:00,2015-04-08,0.6291,0.0,0.0,1863.0,0.6291,0.6291,0.6291,10000022,2015-06-24,2015-06-24,C,2.25,2015-02-09
11726,2015-04-08 14:27:00,2015-04-08,0.6291,0.0,0.0,1863.0,0.6291,0.6291,0.6291,10000022,2015-06-24,2015-06-24,C,2.25,2015-02-09
11727,2015-04-08 14:28:00,2015-04-08,0.6291,0.0,0.0,1863.0,0.6291,0.6291,0.6291,10000022,2015-06-24,2015-06-24,C,2.25,2015-02-09
11728,2015-04-08 14:29:00,2015-04-08,0.6291,0.0,0.0,1863.0,0.6291,0.6291,0.6291,10000022,2015-06-24,2015-06-24,C,2.25,2015-02-09
11729,2015-04-08 14:30:00,2015-04-08,0.6291,0.0,0.0,1863.0,0.6291,0.6291,0.6291,10000022,2015-06-24,2015-06-24,C,2.25,2015-02-09
11730,2015-04-08 14:31:00,2015-04-08,0.6291,0.0,0.0,1863.0,0.6291,0.6291,0.6291,10000022,2015-06-24,2015-06-24,C,2.25,2015-02-09
11731,2015-04-08 14:32:00,2015-04-08,0.6291,0.0,0.0,1863.0,0.6291,0.6291,0.6291,10000022,2015-06-24,2015-06-24,C,2.25,2015-02-09
11732,2015-04-08 14:33:00,2015-04-08,0.6291,0.0,0.0,1863.0,0.6291,0.6291,0.6291,10000022,2015-06-24,2015-06-24,C,2.25,2015-02-09
11733,2015-04-08 14:34:00,2015-04-08,0.6291,0.0,0.0,1863.0,0.6291,0.6291,0.6291,10000022,2015-06-24,2015-06-24,C,2.25,2015-02-09
11734,2015-04-08 14:35:00,2015-04-08,0.6291,0.0,0.0,1863.0,0.6291,0.6291,0.6291,10000022,2015-06-24,2015-06-24,C,2.25,2015-02-09
11735,2015-04-08 14:36:00,2015-04-08,0.6291,0.0,0.0,1863.0,0.6291,0.6291,0.6291,10000022,2015-06-24,2015-06-24,C,2.25,2015-02-09
11736,2015-04-08 14:37:00,2015-04-08,0.6291,0.0,0.0,1863.0,0.6291,0.6291,0.6291,10000022,2015-06-24,2015-06-24,C,2.25,2015-02-09
11737,2015-04-08 14:38:00,2015-04-08,0.6291,0.0,0.0,1863.0,0.6291,0.6291,0.6291,10000022,2015-06-24,2015-06-24,C,2.25,2015-02-09
11738,2015-04-08 14:39:00,2015-04-08,0.6291,0.0,0.0,1863.0,0.6291,0.6291,0.6291,10000022,2015-06-24,2015-06-24,C,2.25,2015-02-09
11739,2015-04-08 14:40:00,2015-04-08,0.6291,0.0,0.0,1863.0,0.6291,0.6291,0.6291,10000022,2015-06-24,2015-06-24,C,2.25,2015-02-09
11740,2015-04-08 14:41:00,2015-04-08,0.6291,0.0,0.0,1863.0,0.6291,0.6291,0.6291,10000022,2015-06-24,2015-06-24,C,2.25,2015-02-09
11741,2015-04-08 14:42:00,2015-04-08,0.6291,0.0,0.0,1863.0,0.6291,0.6291,0.6291,10000022,2015-06-24,2015-06-24,C,2.25,2015-02-09
11742,2015-04-08 14:43:00,2015-04-08,0.6291,0.0,0.0,1863.0,0.6291,0.6291,0.6291,10000022,2015-06-24,2015-06-24,C,2.25,2015-02-09
11743,2015-04-08 14:44:00,2015-04-08,0.6291,0.0,0.0,1863.0,0.6291,0.6291,0.6291,10000022,2015-06-24,2015-06-24,C,2.25,2015-02-09
11744,2015-04-08 14:45:00,2015-04-08,0.6291,0.0,0.0,1863.0,0.6291,0.6291,0.6291,10000022,2015-06-24,2015-06-24,C,2.25,2015-02-09
11745,2015-04-08 14:46:00,2015-04-08,0.6291,0.0,0.0,1863.0,0.6291,0.6291,0.6291,10000022,2015-06-24,2015-06-24,C,2.25,2015-02-09
11746,2015-04-08 14:47:00,2015-04-08,0.6291,0.0,0.0,1863.0,0.6291,0.6291,0.6291,10000022,2015-06-24,2015-06-24,C,2.25,2015-02-09
11747,2015-04-08 14:48:00,2015-04-08,0.6291,0.0,0.0,1863.0,0.6291,0.6291,0.6291,10000022,2015-06-24,2015-06-24,C,2.25,2015-02-09
11748,2015-04-08 14:49:00,2015-04-08,0.6291,0.0,0.0,1863.0,0.6291,0.6291,0.6291,10000022,2015-06-24,2015-06-24,C,2.25,2015-02-09
11749,2015-04-08 14:50:00,2015-04-08,0.6291,0.0,0.0,1863.0,0.6291,0.6291,0.6291,10000022,2015-06-24,2015-06-24,C,2.25,2015-02-09
11750,2015-04-08 14:51:00,2015-04-08,0.6291,0.0,0.0,1863.0,0.6291,0.6291,0.6291,10000022,2015-06-24,2015-06-24,C,2.25,2015-02-09
11751,2015-04-08 14:52:00,2015-04-08,0.6291,0.0,0.0,1863.0,0.6291,0.6291,0.6291,10000022,2015-06-24,2015-06-24,C,2.25,2015-02-09
11752,2015-04-08 14:53:00,2015-04-08,0.6291,0.0,0.0,1863.0,0.6291,0.6291,0.6291,10000022,2015-06-24,2015-06-24,C,2.25,2015-02-09
11753,2015-04-08 14:54:00,2015-04-08,0.6291,0.0,0.0,1863.0,0.6291,0.6291,0.6291,10000022,2015-06-24,2015-06-24,C,2.25,2015-02-09
11754,2015-04-08 14:55:00,2015-04-08,0.6291,0.0,0.0,1863.0,0.6291,0.6291,0.6291,10000022,2015-06-24,2015-06-24,C,2.25,2015-02-09
11755,2015-04-08 14:56:00,2015-04-08,0.67,60300.0,9.0,1863.0,0.67,0.67,0.67,10000022,2015-06-24,2015-06-24,C,2.25,2015-02-09
11756,2015-04-08 14:57:00,2015-04-08,0.67,0.0,0.0,1863.0,0.67,0.67,0.67,10000022,2015-06-24,2015-06-24,C,2.25,2015-02-09
11757,2015-04-08 14:58:00,2015-04-08,0.67,0.0,0.0,1863.0,0.67,0.67,0.67,10000022,2015-06-24,2015-06-24,C,2.25,2015-02-09
11758,2015-04-08 14:59:00,2015-04-08,0.67,0.0,0.0,1863.0,0.67,0.67,0.67,10000022,2015-06-24,2015-06-24,C,2.25,2015-02-09
11759,2015-04-08 15:00:00,2015-04-08,0.67,0.0,0.0,1863.0,0.67,0.67,0.67,10000022,2015-06-24,2015-06-24,C,2.25,2015-02-09
11760,2015-04-08 09:31:00,2015-04-08,0.4732,0.0,0.0,0.0,0.4732,0.4732,0.4732,10000025,2015-06-24,2015-06-24,C,2.4,2015-02-09
11761,2015-04-08 09:32:00,2015-04-08,0.4732,0.0,0.0,0.0,0.4732,0.4732,0.4732,10000025,2015-06-24,2015-06-24,C,2.4,2015-02-09
11762,2015-04-08 09:33:00,2015-04-08,0.4732,0.0,0.0,0.0,0.4732,0.4732,0.4732,10000025,2015-06-24,2015-06-24,C,2.4,2015-02-09
11763,2015-04-08 09:34:00,2015-04-08,0.4732,0.0,0.0,0.0,0.4732,0.4732,0.4732,10000025,2015-06-24,2015-06-24,C,2.4,2015-02-09
11764,2015-04-08 09:35:00,2015-04-08,0.4732,0.0,0.0,0.0,0.4732,0.4732,0.4732,10000025,2015-06-24,2015-06-24,C,2.4,2015-02-09
11765,2015-04-08 09:36:00,2015-04-08,0.4732,0.0,0.0,0.0,0.4732,0.4732,0.4732,10000025,2015-06-24,2015-06-24,C,2.4,2015-02-09
11766,2015-04-08 09:37:00,2015-04-08,0.4732,0.0,0.0,0.0,0.4732,0.4732,0.4732,10000025,2015-06-24,2015-06-24,C,2.4,2015-02-09
11767,2015-04-08 09:38:00,2015-04-08,0.4732,0.0,0.0,0.0,0.4732,0.4732,0.4732,10000025,2015-06-24,2015-06-24,C,2.4,2015-02-09
11768,2015-04-08 09:39:00,2015-04-08,0.4732,0.0,0.0,0.0,0.4732,0.4732,0.4732,10000025,2015-06-24,2015-06-24,C,2.4,2015-02-09
11769,2015-04-08 09:40:00,2015-04-08,0.4732,0.0,0.0,0.0,0.4732,0.4732,0.4732,10000025,2015-06-24,2015-06-24,C,2.4,2015-02-09
11770,2015-04-08 09:41:00,2015-04-08,0.4732,0.0,0.0,0.0,0.4732,0.4732,0.4732,10000025,2015-06-24,2015-06-24,C,2.4,2015-02-09
11771,2015-04-08 09:42:00,2015-04-08,0.4732,0.0,0.0,0.0,0.4732,0.4732,0.4732,10000025,2015-06-24,2015-06-24,C,2.4,2015-02-09
11772,2015-04-08 09:43:00,2015-04-08,0.4732,0.0,0.0,0.0,0.4732,0.4732,0.4732,10000025,2015-06-24,2015-06-24,C,2.4,2015-02-09
11773,2015-04-08 09:44:00,2015-04-08,0.4732,0.0,0.0,0.0,0.4732,0.4732,0.4732,10000025,2015-06-24,2015-06-24,C,2.4,2015-02-09
11774,2015-04-08 09:45:00,2015-04-08,0.4732,0.0,0.0,0.0,0.4732,0.4732,0.4732,10000025,2015-06-24,2015-06-24,C,2.4,2015-02-09
11775,2015-04-08 09:46:00,2015-04-08,0.4732,0.0,0.0,0.0,0.4732,0.4732,0.4732,10000025,2015-06-24,2015-06-24,C,2.4,2015-02-09
11776,2015-04-08 09:47:00,2015-04-08,0.4732,0.0,0.0,0.0,0.4732,0.4732,0.4732,10000025,2015-06-24,2015-06-24,C,2.4,2015-02-09
11777,2015-04-08 09:48:00,2015-04-08,0.4732,0.0,0.0,0.0,0.4732,0.4732,0.4732,10000025,2015-06-24,2015-06-24,C,2.4,2015-02-09
11778,2015-04-08 09:49:00,2015-04-08,0.4732,0.0,0.0,0.0,0.4732,0.4732,0.4732,10000025,2015-06-24,2015-06-24,C,2.4,2015-02-09
11779,2015-04-08 09:50:00,2015-04-08,0.4732,0.0,0.0,0.0,0.4732,0.4732,0.4732,10000025,2015-06-24,2015-06-24,C,2.4,2015-02-09
11780,2015-04-08 09:51:00,2015-04-08,0.4732,0.0,0.0,0.0,0.4732,0.4732,0.4732,10000025,2015-06-24,2015-06-24,C,2.4,2015-02-09
11781,2015-04-08 09:52:00,2015-04-08,0.4732,0.0,0.0,0.0,0.4732,0.4732,0.4732,10000025,2015-06-24,2015-06-24,C,2.4,2015-02-09
11782,2015-04-08 09:53:00,2015-04-08,0.472,-103340.0,-20.0,706.0,0.472,0.472,0.472,10000025,2015-06-24,2015-06-24,C,2.4,2015-02-09
11783,2015-04-08 09:54:00,2015-04-08,0.472,0.0,0.0,706.0,0.472,0.472,0.472,10000025,2015-06-24,2015-06-24,C,2.4,2015-02-09
11784,2015-04-08 09:55:00,2015-04-08,0.472,0.0,0.0,706.0,0.472,0.472,0.472,10000025,2015-06-24,2015-06-24,C,2.4,2015-02-09
11785,2015-04-08 09:56:00,2015-04-08,0.472,0.0,0.0,706.0,0.472,0.472,0.472,10000025,2015-06-24,2015-06-24,C,2.4,2015-02-09
11786,2015-04-08 09:57:00,2015-04-08,0.472,0.0,0.0,706.0,0.472,0.472,0.472,10000025,2015-06-24,2015-06-24,C,2.4,2015-02-09
11787,2015-04-08 09:58:00,2015-04-08,0.472,0.0,0.0,706.0,0.472,0.472,0.472,10000025,2015-06-24,2015-06-24,C,2.4,2015-02-09
11788,2015-04-08 09:59:00,2015-04-08,0.472,0.0,0.0,706.0,0.472,0.472,0.472,10000025,2015-06-24,2015-06-24,C,2.4,2015-02-09
11789,2015-04-08 10:00:00,2015-04-08,0.472,0.0,0.0,706.0,0.472,0.472,0.472,10000025,2015-06-24,2015-06-24,C,2.4,2015-02-09
11790,2015-04-08 10:01:00,2015-04-08,0.472,0.0,0.0,706.0,0.472,0.472,0.472,10000025,2015-06-24,2015-06-24,C,2.4,2015-02-09
11791,2015-04-08 10:02:00,2015-04-08,0.472,0.0,0.0,706.0,0.472,0.472,0.472,10000025,2015-06-24,2015-06-24,C,2.4,2015-02-09
11792,2015-04-08 10:03:00,2015-04-08,0.472,0.0,0.0,706.0,0.472,0.472,0.472,10000025,2015-06-24,2015-06-24,C,2.4,2015-02-09
11793,2015-04-08 10:04:00,2015-04-08,0.472,0.0,0.0,706.0,0.472,0.472,0.472,10000025,2015-06-24,2015-06-24,C,2.4,2015-02-09
11794,2015-04-08 10:05:00,2015-04-08,0.472,0.0,0.0,706.0,0.472,0.472,0.472,10000025,2015-06-24,2015-06-24,C,2.4,2015-02-09
11795,2015-04-08 10:06:00,2015-04-08,0.472,0.0,0.0,706.0,0.472,0.472,0.472,10000025,2015-06-24,2015-06-24,C,2.4,2015-02-09
11796,2015-04-08 10:07:00,2015-04-08,0.514,5140.0,1.0,706.0,0.514,0.514,0.514,10000025,2015-06-24,2015-06-24,C,2.4,2015-02-09
11797,2015-04-08 10:08:00,2015-04-08,0.514,0.0,0.0,706.0,0.514,0.514,0.514,10000025,2015-06-24,2015-06-24,C,2.4,2015-02-09
11798,2015-04-08 10:09:00,2015-04-08,0.514,0.0,0.0,706.0,0.514,0.514,0.514,10000025,2015-06-24,2015-06-24,C,2.4,2015-02-09
11799,2015-04-08 10:10:00,2015-04-08,0.514,0.0,0.0,706.0,0.514,0.514,0.514,10000025,2015-06-24,2015-06-24,C,2.4,2015-02-09
11800,2015-04-08 10:11:00,2015-04-08,0.514,0.0,0.0,706.0,0.514,0.514,0.514,10000025,2015-06-24,2015-06-24,C,2.4,2015-02-09
11801,2015-04-08 10:12:00,2015-04-08,0.49,4900.0,1.0,707.0,0.49,0.49,0.49,10000025,2015-06-24,2015-06-24,C,2.4,2015-02-09
11802,2015-04-08 10:13:00,2015-04-08,0.49,0.0,0.0,707.0,0.49,0.49,0.49,10000025,2015-06-24,2015-06-24,C,2.4,2015-02-09
11803,2015-04-08 10:14:00,2015-04-08,0.49,0.0,0.0,707.0,0.49,0.49,0.49,10000025,2015-06-24,2015-06-24,C,2.4,2015-02-09
11804,2015-04-08 10:15:00,2015-04-08,0.49,0.0,0.0,707.0,0.49,0.49,0.49,10000025,2015-06-24,2015-06-24,C,2.4,2015-02-09
11805,2015-04-08 10:16:00,2015-04-08,0.49,0.0,0.0,707.0,0.49,0.49,0.49,10000025,2015-06-24,2015-06-24,C,2.4,2015-02-09
11806,2015-04-08 10:17:00,2015-04-08,0.49,0.0,0.0,707.0,0.49,0.49,0.49,10000025,2015-06-24,2015-06-24,C,2.4,2015-02-09
11807,2015-04-08 10:18:00,2015-04-08,0.49,0.0,0.0,707.0,0.49,0.49,0.49,10000025,2015-06-24,2015-06-24,C,2.4,2015-02-09
11808,2015-04-08 10:19:00,2015-04-08,0.49,0.0,0.0,707.0,0.49,0.49,0.49,10000025,2015-06-24,2015-06-24,C,2.4,2015-02-09
11809,2015-04-08 10:20:00,2015-04-08,0.4701,4701.0,1.0,707.0,0.4701,0.4701,0.4701,10000025,2015-06-24,2015-06-24,C,2.4,2015-02-09
11810,2015-04-08 10:21:00,2015-04-08,0.4701,0.0,0.0,707.0,0.4701,0.4701,0.4701,10000025,2015-06-24,2015-06-24,C,2.4,2015-02-09
11811,2015-04-08 10:22:00,2015-04-08,0.4701,0.0,0.0,707.0,0.4701,0.4701,0.4701,10000025,2015-06-24,2015-06-24,C,2.4,2015-02-09
11812,2015-04-08 10:23:00,2015-04-08,0.4701,0.0,0.0,707.0,0.4701,0.4701,0.4701,10000025,2015-06-24,2015-06-24,C,2.4,2015-02-09
11813,2015-04-08 10:24:00,2015-04-08,0.4701,0.0,0.0,707.0,0.4701,0.4701,0.4701,10000025,2015-06-24,2015-06-24,C,2.4,2015-02-09
11814,2015-04-08 10:25:00,2015-04-08,0.4701,0.0,0.0,707.0,0.4701,0.4701,0.4701,10000025,2015-06-24,2015-06-24,C,2.4,2015-02-09
11815,2015-04-08 10:26:00,2015-04-08,0.4701,0.0,0.0,707.0,0.4701,0.4701,0.4701,10000025,2015-06-24,2015-06-24,C,2.4,2015-02-09
11816,2015-04-08 10:27:00,2015-04-08,0.4701,0.0,0.0,707.0,0.4701,0.4701,0.4701,10000025,2015-06-24,2015-06-24,C,2.4,2015-02-09
11817,2015-04-08 10:28:00,2015-04-08,0.4701,0.0,0.0,707.0,0.4701,0.4701,0.4701,10000025,2015-06-24,2015-06-24,C,2.4,2015-02-09
11818,2015-04-08 10:29:00,2015-04-08,0.4701,0.0,0.0,707.0,0.4701,0.4701,0.4701,10000025,2015-06-24,2015-06-24,C,2.4,2015-02-09
11819,2015-04-08 10:30:00,2015-04-08,0.4701,0.0,0.0,707.0,0.4701,0.4701,0.4701,10000025,2015-06-24,2015-06-24,C,2.4,2015-02-09
11820,2015-04-08 10:31:00,2015-04-08,0.4701,0.0,0.0,707.0,0.4701,0.4701,0.4701,10000025,2015-06-24,2015-06-24,C,2.4,2015-02-09
11821,2015-04-08 10:32:00,2015-04-08,0.4701,0.0,0.0,707.0,0.4701,0.4701,0.4701,10000025,2015-06-24,2015-06-24,C,2.4,2015-02-09
11822,2015-04-08 10:33:00,2015-04-08,0.4701,0.0,0.0,707.0,0.4701,0.4701,0.4701,10000025,2015-06-24,2015-06-24,C,2.4,2015-02-09
11823,2015-04-08 10:34:00,2015-04-08,0.4701,0.0,0.0,707.0,0.4701,0.4701,0.4701,10000025,2015-06-24,2015-06-24,C,2.4,2015-02-09
11824,2015-04-08 10:35:00,2015-04-08,0.4701,0.0,0.0,707.0,0.4701,0.4701,0.4701,10000025,2015-06-24,2015-06-24,C,2.4,2015-02-09
11825,2015-04-08 10:36:00,2015-04-08,0.4701,0.0,0.0,707.0,0.4701,0.4701,0.4701,10000025,2015-06-24,2015-06-24,C,2.4,2015-02-09
11826,2015-04-08 10:37:00,2015-04-08,0.4701,0.0,0.0,707.0,0.4701,0.4701,0.4701,10000025,2015-06-24,2015-06-24,C,2.4,2015-02-09
11827,2015-04-08 10:38:00,2015-04-08,0.4701,0.0,0.0,707.0,0.4701,0.4701,0.4701,10000025,2015-06-24,2015-06-24,C,2.4,2015-02-09
11828,2015-04-08 10:39:00,2015-04-08,0.4701,0.0,0.0,707.0,0.4701,0.4701,0.4701,10000025,2015-06-24,2015-06-24,C,2.4,2015-02-09
11829,2015-04-08 10:40:00,2015-04-08,0.4701,0.0,0.0,707.0,0.4701,0.4701,0.4701,10000025,2015-06-24,2015-06-24,C,2.4,2015-02-09
11830,2015-04-08 10:41:00,2015-04-08,0.4701,0.0,0.0,707.0,0.4701,0.4701,0.4701,10000025,2015-06-24,2015-06-24,C,2.4,2015-02-09
11831,2015-04-08 10:42:00,2015-04-08,0.4701,0.0,0.0,707.0,0.4701,0.4701,0.4701,10000025,2015-06-24,2015-06-24,C,2.4,2015-02-09
11832,2015-04-08 10:43:00,2015-04-08,0.4701,0.0,0.0,707.0,0.4701,0.4701,0.4701,10000025,2015-06-24,2015-06-24,C,2.4,2015-02-09
11833,2015-04-08 10:44:00,2015-04-08,0.4701,0.0,0.0,707.0,0.4701,0.4701,0.4701,10000025,2015-06-24,2015-06-24,C,2.4,2015-02-09
11834,2015-04-08 10:45:00,2015-04-08,0.4701,0.0,0.0,707.0,0.4701,0.4701,0.4701,10000025,2015-06-24,2015-06-24,C,2.4,2015-02-09
11835,2015-04-08 10:46:00,2015-04-08,0.4701,0.0,0.0,707.0,0.4701,0.4701,0.4701,10000025,2015-06-24,2015-06-24,C,2.4,2015-02-09
11836,2015-04-08 10:47:00,2015-04-08,0.4701,0.0,0.0,707.0,0.4701,0.4701,0.4701,10000025,2015-06-24,2015-06-24,C,2.4,2015-02-09
11837,2015-04-08 10:48:00,2015-04-08,0.4701,0.0,0.0,707.0,0.4701,0.4701,0.4701,10000025,2015-06-24,2015-06-24,C,2.4,2015-02-09
11838,2015-04-08 10:49:00,2015-04-08,0.4701,0.0,0.0,707.0,0.4701,0.4701,0.4701,10000025,2015-06-24,2015-06-24,C,2.4,2015-02-09
11839,2015-04-08 10:50:00,2015-04-08,0.4701,0.0,0.0,707.0,0.4701,0.4701,0.4701,10000025,2015-06-24,2015-06-24,C,2.4,2015-02-09
11840,2015-04-08 10:51:00,2015-04-08,0.4701,0.0,0.0,707.0,0.4701,0.4701,0.4701,10000025,2015-06-24,2015-06-24,C,2.4,2015-02-09
11841,2015-04-08 10:52:00,2015-04-08,0.4701,0.0,0.0,707.0,0.4701,0.4701,0.4701,10000025,2015-06-24,2015-06-24,C,2.4,2015-02-09
11842,2015-04-08 10:53:00,2015-04-08,0.4701,0.0,0.0,707.0,0.4701,0.4701,0.4701,10000025,2015-06-24,2015-06-24,C,2.4,2015-02-09
11843,2015-04-08 10:54:00,2015-04-08,0.4701,0.0,0.0,707.0,0.4701,0.4701,0.4701,10000025,2015-06-24,2015-06-24,C,2.4,2015-02-09
11844,2015-04-08 10:55:00,2015-04-08,0.4701,0.0,0.0,707.0,0.4701,0.4701,0.4701,10000025,2015-06-24,2015-06-24,C,2.4,2015-02-09
11845,2015-04-08 10:56:00,2015-04-08,0.4701,0.0,0.0,707.0,0.4701,0.4701,0.4701,10000025,2015-06-24,2015-06-24,C,2.4,2015-02-09
11846,2015-04-08 10:57:00,2015-04-08,0.4701,0.0,0.0,707.0,0.4701,0.4701,0.4701,10000025,2015-06-24,2015-06-24,C,2.4,2015-02-09
11847,2015-04-08 10:58:00,2015-04-08,0.4701,0.0,0.0,707.0,0.4701,0.4701,0.4701,10000025,2015-06-24,2015-06-24,C,2.4,2015-02-09
11848,2015-04-08 10:59:00,2015-04-08,0.4701,0.0,0.0,707.0,0.4701,0.4701,0.4701,10000025,2015-06-24,2015-06-24,C,2.4,2015-02-09
11849,2015-04-08 11:00:00,2015-04-08,0.4701,0.0,0.0,707.0,0.4701,0.4701,0.4701,10000025,2015-06-24,2015-06-24,C,2.4,2015-02-09
11850,2015-04-08 11:01:00,2015-04-08,0.4701,0.0,0.0,707.0,0.4701,0.4701,0.4701,10000025,2015-06-24,2015-06-24,C,2.4,2015-02-09
11851,2015-04-08 11:02:00,2015-04-08,0.4701,0.0,0.0,707.0,0.4701,0.4701,0.4701,10000025,2015-06-24,2015-06-24,C,2.4,2015-02-09
11852,2015-04-08 11:03:00,2015-04-08,0.4701,0.0,0.0,707.0,0.4701,0.4701,0.4701,10000025,2015-06-24,2015-06-24,C,2.4,2015-02-09
11853,2015-04-08 11:04:00,2015-04-08,0.4701,0.0,0.0,707.0,0.4701,0.4701,0.4701,10000025,2015-06-24,2015-06-24,C,2.4,2015-02-09
11854,2015-04-08 11:05:00,2015-04-08,0.4701,0.0,0.0,707.0,0.4701,0.4701,0.4701,10000025,2015-06-24,2015-06-24,C,2.4,2015-02-09
11855,2015-04-08 11:06:00,2015-04-08,0.4701,0.0,0.0,707.0,0.4701,0.4701,0.4701,10000025,2015-06-24,2015-06-24,C,2.4,2015-02-09
11856,2015-04-08 11:07:00,2015-04-08,0.4701,0.0,0.0,707.0,0.4701,0.4701,0.4701,10000025,2015-06-24,2015-06-24,C,2.4,2015-02-09
11857,2015-04-08 11:08:00,2015-04-08,0.4701,0.0,0.0,707.0,0.4701,0.4701,0.4701,10000025,2015-06-24,2015-06-24,C,2.4,2015-02-09
11858,2015-04-08 11:09:00,2015-04-08,0.4701,0.0,0.0,707.0,0.4701,0.4701,0.4701,10000025,2015-06-24,2015-06-24,C,2.4,2015-02-09
11859,2015-04-08 11:10:00,2015-04-08,0.4701,0.0,0.0,707.0,0.4701,0.4701,0.4701,10000025,2015-06-24,2015-06-24,C,2.4,2015-02-09
11860,2015-04-08 11:11:00,2015-04-08,0.4701,0.0,0.0,707.0,0.4701,0.4701,0.4701,10000025,2015-06-24,2015-06-24,C,2.4,2015-02-09
11861,2015-04-08 11:12:00,2015-04-08,0.4701,0.0,0.0,707.0,0.4701,0.4701,0.4701,10000025,2015-06-24,2015-06-24,C,2.4,2015-02-09
11862,2015-04-08 11:13:00,2015-04-08,0.4701,0.0,0.0,707.0,0.4701,0.4701,0.4701,10000025,2015-06-24,2015-06-24,C,2.4,2015-02-09
11863,2015-04-08 11:14:00,2015-04-08,0.4701,0.0,0.0,707.0,0.4701,0.4701,0.4701,10000025,2015-06-24,2015-06-24,C,2.4,2015-02-09
11864,2015-04-08 11:15:00,2015-04-08,0.4701,0.0,0.0,707.0,0.4701,0.4701,0.4701,10000025,2015-06-24,2015-06-24,C,2.4,2015-02-09
11865,2015-04-08 11:16:00,2015-04-08,0.4701,0.0,0.0,707.0,0.4701,0.4701,0.4701,10000025,2015-06-24,2015-06-24,C,2.4,2015-02-09
11866,2015-04-08 11:17:00,2015-04-08,0.4701,0.0,0.0,707.0,0.4701,0.4701,0.4701,10000025,2015-06-24,2015-06-24,C,2.4,2015-02-09
11867,2015-04-08 11:18:00,2015-04-08,0.4701,0.0,0.0,707.0,0.4701,0.4701,0.4701,10000025,2015-06-24,2015-06-24,C,2.4,2015-02-09
11868,2015-04-08 11:19:00,2015-04-08,0.4701,0.0,0.0,707.0,0.4701,0.4701,0.4701,10000025,2015-06-24,2015-06-24,C,2.4,2015-02-09
11869,2015-04-08 11:20:00,2015-04-08,0.4701,0.0,0.0,707.0,0.4701,0.4701,0.4701,10000025,2015-06-24,2015-06-24,C,2.4,2015-02-09
11870,2015-04-08 11:21:00,2015-04-08,0.4701,0.0,0.0,707.0,0.4701,0.4701,0.4701,10000025,2015-06-24,2015-06-24,C,2.4,2015-02-09
11871,2015-04-08 11:22:00,2015-04-08,0.4701,0.0,0.0,707.0,0.4701,0.4701,0.4701,10000025,2015-06-24,2015-06-24,C,2.4,2015-02-09
11872,2015-04-08 11:23:00,2015-04-08,0.4701,0.0,0.0,707.0,0.4701,0.4701,0.4701,10000025,2015-06-24,2015-06-24,C,2.4,2015-02-09
11873,2015-04-08 11:24:00,2015-04-08,0.4701,0.0,0.0,707.0,0.4701,0.4701,0.4701,10000025,2015-06-24,2015-06-24,C,2.4,2015-02-09
11874,2015-04-08 11:25:00,2015-04-08,0.4701,0.0,0.0,707.0,0.4701,0.4701,0.4701,10000025,2015-06-24,2015-06-24,C,2.4,2015-02-09
11875,2015-04-08 11:26:00,2015-04-08,0.4701,0.0,0.0,707.0,0.4701,0.4701,0.4701,10000025,2015-06-24,2015-06-24,C,2.4,2015-02-09
11876,2015-04-08 11:27:00,2015-04-08,0.4701,0.0,0.0,707.0,0.4701,0.4701,0.4701,10000025,2015-06-24,2015-06-24,C,2.4,2015-02-09
11877,2015-04-08 11:28:00,2015-04-08,0.4701,0.0,0.0,707.0,0.4701,0.4701,0.4701,10000025,2015-06-24,2015-06-24,C,2.4,2015-02-09
11878,2015-04-08 11:29:00,2015-04-08,0.4701,0.0,0.0,707.0,0.4701,0.4701,0.4701,10000025,2015-06-24,2015-06-24,C,2.4,2015-02-09
11879,2015-04-08 11:30:00,2015-04-08,0.4701,0.0,0.0,707.0,0.4701,0.4701,0.4701,10000025,2015-06-24,2015-06-24,C,2.4,2015-02-09
11880,2015-04-08 13:01:00,2015-04-08,0.5076,25380.0,5.0,712.0,0.5076,0.5076,0.5076,10000025,2015-06-24,2015-06-24,C,2.4,2015-02-09
11881,2015-04-08 13:02:00,2015-04-08,0.5076,0.0,0.0,712.0,0.5076,0.5076,0.5076,10000025,2015-06-24,2015-06-24,C,2.4,2015-02-09
11882,2015-04-08 13:03:00,2015-04-08,0.5076,0.0,0.0,712.0,0.5076,0.5076,0.5076,10000025,2015-06-24,2015-06-24,C,2.4,2015-02-09
11883,2015-04-08 13:04:00,2015-04-08,0.5076,0.0,0.0,712.0,0.5076,0.5076,0.5076,10000025,2015-06-24,2015-06-24,C,2.4,2015-02-09
11884,2015-04-08 13:05:00,2015-04-08,0.5076,0.0,0.0,712.0,0.5076,0.5076,0.5076,10000025,2015-06-24,2015-06-24,C,2.4,2015-02-09
11885,2015-04-08 13:06:00,2015-04-08,0.5076,0.0,0.0,712.0,0.5076,0.5076,0.5076,10000025,2015-06-24,2015-06-24,C,2.4,2015-02-09
11886,2015-04-08 13:07:00,2015-04-08,0.5076,0.0,0.0,712.0,0.5076,0.5076,0.5076,10000025,2015-06-24,2015-06-24,C,2.4,2015-02-09
11887,2015-04-08 13:08:00,2015-04-08,0.5076,0.0,0.0,712.0,0.5076,0.5076,0.5076,10000025,2015-06-24,2015-06-24,C,2.4,2015-02-09
11888,2015-04-08 13:09:00,2015-04-08,0.5076,0.0,0.0,712.0,0.5076,0.5076,0.5076,10000025,2015-06-24,2015-06-24,C,2.4,2015-02-09
11889,2015-04-08 13:10:00,2015-04-08,0.5076,0.0,0.0,712.0,0.5076,0.5076,0.5076,10000025,2015-06-24,2015-06-24,C,2.4,2015-02-09
11890,2015-04-08 13:11:00,2015-04-08,0.5076,0.0,0.0,712.0,0.5076,0.5076,0.5076,10000025,2015-06-24,2015-06-24,C,2.4,2015-02-09
11891,2015-04-08 13:12:00,2015-04-08,0.5076,0.0,0.0,712.0,0.5076,0.5076,0.5076,10000025,2015-06-24,2015-06-24,C,2.4,2015-02-09
11892,2015-04-08 13:13:00,2015-04-08,0.5076,0.0,0.0,712.0,0.5076,0.5076,0.5076,10000025,2015-06-24,2015-06-24,C,2.4,2015-02-09
11893,2015-04-08 13:14:00,2015-04-08,0.5076,0.0,0.0,712.0,0.5076,0.5076,0.5076,10000025,2015-06-24,2015-06-24,C,2.4,2015-02-09
11894,2015-04-08 13:15:00,2015-04-08,0.5076,0.0,0.0,712.0,0.5076,0.5076,0.5076,10000025,2015-06-24,2015-06-24,C,2.4,2015-02-09
11895,2015-04-08 13:16:00,2015-04-08,0.5076,0.0,0.0,712.0,0.5076,0.5076,0.5076,10000025,2015-06-24,2015-06-24,C,2.4,2015-02-09
11896,2015-04-08 13:17:00,2015-04-08,0.5076,0.0,0.0,712.0,0.5076,0.5076,0.5076,10000025,2015-06-24,2015-06-24,C,2.4,2015-02-09
11897,2015-04-08 13:18:00,2015-04-08,0.5076,0.0,0.0,712.0,0.5076,0.5076,0.5076,10000025,2015-06-24,2015-06-24,C,2.4,2015-02-09
11898,2015-04-08 13:19:00,2015-04-08,0.5076,0.0,0.0,712.0,0.5076,0.5076,0.5076,10000025,2015-06-24,2015-06-24,C,2.4,2015-02-09
11899,2015-04-08 13:20:00,2015-04-08,0.5223,5223.0,1.0,712.0,0.5223,0.5223,0.5223,10000025,2015-06-24,2015-06-24,C,2.4,2015-02-09
11900,2015-04-08 13:21:00,2015-04-08,0.5223,0.0,0.0,712.0,0.5223,0.5223,0.5223,10000025,2015-06-24,2015-06-24,C,2.4,2015-02-09
11901,2015-04-08 13:22:00,2015-04-08,0.5223,0.0,0.0,712.0,0.5223,0.5223,0.5223,10000025,2015-06-24,2015-06-24,C,2.4,2015-02-09
11902,2015-04-08 13:23:00,2015-04-08,0.5223,0.0,0.0,712.0,0.5223,0.5223,0.5223,10000025,2015-06-24,2015-06-24,C,2.4,2015-02-09
11903,2015-04-08 13:24:00,2015-04-08,0.5223,0.0,0.0,712.0,0.5223,0.5223,0.5223,10000025,2015-06-24,2015-06-24,C,2.4,2015-02-09
11904,2015-04-08 13:25:00,2015-04-08,0.5326,5326.0,1.0,712.0,0.5326,0.5326,0.5326,10000025,2015-06-24,2015-06-24,C,2.4,2015-02-09
11905,2015-04-08 13:26:00,2015-04-08,0.5326,0.0,0.0,712.0,0.5326,0.5326,0.5326,10000025,2015-06-24,2015-06-24,C,2.4,2015-02-09
11906,2015-04-08 13:27:00,2015-04-08,0.5326,0.0,0.0,712.0,0.5326,0.5326,0.5326,10000025,2015-06-24,2015-06-24,C,2.4,2015-02-09
11907,2015-04-08 13:28:00,2015-04-08,0.5326,0.0,0.0,712.0,0.5326,0.5326,0.5326,10000025,2015-06-24,2015-06-24,C,2.4,2015-02-09
11908,2015-04-08 13:29:00,2015-04-08,0.5326,0.0,0.0,712.0,0.5326,0.5326,0.5326,10000025,2015-06-24,2015-06-24,C,2.4,2015-02-09
11909,2015-04-08 13:30:00,2015-04-08,0.5326,0.0,0.0,712.0,0.5326,0.5326,0.5326,10000025,2015-06-24,2015-06-24,C,2.4,2015-02-09
11910,2015-04-08 13:31:00,2015-04-08,0.5326,0.0,0.0,712.0,0.5326,0.5326,0.5326,10000025,2015-06-24,2015-06-24,C,2.4,2015-02-09
11911,2015-04-08 13:32:00,2015-04-08,0.5326,0.0,0.0,712.0,0.5326,0.5326,0.5326,10000025,2015-06-24,2015-06-24,C,2.4,2015-02-09
11912,2015-04-08 13:33:00,2015-04-08,0.5326,0.0,0.0,712.0,0.5326,0.5326,0.5326,10000025,2015-06-24,2015-06-24,C,2.4,2015-02-09
11913,2015-04-08 13:34:00,2015-04-08,0.5326,0.0,0.0,712.0,0.5326,0.5326,0.5326,10000025,2015-06-24,2015-06-24,C,2.4,2015-02-09
11914,2015-04-08 13:35:00,2015-04-08,0.5326,0.0,0.0,712.0,0.5326,0.5326,0.5326,10000025,2015-06-24,2015-06-24,C,2.4,2015-02-09
11915,2015-04-08 13:36:00,2015-04-08,0.5326,0.0,0.0,712.0,0.5326,0.5326,0.5326,10000025,2015-06-24,2015-06-24,C,2.4,2015-02-09
11916,2015-04-08 13:37:00,2015-04-08,0.5326,0.0,0.0,712.0,0.5326,0.5326,0.5326,10000025,2015-06-24,2015-06-24,C,2.4,2015-02-09
11917,2015-04-08 13:38:00,2015-04-08,0.5326,0.0,0.0,712.0,0.5326,0.5326,0.5326,10000025,2015-06-24,2015-06-24,C,2.4,2015-02-09
11918,2015-04-08 13:39:00,2015-04-08,0.5326,0.0,0.0,712.0,0.5326,0.5326,0.5326,10000025,2015-06-24,2015-06-24,C,2.4,2015-02-09
11919,2015-04-08 13:40:00,2015-04-08,0.5326,0.0,0.0,712.0,0.5326,0.5326,0.5326,10000025,2015-06-24,2015-06-24,C,2.4,2015-02-09
11920,2015-04-08 13:41:00,2015-04-08,0.5326,0.0,0.0,712.0,0.5326,0.5326,0.5326,10000025,2015-06-24,2015-06-24,C,2.4,2015-02-09
11921,2015-04-08 13:42:00,2015-04-08,0.5326,0.0,0.0,712.0,0.5326,0.5326,0.5326,10000025,2015-06-24,2015-06-24,C,2.4,2015-02-09
11922,2015-04-08 13:43:00,2015-04-08,0.5326,0.0,0.0,712.0,0.5326,0.5326,0.5326,10000025,2015-06-24,2015-06-24,C,2.4,2015-02-09
11923,2015-04-08 13:44:00,2015-04-08,0.5326,0.0,0.0,712.0,0.5326,0.5326,0.5326,10000025,2015-06-24,2015-06-24,C,2.4,2015-02-09
11924,2015-04-08 13:45:00,2015-04-08,0.5326,0.0,0.0,712.0,0.5326,0.5326,0.5326,10000025,2015-06-24,2015-06-24,C,2.4,2015-02-09
11925,2015-04-08 13:46:00,2015-04-08,0.5326,0.0,0.0,712.0,0.5326,0.5326,0.5326,10000025,2015-06-24,2015-06-24,C,2.4,2015-02-09
11926,2015-04-08 13:47:00,2015-04-08,0.5326,0.0,0.0,712.0,0.5326,0.5326,0.5326,10000025,2015-06-24,2015-06-24,C,2.4,2015-02-09
11927,2015-04-08 13:48:00,2015-04-08,0.5326,0.0,0.0,712.0,0.5326,0.5326,0.5326,10000025,2015-06-24,2015-06-24,C,2.4,2015-02-09
11928,2015-04-08 13:49:00,2015-04-08,0.5326,0.0,0.0,712.0,0.5326,0.5326,0.5326,10000025,2015-06-24,2015-06-24,C,2.4,2015-02-09
11929,2015-04-08 13:50:00,2015-04-08,0.5326,0.0,0.0,712.0,0.5326,0.5326,0.5326,10000025,2015-06-24,2015-06-24,C,2.4,2015-02-09
11930,2015-04-08 13:51:00,2015-04-08,0.5326,0.0,0.0,712.0,0.5326,0.5326,0.5326,10000025,2015-06-24,2015-06-24,C,2.4,2015-02-09
11931,2015-04-08 13:52:00,2015-04-08,0.5326,0.0,0.0,712.0,0.5326,0.5326,0.5326,10000025,2015-06-24,2015-06-24,C,2.4,2015-02-09
11932,2015-04-08 13:53:00,2015-04-08,0.5326,0.0,0.0,712.0,0.5326,0.5326,0.5326,10000025,2015-06-24,2015-06-24,C,2.4,2015-02-09
11933,2015-04-08 13:54:00,2015-04-08,0.5326,0.0,0.0,712.0,0.5326,0.5326,0.5326,10000025,2015-06-24,2015-06-24,C,2.4,2015-02-09
11934,2015-04-08 13:55:00,2015-04-08,0.5326,0.0,0.0,712.0,0.5326,0.5326,0.5326,10000025,2015-06-24,2015-06-24,C,2.4,2015-02-09
11935,2015-04-08 13:56:00,2015-04-08,0.5326,0.0,0.0,712.0,0.5326,0.5326,0.5326,10000025,2015-06-24,2015-06-24,C,2.4,2015-02-09
11936,2015-04-08 13:57:00,2015-04-08,0.5326,0.0,0.0,712.0,0.5326,0.5326,0.5326,10000025,2015-06-24,2015-06-24,C,2.4,2015-02-09
11937,2015-04-08 13:58:00,2015-04-08,0.5326,0.0,0.0,712.0,0.5326,0.5326,0.5326,10000025,2015-06-24,2015-06-24,C,2.4,2015-02-09
11938,2015-04-08 13:59:00,2015-04-08,0.5326,0.0,0.0,712.0,0.5326,0.5326,0.5326,10000025,2015-06-24,2015-06-24,C,2.4,2015-02-09
11939,2015-04-08 14:00:00,2015-04-08,0.5326,0.0,0.0,712.0,0.5326,0.5326,0.5326,10000025,2015-06-24,2015-06-24,C,2.4,2015-02-09
11940,2015-04-08 14:01:00,2015-04-08,0.5326,0.0,0.0,712.0,0.5326,0.5326,0.5326,10000025,2015-06-24,2015-06-24,C,2.4,2015-02-09
11941,2015-04-08 14:02:00,2015-04-08,0.5326,0.0,0.0,712.0,0.5326,0.5326,0.5326,10000025,2015-06-24,2015-06-24,C,2.4,2015-02-09
11942,2015-04-08 14:03:00,2015-04-08,0.5326,0.0,0.0,712.0,0.5326,0.5326,0.5326,10000025,2015-06-24,2015-06-24,C,2.4,2015-02-09
11943,2015-04-08 14:04:00,2015-04-08,0.5326,0.0,0.0,712.0,0.5326,0.5326,0.5326,10000025,2015-06-24,2015-06-24,C,2.4,2015-02-09
11944,2015-04-08 14:05:00,2015-04-08,0.5315,10630.0,2.0,712.0,0.5315,0.5315,0.5315,10000025,2015-06-24,2015-06-24,C,2.4,2015-02-09
11945,2015-04-08 14:06:00,2015-04-08,0.5305,15915.0,3.0,715.0,0.5305,0.5305,0.5305,10000025,2015-06-24,2015-06-24,C,2.4,2015-02-09
11946,2015-04-08 14:07:00,2015-04-08,0.5305,0.0,0.0,715.0,0.5305,0.5305,0.5305,10000025,2015-06-24,2015-06-24,C,2.4,2015-02-09
11947,2015-04-08 14:08:00,2015-04-08,0.5305,0.0,0.0,715.0,0.5305,0.5305,0.5305,10000025,2015-06-24,2015-06-24,C,2.4,2015-02-09
11948,2015-04-08 14:09:00,2015-04-08,0.5305,0.0,0.0,715.0,0.5305,0.5305,0.5305,10000025,2015-06-24,2015-06-24,C,2.4,2015-02-09
11949,2015-04-08 14:10:00,2015-04-08,0.5305,0.0,0.0,715.0,0.5305,0.5305,0.5305,10000025,2015-06-24,2015-06-24,C,2.4,2015-02-09
11950,2015-04-08 14:11:00,2015-04-08,0.5305,0.0,0.0,715.0,0.5305,0.5305,0.5305,10000025,2015-06-24,2015-06-24,C,2.4,2015-02-09
11951,2015-04-08 14:12:00,2015-04-08,0.5305,0.0,0.0,715.0,0.5305,0.5305,0.5305,10000025,2015-06-24,2015-06-24,C,2.4,2015-02-09
11952,2015-04-08 14:13:00,2015-04-08,0.5305,0.0,0.0,715.0,0.5305,0.5305,0.5305,10000025,2015-06-24,2015-06-24,C,2.4,2015-02-09
11953,2015-04-08 14:14:00,2015-04-08,0.5305,0.0,0.0,715.0,0.5305,0.5305,0.5305,10000025,2015-06-24,2015-06-24,C,2.4,2015-02-09
11954,2015-04-08 14:15:00,2015-04-08,0.5305,0.0,0.0,715.0,0.5305,0.5305,0.5305,10000025,2015-06-24,2015-06-24,C,2.4,2015-02-09
11955,2015-04-08 14:16:00,2015-04-08,0.5305,0.0,0.0,715.0,0.5305,0.5305,0.5305,10000025,2015-06-24,2015-06-24,C,2.4,2015-02-09
11956,2015-04-08 14:17:00,2015-04-08,0.5305,0.0,0.0,715.0,0.5305,0.5305,0.5305,10000025,2015-06-24,2015-06-24,C,2.4,2015-02-09
11957,2015-04-08 14:18:00,2015-04-08,0.5305,0.0,0.0,715.0,0.5305,0.5305,0.5305,10000025,2015-06-24,2015-06-24,C,2.4,2015-02-09
11958,2015-04-08 14:19:00,2015-04-08,0.5305,0.0,0.0,715.0,0.5305,0.5305,0.5305,10000025,2015-06-24,2015-06-24,C,2.4,2015-02-09
11959,2015-04-08 14:20:00,2015-04-08,0.5305,0.0,0.0,715.0,0.5305,0.5305,0.5305,10000025,2015-06-24,2015-06-24,C,2.4,2015-02-09
11960,2015-04-08 14:21:00,2015-04-08,0.5225,26125.0,5.0,715.0,0.5225,0.5225,0.5225,10000025,2015-06-24,2015-06-24,C,2.4,2015-02-09
11961,2015-04-08 14:22:00,2015-04-08,0.5225,0.0,0.0,715.0,0.5225,0.5225,0.5225,10000025,2015-06-24,2015-06-24,C,2.4,2015-02-09
11962,2015-04-08 14:23:00,2015-04-08,0.5225,0.0,0.0,715.0,0.5225,0.5225,0.5225,10000025,2015-06-24,2015-06-24,C,2.4,2015-02-09
11963,2015-04-08 14:24:00,2015-04-08,0.5225,0.0,0.0,715.0,0.5225,0.5225,0.5225,10000025,2015-06-24,2015-06-24,C,2.4,2015-02-09
11964,2015-04-08 14:25:00,2015-04-08,0.5225,0.0,0.0,715.0,0.5225,0.5225,0.5225,10000025,2015-06-24,2015-06-24,C,2.4,2015-02-09
11965,2015-04-08 14:26:00,2015-04-08,0.5225,0.0,0.0,715.0,0.5225,0.5225,0.5225,10000025,2015-06-24,2015-06-24,C,2.4,2015-02-09
11966,2015-04-08 14:27:00,2015-04-08,0.5225,0.0,0.0,715.0,0.5225,0.5225,0.5225,10000025,2015-06-24,2015-06-24,C,2.4,2015-02-09
11967,2015-04-08 14:28:00,2015-04-08,0.5225,0.0,0.0,715.0,0.5225,0.5225,0.5225,10000025,2015-06-24,2015-06-24,C,2.4,2015-02-09
11968,2015-04-08 14:29:00,2015-04-08,0.5225,0.0,0.0,715.0,0.5225,0.5225,0.5225,10000025,2015-06-24,2015-06-24,C,2.4,2015-02-09
11969,2015-04-08 14:30:00,2015-04-08,0.5225,0.0,0.0,715.0,0.5225,0.5225,0.5225,10000025,2015-06-24,2015-06-24,C,2.4,2015-02-09
11970,2015-04-08 14:31:00,2015-04-08,0.5225,0.0,0.0,715.0,0.5225,0.5225,0.5225,10000025,2015-06-24,2015-06-24,C,2.4,2015-02-09
11971,2015-04-08 14:32:00,2015-04-08,0.5225,0.0,0.0,715.0,0.5225,0.5225,0.5225,10000025,2015-06-24,2015-06-24,C,2.4,2015-02-09
11972,2015-04-08 14:33:00,2015-04-08,0.5225,0.0,0.0,715.0,0.5225,0.5225,0.5225,10000025,2015-06-24,2015-06-24,C,2.4,2015-02-09
11973,2015-04-08 14:34:00,2015-04-08,0.5225,0.0,0.0,715.0,0.5225,0.5225,0.5225,10000025,2015-06-24,2015-06-24,C,2.4,2015-02-09
11974,2015-04-08 14:35:00,2015-04-08,0.5225,0.0,0.0,715.0,0.5225,0.5225,0.5225,10000025,2015-06-24,2015-06-24,C,2.4,2015-02-09
11975,2015-04-08 14:36:00,2015-04-08,0.5225,0.0,0.0,715.0,0.5225,0.5225,0.5225,10000025,2015-06-24,2015-06-24,C,2.4,2015-02-09
11976,2015-04-08 14:37:00,2015-04-08,0.5225,0.0,0.0,715.0,0.5225,0.5225,0.5225,10000025,2015-06-24,2015-06-24,C,2.4,2015-02-09
11977,2015-04-08 14:38:00,2015-04-08,0.5225,0.0,0.0,715.0,0.5225,0.5225,0.5225,10000025,2015-06-24,2015-06-24,C,2.4,2015-02-09
11978,2015-04-08 14:39:00,2015-04-08,0.5225,0.0,0.0,715.0,0.5225,0.5225,0.5225,10000025,2015-06-24,2015-06-24,C,2.4,2015-02-09
11979,2015-04-08 14:40:00,2015-04-08,0.5225,0.0,0.0,715.0,0.5225,0.5225,0.5225,10000025,2015-06-24,2015-06-24,C,2.4,2015-02-09
11980,2015-04-08 14:41:00,2015-04-08,0.5225,0.0,0.0,715.0,0.5225,0.5225,0.5225,10000025,2015-06-24,2015-06-24,C,2.4,2015-02-09
11981,2015-04-08 14:42:00,2015-04-08,0.5225,0.0,0.0,715.0,0.5225,0.5225,0.5225,10000025,2015-06-24,2015-06-24,C,2.4,2015-02-09
11982,2015-04-08 14:43:00,2015-04-08,0.5225,0.0,0.0,715.0,0.5225,0.5225,0.5225,10000025,2015-06-24,2015-06-24,C,2.4,2015-02-09
11983,2015-04-08 14:44:00,2015-04-08,0.5225,0.0,0.0,715.0,0.5225,0.5225,0.5225,10000025,2015-06-24,2015-06-24,C,2.4,2015-02-09
11984,2015-04-08 14:45:00,2015-04-08,0.5225,0.0,0.0,715.0,0.5225,0.5225,0.5225,10000025,2015-06-24,2015-06-24,C,2.4,2015-02-09
11985,2015-04-08 14:46:00,2015-04-08,0.5225,0.0,0.0,715.0,0.5225,0.5225,0.5225,10000025,2015-06-24,2015-06-24,C,2.4,2015-02-09
11986,2015-04-08 14:47:00,2015-04-08,0.5225,0.0,0.0,715.0,0.5225,0.5225,0.5225,10000025,2015-06-24,2015-06-24,C,2.4,2015-02-09
11987,2015-04-08 14:48:00,2015-04-08,0.5225,0.0,0.0,715.0,0.5225,0.5225,0.5225,10000025,2015-06-24,2015-06-24,C,2.4,2015-02-09
11988,2015-04-08 14:49:00,2015-04-08,0.5225,0.0,0.0,715.0,0.5225,0.5225,0.5225,10000025,2015-06-24,2015-06-24,C,2.4,2015-02-09
11989,2015-04-08 14:50:00,2015-04-08,0.5225,0.0,0.0,715.0,0.5225,0.5225,0.5225,10000025,2015-06-24,2015-06-24,C,2.4,2015-02-09
11990,2015-04-08 14:51:00,2015-04-08,0.5225,0.0,0.0,715.0,0.5225,0.5225,0.5225,10000025,2015-06-24,2015-06-24,C,2.4,2015-02-09
11991,2015-04-08 14:52:00,2015-04-08,0.5225,0.0,0.0,715.0,0.5225,0.5225,0.5225,10000025,2015-06-24,2015-06-24,C,2.4,2015-02-09
11992,2015-04-08 14:53:00,2015-04-08,0.5225,0.0,0.0,715.0,0.5225,0.5225,0.5225,10000025,2015-06-24,2015-06-24,C,2.4,2015-02-09
11993,2015-04-08 14:54:00,2015-04-08,0.5225,0.0,0.0,715.0,0.5225,0.5225,0.5225,10000025,2015-06-24,2015-06-24,C,2.4,2015-02-09
11994,2015-04-08 14:55:00,2015-04-08,0.5225,0.0,0.0,715.0,0.5225,0.5225,0.5225,10000025,2015-06-24,2015-06-24,C,2.4,2015-02-09
11995,2015-04-08 14:56:00,2015-04-08,0.5225,0.0,0.0,715.0,0.5225,0.5225,0.5225,10000025,2015-06-24,2015-06-24,C,2.4,2015-02-09
11996,2015-04-08 14:57:00,2015-04-08,0.5225,0.0,0.0,715.0,0.5225,0.5225,0.5225,10000025,2015-06-24,2015-06-24,C,2.4,2015-02-09
11997,2015-04-08 14:58:00,2015-04-08,0.5225,0.0,0.0,715.0,0.5225,0.5225,0.5225,10000025,2015-06-24,2015-06-24,C,2.4,2015-02-09
11998,2015-04-08 14:59:00,2015-04-08,0.5225,0.0,0.0,715.0,0.5225,0.5225,0.5225,10000025,2015-06-24,2015-06-24,C,2.4,2015-02-09
11999,2015-04-08 15:00:00,2015-04-08,0.5225,0.0,0.0,715.0,0.5225,0.5225,0.5225,10000025,2015-06-24,2015-06-24,C,2.4,2015-02-09
12000,2015-04-08 09:31:00,2015-04-08,0.0038,38.0,1.0,2216.0,0.0038,0.0038,0.0038,10000052,2015-04-22,2015-04-22,P,2.5,2015-02-12
12001,2015-04-08 09:32:00,2015-04-08,0.0038,0.0,0.0,2216.0,0.0038,0.0038,0.0038,10000052,2015-04-22,2015-04-22,P,2.5,2015-02-12
12002,2015-04-08 09:33:00,2015-04-08,0.0038,0.0,0.0,2216.0,0.0038,0.0038,0.0038,10000052,2015-04-22,2015-04-22,P,2.5,2015-02-12
12003,2015-04-08 09:34:00,2015-04-08,0.0032,328.0,10.0,2208.0,0.0032,0.0032,0.0032,10000052,2015-04-22,2015-04-22,P,2.5,2015-02-12
12004,2015-04-08 09:35:00,2015-04-08,0.005,353.0,11.0,2209.0,0.005,0.003,0.003,10000052,2015-04-22,2015-04-22,P,2.5,2015-02-12
12005,2015-04-08 09:36:00,2015-04-08,0.003,0.0,0.0,2209.0,0.003,0.003,0.003,10000052,2015-04-22,2015-04-22,P,2.5,2015-02-12
12006,2015-04-08 09:37:00,2015-04-08,0.005,400.0,8.0,2209.0,0.005,0.005,0.005,10000052,2015-04-22,2015-04-22,P,2.5,2015-02-12
12007,2015-04-08 09:38:00,2015-04-08,0.005,0.0,0.0,2209.0,0.005,0.005,0.005,10000052,2015-04-22,2015-04-22,P,2.5,2015-02-12
12008,2015-04-08 09:39:00,2015-04-08,0.005,0.0,0.0,2209.0,0.005,0.005,0.005,10000052,2015-04-22,2015-04-22,P,2.5,2015-02-12
12009,2015-04-08 09:40:00,2015-04-08,0.005,0.0,0.0,2209.0,0.005,0.005,0.005,10000052,2015-04-22,2015-04-22,P,2.5,2015-02-12
12010,2015-04-08 09:41:00,2015-04-08,0.005,0.0,0.0,2209.0,0.005,0.005,0.005,10000052,2015-04-22,2015-04-22,P,2.5,2015-02-12
12011,2015-04-08 09:42:00,2015-04-08,0.005,0.0,0.0,2209.0,0.005,0.005,0.005,10000052,2015-04-22,2015-04-22,P,2.5,2015-02-12
12012,2015-04-08 09:43:00,2015-04-08,0.005,0.0,0.0,2209.0,0.005,0.005,0.005,10000052,2015-04-22,2015-04-22,P,2.5,2015-02-12
12013,2015-04-08 09:44:00,2015-04-08,0.005,0.0,0.0,2209.0,0.005,0.005,0.005,10000052,2015-04-22,2015-04-22,P,2.5,2015-02-12
12014,2015-04-08 09:45:00,2015-04-08,0.0055,1084.0,20.0,2229.0,0.0055,0.0055,0.0055,10000052,2015-04-22,2015-04-22,P,2.5,2015-02-12
12015,2015-04-08 09:46:00,2015-04-08,0.0055,1064.0,20.0,2249.0,0.0055,0.0053,0.0053,10000052,2015-04-22,2015-04-22,P,2.5,2015-02-12
12016,2015-04-08 09:47:00,2015-04-08,0.0053,0.0,0.0,2249.0,0.0053,0.0053,0.0053,10000052,2015-04-22,2015-04-22,P,2.5,2015-02-12
12017,2015-04-08 09:48:00,2015-04-08,0.0053,0.0,0.0,2249.0,0.0053,0.0053,0.0053,10000052,2015-04-22,2015-04-22,P,2.5,2015-02-12
12018,2015-04-08 09:49:00,2015-04-08,0.0053,0.0,0.0,2249.0,0.0053,0.0053,0.0053,10000052,2015-04-22,2015-04-22,P,2.5,2015-02-12
12019,2015-04-08 09:50:00,2015-04-08,0.0053,0.0,0.0,2249.0,0.0053,0.0053,0.0053,10000052,2015-04-22,2015-04-22,P,2.5,2015-02-12
12020,2015-04-08 09:51:00,2015-04-08,0.0053,0.0,0.0,2249.0,0.0053,0.0053,0.0053,10000052,2015-04-22,2015-04-22,P,2.5,2015-02-12
12021,2015-04-08 09:52:00,2015-04-08,0.0053,0.0,0.0,2249.0,0.0053,0.0053,0.0053,10000052,2015-04-22,2015-04-22,P,2.5,2015-02-12
12022,2015-04-08 09:53:00,2015-04-08,0.0053,0.0,0.0,2249.0,0.0053,0.0053,0.0053,10000052,2015-04-22,2015-04-22,P,2.5,2015-02-12
12023,2015-04-08 09:54:00,2015-04-08,0.0053,0.0,0.0,2249.0,0.0053,0.0053,0.0053,10000052,2015-04-22,2015-04-22,P,2.5,2015-02-12
12024,2015-04-08 09:55:00,2015-04-08,0.0053,0.0,0.0,2249.0,0.0053,0.0053,0.0053,10000052,2015-04-22,2015-04-22,P,2.5,2015-02-12
12025,2015-04-08 09:56:00,2015-04-08,0.0053,0.0,0.0,2249.0,0.0053,0.0053,0.0053,10000052,2015-04-22,2015-04-22,P,2.5,2015-02-12
12026,2015-04-08 09:57:00,2015-04-08,0.003,60.0,2.0,2249.0,0.003,0.003,0.003,10000052,2015-04-22,2015-04-22,P,2.5,2015-02-12
12027,2015-04-08 09:58:00,2015-04-08,0.003,0.0,0.0,2249.0,0.003,0.003,0.003,10000052,2015-04-22,2015-04-22,P,2.5,2015-02-12
12028,2015-04-08 09:59:00,2015-04-08,0.003,0.0,0.0,2249.0,0.003,0.003,0.003,10000052,2015-04-22,2015-04-22,P,2.5,2015-02-12
12029,2015-04-08 10:00:00,2015-04-08,0.003,0.0,0.0,2249.0,0.003,0.003,0.003,10000052,2015-04-22,2015-04-22,P,2.5,2015-02-12
12030,2015-04-08 10:01:00,2015-04-08,0.0044,476.0,14.0,2239.0,0.0044,0.0044,0.0044,10000052,2015-04-22,2015-04-22,P,2.5,2015-02-12
12031,2015-04-08 10:02:00,2015-04-08,0.0028,57.0,2.0,2239.0,0.0028,0.0028,0.0028,10000052,2015-04-22,2015-04-22,P,2.5,2015-02-12
12032,2015-04-08 10:03:00,2015-04-08,0.0028,0.0,0.0,2239.0,0.0028,0.0028,0.0028,10000052,2015-04-22,2015-04-22,P,2.5,2015-02-12
12033,2015-04-08 10:04:00,2015-04-08,0.0028,0.0,0.0,2239.0,0.0028,0.0028,0.0028,10000052,2015-04-22,2015-04-22,P,2.5,2015-02-12
12034,2015-04-08 10:05:00,2015-04-08,0.0042,42.0,1.0,2239.0,0.0042,0.0042,0.0042,10000052,2015-04-22,2015-04-22,P,2.5,2015-02-12
12035,2015-04-08 10:06:00,2015-04-08,0.0042,0.0,0.0,2239.0,0.0042,0.0042,0.0042,10000052,2015-04-22,2015-04-22,P,2.5,2015-02-12
12036,2015-04-08 10:07:00,2015-04-08,0.0042,0.0,0.0,2239.0,0.0042,0.0042,0.0042,10000052,2015-04-22,2015-04-22,P,2.5,2015-02-12
12037,2015-04-08 10:08:00,2015-04-08,0.0042,0.0,0.0,2239.0,0.0042,0.0042,0.0042,10000052,2015-04-22,2015-04-22,P,2.5,2015-02-12
12038,2015-04-08 10:09:00,2015-04-08,0.0042,0.0,0.0,2239.0,0.0042,0.0042,0.0042,10000052,2015-04-22,2015-04-22,P,2.5,2015-02-12
12039,2015-04-08 10:10:00,2015-04-08,0.0039,1010.0,31.0,2240.0,0.0031,0.0039,0.0031,10000052,2015-04-22,2015-04-22,P,2.5,2015-02-12
12040,2015-04-08 10:11:00,2015-04-08,0.0039,385.0,11.0,2241.0,0.0039,0.0035,0.0031,10000052,2015-04-22,2015-04-22,P,2.5,2015-02-12
12041,2015-04-08 10:12:00,2015-04-08,0.0035,0.0,0.0,2241.0,0.0035,0.0035,0.0035,10000052,2015-04-22,2015-04-22,P,2.5,2015-02-12
12042,2015-04-08 10:13:00,2015-04-08,0.0043,253.0,6.0,2246.0,0.0042,0.0043,0.0042,10000052,2015-04-22,2015-04-22,P,2.5,2015-02-12
12043,2015-04-08 10:14:00,2015-04-08,0.0042,42.0,1.0,2247.0,0.0042,0.0042,0.0042,10000052,2015-04-22,2015-04-22,P,2.5,2015-02-12
12044,2015-04-08 10:15:00,2015-04-08,0.0042,0.0,0.0,2247.0,0.0042,0.0042,0.0042,10000052,2015-04-22,2015-04-22,P,2.5,2015-02-12
12045,2015-04-08 10:16:00,2015-04-08,0.0042,0.0,0.0,2247.0,0.0042,0.0042,0.0042,10000052,2015-04-22,2015-04-22,P,2.5,2015-02-12
12046,2015-04-08 10:17:00,2015-04-08,0.0043,43.0,1.0,2247.0,0.0043,0.0043,0.0043,10000052,2015-04-22,2015-04-22,P,2.5,2015-02-12
12047,2015-04-08 10:18:00,2015-04-08,0.0043,0.0,0.0,2247.0,0.0043,0.0043,0.0043,10000052,2015-04-22,2015-04-22,P,2.5,2015-02-12
12048,2015-04-08 10:19:00,2015-04-08,0.0043,0.0,0.0,2247.0,0.0043,0.0043,0.0043,10000052,2015-04-22,2015-04-22,P,2.5,2015-02-12
12049,2015-04-08 10:20:00,2015-04-08,0.0043,0.0,0.0,2247.0,0.0043,0.0043,0.0043,10000052,2015-04-22,2015-04-22,P,2.5,2015-02-12
12050,2015-04-08 10:21:00,2015-04-08,0.0043,0.0,0.0,2247.0,0.0043,0.0043,0.0043,10000052,2015-04-22,2015-04-22,P,2.5,2015-02-12
12051,2015-04-08 10:22:00,2015-04-08,0.0043,0.0,0.0,2247.0,0.0043,0.0043,0.0043,10000052,2015-04-22,2015-04-22,P,2.5,2015-02-12
12052,2015-04-08 10:23:00,2015-04-08,0.0043,0.0,0.0,2247.0,0.0043,0.0043,0.0043,10000052,2015-04-22,2015-04-22,P,2.5,2015-02-12
12053,2015-04-08 10:24:00,2015-04-08,0.0043,129.0,3.0,2247.0,0.0043,0.0043,0.0043,10000052,2015-04-22,2015-04-22,P,2.5,2015-02-12
12054,2015-04-08 10:25:00,2015-04-08,0.0043,0.0,0.0,2247.0,0.0043,0.0043,0.0043,10000052,2015-04-22,2015-04-22,P,2.5,2015-02-12
12055,2015-04-08 10:26:00,2015-04-08,0.0043,0.0,0.0,2247.0,0.0043,0.0043,0.0043,10000052,2015-04-22,2015-04-22,P,2.5,2015-02-12
12056,2015-04-08 10:27:00,2015-04-08,0.0043,0.0,0.0,2247.0,0.0043,0.0043,0.0043,10000052,2015-04-22,2015-04-22,P,2.5,2015-02-12
12057,2015-04-08 10:28:00,2015-04-08,0.0036,288.0,8.0,2247.0,0.0036,0.0036,0.0036,10000052,2015-04-22,2015-04-22,P,2.5,2015-02-12
12058,2015-04-08 10:29:00,2015-04-08,0.004,151.0,4.0,2247.0,0.004,0.0036,0.0036,10000052,2015-04-22,2015-04-22,P,2.5,2015-02-12
12059,2015-04-08 10:30:00,2015-04-08,0.0034,34.0,1.0,2247.0,0.0034,0.0034,0.0034,10000052,2015-04-22,2015-04-22,P,2.5,2015-02-12
12060,2015-04-08 10:31:00,2015-04-08,0.0034,0.0,0.0,2247.0,0.0034,0.0034,0.0034,10000052,2015-04-22,2015-04-22,P,2.5,2015-02-12
12061,2015-04-08 10:32:00,2015-04-08,0.0034,0.0,0.0,2247.0,0.0034,0.0034,0.0034,10000052,2015-04-22,2015-04-22,P,2.5,2015-02-12
12062,2015-04-08 10:33:00,2015-04-08,0.0034,0.0,0.0,2247.0,0.0034,0.0034,0.0034,10000052,2015-04-22,2015-04-22,P,2.5,2015-02-12
12063,2015-04-08 10:34:00,2015-04-08,0.0034,0.0,0.0,2247.0,0.0034,0.0034,0.0034,10000052,2015-04-22,2015-04-22,P,2.5,2015-02-12
12064,2015-04-08 10:35:00,2015-04-08,0.003,60.0,2.0,2247.0,0.003,0.003,0.003,10000052,2015-04-22,2015-04-22,P,2.5,2015-02-12
12065,2015-04-08 10:36:00,2015-04-08,0.003,0.0,0.0,2247.0,0.003,0.003,0.003,10000052,2015-04-22,2015-04-22,P,2.5,2015-02-12
12066,2015-04-08 10:37:00,2015-04-08,0.003,0.0,0.0,2247.0,0.003,0.003,0.003,10000052,2015-04-22,2015-04-22,P,2.5,2015-02-12
12067,2015-04-08 10:38:00,2015-04-08,0.003,0.0,0.0,2247.0,0.003,0.003,0.003,10000052,2015-04-22,2015-04-22,P,2.5,2015-02-12
12068,2015-04-08 10:39:00,2015-04-08,0.003,0.0,0.0,2247.0,0.003,0.003,0.003,10000052,2015-04-22,2015-04-22,P,2.5,2015-02-12
12069,2015-04-08 10:40:00,2015-04-08,0.003,0.0,0.0,2247.0,0.003,0.003,0.003,10000052,2015-04-22,2015-04-22,P,2.5,2015-02-12
12070,2015-04-08 10:41:00,2015-04-08,0.003,0.0,0.0,2247.0,0.003,0.003,0.003,10000052,2015-04-22,2015-04-22,P,2.5,2015-02-12
12071,2015-04-08 10:42:00,2015-04-08,0.003,0.0,0.0,2247.0,0.003,0.003,0.003,10000052,2015-04-22,2015-04-22,P,2.5,2015-02-12
12072,2015-04-08 10:43:00,2015-04-08,0.003,0.0,0.0,2247.0,0.003,0.003,0.003,10000052,2015-04-22,2015-04-22,P,2.5,2015-02-12
12073,2015-04-08 10:44:00,2015-04-08,0.003,0.0,0.0,2247.0,0.003,0.003,0.003,10000052,2015-04-22,2015-04-22,P,2.5,2015-02-12
12074,2015-04-08 10:45:00,2015-04-08,0.004,80.0,2.0,2249.0,0.004,0.004,0.004,10000052,2015-04-22,2015-04-22,P,2.5,2015-02-12
12075,2015-04-08 10:46:00,2015-04-08,0.004,0.0,0.0,2249.0,0.004,0.004,0.004,10000052,2015-04-22,2015-04-22,P,2.5,2015-02-12
12076,2015-04-08 10:47:00,2015-04-08,0.004,0.0,0.0,2249.0,0.004,0.004,0.004,10000052,2015-04-22,2015-04-22,P,2.5,2015-02-12
12077,2015-04-08 10:48:00,2015-04-08,0.004,80.0,2.0,2249.0,0.004,0.004,0.004,10000052,2015-04-22,2015-04-22,P,2.5,2015-02-12
12078,2015-04-08 10:49:00,2015-04-08,0.0039,39.0,1.0,2249.0,0.0039,0.0039,0.0039,10000052,2015-04-22,2015-04-22,P,2.5,2015-02-12
12079,2015-04-08 10:50:00,2015-04-08,0.004,40.0,1.0,2249.0,0.004,0.004,0.004,10000052,2015-04-22,2015-04-22,P,2.5,2015-02-12
12080,2015-04-08 10:51:00,2015-04-08,0.0041,205.0,5.0,2249.0,0.0041,0.0041,0.0041,10000052,2015-04-22,2015-04-22,P,2.5,2015-02-12
12081,2015-04-08 10:52:00,2015-04-08,0.0043,426.0,10.0,2247.0,0.0041,0.0043,0.0041,10000052,2015-04-22,2015-04-22,P,2.5,2015-02-12
12082,2015-04-08 10:53:00,2015-04-08,0.0048,91.0,2.0,2247.0,0.0048,0.0043,0.0043,10000052,2015-04-22,2015-04-22,P,2.5,2015-02-12
12083,2015-04-08 10:54:00,2015-04-08,0.0043,0.0,0.0,2247.0,0.0043,0.0043,0.0043,10000052,2015-04-22,2015-04-22,P,2.5,2015-02-12
12084,2015-04-08 10:55:00,2015-04-08,0.0043,0.0,0.0,2247.0,0.0043,0.0043,0.0043,10000052,2015-04-22,2015-04-22,P,2.5,2015-02-12
12085,2015-04-08 10:56:00,2015-04-08,0.0053,530.0,10.0,2247.0,0.0053,0.0053,0.0053,10000052,2015-04-22,2015-04-22,P,2.5,2015-02-12
12086,2015-04-08 10:57:00,2015-04-08,0.0053,0.0,0.0,2247.0,0.0053,0.0053,0.0053,10000052,2015-04-22,2015-04-22,P,2.5,2015-02-12
12087,2015-04-08 10:58:00,2015-04-08,0.0053,97.0,2.0,2248.0,0.0044,0.0053,0.0044,10000052,2015-04-22,2015-04-22,P,2.5,2015-02-12
12088,2015-04-08 10:59:00,2015-04-08,0.0053,0.0,0.0,2248.0,0.0053,0.0053,0.0053,10000052,2015-04-22,2015-04-22,P,2.5,2015-02-12
12089,2015-04-08 11:00:00,2015-04-08,0.0053,0.0,0.0,2248.0,0.0053,0.0053,0.0053,10000052,2015-04-22,2015-04-22,P,2.5,2015-02-12
12090,2015-04-08 11:01:00,2015-04-08,0.0053,0.0,0.0,2248.0,0.0053,0.0053,0.0053,10000052,2015-04-22,2015-04-22,P,2.5,2015-02-12
12091,2015-04-08 11:02:00,2015-04-08,0.0053,0.0,0.0,2248.0,0.0053,0.0053,0.0053,10000052,2015-04-22,2015-04-22,P,2.5,2015-02-12
12092,2015-04-08 11:03:00,2015-04-08,0.0053,0.0,0.0,2248.0,0.0053,0.0053,0.0053,10000052,2015-04-22,2015-04-22,P,2.5,2015-02-12
12093,2015-04-08 11:04:00,2015-04-08,0.0053,0.0,0.0,2248.0,0.0053,0.0053,0.0053,10000052,2015-04-22,2015-04-22,P,2.5,2015-02-12
12094,2015-04-08 11:05:00,2015-04-08,0.0053,0.0,0.0,2248.0,0.0053,0.0053,0.0053,10000052,2015-04-22,2015-04-22,P,2.5,2015-02-12
12095,2015-04-08 11:06:00,2015-04-08,0.0053,0.0,0.0,2248.0,0.0053,0.0053,0.0053,10000052,2015-04-22,2015-04-22,P,2.5,2015-02-12
12096,2015-04-08 11:07:00,2015-04-08,0.004,40.0,1.0,2247.0,0.004,0.004,0.004,10000052,2015-04-22,2015-04-22,P,2.5,2015-02-12
12097,2015-04-08 11:08:00,2015-04-08,0.004,0.0,0.0,2247.0,0.004,0.004,0.004,10000052,2015-04-22,2015-04-22,P,2.5,2015-02-12
12098,2015-04-08 11:09:00,2015-04-08,0.0046,46.0,1.0,2247.0,0.0046,0.0046,0.0046,10000052,2015-04-22,2015-04-22,P,2.5,2015-02-12
12099,2015-04-08 11:10:00,2015-04-08,0.0046,0.0,0.0,2247.0,0.0046,0.0046,0.0046,10000052,2015-04-22,2015-04-22,P,2.5,2015-02-12
12100,2015-04-08 11:11:00,2015-04-08,0.0046,0.0,0.0,2247.0,0.0046,0.0046,0.0046,10000052,2015-04-22,2015-04-22,P,2.5,2015-02-12
12101,2015-04-08 11:12:00,2015-04-08,0.0046,0.0,0.0,2247.0,0.0046,0.0046,0.0046,10000052,2015-04-22,2015-04-22,P,2.5,2015-02-12
12102,2015-04-08 11:13:00,2015-04-08,0.0046,0.0,0.0,2247.0,0.0046,0.0046,0.0046,10000052,2015-04-22,2015-04-22,P,2.5,2015-02-12
12103,2015-04-08 11:14:00,2015-04-08,0.0046,0.0,0.0,2247.0,0.0046,0.0046,0.0046,10000052,2015-04-22,2015-04-22,P,2.5,2015-02-12
12104,2015-04-08 11:15:00,2015-04-08,0.0046,0.0,0.0,2247.0,0.0046,0.0046,0.0046,10000052,2015-04-22,2015-04-22,P,2.5,2015-02-12
12105,2015-04-08 11:16:00,2015-04-08,0.0046,0.0,0.0,2247.0,0.0046,0.0046,0.0046,10000052,2015-04-22,2015-04-22,P,2.5,2015-02-12
12106,2015-04-08 11:17:00,2015-04-08,0.0046,0.0,0.0,2247.0,0.0046,0.0046,0.0046,10000052,2015-04-22,2015-04-22,P,2.5,2015-02-12
12107,2015-04-08 11:18:00,2015-04-08,0.0046,0.0,0.0,2247.0,0.0046,0.0046,0.0046,10000052,2015-04-22,2015-04-22,P,2.5,2015-02-12
12108,2015-04-08 11:19:00,2015-04-08,0.0046,0.0,0.0,2247.0,0.0046,0.0046,0.0046,10000052,2015-04-22,2015-04-22,P,2.5,2015-02-12
12109,2015-04-08 11:20:00,2015-04-08,0.0046,0.0,0.0,2247.0,0.0046,0.0046,0.0046,10000052,2015-04-22,2015-04-22,P,2.5,2015-02-12
12110,2015-04-08 11:21:00,2015-04-08,0.0046,0.0,0.0,2247.0,0.0046,0.0046,0.0046,10000052,2015-04-22,2015-04-22,P,2.5,2015-02-12
12111,2015-04-08 11:22:00,2015-04-08,0.0046,0.0,0.0,2247.0,0.0046,0.0046,0.0046,10000052,2015-04-22,2015-04-22,P,2.5,2015-02-12
12112,2015-04-08 11:23:00,2015-04-08,0.0046,0.0,0.0,2247.0,0.0046,0.0046,0.0046,10000052,2015-04-22,2015-04-22,P,2.5,2015-02-12
12113,2015-04-08 11:24:00,2015-04-08,0.0046,0.0,0.0,2247.0,0.0046,0.0046,0.0046,10000052,2015-04-22,2015-04-22,P,2.5,2015-02-12
12114,2015-04-08 11:25:00,2015-04-08,0.0046,0.0,0.0,2247.0,0.0046,0.0046,0.0046,10000052,2015-04-22,2015-04-22,P,2.5,2015-02-12
12115,2015-04-08 11:26:00,2015-04-08,0.0046,0.0,0.0,2247.0,0.0046,0.0046,0.0046,10000052,2015-04-22,2015-04-22,P,2.5,2015-02-12
12116,2015-04-08 11:27:00,2015-04-08,0.0046,0.0,0.0,2247.0,0.0046,0.0046,0.0046,10000052,2015-04-22,2015-04-22,P,2.5,2015-02-12
12117,2015-04-08 11:28:00,2015-04-08,0.0046,0.0,0.0,2247.0,0.0046,0.0046,0.0046,10000052,2015-04-22,2015-04-22,P,2.5,2015-02-12
12118,2015-04-08 11:29:00,2015-04-08,0.0046,0.0,0.0,2247.0,0.0046,0.0046,0.0046,10000052,2015-04-22,2015-04-22,P,2.5,2015-02-12
12119,2015-04-08 11:30:00,2015-04-08,0.0046,0.0,0.0,2247.0,0.0046,0.0046,0.0046,10000052,2015-04-22,2015-04-22,P,2.5,2015-02-12
12120,2015-04-08 13:01:00,2015-04-08,0.0046,0.0,0.0,2247.0,0.0046,0.0046,0.0046,10000052,2015-04-22,2015-04-22,P,2.5,2015-02-12
12121,2015-04-08 13:02:00,2015-04-08,0.0031,125.0,4.0,2246.0,0.0031,0.0031,0.0031,10000052,2015-04-22,2015-04-22,P,2.5,2015-02-12
12122,2015-04-08 13:03:00,2015-04-08,0.0031,0.0,0.0,2246.0,0.0031,0.0031,0.0031,10000052,2015-04-22,2015-04-22,P,2.5,2015-02-12
12123,2015-04-08 13:04:00,2015-04-08,0.0031,0.0,0.0,2246.0,0.0031,0.0031,0.0031,10000052,2015-04-22,2015-04-22,P,2.5,2015-02-12
12124,2015-04-08 13:05:00,2015-04-08,0.0031,0.0,0.0,2246.0,0.0031,0.0031,0.0031,10000052,2015-04-22,2015-04-22,P,2.5,2015-02-12
12125,2015-04-08 13:06:00,2015-04-08,0.0031,31.0,1.0,2246.0,0.0031,0.0031,0.0031,10000052,2015-04-22,2015-04-22,P,2.5,2015-02-12
12126,2015-04-08 13:07:00,2015-04-08,0.0031,0.0,0.0,2246.0,0.0031,0.0031,0.0031,10000052,2015-04-22,2015-04-22,P,2.5,2015-02-12
12127,2015-04-08 13:08:00,2015-04-08,0.0031,0.0,0.0,2246.0,0.0031,0.0031,0.0031,10000052,2015-04-22,2015-04-22,P,2.5,2015-02-12
12128,2015-04-08 13:09:00,2015-04-08,0.0031,0.0,0.0,2246.0,0.0031,0.0031,0.0031,10000052,2015-04-22,2015-04-22,P,2.5,2015-02-12
12129,2015-04-08 13:10:00,2015-04-08,0.0032,63.0,2.0,2247.0,0.0031,0.0032,0.0031,10000052,2015-04-22,2015-04-22,P,2.5,2015-02-12
12130,2015-04-08 13:11:00,2015-04-08,0.0032,0.0,0.0,2247.0,0.0032,0.0032,0.0032,10000052,2015-04-22,2015-04-22,P,2.5,2015-02-12
12131,2015-04-08 13:12:00,2015-04-08,0.0031,31.0,1.0,2247.0,0.0031,0.0031,0.0031,10000052,2015-04-22,2015-04-22,P,2.5,2015-02-12
12132,2015-04-08 13:13:00,2015-04-08,0.0031,0.0,0.0,2247.0,0.0031,0.0031,0.0031,10000052,2015-04-22,2015-04-22,P,2.5,2015-02-12
12133,2015-04-08 13:14:00,2015-04-08,0.0031,0.0,0.0,2247.0,0.0031,0.0031,0.0031,10000052,2015-04-22,2015-04-22,P,2.5,2015-02-12
12134,2015-04-08 13:15:00,2015-04-08,0.0032,320.0,10.0,2247.0,0.0032,0.0032,0.0032,10000052,2015-04-22,2015-04-22,P,2.5,2015-02-12
12135,2015-04-08 13:16:00,2015-04-08,0.0032,160.0,5.0,2247.0,0.0032,0.0032,0.0032,10000052,2015-04-22,2015-04-22,P,2.5,2015-02-12
12136,2015-04-08 13:17:00,2015-04-08,0.0032,0.0,0.0,2247.0,0.0032,0.0032,0.0032,10000052,2015-04-22,2015-04-22,P,2.5,2015-02-12
12137,2015-04-08 13:18:00,2015-04-08,0.0031,92.0,3.0,2247.0,0.0031,0.003,0.003,10000052,2015-04-22,2015-04-22,P,2.5,2015-02-12
12138,2015-04-08 13:19:00,2015-04-08,0.003,0.0,0.0,2247.0,0.003,0.003,0.003,10000052,2015-04-22,2015-04-22,P,2.5,2015-02-12
12139,2015-04-08 13:20:00,2015-04-08,0.0027,27.0,1.0,2247.0,0.0027,0.0027,0.0027,10000052,2015-04-22,2015-04-22,P,2.5,2015-02-12
12140,2015-04-08 13:21:00,2015-04-08,0.0037,222.0,6.0,2253.0,0.0037,0.0037,0.0037,10000052,2015-04-22,2015-04-22,P,2.5,2015-02-12
12141,2015-04-08 13:22:00,2015-04-08,0.0037,0.0,0.0,2253.0,0.0037,0.0037,0.0037,10000052,2015-04-22,2015-04-22,P,2.5,2015-02-12
12142,2015-04-08 13:23:00,2015-04-08,0.0037,0.0,0.0,2253.0,0.0037,0.0037,0.0037,10000052,2015-04-22,2015-04-22,P,2.5,2015-02-12
12143,2015-04-08 13:24:00,2015-04-08,0.0036,36.0,1.0,2253.0,0.0036,0.0036,0.0036,10000052,2015-04-22,2015-04-22,P,2.5,2015-02-12
12144,2015-04-08 13:25:00,2015-04-08,0.0036,0.0,0.0,2253.0,0.0036,0.0036,0.0036,10000052,2015-04-22,2015-04-22,P,2.5,2015-02-12
12145,2015-04-08 13:26:00,2015-04-08,0.0036,0.0,0.0,2253.0,0.0036,0.0036,0.0036,10000052,2015-04-22,2015-04-22,P,2.5,2015-02-12
12146,2015-04-08 13:27:00,2015-04-08,0.0028,112.0,4.0,2249.0,0.0028,0.0028,0.0028,10000052,2015-04-22,2015-04-22,P,2.5,2015-02-12
12147,2015-04-08 13:28:00,2015-04-08,0.0028,0.0,0.0,2249.0,0.0028,0.0028,0.0028,10000052,2015-04-22,2015-04-22,P,2.5,2015-02-12
12148,2015-04-08 13:29:00,2015-04-08,0.0028,0.0,0.0,2249.0,0.0028,0.0028,0.0028,10000052,2015-04-22,2015-04-22,P,2.5,2015-02-12
12149,2015-04-08 13:30:00,2015-04-08,0.0028,0.0,0.0,2249.0,0.0028,0.0028,0.0028,10000052,2015-04-22,2015-04-22,P,2.5,2015-02-12
12150,2015-04-08 13:31:00,2015-04-08,0.0028,0.0,0.0,2249.0,0.0028,0.0028,0.0028,10000052,2015-04-22,2015-04-22,P,2.5,2015-02-12
12151,2015-04-08 13:32:00,2015-04-08,0.0028,0.0,0.0,2249.0,0.0028,0.0028,0.0028,10000052,2015-04-22,2015-04-22,P,2.5,2015-02-12
12152,2015-04-08 13:33:00,2015-04-08,0.0031,31.0,1.0,2249.0,0.0031,0.0031,0.0031,10000052,2015-04-22,2015-04-22,P,2.5,2015-02-12
12153,2015-04-08 13:34:00,2015-04-08,0.0031,0.0,0.0,2249.0,0.0031,0.0031,0.0031,10000052,2015-04-22,2015-04-22,P,2.5,2015-02-12
12154,2015-04-08 13:35:00,2015-04-08,0.0031,0.0,0.0,2249.0,0.0031,0.0031,0.0031,10000052,2015-04-22,2015-04-22,P,2.5,2015-02-12
12155,2015-04-08 13:36:00,2015-04-08,0.0031,0.0,0.0,2249.0,0.0031,0.0031,0.0031,10000052,2015-04-22,2015-04-22,P,2.5,2015-02-12
12156,2015-04-08 13:37:00,2015-04-08,0.0031,0.0,0.0,2249.0,0.0031,0.0031,0.0031,10000052,2015-04-22,2015-04-22,P,2.5,2015-02-12
12157,2015-04-08 13:38:00,2015-04-08,0.0031,0.0,0.0,2249.0,0.0031,0.0031,0.0031,10000052,2015-04-22,2015-04-22,P,2.5,2015-02-12
12158,2015-04-08 13:39:00,2015-04-08,0.0031,0.0,0.0,2249.0,0.0031,0.0031,0.0031,10000052,2015-04-22,2015-04-22,P,2.5,2015-02-12
12159,2015-04-08 13:40:00,2015-04-08,0.0031,0.0,0.0,2249.0,0.0031,0.0031,0.0031,10000052,2015-04-22,2015-04-22,P,2.5,2015-02-12
12160,2015-04-08 13:41:00,2015-04-08,0.0031,0.0,0.0,2249.0,0.0031,0.0031,0.0031,10000052,2015-04-22,2015-04-22,P,2.5,2015-02-12
12161,2015-04-08 13:42:00,2015-04-08,0.0031,0.0,0.0,2249.0,0.0031,0.0031,0.0031,10000052,2015-04-22,2015-04-22,P,2.5,2015-02-12
12162,2015-04-08 13:43:00,2015-04-08,0.0036,350.0,10.0,2244.0,0.0036,0.0036,0.0036,10000052,2015-04-22,2015-04-22,P,2.5,2015-02-12
12163,2015-04-08 13:44:00,2015-04-08,0.0038,362.0,10.0,2244.0,0.0038,0.0038,0.0038,10000052,2015-04-22,2015-04-22,P,2.5,2015-02-12
12164,2015-04-08 13:45:00,2015-04-08,0.0038,0.0,0.0,2244.0,0.0038,0.0038,0.0038,10000052,2015-04-22,2015-04-22,P,2.5,2015-02-12
12165,2015-04-08 13:46:00,2015-04-08,0.0034,476.0,14.0,2244.0,0.0034,0.0034,0.0034,10000052,2015-04-22,2015-04-22,P,2.5,2015-02-12
12166,2015-04-08 13:47:00,2015-04-08,0.0029,58.0,2.0,2242.0,0.0029,0.0029,0.0029,10000052,2015-04-22,2015-04-22,P,2.5,2015-02-12
12167,2015-04-08 13:48:00,2015-04-08,0.0029,0.0,0.0,2242.0,0.0029,0.0029,0.0029,10000052,2015-04-22,2015-04-22,P,2.5,2015-02-12
12168,2015-04-08 13:49:00,2015-04-08,0.0029,0.0,0.0,2242.0,0.0029,0.0029,0.0029,10000052,2015-04-22,2015-04-22,P,2.5,2015-02-12
12169,2015-04-08 13:50:00,2015-04-08,0.0029,0.0,0.0,2242.0,0.0029,0.0029,0.0029,10000052,2015-04-22,2015-04-22,P,2.5,2015-02-12
12170,2015-04-08 13:51:00,2015-04-08,0.0029,0.0,0.0,2242.0,0.0029,0.0029,0.0029,10000052,2015-04-22,2015-04-22,P,2.5,2015-02-12
12171,2015-04-08 13:52:00,2015-04-08,0.0031,31.0,1.0,2242.0,0.0031,0.0031,0.0031,10000052,2015-04-22,2015-04-22,P,2.5,2015-02-12
12172,2015-04-08 13:53:00,2015-04-08,0.003,30.0,1.0,2241.0,0.003,0.003,0.003,10000052,2015-04-22,2015-04-22,P,2.5,2015-02-12
12173,2015-04-08 13:54:00,2015-04-08,0.003,0.0,0.0,2241.0,0.003,0.003,0.003,10000052,2015-04-22,2015-04-22,P,2.5,2015-02-12
12174,2015-04-08 13:55:00,2015-04-08,0.003,0.0,0.0,2241.0,0.003,0.003,0.003,10000052,2015-04-22,2015-04-22,P,2.5,2015-02-12
12175,2015-04-08 13:56:00,2015-04-08,0.003,30.0,1.0,2240.0,0.003,0.003,0.003,10000052,2015-04-22,2015-04-22,P,2.5,2015-02-12
12176,2015-04-08 13:57:00,2015-04-08,0.003,0.0,0.0,2240.0,0.003,0.003,0.003,10000052,2015-04-22,2015-04-22,P,2.5,2015-02-12
12177,2015-04-08 13:58:00,2015-04-08,0.003,0.0,0.0,2240.0,0.003,0.003,0.003,10000052,2015-04-22,2015-04-22,P,2.5,2015-02-12
12178,2015-04-08 13:59:00,2015-04-08,0.003,0.0,0.0,2240.0,0.003,0.003,0.003,10000052,2015-04-22,2015-04-22,P,2.5,2015-02-12
12179,2015-04-08 14:00:00,2015-04-08,0.003,0.0,0.0,2240.0,0.003,0.003,0.003,10000052,2015-04-22,2015-04-22,P,2.5,2015-02-12
12180,2015-04-08 14:01:00,2015-04-08,0.003,0.0,0.0,2240.0,0.003,0.003,0.003,10000052,2015-04-22,2015-04-22,P,2.5,2015-02-12
12181,2015-04-08 14:02:00,2015-04-08,0.003,0.0,0.0,2240.0,0.003,0.003,0.003,10000052,2015-04-22,2015-04-22,P,2.5,2015-02-12
12182,2015-04-08 14:03:00,2015-04-08,0.003,0.0,0.0,2240.0,0.003,0.003,0.003,10000052,2015-04-22,2015-04-22,P,2.5,2015-02-12
12183,2015-04-08 14:04:00,2015-04-08,0.003,0.0,0.0,2240.0,0.003,0.003,0.003,10000052,2015-04-22,2015-04-22,P,2.5,2015-02-12
12184,2015-04-08 14:05:00,2015-04-08,0.0034,68.0,2.0,2240.0,0.0034,0.0034,0.0034,10000052,2015-04-22,2015-04-22,P,2.5,2015-02-12
12185,2015-04-08 14:06:00,2015-04-08,0.0034,0.0,0.0,2240.0,0.0034,0.0034,0.0034,10000052,2015-04-22,2015-04-22,P,2.5,2015-02-12
12186,2015-04-08 14:07:00,2015-04-08,0.0034,0.0,0.0,2240.0,0.0034,0.0034,0.0034,10000052,2015-04-22,2015-04-22,P,2.5,2015-02-12
12187,2015-04-08 14:08:00,2015-04-08,0.0034,0.0,0.0,2240.0,0.0034,0.0034,0.0034,10000052,2015-04-22,2015-04-22,P,2.5,2015-02-12
12188,2015-04-08 14:09:00,2015-04-08,0.0034,136.0,4.0,2240.0,0.0034,0.0034,0.0034,10000052,2015-04-22,2015-04-22,P,2.5,2015-02-12
12189,2015-04-08 14:10:00,2015-04-08,0.0034,0.0,0.0,2240.0,0.0034,0.0034,0.0034,10000052,2015-04-22,2015-04-22,P,2.5,2015-02-12
12190,2015-04-08 14:11:00,2015-04-08,0.0034,0.0,0.0,2240.0,0.0034,0.0034,0.0034,10000052,2015-04-22,2015-04-22,P,2.5,2015-02-12
12191,2015-04-08 14:12:00,2015-04-08,0.0034,0.0,0.0,2240.0,0.0034,0.0034,0.0034,10000052,2015-04-22,2015-04-22,P,2.5,2015-02-12
12192,2015-04-08 14:13:00,2015-04-08,0.0034,0.0,0.0,2240.0,0.0034,0.0034,0.0034,10000052,2015-04-22,2015-04-22,P,2.5,2015-02-12
12193,2015-04-08 14:14:00,2015-04-08,0.0034,0.0,0.0,2240.0,0.0034,0.0034,0.0034,10000052,2015-04-22,2015-04-22,P,2.5,2015-02-12
12194,2015-04-08 14:15:00,2015-04-08,0.0029,116.0,4.0,2240.0,0.0029,0.0029,0.0029,10000052,2015-04-22,2015-04-22,P,2.5,2015-02-12
12195,2015-04-08 14:16:00,2015-04-08,0.0029,0.0,0.0,2240.0,0.0029,0.0029,0.0029,10000052,2015-04-22,2015-04-22,P,2.5,2015-02-12
12196,2015-04-08 14:17:00,2015-04-08,0.0029,982.0,34.0,2245.0,0.0027,0.0029,0.0027,10000052,2015-04-22,2015-04-22,P,2.5,2015-02-12
12197,2015-04-08 14:18:00,2015-04-08,0.0029,0.0,0.0,2245.0,0.0029,0.0029,0.0029,10000052,2015-04-22,2015-04-22,P,2.5,2015-02-12
12198,2015-04-08 14:19:00,2015-04-08,0.0029,0.0,0.0,2245.0,0.0029,0.0029,0.0029,10000052,2015-04-22,2015-04-22,P,2.5,2015-02-12
12199,2015-04-08 14:20:00,2015-04-08,0.0029,0.0,0.0,2245.0,0.0029,0.0029,0.0029,10000052,2015-04-22,2015-04-22,P,2.5,2015-02-12
12200,2015-04-08 14:21:00,2015-04-08,0.0029,0.0,0.0,2245.0,0.0029,0.0029,0.0029,10000052,2015-04-22,2015-04-22,P,2.5,2015-02-12
12201,2015-04-08 14:22:00,2015-04-08,0.0029,0.0,0.0,2245.0,0.0029,0.0029,0.0029,10000052,2015-04-22,2015-04-22,P,2.5,2015-02-12
12202,2015-04-08 14:23:00,2015-04-08,0.0029,0.0,0.0,2245.0,0.0029,0.0029,0.0029,10000052,2015-04-22,2015-04-22,P,2.5,2015-02-12
12203,2015-04-08 14:24:00,2015-04-08,0.0029,0.0,0.0,2245.0,0.0029,0.0029,0.0029,10000052,2015-04-22,2015-04-22,P,2.5,2015-02-12
12204,2015-04-08 14:25:00,2015-04-08,0.0029,0.0,0.0,2245.0,0.0029,0.0029,0.0029,10000052,2015-04-22,2015-04-22,P,2.5,2015-02-12
12205,2015-04-08 14:26:00,2015-04-08,0.0033,33.0,1.0,2244.0,0.0033,0.0033,0.0033,10000052,2015-04-22,2015-04-22,P,2.5,2015-02-12
12206,2015-04-08 14:27:00,2015-04-08,0.0033,0.0,0.0,2244.0,0.0033,0.0033,0.0033,10000052,2015-04-22,2015-04-22,P,2.5,2015-02-12
12207,2015-04-08 14:28:00,2015-04-08,0.0033,0.0,0.0,2244.0,0.0033,0.0033,0.0033,10000052,2015-04-22,2015-04-22,P,2.5,2015-02-12
12208,2015-04-08 14:29:00,2015-04-08,0.0033,0.0,0.0,2244.0,0.0033,0.0033,0.0033,10000052,2015-04-22,2015-04-22,P,2.5,2015-02-12
12209,2015-04-08 14:30:00,2015-04-08,0.0033,0.0,0.0,2244.0,0.0033,0.0033,0.0033,10000052,2015-04-22,2015-04-22,P,2.5,2015-02-12
12210,2015-04-08 14:31:00,2015-04-08,0.0033,0.0,0.0,2244.0,0.0033,0.0033,0.0033,10000052,2015-04-22,2015-04-22,P,2.5,2015-02-12
12211,2015-04-08 14:32:00,2015-04-08,0.0033,0.0,0.0,2244.0,0.0033,0.0033,0.0033,10000052,2015-04-22,2015-04-22,P,2.5,2015-02-12
12212,2015-04-08 14:33:00,2015-04-08,0.0033,0.0,0.0,2244.0,0.0033,0.0033,0.0033,10000052,2015-04-22,2015-04-22,P,2.5,2015-02-12
12213,2015-04-08 14:34:00,2015-04-08,0.0033,0.0,0.0,2244.0,0.0033,0.0033,0.0033,10000052,2015-04-22,2015-04-22,P,2.5,2015-02-12
12214,2015-04-08 14:35:00,2015-04-08,0.0033,0.0,0.0,2244.0,0.0033,0.0033,0.0033,10000052,2015-04-22,2015-04-22,P,2.5,2015-02-12
12215,2015-04-08 14:36:00,2015-04-08,0.0033,0.0,0.0,2244.0,0.0033,0.0033,0.0033,10000052,2015-04-22,2015-04-22,P,2.5,2015-02-12
12216,2015-04-08 14:37:00,2015-04-08,0.0031,31.0,1.0,2244.0,0.0031,0.0031,0.0031,10000052,2015-04-22,2015-04-22,P,2.5,2015-02-12
12217,2015-04-08 14:38:00,2015-04-08,0.0031,0.0,0.0,2244.0,0.0031,0.0031,0.0031,10000052,2015-04-22,2015-04-22,P,2.5,2015-02-12
12218,2015-04-08 14:39:00,2015-04-08,0.0031,0.0,0.0,2244.0,0.0031,0.0031,0.0031,10000052,2015-04-22,2015-04-22,P,2.5,2015-02-12
12219,2015-04-08 14:40:00,2015-04-08,0.0031,0.0,0.0,2244.0,0.0031,0.0031,0.0031,10000052,2015-04-22,2015-04-22,P,2.5,2015-02-12
12220,2015-04-08 14:41:00,2015-04-08,0.0031,0.0,0.0,2244.0,0.0031,0.0031,0.0031,10000052,2015-04-22,2015-04-22,P,2.5,2015-02-12
12221,2015-04-08 14:42:00,2015-04-08,0.0031,0.0,0.0,2244.0,0.0031,0.0031,0.0031,10000052,2015-04-22,2015-04-22,P,2.5,2015-02-12
12222,2015-04-08 14:43:00,2015-04-08,0.0031,0.0,0.0,2244.0,0.0031,0.0031,0.0031,10000052,2015-04-22,2015-04-22,P,2.5,2015-02-12
12223,2015-04-08 14:44:00,2015-04-08,0.0031,0.0,0.0,2244.0,0.0031,0.0031,0.0031,10000052,2015-04-22,2015-04-22,P,2.5,2015-02-12
12224,2015-04-08 14:45:00,2015-04-08,0.0031,0.0,0.0,2244.0,0.0031,0.0031,0.0031,10000052,2015-04-22,2015-04-22,P,2.5,2015-02-12
12225,2015-04-08 14:46:00,2015-04-08,0.0031,0.0,0.0,2244.0,0.0031,0.0031,0.0031,10000052,2015-04-22,2015-04-22,P,2.5,2015-02-12
12226,2015-04-08 14:47:00,2015-04-08,0.0031,0.0,0.0,2244.0,0.0031,0.0031,0.0031,10000052,2015-04-22,2015-04-22,P,2.5,2015-02-12
12227,2015-04-08 14:48:00,2015-04-08,0.0031,0.0,0.0,2244.0,0.0031,0.0031,0.0031,10000052,2015-04-22,2015-04-22,P,2.5,2015-02-12
12228,2015-04-08 14:49:00,2015-04-08,0.0031,0.0,0.0,2244.0,0.0031,0.0031,0.0031,10000052,2015-04-22,2015-04-22,P,2.5,2015-02-12
12229,2015-04-08 14:50:00,2015-04-08,0.0027,54.0,2.0,2244.0,0.0027,0.0027,0.0027,10000052,2015-04-22,2015-04-22,P,2.5,2015-02-12
12230,2015-04-08 14:51:00,2015-04-08,0.0027,0.0,0.0,2244.0,0.0027,0.0027,0.0027,10000052,2015-04-22,2015-04-22,P,2.5,2015-02-12
12231,2015-04-08 14:52:00,2015-04-08,0.0027,0.0,0.0,2244.0,0.0027,0.0027,0.0027,10000052,2015-04-22,2015-04-22,P,2.5,2015-02-12
12232,2015-04-08 14:53:00,2015-04-08,0.0027,0.0,0.0,2244.0,0.0027,0.0027,0.0027,10000052,2015-04-22,2015-04-22,P,2.5,2015-02-12
12233,2015-04-08 14:54:00,2015-04-08,0.0027,0.0,0.0,2244.0,0.0027,0.0027,0.0027,10000052,2015-04-22,2015-04-22,P,2.5,2015-02-12
12234,2015-04-08 14:55:00,2015-04-08,0.0027,0.0,0.0,2244.0,0.0027,0.0027,0.0027,10000052,2015-04-22,2015-04-22,P,2.5,2015-02-12
12235,2015-04-08 14:56:00,2015-04-08,0.0027,0.0,0.0,2244.0,0.0027,0.0027,0.0027,10000052,2015-04-22,2015-04-22,P,2.5,2015-02-12
12236,2015-04-08 14:57:00,2015-04-08,0.0027,0.0,0.0,2244.0,0.0027,0.0027,0.0027,10000052,2015-04-22,2015-04-22,P,2.5,2015-02-12
12237,2015-04-08 14:58:00,2015-04-08,0.0027,0.0,0.0,2244.0,0.0027,0.0027,0.0027,10000052,2015-04-22,2015-04-22,P,2.5,2015-02-12
12238,2015-04-08 14:59:00,2015-04-08,0.0027,0.0,0.0,2244.0,0.0027,0.0027,0.0027,10000052,2015-04-22,2015-04-22,P,2.5,2015-02-12
12239,2015-04-08 15:00:00,2015-04-08,0.0024,120.0,5.0,2247.0,0.0024,0.0024,0.0024,10000052,2015-04-22,2015-04-22,P,2.5,2015-02-12
12240,2015-04-08 09:31:00,2015-04-08,0.369,128700.0,40.0,226.0,0.3179,0.307,0.3056,10000077,2015-06-24,2015-06-24,C,2.65,2015-03-18
12241,2015-04-08 09:32:00,2015-04-08,0.3058,45420.0,15.0,236.0,0.3013,0.3058,0.3013,10000077,2015-06-24,2015-06-24,C,2.65,2015-03-18
12242,2015-04-08 09:33:00,2015-04-08,0.3058,0.0,0.0,236.0,0.3058,0.3058,0.3058,10000077,2015-06-24,2015-06-24,C,2.65,2015-03-18
12243,2015-04-08 09:34:00,2015-04-08,0.3058,0.0,0.0,236.0,0.3058,0.3058,0.3058,10000077,2015-06-24,2015-06-24,C,2.65,2015-03-18
12244,2015-04-08 09:35:00,2015-04-08,0.3058,0.0,0.0,236.0,0.3058,0.3058,0.3058,10000077,2015-06-24,2015-06-24,C,2.65,2015-03-18
12245,2015-04-08 09:36:00,2015-04-08,0.3058,0.0,0.0,236.0,0.3058,0.3058,0.3058,10000077,2015-06-24,2015-06-24,C,2.65,2015-03-18
12246,2015-04-08 09:37:00,2015-04-08,0.3058,0.0,0.0,236.0,0.3058,0.3058,0.3058,10000077,2015-06-24,2015-06-24,C,2.65,2015-03-18
12247,2015-04-08 09:38:00,2015-04-08,0.3058,0.0,0.0,236.0,0.3058,0.3058,0.3058,10000077,2015-06-24,2015-06-24,C,2.65,2015-03-18
12248,2015-04-08 09:39:00,2015-04-08,0.3058,0.0,0.0,236.0,0.3058,0.3058,0.3058,10000077,2015-06-24,2015-06-24,C,2.65,2015-03-18
12249,2015-04-08 09:40:00,2015-04-08,0.3058,0.0,0.0,236.0,0.3058,0.3058,0.3058,10000077,2015-06-24,2015-06-24,C,2.65,2015-03-18
12250,2015-04-08 09:41:00,2015-04-08,0.3058,0.0,0.0,236.0,0.3058,0.3058,0.3058,10000077,2015-06-24,2015-06-24,C,2.65,2015-03-18
12251,2015-04-08 09:42:00,2015-04-08,0.3058,0.0,0.0,236.0,0.3058,0.3058,0.3058,10000077,2015-06-24,2015-06-24,C,2.65,2015-03-18
12252,2015-04-08 09:43:00,2015-04-08,0.3058,0.0,0.0,236.0,0.3058,0.3058,0.3058,10000077,2015-06-24,2015-06-24,C,2.65,2015-03-18
12253,2015-04-08 09:44:00,2015-04-08,0.3058,0.0,0.0,236.0,0.3058,0.3058,0.3058,10000077,2015-06-24,2015-06-24,C,2.65,2015-03-18
12254,2015-04-08 09:45:00,2015-04-08,0.3058,0.0,0.0,236.0,0.3058,0.3058,0.3058,10000077,2015-06-24,2015-06-24,C,2.65,2015-03-18
12255,2015-04-08 09:46:00,2015-04-08,0.3058,0.0,0.0,236.0,0.3058,0.3058,0.3058,10000077,2015-06-24,2015-06-24,C,2.65,2015-03-18
12256,2015-04-08 09:47:00,2015-04-08,0.3058,0.0,0.0,236.0,0.3058,0.3058,0.3058,10000077,2015-06-24,2015-06-24,C,2.65,2015-03-18
12257,2015-04-08 09:48:00,2015-04-08,0.3058,0.0,0.0,236.0,0.3058,0.3058,0.3058,10000077,2015-06-24,2015-06-24,C,2.65,2015-03-18
12258,2015-04-08 09:49:00,2015-04-08,0.3058,0.0,0.0,236.0,0.3058,0.3058,0.3058,10000077,2015-06-24,2015-06-24,C,2.65,2015-03-18
12259,2015-04-08 09:50:00,2015-04-08,0.3058,0.0,0.0,236.0,0.3058,0.3058,0.3058,10000077,2015-06-24,2015-06-24,C,2.65,2015-03-18
12260,2015-04-08 09:51:00,2015-04-08,0.3058,0.0,0.0,236.0,0.3058,0.3058,0.3058,10000077,2015-06-24,2015-06-24,C,2.65,2015-03-18
12261,2015-04-08 09:52:00,2015-04-08,0.3058,0.0,0.0,236.0,0.3058,0.3058,0.3058,10000077,2015-06-24,2015-06-24,C,2.65,2015-03-18
12262,2015-04-08 09:53:00,2015-04-08,0.3058,0.0,0.0,236.0,0.3058,0.3058,0.3058,10000077,2015-06-24,2015-06-24,C,2.65,2015-03-18
12263,2015-04-08 09:54:00,2015-04-08,0.3058,0.0,0.0,236.0,0.3058,0.3058,0.3058,10000077,2015-06-24,2015-06-24,C,2.65,2015-03-18
12264,2015-04-08 09:55:00,2015-04-08,0.3058,0.0,0.0,236.0,0.3058,0.3058,0.3058,10000077,2015-06-24,2015-06-24,C,2.65,2015-03-18
12265,2015-04-08 09:56:00,2015-04-08,0.3058,0.0,0.0,236.0,0.3058,0.3058,0.3058,10000077,2015-06-24,2015-06-24,C,2.65,2015-03-18
12266,2015-04-08 09:57:00,2015-04-08,0.3058,0.0,0.0,236.0,0.3058,0.3058,0.3058,10000077,2015-06-24,2015-06-24,C,2.65,2015-03-18
12267,2015-04-08 09:58:00,2015-04-08,0.3058,0.0,0.0,236.0,0.3058,0.3058,0.3058,10000077,2015-06-24,2015-06-24,C,2.65,2015-03-18
12268,2015-04-08 09:59:00,2015-04-08,0.3058,0.0,0.0,236.0,0.3058,0.3058,0.3058,10000077,2015-06-24,2015-06-24,C,2.65,2015-03-18
12269,2015-04-08 10:00:00,2015-04-08,0.3058,0.0,0.0,236.0,0.3058,0.3058,0.3058,10000077,2015-06-24,2015-06-24,C,2.65,2015-03-18
12270,2015-04-08 10:01:00,2015-04-08,0.3058,0.0,0.0,236.0,0.3058,0.3058,0.3058,10000077,2015-06-24,2015-06-24,C,2.65,2015-03-18
12271,2015-04-08 10:02:00,2015-04-08,0.3058,0.0,0.0,236.0,0.3058,0.3058,0.3058,10000077,2015-06-24,2015-06-24,C,2.65,2015-03-18
12272,2015-04-08 10:03:00,2015-04-08,0.3058,0.0,0.0,236.0,0.3058,0.3058,0.3058,10000077,2015-06-24,2015-06-24,C,2.65,2015-03-18
12273,2015-04-08 10:04:00,2015-04-08,0.3058,0.0,0.0,236.0,0.3058,0.3058,0.3058,10000077,2015-06-24,2015-06-24,C,2.65,2015-03-18
12274,2015-04-08 10:05:00,2015-04-08,0.3058,0.0,0.0,236.0,0.3058,0.3058,0.3058,10000077,2015-06-24,2015-06-24,C,2.65,2015-03-18
12275,2015-04-08 10:06:00,2015-04-08,0.3058,0.0,0.0,236.0,0.3058,0.3058,0.3058,10000077,2015-06-24,2015-06-24,C,2.65,2015-03-18
12276,2015-04-08 10:07:00,2015-04-08,0.3058,0.0,0.0,236.0,0.3058,0.3058,0.3058,10000077,2015-06-24,2015-06-24,C,2.65,2015-03-18
12277,2015-04-08 10:08:00,2015-04-08,0.3058,0.0,0.0,236.0,0.3058,0.3058,0.3058,10000077,2015-06-24,2015-06-24,C,2.65,2015-03-18
12278,2015-04-08 10:09:00,2015-04-08,0.3058,0.0,0.0,236.0,0.3058,0.3058,0.3058,10000077,2015-06-24,2015-06-24,C,2.65,2015-03-18
12279,2015-04-08 10:10:00,2015-04-08,0.3058,0.0,0.0,236.0,0.3058,0.3058,0.3058,10000077,2015-06-24,2015-06-24,C,2.65,2015-03-18
12280,2015-04-08 10:11:00,2015-04-08,0.3058,0.0,0.0,236.0,0.3058,0.3058,0.3058,10000077,2015-06-24,2015-06-24,C,2.65,2015-03-18
12281,2015-04-08 10:12:00,2015-04-08,0.3058,0.0,0.0,236.0,0.3058,0.3058,0.3058,10000077,2015-06-24,2015-06-24,C,2.65,2015-03-18
12282,2015-04-08 10:13:00,2015-04-08,0.3058,0.0,0.0,236.0,0.3058,0.3058,0.3058,10000077,2015-06-24,2015-06-24,C,2.65,2015-03-18
12283,2015-04-08 10:14:00,2015-04-08,0.3058,0.0,0.0,236.0,0.3058,0.3058,0.3058,10000077,2015-06-24,2015-06-24,C,2.65,2015-03-18
12284,2015-04-08 10:15:00,2015-04-08,0.3058,0.0,0.0,236.0,0.3058,0.3058,0.3058,10000077,2015-06-24,2015-06-24,C,2.65,2015-03-18
12285,2015-04-08 10:16:00,2015-04-08,0.3058,0.0,0.0,236.0,0.3058,0.3058,0.3058,10000077,2015-06-24,2015-06-24,C,2.65,2015-03-18
12286,2015-04-08 10:17:00,2015-04-08,0.3058,0.0,0.0,236.0,0.3058,0.3058,0.3058,10000077,2015-06-24,2015-06-24,C,2.65,2015-03-18
12287,2015-04-08 10:18:00,2015-04-08,0.3058,0.0,0.0,236.0,0.3058,0.3058,0.3058,10000077,2015-06-24,2015-06-24,C,2.65,2015-03-18
12288,2015-04-08 10:19:00,2015-04-08,0.3058,0.0,0.0,236.0,0.3058,0.3058,0.3058,10000077,2015-06-24,2015-06-24,C,2.65,2015-03-18
12289,2015-04-08 10:20:00,2015-04-08,0.3058,0.0,0.0,236.0,0.3058,0.3058,0.3058,10000077,2015-06-24,2015-06-24,C,2.65,2015-03-18
12290,2015-04-08 10:21:00,2015-04-08,0.3058,0.0,0.0,236.0,0.3058,0.3058,0.3058,10000077,2015-06-24,2015-06-24,C,2.65,2015-03-18
12291,2015-04-08 10:22:00,2015-04-08,0.3058,0.0,0.0,236.0,0.3058,0.3058,0.3058,10000077,2015-06-24,2015-06-24,C,2.65,2015-03-18
12292,2015-04-08 10:23:00,2015-04-08,0.3058,0.0,0.0,236.0,0.3058,0.3058,0.3058,10000077,2015-06-24,2015-06-24,C,2.65,2015-03-18
12293,2015-04-08 10:24:00,2015-04-08,0.3,17525.0,6.0,231.0,0.2905,0.3,0.2905,10000077,2015-06-24,2015-06-24,C,2.65,2015-03-18
12294,2015-04-08 10:25:00,2015-04-08,0.3,0.0,0.0,231.0,0.3,0.3,0.3,10000077,2015-06-24,2015-06-24,C,2.65,2015-03-18
12295,2015-04-08 10:26:00,2015-04-08,0.3,0.0,0.0,231.0,0.3,0.3,0.3,10000077,2015-06-24,2015-06-24,C,2.65,2015-03-18
12296,2015-04-08 10:27:00,2015-04-08,0.3,0.0,0.0,231.0,0.3,0.3,0.3,10000077,2015-06-24,2015-06-24,C,2.65,2015-03-18
12297,2015-04-08 10:28:00,2015-04-08,0.3,0.0,0.0,231.0,0.3,0.3,0.3,10000077,2015-06-24,2015-06-24,C,2.65,2015-03-18
12298,2015-04-08 10:29:00,2015-04-08,0.3,0.0,0.0,231.0,0.3,0.3,0.3,10000077,2015-06-24,2015-06-24,C,2.65,2015-03-18
12299,2015-04-08 10:30:00,2015-04-08,0.3,0.0,0.0,231.0,0.3,0.3,0.3,10000077,2015-06-24,2015-06-24,C,2.65,2015-03-18
12300,2015-04-08 10:31:00,2015-04-08,0.3,0.0,0.0,231.0,0.3,0.3,0.3,10000077,2015-06-24,2015-06-24,C,2.65,2015-03-18
12301,2015-04-08 10:32:00,2015-04-08,0.3,0.0,0.0,231.0,0.3,0.3,0.3,10000077,2015-06-24,2015-06-24,C,2.65,2015-03-18
12302,2015-04-08 10:33:00,2015-04-08,0.3,27000.0,9.0,222.0,0.3,0.3,0.3,10000077,2015-06-24,2015-06-24,C,2.65,2015-03-18
12303,2015-04-08 10:34:00,2015-04-08,0.3,0.0,0.0,222.0,0.3,0.3,0.3,10000077,2015-06-24,2015-06-24,C,2.65,2015-03-18
12304,2015-04-08 10:35:00,2015-04-08,0.3,0.0,0.0,222.0,0.3,0.3,0.3,10000077,2015-06-24,2015-06-24,C,2.65,2015-03-18
12305,2015-04-08 10:36:00,2015-04-08,0.3,0.0,0.0,222.0,0.3,0.3,0.3,10000077,2015-06-24,2015-06-24,C,2.65,2015-03-18
12306,2015-04-08 10:37:00,2015-04-08,0.3,0.0,0.0,222.0,0.3,0.3,0.3,10000077,2015-06-24,2015-06-24,C,2.65,2015-03-18
12307,2015-04-08 10:38:00,2015-04-08,0.3,0.0,0.0,222.0,0.3,0.3,0.3,10000077,2015-06-24,2015-06-24,C,2.65,2015-03-18
12308,2015-04-08 10:39:00,2015-04-08,0.3,0.0,0.0,222.0,0.3,0.3,0.3,10000077,2015-06-24,2015-06-24,C,2.65,2015-03-18
12309,2015-04-08 10:40:00,2015-04-08,0.3,0.0,0.0,222.0,0.3,0.3,0.3,10000077,2015-06-24,2015-06-24,C,2.65,2015-03-18
12310,2015-04-08 10:41:00,2015-04-08,0.3,0.0,0.0,222.0,0.3,0.3,0.3,10000077,2015-06-24,2015-06-24,C,2.65,2015-03-18
12311,2015-04-08 10:42:00,2015-04-08,0.2988,26892.0,9.0,213.0,0.2988,0.2988,0.2988,10000077,2015-06-24,2015-06-24,C,2.65,2015-03-18
12312,2015-04-08 10:43:00,2015-04-08,0.2988,0.0,0.0,213.0,0.2988,0.2988,0.2988,10000077,2015-06-24,2015-06-24,C,2.65,2015-03-18
12313,2015-04-08 10:44:00,2015-04-08,0.2988,0.0,0.0,213.0,0.2988,0.2988,0.2988,10000077,2015-06-24,2015-06-24,C,2.65,2015-03-18
12314,2015-04-08 10:45:00,2015-04-08,0.2988,0.0,0.0,213.0,0.2988,0.2988,0.2988,10000077,2015-06-24,2015-06-24,C,2.65,2015-03-18
12315,2015-04-08 10:46:00,2015-04-08,0.2988,0.0,0.0,213.0,0.2988,0.2988,0.2988,10000077,2015-06-24,2015-06-24,C,2.65,2015-03-18
12316,2015-04-08 10:47:00,2015-04-08,0.3013,3013.0,1.0,212.0,0.3013,0.3013,0.3013,10000077,2015-06-24,2015-06-24,C,2.65,2015-03-18
12317,2015-04-08 10:48:00,2015-04-08,0.3013,27117.0,9.0,204.0,0.3013,0.3013,0.3013,10000077,2015-06-24,2015-06-24,C,2.65,2015-03-18
12318,2015-04-08 10:49:00,2015-04-08,0.3013,0.0,0.0,204.0,0.3013,0.3013,0.3013,10000077,2015-06-24,2015-06-24,C,2.65,2015-03-18
12319,2015-04-08 10:50:00,2015-04-08,0.3013,0.0,0.0,204.0,0.3013,0.3013,0.3013,10000077,2015-06-24,2015-06-24,C,2.65,2015-03-18
12320,2015-04-08 10:51:00,2015-04-08,0.3013,0.0,0.0,204.0,0.3013,0.3013,0.3013,10000077,2015-06-24,2015-06-24,C,2.65,2015-03-18
12321,2015-04-08 10:52:00,2015-04-08,0.3013,0.0,0.0,204.0,0.3013,0.3013,0.3013,10000077,2015-06-24,2015-06-24,C,2.65,2015-03-18
12322,2015-04-08 10:53:00,2015-04-08,0.3013,0.0,0.0,204.0,0.3013,0.3013,0.3013,10000077,2015-06-24,2015-06-24,C,2.65,2015-03-18
12323,2015-04-08 10:54:00,2015-04-08,0.3013,0.0,0.0,204.0,0.3013,0.3013,0.3013,10000077,2015-06-24,2015-06-24,C,2.65,2015-03-18
12324,2015-04-08 10:55:00,2015-04-08,0.3013,0.0,0.0,204.0,0.3013,0.3013,0.3013,10000077,2015-06-24,2015-06-24,C,2.65,2015-03-18
12325,2015-04-08 10:56:00,2015-04-08,0.3013,0.0,0.0,204.0,0.3013,0.3013,0.3013,10000077,2015-06-24,2015-06-24,C,2.65,2015-03-18
12326,2015-04-08 10:57:00,2015-04-08,0.3013,0.0,0.0,204.0,0.3013,0.3013,0.3013,10000077,2015-06-24,2015-06-24,C,2.65,2015-03-18
12327,2015-04-08 10:58:00,2015-04-08,0.3013,0.0,0.0,204.0,0.3013,0.3013,0.3013,10000077,2015-06-24,2015-06-24,C,2.65,2015-03-18
12328,2015-04-08 10:59:00,2015-04-08,0.3013,0.0,0.0,204.0,0.3013,0.3013,0.3013,10000077,2015-06-24,2015-06-24,C,2.65,2015-03-18
12329,2015-04-08 11:00:00,2015-04-08,0.3013,0.0,0.0,204.0,0.3013,0.3013,0.3013,10000077,2015-06-24,2015-06-24,C,2.65,2015-03-18
12330,2015-04-08 11:01:00,2015-04-08,0.3013,0.0,0.0,204.0,0.3013,0.3013,0.3013,10000077,2015-06-24,2015-06-24,C,2.65,2015-03-18
12331,2015-04-08 11:02:00,2015-04-08,0.3013,0.0,0.0,204.0,0.3013,0.3013,0.3013,10000077,2015-06-24,2015-06-24,C,2.65,2015-03-18
12332,2015-04-08 11:03:00,2015-04-08,0.3013,0.0,0.0,204.0,0.3013,0.3013,0.3013,10000077,2015-06-24,2015-06-24,C,2.65,2015-03-18
12333,2015-04-08 11:04:00,2015-04-08,0.284,14200.0,5.0,199.0,0.284,0.284,0.284,10000077,2015-06-24,2015-06-24,C,2.65,2015-03-18
12334,2015-04-08 11:05:00,2015-04-08,0.284,0.0,0.0,199.0,0.284,0.284,0.284,10000077,2015-06-24,2015-06-24,C,2.65,2015-03-18
12335,2015-04-08 11:06:00,2015-04-08,0.284,0.0,0.0,199.0,0.284,0.284,0.284,10000077,2015-06-24,2015-06-24,C,2.65,2015-03-18
12336,2015-04-08 11:07:00,2015-04-08,0.284,0.0,0.0,199.0,0.284,0.284,0.284,10000077,2015-06-24,2015-06-24,C,2.65,2015-03-18
12337,2015-04-08 11:08:00,2015-04-08,0.2999,5998.0,2.0,201.0,0.2999,0.2999,0.2999,10000077,2015-06-24,2015-06-24,C,2.65,2015-03-18
12338,2015-04-08 11:09:00,2015-04-08,0.2999,0.0,0.0,201.0,0.2999,0.2999,0.2999,10000077,2015-06-24,2015-06-24,C,2.65,2015-03-18
12339,2015-04-08 11:10:00,2015-04-08,0.2999,0.0,0.0,201.0,0.2999,0.2999,0.2999,10000077,2015-06-24,2015-06-24,C,2.65,2015-03-18
12340,2015-04-08 11:11:00,2015-04-08,0.2999,0.0,0.0,201.0,0.2999,0.2999,0.2999,10000077,2015-06-24,2015-06-24,C,2.65,2015-03-18
12341,2015-04-08 11:12:00,2015-04-08,0.2999,0.0,0.0,201.0,0.2999,0.2999,0.2999,10000077,2015-06-24,2015-06-24,C,2.65,2015-03-18
12342,2015-04-08 11:13:00,2015-04-08,0.2999,0.0,0.0,201.0,0.2999,0.2999,0.2999,10000077,2015-06-24,2015-06-24,C,2.65,2015-03-18
12343,2015-04-08 11:14:00,2015-04-08,0.2999,0.0,0.0,201.0,0.2999,0.2999,0.2999,10000077,2015-06-24,2015-06-24,C,2.65,2015-03-18
12344,2015-04-08 11:15:00,2015-04-08,0.2999,0.0,0.0,201.0,0.2999,0.2999,0.2999,10000077,2015-06-24,2015-06-24,C,2.65,2015-03-18
12345,2015-04-08 11:16:00,2015-04-08,0.2999,0.0,0.0,201.0,0.2999,0.2999,0.2999,10000077,2015-06-24,2015-06-24,C,2.65,2015-03-18
12346,2015-04-08 11:17:00,2015-04-08,0.2999,0.0,0.0,201.0,0.2999,0.2999,0.2999,10000077,2015-06-24,2015-06-24,C,2.65,2015-03-18
12347,2015-04-08 11:18:00,2015-04-08,0.2999,0.0,0.0,201.0,0.2999,0.2999,0.2999,10000077,2015-06-24,2015-06-24,C,2.65,2015-03-18
12348,2015-04-08 11:19:00,2015-04-08,0.2999,0.0,0.0,201.0,0.2999,0.2999,0.2999,10000077,2015-06-24,2015-06-24,C,2.65,2015-03-18
12349,2015-04-08 11:20:00,2015-04-08,0.2999,0.0,0.0,201.0,0.2999,0.2999,0.2999,10000077,2015-06-24,2015-06-24,C,2.65,2015-03-18
12350,2015-04-08 11:21:00,2015-04-08,0.2999,0.0,0.0,201.0,0.2999,0.2999,0.2999,10000077,2015-06-24,2015-06-24,C,2.65,2015-03-18
12351,2015-04-08 11:22:00,2015-04-08,0.2999,0.0,0.0,201.0,0.2999,0.2999,0.2999,10000077,2015-06-24,2015-06-24,C,2.65,2015-03-18
12352,2015-04-08 11:23:00,2015-04-08,0.2999,0.0,0.0,201.0,0.2999,0.2999,0.2999,10000077,2015-06-24,2015-06-24,C,2.65,2015-03-18
12353,2015-04-08 11:24:00,2015-04-08,0.2999,0.0,0.0,201.0,0.2999,0.2999,0.2999,10000077,2015-06-24,2015-06-24,C,2.65,2015-03-18
12354,2015-04-08 11:25:00,2015-04-08,0.2999,0.0,0.0,201.0,0.2999,0.2999,0.2999,10000077,2015-06-24,2015-06-24,C,2.65,2015-03-18
12355,2015-04-08 11:26:00,2015-04-08,0.2999,0.0,0.0,201.0,0.2999,0.2999,0.2999,10000077,2015-06-24,2015-06-24,C,2.65,2015-03-18
12356,2015-04-08 11:27:00,2015-04-08,0.2999,0.0,0.0,201.0,0.2999,0.2999,0.2999,10000077,2015-06-24,2015-06-24,C,2.65,2015-03-18
12357,2015-04-08 11:28:00,2015-04-08,0.2999,0.0,0.0,201.0,0.2999,0.2999,0.2999,10000077,2015-06-24,2015-06-24,C,2.65,2015-03-18
12358,2015-04-08 11:29:00,2015-04-08,0.2999,0.0,0.0,201.0,0.2999,0.2999,0.2999,10000077,2015-06-24,2015-06-24,C,2.65,2015-03-18
12359,2015-04-08 11:30:00,2015-04-08,0.2999,0.0,0.0,201.0,0.2999,0.2999,0.2999,10000077,2015-06-24,2015-06-24,C,2.65,2015-03-18
12360,2015-04-08 13:01:00,2015-04-08,0.2999,0.0,0.0,201.0,0.2999,0.2999,0.2999,10000077,2015-06-24,2015-06-24,C,2.65,2015-03-18
12361,2015-04-08 13:02:00,2015-04-08,0.2999,0.0,0.0,201.0,0.2999,0.2999,0.2999,10000077,2015-06-24,2015-06-24,C,2.65,2015-03-18
12362,2015-04-08 13:03:00,2015-04-08,0.2999,0.0,0.0,201.0,0.2999,0.2999,0.2999,10000077,2015-06-24,2015-06-24,C,2.65,2015-03-18
12363,2015-04-08 13:04:00,2015-04-08,0.2999,0.0,0.0,201.0,0.2999,0.2999,0.2999,10000077,2015-06-24,2015-06-24,C,2.65,2015-03-18
12364,2015-04-08 13:05:00,2015-04-08,0.2999,0.0,0.0,201.0,0.2999,0.2999,0.2999,10000077,2015-06-24,2015-06-24,C,2.65,2015-03-18
12365,2015-04-08 13:06:00,2015-04-08,0.2999,0.0,0.0,201.0,0.2999,0.2999,0.2999,10000077,2015-06-24,2015-06-24,C,2.65,2015-03-18
12366,2015-04-08 13:07:00,2015-04-08,0.2999,0.0,0.0,201.0,0.2999,0.2999,0.2999,10000077,2015-06-24,2015-06-24,C,2.65,2015-03-18
12367,2015-04-08 13:08:00,2015-04-08,0.2999,0.0,0.0,201.0,0.2999,0.2999,0.2999,10000077,2015-06-24,2015-06-24,C,2.65,2015-03-18
12368,2015-04-08 13:09:00,2015-04-08,0.2999,0.0,0.0,201.0,0.2999,0.2999,0.2999,10000077,2015-06-24,2015-06-24,C,2.65,2015-03-18
12369,2015-04-08 13:10:00,2015-04-08,0.2999,0.0,0.0,201.0,0.2999,0.2999,0.2999,10000077,2015-06-24,2015-06-24,C,2.65,2015-03-18
12370,2015-04-08 13:11:00,2015-04-08,0.2999,0.0,0.0,201.0,0.2999,0.2999,0.2999,10000077,2015-06-24,2015-06-24,C,2.65,2015-03-18
12371,2015-04-08 13:12:00,2015-04-08,0.2999,0.0,0.0,201.0,0.2999,0.2999,0.2999,10000077,2015-06-24,2015-06-24,C,2.65,2015-03-18
12372,2015-04-08 13:13:00,2015-04-08,0.2999,0.0,0.0,201.0,0.2999,0.2999,0.2999,10000077,2015-06-24,2015-06-24,C,2.65,2015-03-18
12373,2015-04-08 13:14:00,2015-04-08,0.2999,0.0,0.0,201.0,0.2999,0.2999,0.2999,10000077,2015-06-24,2015-06-24,C,2.65,2015-03-18
12374,2015-04-08 13:15:00,2015-04-08,0.2999,0.0,0.0,201.0,0.2999,0.2999,0.2999,10000077,2015-06-24,2015-06-24,C,2.65,2015-03-18
12375,2015-04-08 13:16:00,2015-04-08,0.2999,0.0,0.0,201.0,0.2999,0.2999,0.2999,10000077,2015-06-24,2015-06-24,C,2.65,2015-03-18
12376,2015-04-08 13:17:00,2015-04-08,0.2999,0.0,0.0,201.0,0.2999,0.2999,0.2999,10000077,2015-06-24,2015-06-24,C,2.65,2015-03-18
12377,2015-04-08 13:18:00,2015-04-08,0.2999,0.0,0.0,201.0,0.2999,0.2999,0.2999,10000077,2015-06-24,2015-06-24,C,2.65,2015-03-18
12378,2015-04-08 13:19:00,2015-04-08,0.2999,0.0,0.0,201.0,0.2999,0.2999,0.2999,10000077,2015-06-24,2015-06-24,C,2.65,2015-03-18
12379,2015-04-08 13:20:00,2015-04-08,0.2999,0.0,0.0,201.0,0.2999,0.2999,0.2999,10000077,2015-06-24,2015-06-24,C,2.65,2015-03-18
12380,2015-04-08 13:21:00,2015-04-08,0.2999,0.0,0.0,201.0,0.2999,0.2999,0.2999,10000077,2015-06-24,2015-06-24,C,2.65,2015-03-18
12381,2015-04-08 13:22:00,2015-04-08,0.2999,0.0,0.0,201.0,0.2999,0.2999,0.2999,10000077,2015-06-24,2015-06-24,C,2.65,2015-03-18
12382,2015-04-08 13:23:00,2015-04-08,0.2999,0.0,0.0,201.0,0.2999,0.2999,0.2999,10000077,2015-06-24,2015-06-24,C,2.65,2015-03-18
12383,2015-04-08 13:24:00,2015-04-08,0.2999,0.0,0.0,201.0,0.2999,0.2999,0.2999,10000077,2015-06-24,2015-06-24,C,2.65,2015-03-18
12384,2015-04-08 13:25:00,2015-04-08,0.2999,0.0,0.0,201.0,0.2999,0.2999,0.2999,10000077,2015-06-24,2015-06-24,C,2.65,2015-03-18
12385,2015-04-08 13:26:00,2015-04-08,0.2999,0.0,0.0,201.0,0.2999,0.2999,0.2999,10000077,2015-06-24,2015-06-24,C,2.65,2015-03-18
12386,2015-04-08 13:27:00,2015-04-08,0.3418,17090.0,5.0,206.0,0.3418,0.3418,0.3418,10000077,2015-06-24,2015-06-24,C,2.65,2015-03-18
12387,2015-04-08 13:28:00,2015-04-08,0.34,6800.0,2.0,206.0,0.34,0.34,0.34,10000077,2015-06-24,2015-06-24,C,2.65,2015-03-18
12388,2015-04-08 13:29:00,2015-04-08,0.34,0.0,0.0,206.0,0.34,0.34,0.34,10000077,2015-06-24,2015-06-24,C,2.65,2015-03-18
12389,2015-04-08 13:30:00,2015-04-08,0.34,0.0,0.0,206.0,0.34,0.34,0.34,10000077,2015-06-24,2015-06-24,C,2.65,2015-03-18
12390,2015-04-08 13:31:00,2015-04-08,0.34,0.0,0.0,206.0,0.34,0.34,0.34,10000077,2015-06-24,2015-06-24,C,2.65,2015-03-18
12391,2015-04-08 13:32:00,2015-04-08,0.34,0.0,0.0,206.0,0.34,0.34,0.34,10000077,2015-06-24,2015-06-24,C,2.65,2015-03-18
12392,2015-04-08 13:33:00,2015-04-08,0.34,0.0,0.0,206.0,0.34,0.34,0.34,10000077,2015-06-24,2015-06-24,C,2.65,2015-03-18
12393,2015-04-08 13:34:00,2015-04-08,0.34,0.0,0.0,206.0,0.34,0.34,0.34,10000077,2015-06-24,2015-06-24,C,2.65,2015-03-18
12394,2015-04-08 13:35:00,2015-04-08,0.34,0.0,0.0,206.0,0.34,0.34,0.34,10000077,2015-06-24,2015-06-24,C,2.65,2015-03-18
12395,2015-04-08 13:36:00,2015-04-08,0.34,0.0,0.0,206.0,0.34,0.34,0.34,10000077,2015-06-24,2015-06-24,C,2.65,2015-03-18
12396,2015-04-08 13:37:00,2015-04-08,0.34,0.0,0.0,206.0,0.34,0.34,0.34,10000077,2015-06-24,2015-06-24,C,2.65,2015-03-18
12397,2015-04-08 13:38:00,2015-04-08,0.34,0.0,0.0,206.0,0.34,0.34,0.34,10000077,2015-06-24,2015-06-24,C,2.65,2015-03-18
12398,2015-04-08 13:39:00,2015-04-08,0.34,0.0,0.0,206.0,0.34,0.34,0.34,10000077,2015-06-24,2015-06-24,C,2.65,2015-03-18
12399,2015-04-08 13:40:00,2015-04-08,0.34,0.0,0.0,206.0,0.34,0.34,0.34,10000077,2015-06-24,2015-06-24,C,2.65,2015-03-18
12400,2015-04-08 13:41:00,2015-04-08,0.34,0.0,0.0,206.0,0.34,0.34,0.34,10000077,2015-06-24,2015-06-24,C,2.65,2015-03-18
12401,2015-04-08 13:42:00,2015-04-08,0.34,0.0,0.0,206.0,0.34,0.34,0.34,10000077,2015-06-24,2015-06-24,C,2.65,2015-03-18
12402,2015-04-08 13:43:00,2015-04-08,0.34,0.0,0.0,206.0,0.34,0.34,0.34,10000077,2015-06-24,2015-06-24,C,2.65,2015-03-18
12403,2015-04-08 13:44:00,2015-04-08,0.34,0.0,0.0,206.0,0.34,0.34,0.34,10000077,2015-06-24,2015-06-24,C,2.65,2015-03-18
12404,2015-04-08 13:45:00,2015-04-08,0.34,0.0,0.0,206.0,0.34,0.34,0.34,10000077,2015-06-24,2015-06-24,C,2.65,2015-03-18
12405,2015-04-08 13:46:00,2015-04-08,0.34,0.0,0.0,206.0,0.34,0.34,0.34,10000077,2015-06-24,2015-06-24,C,2.65,2015-03-18
12406,2015-04-08 13:47:00,2015-04-08,0.34,0.0,0.0,206.0,0.34,0.34,0.34,10000077,2015-06-24,2015-06-24,C,2.65,2015-03-18
12407,2015-04-08 13:48:00,2015-04-08,0.34,0.0,0.0,206.0,0.34,0.34,0.34,10000077,2015-06-24,2015-06-24,C,2.65,2015-03-18
12408,2015-04-08 13:49:00,2015-04-08,0.34,0.0,0.0,206.0,0.34,0.34,0.34,10000077,2015-06-24,2015-06-24,C,2.65,2015-03-18
12409,2015-04-08 13:50:00,2015-04-08,0.34,0.0,0.0,206.0,0.34,0.34,0.34,10000077,2015-06-24,2015-06-24,C,2.65,2015-03-18
12410,2015-04-08 13:51:00,2015-04-08,0.34,0.0,0.0,206.0,0.34,0.34,0.34,10000077,2015-06-24,2015-06-24,C,2.65,2015-03-18
12411,2015-04-08 13:52:00,2015-04-08,0.34,0.0,0.0,206.0,0.34,0.34,0.34,10000077,2015-06-24,2015-06-24,C,2.65,2015-03-18
12412,2015-04-08 13:53:00,2015-04-08,0.34,0.0,0.0,206.0,0.34,0.34,0.34,10000077,2015-06-24,2015-06-24,C,2.65,2015-03-18
12413,2015-04-08 13:54:00,2015-04-08,0.34,0.0,0.0,206.0,0.34,0.34,0.34,10000077,2015-06-24,2015-06-24,C,2.65,2015-03-18
12414,2015-04-08 13:55:00,2015-04-08,0.34,0.0,0.0,206.0,0.34,0.34,0.34,10000077,2015-06-24,2015-06-24,C,2.65,2015-03-18
12415,2015-04-08 13:56:00,2015-04-08,0.34,0.0,0.0,206.0,0.34,0.34,0.34,10000077,2015-06-24,2015-06-24,C,2.65,2015-03-18
12416,2015-04-08 13:57:00,2015-04-08,0.34,0.0,0.0,206.0,0.34,0.34,0.34,10000077,2015-06-24,2015-06-24,C,2.65,2015-03-18
12417,2015-04-08 13:58:00,2015-04-08,0.34,0.0,0.0,206.0,0.34,0.34,0.34,10000077,2015-06-24,2015-06-24,C,2.65,2015-03-18
12418,2015-04-08 13:59:00,2015-04-08,0.34,0.0,0.0,206.0,0.34,0.34,0.34,10000077,2015-06-24,2015-06-24,C,2.65,2015-03-18
12419,2015-04-08 14:00:00,2015-04-08,0.34,0.0,0.0,206.0,0.34,0.34,0.34,10000077,2015-06-24,2015-06-24,C,2.65,2015-03-18
12420,2015-04-08 14:01:00,2015-04-08,0.34,0.0,0.0,206.0,0.34,0.34,0.34,10000077,2015-06-24,2015-06-24,C,2.65,2015-03-18
12421,2015-04-08 14:02:00,2015-04-08,0.34,0.0,0.0,206.0,0.34,0.34,0.34,10000077,2015-06-24,2015-06-24,C,2.65,2015-03-18
12422,2015-04-08 14:03:00,2015-04-08,0.34,0.0,0.0,206.0,0.34,0.34,0.34,10000077,2015-06-24,2015-06-24,C,2.65,2015-03-18
12423,2015-04-08 14:04:00,2015-04-08,0.34,0.0,0.0,206.0,0.34,0.34,0.34,10000077,2015-06-24,2015-06-24,C,2.65,2015-03-18
12424,2015-04-08 14:05:00,2015-04-08,0.34,0.0,0.0,206.0,0.34,0.34,0.34,10000077,2015-06-24,2015-06-24,C,2.65,2015-03-18
12425,2015-04-08 14:06:00,2015-04-08,0.34,0.0,0.0,206.0,0.34,0.34,0.34,10000077,2015-06-24,2015-06-24,C,2.65,2015-03-18
12426,2015-04-08 14:07:00,2015-04-08,0.34,0.0,0.0,206.0,0.34,0.34,0.34,10000077,2015-06-24,2015-06-24,C,2.65,2015-03-18
12427,2015-04-08 14:08:00,2015-04-08,0.34,0.0,0.0,206.0,0.34,0.34,0.34,10000077,2015-06-24,2015-06-24,C,2.65,2015-03-18
12428,2015-04-08 14:09:00,2015-04-08,0.34,0.0,0.0,206.0,0.34,0.34,0.34,10000077,2015-06-24,2015-06-24,C,2.65,2015-03-18
12429,2015-04-08 14:10:00,2015-04-08,0.34,0.0,0.0,206.0,0.34,0.34,0.34,10000077,2015-06-24,2015-06-24,C,2.65,2015-03-18
12430,2015-04-08 14:11:00,2015-04-08,0.34,0.0,0.0,206.0,0.34,0.34,0.34,10000077,2015-06-24,2015-06-24,C,2.65,2015-03-18
12431,2015-04-08 14:12:00,2015-04-08,0.34,0.0,0.0,206.0,0.34,0.34,0.34,10000077,2015-06-24,2015-06-24,C,2.65,2015-03-18
12432,2015-04-08 14:13:00,2015-04-08,0.34,0.0,0.0,206.0,0.34,0.34,0.34,10000077,2015-06-24,2015-06-24,C,2.65,2015-03-18
12433,2015-04-08 14:14:00,2015-04-08,0.34,0.0,0.0,206.0,0.34,0.34,0.34,10000077,2015-06-24,2015-06-24,C,2.65,2015-03-18
12434,2015-04-08 14:15:00,2015-04-08,0.34,0.0,0.0,206.0,0.34,0.34,0.34,10000077,2015-06-24,2015-06-24,C,2.65,2015-03-18
12435,2015-04-08 14:16:00,2015-04-08,0.34,0.0,0.0,206.0,0.34,0.34,0.34,10000077,2015-06-24,2015-06-24,C,2.65,2015-03-18
12436,2015-04-08 14:17:00,2015-04-08,0.34,0.0,0.0,206.0,0.34,0.34,0.34,10000077,2015-06-24,2015-06-24,C,2.65,2015-03-18
12437,2015-04-08 14:18:00,2015-04-08,0.34,0.0,0.0,206.0,0.34,0.34,0.34,10000077,2015-06-24,2015-06-24,C,2.65,2015-03-18
12438,2015-04-08 14:19:00,2015-04-08,0.33,13200.0,4.0,210.0,0.33,0.33,0.33,10000077,2015-06-24,2015-06-24,C,2.65,2015-03-18
12439,2015-04-08 14:20:00,2015-04-08,0.33,0.0,0.0,210.0,0.33,0.33,0.33,10000077,2015-06-24,2015-06-24,C,2.65,2015-03-18
12440,2015-04-08 14:21:00,2015-04-08,0.3238,16190.0,5.0,210.0,0.3238,0.3238,0.3238,10000077,2015-06-24,2015-06-24,C,2.65,2015-03-18
12441,2015-04-08 14:22:00,2015-04-08,0.3238,0.0,0.0,210.0,0.3238,0.3238,0.3238,10000077,2015-06-24,2015-06-24,C,2.65,2015-03-18
12442,2015-04-08 14:23:00,2015-04-08,0.3238,0.0,0.0,210.0,0.3238,0.3238,0.3238,10000077,2015-06-24,2015-06-24,C,2.65,2015-03-18
12443,2015-04-08 14:24:00,2015-04-08,0.3238,0.0,0.0,210.0,0.3238,0.3238,0.3238,10000077,2015-06-24,2015-06-24,C,2.65,2015-03-18
12444,2015-04-08 14:25:00,2015-04-08,0.3125,31250.0,10.0,200.0,0.3125,0.3125,0.3125,10000077,2015-06-24,2015-06-24,C,2.65,2015-03-18
12445,2015-04-08 14:26:00,2015-04-08,0.3125,0.0,0.0,200.0,0.3125,0.3125,0.3125,10000077,2015-06-24,2015-06-24,C,2.65,2015-03-18
12446,2015-04-08 14:27:00,2015-04-08,0.3125,0.0,0.0,200.0,0.3125,0.3125,0.3125,10000077,2015-06-24,2015-06-24,C,2.65,2015-03-18
12447,2015-04-08 14:28:00,2015-04-08,0.3125,0.0,0.0,200.0,0.3125,0.3125,0.3125,10000077,2015-06-24,2015-06-24,C,2.65,2015-03-18
12448,2015-04-08 14:29:00,2015-04-08,0.3125,0.0,0.0,200.0,0.3125,0.3125,0.3125,10000077,2015-06-24,2015-06-24,C,2.65,2015-03-18
12449,2015-04-08 14:30:00,2015-04-08,0.3125,0.0,0.0,200.0,0.3125,0.3125,0.3125,10000077,2015-06-24,2015-06-24,C,2.65,2015-03-18
12450,2015-04-08 14:31:00,2015-04-08,0.3125,0.0,0.0,200.0,0.3125,0.3125,0.3125,10000077,2015-06-24,2015-06-24,C,2.65,2015-03-18
12451,2015-04-08 14:32:00,2015-04-08,0.3125,0.0,0.0,200.0,0.3125,0.3125,0.3125,10000077,2015-06-24,2015-06-24,C,2.65,2015-03-18
12452,2015-04-08 14:33:00,2015-04-08,0.3125,0.0,0.0,200.0,0.3125,0.3125,0.3125,10000077,2015-06-24,2015-06-24,C,2.65,2015-03-18
12453,2015-04-08 14:34:00,2015-04-08,0.3125,0.0,0.0,200.0,0.3125,0.3125,0.3125,10000077,2015-06-24,2015-06-24,C,2.65,2015-03-18
12454,2015-04-08 14:35:00,2015-04-08,0.3125,0.0,0.0,200.0,0.3125,0.3125,0.3125,10000077,2015-06-24,2015-06-24,C,2.65,2015-03-18
12455,2015-04-08 14:36:00,2015-04-08,0.3125,0.0,0.0,200.0,0.3125,0.3125,0.3125,10000077,2015-06-24,2015-06-24,C,2.65,2015-03-18
12456,2015-04-08 14:37:00,2015-04-08,0.3238,16190.0,5.0,200.0,0.3238,0.3238,0.3238,10000077,2015-06-24,2015-06-24,C,2.65,2015-03-18
12457,2015-04-08 14:38:00,2015-04-08,0.3238,0.0,0.0,200.0,0.3238,0.3238,0.3238,10000077,2015-06-24,2015-06-24,C,2.65,2015-03-18
12458,2015-04-08 14:39:00,2015-04-08,0.3238,0.0,0.0,200.0,0.3238,0.3238,0.3238,10000077,2015-06-24,2015-06-24,C,2.65,2015-03-18
12459,2015-04-08 14:40:00,2015-04-08,0.3238,0.0,0.0,200.0,0.3238,0.3238,0.3238,10000077,2015-06-24,2015-06-24,C,2.65,2015-03-18
12460,2015-04-08 14:41:00,2015-04-08,0.3238,0.0,0.0,200.0,0.3238,0.3238,0.3238,10000077,2015-06-24,2015-06-24,C,2.65,2015-03-18
12461,2015-04-08 14:42:00,2015-04-08,0.3238,0.0,0.0,200.0,0.3238,0.3238,0.3238,10000077,2015-06-24,2015-06-24,C,2.65,2015-03-18
12462,2015-04-08 14:43:00,2015-04-08,0.3238,0.0,0.0,200.0,0.3238,0.3238,0.3238,10000077,2015-06-24,2015-06-24,C,2.65,2015-03-18
12463,2015-04-08 14:44:00,2015-04-08,0.3238,0.0,0.0,200.0,0.3238,0.3238,0.3238,10000077,2015-06-24,2015-06-24,C,2.65,2015-03-18
12464,2015-04-08 14:45:00,2015-04-08,0.3238,0.0,0.0,200.0,0.3238,0.3238,0.3238,10000077,2015-06-24,2015-06-24,C,2.65,2015-03-18
12465,2015-04-08 14:46:00,2015-04-08,0.3238,0.0,0.0,200.0,0.3238,0.3238,0.3238,10000077,2015-06-24,2015-06-24,C,2.65,2015-03-18
12466,2015-04-08 14:47:00,2015-04-08,0.3238,0.0,0.0,200.0,0.3238,0.3238,0.3238,10000077,2015-06-24,2015-06-24,C,2.65,2015-03-18
12467,2015-04-08 14:48:00,2015-04-08,0.3238,0.0,0.0,200.0,0.3238,0.3238,0.3238,10000077,2015-06-24,2015-06-24,C,2.65,2015-03-18
12468,2015-04-08 14:49:00,2015-04-08,0.3238,0.0,0.0,200.0,0.3238,0.3238,0.3238,10000077,2015-06-24,2015-06-24,C,2.65,2015-03-18
12469,2015-04-08 14:50:00,2015-04-08,0.3238,0.0,0.0,200.0,0.3238,0.3238,0.3238,10000077,2015-06-24,2015-06-24,C,2.65,2015-03-18
12470,2015-04-08 14:51:00,2015-04-08,0.3238,0.0,0.0,200.0,0.3238,0.3238,0.3238,10000077,2015-06-24,2015-06-24,C,2.65,2015-03-18
12471,2015-04-08 14:52:00,2015-04-08,0.3238,0.0,0.0,200.0,0.3238,0.3238,0.3238,10000077,2015-06-24,2015-06-24,C,2.65,2015-03-18
12472,2015-04-08 14:53:00,2015-04-08,0.3238,0.0,0.0,200.0,0.3238,0.3238,0.3238,10000077,2015-06-24,2015-06-24,C,2.65,2015-03-18
12473,2015-04-08 14:54:00,2015-04-08,0.3238,0.0,0.0,200.0,0.3238,0.3238,0.3238,10000077,2015-06-24,2015-06-24,C,2.65,2015-03-18
12474,2015-04-08 14:55:00,2015-04-08,0.3238,0.0,0.0,200.0,0.3238,0.3238,0.3238,10000077,2015-06-24,2015-06-24,C,2.65,2015-03-18
12475,2015-04-08 14:56:00,2015-04-08,0.3238,0.0,0.0,200.0,0.3238,0.3238,0.3238,10000077,2015-06-24,2015-06-24,C,2.65,2015-03-18
12476,2015-04-08 14:57:00,2015-04-08,0.3238,0.0,0.0,200.0,0.3238,0.3238,0.3238,10000077,2015-06-24,2015-06-24,C,2.65,2015-03-18
12477,2015-04-08 14:58:00,2015-04-08,0.3238,0.0,0.0,200.0,0.3238,0.3238,0.3238,10000077,2015-06-24,2015-06-24,C,2.65,2015-03-18
12478,2015-04-08 14:59:00,2015-04-08,0.3238,0.0,0.0,200.0,0.3238,0.3238,0.3238,10000077,2015-06-24,2015-06-24,C,2.65,2015-03-18
12479,2015-04-08 15:00:00,2015-04-08,0.3238,0.0,0.0,200.0,0.3238,0.3238,0.3238,10000077,2015-06-24,2015-06-24,C,2.65,2015-03-18
12480,2015-04-08 09:31:00,2015-04-08,0.08900000000000001,47331.0,57.0,1207.0,0.0897,0.085,0.073,10000118,2015-04-22,2015-04-22,P,2.85,2015-03-31
12481,2015-04-08 09:32:00,2015-04-08,0.0858,13678.0,16.0,1216.0,0.085,0.0858,0.085,10000118,2015-04-22,2015-04-22,P,2.85,2015-03-31
12482,2015-04-08 09:33:00,2015-04-08,0.0889,6197.0,7.0,1223.0,0.0876,0.0876,0.0876,10000118,2015-04-22,2015-04-22,P,2.85,2015-03-31
12483,2015-04-08 09:34:00,2015-04-08,0.0885,9690.0,11.0,1233.0,0.0876,0.0885,0.0876,10000118,2015-04-22,2015-04-22,P,2.85,2015-03-31
12484,2015-04-08 09:35:00,2015-04-08,0.0891,9749.0,11.0,1242.0,0.08800000000000001,0.0876,0.0876,10000118,2015-04-22,2015-04-22,P,2.85,2015-03-31
12485,2015-04-08 09:36:00,2015-04-08,0.09,18783.0,21.0,1250.0,0.08900000000000001,0.09,0.0889,10000118,2015-04-22,2015-04-22,P,2.85,2015-03-31
12486,2015-04-08 09:37:00,2015-04-08,0.0922,1844.0,2.0,1252.0,0.0922,0.0922,0.0922,10000118,2015-04-22,2015-04-22,P,2.85,2015-03-31
12487,2015-04-08 09:38:00,2015-04-08,0.0922,1820.0,2.0,1254.0,0.0898,0.0922,0.0898,10000118,2015-04-22,2015-04-22,P,2.85,2015-03-31
12488,2015-04-08 09:39:00,2015-04-08,0.0917,9093.0,10.0,1260.0,0.0917,0.0903,0.0903,10000118,2015-04-22,2015-04-22,P,2.85,2015-03-31
12489,2015-04-08 09:40:00,2015-04-08,0.0909,4512.0,5.0,1260.0,0.0909,0.09,0.09,10000118,2015-04-22,2015-04-22,P,2.85,2015-03-31
12490,2015-04-08 09:41:00,2015-04-08,0.0898,44826.0,50.0,1310.0,0.0898,0.0893,0.0893,10000118,2015-04-22,2015-04-22,P,2.85,2015-03-31
12491,2015-04-08 09:42:00,2015-04-08,0.09,8065.0,9.0,1303.0,0.0865,0.09,0.0865,10000118,2015-04-22,2015-04-22,P,2.85,2015-03-31
12492,2015-04-08 09:43:00,2015-04-08,0.0866,866.0,1.0,1303.0,0.0866,0.0866,0.0866,10000118,2015-04-22,2015-04-22,P,2.85,2015-03-31
12493,2015-04-08 09:44:00,2015-04-08,0.0857,857.0,1.0,1304.0,0.0857,0.0857,0.0857,10000118,2015-04-22,2015-04-22,P,2.85,2015-03-31
12494,2015-04-08 09:45:00,2015-04-08,0.0857,0.0,0.0,1304.0,0.0857,0.0857,0.0857,10000118,2015-04-22,2015-04-22,P,2.85,2015-03-31
12495,2015-04-08 09:46:00,2015-04-08,0.0844,28536.0,34.0,1330.0,0.0844,0.0834,0.0834,10000118,2015-04-22,2015-04-22,P,2.85,2015-03-31
12496,2015-04-08 09:47:00,2015-04-08,0.0823,1632.0,2.0,1331.0,0.0823,0.0809,0.0809,10000118,2015-04-22,2015-04-22,P,2.85,2015-03-31
12497,2015-04-08 09:48:00,2015-04-08,0.0804,2410.0,3.0,1331.0,0.0803,0.0804,0.0803,10000118,2015-04-22,2015-04-22,P,2.85,2015-03-31
12498,2015-04-08 09:49:00,2015-04-08,0.0822,11368.0,14.0,1324.0,0.0804,0.0811,0.0803,10000118,2015-04-22,2015-04-22,P,2.85,2015-03-31
12499,2015-04-08 09:50:00,2015-04-08,0.083,14103.0,17.0,1317.0,0.0829,0.083,0.0829,10000118,2015-04-22,2015-04-22,P,2.85,2015-03-31
12500,2015-04-08 09:51:00,2015-04-08,0.0819,1638.0,2.0,1317.0,0.0819,0.0819,0.0819,10000118,2015-04-22,2015-04-22,P,2.85,2015-03-31
12501,2015-04-08 09:52:00,2015-04-08,0.08199999999999999,820.0,1.0,1318.0,0.08199999999999999,0.08199999999999999,0.08199999999999999,10000118,2015-04-22,2015-04-22,P,2.85,2015-03-31
12502,2015-04-08 09:53:00,2015-04-08,0.08199999999999999,3232.0,4.0,1319.0,0.08199999999999999,0.0786,0.0786,10000118,2015-04-22,2015-04-22,P,2.85,2015-03-31
12503,2015-04-08 09:54:00,2015-04-08,0.0812,3198.0,4.0,1320.0,0.0787,0.0812,0.0787,10000118,2015-04-22,2015-04-22,P,2.85,2015-03-31
12504,2015-04-08 09:55:00,2015-04-08,0.0798,10261.0,13.0,1320.0,0.0798,0.0788,0.0784,10000118,2015-04-22,2015-04-22,P,2.85,2015-03-31
12505,2015-04-08 09:56:00,2015-04-08,0.0793,6166.0,8.0,1320.0,0.0749,0.0793,0.0749,10000118,2015-04-22,2015-04-22,P,2.85,2015-03-31
12506,2015-04-08 09:57:00,2015-04-08,0.075,19500.0,26.0,1346.0,0.075,0.075,0.075,10000118,2015-04-22,2015-04-22,P,2.85,2015-03-31
12507,2015-04-08 09:58:00,2015-04-08,0.0741,16954.0,23.0,1360.0,0.0741,0.073,0.073,10000118,2015-04-22,2015-04-22,P,2.85,2015-03-31
12508,2015-04-08 09:59:00,2015-04-08,0.0731,12372.0,17.0,1363.0,0.0731,0.07200000000000001,0.07200000000000001,10000118,2015-04-22,2015-04-22,P,2.85,2015-03-31
12509,2015-04-08 10:00:00,2015-04-08,0.07200000000000001,720.0,1.0,1364.0,0.07200000000000001,0.07200000000000001,0.07200000000000001,10000118,2015-04-22,2015-04-22,P,2.85,2015-03-31
12510,2015-04-08 10:01:00,2015-04-08,0.0742,4436.0,6.0,1364.0,0.0742,0.0742,0.0726,10000118,2015-04-22,2015-04-22,P,2.85,2015-03-31
12511,2015-04-08 10:02:00,2015-04-08,0.0752,2250.0,3.0,1364.0,0.0752,0.0746,0.0746,10000118,2015-04-22,2015-04-22,P,2.85,2015-03-31
12512,2015-04-08 10:03:00,2015-04-08,0.075,4496.0,6.0,1370.0,0.075,0.0746,0.0746,10000118,2015-04-22,2015-04-22,P,2.85,2015-03-31
12513,2015-04-08 10:04:00,2015-04-08,0.0746,0.0,0.0,1370.0,0.0746,0.0746,0.0746,10000118,2015-04-22,2015-04-22,P,2.85,2015-03-31
12514,2015-04-08 10:05:00,2015-04-08,0.0747,747.0,1.0,1370.0,0.0747,0.0747,0.0747,10000118,2015-04-22,2015-04-22,P,2.85,2015-03-31
12515,2015-04-08 10:06:00,2015-04-08,0.075,1485.0,2.0,1370.0,0.0735,0.075,0.0735,10000118,2015-04-22,2015-04-22,P,2.85,2015-03-31
12516,2015-04-08 10:07:00,2015-04-08,0.0782,782.0,1.0,1371.0,0.0782,0.0782,0.0782,10000118,2015-04-22,2015-04-22,P,2.85,2015-03-31
12517,2015-04-08 10:08:00,2015-04-08,0.0799,4782.0,6.0,1377.0,0.0795,0.0795,0.0795,10000118,2015-04-22,2015-04-22,P,2.85,2015-03-31
12518,2015-04-08 10:09:00,2015-04-08,0.0778,3082.0,4.0,1377.0,0.0768,0.0778,0.0768,10000118,2015-04-22,2015-04-22,P,2.85,2015-03-31
12519,2015-04-08 10:10:00,2015-04-08,0.0778,0.0,0.0,1377.0,0.0778,0.0778,0.0778,10000118,2015-04-22,2015-04-22,P,2.85,2015-03-31
12520,2015-04-08 10:11:00,2015-04-08,0.0778,0.0,0.0,1377.0,0.0778,0.0778,0.0778,10000118,2015-04-22,2015-04-22,P,2.85,2015-03-31
12521,2015-04-08 10:12:00,2015-04-08,0.0778,0.0,0.0,1377.0,0.0778,0.0778,0.0778,10000118,2015-04-22,2015-04-22,P,2.85,2015-03-31
12522,2015-04-08 10:13:00,2015-04-08,0.0852,7536.0,9.0,1378.0,0.0819,0.0852,0.0819,10000118,2015-04-22,2015-04-22,P,2.85,2015-03-31
12523,2015-04-08 10:14:00,2015-04-08,0.0858,5013.0,6.0,1380.0,0.0824,0.0858,0.0824,10000118,2015-04-22,2015-04-22,P,2.85,2015-03-31
12524,2015-04-08 10:15:00,2015-04-08,0.0858,4290.0,5.0,1376.0,0.0858,0.0858,0.0858,10000118,2015-04-22,2015-04-22,P,2.85,2015-03-31
12525,2015-04-08 10:16:00,2015-04-08,0.084,2520.0,3.0,1374.0,0.084,0.084,0.084,10000118,2015-04-22,2015-04-22,P,2.85,2015-03-31
12526,2015-04-08 10:17:00,2015-04-08,0.0841,841.0,1.0,1375.0,0.0841,0.0841,0.0841,10000118,2015-04-22,2015-04-22,P,2.85,2015-03-31
12527,2015-04-08 10:18:00,2015-04-08,0.0874,13030.0,15.0,1386.0,0.0858,0.0858,0.0858,10000118,2015-04-22,2015-04-22,P,2.85,2015-03-31
12528,2015-04-08 10:19:00,2015-04-08,0.0846,3384.0,4.0,1386.0,0.0846,0.0846,0.0846,10000118,2015-04-22,2015-04-22,P,2.85,2015-03-31
12529,2015-04-08 10:20:00,2015-04-08,0.0825,1650.0,2.0,1386.0,0.0825,0.0825,0.0825,10000118,2015-04-22,2015-04-22,P,2.85,2015-03-31
12530,2015-04-08 10:21:00,2015-04-08,0.0825,0.0,0.0,1386.0,0.0825,0.0825,0.0825,10000118,2015-04-22,2015-04-22,P,2.85,2015-03-31
12531,2015-04-08 10:22:00,2015-04-08,0.0825,0.0,0.0,1386.0,0.0825,0.0825,0.0825,10000118,2015-04-22,2015-04-22,P,2.85,2015-03-31
12532,2015-04-08 10:23:00,2015-04-08,0.0839,3302.0,4.0,1382.0,0.0821,0.0839,0.0821,10000118,2015-04-22,2015-04-22,P,2.85,2015-03-31
12533,2015-04-08 10:24:00,2015-04-08,0.086,8600.0,10.0,1390.0,0.086,0.086,0.086,10000118,2015-04-22,2015-04-22,P,2.85,2015-03-31
12534,2015-04-08 10:25:00,2015-04-08,0.0831,1662.0,2.0,1388.0,0.0831,0.0831,0.0831,10000118,2015-04-22,2015-04-22,P,2.85,2015-03-31
12535,2015-04-08 10:26:00,2015-04-08,0.0866,4330.0,5.0,1393.0,0.0866,0.0866,0.0866,10000118,2015-04-22,2015-04-22,P,2.85,2015-03-31
12536,2015-04-08 10:27:00,2015-04-08,0.0866,0.0,0.0,1393.0,0.0866,0.0866,0.0866,10000118,2015-04-22,2015-04-22,P,2.85,2015-03-31
12537,2015-04-08 10:28:00,2015-04-08,0.0832,6652.0,8.0,1393.0,0.0831,0.0831,0.0831,10000118,2015-04-22,2015-04-22,P,2.85,2015-03-31
12538,2015-04-08 10:29:00,2015-04-08,0.0834,3274.0,4.0,1393.0,0.0803,0.0803,0.0803,10000118,2015-04-22,2015-04-22,P,2.85,2015-03-31
12539,2015-04-08 10:30:00,2015-04-08,0.0823,1646.0,2.0,1393.0,0.0823,0.0823,0.0823,10000118,2015-04-22,2015-04-22,P,2.85,2015-03-31
12540,2015-04-08 10:31:00,2015-04-08,0.0801,1602.0,2.0,1395.0,0.0801,0.0801,0.0801,10000118,2015-04-22,2015-04-22,P,2.85,2015-03-31
12541,2015-04-08 10:32:00,2015-04-08,0.0783,783.0,1.0,1396.0,0.0783,0.0783,0.0783,10000118,2015-04-22,2015-04-22,P,2.85,2015-03-31
12542,2015-04-08 10:33:00,2015-04-08,0.0761,3044.0,4.0,1392.0,0.0761,0.0761,0.0761,10000118,2015-04-22,2015-04-22,P,2.85,2015-03-31
12543,2015-04-08 10:34:00,2015-04-08,0.0794,2355.0,3.0,1390.0,0.0794,0.0767,0.0767,10000118,2015-04-22,2015-04-22,P,2.85,2015-03-31
12544,2015-04-08 10:35:00,2015-04-08,0.0768,11470.0,15.0,1398.0,0.0768,0.0762,0.0762,10000118,2015-04-22,2015-04-22,P,2.85,2015-03-31
12545,2015-04-08 10:36:00,2015-04-08,0.0766,6106.0,8.0,1404.0,0.0766,0.0756,0.0756,10000118,2015-04-22,2015-04-22,P,2.85,2015-03-31
12546,2015-04-08 10:37:00,2015-04-08,0.076,3736.0,5.0,1404.0,0.076,0.0739,0.0738,10000118,2015-04-22,2015-04-22,P,2.85,2015-03-31
12547,2015-04-08 10:38:00,2015-04-08,0.0738,7384.0,10.0,1406.0,0.0738,0.0738,0.0738,10000118,2015-04-22,2015-04-22,P,2.85,2015-03-31
12548,2015-04-08 10:39:00,2015-04-08,0.0737,3685.0,5.0,1406.0,0.0737,0.0737,0.0737,10000118,2015-04-22,2015-04-22,P,2.85,2015-03-31
12549,2015-04-08 10:40:00,2015-04-08,0.0747,8135.0,11.0,1406.0,0.0744,0.0747,0.0736,10000118,2015-04-22,2015-04-22,P,2.85,2015-03-31
12550,2015-04-08 10:41:00,2015-04-08,0.0738,738.0,1.0,1407.0,0.0738,0.0738,0.0738,10000118,2015-04-22,2015-04-22,P,2.85,2015-03-31
12551,2015-04-08 10:42:00,2015-04-08,0.0738,13206.0,18.0,1420.0,0.0738,0.0728,0.0728,10000118,2015-04-22,2015-04-22,P,2.85,2015-03-31
12552,2015-04-08 10:43:00,2015-04-08,0.0728,3640.0,5.0,1425.0,0.0728,0.0728,0.0728,10000118,2015-04-22,2015-04-22,P,2.85,2015-03-31
12553,2015-04-08 10:44:00,2015-04-08,0.0728,0.0,0.0,1425.0,0.0728,0.0728,0.0728,10000118,2015-04-22,2015-04-22,P,2.85,2015-03-31
12554,2015-04-08 10:45:00,2015-04-08,0.0748,4468.0,6.0,1429.0,0.0744,0.0748,0.0744,10000118,2015-04-22,2015-04-22,P,2.85,2015-03-31
12555,2015-04-08 10:46:00,2015-04-08,0.0747,5195.0,7.0,1435.0,0.0747,0.0732,0.0732,10000118,2015-04-22,2015-04-22,P,2.85,2015-03-31
12556,2015-04-08 10:47:00,2015-04-08,0.0732,732.0,1.0,1436.0,0.0732,0.0732,0.0732,10000118,2015-04-22,2015-04-22,P,2.85,2015-03-31
12557,2015-04-08 10:48:00,2015-04-08,0.0744,2232.0,3.0,1436.0,0.0744,0.0744,0.0744,10000118,2015-04-22,2015-04-22,P,2.85,2015-03-31
12558,2015-04-08 10:49:00,2015-04-08,0.0783,4698.0,6.0,1442.0,0.0783,0.0783,0.0783,10000118,2015-04-22,2015-04-22,P,2.85,2015-03-31
12559,2015-04-08 10:50:00,2015-04-08,0.0789,5505.0,7.0,1445.0,0.0789,0.0785,0.0783,10000118,2015-04-22,2015-04-22,P,2.85,2015-03-31
12560,2015-04-08 10:51:00,2015-04-08,0.081,7175.0,9.0,1452.0,0.0799,0.079,0.079,10000118,2015-04-22,2015-04-22,P,2.85,2015-03-31
12561,2015-04-08 10:52:00,2015-04-08,0.0798,2394.0,3.0,1449.0,0.0798,0.0798,0.0798,10000118,2015-04-22,2015-04-22,P,2.85,2015-03-31
12562,2015-04-08 10:53:00,2015-04-08,0.085,850.0,1.0,1448.0,0.085,0.085,0.085,10000118,2015-04-22,2015-04-22,P,2.85,2015-03-31
12563,2015-04-08 10:54:00,2015-04-08,0.0877,8625.0,10.0,1443.0,0.0877,0.0848,0.0848,10000118,2015-04-22,2015-04-22,P,2.85,2015-03-31
12564,2015-04-08 10:55:00,2015-04-08,0.0878,5268.0,6.0,1437.0,0.0878,0.0878,0.0878,10000118,2015-04-22,2015-04-22,P,2.85,2015-03-31
12565,2015-04-08 10:56:00,2015-04-08,0.0865,8650.0,10.0,1428.0,0.0865,0.0865,0.0865,10000118,2015-04-22,2015-04-22,P,2.85,2015-03-31
12566,2015-04-08 10:57:00,2015-04-08,0.0899,3542.0,4.0,1428.0,0.0872,0.0899,0.0872,10000118,2015-04-22,2015-04-22,P,2.85,2015-03-31
12567,2015-04-08 10:58:00,2015-04-08,0.0913,6376.0,7.0,1422.0,0.0905,0.0913,0.0905,10000118,2015-04-22,2015-04-22,P,2.85,2015-03-31
12568,2015-04-08 10:59:00,2015-04-08,0.0913,0.0,0.0,1422.0,0.0913,0.0913,0.0913,10000118,2015-04-22,2015-04-22,P,2.85,2015-03-31
12569,2015-04-08 11:00:00,2015-04-08,0.0913,0.0,0.0,1422.0,0.0913,0.0913,0.0913,10000118,2015-04-22,2015-04-22,P,2.85,2015-03-31
12570,2015-04-08 11:01:00,2015-04-08,0.0843,3367.0,4.0,1421.0,0.0838,0.0843,0.0838,10000118,2015-04-22,2015-04-22,P,2.85,2015-03-31
12571,2015-04-08 11:02:00,2015-04-08,0.0828,3312.0,4.0,1417.0,0.0828,0.0828,0.0828,10000118,2015-04-22,2015-04-22,P,2.85,2015-03-31
12572,2015-04-08 11:03:00,2015-04-08,0.0869,16344.0,19.0,1402.0,0.0838,0.0852,0.0838,10000118,2015-04-22,2015-04-22,P,2.85,2015-03-31
12573,2015-04-08 11:04:00,2015-04-08,0.0883,8815.0,10.0,1407.0,0.0883,0.08800000000000001,0.08800000000000001,10000118,2015-04-22,2015-04-22,P,2.85,2015-03-31
12574,2015-04-08 11:05:00,2015-04-08,0.0877,6104.0,7.0,1414.0,0.0877,0.087,0.087,10000118,2015-04-22,2015-04-22,P,2.85,2015-03-31
12575,2015-04-08 11:06:00,2015-04-08,0.0882,8820.0,10.0,1423.0,0.0882,0.0882,0.0882,10000118,2015-04-22,2015-04-22,P,2.85,2015-03-31
12576,2015-04-08 11:07:00,2015-04-08,0.0887,8745.0,10.0,1433.0,0.0862,0.0887,0.0862,10000118,2015-04-22,2015-04-22,P,2.85,2015-03-31
12577,2015-04-08 11:08:00,2015-04-08,0.0902,4510.0,5.0,1433.0,0.0902,0.0902,0.0902,10000118,2015-04-22,2015-04-22,P,2.85,2015-03-31
12578,2015-04-08 11:09:00,2015-04-08,0.0902,0.0,0.0,1433.0,0.0902,0.0902,0.0902,10000118,2015-04-22,2015-04-22,P,2.85,2015-03-31
12579,2015-04-08 11:10:00,2015-04-08,0.09,3600.0,4.0,1437.0,0.09,0.09,0.09,10000118,2015-04-22,2015-04-22,P,2.85,2015-03-31
12580,2015-04-08 11:11:00,2015-04-08,0.09,10765.0,12.0,1448.0,0.09,0.08900000000000001,0.08900000000000001,10000118,2015-04-22,2015-04-22,P,2.85,2015-03-31
12581,2015-04-08 11:12:00,2015-04-08,0.08900000000000001,0.0,0.0,1448.0,0.08900000000000001,0.08900000000000001,0.08900000000000001,10000118,2015-04-22,2015-04-22,P,2.85,2015-03-31
12582,2015-04-08 11:13:00,2015-04-08,0.0896,12524.0,14.0,1455.0,0.0896,0.0894,0.0894,10000118,2015-04-22,2015-04-22,P,2.85,2015-03-31
12583,2015-04-08 11:14:00,2015-04-08,0.0909,9037.0,10.0,1462.0,0.0909,0.0909,0.0909,10000118,2015-04-22,2015-04-22,P,2.85,2015-03-31
12584,2015-04-08 11:15:00,2015-04-08,0.086,4300.0,5.0,1462.0,0.086,0.086,0.086,10000118,2015-04-22,2015-04-22,P,2.85,2015-03-31
12585,2015-04-08 11:16:00,2015-04-08,0.086,860.0,1.0,1462.0,0.086,0.086,0.086,10000118,2015-04-22,2015-04-22,P,2.85,2015-03-31
12586,2015-04-08 11:17:00,2015-04-08,0.086,0.0,0.0,1462.0,0.086,0.086,0.086,10000118,2015-04-22,2015-04-22,P,2.85,2015-03-31
12587,2015-04-08 11:18:00,2015-04-08,0.0861,1722.0,2.0,1460.0,0.0861,0.0861,0.0861,10000118,2015-04-22,2015-04-22,P,2.85,2015-03-31
12588,2015-04-08 11:19:00,2015-04-08,0.0861,0.0,0.0,1460.0,0.0861,0.0861,0.0861,10000118,2015-04-22,2015-04-22,P,2.85,2015-03-31
12589,2015-04-08 11:20:00,2015-04-08,0.087,1740.0,2.0,1460.0,0.087,0.087,0.087,10000118,2015-04-22,2015-04-22,P,2.85,2015-03-31
12590,2015-04-08 11:21:00,2015-04-08,0.0867,867.0,1.0,1460.0,0.0867,0.0867,0.0867,10000118,2015-04-22,2015-04-22,P,2.85,2015-03-31
12591,2015-04-08 11:22:00,2015-04-08,0.0861,1722.0,2.0,1462.0,0.0861,0.0861,0.0861,10000118,2015-04-22,2015-04-22,P,2.85,2015-03-31
12592,2015-04-08 11:23:00,2015-04-08,0.086,860.0,1.0,1462.0,0.086,0.086,0.086,10000118,2015-04-22,2015-04-22,P,2.85,2015-03-31
12593,2015-04-08 11:24:00,2015-04-08,0.086,12900.0,15.0,1477.0,0.086,0.086,0.086,10000118,2015-04-22,2015-04-22,P,2.85,2015-03-31
12594,2015-04-08 11:25:00,2015-04-08,0.0853,24644.0,29.0,1503.0,0.0853,0.0841,0.0841,10000118,2015-04-22,2015-04-22,P,2.85,2015-03-31
12595,2015-04-08 11:26:00,2015-04-08,0.0852,8470.0,10.0,1507.0,0.0852,0.0842,0.0842,10000118,2015-04-22,2015-04-22,P,2.85,2015-03-31
12596,2015-04-08 11:27:00,2015-04-08,0.0851,10465.0,13.0,1509.0,0.0851,0.0802,0.0801,10000118,2015-04-22,2015-04-22,P,2.85,2015-03-31
12597,2015-04-08 11:28:00,2015-04-08,0.0802,0.0,0.0,1509.0,0.0802,0.0802,0.0802,10000118,2015-04-22,2015-04-22,P,2.85,2015-03-31
12598,2015-04-08 11:29:00,2015-04-08,0.0765,3809.0,5.0,1512.0,0.0765,0.0757,0.0757,10000118,2015-04-22,2015-04-22,P,2.85,2015-03-31
12599,2015-04-08 11:30:00,2015-04-08,0.0744,7349.0,10.0,1510.0,0.0744,0.0731,0.0731,10000118,2015-04-22,2015-04-22,P,2.85,2015-03-31
12600,2015-04-08 13:01:00,2015-04-08,0.0732,28356.0,39.0,1539.0,0.0732,0.0705,0.0705,10000118,2015-04-22,2015-04-22,P,2.85,2015-03-31
12601,2015-04-08 13:02:00,2015-04-08,0.0694,3470.0,5.0,1544.0,0.0694,0.0694,0.0694,10000118,2015-04-22,2015-04-22,P,2.85,2015-03-31
12602,2015-04-08 13:03:00,2015-04-08,0.0709,22907.0,33.0,1546.0,0.0709,0.0699,0.0686,10000118,2015-04-22,2015-04-22,P,2.85,2015-03-31
12603,2015-04-08 13:04:00,2015-04-08,0.0699,15141.0,22.0,1556.0,0.0692,0.068,0.068,10000118,2015-04-22,2015-04-22,P,2.85,2015-03-31
12604,2015-04-08 13:05:00,2015-04-08,0.0694,13591.0,20.0,1556.0,0.0694,0.0664,0.0664,10000118,2015-04-22,2015-04-22,P,2.85,2015-03-31
12605,2015-04-08 13:06:00,2015-04-08,0.0685,8015.0,12.0,1556.0,0.0685,0.0664,0.0664,10000118,2015-04-22,2015-04-22,P,2.85,2015-03-31
12606,2015-04-08 13:07:00,2015-04-08,0.0674,13460.0,20.0,1536.0,0.0674,0.0672,0.0672,10000118,2015-04-22,2015-04-22,P,2.85,2015-03-31
12607,2015-04-08 13:08:00,2015-04-08,0.0719,12223.0,17.0,1543.0,0.0719,0.0719,0.0719,10000118,2015-04-22,2015-04-22,P,2.85,2015-03-31
12608,2015-04-08 13:09:00,2015-04-08,0.0719,0.0,0.0,1543.0,0.0719,0.0719,0.0719,10000118,2015-04-22,2015-04-22,P,2.85,2015-03-31
12609,2015-04-08 13:10:00,2015-04-08,0.0689,9626.0,14.0,1538.0,0.0686,0.0689,0.0686,10000118,2015-04-22,2015-04-22,P,2.85,2015-03-31
12610,2015-04-08 13:11:00,2015-04-08,0.0706,11992.0,17.0,1555.0,0.0705,0.0706,0.0705,10000118,2015-04-22,2015-04-22,P,2.85,2015-03-31
12611,2015-04-08 13:12:00,2015-04-08,0.0706,9872.0,14.0,1568.0,0.0705,0.0706,0.0705,10000118,2015-04-22,2015-04-22,P,2.85,2015-03-31
12612,2015-04-08 13:13:00,2015-04-08,0.0705,8460.0,12.0,1579.0,0.0705,0.0705,0.0705,10000118,2015-04-22,2015-04-22,P,2.85,2015-03-31
12613,2015-04-08 13:14:00,2015-04-08,0.0705,4230.0,6.0,1584.0,0.0705,0.0705,0.0705,10000118,2015-04-22,2015-04-22,P,2.85,2015-03-31
12614,2015-04-08 13:15:00,2015-04-08,0.0705,0.0,0.0,1584.0,0.0705,0.0705,0.0705,10000118,2015-04-22,2015-04-22,P,2.85,2015-03-31
12615,2015-04-08 13:16:00,2015-04-08,0.0692,6920.0,10.0,1584.0,0.0692,0.0692,0.0692,10000118,2015-04-22,2015-04-22,P,2.85,2015-03-31
12616,2015-04-08 13:17:00,2015-04-08,0.0692,2067.0,3.0,1584.0,0.0692,0.0683,0.0683,10000118,2015-04-22,2015-04-22,P,2.85,2015-03-31
12617,2015-04-08 13:18:00,2015-04-08,0.0665,13026.0,20.0,1595.0,0.0665,0.063,0.063,10000118,2015-04-22,2015-04-22,P,2.85,2015-03-31
12618,2015-04-08 13:19:00,2015-04-08,0.063,22850.0,38.0,1579.0,0.063,0.06,0.0593,10000118,2015-04-22,2015-04-22,P,2.85,2015-03-31
12619,2015-04-08 13:20:00,2015-04-08,0.06,13670.0,23.0,1572.0,0.06,0.0584,0.0584,10000118,2015-04-22,2015-04-22,P,2.85,2015-03-31
12620,2015-04-08 13:21:00,2015-04-08,0.06,6000.0,10.0,1572.0,0.06,0.06,0.06,10000118,2015-04-22,2015-04-22,P,2.85,2015-03-31
12621,2015-04-08 13:22:00,2015-04-08,0.06,0.0,0.0,1572.0,0.06,0.06,0.06,10000118,2015-04-22,2015-04-22,P,2.85,2015-03-31
12622,2015-04-08 13:23:00,2015-04-08,0.0584,584.0,1.0,1571.0,0.0584,0.0584,0.0584,10000118,2015-04-22,2015-04-22,P,2.85,2015-03-31
12623,2015-04-08 13:24:00,2015-04-08,0.0584,0.0,0.0,1571.0,0.0584,0.0584,0.0584,10000118,2015-04-22,2015-04-22,P,2.85,2015-03-31
12624,2015-04-08 13:25:00,2015-04-08,0.0632,12297.0,20.0,1586.0,0.06,0.0614,0.06,10000118,2015-04-22,2015-04-22,P,2.85,2015-03-31
12625,2015-04-08 13:26:00,2015-04-08,0.0614,0.0,0.0,1586.0,0.0614,0.0614,0.0614,10000118,2015-04-22,2015-04-22,P,2.85,2015-03-31
12626,2015-04-08 13:27:00,2015-04-08,0.0614,0.0,0.0,1586.0,0.0614,0.0614,0.0614,10000118,2015-04-22,2015-04-22,P,2.85,2015-03-31
12627,2015-04-08 13:28:00,2015-04-08,0.0619,2457.0,4.0,1590.0,0.0619,0.06,0.06,10000118,2015-04-22,2015-04-22,P,2.85,2015-03-31
12628,2015-04-08 13:29:00,2015-04-08,0.06,6000.0,10.0,1586.0,0.06,0.06,0.06,10000118,2015-04-22,2015-04-22,P,2.85,2015-03-31
12629,2015-04-08 13:30:00,2015-04-08,0.0584,584.0,1.0,1587.0,0.0584,0.0584,0.0584,10000118,2015-04-22,2015-04-22,P,2.85,2015-03-31
12630,2015-04-08 13:31:00,2015-04-08,0.0584,4671.0,8.0,1588.0,0.0584,0.0583,0.0583,10000118,2015-04-22,2015-04-22,P,2.85,2015-03-31
12631,2015-04-08 13:32:00,2015-04-08,0.06,13510.0,23.0,1595.0,0.0583,0.06,0.058,10000118,2015-04-22,2015-04-22,P,2.85,2015-03-31
12632,2015-04-08 13:33:00,2015-04-08,0.06,1200.0,2.0,1597.0,0.06,0.06,0.06,10000118,2015-04-22,2015-04-22,P,2.85,2015-03-31
12633,2015-04-08 13:34:00,2015-04-08,0.06,1800.0,3.0,1600.0,0.06,0.06,0.06,10000118,2015-04-22,2015-04-22,P,2.85,2015-03-31
12634,2015-04-08 13:35:00,2015-04-08,0.06,0.0,0.0,1600.0,0.06,0.06,0.06,10000118,2015-04-22,2015-04-22,P,2.85,2015-03-31
12635,2015-04-08 13:36:00,2015-04-08,0.0616,7233.0,12.0,1611.0,0.0602,0.0616,0.0602,10000118,2015-04-22,2015-04-22,P,2.85,2015-03-31
12636,2015-04-08 13:37:00,2015-04-08,0.0615,4891.0,8.0,1612.0,0.0608,0.0607,0.0607,10000118,2015-04-22,2015-04-22,P,2.85,2015-03-31
12637,2015-04-08 13:38:00,2015-04-08,0.0617,3079.0,5.0,1612.0,0.0617,0.0615,0.0615,10000118,2015-04-22,2015-04-22,P,2.85,2015-03-31
12638,2015-04-08 13:39:00,2015-04-08,0.061,610.0,1.0,1613.0,0.061,0.061,0.061,10000118,2015-04-22,2015-04-22,P,2.85,2015-03-31
12639,2015-04-08 13:40:00,2015-04-08,0.0613,6693.0,11.0,1608.0,0.0608,0.0613,0.0608,10000118,2015-04-22,2015-04-22,P,2.85,2015-03-31
12640,2015-04-08 13:41:00,2015-04-08,0.0617,8011.0,13.0,1621.0,0.0617,0.0617,0.0617,10000118,2015-04-22,2015-04-22,P,2.85,2015-03-31
12641,2015-04-08 13:42:00,2015-04-08,0.063,1260.0,2.0,1622.0,0.063,0.063,0.063,10000118,2015-04-22,2015-04-22,P,2.85,2015-03-31
12642,2015-04-08 13:43:00,2015-04-08,0.063,1890.0,3.0,1625.0,0.063,0.063,0.063,10000118,2015-04-22,2015-04-22,P,2.85,2015-03-31
12643,2015-04-08 13:44:00,2015-04-08,0.0655,5205.0,8.0,1633.0,0.065,0.0655,0.065,10000118,2015-04-22,2015-04-22,P,2.85,2015-03-31
12644,2015-04-08 13:45:00,2015-04-08,0.0646,4517.0,7.0,1640.0,0.0646,0.0646,0.0646,10000118,2015-04-22,2015-04-22,P,2.85,2015-03-31
12645,2015-04-08 13:46:00,2015-04-08,0.062,6195.0,10.0,1650.0,0.062,0.062,0.062,10000118,2015-04-22,2015-04-22,P,2.85,2015-03-31
12646,2015-04-08 13:47:00,2015-04-08,0.0615,4920.0,8.0,1657.0,0.0615,0.0615,0.0615,10000118,2015-04-22,2015-04-22,P,2.85,2015-03-31
12647,2015-04-08 13:48:00,2015-04-08,0.06,6000.0,10.0,1647.0,0.06,0.06,0.06,10000118,2015-04-22,2015-04-22,P,2.85,2015-03-31
12648,2015-04-08 13:49:00,2015-04-08,0.06,14909.0,25.0,1661.0,0.06,0.0599,0.059,10000118,2015-04-22,2015-04-22,P,2.85,2015-03-31
12649,2015-04-08 13:50:00,2015-04-08,0.06,3592.0,6.0,1661.0,0.06,0.0596,0.0596,10000118,2015-04-22,2015-04-22,P,2.85,2015-03-31
12650,2015-04-08 13:51:00,2015-04-08,0.063,6290.0,10.0,1671.0,0.063,0.063,0.063,10000118,2015-04-22,2015-04-22,P,2.85,2015-03-31
12651,2015-04-08 13:52:00,2015-04-08,0.063,0.0,0.0,1671.0,0.063,0.063,0.063,10000118,2015-04-22,2015-04-22,P,2.85,2015-03-31
12652,2015-04-08 13:53:00,2015-04-08,0.063,0.0,0.0,1671.0,0.063,0.063,0.063,10000118,2015-04-22,2015-04-22,P,2.85,2015-03-31
12653,2015-04-08 13:54:00,2015-04-08,0.0592,592.0,1.0,1670.0,0.0592,0.0592,0.0592,10000118,2015-04-22,2015-04-22,P,2.85,2015-03-31
12654,2015-04-08 13:55:00,2015-04-08,0.0592,0.0,0.0,1670.0,0.0592,0.0592,0.0592,10000118,2015-04-22,2015-04-22,P,2.85,2015-03-31
12655,2015-04-08 13:56:00,2015-04-08,0.0611,3055.0,5.0,1671.0,0.0611,0.0611,0.0611,10000118,2015-04-22,2015-04-22,P,2.85,2015-03-31
12656,2015-04-08 13:57:00,2015-04-08,0.0593,593.0,1.0,1671.0,0.0593,0.0593,0.0593,10000118,2015-04-22,2015-04-22,P,2.85,2015-03-31
12657,2015-04-08 13:58:00,2015-04-08,0.059,2950.0,5.0,1671.0,0.059,0.059,0.059,10000118,2015-04-22,2015-04-22,P,2.85,2015-03-31
12658,2015-04-08 13:59:00,2015-04-08,0.059,2950.0,5.0,1666.0,0.059,0.059,0.059,10000118,2015-04-22,2015-04-22,P,2.85,2015-03-31
12659,2015-04-08 14:00:00,2015-04-08,0.0582,582.0,1.0,1667.0,0.0582,0.0582,0.0582,10000118,2015-04-22,2015-04-22,P,2.85,2015-03-31
12660,2015-04-08 14:01:00,2015-04-08,0.0582,0.0,0.0,1667.0,0.0582,0.0582,0.0582,10000118,2015-04-22,2015-04-22,P,2.85,2015-03-31
12661,2015-04-08 14:02:00,2015-04-08,0.0583,583.0,1.0,1667.0,0.0583,0.0583,0.0583,10000118,2015-04-22,2015-04-22,P,2.85,2015-03-31
12662,2015-04-08 14:03:00,2015-04-08,0.0616,7378.0,12.0,1678.0,0.0615,0.0616,0.0615,10000118,2015-04-22,2015-04-22,P,2.85,2015-03-31
12663,2015-04-08 14:04:00,2015-04-08,0.0616,0.0,0.0,1678.0,0.0616,0.0616,0.0616,10000118,2015-04-22,2015-04-22,P,2.85,2015-03-31
12664,2015-04-08 14:05:00,2015-04-08,0.0609,609.0,1.0,1679.0,0.0609,0.0609,0.0609,10000118,2015-04-22,2015-04-22,P,2.85,2015-03-31
12665,2015-04-08 14:06:00,2015-04-08,0.0609,0.0,0.0,1679.0,0.0609,0.0609,0.0609,10000118,2015-04-22,2015-04-22,P,2.85,2015-03-31
12666,2015-04-08 14:07:00,2015-04-08,0.0609,0.0,0.0,1679.0,0.0609,0.0609,0.0609,10000118,2015-04-22,2015-04-22,P,2.85,2015-03-31
12667,2015-04-08 14:08:00,2015-04-08,0.062,3100.0,5.0,1679.0,0.062,0.062,0.062,10000118,2015-04-22,2015-04-22,P,2.85,2015-03-31
12668,2015-04-08 14:09:00,2015-04-08,0.0606,12646.0,21.0,1659.0,0.0606,0.0598,0.0598,10000118,2015-04-22,2015-04-22,P,2.85,2015-03-31
12669,2015-04-08 14:10:00,2015-04-08,0.0598,0.0,0.0,1659.0,0.0598,0.0598,0.0598,10000118,2015-04-22,2015-04-22,P,2.85,2015-03-31
12670,2015-04-08 14:11:00,2015-04-08,0.0598,0.0,0.0,1659.0,0.0598,0.0598,0.0598,10000118,2015-04-22,2015-04-22,P,2.85,2015-03-31
12671,2015-04-08 14:12:00,2015-04-08,0.06,14940.0,25.0,1659.0,0.06,0.0597,0.0597,10000118,2015-04-22,2015-04-22,P,2.85,2015-03-31
12672,2015-04-08 14:13:00,2015-04-08,0.061,13166.0,22.0,1656.0,0.061,0.0597,0.0597,10000118,2015-04-22,2015-04-22,P,2.85,2015-03-31
12673,2015-04-08 14:14:00,2015-04-08,0.06,2400.0,4.0,1656.0,0.06,0.06,0.06,10000118,2015-04-22,2015-04-22,P,2.85,2015-03-31
12674,2015-04-08 14:15:00,2015-04-08,0.06,10778.0,18.0,1665.0,0.0589,0.06,0.0589,10000118,2015-04-22,2015-04-22,P,2.85,2015-03-31
12675,2015-04-08 14:16:00,2015-04-08,0.0601,12625.0,21.0,1671.0,0.06,0.0601,0.06,10000118,2015-04-22,2015-04-22,P,2.85,2015-03-31
12676,2015-04-08 14:17:00,2015-04-08,0.062,620.0,1.0,1672.0,0.062,0.062,0.062,10000118,2015-04-22,2015-04-22,P,2.85,2015-03-31
12677,2015-04-08 14:18:00,2015-04-08,0.062,9300.0,15.0,1681.0,0.062,0.062,0.062,10000118,2015-04-22,2015-04-22,P,2.85,2015-03-31
12678,2015-04-08 14:19:00,2015-04-08,0.0652,16880.0,26.0,1655.0,0.0645,0.065,0.0645,10000118,2015-04-22,2015-04-22,P,2.85,2015-03-31
12679,2015-04-08 14:20:00,2015-04-08,0.065,0.0,0.0,1655.0,0.065,0.065,0.065,10000118,2015-04-22,2015-04-22,P,2.85,2015-03-31
12680,2015-04-08 14:21:00,2015-04-08,0.0676,676.0,1.0,1654.0,0.0676,0.0676,0.0676,10000118,2015-04-22,2015-04-22,P,2.85,2015-03-31
12681,2015-04-08 14:22:00,2015-04-08,0.0676,0.0,0.0,1654.0,0.0676,0.0676,0.0676,10000118,2015-04-22,2015-04-22,P,2.85,2015-03-31
12682,2015-04-08 14:23:00,2015-04-08,0.0676,0.0,0.0,1654.0,0.0676,0.0676,0.0676,10000118,2015-04-22,2015-04-22,P,2.85,2015-03-31
12683,2015-04-08 14:24:00,2015-04-08,0.0676,0.0,0.0,1654.0,0.0676,0.0676,0.0676,10000118,2015-04-22,2015-04-22,P,2.85,2015-03-31
12684,2015-04-08 14:25:00,2015-04-08,0.0688,688.0,1.0,1653.0,0.0688,0.0688,0.0688,10000118,2015-04-22,2015-04-22,P,2.85,2015-03-31
12685,2015-04-08 14:26:00,2015-04-08,0.0703,19642.0,28.0,1625.0,0.0699,0.0703,0.0699,10000118,2015-04-22,2015-04-22,P,2.85,2015-03-31
12686,2015-04-08 14:27:00,2015-04-08,0.0706,1412.0,2.0,1627.0,0.0706,0.0706,0.0706,10000118,2015-04-22,2015-04-22,P,2.85,2015-03-31
12687,2015-04-08 14:28:00,2015-04-08,0.0715,4285.0,6.0,1629.0,0.071,0.0715,0.071,10000118,2015-04-22,2015-04-22,P,2.85,2015-03-31
12688,2015-04-08 14:29:00,2015-04-08,0.07,3500.0,5.0,1630.0,0.07,0.07,0.07,10000118,2015-04-22,2015-04-22,P,2.85,2015-03-31
12689,2015-04-08 14:30:00,2015-04-08,0.07,0.0,0.0,1630.0,0.07,0.07,0.07,10000118,2015-04-22,2015-04-22,P,2.85,2015-03-31
12690,2015-04-08 14:31:00,2015-04-08,0.07,0.0,0.0,1630.0,0.07,0.07,0.07,10000118,2015-04-22,2015-04-22,P,2.85,2015-03-31
12691,2015-04-08 14:32:00,2015-04-08,0.0697,4160.0,6.0,1635.0,0.0675,0.0697,0.0675,10000118,2015-04-22,2015-04-22,P,2.85,2015-03-31
12692,2015-04-08 14:33:00,2015-04-08,0.0675,6744.0,10.0,1629.0,0.0675,0.0674,0.0674,10000118,2015-04-22,2015-04-22,P,2.85,2015-03-31
12693,2015-04-08 14:34:00,2015-04-08,0.0663,16363.0,25.0,1634.0,0.0663,0.065,0.065,10000118,2015-04-22,2015-04-22,P,2.85,2015-03-31
12694,2015-04-08 14:35:00,2015-04-08,0.065,6500.0,10.0,1634.0,0.065,0.065,0.065,10000118,2015-04-22,2015-04-22,P,2.85,2015-03-31
12695,2015-04-08 14:36:00,2015-04-08,0.0631,1893.0,3.0,1631.0,0.0631,0.0631,0.0631,10000118,2015-04-22,2015-04-22,P,2.85,2015-03-31
12696,2015-04-08 14:37:00,2015-04-08,0.0631,0.0,0.0,1631.0,0.0631,0.0631,0.0631,10000118,2015-04-22,2015-04-22,P,2.85,2015-03-31
12697,2015-04-08 14:38:00,2015-04-08,0.0631,0.0,0.0,1631.0,0.0631,0.0631,0.0631,10000118,2015-04-22,2015-04-22,P,2.85,2015-03-31
12698,2015-04-08 14:39:00,2015-04-08,0.0631,0.0,0.0,1631.0,0.0631,0.0631,0.0631,10000118,2015-04-22,2015-04-22,P,2.85,2015-03-31
12699,2015-04-08 14:40:00,2015-04-08,0.0631,0.0,0.0,1631.0,0.0631,0.0631,0.0631,10000118,2015-04-22,2015-04-22,P,2.85,2015-03-31
12700,2015-04-08 14:41:00,2015-04-08,0.0635,6350.0,10.0,1621.0,0.0635,0.0635,0.0635,10000118,2015-04-22,2015-04-22,P,2.85,2015-03-31
12701,2015-04-08 14:42:00,2015-04-08,0.0664,664.0,1.0,1622.0,0.0664,0.0664,0.0664,10000118,2015-04-22,2015-04-22,P,2.85,2015-03-31
12702,2015-04-08 14:43:00,2015-04-08,0.0664,0.0,0.0,1622.0,0.0664,0.0664,0.0664,10000118,2015-04-22,2015-04-22,P,2.85,2015-03-31
12703,2015-04-08 14:44:00,2015-04-08,0.0624,6240.0,10.0,1632.0,0.0624,0.0624,0.0624,10000118,2015-04-22,2015-04-22,P,2.85,2015-03-31
12704,2015-04-08 14:45:00,2015-04-08,0.062,13963.0,23.0,1617.0,0.062,0.0617,0.0592,10000118,2015-04-22,2015-04-22,P,2.85,2015-03-31
12705,2015-04-08 14:46:00,2015-04-08,0.0617,0.0,0.0,1617.0,0.0617,0.0617,0.0617,10000118,2015-04-22,2015-04-22,P,2.85,2015-03-31
12706,2015-04-08 14:47:00,2015-04-08,0.0617,0.0,0.0,1617.0,0.0617,0.0617,0.0617,10000118,2015-04-22,2015-04-22,P,2.85,2015-03-31
12707,2015-04-08 14:48:00,2015-04-08,0.062,1860.0,3.0,1614.0,0.062,0.062,0.062,10000118,2015-04-22,2015-04-22,P,2.85,2015-03-31
12708,2015-04-08 14:49:00,2015-04-08,0.062,0.0,0.0,1614.0,0.062,0.062,0.062,10000118,2015-04-22,2015-04-22,P,2.85,2015-03-31
12709,2015-04-08 14:50:00,2015-04-08,0.062,0.0,0.0,1614.0,0.062,0.062,0.062,10000118,2015-04-22,2015-04-22,P,2.85,2015-03-31
12710,2015-04-08 14:51:00,2015-04-08,0.062,0.0,0.0,1614.0,0.062,0.062,0.062,10000118,2015-04-22,2015-04-22,P,2.85,2015-03-31
12711,2015-04-08 14:52:00,2015-04-08,0.062,620.0,1.0,1615.0,0.062,0.062,0.062,10000118,2015-04-22,2015-04-22,P,2.85,2015-03-31
12712,2015-04-08 14:53:00,2015-04-08,0.0599,11300.0,19.0,1628.0,0.0599,0.0588,0.0588,10000118,2015-04-22,2015-04-22,P,2.85,2015-03-31
12713,2015-04-08 14:54:00,2015-04-08,0.0621,9521.0,16.0,1622.0,0.0588,0.0598,0.0588,10000118,2015-04-22,2015-04-22,P,2.85,2015-03-31
12714,2015-04-08 14:55:00,2015-04-08,0.0598,0.0,0.0,1622.0,0.0598,0.0598,0.0598,10000118,2015-04-22,2015-04-22,P,2.85,2015-03-31
12715,2015-04-08 14:56:00,2015-04-08,0.0598,0.0,0.0,1622.0,0.0598,0.0598,0.0598,10000118,2015-04-22,2015-04-22,P,2.85,2015-03-31
12716,2015-04-08 14:57:00,2015-04-08,0.0602,3010.0,5.0,1622.0,0.0602,0.0602,0.0602,10000118,2015-04-22,2015-04-22,P,2.85,2015-03-31
12717,2015-04-08 14:58:00,2015-04-08,0.0602,0.0,0.0,1622.0,0.0602,0.0602,0.0602,10000118,2015-04-22,2015-04-22,P,2.85,2015-03-31
12718,2015-04-08 14:59:00,2015-04-08,0.0602,0.0,0.0,1622.0,0.0602,0.0602,0.0602,10000118,2015-04-22,2015-04-22,P,2.85,2015-03-31
12719,2015-04-08 15:00:00,2015-04-08,0.0602,0.0,0.0,1622.0,0.0602,0.0602,0.0602,10000118,2015-04-22,2015-04-22,P,2.85,2015-03-31
12720,2015-04-08 09:31:00,2015-04-08,0.354,0.0,0.0,0.0,0.354,0.354,0.354,10000071,2015-09-23,2015-09-23,C,2.6,2015-03-17
12721,2015-04-08 09:32:00,2015-04-08,0.354,0.0,0.0,0.0,0.354,0.354,0.354,10000071,2015-09-23,2015-09-23,C,2.6,2015-03-17
12722,2015-04-08 09:33:00,2015-04-08,0.354,0.0,0.0,0.0,0.354,0.354,0.354,10000071,2015-09-23,2015-09-23,C,2.6,2015-03-17
12723,2015-04-08 09:34:00,2015-04-08,0.354,0.0,0.0,0.0,0.354,0.354,0.354,10000071,2015-09-23,2015-09-23,C,2.6,2015-03-17
12724,2015-04-08 09:35:00,2015-04-08,0.354,0.0,0.0,0.0,0.354,0.354,0.354,10000071,2015-09-23,2015-09-23,C,2.6,2015-03-17
12725,2015-04-08 09:36:00,2015-04-08,0.354,0.0,0.0,0.0,0.354,0.354,0.354,10000071,2015-09-23,2015-09-23,C,2.6,2015-03-17
12726,2015-04-08 09:37:00,2015-04-08,0.354,0.0,0.0,0.0,0.354,0.354,0.354,10000071,2015-09-23,2015-09-23,C,2.6,2015-03-17
12727,2015-04-08 09:38:00,2015-04-08,0.354,0.0,0.0,0.0,0.354,0.354,0.354,10000071,2015-09-23,2015-09-23,C,2.6,2015-03-17
12728,2015-04-08 09:39:00,2015-04-08,0.354,0.0,0.0,0.0,0.354,0.354,0.354,10000071,2015-09-23,2015-09-23,C,2.6,2015-03-17
12729,2015-04-08 09:40:00,2015-04-08,0.354,0.0,0.0,0.0,0.354,0.354,0.354,10000071,2015-09-23,2015-09-23,C,2.6,2015-03-17
12730,2015-04-08 09:41:00,2015-04-08,0.354,0.0,0.0,0.0,0.354,0.354,0.354,10000071,2015-09-23,2015-09-23,C,2.6,2015-03-17
12731,2015-04-08 09:42:00,2015-04-08,0.354,0.0,0.0,0.0,0.354,0.354,0.354,10000071,2015-09-23,2015-09-23,C,2.6,2015-03-17
12732,2015-04-08 09:43:00,2015-04-08,0.354,0.0,0.0,0.0,0.354,0.354,0.354,10000071,2015-09-23,2015-09-23,C,2.6,2015-03-17
12733,2015-04-08 09:44:00,2015-04-08,0.354,0.0,0.0,0.0,0.354,0.354,0.354,10000071,2015-09-23,2015-09-23,C,2.6,2015-03-17
12734,2015-04-08 09:45:00,2015-04-08,0.354,0.0,0.0,0.0,0.354,0.354,0.354,10000071,2015-09-23,2015-09-23,C,2.6,2015-03-17
12735,2015-04-08 09:46:00,2015-04-08,0.354,0.0,0.0,0.0,0.354,0.354,0.354,10000071,2015-09-23,2015-09-23,C,2.6,2015-03-17
12736,2015-04-08 09:47:00,2015-04-08,0.354,0.0,0.0,0.0,0.354,0.354,0.354,10000071,2015-09-23,2015-09-23,C,2.6,2015-03-17
12737,2015-04-08 09:48:00,2015-04-08,0.354,0.0,0.0,0.0,0.354,0.354,0.354,10000071,2015-09-23,2015-09-23,C,2.6,2015-03-17
12738,2015-04-08 09:49:00,2015-04-08,0.354,0.0,0.0,0.0,0.354,0.354,0.354,10000071,2015-09-23,2015-09-23,C,2.6,2015-03-17
12739,2015-04-08 09:50:00,2015-04-08,0.354,0.0,0.0,0.0,0.354,0.354,0.354,10000071,2015-09-23,2015-09-23,C,2.6,2015-03-17
12740,2015-04-08 09:51:00,2015-04-08,0.354,0.0,0.0,0.0,0.354,0.354,0.354,10000071,2015-09-23,2015-09-23,C,2.6,2015-03-17
12741,2015-04-08 09:52:00,2015-04-08,0.354,0.0,0.0,0.0,0.354,0.354,0.354,10000071,2015-09-23,2015-09-23,C,2.6,2015-03-17
12742,2015-04-08 09:53:00,2015-04-08,0.354,0.0,0.0,0.0,0.354,0.354,0.354,10000071,2015-09-23,2015-09-23,C,2.6,2015-03-17
12743,2015-04-08 09:54:00,2015-04-08,0.354,0.0,0.0,0.0,0.354,0.354,0.354,10000071,2015-09-23,2015-09-23,C,2.6,2015-03-17
12744,2015-04-08 09:55:00,2015-04-08,0.354,0.0,0.0,0.0,0.354,0.354,0.354,10000071,2015-09-23,2015-09-23,C,2.6,2015-03-17
12745,2015-04-08 09:56:00,2015-04-08,0.354,0.0,0.0,0.0,0.354,0.354,0.354,10000071,2015-09-23,2015-09-23,C,2.6,2015-03-17
12746,2015-04-08 09:57:00,2015-04-08,0.354,0.0,0.0,0.0,0.354,0.354,0.354,10000071,2015-09-23,2015-09-23,C,2.6,2015-03-17
12747,2015-04-08 09:58:00,2015-04-08,0.354,0.0,0.0,0.0,0.354,0.354,0.354,10000071,2015-09-23,2015-09-23,C,2.6,2015-03-17
12748,2015-04-08 09:59:00,2015-04-08,0.354,0.0,0.0,0.0,0.354,0.354,0.354,10000071,2015-09-23,2015-09-23,C,2.6,2015-03-17
12749,2015-04-08 10:00:00,2015-04-08,0.354,0.0,0.0,0.0,0.354,0.354,0.354,10000071,2015-09-23,2015-09-23,C,2.6,2015-03-17
12750,2015-04-08 10:01:00,2015-04-08,0.354,0.0,0.0,0.0,0.354,0.354,0.354,10000071,2015-09-23,2015-09-23,C,2.6,2015-03-17
12751,2015-04-08 10:02:00,2015-04-08,0.354,0.0,0.0,0.0,0.354,0.354,0.354,10000071,2015-09-23,2015-09-23,C,2.6,2015-03-17
12752,2015-04-08 10:03:00,2015-04-08,0.354,0.0,0.0,0.0,0.354,0.354,0.354,10000071,2015-09-23,2015-09-23,C,2.6,2015-03-17
12753,2015-04-08 10:04:00,2015-04-08,0.354,0.0,0.0,0.0,0.354,0.354,0.354,10000071,2015-09-23,2015-09-23,C,2.6,2015-03-17
12754,2015-04-08 10:05:00,2015-04-08,0.354,0.0,0.0,0.0,0.354,0.354,0.354,10000071,2015-09-23,2015-09-23,C,2.6,2015-03-17
12755,2015-04-08 10:06:00,2015-04-08,0.354,0.0,0.0,0.0,0.354,0.354,0.354,10000071,2015-09-23,2015-09-23,C,2.6,2015-03-17
12756,2015-04-08 10:07:00,2015-04-08,0.354,0.0,0.0,0.0,0.354,0.354,0.354,10000071,2015-09-23,2015-09-23,C,2.6,2015-03-17
12757,2015-04-08 10:08:00,2015-04-08,0.354,0.0,0.0,0.0,0.354,0.354,0.354,10000071,2015-09-23,2015-09-23,C,2.6,2015-03-17
12758,2015-04-08 10:09:00,2015-04-08,0.354,0.0,0.0,0.0,0.354,0.354,0.354,10000071,2015-09-23,2015-09-23,C,2.6,2015-03-17
12759,2015-04-08 10:10:00,2015-04-08,0.354,0.0,0.0,0.0,0.354,0.354,0.354,10000071,2015-09-23,2015-09-23,C,2.6,2015-03-17
12760,2015-04-08 10:11:00,2015-04-08,0.354,0.0,0.0,0.0,0.354,0.354,0.354,10000071,2015-09-23,2015-09-23,C,2.6,2015-03-17
12761,2015-04-08 10:12:00,2015-04-08,0.354,0.0,0.0,0.0,0.354,0.354,0.354,10000071,2015-09-23,2015-09-23,C,2.6,2015-03-17
12762,2015-04-08 10:13:00,2015-04-08,0.354,0.0,0.0,0.0,0.354,0.354,0.354,10000071,2015-09-23,2015-09-23,C,2.6,2015-03-17
12763,2015-04-08 10:14:00,2015-04-08,0.354,0.0,0.0,0.0,0.354,0.354,0.354,10000071,2015-09-23,2015-09-23,C,2.6,2015-03-17
12764,2015-04-08 10:15:00,2015-04-08,0.354,0.0,0.0,0.0,0.354,0.354,0.354,10000071,2015-09-23,2015-09-23,C,2.6,2015-03-17
12765,2015-04-08 10:16:00,2015-04-08,0.354,0.0,0.0,0.0,0.354,0.354,0.354,10000071,2015-09-23,2015-09-23,C,2.6,2015-03-17
12766,2015-04-08 10:17:00,2015-04-08,0.354,0.0,0.0,0.0,0.354,0.354,0.354,10000071,2015-09-23,2015-09-23,C,2.6,2015-03-17
12767,2015-04-08 10:18:00,2015-04-08,0.354,0.0,0.0,0.0,0.354,0.354,0.354,10000071,2015-09-23,2015-09-23,C,2.6,2015-03-17
12768,2015-04-08 10:19:00,2015-04-08,0.354,0.0,0.0,0.0,0.354,0.354,0.354,10000071,2015-09-23,2015-09-23,C,2.6,2015-03-17
12769,2015-04-08 10:20:00,2015-04-08,0.354,0.0,0.0,0.0,0.354,0.354,0.354,10000071,2015-09-23,2015-09-23,C,2.6,2015-03-17
12770,2015-04-08 10:21:00,2015-04-08,0.354,0.0,0.0,0.0,0.354,0.354,0.354,10000071,2015-09-23,2015-09-23,C,2.6,2015-03-17
12771,2015-04-08 10:22:00,2015-04-08,0.354,0.0,0.0,0.0,0.354,0.354,0.354,10000071,2015-09-23,2015-09-23,C,2.6,2015-03-17
12772,2015-04-08 10:23:00,2015-04-08,0.354,0.0,0.0,0.0,0.354,0.354,0.354,10000071,2015-09-23,2015-09-23,C,2.6,2015-03-17
12773,2015-04-08 10:24:00,2015-04-08,0.354,0.0,0.0,0.0,0.354,0.354,0.354,10000071,2015-09-23,2015-09-23,C,2.6,2015-03-17
12774,2015-04-08 10:25:00,2015-04-08,0.354,0.0,0.0,0.0,0.354,0.354,0.354,10000071,2015-09-23,2015-09-23,C,2.6,2015-03-17
12775,2015-04-08 10:26:00,2015-04-08,0.354,0.0,0.0,0.0,0.354,0.354,0.354,10000071,2015-09-23,2015-09-23,C,2.6,2015-03-17
12776,2015-04-08 10:27:00,2015-04-08,0.354,0.0,0.0,0.0,0.354,0.354,0.354,10000071,2015-09-23,2015-09-23,C,2.6,2015-03-17
12777,2015-04-08 10:28:00,2015-04-08,0.354,0.0,0.0,0.0,0.354,0.354,0.354,10000071,2015-09-23,2015-09-23,C,2.6,2015-03-17
12778,2015-04-08 10:29:00,2015-04-08,0.354,0.0,0.0,0.0,0.354,0.354,0.354,10000071,2015-09-23,2015-09-23,C,2.6,2015-03-17
12779,2015-04-08 10:30:00,2015-04-08,0.354,0.0,0.0,0.0,0.354,0.354,0.354,10000071,2015-09-23,2015-09-23,C,2.6,2015-03-17
12780,2015-04-08 10:31:00,2015-04-08,0.354,0.0,0.0,0.0,0.354,0.354,0.354,10000071,2015-09-23,2015-09-23,C,2.6,2015-03-17
12781,2015-04-08 10:32:00,2015-04-08,0.354,0.0,0.0,0.0,0.354,0.354,0.354,10000071,2015-09-23,2015-09-23,C,2.6,2015-03-17
12782,2015-04-08 10:33:00,2015-04-08,0.354,0.0,0.0,0.0,0.354,0.354,0.354,10000071,2015-09-23,2015-09-23,C,2.6,2015-03-17
12783,2015-04-08 10:34:00,2015-04-08,0.354,0.0,0.0,0.0,0.354,0.354,0.354,10000071,2015-09-23,2015-09-23,C,2.6,2015-03-17
12784,2015-04-08 10:35:00,2015-04-08,0.354,0.0,0.0,0.0,0.354,0.354,0.354,10000071,2015-09-23,2015-09-23,C,2.6,2015-03-17
12785,2015-04-08 10:36:00,2015-04-08,0.354,0.0,0.0,0.0,0.354,0.354,0.354,10000071,2015-09-23,2015-09-23,C,2.6,2015-03-17
12786,2015-04-08 10:37:00,2015-04-08,0.354,0.0,0.0,0.0,0.354,0.354,0.354,10000071,2015-09-23,2015-09-23,C,2.6,2015-03-17
12787,2015-04-08 10:38:00,2015-04-08,0.354,0.0,0.0,0.0,0.354,0.354,0.354,10000071,2015-09-23,2015-09-23,C,2.6,2015-03-17
12788,2015-04-08 10:39:00,2015-04-08,0.354,0.0,0.0,0.0,0.354,0.354,0.354,10000071,2015-09-23,2015-09-23,C,2.6,2015-03-17
12789,2015-04-08 10:40:00,2015-04-08,0.354,0.0,0.0,0.0,0.354,0.354,0.354,10000071,2015-09-23,2015-09-23,C,2.6,2015-03-17
12790,2015-04-08 10:41:00,2015-04-08,0.354,0.0,0.0,0.0,0.354,0.354,0.354,10000071,2015-09-23,2015-09-23,C,2.6,2015-03-17
12791,2015-04-08 10:42:00,2015-04-08,0.354,0.0,0.0,0.0,0.354,0.354,0.354,10000071,2015-09-23,2015-09-23,C,2.6,2015-03-17
12792,2015-04-08 10:43:00,2015-04-08,0.354,0.0,0.0,0.0,0.354,0.354,0.354,10000071,2015-09-23,2015-09-23,C,2.6,2015-03-17
12793,2015-04-08 10:44:00,2015-04-08,0.354,0.0,0.0,0.0,0.354,0.354,0.354,10000071,2015-09-23,2015-09-23,C,2.6,2015-03-17
12794,2015-04-08 10:45:00,2015-04-08,0.354,0.0,0.0,0.0,0.354,0.354,0.354,10000071,2015-09-23,2015-09-23,C,2.6,2015-03-17
12795,2015-04-08 10:46:00,2015-04-08,0.354,0.0,0.0,0.0,0.354,0.354,0.354,10000071,2015-09-23,2015-09-23,C,2.6,2015-03-17
12796,2015-04-08 10:47:00,2015-04-08,0.4199,-115134.0,-27.0,332.0,0.4199,0.4199,0.4199,10000071,2015-09-23,2015-09-23,C,2.6,2015-03-17
12797,2015-04-08 10:48:00,2015-04-08,0.4199,29393.0,7.0,332.0,0.4199,0.4199,0.4199,10000071,2015-09-23,2015-09-23,C,2.6,2015-03-17
12798,2015-04-08 10:49:00,2015-04-08,0.4199,0.0,0.0,332.0,0.4199,0.4199,0.4199,10000071,2015-09-23,2015-09-23,C,2.6,2015-03-17
12799,2015-04-08 10:50:00,2015-04-08,0.4199,0.0,0.0,332.0,0.4199,0.4199,0.4199,10000071,2015-09-23,2015-09-23,C,2.6,2015-03-17
12800,2015-04-08 10:51:00,2015-04-08,0.4199,0.0,0.0,332.0,0.4199,0.4199,0.4199,10000071,2015-09-23,2015-09-23,C,2.6,2015-03-17
12801,2015-04-08 10:52:00,2015-04-08,0.4199,0.0,0.0,332.0,0.4199,0.4199,0.4199,10000071,2015-09-23,2015-09-23,C,2.6,2015-03-17
12802,2015-04-08 10:53:00,2015-04-08,0.4199,0.0,0.0,332.0,0.4199,0.4199,0.4199,10000071,2015-09-23,2015-09-23,C,2.6,2015-03-17
12803,2015-04-08 10:54:00,2015-04-08,0.4199,0.0,0.0,332.0,0.4199,0.4199,0.4199,10000071,2015-09-23,2015-09-23,C,2.6,2015-03-17
12804,2015-04-08 10:55:00,2015-04-08,0.4199,0.0,0.0,332.0,0.4199,0.4199,0.4199,10000071,2015-09-23,2015-09-23,C,2.6,2015-03-17
12805,2015-04-08 10:56:00,2015-04-08,0.4199,0.0,0.0,332.0,0.4199,0.4199,0.4199,10000071,2015-09-23,2015-09-23,C,2.6,2015-03-17
12806,2015-04-08 10:57:00,2015-04-08,0.4199,0.0,0.0,332.0,0.4199,0.4199,0.4199,10000071,2015-09-23,2015-09-23,C,2.6,2015-03-17
12807,2015-04-08 10:58:00,2015-04-08,0.4199,0.0,0.0,332.0,0.4199,0.4199,0.4199,10000071,2015-09-23,2015-09-23,C,2.6,2015-03-17
12808,2015-04-08 10:59:00,2015-04-08,0.4199,0.0,0.0,332.0,0.4199,0.4199,0.4199,10000071,2015-09-23,2015-09-23,C,2.6,2015-03-17
12809,2015-04-08 11:00:00,2015-04-08,0.4199,0.0,0.0,332.0,0.4199,0.4199,0.4199,10000071,2015-09-23,2015-09-23,C,2.6,2015-03-17
12810,2015-04-08 11:01:00,2015-04-08,0.4199,0.0,0.0,332.0,0.4199,0.4199,0.4199,10000071,2015-09-23,2015-09-23,C,2.6,2015-03-17
12811,2015-04-08 11:02:00,2015-04-08,0.4199,0.0,0.0,332.0,0.4199,0.4199,0.4199,10000071,2015-09-23,2015-09-23,C,2.6,2015-03-17
12812,2015-04-08 11:03:00,2015-04-08,0.4199,0.0,0.0,332.0,0.4199,0.4199,0.4199,10000071,2015-09-23,2015-09-23,C,2.6,2015-03-17
12813,2015-04-08 11:04:00,2015-04-08,0.4199,0.0,0.0,332.0,0.4199,0.4199,0.4199,10000071,2015-09-23,2015-09-23,C,2.6,2015-03-17
12814,2015-04-08 11:05:00,2015-04-08,0.4199,0.0,0.0,332.0,0.4199,0.4199,0.4199,10000071,2015-09-23,2015-09-23,C,2.6,2015-03-17
12815,2015-04-08 11:06:00,2015-04-08,0.4199,0.0,0.0,332.0,0.4199,0.4199,0.4199,10000071,2015-09-23,2015-09-23,C,2.6,2015-03-17
12816,2015-04-08 11:07:00,2015-04-08,0.4199,0.0,0.0,332.0,0.4199,0.4199,0.4199,10000071,2015-09-23,2015-09-23,C,2.6,2015-03-17
12817,2015-04-08 11:08:00,2015-04-08,0.4199,0.0,0.0,332.0,0.4199,0.4199,0.4199,10000071,2015-09-23,2015-09-23,C,2.6,2015-03-17
12818,2015-04-08 11:09:00,2015-04-08,0.4199,0.0,0.0,332.0,0.4199,0.4199,0.4199,10000071,2015-09-23,2015-09-23,C,2.6,2015-03-17
12819,2015-04-08 11:10:00,2015-04-08,0.4199,0.0,0.0,332.0,0.4199,0.4199,0.4199,10000071,2015-09-23,2015-09-23,C,2.6,2015-03-17
12820,2015-04-08 11:11:00,2015-04-08,0.4199,0.0,0.0,332.0,0.4199,0.4199,0.4199,10000071,2015-09-23,2015-09-23,C,2.6,2015-03-17
12821,2015-04-08 11:12:00,2015-04-08,0.4199,0.0,0.0,332.0,0.4199,0.4199,0.4199,10000071,2015-09-23,2015-09-23,C,2.6,2015-03-17
12822,2015-04-08 11:13:00,2015-04-08,0.4199,0.0,0.0,332.0,0.4199,0.4199,0.4199,10000071,2015-09-23,2015-09-23,C,2.6,2015-03-17
12823,2015-04-08 11:14:00,2015-04-08,0.4199,0.0,0.0,332.0,0.4199,0.4199,0.4199,10000071,2015-09-23,2015-09-23,C,2.6,2015-03-17
12824,2015-04-08 11:15:00,2015-04-08,0.4199,0.0,0.0,332.0,0.4199,0.4199,0.4199,10000071,2015-09-23,2015-09-23,C,2.6,2015-03-17
12825,2015-04-08 11:16:00,2015-04-08,0.4199,0.0,0.0,332.0,0.4199,0.4199,0.4199,10000071,2015-09-23,2015-09-23,C,2.6,2015-03-17
12826,2015-04-08 11:17:00,2015-04-08,0.4199,0.0,0.0,332.0,0.4199,0.4199,0.4199,10000071,2015-09-23,2015-09-23,C,2.6,2015-03-17
12827,2015-04-08 11:18:00,2015-04-08,0.4199,0.0,0.0,332.0,0.4199,0.4199,0.4199,10000071,2015-09-23,2015-09-23,C,2.6,2015-03-17
12828,2015-04-08 11:19:00,2015-04-08,0.4199,0.0,0.0,332.0,0.4199,0.4199,0.4199,10000071,2015-09-23,2015-09-23,C,2.6,2015-03-17
12829,2015-04-08 11:20:00,2015-04-08,0.4199,0.0,0.0,332.0,0.4199,0.4199,0.4199,10000071,2015-09-23,2015-09-23,C,2.6,2015-03-17
12830,2015-04-08 11:21:00,2015-04-08,0.3872,3872.0,1.0,332.0,0.3872,0.3872,0.3872,10000071,2015-09-23,2015-09-23,C,2.6,2015-03-17
12831,2015-04-08 11:22:00,2015-04-08,0.3872,0.0,0.0,332.0,0.3872,0.3872,0.3872,10000071,2015-09-23,2015-09-23,C,2.6,2015-03-17
12832,2015-04-08 11:23:00,2015-04-08,0.3872,0.0,0.0,332.0,0.3872,0.3872,0.3872,10000071,2015-09-23,2015-09-23,C,2.6,2015-03-17
12833,2015-04-08 11:24:00,2015-04-08,0.3872,0.0,0.0,332.0,0.3872,0.3872,0.3872,10000071,2015-09-23,2015-09-23,C,2.6,2015-03-17
12834,2015-04-08 11:25:00,2015-04-08,0.3872,0.0,0.0,332.0,0.3872,0.3872,0.3872,10000071,2015-09-23,2015-09-23,C,2.6,2015-03-17
12835,2015-04-08 11:26:00,2015-04-08,0.3872,0.0,0.0,332.0,0.3872,0.3872,0.3872,10000071,2015-09-23,2015-09-23,C,2.6,2015-03-17
12836,2015-04-08 11:27:00,2015-04-08,0.3872,0.0,0.0,332.0,0.3872,0.3872,0.3872,10000071,2015-09-23,2015-09-23,C,2.6,2015-03-17
12837,2015-04-08 11:28:00,2015-04-08,0.3872,0.0,0.0,332.0,0.3872,0.3872,0.3872,10000071,2015-09-23,2015-09-23,C,2.6,2015-03-17
12838,2015-04-08 11:29:00,2015-04-08,0.3872,0.0,0.0,332.0,0.3872,0.3872,0.3872,10000071,2015-09-23,2015-09-23,C,2.6,2015-03-17
12839,2015-04-08 11:30:00,2015-04-08,0.3872,0.0,0.0,332.0,0.3872,0.3872,0.3872,10000071,2015-09-23,2015-09-23,C,2.6,2015-03-17
12840,2015-04-08 13:01:00,2015-04-08,0.3872,0.0,0.0,332.0,0.3872,0.3872,0.3872,10000071,2015-09-23,2015-09-23,C,2.6,2015-03-17
12841,2015-04-08 13:02:00,2015-04-08,0.3872,0.0,0.0,332.0,0.3872,0.3872,0.3872,10000071,2015-09-23,2015-09-23,C,2.6,2015-03-17
12842,2015-04-08 13:03:00,2015-04-08,0.3872,0.0,0.0,332.0,0.3872,0.3872,0.3872,10000071,2015-09-23,2015-09-23,C,2.6,2015-03-17
12843,2015-04-08 13:04:00,2015-04-08,0.3872,0.0,0.0,332.0,0.3872,0.3872,0.3872,10000071,2015-09-23,2015-09-23,C,2.6,2015-03-17
12844,2015-04-08 13:05:00,2015-04-08,0.3872,0.0,0.0,332.0,0.3872,0.3872,0.3872,10000071,2015-09-23,2015-09-23,C,2.6,2015-03-17
12845,2015-04-08 13:06:00,2015-04-08,0.3872,0.0,0.0,332.0,0.3872,0.3872,0.3872,10000071,2015-09-23,2015-09-23,C,2.6,2015-03-17
12846,2015-04-08 13:07:00,2015-04-08,0.3872,0.0,0.0,332.0,0.3872,0.3872,0.3872,10000071,2015-09-23,2015-09-23,C,2.6,2015-03-17
12847,2015-04-08 13:08:00,2015-04-08,0.3872,0.0,0.0,332.0,0.3872,0.3872,0.3872,10000071,2015-09-23,2015-09-23,C,2.6,2015-03-17
12848,2015-04-08 13:09:00,2015-04-08,0.3872,0.0,0.0,332.0,0.3872,0.3872,0.3872,10000071,2015-09-23,2015-09-23,C,2.6,2015-03-17
12849,2015-04-08 13:10:00,2015-04-08,0.3872,0.0,0.0,332.0,0.3872,0.3872,0.3872,10000071,2015-09-23,2015-09-23,C,2.6,2015-03-17
12850,2015-04-08 13:11:00,2015-04-08,0.3872,0.0,0.0,332.0,0.3872,0.3872,0.3872,10000071,2015-09-23,2015-09-23,C,2.6,2015-03-17
12851,2015-04-08 13:12:00,2015-04-08,0.3872,0.0,0.0,332.0,0.3872,0.3872,0.3872,10000071,2015-09-23,2015-09-23,C,2.6,2015-03-17
12852,2015-04-08 13:13:00,2015-04-08,0.3872,0.0,0.0,332.0,0.3872,0.3872,0.3872,10000071,2015-09-23,2015-09-23,C,2.6,2015-03-17
12853,2015-04-08 13:14:00,2015-04-08,0.3872,0.0,0.0,332.0,0.3872,0.3872,0.3872,10000071,2015-09-23,2015-09-23,C,2.6,2015-03-17
12854,2015-04-08 13:15:00,2015-04-08,0.3872,0.0,0.0,332.0,0.3872,0.3872,0.3872,10000071,2015-09-23,2015-09-23,C,2.6,2015-03-17
12855,2015-04-08 13:16:00,2015-04-08,0.418,8360.0,2.0,334.0,0.418,0.418,0.418,10000071,2015-09-23,2015-09-23,C,2.6,2015-03-17
12856,2015-04-08 13:17:00,2015-04-08,0.418,0.0,0.0,334.0,0.418,0.418,0.418,10000071,2015-09-23,2015-09-23,C,2.6,2015-03-17
12857,2015-04-08 13:18:00,2015-04-08,0.4247,8494.0,2.0,334.0,0.4247,0.4247,0.4247,10000071,2015-09-23,2015-09-23,C,2.6,2015-03-17
12858,2015-04-08 13:19:00,2015-04-08,0.4247,0.0,0.0,334.0,0.4247,0.4247,0.4247,10000071,2015-09-23,2015-09-23,C,2.6,2015-03-17
12859,2015-04-08 13:20:00,2015-04-08,0.4247,0.0,0.0,334.0,0.4247,0.4247,0.4247,10000071,2015-09-23,2015-09-23,C,2.6,2015-03-17
12860,2015-04-08 13:21:00,2015-04-08,0.4247,0.0,0.0,334.0,0.4247,0.4247,0.4247,10000071,2015-09-23,2015-09-23,C,2.6,2015-03-17
12861,2015-04-08 13:22:00,2015-04-08,0.4247,0.0,0.0,334.0,0.4247,0.4247,0.4247,10000071,2015-09-23,2015-09-23,C,2.6,2015-03-17
12862,2015-04-08 13:23:00,2015-04-08,0.4247,0.0,0.0,334.0,0.4247,0.4247,0.4247,10000071,2015-09-23,2015-09-23,C,2.6,2015-03-17
12863,2015-04-08 13:24:00,2015-04-08,0.4247,0.0,0.0,334.0,0.4247,0.4247,0.4247,10000071,2015-09-23,2015-09-23,C,2.6,2015-03-17
12864,2015-04-08 13:25:00,2015-04-08,0.4247,0.0,0.0,334.0,0.4247,0.4247,0.4247,10000071,2015-09-23,2015-09-23,C,2.6,2015-03-17
12865,2015-04-08 13:26:00,2015-04-08,0.4247,0.0,0.0,334.0,0.4247,0.4247,0.4247,10000071,2015-09-23,2015-09-23,C,2.6,2015-03-17
12866,2015-04-08 13:27:00,2015-04-08,0.4247,0.0,0.0,334.0,0.4247,0.4247,0.4247,10000071,2015-09-23,2015-09-23,C,2.6,2015-03-17
12867,2015-04-08 13:28:00,2015-04-08,0.4247,0.0,0.0,334.0,0.4247,0.4247,0.4247,10000071,2015-09-23,2015-09-23,C,2.6,2015-03-17
12868,2015-04-08 13:29:00,2015-04-08,0.4247,0.0,0.0,334.0,0.4247,0.4247,0.4247,10000071,2015-09-23,2015-09-23,C,2.6,2015-03-17
12869,2015-04-08 13:30:00,2015-04-08,0.4247,0.0,0.0,334.0,0.4247,0.4247,0.4247,10000071,2015-09-23,2015-09-23,C,2.6,2015-03-17
12870,2015-04-08 13:31:00,2015-04-08,0.4247,0.0,0.0,334.0,0.4247,0.4247,0.4247,10000071,2015-09-23,2015-09-23,C,2.6,2015-03-17
12871,2015-04-08 13:32:00,2015-04-08,0.4247,0.0,0.0,334.0,0.4247,0.4247,0.4247,10000071,2015-09-23,2015-09-23,C,2.6,2015-03-17
12872,2015-04-08 13:33:00,2015-04-08,0.4247,0.0,0.0,334.0,0.4247,0.4247,0.4247,10000071,2015-09-23,2015-09-23,C,2.6,2015-03-17
12873,2015-04-08 13:34:00,2015-04-08,0.4247,0.0,0.0,334.0,0.4247,0.4247,0.4247,10000071,2015-09-23,2015-09-23,C,2.6,2015-03-17
12874,2015-04-08 13:35:00,2015-04-08,0.4247,0.0,0.0,334.0,0.4247,0.4247,0.4247,10000071,2015-09-23,2015-09-23,C,2.6,2015-03-17
12875,2015-04-08 13:36:00,2015-04-08,0.4247,0.0,0.0,334.0,0.4247,0.4247,0.4247,10000071,2015-09-23,2015-09-23,C,2.6,2015-03-17
12876,2015-04-08 13:37:00,2015-04-08,0.4247,0.0,0.0,334.0,0.4247,0.4247,0.4247,10000071,2015-09-23,2015-09-23,C,2.6,2015-03-17
12877,2015-04-08 13:38:00,2015-04-08,0.4247,0.0,0.0,334.0,0.4247,0.4247,0.4247,10000071,2015-09-23,2015-09-23,C,2.6,2015-03-17
12878,2015-04-08 13:39:00,2015-04-08,0.4247,0.0,0.0,334.0,0.4247,0.4247,0.4247,10000071,2015-09-23,2015-09-23,C,2.6,2015-03-17
12879,2015-04-08 13:40:00,2015-04-08,0.4247,0.0,0.0,334.0,0.4247,0.4247,0.4247,10000071,2015-09-23,2015-09-23,C,2.6,2015-03-17
12880,2015-04-08 13:41:00,2015-04-08,0.4247,0.0,0.0,334.0,0.4247,0.4247,0.4247,10000071,2015-09-23,2015-09-23,C,2.6,2015-03-17
12881,2015-04-08 13:42:00,2015-04-08,0.4247,0.0,0.0,334.0,0.4247,0.4247,0.4247,10000071,2015-09-23,2015-09-23,C,2.6,2015-03-17
12882,2015-04-08 13:43:00,2015-04-08,0.4247,0.0,0.0,334.0,0.4247,0.4247,0.4247,10000071,2015-09-23,2015-09-23,C,2.6,2015-03-17
12883,2015-04-08 13:44:00,2015-04-08,0.4247,0.0,0.0,334.0,0.4247,0.4247,0.4247,10000071,2015-09-23,2015-09-23,C,2.6,2015-03-17
12884,2015-04-08 13:45:00,2015-04-08,0.4247,0.0,0.0,334.0,0.4247,0.4247,0.4247,10000071,2015-09-23,2015-09-23,C,2.6,2015-03-17
12885,2015-04-08 13:46:00,2015-04-08,0.4247,0.0,0.0,334.0,0.4247,0.4247,0.4247,10000071,2015-09-23,2015-09-23,C,2.6,2015-03-17
12886,2015-04-08 13:47:00,2015-04-08,0.4247,0.0,0.0,334.0,0.4247,0.4247,0.4247,10000071,2015-09-23,2015-09-23,C,2.6,2015-03-17
12887,2015-04-08 13:48:00,2015-04-08,0.4247,0.0,0.0,334.0,0.4247,0.4247,0.4247,10000071,2015-09-23,2015-09-23,C,2.6,2015-03-17
12888,2015-04-08 13:49:00,2015-04-08,0.4247,0.0,0.0,334.0,0.4247,0.4247,0.4247,10000071,2015-09-23,2015-09-23,C,2.6,2015-03-17
12889,2015-04-08 13:50:00,2015-04-08,0.4247,0.0,0.0,334.0,0.4247,0.4247,0.4247,10000071,2015-09-23,2015-09-23,C,2.6,2015-03-17
12890,2015-04-08 13:51:00,2015-04-08,0.4247,0.0,0.0,334.0,0.4247,0.4247,0.4247,10000071,2015-09-23,2015-09-23,C,2.6,2015-03-17
12891,2015-04-08 13:52:00,2015-04-08,0.4247,0.0,0.0,334.0,0.4247,0.4247,0.4247,10000071,2015-09-23,2015-09-23,C,2.6,2015-03-17
12892,2015-04-08 13:53:00,2015-04-08,0.4247,0.0,0.0,334.0,0.4247,0.4247,0.4247,10000071,2015-09-23,2015-09-23,C,2.6,2015-03-17
12893,2015-04-08 13:54:00,2015-04-08,0.4247,0.0,0.0,334.0,0.4247,0.4247,0.4247,10000071,2015-09-23,2015-09-23,C,2.6,2015-03-17
12894,2015-04-08 13:55:00,2015-04-08,0.4247,0.0,0.0,334.0,0.4247,0.4247,0.4247,10000071,2015-09-23,2015-09-23,C,2.6,2015-03-17
12895,2015-04-08 13:56:00,2015-04-08,0.4247,0.0,0.0,334.0,0.4247,0.4247,0.4247,10000071,2015-09-23,2015-09-23,C,2.6,2015-03-17
12896,2015-04-08 13:57:00,2015-04-08,0.4247,0.0,0.0,334.0,0.4247,0.4247,0.4247,10000071,2015-09-23,2015-09-23,C,2.6,2015-03-17
12897,2015-04-08 13:58:00,2015-04-08,0.4247,0.0,0.0,334.0,0.4247,0.4247,0.4247,10000071,2015-09-23,2015-09-23,C,2.6,2015-03-17
12898,2015-04-08 13:59:00,2015-04-08,0.4247,0.0,0.0,334.0,0.4247,0.4247,0.4247,10000071,2015-09-23,2015-09-23,C,2.6,2015-03-17
12899,2015-04-08 14:00:00,2015-04-08,0.4247,0.0,0.0,334.0,0.4247,0.4247,0.4247,10000071,2015-09-23,2015-09-23,C,2.6,2015-03-17
12900,2015-04-08 14:01:00,2015-04-08,0.4247,0.0,0.0,334.0,0.4247,0.4247,0.4247,10000071,2015-09-23,2015-09-23,C,2.6,2015-03-17
12901,2015-04-08 14:02:00,2015-04-08,0.4247,0.0,0.0,334.0,0.4247,0.4247,0.4247,10000071,2015-09-23,2015-09-23,C,2.6,2015-03-17
12902,2015-04-08 14:03:00,2015-04-08,0.4247,0.0,0.0,334.0,0.4247,0.4247,0.4247,10000071,2015-09-23,2015-09-23,C,2.6,2015-03-17
12903,2015-04-08 14:04:00,2015-04-08,0.4247,0.0,0.0,334.0,0.4247,0.4247,0.4247,10000071,2015-09-23,2015-09-23,C,2.6,2015-03-17
12904,2015-04-08 14:05:00,2015-04-08,0.4247,0.0,0.0,334.0,0.4247,0.4247,0.4247,10000071,2015-09-23,2015-09-23,C,2.6,2015-03-17
12905,2015-04-08 14:06:00,2015-04-08,0.4247,0.0,0.0,334.0,0.4247,0.4247,0.4247,10000071,2015-09-23,2015-09-23,C,2.6,2015-03-17
12906,2015-04-08 14:07:00,2015-04-08,0.4247,0.0,0.0,334.0,0.4247,0.4247,0.4247,10000071,2015-09-23,2015-09-23,C,2.6,2015-03-17
12907,2015-04-08 14:08:00,2015-04-08,0.4247,0.0,0.0,334.0,0.4247,0.4247,0.4247,10000071,2015-09-23,2015-09-23,C,2.6,2015-03-17
12908,2015-04-08 14:09:00,2015-04-08,0.4247,0.0,0.0,334.0,0.4247,0.4247,0.4247,10000071,2015-09-23,2015-09-23,C,2.6,2015-03-17
12909,2015-04-08 14:10:00,2015-04-08,0.4247,0.0,0.0,334.0,0.4247,0.4247,0.4247,10000071,2015-09-23,2015-09-23,C,2.6,2015-03-17
12910,2015-04-08 14:11:00,2015-04-08,0.4247,0.0,0.0,334.0,0.4247,0.4247,0.4247,10000071,2015-09-23,2015-09-23,C,2.6,2015-03-17
12911,2015-04-08 14:12:00,2015-04-08,0.4247,0.0,0.0,334.0,0.4247,0.4247,0.4247,10000071,2015-09-23,2015-09-23,C,2.6,2015-03-17
12912,2015-04-08 14:13:00,2015-04-08,0.4247,0.0,0.0,334.0,0.4247,0.4247,0.4247,10000071,2015-09-23,2015-09-23,C,2.6,2015-03-17
12913,2015-04-08 14:14:00,2015-04-08,0.4247,0.0,0.0,334.0,0.4247,0.4247,0.4247,10000071,2015-09-23,2015-09-23,C,2.6,2015-03-17
12914,2015-04-08 14:15:00,2015-04-08,0.4317,43170.0,10.0,332.0,0.4317,0.4317,0.4317,10000071,2015-09-23,2015-09-23,C,2.6,2015-03-17
12915,2015-04-08 14:16:00,2015-04-08,0.4317,0.0,0.0,332.0,0.4317,0.4317,0.4317,10000071,2015-09-23,2015-09-23,C,2.6,2015-03-17
12916,2015-04-08 14:17:00,2015-04-08,0.4317,0.0,0.0,332.0,0.4317,0.4317,0.4317,10000071,2015-09-23,2015-09-23,C,2.6,2015-03-17
12917,2015-04-08 14:18:00,2015-04-08,0.4317,0.0,0.0,332.0,0.4317,0.4317,0.4317,10000071,2015-09-23,2015-09-23,C,2.6,2015-03-17
12918,2015-04-08 14:19:00,2015-04-08,0.4317,0.0,0.0,332.0,0.4317,0.4317,0.4317,10000071,2015-09-23,2015-09-23,C,2.6,2015-03-17
12919,2015-04-08 14:20:00,2015-04-08,0.4317,0.0,0.0,332.0,0.4317,0.4317,0.4317,10000071,2015-09-23,2015-09-23,C,2.6,2015-03-17
12920,2015-04-08 14:21:00,2015-04-08,0.4317,0.0,0.0,332.0,0.4317,0.4317,0.4317,10000071,2015-09-23,2015-09-23,C,2.6,2015-03-17
12921,2015-04-08 14:22:00,2015-04-08,0.4317,0.0,0.0,332.0,0.4317,0.4317,0.4317,10000071,2015-09-23,2015-09-23,C,2.6,2015-03-17
12922,2015-04-08 14:23:00,2015-04-08,0.4317,0.0,0.0,332.0,0.4317,0.4317,0.4317,10000071,2015-09-23,2015-09-23,C,2.6,2015-03-17
12923,2015-04-08 14:24:00,2015-04-08,0.4317,0.0,0.0,332.0,0.4317,0.4317,0.4317,10000071,2015-09-23,2015-09-23,C,2.6,2015-03-17
12924,2015-04-08 14:25:00,2015-04-08,0.4317,0.0,0.0,332.0,0.4317,0.4317,0.4317,10000071,2015-09-23,2015-09-23,C,2.6,2015-03-17
12925,2015-04-08 14:26:00,2015-04-08,0.4317,0.0,0.0,332.0,0.4317,0.4317,0.4317,10000071,2015-09-23,2015-09-23,C,2.6,2015-03-17
12926,2015-04-08 14:27:00,2015-04-08,0.4317,0.0,0.0,332.0,0.4317,0.4317,0.4317,10000071,2015-09-23,2015-09-23,C,2.6,2015-03-17
12927,2015-04-08 14:28:00,2015-04-08,0.4317,0.0,0.0,332.0,0.4317,0.4317,0.4317,10000071,2015-09-23,2015-09-23,C,2.6,2015-03-17
12928,2015-04-08 14:29:00,2015-04-08,0.4317,0.0,0.0,332.0,0.4317,0.4317,0.4317,10000071,2015-09-23,2015-09-23,C,2.6,2015-03-17
12929,2015-04-08 14:30:00,2015-04-08,0.4317,0.0,0.0,332.0,0.4317,0.4317,0.4317,10000071,2015-09-23,2015-09-23,C,2.6,2015-03-17
12930,2015-04-08 14:31:00,2015-04-08,0.4317,0.0,0.0,332.0,0.4317,0.4317,0.4317,10000071,2015-09-23,2015-09-23,C,2.6,2015-03-17
12931,2015-04-08 14:32:00,2015-04-08,0.4317,0.0,0.0,332.0,0.4317,0.4317,0.4317,10000071,2015-09-23,2015-09-23,C,2.6,2015-03-17
12932,2015-04-08 14:33:00,2015-04-08,0.4317,0.0,0.0,332.0,0.4317,0.4317,0.4317,10000071,2015-09-23,2015-09-23,C,2.6,2015-03-17
12933,2015-04-08 14:34:00,2015-04-08,0.4317,0.0,0.0,332.0,0.4317,0.4317,0.4317,10000071,2015-09-23,2015-09-23,C,2.6,2015-03-17
12934,2015-04-08 14:35:00,2015-04-08,0.4317,0.0,0.0,332.0,0.4317,0.4317,0.4317,10000071,2015-09-23,2015-09-23,C,2.6,2015-03-17
12935,2015-04-08 14:36:00,2015-04-08,0.4317,0.0,0.0,332.0,0.4317,0.4317,0.4317,10000071,2015-09-23,2015-09-23,C,2.6,2015-03-17
12936,2015-04-08 14:37:00,2015-04-08,0.4317,0.0,0.0,332.0,0.4317,0.4317,0.4317,10000071,2015-09-23,2015-09-23,C,2.6,2015-03-17
12937,2015-04-08 14:38:00,2015-04-08,0.4317,0.0,0.0,332.0,0.4317,0.4317,0.4317,10000071,2015-09-23,2015-09-23,C,2.6,2015-03-17
12938,2015-04-08 14:39:00,2015-04-08,0.4317,0.0,0.0,332.0,0.4317,0.4317,0.4317,10000071,2015-09-23,2015-09-23,C,2.6,2015-03-17
12939,2015-04-08 14:40:00,2015-04-08,0.4317,0.0,0.0,332.0,0.4317,0.4317,0.4317,10000071,2015-09-23,2015-09-23,C,2.6,2015-03-17
12940,2015-04-08 14:41:00,2015-04-08,0.4317,0.0,0.0,332.0,0.4317,0.4317,0.4317,10000071,2015-09-23,2015-09-23,C,2.6,2015-03-17
12941,2015-04-08 14:42:00,2015-04-08,0.4317,0.0,0.0,332.0,0.4317,0.4317,0.4317,10000071,2015-09-23,2015-09-23,C,2.6,2015-03-17
12942,2015-04-08 14:43:00,2015-04-08,0.4317,0.0,0.0,332.0,0.4317,0.4317,0.4317,10000071,2015-09-23,2015-09-23,C,2.6,2015-03-17
12943,2015-04-08 14:44:00,2015-04-08,0.4317,0.0,0.0,332.0,0.4317,0.4317,0.4317,10000071,2015-09-23,2015-09-23,C,2.6,2015-03-17
12944,2015-04-08 14:45:00,2015-04-08,0.4317,0.0,0.0,332.0,0.4317,0.4317,0.4317,10000071,2015-09-23,2015-09-23,C,2.6,2015-03-17
12945,2015-04-08 14:46:00,2015-04-08,0.4317,0.0,0.0,332.0,0.4317,0.4317,0.4317,10000071,2015-09-23,2015-09-23,C,2.6,2015-03-17
12946,2015-04-08 14:47:00,2015-04-08,0.4317,0.0,0.0,332.0,0.4317,0.4317,0.4317,10000071,2015-09-23,2015-09-23,C,2.6,2015-03-17
12947,2015-04-08 14:48:00,2015-04-08,0.4317,0.0,0.0,332.0,0.4317,0.4317,0.4317,10000071,2015-09-23,2015-09-23,C,2.6,2015-03-17
12948,2015-04-08 14:49:00,2015-04-08,0.4317,0.0,0.0,332.0,0.4317,0.4317,0.4317,10000071,2015-09-23,2015-09-23,C,2.6,2015-03-17
12949,2015-04-08 14:50:00,2015-04-08,0.4317,0.0,0.0,332.0,0.4317,0.4317,0.4317,10000071,2015-09-23,2015-09-23,C,2.6,2015-03-17
12950,2015-04-08 14:51:00,2015-04-08,0.4317,0.0,0.0,332.0,0.4317,0.4317,0.4317,10000071,2015-09-23,2015-09-23,C,2.6,2015-03-17
12951,2015-04-08 14:52:00,2015-04-08,0.4317,0.0,0.0,332.0,0.4317,0.4317,0.4317,10000071,2015-09-23,2015-09-23,C,2.6,2015-03-17
12952,2015-04-08 14:53:00,2015-04-08,0.4369,21845.0,5.0,332.0,0.4369,0.4369,0.4369,10000071,2015-09-23,2015-09-23,C,2.6,2015-03-17
12953,2015-04-08 14:54:00,2015-04-08,0.4369,0.0,0.0,332.0,0.4369,0.4369,0.4369,10000071,2015-09-23,2015-09-23,C,2.6,2015-03-17
12954,2015-04-08 14:55:00,2015-04-08,0.4369,0.0,0.0,332.0,0.4369,0.4369,0.4369,10000071,2015-09-23,2015-09-23,C,2.6,2015-03-17
12955,2015-04-08 14:56:00,2015-04-08,0.4369,0.0,0.0,332.0,0.4369,0.4369,0.4369,10000071,2015-09-23,2015-09-23,C,2.6,2015-03-17
12956,2015-04-08 14:57:00,2015-04-08,0.4369,0.0,0.0,332.0,0.4369,0.4369,0.4369,10000071,2015-09-23,2015-09-23,C,2.6,2015-03-17
12957,2015-04-08 14:58:00,2015-04-08,0.4369,0.0,0.0,332.0,0.4369,0.4369,0.4369,10000071,2015-09-23,2015-09-23,C,2.6,2015-03-17
12958,2015-04-08 14:59:00,2015-04-08,0.4369,0.0,0.0,332.0,0.4369,0.4369,0.4369,10000071,2015-09-23,2015-09-23,C,2.6,2015-03-17
12959,2015-04-08 15:00:00,2015-04-08,0.4369,0.0,0.0,332.0,0.4369,0.4369,0.4369,10000071,2015-09-23,2015-09-23,C,2.6,2015-03-17
12960,2015-04-08 09:31:00,2015-04-08,0.0988,0.0,0.0,0.0,0.0988,0.0988,0.0988,10000064,2015-09-23,2015-09-23,P,2.55,2015-02-27
12961,2015-04-08 09:32:00,2015-04-08,0.0988,0.0,0.0,0.0,0.0988,0.0988,0.0988,10000064,2015-09-23,2015-09-23,P,2.55,2015-02-27
12962,2015-04-08 09:33:00,2015-04-08,0.0988,0.0,0.0,0.0,0.0988,0.0988,0.0988,10000064,2015-09-23,2015-09-23,P,2.55,2015-02-27
12963,2015-04-08 09:34:00,2015-04-08,0.0988,0.0,0.0,0.0,0.0988,0.0988,0.0988,10000064,2015-09-23,2015-09-23,P,2.55,2015-02-27
12964,2015-04-08 09:35:00,2015-04-08,0.0988,0.0,0.0,0.0,0.0988,0.0988,0.0988,10000064,2015-09-23,2015-09-23,P,2.55,2015-02-27
12965,2015-04-08 09:36:00,2015-04-08,0.0988,0.0,0.0,0.0,0.0988,0.0988,0.0988,10000064,2015-09-23,2015-09-23,P,2.55,2015-02-27
12966,2015-04-08 09:37:00,2015-04-08,0.0988,0.0,0.0,0.0,0.0988,0.0988,0.0988,10000064,2015-09-23,2015-09-23,P,2.55,2015-02-27
12967,2015-04-08 09:38:00,2015-04-08,0.0988,0.0,0.0,0.0,0.0988,0.0988,0.0988,10000064,2015-09-23,2015-09-23,P,2.55,2015-02-27
12968,2015-04-08 09:39:00,2015-04-08,0.0988,0.0,0.0,0.0,0.0988,0.0988,0.0988,10000064,2015-09-23,2015-09-23,P,2.55,2015-02-27
12969,2015-04-08 09:40:00,2015-04-08,0.0988,0.0,0.0,0.0,0.0988,0.0988,0.0988,10000064,2015-09-23,2015-09-23,P,2.55,2015-02-27
12970,2015-04-08 09:41:00,2015-04-08,0.0988,0.0,0.0,0.0,0.0988,0.0988,0.0988,10000064,2015-09-23,2015-09-23,P,2.55,2015-02-27
12971,2015-04-08 09:42:00,2015-04-08,0.0988,0.0,0.0,0.0,0.0988,0.0988,0.0988,10000064,2015-09-23,2015-09-23,P,2.55,2015-02-27
12972,2015-04-08 09:43:00,2015-04-08,0.0988,0.0,0.0,0.0,0.0988,0.0988,0.0988,10000064,2015-09-23,2015-09-23,P,2.55,2015-02-27
12973,2015-04-08 09:44:00,2015-04-08,0.0988,0.0,0.0,0.0,0.0988,0.0988,0.0988,10000064,2015-09-23,2015-09-23,P,2.55,2015-02-27
12974,2015-04-08 09:45:00,2015-04-08,0.0988,0.0,0.0,0.0,0.0988,0.0988,0.0988,10000064,2015-09-23,2015-09-23,P,2.55,2015-02-27
12975,2015-04-08 09:46:00,2015-04-08,0.0988,0.0,0.0,0.0,0.0988,0.0988,0.0988,10000064,2015-09-23,2015-09-23,P,2.55,2015-02-27
12976,2015-04-08 09:47:00,2015-04-08,0.0988,0.0,0.0,0.0,0.0988,0.0988,0.0988,10000064,2015-09-23,2015-09-23,P,2.55,2015-02-27
12977,2015-04-08 09:48:00,2015-04-08,0.0988,0.0,0.0,0.0,0.0988,0.0988,0.0988,10000064,2015-09-23,2015-09-23,P,2.55,2015-02-27
12978,2015-04-08 09:49:00,2015-04-08,0.0988,0.0,0.0,0.0,0.0988,0.0988,0.0988,10000064,2015-09-23,2015-09-23,P,2.55,2015-02-27
12979,2015-04-08 09:50:00,2015-04-08,0.0988,0.0,0.0,0.0,0.0988,0.0988,0.0988,10000064,2015-09-23,2015-09-23,P,2.55,2015-02-27
12980,2015-04-08 09:51:00,2015-04-08,0.0988,0.0,0.0,0.0,0.0988,0.0988,0.0988,10000064,2015-09-23,2015-09-23,P,2.55,2015-02-27
12981,2015-04-08 09:52:00,2015-04-08,0.0988,0.0,0.0,0.0,0.0988,0.0988,0.0988,10000064,2015-09-23,2015-09-23,P,2.55,2015-02-27
12982,2015-04-08 09:53:00,2015-04-08,0.0988,0.0,0.0,0.0,0.0988,0.0988,0.0988,10000064,2015-09-23,2015-09-23,P,2.55,2015-02-27
12983,2015-04-08 09:54:00,2015-04-08,0.0988,0.0,0.0,0.0,0.0988,0.0988,0.0988,10000064,2015-09-23,2015-09-23,P,2.55,2015-02-27
12984,2015-04-08 09:55:00,2015-04-08,0.0988,0.0,0.0,0.0,0.0988,0.0988,0.0988,10000064,2015-09-23,2015-09-23,P,2.55,2015-02-27
12985,2015-04-08 09:56:00,2015-04-08,0.0988,0.0,0.0,0.0,0.0988,0.0988,0.0988,10000064,2015-09-23,2015-09-23,P,2.55,2015-02-27
12986,2015-04-08 09:57:00,2015-04-08,0.0988,0.0,0.0,0.0,0.0988,0.0988,0.0988,10000064,2015-09-23,2015-09-23,P,2.55,2015-02-27
12987,2015-04-08 09:58:00,2015-04-08,0.0988,0.0,0.0,0.0,0.0988,0.0988,0.0988,10000064,2015-09-23,2015-09-23,P,2.55,2015-02-27
12988,2015-04-08 09:59:00,2015-04-08,0.0988,0.0,0.0,0.0,0.0988,0.0988,0.0988,10000064,2015-09-23,2015-09-23,P,2.55,2015-02-27
12989,2015-04-08 10:00:00,2015-04-08,0.0988,0.0,0.0,0.0,0.0988,0.0988,0.0988,10000064,2015-09-23,2015-09-23,P,2.55,2015-02-27
12990,2015-04-08 10:01:00,2015-04-08,0.0988,0.0,0.0,0.0,0.0988,0.0988,0.0988,10000064,2015-09-23,2015-09-23,P,2.55,2015-02-27
12991,2015-04-08 10:02:00,2015-04-08,0.0988,0.0,0.0,0.0,0.0988,0.0988,0.0988,10000064,2015-09-23,2015-09-23,P,2.55,2015-02-27
12992,2015-04-08 10:03:00,2015-04-08,0.0988,0.0,0.0,0.0,0.0988,0.0988,0.0988,10000064,2015-09-23,2015-09-23,P,2.55,2015-02-27
12993,2015-04-08 10:04:00,2015-04-08,0.0988,0.0,0.0,0.0,0.0988,0.0988,0.0988,10000064,2015-09-23,2015-09-23,P,2.55,2015-02-27
12994,2015-04-08 10:05:00,2015-04-08,0.0988,0.0,0.0,0.0,0.0988,0.0988,0.0988,10000064,2015-09-23,2015-09-23,P,2.55,2015-02-27
12995,2015-04-08 10:06:00,2015-04-08,0.0988,0.0,0.0,0.0,0.0988,0.0988,0.0988,10000064,2015-09-23,2015-09-23,P,2.55,2015-02-27
12996,2015-04-08 10:07:00,2015-04-08,0.0988,0.0,0.0,0.0,0.0988,0.0988,0.0988,10000064,2015-09-23,2015-09-23,P,2.55,2015-02-27
12997,2015-04-08 10:08:00,2015-04-08,0.0988,0.0,0.0,0.0,0.0988,0.0988,0.0988,10000064,2015-09-23,2015-09-23,P,2.55,2015-02-27
12998,2015-04-08 10:09:00,2015-04-08,0.0988,0.0,0.0,0.0,0.0988,0.0988,0.0988,10000064,2015-09-23,2015-09-23,P,2.55,2015-02-27
12999,2015-04-08 10:10:00,2015-04-08,0.0988,0.0,0.0,0.0,0.0988,0.0988,0.0988,10000064,2015-09-23,2015-09-23,P,2.55,2015-02-27
13000,2015-04-08 10:11:00,2015-04-08,0.0988,0.0,0.0,0.0,0.0988,0.0988,0.0988,10000064,2015-09-23,2015-09-23,P,2.55,2015-02-27
13001,2015-04-08 10:12:00,2015-04-08,0.0988,0.0,0.0,0.0,0.0988,0.0988,0.0988,10000064,2015-09-23,2015-09-23,P,2.55,2015-02-27
13002,2015-04-08 10:13:00,2015-04-08,0.0988,0.0,0.0,0.0,0.0988,0.0988,0.0988,10000064,2015-09-23,2015-09-23,P,2.55,2015-02-27
13003,2015-04-08 10:14:00,2015-04-08,0.0988,0.0,0.0,0.0,0.0988,0.0988,0.0988,10000064,2015-09-23,2015-09-23,P,2.55,2015-02-27
13004,2015-04-08 10:15:00,2015-04-08,0.0988,0.0,0.0,0.0,0.0988,0.0988,0.0988,10000064,2015-09-23,2015-09-23,P,2.55,2015-02-27
13005,2015-04-08 10:16:00,2015-04-08,0.0988,0.0,0.0,0.0,0.0988,0.0988,0.0988,10000064,2015-09-23,2015-09-23,P,2.55,2015-02-27
13006,2015-04-08 10:17:00,2015-04-08,0.0988,0.0,0.0,0.0,0.0988,0.0988,0.0988,10000064,2015-09-23,2015-09-23,P,2.55,2015-02-27
13007,2015-04-08 10:18:00,2015-04-08,0.0988,0.0,0.0,0.0,0.0988,0.0988,0.0988,10000064,2015-09-23,2015-09-23,P,2.55,2015-02-27
13008,2015-04-08 10:19:00,2015-04-08,0.0988,0.0,0.0,0.0,0.0988,0.0988,0.0988,10000064,2015-09-23,2015-09-23,P,2.55,2015-02-27
13009,2015-04-08 10:20:00,2015-04-08,0.0988,0.0,0.0,0.0,0.0988,0.0988,0.0988,10000064,2015-09-23,2015-09-23,P,2.55,2015-02-27
13010,2015-04-08 10:21:00,2015-04-08,0.0988,0.0,0.0,0.0,0.0988,0.0988,0.0988,10000064,2015-09-23,2015-09-23,P,2.55,2015-02-27
13011,2015-04-08 10:22:00,2015-04-08,0.0988,0.0,0.0,0.0,0.0988,0.0988,0.0988,10000064,2015-09-23,2015-09-23,P,2.55,2015-02-27
13012,2015-04-08 10:23:00,2015-04-08,0.0988,0.0,0.0,0.0,0.0988,0.0988,0.0988,10000064,2015-09-23,2015-09-23,P,2.55,2015-02-27
13013,2015-04-08 10:24:00,2015-04-08,0.0988,0.0,0.0,0.0,0.0988,0.0988,0.0988,10000064,2015-09-23,2015-09-23,P,2.55,2015-02-27
13014,2015-04-08 10:25:00,2015-04-08,0.0988,0.0,0.0,0.0,0.0988,0.0988,0.0988,10000064,2015-09-23,2015-09-23,P,2.55,2015-02-27
13015,2015-04-08 10:26:00,2015-04-08,0.0988,0.0,0.0,0.0,0.0988,0.0988,0.0988,10000064,2015-09-23,2015-09-23,P,2.55,2015-02-27
13016,2015-04-08 10:27:00,2015-04-08,0.0988,0.0,0.0,0.0,0.0988,0.0988,0.0988,10000064,2015-09-23,2015-09-23,P,2.55,2015-02-27
13017,2015-04-08 10:28:00,2015-04-08,0.0988,0.0,0.0,0.0,0.0988,0.0988,0.0988,10000064,2015-09-23,2015-09-23,P,2.55,2015-02-27
13018,2015-04-08 10:29:00,2015-04-08,0.0988,0.0,0.0,0.0,0.0988,0.0988,0.0988,10000064,2015-09-23,2015-09-23,P,2.55,2015-02-27
13019,2015-04-08 10:30:00,2015-04-08,0.0988,0.0,0.0,0.0,0.0988,0.0988,0.0988,10000064,2015-09-23,2015-09-23,P,2.55,2015-02-27
13020,2015-04-08 10:31:00,2015-04-08,0.0988,0.0,0.0,0.0,0.0988,0.0988,0.0988,10000064,2015-09-23,2015-09-23,P,2.55,2015-02-27
13021,2015-04-08 10:32:00,2015-04-08,0.0988,0.0,0.0,0.0,0.0988,0.0988,0.0988,10000064,2015-09-23,2015-09-23,P,2.55,2015-02-27
13022,2015-04-08 10:33:00,2015-04-08,0.0988,0.0,0.0,0.0,0.0988,0.0988,0.0988,10000064,2015-09-23,2015-09-23,P,2.55,2015-02-27
13023,2015-04-08 10:34:00,2015-04-08,0.0988,0.0,0.0,0.0,0.0988,0.0988,0.0988,10000064,2015-09-23,2015-09-23,P,2.55,2015-02-27
13024,2015-04-08 10:35:00,2015-04-08,0.0988,0.0,0.0,0.0,0.0988,0.0988,0.0988,10000064,2015-09-23,2015-09-23,P,2.55,2015-02-27
13025,2015-04-08 10:36:00,2015-04-08,0.0988,0.0,0.0,0.0,0.0988,0.0988,0.0988,10000064,2015-09-23,2015-09-23,P,2.55,2015-02-27
13026,2015-04-08 10:37:00,2015-04-08,0.0988,0.0,0.0,0.0,0.0988,0.0988,0.0988,10000064,2015-09-23,2015-09-23,P,2.55,2015-02-27
13027,2015-04-08 10:38:00,2015-04-08,0.0988,0.0,0.0,0.0,0.0988,0.0988,0.0988,10000064,2015-09-23,2015-09-23,P,2.55,2015-02-27
13028,2015-04-08 10:39:00,2015-04-08,0.0988,0.0,0.0,0.0,0.0988,0.0988,0.0988,10000064,2015-09-23,2015-09-23,P,2.55,2015-02-27
13029,2015-04-08 10:40:00,2015-04-08,0.0988,0.0,0.0,0.0,0.0988,0.0988,0.0988,10000064,2015-09-23,2015-09-23,P,2.55,2015-02-27
13030,2015-04-08 10:41:00,2015-04-08,0.0988,0.0,0.0,0.0,0.0988,0.0988,0.0988,10000064,2015-09-23,2015-09-23,P,2.55,2015-02-27
13031,2015-04-08 10:42:00,2015-04-08,0.0988,0.0,0.0,0.0,0.0988,0.0988,0.0988,10000064,2015-09-23,2015-09-23,P,2.55,2015-02-27
13032,2015-04-08 10:43:00,2015-04-08,0.0988,0.0,0.0,0.0,0.0988,0.0988,0.0988,10000064,2015-09-23,2015-09-23,P,2.55,2015-02-27
13033,2015-04-08 10:44:00,2015-04-08,0.0988,0.0,0.0,0.0,0.0988,0.0988,0.0988,10000064,2015-09-23,2015-09-23,P,2.55,2015-02-27
13034,2015-04-08 10:45:00,2015-04-08,0.0988,0.0,0.0,0.0,0.0988,0.0988,0.0988,10000064,2015-09-23,2015-09-23,P,2.55,2015-02-27
13035,2015-04-08 10:46:00,2015-04-08,0.0988,0.0,0.0,0.0,0.0988,0.0988,0.0988,10000064,2015-09-23,2015-09-23,P,2.55,2015-02-27
13036,2015-04-08 10:47:00,2015-04-08,0.0988,0.0,0.0,0.0,0.0988,0.0988,0.0988,10000064,2015-09-23,2015-09-23,P,2.55,2015-02-27
13037,2015-04-08 10:48:00,2015-04-08,0.0988,0.0,0.0,0.0,0.0988,0.0988,0.0988,10000064,2015-09-23,2015-09-23,P,2.55,2015-02-27
13038,2015-04-08 10:49:00,2015-04-08,0.0988,0.0,0.0,0.0,0.0988,0.0988,0.0988,10000064,2015-09-23,2015-09-23,P,2.55,2015-02-27
13039,2015-04-08 10:50:00,2015-04-08,0.0988,0.0,0.0,0.0,0.0988,0.0988,0.0988,10000064,2015-09-23,2015-09-23,P,2.55,2015-02-27
13040,2015-04-08 10:51:00,2015-04-08,0.0988,0.0,0.0,0.0,0.0988,0.0988,0.0988,10000064,2015-09-23,2015-09-23,P,2.55,2015-02-27
13041,2015-04-08 10:52:00,2015-04-08,0.0988,0.0,0.0,0.0,0.0988,0.0988,0.0988,10000064,2015-09-23,2015-09-23,P,2.55,2015-02-27
13042,2015-04-08 10:53:00,2015-04-08,0.0988,0.0,0.0,0.0,0.0988,0.0988,0.0988,10000064,2015-09-23,2015-09-23,P,2.55,2015-02-27
13043,2015-04-08 10:54:00,2015-04-08,0.0988,0.0,0.0,0.0,0.0988,0.0988,0.0988,10000064,2015-09-23,2015-09-23,P,2.55,2015-02-27
13044,2015-04-08 10:55:00,2015-04-08,0.0988,0.0,0.0,0.0,0.0988,0.0988,0.0988,10000064,2015-09-23,2015-09-23,P,2.55,2015-02-27
13045,2015-04-08 10:56:00,2015-04-08,0.0988,0.0,0.0,0.0,0.0988,0.0988,0.0988,10000064,2015-09-23,2015-09-23,P,2.55,2015-02-27
13046,2015-04-08 10:57:00,2015-04-08,0.0988,0.0,0.0,0.0,0.0988,0.0988,0.0988,10000064,2015-09-23,2015-09-23,P,2.55,2015-02-27
13047,2015-04-08 10:58:00,2015-04-08,0.0988,0.0,0.0,0.0,0.0988,0.0988,0.0988,10000064,2015-09-23,2015-09-23,P,2.55,2015-02-27
13048,2015-04-08 10:59:00,2015-04-08,0.0988,0.0,0.0,0.0,0.0988,0.0988,0.0988,10000064,2015-09-23,2015-09-23,P,2.55,2015-02-27
13049,2015-04-08 11:00:00,2015-04-08,0.0988,0.0,0.0,0.0,0.0988,0.0988,0.0988,10000064,2015-09-23,2015-09-23,P,2.55,2015-02-27
13050,2015-04-08 11:01:00,2015-04-08,0.0988,0.0,0.0,0.0,0.0988,0.0988,0.0988,10000064,2015-09-23,2015-09-23,P,2.55,2015-02-27
13051,2015-04-08 11:02:00,2015-04-08,0.0988,0.0,0.0,0.0,0.0988,0.0988,0.0988,10000064,2015-09-23,2015-09-23,P,2.55,2015-02-27
13052,2015-04-08 11:03:00,2015-04-08,0.0988,0.0,0.0,0.0,0.0988,0.0988,0.0988,10000064,2015-09-23,2015-09-23,P,2.55,2015-02-27
13053,2015-04-08 11:04:00,2015-04-08,0.0988,0.0,0.0,0.0,0.0988,0.0988,0.0988,10000064,2015-09-23,2015-09-23,P,2.55,2015-02-27
13054,2015-04-08 11:05:00,2015-04-08,0.0988,0.0,0.0,0.0,0.0988,0.0988,0.0988,10000064,2015-09-23,2015-09-23,P,2.55,2015-02-27
13055,2015-04-08 11:06:00,2015-04-08,0.0988,0.0,0.0,0.0,0.0988,0.0988,0.0988,10000064,2015-09-23,2015-09-23,P,2.55,2015-02-27
13056,2015-04-08 11:07:00,2015-04-08,0.0988,0.0,0.0,0.0,0.0988,0.0988,0.0988,10000064,2015-09-23,2015-09-23,P,2.55,2015-02-27
13057,2015-04-08 11:08:00,2015-04-08,0.0988,0.0,0.0,0.0,0.0988,0.0988,0.0988,10000064,2015-09-23,2015-09-23,P,2.55,2015-02-27
13058,2015-04-08 11:09:00,2015-04-08,0.0988,0.0,0.0,0.0,0.0988,0.0988,0.0988,10000064,2015-09-23,2015-09-23,P,2.55,2015-02-27
13059,2015-04-08 11:10:00,2015-04-08,0.0988,0.0,0.0,0.0,0.0988,0.0988,0.0988,10000064,2015-09-23,2015-09-23,P,2.55,2015-02-27
13060,2015-04-08 11:11:00,2015-04-08,0.0988,0.0,0.0,0.0,0.0988,0.0988,0.0988,10000064,2015-09-23,2015-09-23,P,2.55,2015-02-27
13061,2015-04-08 11:12:00,2015-04-08,0.0988,0.0,0.0,0.0,0.0988,0.0988,0.0988,10000064,2015-09-23,2015-09-23,P,2.55,2015-02-27
13062,2015-04-08 11:13:00,2015-04-08,0.0988,0.0,0.0,0.0,0.0988,0.0988,0.0988,10000064,2015-09-23,2015-09-23,P,2.55,2015-02-27
13063,2015-04-08 11:14:00,2015-04-08,0.0988,0.0,0.0,0.0,0.0988,0.0988,0.0988,10000064,2015-09-23,2015-09-23,P,2.55,2015-02-27
13064,2015-04-08 11:15:00,2015-04-08,0.0988,0.0,0.0,0.0,0.0988,0.0988,0.0988,10000064,2015-09-23,2015-09-23,P,2.55,2015-02-27
13065,2015-04-08 11:16:00,2015-04-08,0.0988,0.0,0.0,0.0,0.0988,0.0988,0.0988,10000064,2015-09-23,2015-09-23,P,2.55,2015-02-27
13066,2015-04-08 11:17:00,2015-04-08,0.0988,0.0,0.0,0.0,0.0988,0.0988,0.0988,10000064,2015-09-23,2015-09-23,P,2.55,2015-02-27
13067,2015-04-08 11:18:00,2015-04-08,0.0988,0.0,0.0,0.0,0.0988,0.0988,0.0988,10000064,2015-09-23,2015-09-23,P,2.55,2015-02-27
13068,2015-04-08 11:19:00,2015-04-08,0.0988,0.0,0.0,0.0,0.0988,0.0988,0.0988,10000064,2015-09-23,2015-09-23,P,2.55,2015-02-27
13069,2015-04-08 11:20:00,2015-04-08,0.0988,0.0,0.0,0.0,0.0988,0.0988,0.0988,10000064,2015-09-23,2015-09-23,P,2.55,2015-02-27
13070,2015-04-08 11:21:00,2015-04-08,0.0988,0.0,0.0,0.0,0.0988,0.0988,0.0988,10000064,2015-09-23,2015-09-23,P,2.55,2015-02-27
13071,2015-04-08 11:22:00,2015-04-08,0.0988,0.0,0.0,0.0,0.0988,0.0988,0.0988,10000064,2015-09-23,2015-09-23,P,2.55,2015-02-27
13072,2015-04-08 11:23:00,2015-04-08,0.0988,0.0,0.0,0.0,0.0988,0.0988,0.0988,10000064,2015-09-23,2015-09-23,P,2.55,2015-02-27
13073,2015-04-08 11:24:00,2015-04-08,0.0988,0.0,0.0,0.0,0.0988,0.0988,0.0988,10000064,2015-09-23,2015-09-23,P,2.55,2015-02-27
13074,2015-04-08 11:25:00,2015-04-08,0.0988,0.0,0.0,0.0,0.0988,0.0988,0.0988,10000064,2015-09-23,2015-09-23,P,2.55,2015-02-27
13075,2015-04-08 11:26:00,2015-04-08,0.0988,0.0,0.0,0.0,0.0988,0.0988,0.0988,10000064,2015-09-23,2015-09-23,P,2.55,2015-02-27
13076,2015-04-08 11:27:00,2015-04-08,0.0988,0.0,0.0,0.0,0.0988,0.0988,0.0988,10000064,2015-09-23,2015-09-23,P,2.55,2015-02-27
13077,2015-04-08 11:28:00,2015-04-08,0.0988,0.0,0.0,0.0,0.0988,0.0988,0.0988,10000064,2015-09-23,2015-09-23,P,2.55,2015-02-27
13078,2015-04-08 11:29:00,2015-04-08,0.0988,0.0,0.0,0.0,0.0988,0.0988,0.0988,10000064,2015-09-23,2015-09-23,P,2.55,2015-02-27
13079,2015-04-08 11:30:00,2015-04-08,0.0988,0.0,0.0,0.0,0.0988,0.0988,0.0988,10000064,2015-09-23,2015-09-23,P,2.55,2015-02-27
13080,2015-04-08 13:01:00,2015-04-08,0.0988,0.0,0.0,0.0,0.0988,0.0988,0.0988,10000064,2015-09-23,2015-09-23,P,2.55,2015-02-27
13081,2015-04-08 13:02:00,2015-04-08,0.0988,0.0,0.0,0.0,0.0988,0.0988,0.0988,10000064,2015-09-23,2015-09-23,P,2.55,2015-02-27
13082,2015-04-08 13:03:00,2015-04-08,0.0988,0.0,0.0,0.0,0.0988,0.0988,0.0988,10000064,2015-09-23,2015-09-23,P,2.55,2015-02-27
13083,2015-04-08 13:04:00,2015-04-08,0.0988,0.0,0.0,0.0,0.0988,0.0988,0.0988,10000064,2015-09-23,2015-09-23,P,2.55,2015-02-27
13084,2015-04-08 13:05:00,2015-04-08,0.0988,0.0,0.0,0.0,0.0988,0.0988,0.0988,10000064,2015-09-23,2015-09-23,P,2.55,2015-02-27
13085,2015-04-08 13:06:00,2015-04-08,0.0988,0.0,0.0,0.0,0.0988,0.0988,0.0988,10000064,2015-09-23,2015-09-23,P,2.55,2015-02-27
13086,2015-04-08 13:07:00,2015-04-08,0.0988,0.0,0.0,0.0,0.0988,0.0988,0.0988,10000064,2015-09-23,2015-09-23,P,2.55,2015-02-27
13087,2015-04-08 13:08:00,2015-04-08,0.0988,0.0,0.0,0.0,0.0988,0.0988,0.0988,10000064,2015-09-23,2015-09-23,P,2.55,2015-02-27
13088,2015-04-08 13:09:00,2015-04-08,0.0988,0.0,0.0,0.0,0.0988,0.0988,0.0988,10000064,2015-09-23,2015-09-23,P,2.55,2015-02-27
13089,2015-04-08 13:10:00,2015-04-08,0.0988,0.0,0.0,0.0,0.0988,0.0988,0.0988,10000064,2015-09-23,2015-09-23,P,2.55,2015-02-27
13090,2015-04-08 13:11:00,2015-04-08,0.0988,0.0,0.0,0.0,0.0988,0.0988,0.0988,10000064,2015-09-23,2015-09-23,P,2.55,2015-02-27
13091,2015-04-08 13:12:00,2015-04-08,0.0988,0.0,0.0,0.0,0.0988,0.0988,0.0988,10000064,2015-09-23,2015-09-23,P,2.55,2015-02-27
13092,2015-04-08 13:13:00,2015-04-08,0.0988,0.0,0.0,0.0,0.0988,0.0988,0.0988,10000064,2015-09-23,2015-09-23,P,2.55,2015-02-27
13093,2015-04-08 13:14:00,2015-04-08,0.0988,0.0,0.0,0.0,0.0988,0.0988,0.0988,10000064,2015-09-23,2015-09-23,P,2.55,2015-02-27
13094,2015-04-08 13:15:00,2015-04-08,0.0988,0.0,0.0,0.0,0.0988,0.0988,0.0988,10000064,2015-09-23,2015-09-23,P,2.55,2015-02-27
13095,2015-04-08 13:16:00,2015-04-08,0.0988,0.0,0.0,0.0,0.0988,0.0988,0.0988,10000064,2015-09-23,2015-09-23,P,2.55,2015-02-27
13096,2015-04-08 13:17:00,2015-04-08,0.0988,0.0,0.0,0.0,0.0988,0.0988,0.0988,10000064,2015-09-23,2015-09-23,P,2.55,2015-02-27
13097,2015-04-08 13:18:00,2015-04-08,0.0988,0.0,0.0,0.0,0.0988,0.0988,0.0988,10000064,2015-09-23,2015-09-23,P,2.55,2015-02-27
13098,2015-04-08 13:19:00,2015-04-08,0.0883,-4500.0,-5.0,212.0,0.0883,0.0883,0.0883,10000064,2015-09-23,2015-09-23,P,2.55,2015-02-27
13099,2015-04-08 13:20:00,2015-04-08,0.0883,0.0,0.0,212.0,0.0883,0.0883,0.0883,10000064,2015-09-23,2015-09-23,P,2.55,2015-02-27
13100,2015-04-08 13:21:00,2015-04-08,0.0883,0.0,0.0,212.0,0.0883,0.0883,0.0883,10000064,2015-09-23,2015-09-23,P,2.55,2015-02-27
13101,2015-04-08 13:22:00,2015-04-08,0.0883,0.0,0.0,212.0,0.0883,0.0883,0.0883,10000064,2015-09-23,2015-09-23,P,2.55,2015-02-27
13102,2015-04-08 13:23:00,2015-04-08,0.0883,0.0,0.0,212.0,0.0883,0.0883,0.0883,10000064,2015-09-23,2015-09-23,P,2.55,2015-02-27
13103,2015-04-08 13:24:00,2015-04-08,0.0883,0.0,0.0,212.0,0.0883,0.0883,0.0883,10000064,2015-09-23,2015-09-23,P,2.55,2015-02-27
13104,2015-04-08 13:25:00,2015-04-08,0.0883,0.0,0.0,212.0,0.0883,0.0883,0.0883,10000064,2015-09-23,2015-09-23,P,2.55,2015-02-27
13105,2015-04-08 13:26:00,2015-04-08,0.0883,0.0,0.0,212.0,0.0883,0.0883,0.0883,10000064,2015-09-23,2015-09-23,P,2.55,2015-02-27
13106,2015-04-08 13:27:00,2015-04-08,0.0883,0.0,0.0,212.0,0.0883,0.0883,0.0883,10000064,2015-09-23,2015-09-23,P,2.55,2015-02-27
13107,2015-04-08 13:28:00,2015-04-08,0.0883,0.0,0.0,212.0,0.0883,0.0883,0.0883,10000064,2015-09-23,2015-09-23,P,2.55,2015-02-27
13108,2015-04-08 13:29:00,2015-04-08,0.0883,0.0,0.0,212.0,0.0883,0.0883,0.0883,10000064,2015-09-23,2015-09-23,P,2.55,2015-02-27
13109,2015-04-08 13:30:00,2015-04-08,0.0883,0.0,0.0,212.0,0.0883,0.0883,0.0883,10000064,2015-09-23,2015-09-23,P,2.55,2015-02-27
13110,2015-04-08 13:31:00,2015-04-08,0.0883,0.0,0.0,212.0,0.0883,0.0883,0.0883,10000064,2015-09-23,2015-09-23,P,2.55,2015-02-27
13111,2015-04-08 13:32:00,2015-04-08,0.0883,0.0,0.0,212.0,0.0883,0.0883,0.0883,10000064,2015-09-23,2015-09-23,P,2.55,2015-02-27
13112,2015-04-08 13:33:00,2015-04-08,0.0883,0.0,0.0,212.0,0.0883,0.0883,0.0883,10000064,2015-09-23,2015-09-23,P,2.55,2015-02-27
13113,2015-04-08 13:34:00,2015-04-08,0.0883,0.0,0.0,212.0,0.0883,0.0883,0.0883,10000064,2015-09-23,2015-09-23,P,2.55,2015-02-27
13114,2015-04-08 13:35:00,2015-04-08,0.0883,0.0,0.0,212.0,0.0883,0.0883,0.0883,10000064,2015-09-23,2015-09-23,P,2.55,2015-02-27
13115,2015-04-08 13:36:00,2015-04-08,0.0883,0.0,0.0,212.0,0.0883,0.0883,0.0883,10000064,2015-09-23,2015-09-23,P,2.55,2015-02-27
13116,2015-04-08 13:37:00,2015-04-08,0.0883,0.0,0.0,212.0,0.0883,0.0883,0.0883,10000064,2015-09-23,2015-09-23,P,2.55,2015-02-27
13117,2015-04-08 13:38:00,2015-04-08,0.0883,0.0,0.0,212.0,0.0883,0.0883,0.0883,10000064,2015-09-23,2015-09-23,P,2.55,2015-02-27
13118,2015-04-08 13:39:00,2015-04-08,0.0883,0.0,0.0,212.0,0.0883,0.0883,0.0883,10000064,2015-09-23,2015-09-23,P,2.55,2015-02-27
13119,2015-04-08 13:40:00,2015-04-08,0.0883,0.0,0.0,212.0,0.0883,0.0883,0.0883,10000064,2015-09-23,2015-09-23,P,2.55,2015-02-27
13120,2015-04-08 13:41:00,2015-04-08,0.0883,0.0,0.0,212.0,0.0883,0.0883,0.0883,10000064,2015-09-23,2015-09-23,P,2.55,2015-02-27
13121,2015-04-08 13:42:00,2015-04-08,0.0883,0.0,0.0,212.0,0.0883,0.0883,0.0883,10000064,2015-09-23,2015-09-23,P,2.55,2015-02-27
13122,2015-04-08 13:43:00,2015-04-08,0.0883,0.0,0.0,212.0,0.0883,0.0883,0.0883,10000064,2015-09-23,2015-09-23,P,2.55,2015-02-27
13123,2015-04-08 13:44:00,2015-04-08,0.09,4500.0,5.0,217.0,0.09,0.09,0.09,10000064,2015-09-23,2015-09-23,P,2.55,2015-02-27
13124,2015-04-08 13:45:00,2015-04-08,0.09,0.0,0.0,217.0,0.09,0.09,0.09,10000064,2015-09-23,2015-09-23,P,2.55,2015-02-27
13125,2015-04-08 13:46:00,2015-04-08,0.09,0.0,0.0,217.0,0.09,0.09,0.09,10000064,2015-09-23,2015-09-23,P,2.55,2015-02-27
13126,2015-04-08 13:47:00,2015-04-08,0.09,0.0,0.0,217.0,0.09,0.09,0.09,10000064,2015-09-23,2015-09-23,P,2.55,2015-02-27
13127,2015-04-08 13:48:00,2015-04-08,0.09,0.0,0.0,217.0,0.09,0.09,0.09,10000064,2015-09-23,2015-09-23,P,2.55,2015-02-27
13128,2015-04-08 13:49:00,2015-04-08,0.09,0.0,0.0,217.0,0.09,0.09,0.09,10000064,2015-09-23,2015-09-23,P,2.55,2015-02-27
13129,2015-04-08 13:50:00,2015-04-08,0.09,0.0,0.0,217.0,0.09,0.09,0.09,10000064,2015-09-23,2015-09-23,P,2.55,2015-02-27
13130,2015-04-08 13:51:00,2015-04-08,0.09,0.0,0.0,217.0,0.09,0.09,0.09,10000064,2015-09-23,2015-09-23,P,2.55,2015-02-27
13131,2015-04-08 13:52:00,2015-04-08,0.09,0.0,0.0,217.0,0.09,0.09,0.09,10000064,2015-09-23,2015-09-23,P,2.55,2015-02-27
13132,2015-04-08 13:53:00,2015-04-08,0.09,0.0,0.0,217.0,0.09,0.09,0.09,10000064,2015-09-23,2015-09-23,P,2.55,2015-02-27
13133,2015-04-08 13:54:00,2015-04-08,0.09,0.0,0.0,217.0,0.09,0.09,0.09,10000064,2015-09-23,2015-09-23,P,2.55,2015-02-27
13134,2015-04-08 13:55:00,2015-04-08,0.09,0.0,0.0,217.0,0.09,0.09,0.09,10000064,2015-09-23,2015-09-23,P,2.55,2015-02-27
13135,2015-04-08 13:56:00,2015-04-08,0.09,0.0,0.0,217.0,0.09,0.09,0.09,10000064,2015-09-23,2015-09-23,P,2.55,2015-02-27
13136,2015-04-08 13:57:00,2015-04-08,0.09,0.0,0.0,217.0,0.09,0.09,0.09,10000064,2015-09-23,2015-09-23,P,2.55,2015-02-27
13137,2015-04-08 13:58:00,2015-04-08,0.09,0.0,0.0,217.0,0.09,0.09,0.09,10000064,2015-09-23,2015-09-23,P,2.55,2015-02-27
13138,2015-04-08 13:59:00,2015-04-08,0.09,0.0,0.0,217.0,0.09,0.09,0.09,10000064,2015-09-23,2015-09-23,P,2.55,2015-02-27
13139,2015-04-08 14:00:00,2015-04-08,0.09,0.0,0.0,217.0,0.09,0.09,0.09,10000064,2015-09-23,2015-09-23,P,2.55,2015-02-27
13140,2015-04-08 14:01:00,2015-04-08,0.09,0.0,0.0,217.0,0.09,0.09,0.09,10000064,2015-09-23,2015-09-23,P,2.55,2015-02-27
13141,2015-04-08 14:02:00,2015-04-08,0.09,0.0,0.0,217.0,0.09,0.09,0.09,10000064,2015-09-23,2015-09-23,P,2.55,2015-02-27
13142,2015-04-08 14:03:00,2015-04-08,0.09,0.0,0.0,217.0,0.09,0.09,0.09,10000064,2015-09-23,2015-09-23,P,2.55,2015-02-27
13143,2015-04-08 14:04:00,2015-04-08,0.09,0.0,0.0,217.0,0.09,0.09,0.09,10000064,2015-09-23,2015-09-23,P,2.55,2015-02-27
13144,2015-04-08 14:05:00,2015-04-08,0.09,0.0,0.0,217.0,0.09,0.09,0.09,10000064,2015-09-23,2015-09-23,P,2.55,2015-02-27
13145,2015-04-08 14:06:00,2015-04-08,0.09,0.0,0.0,217.0,0.09,0.09,0.09,10000064,2015-09-23,2015-09-23,P,2.55,2015-02-27
13146,2015-04-08 14:07:00,2015-04-08,0.09,0.0,0.0,217.0,0.09,0.09,0.09,10000064,2015-09-23,2015-09-23,P,2.55,2015-02-27
13147,2015-04-08 14:08:00,2015-04-08,0.09,0.0,0.0,217.0,0.09,0.09,0.09,10000064,2015-09-23,2015-09-23,P,2.55,2015-02-27
13148,2015-04-08 14:09:00,2015-04-08,0.09,0.0,0.0,217.0,0.09,0.09,0.09,10000064,2015-09-23,2015-09-23,P,2.55,2015-02-27
13149,2015-04-08 14:10:00,2015-04-08,0.09,0.0,0.0,217.0,0.09,0.09,0.09,10000064,2015-09-23,2015-09-23,P,2.55,2015-02-27
13150,2015-04-08 14:11:00,2015-04-08,0.09,0.0,0.0,217.0,0.09,0.09,0.09,10000064,2015-09-23,2015-09-23,P,2.55,2015-02-27
13151,2015-04-08 14:12:00,2015-04-08,0.09,0.0,0.0,217.0,0.09,0.09,0.09,10000064,2015-09-23,2015-09-23,P,2.55,2015-02-27
13152,2015-04-08 14:13:00,2015-04-08,0.09,0.0,0.0,217.0,0.09,0.09,0.09,10000064,2015-09-23,2015-09-23,P,2.55,2015-02-27
13153,2015-04-08 14:14:00,2015-04-08,0.09,0.0,0.0,217.0,0.09,0.09,0.09,10000064,2015-09-23,2015-09-23,P,2.55,2015-02-27
13154,2015-04-08 14:15:00,2015-04-08,0.09,0.0,0.0,217.0,0.09,0.09,0.09,10000064,2015-09-23,2015-09-23,P,2.55,2015-02-27
13155,2015-04-08 14:16:00,2015-04-08,0.09,0.0,0.0,217.0,0.09,0.09,0.09,10000064,2015-09-23,2015-09-23,P,2.55,2015-02-27
13156,2015-04-08 14:17:00,2015-04-08,0.09,0.0,0.0,217.0,0.09,0.09,0.09,10000064,2015-09-23,2015-09-23,P,2.55,2015-02-27
13157,2015-04-08 14:18:00,2015-04-08,0.09,0.0,0.0,217.0,0.09,0.09,0.09,10000064,2015-09-23,2015-09-23,P,2.55,2015-02-27
13158,2015-04-08 14:19:00,2015-04-08,0.09,0.0,0.0,217.0,0.09,0.09,0.09,10000064,2015-09-23,2015-09-23,P,2.55,2015-02-27
13159,2015-04-08 14:20:00,2015-04-08,0.09,0.0,0.0,217.0,0.09,0.09,0.09,10000064,2015-09-23,2015-09-23,P,2.55,2015-02-27
13160,2015-04-08 14:21:00,2015-04-08,0.09,0.0,0.0,217.0,0.09,0.09,0.09,10000064,2015-09-23,2015-09-23,P,2.55,2015-02-27
13161,2015-04-08 14:22:00,2015-04-08,0.09,0.0,0.0,217.0,0.09,0.09,0.09,10000064,2015-09-23,2015-09-23,P,2.55,2015-02-27
13162,2015-04-08 14:23:00,2015-04-08,0.09,0.0,0.0,217.0,0.09,0.09,0.09,10000064,2015-09-23,2015-09-23,P,2.55,2015-02-27
13163,2015-04-08 14:24:00,2015-04-08,0.09,0.0,0.0,217.0,0.09,0.09,0.09,10000064,2015-09-23,2015-09-23,P,2.55,2015-02-27
13164,2015-04-08 14:25:00,2015-04-08,0.09,0.0,0.0,217.0,0.09,0.09,0.09,10000064,2015-09-23,2015-09-23,P,2.55,2015-02-27
13165,2015-04-08 14:26:00,2015-04-08,0.09,0.0,0.0,217.0,0.09,0.09,0.09,10000064,2015-09-23,2015-09-23,P,2.55,2015-02-27
13166,2015-04-08 14:27:00,2015-04-08,0.09,0.0,0.0,217.0,0.09,0.09,0.09,10000064,2015-09-23,2015-09-23,P,2.55,2015-02-27
13167,2015-04-08 14:28:00,2015-04-08,0.09,0.0,0.0,217.0,0.09,0.09,0.09,10000064,2015-09-23,2015-09-23,P,2.55,2015-02-27
13168,2015-04-08 14:29:00,2015-04-08,0.09,0.0,0.0,217.0,0.09,0.09,0.09,10000064,2015-09-23,2015-09-23,P,2.55,2015-02-27
13169,2015-04-08 14:30:00,2015-04-08,0.09,0.0,0.0,217.0,0.09,0.09,0.09,10000064,2015-09-23,2015-09-23,P,2.55,2015-02-27
13170,2015-04-08 14:31:00,2015-04-08,0.09,0.0,0.0,217.0,0.09,0.09,0.09,10000064,2015-09-23,2015-09-23,P,2.55,2015-02-27
13171,2015-04-08 14:32:00,2015-04-08,0.09,0.0,0.0,217.0,0.09,0.09,0.09,10000064,2015-09-23,2015-09-23,P,2.55,2015-02-27
13172,2015-04-08 14:33:00,2015-04-08,0.09,0.0,0.0,217.0,0.09,0.09,0.09,10000064,2015-09-23,2015-09-23,P,2.55,2015-02-27
13173,2015-04-08 14:34:00,2015-04-08,0.09,0.0,0.0,217.0,0.09,0.09,0.09,10000064,2015-09-23,2015-09-23,P,2.55,2015-02-27
13174,2015-04-08 14:35:00,2015-04-08,0.09,0.0,0.0,217.0,0.09,0.09,0.09,10000064,2015-09-23,2015-09-23,P,2.55,2015-02-27
13175,2015-04-08 14:36:00,2015-04-08,0.09,0.0,0.0,217.0,0.09,0.09,0.09,10000064,2015-09-23,2015-09-23,P,2.55,2015-02-27
13176,2015-04-08 14:37:00,2015-04-08,0.09,0.0,0.0,217.0,0.09,0.09,0.09,10000064,2015-09-23,2015-09-23,P,2.55,2015-02-27
13177,2015-04-08 14:38:00,2015-04-08,0.09,0.0,0.0,217.0,0.09,0.09,0.09,10000064,2015-09-23,2015-09-23,P,2.55,2015-02-27
13178,2015-04-08 14:39:00,2015-04-08,0.09,0.0,0.0,217.0,0.09,0.09,0.09,10000064,2015-09-23,2015-09-23,P,2.55,2015-02-27
13179,2015-04-08 14:40:00,2015-04-08,0.09,0.0,0.0,217.0,0.09,0.09,0.09,10000064,2015-09-23,2015-09-23,P,2.55,2015-02-27
13180,2015-04-08 14:41:00,2015-04-08,0.09,0.0,0.0,217.0,0.09,0.09,0.09,10000064,2015-09-23,2015-09-23,P,2.55,2015-02-27
13181,2015-04-08 14:42:00,2015-04-08,0.09,0.0,0.0,217.0,0.09,0.09,0.09,10000064,2015-09-23,2015-09-23,P,2.55,2015-02-27
13182,2015-04-08 14:43:00,2015-04-08,0.09,0.0,0.0,217.0,0.09,0.09,0.09,10000064,2015-09-23,2015-09-23,P,2.55,2015-02-27
13183,2015-04-08 14:44:00,2015-04-08,0.09,0.0,0.0,217.0,0.09,0.09,0.09,10000064,2015-09-23,2015-09-23,P,2.55,2015-02-27
13184,2015-04-08 14:45:00,2015-04-08,0.09,0.0,0.0,217.0,0.09,0.09,0.09,10000064,2015-09-23,2015-09-23,P,2.55,2015-02-27
13185,2015-04-08 14:46:00,2015-04-08,0.09,0.0,0.0,217.0,0.09,0.09,0.09,10000064,2015-09-23,2015-09-23,P,2.55,2015-02-27
13186,2015-04-08 14:47:00,2015-04-08,0.09,0.0,0.0,217.0,0.09,0.09,0.09,10000064,2015-09-23,2015-09-23,P,2.55,2015-02-27
13187,2015-04-08 14:48:00,2015-04-08,0.09,0.0,0.0,217.0,0.09,0.09,0.09,10000064,2015-09-23,2015-09-23,P,2.55,2015-02-27
13188,2015-04-08 14:49:00,2015-04-08,0.09,0.0,0.0,217.0,0.09,0.09,0.09,10000064,2015-09-23,2015-09-23,P,2.55,2015-02-27
13189,2015-04-08 14:50:00,2015-04-08,0.09,0.0,0.0,217.0,0.09,0.09,0.09,10000064,2015-09-23,2015-09-23,P,2.55,2015-02-27
13190,2015-04-08 14:51:00,2015-04-08,0.09,0.0,0.0,217.0,0.09,0.09,0.09,10000064,2015-09-23,2015-09-23,P,2.55,2015-02-27
13191,2015-04-08 14:52:00,2015-04-08,0.09,0.0,0.0,217.0,0.09,0.09,0.09,10000064,2015-09-23,2015-09-23,P,2.55,2015-02-27
13192,2015-04-08 14:53:00,2015-04-08,0.09,0.0,0.0,217.0,0.09,0.09,0.09,10000064,2015-09-23,2015-09-23,P,2.55,2015-02-27
13193,2015-04-08 14:54:00,2015-04-08,0.09,0.0,0.0,217.0,0.09,0.09,0.09,10000064,2015-09-23,2015-09-23,P,2.55,2015-02-27
13194,2015-04-08 14:55:00,2015-04-08,0.09,0.0,0.0,217.0,0.09,0.09,0.09,10000064,2015-09-23,2015-09-23,P,2.55,2015-02-27
13195,2015-04-08 14:56:00,2015-04-08,0.09,0.0,0.0,217.0,0.09,0.09,0.09,10000064,2015-09-23,2015-09-23,P,2.55,2015-02-27
13196,2015-04-08 14:57:00,2015-04-08,0.09,0.0,0.0,217.0,0.09,0.09,0.09,10000064,2015-09-23,2015-09-23,P,2.55,2015-02-27
13197,2015-04-08 14:58:00,2015-04-08,0.09,0.0,0.0,217.0,0.09,0.09,0.09,10000064,2015-09-23,2015-09-23,P,2.55,2015-02-27
13198,2015-04-08 14:59:00,2015-04-08,0.09,0.0,0.0,217.0,0.09,0.09,0.09,10000064,2015-09-23,2015-09-23,P,2.55,2015-02-27
13199,2015-04-08 15:00:00,2015-04-08,0.09,0.0,0.0,217.0,0.09,0.09,0.09,10000064,2015-09-23,2015-09-23,P,2.55,2015-02-27
13200,2015-04-08 09:31:00,2015-04-08,0.225,26742.0,12.0,1152.0,0.2114,0.225,0.2114,10000075,2015-04-22,2015-04-22,C,2.65,2015-03-18
13201,2015-04-08 09:32:00,2015-04-08,0.2241,21810.0,10.0,1157.0,0.2241,0.2121,0.2121,10000075,2015-04-22,2015-04-22,C,2.65,2015-03-18
13202,2015-04-08 09:33:00,2015-04-08,0.2121,0.0,0.0,1157.0,0.2121,0.2121,0.2121,10000075,2015-04-22,2015-04-22,C,2.65,2015-03-18
13203,2015-04-08 09:34:00,2015-04-08,0.2197,10985.0,5.0,1162.0,0.2197,0.2197,0.2197,10000075,2015-04-22,2015-04-22,C,2.65,2015-03-18
13204,2015-04-08 09:35:00,2015-04-08,0.2188,10940.0,5.0,1167.0,0.2188,0.2188,0.2188,10000075,2015-04-22,2015-04-22,C,2.65,2015-03-18
13205,2015-04-08 09:36:00,2015-04-08,0.21,64861.0,31.0,1187.0,0.21,0.2086,0.2086,10000075,2015-04-22,2015-04-22,C,2.65,2015-03-18
13206,2015-04-08 09:37:00,2015-04-08,0.2073,49262.0,24.0,1192.0,0.2073,0.2047,0.2047,10000075,2015-04-22,2015-04-22,C,2.65,2015-03-18
13207,2015-04-08 09:38:00,2015-04-08,0.2047,0.0,0.0,1192.0,0.2047,0.2047,0.2047,10000075,2015-04-22,2015-04-22,C,2.65,2015-03-18
13208,2015-04-08 09:39:00,2015-04-08,0.2024,20240.0,10.0,1189.0,0.2024,0.2024,0.2024,10000075,2015-04-22,2015-04-22,C,2.65,2015-03-18
13209,2015-04-08 09:40:00,2015-04-08,0.2024,0.0,0.0,1189.0,0.2024,0.2024,0.2024,10000075,2015-04-22,2015-04-22,C,2.65,2015-03-18
13210,2015-04-08 09:41:00,2015-04-08,0.2024,0.0,0.0,1189.0,0.2024,0.2024,0.2024,10000075,2015-04-22,2015-04-22,C,2.65,2015-03-18
13211,2015-04-08 09:42:00,2015-04-08,0.2024,0.0,0.0,1189.0,0.2024,0.2024,0.2024,10000075,2015-04-22,2015-04-22,C,2.65,2015-03-18
13212,2015-04-08 09:43:00,2015-04-08,0.2024,0.0,0.0,1189.0,0.2024,0.2024,0.2024,10000075,2015-04-22,2015-04-22,C,2.65,2015-03-18
13213,2015-04-08 09:44:00,2015-04-08,0.2186,8672.0,4.0,1189.0,0.215,0.2186,0.215,10000075,2015-04-22,2015-04-22,C,2.65,2015-03-18
13214,2015-04-08 09:45:00,2015-04-08,0.215,2150.0,1.0,1190.0,0.215,0.215,0.215,10000075,2015-04-22,2015-04-22,C,2.65,2015-03-18
13215,2015-04-08 09:46:00,2015-04-08,0.2188,4376.0,2.0,1190.0,0.2188,0.2188,0.2188,10000075,2015-04-22,2015-04-22,C,2.65,2015-03-18
13216,2015-04-08 09:47:00,2015-04-08,0.2188,0.0,0.0,1190.0,0.2188,0.2188,0.2188,10000075,2015-04-22,2015-04-22,C,2.65,2015-03-18
13217,2015-04-08 09:48:00,2015-04-08,0.2188,0.0,0.0,1190.0,0.2188,0.2188,0.2188,10000075,2015-04-22,2015-04-22,C,2.65,2015-03-18
13218,2015-04-08 09:49:00,2015-04-08,0.2188,0.0,0.0,1190.0,0.2188,0.2188,0.2188,10000075,2015-04-22,2015-04-22,C,2.65,2015-03-18
13219,2015-04-08 09:50:00,2015-04-08,0.2188,0.0,0.0,1190.0,0.2188,0.2188,0.2188,10000075,2015-04-22,2015-04-22,C,2.65,2015-03-18
13220,2015-04-08 09:51:00,2015-04-08,0.2188,0.0,0.0,1190.0,0.2188,0.2188,0.2188,10000075,2015-04-22,2015-04-22,C,2.65,2015-03-18
13221,2015-04-08 09:52:00,2015-04-08,0.2188,0.0,0.0,1190.0,0.2188,0.2188,0.2188,10000075,2015-04-22,2015-04-22,C,2.65,2015-03-18
13222,2015-04-08 09:53:00,2015-04-08,0.2258,4496.0,2.0,1190.0,0.2238,0.2258,0.2238,10000075,2015-04-22,2015-04-22,C,2.65,2015-03-18
13223,2015-04-08 09:54:00,2015-04-08,0.2259,20331.0,9.0,1190.0,0.2259,0.2259,0.2259,10000075,2015-04-22,2015-04-22,C,2.65,2015-03-18
13224,2015-04-08 09:55:00,2015-04-08,0.2259,6777.0,3.0,1187.0,0.2259,0.2259,0.2259,10000075,2015-04-22,2015-04-22,C,2.65,2015-03-18
13225,2015-04-08 09:56:00,2015-04-08,0.2259,6777.0,3.0,1186.0,0.2259,0.2259,0.2259,10000075,2015-04-22,2015-04-22,C,2.65,2015-03-18
13226,2015-04-08 09:57:00,2015-04-08,0.2309,80211.0,35.0,1181.0,0.226,0.2309,0.226,10000075,2015-04-22,2015-04-22,C,2.65,2015-03-18
13227,2015-04-08 09:58:00,2015-04-08,0.2309,0.0,0.0,1181.0,0.2309,0.2309,0.2309,10000075,2015-04-22,2015-04-22,C,2.65,2015-03-18
13228,2015-04-08 09:59:00,2015-04-08,0.2351,32574.0,14.0,1173.0,0.2351,0.2317,0.2317,10000075,2015-04-22,2015-04-22,C,2.65,2015-03-18
13229,2015-04-08 10:00:00,2015-04-08,0.2317,0.0,0.0,1173.0,0.2317,0.2317,0.2317,10000075,2015-04-22,2015-04-22,C,2.65,2015-03-18
13230,2015-04-08 10:01:00,2015-04-08,0.2317,0.0,0.0,1173.0,0.2317,0.2317,0.2317,10000075,2015-04-22,2015-04-22,C,2.65,2015-03-18
13231,2015-04-08 10:02:00,2015-04-08,0.2317,0.0,0.0,1173.0,0.2317,0.2317,0.2317,10000075,2015-04-22,2015-04-22,C,2.65,2015-03-18
13232,2015-04-08 10:03:00,2015-04-08,0.2317,0.0,0.0,1173.0,0.2317,0.2317,0.2317,10000075,2015-04-22,2015-04-22,C,2.65,2015-03-18
13233,2015-04-08 10:04:00,2015-04-08,0.2317,0.0,0.0,1173.0,0.2317,0.2317,0.2317,10000075,2015-04-22,2015-04-22,C,2.65,2015-03-18
13234,2015-04-08 10:05:00,2015-04-08,0.2317,0.0,0.0,1173.0,0.2317,0.2317,0.2317,10000075,2015-04-22,2015-04-22,C,2.65,2015-03-18
13235,2015-04-08 10:06:00,2015-04-08,0.2317,0.0,0.0,1173.0,0.2317,0.2317,0.2317,10000075,2015-04-22,2015-04-22,C,2.65,2015-03-18
13236,2015-04-08 10:07:00,2015-04-08,0.2317,0.0,0.0,1173.0,0.2317,0.2317,0.2317,10000075,2015-04-22,2015-04-22,C,2.65,2015-03-18
13237,2015-04-08 10:08:00,2015-04-08,0.2317,0.0,0.0,1173.0,0.2317,0.2317,0.2317,10000075,2015-04-22,2015-04-22,C,2.65,2015-03-18
13238,2015-04-08 10:09:00,2015-04-08,0.2317,0.0,0.0,1173.0,0.2317,0.2317,0.2317,10000075,2015-04-22,2015-04-22,C,2.65,2015-03-18
13239,2015-04-08 10:10:00,2015-04-08,0.222,2220.0,1.0,1173.0,0.222,0.222,0.222,10000075,2015-04-22,2015-04-22,C,2.65,2015-03-18
13240,2015-04-08 10:11:00,2015-04-08,0.222,0.0,0.0,1173.0,0.222,0.222,0.222,10000075,2015-04-22,2015-04-22,C,2.65,2015-03-18
13241,2015-04-08 10:12:00,2015-04-08,0.222,0.0,0.0,1173.0,0.222,0.222,0.222,10000075,2015-04-22,2015-04-22,C,2.65,2015-03-18
13242,2015-04-08 10:13:00,2015-04-08,0.2131,4262.0,2.0,1171.0,0.2131,0.2131,0.2131,10000075,2015-04-22,2015-04-22,C,2.65,2015-03-18
13243,2015-04-08 10:14:00,2015-04-08,0.2117,4234.0,2.0,1169.0,0.2117,0.2117,0.2117,10000075,2015-04-22,2015-04-22,C,2.65,2015-03-18
13244,2015-04-08 10:15:00,2015-04-08,0.2117,0.0,0.0,1169.0,0.2117,0.2117,0.2117,10000075,2015-04-22,2015-04-22,C,2.65,2015-03-18
13245,2015-04-08 10:16:00,2015-04-08,0.2117,0.0,0.0,1169.0,0.2117,0.2117,0.2117,10000075,2015-04-22,2015-04-22,C,2.65,2015-03-18
13246,2015-04-08 10:17:00,2015-04-08,0.2117,0.0,0.0,1169.0,0.2117,0.2117,0.2117,10000075,2015-04-22,2015-04-22,C,2.65,2015-03-18
13247,2015-04-08 10:18:00,2015-04-08,0.2117,0.0,0.0,1169.0,0.2117,0.2117,0.2117,10000075,2015-04-22,2015-04-22,C,2.65,2015-03-18
13248,2015-04-08 10:19:00,2015-04-08,0.2117,0.0,0.0,1169.0,0.2117,0.2117,0.2117,10000075,2015-04-22,2015-04-22,C,2.65,2015-03-18
13249,2015-04-08 10:20:00,2015-04-08,0.2171,2171.0,1.0,1169.0,0.2171,0.2171,0.2171,10000075,2015-04-22,2015-04-22,C,2.65,2015-03-18
13250,2015-04-08 10:21:00,2015-04-08,0.2171,0.0,0.0,1169.0,0.2171,0.2171,0.2171,10000075,2015-04-22,2015-04-22,C,2.65,2015-03-18
13251,2015-04-08 10:22:00,2015-04-08,0.2171,0.0,0.0,1169.0,0.2171,0.2171,0.2171,10000075,2015-04-22,2015-04-22,C,2.65,2015-03-18
13252,2015-04-08 10:23:00,2015-04-08,0.2128,8512.0,4.0,1165.0,0.2128,0.2128,0.2128,10000075,2015-04-22,2015-04-22,C,2.65,2015-03-18
13253,2015-04-08 10:24:00,2015-04-08,0.2121,4242.0,2.0,1163.0,0.2121,0.2121,0.2121,10000075,2015-04-22,2015-04-22,C,2.65,2015-03-18
13254,2015-04-08 10:25:00,2015-04-08,0.2121,0.0,0.0,1163.0,0.2121,0.2121,0.2121,10000075,2015-04-22,2015-04-22,C,2.65,2015-03-18
13255,2015-04-08 10:26:00,2015-04-08,0.2121,0.0,0.0,1163.0,0.2121,0.2121,0.2121,10000075,2015-04-22,2015-04-22,C,2.65,2015-03-18
13256,2015-04-08 10:27:00,2015-04-08,0.2121,0.0,0.0,1163.0,0.2121,0.2121,0.2121,10000075,2015-04-22,2015-04-22,C,2.65,2015-03-18
13257,2015-04-08 10:28:00,2015-04-08,0.2121,0.0,0.0,1163.0,0.2121,0.2121,0.2121,10000075,2015-04-22,2015-04-22,C,2.65,2015-03-18
13258,2015-04-08 10:29:00,2015-04-08,0.2121,0.0,0.0,1163.0,0.2121,0.2121,0.2121,10000075,2015-04-22,2015-04-22,C,2.65,2015-03-18
13259,2015-04-08 10:30:00,2015-04-08,0.2121,0.0,0.0,1163.0,0.2121,0.2121,0.2121,10000075,2015-04-22,2015-04-22,C,2.65,2015-03-18
13260,2015-04-08 10:31:00,2015-04-08,0.2121,0.0,0.0,1163.0,0.2121,0.2121,0.2121,10000075,2015-04-22,2015-04-22,C,2.65,2015-03-18
13261,2015-04-08 10:32:00,2015-04-08,0.2121,0.0,0.0,1163.0,0.2121,0.2121,0.2121,10000075,2015-04-22,2015-04-22,C,2.65,2015-03-18
13262,2015-04-08 10:33:00,2015-04-08,0.2121,0.0,0.0,1163.0,0.2121,0.2121,0.2121,10000075,2015-04-22,2015-04-22,C,2.65,2015-03-18
13263,2015-04-08 10:34:00,2015-04-08,0.2121,0.0,0.0,1163.0,0.2121,0.2121,0.2121,10000075,2015-04-22,2015-04-22,C,2.65,2015-03-18
13264,2015-04-08 10:35:00,2015-04-08,0.2121,0.0,0.0,1163.0,0.2121,0.2121,0.2121,10000075,2015-04-22,2015-04-22,C,2.65,2015-03-18
13265,2015-04-08 10:36:00,2015-04-08,0.2302,2302.0,1.0,1162.0,0.2302,0.2302,0.2302,10000075,2015-04-22,2015-04-22,C,2.65,2015-03-18
13266,2015-04-08 10:37:00,2015-04-08,0.2302,2302.0,1.0,1161.0,0.2302,0.2302,0.2302,10000075,2015-04-22,2015-04-22,C,2.65,2015-03-18
13267,2015-04-08 10:38:00,2015-04-08,0.2302,4604.0,2.0,1159.0,0.2302,0.2302,0.2302,10000075,2015-04-22,2015-04-22,C,2.65,2015-03-18
13268,2015-04-08 10:39:00,2015-04-08,0.2302,11510.0,5.0,1154.0,0.2302,0.2302,0.2302,10000075,2015-04-22,2015-04-22,C,2.65,2015-03-18
13269,2015-04-08 10:40:00,2015-04-08,0.2302,2302.0,1.0,1153.0,0.2302,0.2302,0.2302,10000075,2015-04-22,2015-04-22,C,2.65,2015-03-18
13270,2015-04-08 10:41:00,2015-04-08,0.2302,0.0,0.0,1153.0,0.2302,0.2302,0.2302,10000075,2015-04-22,2015-04-22,C,2.65,2015-03-18
13271,2015-04-08 10:42:00,2015-04-08,0.2302,0.0,0.0,1153.0,0.2302,0.2302,0.2302,10000075,2015-04-22,2015-04-22,C,2.65,2015-03-18
13272,2015-04-08 10:43:00,2015-04-08,0.2302,0.0,0.0,1153.0,0.2302,0.2302,0.2302,10000075,2015-04-22,2015-04-22,C,2.65,2015-03-18
13273,2015-04-08 10:44:00,2015-04-08,0.2331,4662.0,2.0,1151.0,0.2331,0.2331,0.2331,10000075,2015-04-22,2015-04-22,C,2.65,2015-03-18
13274,2015-04-08 10:45:00,2015-04-08,0.2296,11480.0,5.0,1146.0,0.2296,0.2296,0.2296,10000075,2015-04-22,2015-04-22,C,2.65,2015-03-18
13275,2015-04-08 10:46:00,2015-04-08,0.2298,18384.0,8.0,1138.0,0.2298,0.2298,0.2298,10000075,2015-04-22,2015-04-22,C,2.65,2015-03-18
13276,2015-04-08 10:47:00,2015-04-08,0.2284,15988.0,7.0,1131.0,0.2284,0.2284,0.2284,10000075,2015-04-22,2015-04-22,C,2.65,2015-03-18
13277,2015-04-08 10:48:00,2015-04-08,0.2264,4531.0,2.0,1131.0,0.2264,0.2264,0.2264,10000075,2015-04-22,2015-04-22,C,2.65,2015-03-18
13278,2015-04-08 10:49:00,2015-04-08,0.2222,15554.0,7.0,1124.0,0.2222,0.2222,0.2222,10000075,2015-04-22,2015-04-22,C,2.65,2015-03-18
13279,2015-04-08 10:50:00,2015-04-08,0.2214,22140.0,10.0,1114.0,0.2214,0.2214,0.2214,10000075,2015-04-22,2015-04-22,C,2.65,2015-03-18
13280,2015-04-08 10:51:00,2015-04-08,0.22,2200.0,1.0,1115.0,0.22,0.22,0.22,10000075,2015-04-22,2015-04-22,C,2.65,2015-03-18
13281,2015-04-08 10:52:00,2015-04-08,0.2135,14945.0,7.0,1108.0,0.2135,0.2135,0.2135,10000075,2015-04-22,2015-04-22,C,2.65,2015-03-18
13282,2015-04-08 10:53:00,2015-04-08,0.212,2120.0,1.0,1109.0,0.212,0.212,0.212,10000075,2015-04-22,2015-04-22,C,2.65,2015-03-18
13283,2015-04-08 10:54:00,2015-04-08,0.212,0.0,0.0,1109.0,0.212,0.212,0.212,10000075,2015-04-22,2015-04-22,C,2.65,2015-03-18
13284,2015-04-08 10:55:00,2015-04-08,0.21,2100.0,1.0,1110.0,0.21,0.21,0.21,10000075,2015-04-22,2015-04-22,C,2.65,2015-03-18
13285,2015-04-08 10:56:00,2015-04-08,0.2098,2098.0,1.0,1110.0,0.2098,0.2098,0.2098,10000075,2015-04-22,2015-04-22,C,2.65,2015-03-18
13286,2015-04-08 10:57:00,2015-04-08,0.2098,4196.0,2.0,1112.0,0.2098,0.2098,0.2098,10000075,2015-04-22,2015-04-22,C,2.65,2015-03-18
13287,2015-04-08 10:58:00,2015-04-08,0.2098,0.0,0.0,1112.0,0.2098,0.2098,0.2098,10000075,2015-04-22,2015-04-22,C,2.65,2015-03-18
13288,2015-04-08 10:59:00,2015-04-08,0.2011,2011.0,1.0,1112.0,0.2011,0.2011,0.2011,10000075,2015-04-22,2015-04-22,C,2.65,2015-03-18
13289,2015-04-08 11:00:00,2015-04-08,0.2011,0.0,0.0,1112.0,0.2011,0.2011,0.2011,10000075,2015-04-22,2015-04-22,C,2.65,2015-03-18
13290,2015-04-08 11:01:00,2015-04-08,0.21,14700.0,7.0,1107.0,0.21,0.21,0.21,10000075,2015-04-22,2015-04-22,C,2.65,2015-03-18
13291,2015-04-08 11:02:00,2015-04-08,0.21,0.0,0.0,1107.0,0.21,0.21,0.21,10000075,2015-04-22,2015-04-22,C,2.65,2015-03-18
13292,2015-04-08 11:03:00,2015-04-08,0.212,21200.0,10.0,1117.0,0.212,0.212,0.212,10000075,2015-04-22,2015-04-22,C,2.65,2015-03-18
13293,2015-04-08 11:04:00,2015-04-08,0.2053,4106.0,2.0,1115.0,0.2053,0.2053,0.2053,10000075,2015-04-22,2015-04-22,C,2.65,2015-03-18
13294,2015-04-08 11:05:00,2015-04-08,0.2053,2053.0,1.0,1114.0,0.2053,0.2053,0.2053,10000075,2015-04-22,2015-04-22,C,2.65,2015-03-18
13295,2015-04-08 11:06:00,2015-04-08,0.2072,2072.0,1.0,1114.0,0.2072,0.2072,0.2072,10000075,2015-04-22,2015-04-22,C,2.65,2015-03-18
13296,2015-04-08 11:07:00,2015-04-08,0.2072,0.0,0.0,1114.0,0.2072,0.2072,0.2072,10000075,2015-04-22,2015-04-22,C,2.65,2015-03-18
13297,2015-04-08 11:08:00,2015-04-08,0.2072,0.0,0.0,1114.0,0.2072,0.2072,0.2072,10000075,2015-04-22,2015-04-22,C,2.65,2015-03-18
13298,2015-04-08 11:09:00,2015-04-08,0.2072,4125.0,2.0,1114.0,0.2072,0.2053,0.2053,10000075,2015-04-22,2015-04-22,C,2.65,2015-03-18
13299,2015-04-08 11:10:00,2015-04-08,0.21,2100.0,1.0,1115.0,0.21,0.21,0.21,10000075,2015-04-22,2015-04-22,C,2.65,2015-03-18
13300,2015-04-08 11:11:00,2015-04-08,0.21,0.0,0.0,1115.0,0.21,0.21,0.21,10000075,2015-04-22,2015-04-22,C,2.65,2015-03-18
13301,2015-04-08 11:12:00,2015-04-08,0.21,0.0,0.0,1115.0,0.21,0.21,0.21,10000075,2015-04-22,2015-04-22,C,2.65,2015-03-18
13302,2015-04-08 11:13:00,2015-04-08,0.2053,20530.0,10.0,1110.0,0.2053,0.2053,0.2053,10000075,2015-04-22,2015-04-22,C,2.65,2015-03-18
13303,2015-04-08 11:14:00,2015-04-08,0.2053,123180.0,60.0,1050.0,0.2053,0.2053,0.2053,10000075,2015-04-22,2015-04-22,C,2.65,2015-03-18
13304,2015-04-08 11:15:00,2015-04-08,0.2053,0.0,0.0,1050.0,0.2053,0.2053,0.2053,10000075,2015-04-22,2015-04-22,C,2.65,2015-03-18
13305,2015-04-08 11:16:00,2015-04-08,0.2102,6306.0,3.0,1049.0,0.2102,0.2102,0.2102,10000075,2015-04-22,2015-04-22,C,2.65,2015-03-18
13306,2015-04-08 11:17:00,2015-04-08,0.2102,0.0,0.0,1049.0,0.2102,0.2102,0.2102,10000075,2015-04-22,2015-04-22,C,2.65,2015-03-18
13307,2015-04-08 11:18:00,2015-04-08,0.2133,12674.0,6.0,1047.0,0.2102,0.2133,0.2102,10000075,2015-04-22,2015-04-22,C,2.65,2015-03-18
13308,2015-04-08 11:19:00,2015-04-08,0.2102,10510.0,5.0,1052.0,0.2102,0.2102,0.2102,10000075,2015-04-22,2015-04-22,C,2.65,2015-03-18
13309,2015-04-08 11:20:00,2015-04-08,0.2102,0.0,0.0,1052.0,0.2102,0.2102,0.2102,10000075,2015-04-22,2015-04-22,C,2.65,2015-03-18
13310,2015-04-08 11:21:00,2015-04-08,0.2102,0.0,0.0,1052.0,0.2102,0.2102,0.2102,10000075,2015-04-22,2015-04-22,C,2.65,2015-03-18
13311,2015-04-08 11:22:00,2015-04-08,0.2102,0.0,0.0,1052.0,0.2102,0.2102,0.2102,10000075,2015-04-22,2015-04-22,C,2.65,2015-03-18
13312,2015-04-08 11:23:00,2015-04-08,0.2102,0.0,0.0,1052.0,0.2102,0.2102,0.2102,10000075,2015-04-22,2015-04-22,C,2.65,2015-03-18
13313,2015-04-08 11:24:00,2015-04-08,0.2102,0.0,0.0,1052.0,0.2102,0.2102,0.2102,10000075,2015-04-22,2015-04-22,C,2.65,2015-03-18
13314,2015-04-08 11:25:00,2015-04-08,0.215,2150.0,1.0,1051.0,0.215,0.215,0.215,10000075,2015-04-22,2015-04-22,C,2.65,2015-03-18
13315,2015-04-08 11:26:00,2015-04-08,0.215,0.0,0.0,1051.0,0.215,0.215,0.215,10000075,2015-04-22,2015-04-22,C,2.65,2015-03-18
13316,2015-04-08 11:27:00,2015-04-08,0.215,0.0,0.0,1051.0,0.215,0.215,0.215,10000075,2015-04-22,2015-04-22,C,2.65,2015-03-18
13317,2015-04-08 11:28:00,2015-04-08,0.215,0.0,0.0,1051.0,0.215,0.215,0.215,10000075,2015-04-22,2015-04-22,C,2.65,2015-03-18
13318,2015-04-08 11:29:00,2015-04-08,0.23,4600.0,2.0,1049.0,0.23,0.23,0.23,10000075,2015-04-22,2015-04-22,C,2.65,2015-03-18
13319,2015-04-08 11:30:00,2015-04-08,0.2319,9238.0,4.0,1048.0,0.23,0.2319,0.23,10000075,2015-04-22,2015-04-22,C,2.65,2015-03-18
13320,2015-04-08 13:01:00,2015-04-08,0.239,117430.0,50.0,1038.0,0.2319,0.239,0.2319,10000075,2015-04-22,2015-04-22,C,2.65,2015-03-18
13321,2015-04-08 13:02:00,2015-04-08,0.239,0.0,0.0,1038.0,0.239,0.239,0.239,10000075,2015-04-22,2015-04-22,C,2.65,2015-03-18
13322,2015-04-08 13:03:00,2015-04-08,0.239,0.0,0.0,1038.0,0.239,0.239,0.239,10000075,2015-04-22,2015-04-22,C,2.65,2015-03-18
13323,2015-04-08 13:04:00,2015-04-08,0.239,0.0,0.0,1038.0,0.239,0.239,0.239,10000075,2015-04-22,2015-04-22,C,2.65,2015-03-18
13324,2015-04-08 13:05:00,2015-04-08,0.239,0.0,0.0,1038.0,0.239,0.239,0.239,10000075,2015-04-22,2015-04-22,C,2.65,2015-03-18
13325,2015-04-08 13:06:00,2015-04-08,0.239,0.0,0.0,1038.0,0.239,0.239,0.239,10000075,2015-04-22,2015-04-22,C,2.65,2015-03-18
13326,2015-04-08 13:07:00,2015-04-08,0.2408,4816.0,2.0,1040.0,0.2408,0.2408,0.2408,10000075,2015-04-22,2015-04-22,C,2.65,2015-03-18
13327,2015-04-08 13:08:00,2015-04-08,0.2408,0.0,0.0,1040.0,0.2408,0.2408,0.2408,10000075,2015-04-22,2015-04-22,C,2.65,2015-03-18
13328,2015-04-08 13:09:00,2015-04-08,0.2408,0.0,0.0,1040.0,0.2408,0.2408,0.2408,10000075,2015-04-22,2015-04-22,C,2.65,2015-03-18
13329,2015-04-08 13:10:00,2015-04-08,0.2408,0.0,0.0,1040.0,0.2408,0.2408,0.2408,10000075,2015-04-22,2015-04-22,C,2.65,2015-03-18
13330,2015-04-08 13:11:00,2015-04-08,0.2408,0.0,0.0,1040.0,0.2408,0.2408,0.2408,10000075,2015-04-22,2015-04-22,C,2.65,2015-03-18
13331,2015-04-08 13:12:00,2015-04-08,0.2408,0.0,0.0,1040.0,0.2408,0.2408,0.2408,10000075,2015-04-22,2015-04-22,C,2.65,2015-03-18
13332,2015-04-08 13:13:00,2015-04-08,0.2408,0.0,0.0,1040.0,0.2408,0.2408,0.2408,10000075,2015-04-22,2015-04-22,C,2.65,2015-03-18
13333,2015-04-08 13:14:00,2015-04-08,0.2408,0.0,0.0,1040.0,0.2408,0.2408,0.2408,10000075,2015-04-22,2015-04-22,C,2.65,2015-03-18
13334,2015-04-08 13:15:00,2015-04-08,0.2408,0.0,0.0,1040.0,0.2408,0.2408,0.2408,10000075,2015-04-22,2015-04-22,C,2.65,2015-03-18
13335,2015-04-08 13:16:00,2015-04-08,0.2408,0.0,0.0,1040.0,0.2408,0.2408,0.2408,10000075,2015-04-22,2015-04-22,C,2.65,2015-03-18
13336,2015-04-08 13:17:00,2015-04-08,0.2408,0.0,0.0,1040.0,0.2408,0.2408,0.2408,10000075,2015-04-22,2015-04-22,C,2.65,2015-03-18
13337,2015-04-08 13:18:00,2015-04-08,0.2497,7417.0,3.0,1040.0,0.246,0.2497,0.246,10000075,2015-04-22,2015-04-22,C,2.65,2015-03-18
13338,2015-04-08 13:19:00,2015-04-08,0.2497,0.0,0.0,1040.0,0.2497,0.2497,0.2497,10000075,2015-04-22,2015-04-22,C,2.65,2015-03-18
13339,2015-04-08 13:20:00,2015-04-08,0.2497,0.0,0.0,1040.0,0.2497,0.2497,0.2497,10000075,2015-04-22,2015-04-22,C,2.65,2015-03-18
13340,2015-04-08 13:21:00,2015-04-08,0.2664,2664.0,1.0,1039.0,0.2664,0.2664,0.2664,10000075,2015-04-22,2015-04-22,C,2.65,2015-03-18
13341,2015-04-08 13:22:00,2015-04-08,0.2664,0.0,0.0,1039.0,0.2664,0.2664,0.2664,10000075,2015-04-22,2015-04-22,C,2.65,2015-03-18
13342,2015-04-08 13:23:00,2015-04-08,0.266,5319.0,2.0,1041.0,0.2659,0.266,0.2659,10000075,2015-04-22,2015-04-22,C,2.65,2015-03-18
13343,2015-04-08 13:24:00,2015-04-08,0.2559,2559.0,1.0,1041.0,0.2559,0.2559,0.2559,10000075,2015-04-22,2015-04-22,C,2.65,2015-03-18
13344,2015-04-08 13:25:00,2015-04-08,0.255,12750.0,5.0,1041.0,0.255,0.255,0.255,10000075,2015-04-22,2015-04-22,C,2.65,2015-03-18
13345,2015-04-08 13:26:00,2015-04-08,0.255,0.0,0.0,1041.0,0.255,0.255,0.255,10000075,2015-04-22,2015-04-22,C,2.65,2015-03-18
13346,2015-04-08 13:27:00,2015-04-08,0.255,0.0,0.0,1041.0,0.255,0.255,0.255,10000075,2015-04-22,2015-04-22,C,2.65,2015-03-18
13347,2015-04-08 13:28:00,2015-04-08,0.255,0.0,0.0,1041.0,0.255,0.255,0.255,10000075,2015-04-22,2015-04-22,C,2.65,2015-03-18
13348,2015-04-08 13:29:00,2015-04-08,0.255,0.0,0.0,1041.0,0.255,0.255,0.255,10000075,2015-04-22,2015-04-22,C,2.65,2015-03-18
13349,2015-04-08 13:30:00,2015-04-08,0.262,2620.0,1.0,1040.0,0.262,0.262,0.262,10000075,2015-04-22,2015-04-22,C,2.65,2015-03-18
13350,2015-04-08 13:31:00,2015-04-08,0.265,5280.0,2.0,1038.0,0.263,0.265,0.263,10000075,2015-04-22,2015-04-22,C,2.65,2015-03-18
13351,2015-04-08 13:32:00,2015-04-08,0.2599,7781.0,3.0,1039.0,0.2599,0.2583,0.2583,10000075,2015-04-22,2015-04-22,C,2.65,2015-03-18
13352,2015-04-08 13:33:00,2015-04-08,0.2583,0.0,0.0,1039.0,0.2583,0.2583,0.2583,10000075,2015-04-22,2015-04-22,C,2.65,2015-03-18
13353,2015-04-08 13:34:00,2015-04-08,0.2583,0.0,0.0,1039.0,0.2583,0.2583,0.2583,10000075,2015-04-22,2015-04-22,C,2.65,2015-03-18
13354,2015-04-08 13:35:00,2015-04-08,0.2583,0.0,0.0,1039.0,0.2583,0.2583,0.2583,10000075,2015-04-22,2015-04-22,C,2.65,2015-03-18
13355,2015-04-08 13:36:00,2015-04-08,0.2583,0.0,0.0,1039.0,0.2583,0.2583,0.2583,10000075,2015-04-22,2015-04-22,C,2.65,2015-03-18
13356,2015-04-08 13:37:00,2015-04-08,0.2565,25650.0,10.0,1039.0,0.2565,0.2565,0.2565,10000075,2015-04-22,2015-04-22,C,2.65,2015-03-18
13357,2015-04-08 13:38:00,2015-04-08,0.2565,0.0,0.0,1039.0,0.2565,0.2565,0.2565,10000075,2015-04-22,2015-04-22,C,2.65,2015-03-18
13358,2015-04-08 13:39:00,2015-04-08,0.2644,26440.0,10.0,1047.0,0.2644,0.2644,0.2644,10000075,2015-04-22,2015-04-22,C,2.65,2015-03-18
13359,2015-04-08 13:40:00,2015-04-08,0.2636,5272.0,2.0,1049.0,0.2636,0.2636,0.2636,10000075,2015-04-22,2015-04-22,C,2.65,2015-03-18
13360,2015-04-08 13:41:00,2015-04-08,0.2541,2541.0,1.0,1050.0,0.2541,0.2541,0.2541,10000075,2015-04-22,2015-04-22,C,2.65,2015-03-18
13361,2015-04-08 13:42:00,2015-04-08,0.2541,10164.0,4.0,1052.0,0.2541,0.2541,0.2541,10000075,2015-04-22,2015-04-22,C,2.65,2015-03-18
13362,2015-04-08 13:43:00,2015-04-08,0.2535,30446.0,12.0,1059.0,0.2535,0.2533,0.2533,10000075,2015-04-22,2015-04-22,C,2.65,2015-03-18
13363,2015-04-08 13:44:00,2015-04-08,0.252,25200.0,10.0,1059.0,0.252,0.252,0.252,10000075,2015-04-22,2015-04-22,C,2.65,2015-03-18
13364,2015-04-08 13:45:00,2015-04-08,0.2537,2537.0,1.0,1059.0,0.2537,0.2537,0.2537,10000075,2015-04-22,2015-04-22,C,2.65,2015-03-18
13365,2015-04-08 13:46:00,2015-04-08,0.2537,0.0,0.0,1059.0,0.2537,0.2537,0.2537,10000075,2015-04-22,2015-04-22,C,2.65,2015-03-18
13366,2015-04-08 13:47:00,2015-04-08,0.2537,0.0,0.0,1059.0,0.2537,0.2537,0.2537,10000075,2015-04-22,2015-04-22,C,2.65,2015-03-18
13367,2015-04-08 13:48:00,2015-04-08,0.2629,5258.0,2.0,1059.0,0.2629,0.2629,0.2629,10000075,2015-04-22,2015-04-22,C,2.65,2015-03-18
13368,2015-04-08 13:49:00,2015-04-08,0.2571,2571.0,1.0,1058.0,0.2571,0.2571,0.2571,10000075,2015-04-22,2015-04-22,C,2.65,2015-03-18
13369,2015-04-08 13:50:00,2015-04-08,0.2571,0.0,0.0,1058.0,0.2571,0.2571,0.2571,10000075,2015-04-22,2015-04-22,C,2.65,2015-03-18
13370,2015-04-08 13:51:00,2015-04-08,0.2571,0.0,0.0,1058.0,0.2571,0.2571,0.2571,10000075,2015-04-22,2015-04-22,C,2.65,2015-03-18
13371,2015-04-08 13:52:00,2015-04-08,0.2571,0.0,0.0,1058.0,0.2571,0.2571,0.2571,10000075,2015-04-22,2015-04-22,C,2.65,2015-03-18
13372,2015-04-08 13:53:00,2015-04-08,0.2571,0.0,0.0,1058.0,0.2571,0.2571,0.2571,10000075,2015-04-22,2015-04-22,C,2.65,2015-03-18
13373,2015-04-08 13:54:00,2015-04-08,0.2571,0.0,0.0,1058.0,0.2571,0.2571,0.2571,10000075,2015-04-22,2015-04-22,C,2.65,2015-03-18
13374,2015-04-08 13:55:00,2015-04-08,0.2571,0.0,0.0,1058.0,0.2571,0.2571,0.2571,10000075,2015-04-22,2015-04-22,C,2.65,2015-03-18
13375,2015-04-08 13:56:00,2015-04-08,0.2571,0.0,0.0,1058.0,0.2571,0.2571,0.2571,10000075,2015-04-22,2015-04-22,C,2.65,2015-03-18
13376,2015-04-08 13:57:00,2015-04-08,0.2571,0.0,0.0,1058.0,0.2571,0.2571,0.2571,10000075,2015-04-22,2015-04-22,C,2.65,2015-03-18
13377,2015-04-08 13:58:00,2015-04-08,0.26,2600.0,1.0,1057.0,0.26,0.26,0.26,10000075,2015-04-22,2015-04-22,C,2.65,2015-03-18
13378,2015-04-08 13:59:00,2015-04-08,0.2649,5289.0,2.0,1056.0,0.264,0.2649,0.264,10000075,2015-04-22,2015-04-22,C,2.65,2015-03-18
13379,2015-04-08 14:00:00,2015-04-08,0.2649,0.0,0.0,1056.0,0.2649,0.2649,0.2649,10000075,2015-04-22,2015-04-22,C,2.65,2015-03-18
13380,2015-04-08 14:01:00,2015-04-08,0.2649,0.0,0.0,1056.0,0.2649,0.2649,0.2649,10000075,2015-04-22,2015-04-22,C,2.65,2015-03-18
13381,2015-04-08 14:02:00,2015-04-08,0.2649,0.0,0.0,1056.0,0.2649,0.2649,0.2649,10000075,2015-04-22,2015-04-22,C,2.65,2015-03-18
13382,2015-04-08 14:03:00,2015-04-08,0.2649,0.0,0.0,1056.0,0.2649,0.2649,0.2649,10000075,2015-04-22,2015-04-22,C,2.65,2015-03-18
13383,2015-04-08 14:04:00,2015-04-08,0.26,28590.0,11.0,1066.0,0.26,0.2599,0.2599,10000075,2015-04-22,2015-04-22,C,2.65,2015-03-18
13384,2015-04-08 14:05:00,2015-04-08,0.2599,0.0,0.0,1066.0,0.2599,0.2599,0.2599,10000075,2015-04-22,2015-04-22,C,2.65,2015-03-18
13385,2015-04-08 14:06:00,2015-04-08,0.2599,0.0,0.0,1066.0,0.2599,0.2599,0.2599,10000075,2015-04-22,2015-04-22,C,2.65,2015-03-18
13386,2015-04-08 14:07:00,2015-04-08,0.2599,0.0,0.0,1066.0,0.2599,0.2599,0.2599,10000075,2015-04-22,2015-04-22,C,2.65,2015-03-18
13387,2015-04-08 14:08:00,2015-04-08,0.2599,0.0,0.0,1066.0,0.2599,0.2599,0.2599,10000075,2015-04-22,2015-04-22,C,2.65,2015-03-18
13388,2015-04-08 14:09:00,2015-04-08,0.26,7793.0,3.0,1065.0,0.2596,0.26,0.2596,10000075,2015-04-22,2015-04-22,C,2.65,2015-03-18
13389,2015-04-08 14:10:00,2015-04-08,0.26,5200.0,2.0,1065.0,0.26,0.26,0.26,10000075,2015-04-22,2015-04-22,C,2.65,2015-03-18
13390,2015-04-08 14:11:00,2015-04-08,0.26,0.0,0.0,1065.0,0.26,0.26,0.26,10000075,2015-04-22,2015-04-22,C,2.65,2015-03-18
13391,2015-04-08 14:12:00,2015-04-08,0.2628,2628.0,1.0,1065.0,0.2628,0.2628,0.2628,10000075,2015-04-22,2015-04-22,C,2.65,2015-03-18
13392,2015-04-08 14:13:00,2015-04-08,0.2628,0.0,0.0,1065.0,0.2628,0.2628,0.2628,10000075,2015-04-22,2015-04-22,C,2.65,2015-03-18
13393,2015-04-08 14:14:00,2015-04-08,0.2628,0.0,0.0,1065.0,0.2628,0.2628,0.2628,10000075,2015-04-22,2015-04-22,C,2.65,2015-03-18
13394,2015-04-08 14:15:00,2015-04-08,0.2628,0.0,0.0,1065.0,0.2628,0.2628,0.2628,10000075,2015-04-22,2015-04-22,C,2.65,2015-03-18
13395,2015-04-08 14:16:00,2015-04-08,0.2575,15450.0,6.0,1071.0,0.2575,0.2575,0.2575,10000075,2015-04-22,2015-04-22,C,2.65,2015-03-18
13396,2015-04-08 14:17:00,2015-04-08,0.2575,0.0,0.0,1071.0,0.2575,0.2575,0.2575,10000075,2015-04-22,2015-04-22,C,2.65,2015-03-18
13397,2015-04-08 14:18:00,2015-04-08,0.2533,2533.0,1.0,1071.0,0.2533,0.2533,0.2533,10000075,2015-04-22,2015-04-22,C,2.65,2015-03-18
13398,2015-04-08 14:19:00,2015-04-08,0.2533,17680.0,7.0,1078.0,0.2533,0.2523,0.2523,10000075,2015-04-22,2015-04-22,C,2.65,2015-03-18
13399,2015-04-08 14:20:00,2015-04-08,0.2523,0.0,0.0,1078.0,0.2523,0.2523,0.2523,10000075,2015-04-22,2015-04-22,C,2.65,2015-03-18
13400,2015-04-08 14:21:00,2015-04-08,0.2523,0.0,0.0,1078.0,0.2523,0.2523,0.2523,10000075,2015-04-22,2015-04-22,C,2.65,2015-03-18
13401,2015-04-08 14:22:00,2015-04-08,0.2523,0.0,0.0,1078.0,0.2523,0.2523,0.2523,10000075,2015-04-22,2015-04-22,C,2.65,2015-03-18
13402,2015-04-08 14:23:00,2015-04-08,0.2397,23970.0,10.0,1078.0,0.2397,0.2397,0.2397,10000075,2015-04-22,2015-04-22,C,2.65,2015-03-18
13403,2015-04-08 14:24:00,2015-04-08,0.2397,0.0,0.0,1078.0,0.2397,0.2397,0.2397,10000075,2015-04-22,2015-04-22,C,2.65,2015-03-18
13404,2015-04-08 14:25:00,2015-04-08,0.2397,0.0,0.0,1078.0,0.2397,0.2397,0.2397,10000075,2015-04-22,2015-04-22,C,2.65,2015-03-18
13405,2015-04-08 14:26:00,2015-04-08,0.2371,2371.0,1.0,1079.0,0.2371,0.2371,0.2371,10000075,2015-04-22,2015-04-22,C,2.65,2015-03-18
13406,2015-04-08 14:27:00,2015-04-08,0.2371,2371.0,1.0,1079.0,0.2371,0.2371,0.2371,10000075,2015-04-22,2015-04-22,C,2.65,2015-03-18
13407,2015-04-08 14:28:00,2015-04-08,0.24,4771.0,2.0,1078.0,0.2371,0.24,0.2371,10000075,2015-04-22,2015-04-22,C,2.65,2015-03-18
13408,2015-04-08 14:29:00,2015-04-08,0.24,0.0,0.0,1078.0,0.24,0.24,0.24,10000075,2015-04-22,2015-04-22,C,2.65,2015-03-18
13409,2015-04-08 14:30:00,2015-04-08,0.24,0.0,0.0,1078.0,0.24,0.24,0.24,10000075,2015-04-22,2015-04-22,C,2.65,2015-03-18
13410,2015-04-08 14:31:00,2015-04-08,0.24,0.0,0.0,1078.0,0.24,0.24,0.24,10000075,2015-04-22,2015-04-22,C,2.65,2015-03-18
13411,2015-04-08 14:32:00,2015-04-08,0.24,0.0,0.0,1078.0,0.24,0.24,0.24,10000075,2015-04-22,2015-04-22,C,2.65,2015-03-18
13412,2015-04-08 14:33:00,2015-04-08,0.245,2450.0,1.0,1077.0,0.245,0.245,0.245,10000075,2015-04-22,2015-04-22,C,2.65,2015-03-18
13413,2015-04-08 14:34:00,2015-04-08,0.245,4900.0,2.0,1079.0,0.245,0.245,0.245,10000075,2015-04-22,2015-04-22,C,2.65,2015-03-18
13414,2015-04-08 14:35:00,2015-04-08,0.245,0.0,0.0,1079.0,0.245,0.245,0.245,10000075,2015-04-22,2015-04-22,C,2.65,2015-03-18
13415,2015-04-08 14:36:00,2015-04-08,0.2463,4926.0,2.0,1079.0,0.2463,0.2463,0.2463,10000075,2015-04-22,2015-04-22,C,2.65,2015-03-18
13416,2015-04-08 14:37:00,2015-04-08,0.2463,0.0,0.0,1079.0,0.2463,0.2463,0.2463,10000075,2015-04-22,2015-04-22,C,2.65,2015-03-18
13417,2015-04-08 14:38:00,2015-04-08,0.2463,0.0,0.0,1079.0,0.2463,0.2463,0.2463,10000075,2015-04-22,2015-04-22,C,2.65,2015-03-18
13418,2015-04-08 14:39:00,2015-04-08,0.2463,0.0,0.0,1079.0,0.2463,0.2463,0.2463,10000075,2015-04-22,2015-04-22,C,2.65,2015-03-18
13419,2015-04-08 14:40:00,2015-04-08,0.2463,0.0,0.0,1079.0,0.2463,0.2463,0.2463,10000075,2015-04-22,2015-04-22,C,2.65,2015-03-18
13420,2015-04-08 14:41:00,2015-04-08,0.2463,0.0,0.0,1079.0,0.2463,0.2463,0.2463,10000075,2015-04-22,2015-04-22,C,2.65,2015-03-18
13421,2015-04-08 14:42:00,2015-04-08,0.25,2500.0,1.0,1078.0,0.25,0.25,0.25,10000075,2015-04-22,2015-04-22,C,2.65,2015-03-18
13422,2015-04-08 14:43:00,2015-04-08,0.25,0.0,0.0,1078.0,0.25,0.25,0.25,10000075,2015-04-22,2015-04-22,C,2.65,2015-03-18
13423,2015-04-08 14:44:00,2015-04-08,0.25,7500.0,3.0,1077.0,0.25,0.25,0.25,10000075,2015-04-22,2015-04-22,C,2.65,2015-03-18
13424,2015-04-08 14:45:00,2015-04-08,0.2569,25656.0,10.0,1084.0,0.2564,0.2569,0.2564,10000075,2015-04-22,2015-04-22,C,2.65,2015-03-18
13425,2015-04-08 14:46:00,2015-04-08,0.2569,0.0,0.0,1084.0,0.2569,0.2569,0.2569,10000075,2015-04-22,2015-04-22,C,2.65,2015-03-18
13426,2015-04-08 14:47:00,2015-04-08,0.2583,2583.0,1.0,1084.0,0.2583,0.2583,0.2583,10000075,2015-04-22,2015-04-22,C,2.65,2015-03-18
13427,2015-04-08 14:48:00,2015-04-08,0.2583,0.0,0.0,1084.0,0.2583,0.2583,0.2583,10000075,2015-04-22,2015-04-22,C,2.65,2015-03-18
13428,2015-04-08 14:49:00,2015-04-08,0.2583,0.0,0.0,1084.0,0.2583,0.2583,0.2583,10000075,2015-04-22,2015-04-22,C,2.65,2015-03-18
13429,2015-04-08 14:50:00,2015-04-08,0.2583,0.0,0.0,1084.0,0.2583,0.2583,0.2583,10000075,2015-04-22,2015-04-22,C,2.65,2015-03-18
13430,2015-04-08 14:51:00,2015-04-08,0.2583,0.0,0.0,1084.0,0.2583,0.2583,0.2583,10000075,2015-04-22,2015-04-22,C,2.65,2015-03-18
13431,2015-04-08 14:52:00,2015-04-08,0.2583,0.0,0.0,1084.0,0.2583,0.2583,0.2583,10000075,2015-04-22,2015-04-22,C,2.65,2015-03-18
13432,2015-04-08 14:53:00,2015-04-08,0.2583,0.0,0.0,1084.0,0.2583,0.2583,0.2583,10000075,2015-04-22,2015-04-22,C,2.65,2015-03-18
13433,2015-04-08 14:54:00,2015-04-08,0.2583,0.0,0.0,1084.0,0.2583,0.2583,0.2583,10000075,2015-04-22,2015-04-22,C,2.65,2015-03-18
13434,2015-04-08 14:55:00,2015-04-08,0.2583,0.0,0.0,1084.0,0.2583,0.2583,0.2583,10000075,2015-04-22,2015-04-22,C,2.65,2015-03-18
13435,2015-04-08 14:56:00,2015-04-08,0.2583,0.0,0.0,1084.0,0.2583,0.2583,0.2583,10000075,2015-04-22,2015-04-22,C,2.65,2015-03-18
13436,2015-04-08 14:57:00,2015-04-08,0.2583,0.0,0.0,1084.0,0.2583,0.2583,0.2583,10000075,2015-04-22,2015-04-22,C,2.65,2015-03-18
13437,2015-04-08 14:58:00,2015-04-08,0.2583,0.0,0.0,1084.0,0.2583,0.2583,0.2583,10000075,2015-04-22,2015-04-22,C,2.65,2015-03-18
13438,2015-04-08 14:59:00,2015-04-08,0.2583,0.0,0.0,1084.0,0.2583,0.2583,0.2583,10000075,2015-04-22,2015-04-22,C,2.65,2015-03-18
13439,2015-04-08 15:00:00,2015-04-08,0.2583,0.0,0.0,1084.0,0.2583,0.2583,0.2583,10000075,2015-04-22,2015-04-22,C,2.65,2015-03-18
13440,2015-04-08 09:31:00,2015-04-08,0.6909,171935.0,25.0,431.0,0.687,0.6869,0.6869,10000032,2015-09-23,2015-09-23,C,2.25,2015-02-09
13441,2015-04-08 09:32:00,2015-04-08,0.6869,0.0,0.0,431.0,0.6869,0.6869,0.6869,10000032,2015-09-23,2015-09-23,C,2.25,2015-02-09
13442,2015-04-08 09:33:00,2015-04-08,0.6869,0.0,0.0,431.0,0.6869,0.6869,0.6869,10000032,2015-09-23,2015-09-23,C,2.25,2015-02-09
13443,2015-04-08 09:34:00,2015-04-08,0.6869,0.0,0.0,431.0,0.6869,0.6869,0.6869,10000032,2015-09-23,2015-09-23,C,2.25,2015-02-09
13444,2015-04-08 09:35:00,2015-04-08,0.6869,0.0,0.0,431.0,0.6869,0.6869,0.6869,10000032,2015-09-23,2015-09-23,C,2.25,2015-02-09
13445,2015-04-08 09:36:00,2015-04-08,0.6869,0.0,0.0,431.0,0.6869,0.6869,0.6869,10000032,2015-09-23,2015-09-23,C,2.25,2015-02-09
13446,2015-04-08 09:37:00,2015-04-08,0.6869,0.0,0.0,431.0,0.6869,0.6869,0.6869,10000032,2015-09-23,2015-09-23,C,2.25,2015-02-09
13447,2015-04-08 09:38:00,2015-04-08,0.6869,0.0,0.0,431.0,0.6869,0.6869,0.6869,10000032,2015-09-23,2015-09-23,C,2.25,2015-02-09
13448,2015-04-08 09:39:00,2015-04-08,0.6869,0.0,0.0,431.0,0.6869,0.6869,0.6869,10000032,2015-09-23,2015-09-23,C,2.25,2015-02-09
13449,2015-04-08 09:40:00,2015-04-08,0.6869,0.0,0.0,431.0,0.6869,0.6869,0.6869,10000032,2015-09-23,2015-09-23,C,2.25,2015-02-09
13450,2015-04-08 09:41:00,2015-04-08,0.6869,0.0,0.0,431.0,0.6869,0.6869,0.6869,10000032,2015-09-23,2015-09-23,C,2.25,2015-02-09
13451,2015-04-08 09:42:00,2015-04-08,0.6869,0.0,0.0,431.0,0.6869,0.6869,0.6869,10000032,2015-09-23,2015-09-23,C,2.25,2015-02-09
13452,2015-04-08 09:43:00,2015-04-08,0.6869,0.0,0.0,431.0,0.6869,0.6869,0.6869,10000032,2015-09-23,2015-09-23,C,2.25,2015-02-09
13453,2015-04-08 09:44:00,2015-04-08,0.6869,0.0,0.0,431.0,0.6869,0.6869,0.6869,10000032,2015-09-23,2015-09-23,C,2.25,2015-02-09
13454,2015-04-08 09:45:00,2015-04-08,0.6869,0.0,0.0,431.0,0.6869,0.6869,0.6869,10000032,2015-09-23,2015-09-23,C,2.25,2015-02-09
13455,2015-04-08 09:46:00,2015-04-08,0.6869,0.0,0.0,431.0,0.6869,0.6869,0.6869,10000032,2015-09-23,2015-09-23,C,2.25,2015-02-09
13456,2015-04-08 09:47:00,2015-04-08,0.6869,0.0,0.0,431.0,0.6869,0.6869,0.6869,10000032,2015-09-23,2015-09-23,C,2.25,2015-02-09
13457,2015-04-08 09:48:00,2015-04-08,0.6869,0.0,0.0,431.0,0.6869,0.6869,0.6869,10000032,2015-09-23,2015-09-23,C,2.25,2015-02-09
13458,2015-04-08 09:49:00,2015-04-08,0.6869,0.0,0.0,431.0,0.6869,0.6869,0.6869,10000032,2015-09-23,2015-09-23,C,2.25,2015-02-09
13459,2015-04-08 09:50:00,2015-04-08,0.6869,0.0,0.0,431.0,0.6869,0.6869,0.6869,10000032,2015-09-23,2015-09-23,C,2.25,2015-02-09
13460,2015-04-08 09:51:00,2015-04-08,0.6869,0.0,0.0,431.0,0.6869,0.6869,0.6869,10000032,2015-09-23,2015-09-23,C,2.25,2015-02-09
13461,2015-04-08 09:52:00,2015-04-08,0.6869,0.0,0.0,431.0,0.6869,0.6869,0.6869,10000032,2015-09-23,2015-09-23,C,2.25,2015-02-09
13462,2015-04-08 09:53:00,2015-04-08,0.6869,0.0,0.0,431.0,0.6869,0.6869,0.6869,10000032,2015-09-23,2015-09-23,C,2.25,2015-02-09
13463,2015-04-08 09:54:00,2015-04-08,0.6869,0.0,0.0,431.0,0.6869,0.6869,0.6869,10000032,2015-09-23,2015-09-23,C,2.25,2015-02-09
13464,2015-04-08 09:55:00,2015-04-08,0.6869,0.0,0.0,431.0,0.6869,0.6869,0.6869,10000032,2015-09-23,2015-09-23,C,2.25,2015-02-09
13465,2015-04-08 09:56:00,2015-04-08,0.6869,0.0,0.0,431.0,0.6869,0.6869,0.6869,10000032,2015-09-23,2015-09-23,C,2.25,2015-02-09
13466,2015-04-08 09:57:00,2015-04-08,0.6869,0.0,0.0,431.0,0.6869,0.6869,0.6869,10000032,2015-09-23,2015-09-23,C,2.25,2015-02-09
13467,2015-04-08 09:58:00,2015-04-08,0.6869,0.0,0.0,431.0,0.6869,0.6869,0.6869,10000032,2015-09-23,2015-09-23,C,2.25,2015-02-09
13468,2015-04-08 09:59:00,2015-04-08,0.6869,0.0,0.0,431.0,0.6869,0.6869,0.6869,10000032,2015-09-23,2015-09-23,C,2.25,2015-02-09
13469,2015-04-08 10:00:00,2015-04-08,0.6869,0.0,0.0,431.0,0.6869,0.6869,0.6869,10000032,2015-09-23,2015-09-23,C,2.25,2015-02-09
13470,2015-04-08 10:01:00,2015-04-08,0.6869,0.0,0.0,431.0,0.6869,0.6869,0.6869,10000032,2015-09-23,2015-09-23,C,2.25,2015-02-09
13471,2015-04-08 10:02:00,2015-04-08,0.6869,0.0,0.0,431.0,0.6869,0.6869,0.6869,10000032,2015-09-23,2015-09-23,C,2.25,2015-02-09
13472,2015-04-08 10:03:00,2015-04-08,0.6869,0.0,0.0,431.0,0.6869,0.6869,0.6869,10000032,2015-09-23,2015-09-23,C,2.25,2015-02-09
13473,2015-04-08 10:04:00,2015-04-08,0.6869,0.0,0.0,431.0,0.6869,0.6869,0.6869,10000032,2015-09-23,2015-09-23,C,2.25,2015-02-09
13474,2015-04-08 10:05:00,2015-04-08,0.6869,0.0,0.0,431.0,0.6869,0.6869,0.6869,10000032,2015-09-23,2015-09-23,C,2.25,2015-02-09
13475,2015-04-08 10:06:00,2015-04-08,0.6869,0.0,0.0,431.0,0.6869,0.6869,0.6869,10000032,2015-09-23,2015-09-23,C,2.25,2015-02-09
13476,2015-04-08 10:07:00,2015-04-08,0.6869,0.0,0.0,431.0,0.6869,0.6869,0.6869,10000032,2015-09-23,2015-09-23,C,2.25,2015-02-09
13477,2015-04-08 10:08:00,2015-04-08,0.6869,0.0,0.0,431.0,0.6869,0.6869,0.6869,10000032,2015-09-23,2015-09-23,C,2.25,2015-02-09
13478,2015-04-08 10:09:00,2015-04-08,0.6869,0.0,0.0,431.0,0.6869,0.6869,0.6869,10000032,2015-09-23,2015-09-23,C,2.25,2015-02-09
13479,2015-04-08 10:10:00,2015-04-08,0.6869,0.0,0.0,431.0,0.6869,0.6869,0.6869,10000032,2015-09-23,2015-09-23,C,2.25,2015-02-09
13480,2015-04-08 10:11:00,2015-04-08,0.6869,0.0,0.0,431.0,0.6869,0.6869,0.6869,10000032,2015-09-23,2015-09-23,C,2.25,2015-02-09
13481,2015-04-08 10:12:00,2015-04-08,0.6869,0.0,0.0,431.0,0.6869,0.6869,0.6869,10000032,2015-09-23,2015-09-23,C,2.25,2015-02-09
13482,2015-04-08 10:13:00,2015-04-08,0.6869,0.0,0.0,431.0,0.6869,0.6869,0.6869,10000032,2015-09-23,2015-09-23,C,2.25,2015-02-09
13483,2015-04-08 10:14:00,2015-04-08,0.6869,0.0,0.0,431.0,0.6869,0.6869,0.6869,10000032,2015-09-23,2015-09-23,C,2.25,2015-02-09
13484,2015-04-08 10:15:00,2015-04-08,0.6869,0.0,0.0,431.0,0.6869,0.6869,0.6869,10000032,2015-09-23,2015-09-23,C,2.25,2015-02-09
13485,2015-04-08 10:16:00,2015-04-08,0.6869,0.0,0.0,431.0,0.6869,0.6869,0.6869,10000032,2015-09-23,2015-09-23,C,2.25,2015-02-09
13486,2015-04-08 10:17:00,2015-04-08,0.6869,0.0,0.0,431.0,0.6869,0.6869,0.6869,10000032,2015-09-23,2015-09-23,C,2.25,2015-02-09
13487,2015-04-08 10:18:00,2015-04-08,0.6869,0.0,0.0,431.0,0.6869,0.6869,0.6869,10000032,2015-09-23,2015-09-23,C,2.25,2015-02-09
13488,2015-04-08 10:19:00,2015-04-08,0.6869,0.0,0.0,431.0,0.6869,0.6869,0.6869,10000032,2015-09-23,2015-09-23,C,2.25,2015-02-09
13489,2015-04-08 10:20:00,2015-04-08,0.6869,0.0,0.0,431.0,0.6869,0.6869,0.6869,10000032,2015-09-23,2015-09-23,C,2.25,2015-02-09
13490,2015-04-08 10:21:00,2015-04-08,0.6869,0.0,0.0,431.0,0.6869,0.6869,0.6869,10000032,2015-09-23,2015-09-23,C,2.25,2015-02-09
13491,2015-04-08 10:22:00,2015-04-08,0.6869,0.0,0.0,431.0,0.6869,0.6869,0.6869,10000032,2015-09-23,2015-09-23,C,2.25,2015-02-09
13492,2015-04-08 10:23:00,2015-04-08,0.6869,0.0,0.0,431.0,0.6869,0.6869,0.6869,10000032,2015-09-23,2015-09-23,C,2.25,2015-02-09
13493,2015-04-08 10:24:00,2015-04-08,0.6869,0.0,0.0,431.0,0.6869,0.6869,0.6869,10000032,2015-09-23,2015-09-23,C,2.25,2015-02-09
13494,2015-04-08 10:25:00,2015-04-08,0.6869,0.0,0.0,431.0,0.6869,0.6869,0.6869,10000032,2015-09-23,2015-09-23,C,2.25,2015-02-09
13495,2015-04-08 10:26:00,2015-04-08,0.6869,0.0,0.0,431.0,0.6869,0.6869,0.6869,10000032,2015-09-23,2015-09-23,C,2.25,2015-02-09
13496,2015-04-08 10:27:00,2015-04-08,0.6869,0.0,0.0,431.0,0.6869,0.6869,0.6869,10000032,2015-09-23,2015-09-23,C,2.25,2015-02-09
13497,2015-04-08 10:28:00,2015-04-08,0.6869,0.0,0.0,431.0,0.6869,0.6869,0.6869,10000032,2015-09-23,2015-09-23,C,2.25,2015-02-09
13498,2015-04-08 10:29:00,2015-04-08,0.6869,0.0,0.0,431.0,0.6869,0.6869,0.6869,10000032,2015-09-23,2015-09-23,C,2.25,2015-02-09
13499,2015-04-08 10:30:00,2015-04-08,0.6869,0.0,0.0,431.0,0.6869,0.6869,0.6869,10000032,2015-09-23,2015-09-23,C,2.25,2015-02-09
13500,2015-04-08 10:31:00,2015-04-08,0.6869,0.0,0.0,431.0,0.6869,0.6869,0.6869,10000032,2015-09-23,2015-09-23,C,2.25,2015-02-09
13501,2015-04-08 10:32:00,2015-04-08,0.6869,0.0,0.0,431.0,0.6869,0.6869,0.6869,10000032,2015-09-23,2015-09-23,C,2.25,2015-02-09
13502,2015-04-08 10:33:00,2015-04-08,0.6869,0.0,0.0,431.0,0.6869,0.6869,0.6869,10000032,2015-09-23,2015-09-23,C,2.25,2015-02-09
13503,2015-04-08 10:34:00,2015-04-08,0.6869,0.0,0.0,431.0,0.6869,0.6869,0.6869,10000032,2015-09-23,2015-09-23,C,2.25,2015-02-09
13504,2015-04-08 10:35:00,2015-04-08,0.6869,0.0,0.0,431.0,0.6869,0.6869,0.6869,10000032,2015-09-23,2015-09-23,C,2.25,2015-02-09
13505,2015-04-08 10:36:00,2015-04-08,0.6869,0.0,0.0,431.0,0.6869,0.6869,0.6869,10000032,2015-09-23,2015-09-23,C,2.25,2015-02-09
13506,2015-04-08 10:37:00,2015-04-08,0.6869,0.0,0.0,431.0,0.6869,0.6869,0.6869,10000032,2015-09-23,2015-09-23,C,2.25,2015-02-09
13507,2015-04-08 10:38:00,2015-04-08,0.6869,0.0,0.0,431.0,0.6869,0.6869,0.6869,10000032,2015-09-23,2015-09-23,C,2.25,2015-02-09
13508,2015-04-08 10:39:00,2015-04-08,0.6869,0.0,0.0,431.0,0.6869,0.6869,0.6869,10000032,2015-09-23,2015-09-23,C,2.25,2015-02-09
13509,2015-04-08 10:40:00,2015-04-08,0.6869,0.0,0.0,431.0,0.6869,0.6869,0.6869,10000032,2015-09-23,2015-09-23,C,2.25,2015-02-09
13510,2015-04-08 10:41:00,2015-04-08,0.6869,0.0,0.0,431.0,0.6869,0.6869,0.6869,10000032,2015-09-23,2015-09-23,C,2.25,2015-02-09
13511,2015-04-08 10:42:00,2015-04-08,0.6869,0.0,0.0,431.0,0.6869,0.6869,0.6869,10000032,2015-09-23,2015-09-23,C,2.25,2015-02-09
13512,2015-04-08 10:43:00,2015-04-08,0.6869,0.0,0.0,431.0,0.6869,0.6869,0.6869,10000032,2015-09-23,2015-09-23,C,2.25,2015-02-09
13513,2015-04-08 10:44:00,2015-04-08,0.6869,0.0,0.0,431.0,0.6869,0.6869,0.6869,10000032,2015-09-23,2015-09-23,C,2.25,2015-02-09
13514,2015-04-08 10:45:00,2015-04-08,0.6869,0.0,0.0,431.0,0.6869,0.6869,0.6869,10000032,2015-09-23,2015-09-23,C,2.25,2015-02-09
13515,2015-04-08 10:46:00,2015-04-08,0.6869,0.0,0.0,431.0,0.6869,0.6869,0.6869,10000032,2015-09-23,2015-09-23,C,2.25,2015-02-09
13516,2015-04-08 10:47:00,2015-04-08,0.6869,0.0,0.0,431.0,0.6869,0.6869,0.6869,10000032,2015-09-23,2015-09-23,C,2.25,2015-02-09
13517,2015-04-08 10:48:00,2015-04-08,0.6869,0.0,0.0,431.0,0.6869,0.6869,0.6869,10000032,2015-09-23,2015-09-23,C,2.25,2015-02-09
13518,2015-04-08 10:49:00,2015-04-08,0.6869,0.0,0.0,431.0,0.6869,0.6869,0.6869,10000032,2015-09-23,2015-09-23,C,2.25,2015-02-09
13519,2015-04-08 10:50:00,2015-04-08,0.6869,0.0,0.0,431.0,0.6869,0.6869,0.6869,10000032,2015-09-23,2015-09-23,C,2.25,2015-02-09
13520,2015-04-08 10:51:00,2015-04-08,0.6869,0.0,0.0,431.0,0.6869,0.6869,0.6869,10000032,2015-09-23,2015-09-23,C,2.25,2015-02-09
13521,2015-04-08 10:52:00,2015-04-08,0.6869,0.0,0.0,431.0,0.6869,0.6869,0.6869,10000032,2015-09-23,2015-09-23,C,2.25,2015-02-09
13522,2015-04-08 10:53:00,2015-04-08,0.6869,0.0,0.0,431.0,0.6869,0.6869,0.6869,10000032,2015-09-23,2015-09-23,C,2.25,2015-02-09
13523,2015-04-08 10:54:00,2015-04-08,0.6869,0.0,0.0,431.0,0.6869,0.6869,0.6869,10000032,2015-09-23,2015-09-23,C,2.25,2015-02-09
13524,2015-04-08 10:55:00,2015-04-08,0.6869,0.0,0.0,431.0,0.6869,0.6869,0.6869,10000032,2015-09-23,2015-09-23,C,2.25,2015-02-09
13525,2015-04-08 10:56:00,2015-04-08,0.6869,0.0,0.0,431.0,0.6869,0.6869,0.6869,10000032,2015-09-23,2015-09-23,C,2.25,2015-02-09
13526,2015-04-08 10:57:00,2015-04-08,0.6869,0.0,0.0,431.0,0.6869,0.6869,0.6869,10000032,2015-09-23,2015-09-23,C,2.25,2015-02-09
13527,2015-04-08 10:58:00,2015-04-08,0.6869,0.0,0.0,431.0,0.6869,0.6869,0.6869,10000032,2015-09-23,2015-09-23,C,2.25,2015-02-09
13528,2015-04-08 10:59:00,2015-04-08,0.6869,0.0,0.0,431.0,0.6869,0.6869,0.6869,10000032,2015-09-23,2015-09-23,C,2.25,2015-02-09
13529,2015-04-08 11:00:00,2015-04-08,0.6869,0.0,0.0,431.0,0.6869,0.6869,0.6869,10000032,2015-09-23,2015-09-23,C,2.25,2015-02-09
13530,2015-04-08 11:01:00,2015-04-08,0.6869,0.0,0.0,431.0,0.6869,0.6869,0.6869,10000032,2015-09-23,2015-09-23,C,2.25,2015-02-09
13531,2015-04-08 11:02:00,2015-04-08,0.6869,0.0,0.0,431.0,0.6869,0.6869,0.6869,10000032,2015-09-23,2015-09-23,C,2.25,2015-02-09
13532,2015-04-08 11:03:00,2015-04-08,0.6869,0.0,0.0,431.0,0.6869,0.6869,0.6869,10000032,2015-09-23,2015-09-23,C,2.25,2015-02-09
13533,2015-04-08 11:04:00,2015-04-08,0.6869,0.0,0.0,431.0,0.6869,0.6869,0.6869,10000032,2015-09-23,2015-09-23,C,2.25,2015-02-09
13534,2015-04-08 11:05:00,2015-04-08,0.6869,0.0,0.0,431.0,0.6869,0.6869,0.6869,10000032,2015-09-23,2015-09-23,C,2.25,2015-02-09
13535,2015-04-08 11:06:00,2015-04-08,0.6869,0.0,0.0,431.0,0.6869,0.6869,0.6869,10000032,2015-09-23,2015-09-23,C,2.25,2015-02-09
13536,2015-04-08 11:07:00,2015-04-08,0.6869,0.0,0.0,431.0,0.6869,0.6869,0.6869,10000032,2015-09-23,2015-09-23,C,2.25,2015-02-09
13537,2015-04-08 11:08:00,2015-04-08,0.6869,0.0,0.0,431.0,0.6869,0.6869,0.6869,10000032,2015-09-23,2015-09-23,C,2.25,2015-02-09
13538,2015-04-08 11:09:00,2015-04-08,0.6869,0.0,0.0,431.0,0.6869,0.6869,0.6869,10000032,2015-09-23,2015-09-23,C,2.25,2015-02-09
13539,2015-04-08 11:10:00,2015-04-08,0.6869,0.0,0.0,431.0,0.6869,0.6869,0.6869,10000032,2015-09-23,2015-09-23,C,2.25,2015-02-09
13540,2015-04-08 11:11:00,2015-04-08,0.6869,0.0,0.0,431.0,0.6869,0.6869,0.6869,10000032,2015-09-23,2015-09-23,C,2.25,2015-02-09
13541,2015-04-08 11:12:00,2015-04-08,0.6869,0.0,0.0,431.0,0.6869,0.6869,0.6869,10000032,2015-09-23,2015-09-23,C,2.25,2015-02-09
13542,2015-04-08 11:13:00,2015-04-08,0.6869,0.0,0.0,431.0,0.6869,0.6869,0.6869,10000032,2015-09-23,2015-09-23,C,2.25,2015-02-09
13543,2015-04-08 11:14:00,2015-04-08,0.6869,0.0,0.0,431.0,0.6869,0.6869,0.6869,10000032,2015-09-23,2015-09-23,C,2.25,2015-02-09
13544,2015-04-08 11:15:00,2015-04-08,0.6869,0.0,0.0,431.0,0.6869,0.6869,0.6869,10000032,2015-09-23,2015-09-23,C,2.25,2015-02-09
13545,2015-04-08 11:16:00,2015-04-08,0.6869,0.0,0.0,431.0,0.6869,0.6869,0.6869,10000032,2015-09-23,2015-09-23,C,2.25,2015-02-09
13546,2015-04-08 11:17:00,2015-04-08,0.6869,0.0,0.0,431.0,0.6869,0.6869,0.6869,10000032,2015-09-23,2015-09-23,C,2.25,2015-02-09
13547,2015-04-08 11:18:00,2015-04-08,0.6869,0.0,0.0,431.0,0.6869,0.6869,0.6869,10000032,2015-09-23,2015-09-23,C,2.25,2015-02-09
13548,2015-04-08 11:19:00,2015-04-08,0.6869,0.0,0.0,431.0,0.6869,0.6869,0.6869,10000032,2015-09-23,2015-09-23,C,2.25,2015-02-09
13549,2015-04-08 11:20:00,2015-04-08,0.6869,0.0,0.0,431.0,0.6869,0.6869,0.6869,10000032,2015-09-23,2015-09-23,C,2.25,2015-02-09
13550,2015-04-08 11:21:00,2015-04-08,0.6869,0.0,0.0,431.0,0.6869,0.6869,0.6869,10000032,2015-09-23,2015-09-23,C,2.25,2015-02-09
13551,2015-04-08 11:22:00,2015-04-08,0.6869,0.0,0.0,431.0,0.6869,0.6869,0.6869,10000032,2015-09-23,2015-09-23,C,2.25,2015-02-09
13552,2015-04-08 11:23:00,2015-04-08,0.6869,0.0,0.0,431.0,0.6869,0.6869,0.6869,10000032,2015-09-23,2015-09-23,C,2.25,2015-02-09
13553,2015-04-08 11:24:00,2015-04-08,0.6869,0.0,0.0,431.0,0.6869,0.6869,0.6869,10000032,2015-09-23,2015-09-23,C,2.25,2015-02-09
13554,2015-04-08 11:25:00,2015-04-08,0.6869,0.0,0.0,431.0,0.6869,0.6869,0.6869,10000032,2015-09-23,2015-09-23,C,2.25,2015-02-09
13555,2015-04-08 11:26:00,2015-04-08,0.6869,0.0,0.0,431.0,0.6869,0.6869,0.6869,10000032,2015-09-23,2015-09-23,C,2.25,2015-02-09
13556,2015-04-08 11:27:00,2015-04-08,0.6869,0.0,0.0,431.0,0.6869,0.6869,0.6869,10000032,2015-09-23,2015-09-23,C,2.25,2015-02-09
13557,2015-04-08 11:28:00,2015-04-08,0.6869,0.0,0.0,431.0,0.6869,0.6869,0.6869,10000032,2015-09-23,2015-09-23,C,2.25,2015-02-09
13558,2015-04-08 11:29:00,2015-04-08,0.6869,0.0,0.0,431.0,0.6869,0.6869,0.6869,10000032,2015-09-23,2015-09-23,C,2.25,2015-02-09
13559,2015-04-08 11:30:00,2015-04-08,0.6869,0.0,0.0,431.0,0.6869,0.6869,0.6869,10000032,2015-09-23,2015-09-23,C,2.25,2015-02-09
13560,2015-04-08 13:01:00,2015-04-08,0.6869,0.0,0.0,431.0,0.6869,0.6869,0.6869,10000032,2015-09-23,2015-09-23,C,2.25,2015-02-09
13561,2015-04-08 13:02:00,2015-04-08,0.6869,0.0,0.0,431.0,0.6869,0.6869,0.6869,10000032,2015-09-23,2015-09-23,C,2.25,2015-02-09
13562,2015-04-08 13:03:00,2015-04-08,0.6869,0.0,0.0,431.0,0.6869,0.6869,0.6869,10000032,2015-09-23,2015-09-23,C,2.25,2015-02-09
13563,2015-04-08 13:04:00,2015-04-08,0.6869,0.0,0.0,431.0,0.6869,0.6869,0.6869,10000032,2015-09-23,2015-09-23,C,2.25,2015-02-09
13564,2015-04-08 13:05:00,2015-04-08,0.6869,0.0,0.0,431.0,0.6869,0.6869,0.6869,10000032,2015-09-23,2015-09-23,C,2.25,2015-02-09
13565,2015-04-08 13:06:00,2015-04-08,0.6869,0.0,0.0,431.0,0.6869,0.6869,0.6869,10000032,2015-09-23,2015-09-23,C,2.25,2015-02-09
13566,2015-04-08 13:07:00,2015-04-08,0.6869,0.0,0.0,431.0,0.6869,0.6869,0.6869,10000032,2015-09-23,2015-09-23,C,2.25,2015-02-09
13567,2015-04-08 13:08:00,2015-04-08,0.6869,0.0,0.0,431.0,0.6869,0.6869,0.6869,10000032,2015-09-23,2015-09-23,C,2.25,2015-02-09
13568,2015-04-08 13:09:00,2015-04-08,0.6869,0.0,0.0,431.0,0.6869,0.6869,0.6869,10000032,2015-09-23,2015-09-23,C,2.25,2015-02-09
13569,2015-04-08 13:10:00,2015-04-08,0.6869,0.0,0.0,431.0,0.6869,0.6869,0.6869,10000032,2015-09-23,2015-09-23,C,2.25,2015-02-09
13570,2015-04-08 13:11:00,2015-04-08,0.6869,0.0,0.0,431.0,0.6869,0.6869,0.6869,10000032,2015-09-23,2015-09-23,C,2.25,2015-02-09
13571,2015-04-08 13:12:00,2015-04-08,0.6869,0.0,0.0,431.0,0.6869,0.6869,0.6869,10000032,2015-09-23,2015-09-23,C,2.25,2015-02-09
13572,2015-04-08 13:13:00,2015-04-08,0.6869,0.0,0.0,431.0,0.6869,0.6869,0.6869,10000032,2015-09-23,2015-09-23,C,2.25,2015-02-09
13573,2015-04-08 13:14:00,2015-04-08,0.6869,0.0,0.0,431.0,0.6869,0.6869,0.6869,10000032,2015-09-23,2015-09-23,C,2.25,2015-02-09
13574,2015-04-08 13:15:00,2015-04-08,0.6869,0.0,0.0,431.0,0.6869,0.6869,0.6869,10000032,2015-09-23,2015-09-23,C,2.25,2015-02-09
13575,2015-04-08 13:16:00,2015-04-08,0.6869,0.0,0.0,431.0,0.6869,0.6869,0.6869,10000032,2015-09-23,2015-09-23,C,2.25,2015-02-09
13576,2015-04-08 13:17:00,2015-04-08,0.6869,0.0,0.0,431.0,0.6869,0.6869,0.6869,10000032,2015-09-23,2015-09-23,C,2.25,2015-02-09
13577,2015-04-08 13:18:00,2015-04-08,0.6869,0.0,0.0,431.0,0.6869,0.6869,0.6869,10000032,2015-09-23,2015-09-23,C,2.25,2015-02-09
13578,2015-04-08 13:19:00,2015-04-08,0.6869,0.0,0.0,431.0,0.6869,0.6869,0.6869,10000032,2015-09-23,2015-09-23,C,2.25,2015-02-09
13579,2015-04-08 13:20:00,2015-04-08,0.6869,0.0,0.0,431.0,0.6869,0.6869,0.6869,10000032,2015-09-23,2015-09-23,C,2.25,2015-02-09
13580,2015-04-08 13:21:00,2015-04-08,0.6869,0.0,0.0,431.0,0.6869,0.6869,0.6869,10000032,2015-09-23,2015-09-23,C,2.25,2015-02-09
13581,2015-04-08 13:22:00,2015-04-08,0.6869,0.0,0.0,431.0,0.6869,0.6869,0.6869,10000032,2015-09-23,2015-09-23,C,2.25,2015-02-09
13582,2015-04-08 13:23:00,2015-04-08,0.6869,0.0,0.0,431.0,0.6869,0.6869,0.6869,10000032,2015-09-23,2015-09-23,C,2.25,2015-02-09
13583,2015-04-08 13:24:00,2015-04-08,0.6869,0.0,0.0,431.0,0.6869,0.6869,0.6869,10000032,2015-09-23,2015-09-23,C,2.25,2015-02-09
13584,2015-04-08 13:25:00,2015-04-08,0.6869,0.0,0.0,431.0,0.6869,0.6869,0.6869,10000032,2015-09-23,2015-09-23,C,2.25,2015-02-09
13585,2015-04-08 13:26:00,2015-04-08,0.6869,0.0,0.0,431.0,0.6869,0.6869,0.6869,10000032,2015-09-23,2015-09-23,C,2.25,2015-02-09
13586,2015-04-08 13:27:00,2015-04-08,0.6869,0.0,0.0,431.0,0.6869,0.6869,0.6869,10000032,2015-09-23,2015-09-23,C,2.25,2015-02-09
13587,2015-04-08 13:28:00,2015-04-08,0.6869,0.0,0.0,431.0,0.6869,0.6869,0.6869,10000032,2015-09-23,2015-09-23,C,2.25,2015-02-09
13588,2015-04-08 13:29:00,2015-04-08,0.6869,0.0,0.0,431.0,0.6869,0.6869,0.6869,10000032,2015-09-23,2015-09-23,C,2.25,2015-02-09
13589,2015-04-08 13:30:00,2015-04-08,0.6869,0.0,0.0,431.0,0.6869,0.6869,0.6869,10000032,2015-09-23,2015-09-23,C,2.25,2015-02-09
13590,2015-04-08 13:31:00,2015-04-08,0.6869,0.0,0.0,431.0,0.6869,0.6869,0.6869,10000032,2015-09-23,2015-09-23,C,2.25,2015-02-09
13591,2015-04-08 13:32:00,2015-04-08,0.6869,0.0,0.0,431.0,0.6869,0.6869,0.6869,10000032,2015-09-23,2015-09-23,C,2.25,2015-02-09
13592,2015-04-08 13:33:00,2015-04-08,0.6869,0.0,0.0,431.0,0.6869,0.6869,0.6869,10000032,2015-09-23,2015-09-23,C,2.25,2015-02-09
13593,2015-04-08 13:34:00,2015-04-08,0.6869,0.0,0.0,431.0,0.6869,0.6869,0.6869,10000032,2015-09-23,2015-09-23,C,2.25,2015-02-09
13594,2015-04-08 13:35:00,2015-04-08,0.6869,0.0,0.0,431.0,0.6869,0.6869,0.6869,10000032,2015-09-23,2015-09-23,C,2.25,2015-02-09
13595,2015-04-08 13:36:00,2015-04-08,0.6869,0.0,0.0,431.0,0.6869,0.6869,0.6869,10000032,2015-09-23,2015-09-23,C,2.25,2015-02-09
13596,2015-04-08 13:37:00,2015-04-08,0.6869,0.0,0.0,431.0,0.6869,0.6869,0.6869,10000032,2015-09-23,2015-09-23,C,2.25,2015-02-09
13597,2015-04-08 13:38:00,2015-04-08,0.6869,0.0,0.0,431.0,0.6869,0.6869,0.6869,10000032,2015-09-23,2015-09-23,C,2.25,2015-02-09
13598,2015-04-08 13:39:00,2015-04-08,0.6869,0.0,0.0,431.0,0.6869,0.6869,0.6869,10000032,2015-09-23,2015-09-23,C,2.25,2015-02-09
13599,2015-04-08 13:40:00,2015-04-08,0.6869,0.0,0.0,431.0,0.6869,0.6869,0.6869,10000032,2015-09-23,2015-09-23,C,2.25,2015-02-09
13600,2015-04-08 13:41:00,2015-04-08,0.6869,0.0,0.0,431.0,0.6869,0.6869,0.6869,10000032,2015-09-23,2015-09-23,C,2.25,2015-02-09
13601,2015-04-08 13:42:00,2015-04-08,0.6869,0.0,0.0,431.0,0.6869,0.6869,0.6869,10000032,2015-09-23,2015-09-23,C,2.25,2015-02-09
13602,2015-04-08 13:43:00,2015-04-08,0.6869,0.0,0.0,431.0,0.6869,0.6869,0.6869,10000032,2015-09-23,2015-09-23,C,2.25,2015-02-09
13603,2015-04-08 13:44:00,2015-04-08,0.6869,0.0,0.0,431.0,0.6869,0.6869,0.6869,10000032,2015-09-23,2015-09-23,C,2.25,2015-02-09
13604,2015-04-08 13:45:00,2015-04-08,0.6869,0.0,0.0,431.0,0.6869,0.6869,0.6869,10000032,2015-09-23,2015-09-23,C,2.25,2015-02-09
13605,2015-04-08 13:46:00,2015-04-08,0.6869,0.0,0.0,431.0,0.6869,0.6869,0.6869,10000032,2015-09-23,2015-09-23,C,2.25,2015-02-09
13606,2015-04-08 13:47:00,2015-04-08,0.6869,0.0,0.0,431.0,0.6869,0.6869,0.6869,10000032,2015-09-23,2015-09-23,C,2.25,2015-02-09
13607,2015-04-08 13:48:00,2015-04-08,0.6869,0.0,0.0,431.0,0.6869,0.6869,0.6869,10000032,2015-09-23,2015-09-23,C,2.25,2015-02-09
13608,2015-04-08 13:49:00,2015-04-08,0.6869,0.0,0.0,431.0,0.6869,0.6869,0.6869,10000032,2015-09-23,2015-09-23,C,2.25,2015-02-09
13609,2015-04-08 13:50:00,2015-04-08,0.6869,0.0,0.0,431.0,0.6869,0.6869,0.6869,10000032,2015-09-23,2015-09-23,C,2.25,2015-02-09
13610,2015-04-08 13:51:00,2015-04-08,0.6869,0.0,0.0,431.0,0.6869,0.6869,0.6869,10000032,2015-09-23,2015-09-23,C,2.25,2015-02-09
13611,2015-04-08 13:52:00,2015-04-08,0.6869,0.0,0.0,431.0,0.6869,0.6869,0.6869,10000032,2015-09-23,2015-09-23,C,2.25,2015-02-09
13612,2015-04-08 13:53:00,2015-04-08,0.6869,0.0,0.0,431.0,0.6869,0.6869,0.6869,10000032,2015-09-23,2015-09-23,C,2.25,2015-02-09
13613,2015-04-08 13:54:00,2015-04-08,0.6869,0.0,0.0,431.0,0.6869,0.6869,0.6869,10000032,2015-09-23,2015-09-23,C,2.25,2015-02-09
13614,2015-04-08 13:55:00,2015-04-08,0.6869,0.0,0.0,431.0,0.6869,0.6869,0.6869,10000032,2015-09-23,2015-09-23,C,2.25,2015-02-09
13615,2015-04-08 13:56:00,2015-04-08,0.6869,0.0,0.0,431.0,0.6869,0.6869,0.6869,10000032,2015-09-23,2015-09-23,C,2.25,2015-02-09
13616,2015-04-08 13:57:00,2015-04-08,0.6869,0.0,0.0,431.0,0.6869,0.6869,0.6869,10000032,2015-09-23,2015-09-23,C,2.25,2015-02-09
13617,2015-04-08 13:58:00,2015-04-08,0.6869,0.0,0.0,431.0,0.6869,0.6869,0.6869,10000032,2015-09-23,2015-09-23,C,2.25,2015-02-09
13618,2015-04-08 13:59:00,2015-04-08,0.6869,0.0,0.0,431.0,0.6869,0.6869,0.6869,10000032,2015-09-23,2015-09-23,C,2.25,2015-02-09
13619,2015-04-08 14:00:00,2015-04-08,0.6869,0.0,0.0,431.0,0.6869,0.6869,0.6869,10000032,2015-09-23,2015-09-23,C,2.25,2015-02-09
13620,2015-04-08 14:01:00,2015-04-08,0.6869,0.0,0.0,431.0,0.6869,0.6869,0.6869,10000032,2015-09-23,2015-09-23,C,2.25,2015-02-09
13621,2015-04-08 14:02:00,2015-04-08,0.6869,0.0,0.0,431.0,0.6869,0.6869,0.6869,10000032,2015-09-23,2015-09-23,C,2.25,2015-02-09
13622,2015-04-08 14:03:00,2015-04-08,0.6869,0.0,0.0,431.0,0.6869,0.6869,0.6869,10000032,2015-09-23,2015-09-23,C,2.25,2015-02-09
13623,2015-04-08 14:04:00,2015-04-08,0.6869,0.0,0.0,431.0,0.6869,0.6869,0.6869,10000032,2015-09-23,2015-09-23,C,2.25,2015-02-09
13624,2015-04-08 14:05:00,2015-04-08,0.6869,0.0,0.0,431.0,0.6869,0.6869,0.6869,10000032,2015-09-23,2015-09-23,C,2.25,2015-02-09
13625,2015-04-08 14:06:00,2015-04-08,0.6869,0.0,0.0,431.0,0.6869,0.6869,0.6869,10000032,2015-09-23,2015-09-23,C,2.25,2015-02-09
13626,2015-04-08 14:07:00,2015-04-08,0.6869,0.0,0.0,431.0,0.6869,0.6869,0.6869,10000032,2015-09-23,2015-09-23,C,2.25,2015-02-09
13627,2015-04-08 14:08:00,2015-04-08,0.6869,0.0,0.0,431.0,0.6869,0.6869,0.6869,10000032,2015-09-23,2015-09-23,C,2.25,2015-02-09
13628,2015-04-08 14:09:00,2015-04-08,0.6869,0.0,0.0,431.0,0.6869,0.6869,0.6869,10000032,2015-09-23,2015-09-23,C,2.25,2015-02-09
13629,2015-04-08 14:10:00,2015-04-08,0.6869,0.0,0.0,431.0,0.6869,0.6869,0.6869,10000032,2015-09-23,2015-09-23,C,2.25,2015-02-09
13630,2015-04-08 14:11:00,2015-04-08,0.6869,0.0,0.0,431.0,0.6869,0.6869,0.6869,10000032,2015-09-23,2015-09-23,C,2.25,2015-02-09
13631,2015-04-08 14:12:00,2015-04-08,0.6869,0.0,0.0,431.0,0.6869,0.6869,0.6869,10000032,2015-09-23,2015-09-23,C,2.25,2015-02-09
13632,2015-04-08 14:13:00,2015-04-08,0.6869,0.0,0.0,431.0,0.6869,0.6869,0.6869,10000032,2015-09-23,2015-09-23,C,2.25,2015-02-09
13633,2015-04-08 14:14:00,2015-04-08,0.6869,0.0,0.0,431.0,0.6869,0.6869,0.6869,10000032,2015-09-23,2015-09-23,C,2.25,2015-02-09
13634,2015-04-08 14:15:00,2015-04-08,0.6869,0.0,0.0,431.0,0.6869,0.6869,0.6869,10000032,2015-09-23,2015-09-23,C,2.25,2015-02-09
13635,2015-04-08 14:16:00,2015-04-08,0.6869,0.0,0.0,431.0,0.6869,0.6869,0.6869,10000032,2015-09-23,2015-09-23,C,2.25,2015-02-09
13636,2015-04-08 14:17:00,2015-04-08,0.6869,0.0,0.0,431.0,0.6869,0.6869,0.6869,10000032,2015-09-23,2015-09-23,C,2.25,2015-02-09
13637,2015-04-08 14:18:00,2015-04-08,0.6869,0.0,0.0,431.0,0.6869,0.6869,0.6869,10000032,2015-09-23,2015-09-23,C,2.25,2015-02-09
13638,2015-04-08 14:19:00,2015-04-08,0.6869,0.0,0.0,431.0,0.6869,0.6869,0.6869,10000032,2015-09-23,2015-09-23,C,2.25,2015-02-09
13639,2015-04-08 14:20:00,2015-04-08,0.6869,0.0,0.0,431.0,0.6869,0.6869,0.6869,10000032,2015-09-23,2015-09-23,C,2.25,2015-02-09
13640,2015-04-08 14:21:00,2015-04-08,0.6869,0.0,0.0,431.0,0.6869,0.6869,0.6869,10000032,2015-09-23,2015-09-23,C,2.25,2015-02-09
13641,2015-04-08 14:22:00,2015-04-08,0.6869,0.0,0.0,431.0,0.6869,0.6869,0.6869,10000032,2015-09-23,2015-09-23,C,2.25,2015-02-09
13642,2015-04-08 14:23:00,2015-04-08,0.6869,0.0,0.0,431.0,0.6869,0.6869,0.6869,10000032,2015-09-23,2015-09-23,C,2.25,2015-02-09
13643,2015-04-08 14:24:00,2015-04-08,0.6869,0.0,0.0,431.0,0.6869,0.6869,0.6869,10000032,2015-09-23,2015-09-23,C,2.25,2015-02-09
13644,2015-04-08 14:25:00,2015-04-08,0.6869,0.0,0.0,431.0,0.6869,0.6869,0.6869,10000032,2015-09-23,2015-09-23,C,2.25,2015-02-09
13645,2015-04-08 14:26:00,2015-04-08,0.6869,0.0,0.0,431.0,0.6869,0.6869,0.6869,10000032,2015-09-23,2015-09-23,C,2.25,2015-02-09
13646,2015-04-08 14:27:00,2015-04-08,0.6869,0.0,0.0,431.0,0.6869,0.6869,0.6869,10000032,2015-09-23,2015-09-23,C,2.25,2015-02-09
13647,2015-04-08 14:28:00,2015-04-08,0.6869,0.0,0.0,431.0,0.6869,0.6869,0.6869,10000032,2015-09-23,2015-09-23,C,2.25,2015-02-09
13648,2015-04-08 14:29:00,2015-04-08,0.6869,0.0,0.0,431.0,0.6869,0.6869,0.6869,10000032,2015-09-23,2015-09-23,C,2.25,2015-02-09
13649,2015-04-08 14:30:00,2015-04-08,0.6869,0.0,0.0,431.0,0.6869,0.6869,0.6869,10000032,2015-09-23,2015-09-23,C,2.25,2015-02-09
13650,2015-04-08 14:31:00,2015-04-08,0.6869,0.0,0.0,431.0,0.6869,0.6869,0.6869,10000032,2015-09-23,2015-09-23,C,2.25,2015-02-09
13651,2015-04-08 14:32:00,2015-04-08,0.6869,0.0,0.0,431.0,0.6869,0.6869,0.6869,10000032,2015-09-23,2015-09-23,C,2.25,2015-02-09
13652,2015-04-08 14:33:00,2015-04-08,0.6869,0.0,0.0,431.0,0.6869,0.6869,0.6869,10000032,2015-09-23,2015-09-23,C,2.25,2015-02-09
13653,2015-04-08 14:34:00,2015-04-08,0.6869,0.0,0.0,431.0,0.6869,0.6869,0.6869,10000032,2015-09-23,2015-09-23,C,2.25,2015-02-09
13654,2015-04-08 14:35:00,2015-04-08,0.6869,0.0,0.0,431.0,0.6869,0.6869,0.6869,10000032,2015-09-23,2015-09-23,C,2.25,2015-02-09
13655,2015-04-08 14:36:00,2015-04-08,0.6869,0.0,0.0,431.0,0.6869,0.6869,0.6869,10000032,2015-09-23,2015-09-23,C,2.25,2015-02-09
13656,2015-04-08 14:37:00,2015-04-08,0.6869,0.0,0.0,431.0,0.6869,0.6869,0.6869,10000032,2015-09-23,2015-09-23,C,2.25,2015-02-09
13657,2015-04-08 14:38:00,2015-04-08,0.6869,0.0,0.0,431.0,0.6869,0.6869,0.6869,10000032,2015-09-23,2015-09-23,C,2.25,2015-02-09
13658,2015-04-08 14:39:00,2015-04-08,0.6869,0.0,0.0,431.0,0.6869,0.6869,0.6869,10000032,2015-09-23,2015-09-23,C,2.25,2015-02-09
13659,2015-04-08 14:40:00,2015-04-08,0.6869,0.0,0.0,431.0,0.6869,0.6869,0.6869,10000032,2015-09-23,2015-09-23,C,2.25,2015-02-09
13660,2015-04-08 14:41:00,2015-04-08,0.6869,0.0,0.0,431.0,0.6869,0.6869,0.6869,10000032,2015-09-23,2015-09-23,C,2.25,2015-02-09
13661,2015-04-08 14:42:00,2015-04-08,0.6869,0.0,0.0,431.0,0.6869,0.6869,0.6869,10000032,2015-09-23,2015-09-23,C,2.25,2015-02-09
13662,2015-04-08 14:43:00,2015-04-08,0.6869,0.0,0.0,431.0,0.6869,0.6869,0.6869,10000032,2015-09-23,2015-09-23,C,2.25,2015-02-09
13663,2015-04-08 14:44:00,2015-04-08,0.6869,0.0,0.0,431.0,0.6869,0.6869,0.6869,10000032,2015-09-23,2015-09-23,C,2.25,2015-02-09
13664,2015-04-08 14:45:00,2015-04-08,0.6869,0.0,0.0,431.0,0.6869,0.6869,0.6869,10000032,2015-09-23,2015-09-23,C,2.25,2015-02-09
13665,2015-04-08 14:46:00,2015-04-08,0.6869,0.0,0.0,431.0,0.6869,0.6869,0.6869,10000032,2015-09-23,2015-09-23,C,2.25,2015-02-09
13666,2015-04-08 14:47:00,2015-04-08,0.6869,0.0,0.0,431.0,0.6869,0.6869,0.6869,10000032,2015-09-23,2015-09-23,C,2.25,2015-02-09
13667,2015-04-08 14:48:00,2015-04-08,0.6869,0.0,0.0,431.0,0.6869,0.6869,0.6869,10000032,2015-09-23,2015-09-23,C,2.25,2015-02-09
13668,2015-04-08 14:49:00,2015-04-08,0.6869,0.0,0.0,431.0,0.6869,0.6869,0.6869,10000032,2015-09-23,2015-09-23,C,2.25,2015-02-09
13669,2015-04-08 14:50:00,2015-04-08,0.6869,0.0,0.0,431.0,0.6869,0.6869,0.6869,10000032,2015-09-23,2015-09-23,C,2.25,2015-02-09
13670,2015-04-08 14:51:00,2015-04-08,0.6869,0.0,0.0,431.0,0.6869,0.6869,0.6869,10000032,2015-09-23,2015-09-23,C,2.25,2015-02-09
13671,2015-04-08 14:52:00,2015-04-08,0.6869,0.0,0.0,431.0,0.6869,0.6869,0.6869,10000032,2015-09-23,2015-09-23,C,2.25,2015-02-09
13672,2015-04-08 14:53:00,2015-04-08,0.6869,0.0,0.0,431.0,0.6869,0.6869,0.6869,10000032,2015-09-23,2015-09-23,C,2.25,2015-02-09
13673,2015-04-08 14:54:00,2015-04-08,0.6869,0.0,0.0,431.0,0.6869,0.6869,0.6869,10000032,2015-09-23,2015-09-23,C,2.25,2015-02-09
13674,2015-04-08 14:55:00,2015-04-08,0.6869,0.0,0.0,431.0,0.6869,0.6869,0.6869,10000032,2015-09-23,2015-09-23,C,2.25,2015-02-09
13675,2015-04-08 14:56:00,2015-04-08,0.6869,0.0,0.0,431.0,0.6869,0.6869,0.6869,10000032,2015-09-23,2015-09-23,C,2.25,2015-02-09
13676,2015-04-08 14:57:00,2015-04-08,0.6869,0.0,0.0,431.0,0.6869,0.6869,0.6869,10000032,2015-09-23,2015-09-23,C,2.25,2015-02-09
13677,2015-04-08 14:58:00,2015-04-08,0.6869,0.0,0.0,431.0,0.6869,0.6869,0.6869,10000032,2015-09-23,2015-09-23,C,2.25,2015-02-09
13678,2015-04-08 14:59:00,2015-04-08,0.6869,0.0,0.0,431.0,0.6869,0.6869,0.6869,10000032,2015-09-23,2015-09-23,C,2.25,2015-02-09
13679,2015-04-08 15:00:00,2015-04-08,0.6869,0.0,0.0,431.0,0.6869,0.6869,0.6869,10000032,2015-09-23,2015-09-23,C,2.25,2015-02-09
13680,2015-04-08 09:31:00,2015-04-08,0.1972,9860.0,5.0,5.0,0.1972,0.1972,0.1972,10000137,2015-06-24,2015-06-24,P,2.9,2015-04-08
13681,2015-04-08 09:32:00,2015-04-08,0.1972,0.0,0.0,5.0,0.1972,0.1972,0.1972,10000137,2015-06-24,2015-06-24,P,2.9,2015-04-08
13682,2015-04-08 09:33:00,2015-04-08,0.1972,0.0,0.0,5.0,0.1972,0.1972,0.1972,10000137,2015-06-24,2015-06-24,P,2.9,2015-04-08
13683,2015-04-08 09:34:00,2015-04-08,0.1972,0.0,0.0,5.0,0.1972,0.1972,0.1972,10000137,2015-06-24,2015-06-24,P,2.9,2015-04-08
13684,2015-04-08 09:35:00,2015-04-08,0.1972,0.0,0.0,5.0,0.1972,0.1972,0.1972,10000137,2015-06-24,2015-06-24,P,2.9,2015-04-08
13685,2015-04-08 09:36:00,2015-04-08,0.1972,0.0,0.0,5.0,0.1972,0.1972,0.1972,10000137,2015-06-24,2015-06-24,P,2.9,2015-04-08
13686,2015-04-08 09:37:00,2015-04-08,0.1972,0.0,0.0,5.0,0.1972,0.1972,0.1972,10000137,2015-06-24,2015-06-24,P,2.9,2015-04-08
13687,2015-04-08 09:38:00,2015-04-08,0.1972,0.0,0.0,5.0,0.1972,0.1972,0.1972,10000137,2015-06-24,2015-06-24,P,2.9,2015-04-08
13688,2015-04-08 09:39:00,2015-04-08,0.1972,0.0,0.0,5.0,0.1972,0.1972,0.1972,10000137,2015-06-24,2015-06-24,P,2.9,2015-04-08
13689,2015-04-08 09:40:00,2015-04-08,0.1972,0.0,0.0,5.0,0.1972,0.1972,0.1972,10000137,2015-06-24,2015-06-24,P,2.9,2015-04-08
13690,2015-04-08 09:41:00,2015-04-08,0.1972,0.0,0.0,5.0,0.1972,0.1972,0.1972,10000137,2015-06-24,2015-06-24,P,2.9,2015-04-08
13691,2015-04-08 09:42:00,2015-04-08,0.1972,0.0,0.0,5.0,0.1972,0.1972,0.1972,10000137,2015-06-24,2015-06-24,P,2.9,2015-04-08
13692,2015-04-08 09:43:00,2015-04-08,0.1972,0.0,0.0,5.0,0.1972,0.1972,0.1972,10000137,2015-06-24,2015-06-24,P,2.9,2015-04-08
13693,2015-04-08 09:44:00,2015-04-08,0.1972,0.0,0.0,5.0,0.1972,0.1972,0.1972,10000137,2015-06-24,2015-06-24,P,2.9,2015-04-08
13694,2015-04-08 09:45:00,2015-04-08,0.1972,0.0,0.0,5.0,0.1972,0.1972,0.1972,10000137,2015-06-24,2015-06-24,P,2.9,2015-04-08
13695,2015-04-08 09:46:00,2015-04-08,0.1972,0.0,0.0,5.0,0.1972,0.1972,0.1972,10000137,2015-06-24,2015-06-24,P,2.9,2015-04-08
13696,2015-04-08 09:47:00,2015-04-08,0.1972,0.0,0.0,5.0,0.1972,0.1972,0.1972,10000137,2015-06-24,2015-06-24,P,2.9,2015-04-08
13697,2015-04-08 09:48:00,2015-04-08,0.1972,0.0,0.0,5.0,0.1972,0.1972,0.1972,10000137,2015-06-24,2015-06-24,P,2.9,2015-04-08
13698,2015-04-08 09:49:00,2015-04-08,0.1972,0.0,0.0,5.0,0.1972,0.1972,0.1972,10000137,2015-06-24,2015-06-24,P,2.9,2015-04-08
13699,2015-04-08 09:50:00,2015-04-08,0.1972,0.0,0.0,5.0,0.1972,0.1972,0.1972,10000137,2015-06-24,2015-06-24,P,2.9,2015-04-08
13700,2015-04-08 09:51:00,2015-04-08,0.1972,0.0,0.0,5.0,0.1972,0.1972,0.1972,10000137,2015-06-24,2015-06-24,P,2.9,2015-04-08
13701,2015-04-08 09:52:00,2015-04-08,0.1972,0.0,0.0,5.0,0.1972,0.1972,0.1972,10000137,2015-06-24,2015-06-24,P,2.9,2015-04-08
13702,2015-04-08 09:53:00,2015-04-08,0.1972,0.0,0.0,5.0,0.1972,0.1972,0.1972,10000137,2015-06-24,2015-06-24,P,2.9,2015-04-08
13703,2015-04-08 09:54:00,2015-04-08,0.1972,0.0,0.0,5.0,0.1972,0.1972,0.1972,10000137,2015-06-24,2015-06-24,P,2.9,2015-04-08
13704,2015-04-08 09:55:00,2015-04-08,0.1972,0.0,0.0,5.0,0.1972,0.1972,0.1972,10000137,2015-06-24,2015-06-24,P,2.9,2015-04-08
13705,2015-04-08 09:56:00,2015-04-08,0.1972,0.0,0.0,5.0,0.1972,0.1972,0.1972,10000137,2015-06-24,2015-06-24,P,2.9,2015-04-08
13706,2015-04-08 09:57:00,2015-04-08,0.1972,0.0,0.0,5.0,0.1972,0.1972,0.1972,10000137,2015-06-24,2015-06-24,P,2.9,2015-04-08
13707,2015-04-08 09:58:00,2015-04-08,0.1972,0.0,0.0,5.0,0.1972,0.1972,0.1972,10000137,2015-06-24,2015-06-24,P,2.9,2015-04-08
13708,2015-04-08 09:59:00,2015-04-08,0.1972,0.0,0.0,5.0,0.1972,0.1972,0.1972,10000137,2015-06-24,2015-06-24,P,2.9,2015-04-08
13709,2015-04-08 10:00:00,2015-04-08,0.1972,0.0,0.0,5.0,0.1972,0.1972,0.1972,10000137,2015-06-24,2015-06-24,P,2.9,2015-04-08
13710,2015-04-08 10:01:00,2015-04-08,0.1972,0.0,0.0,5.0,0.1972,0.1972,0.1972,10000137,2015-06-24,2015-06-24,P,2.9,2015-04-08
13711,2015-04-08 10:02:00,2015-04-08,0.1972,0.0,0.0,5.0,0.1972,0.1972,0.1972,10000137,2015-06-24,2015-06-24,P,2.9,2015-04-08
13712,2015-04-08 10:03:00,2015-04-08,0.1972,0.0,0.0,5.0,0.1972,0.1972,0.1972,10000137,2015-06-24,2015-06-24,P,2.9,2015-04-08
13713,2015-04-08 10:04:00,2015-04-08,0.1972,0.0,0.0,5.0,0.1972,0.1972,0.1972,10000137,2015-06-24,2015-06-24,P,2.9,2015-04-08
13714,2015-04-08 10:05:00,2015-04-08,0.1972,0.0,0.0,5.0,0.1972,0.1972,0.1972,10000137,2015-06-24,2015-06-24,P,2.9,2015-04-08
13715,2015-04-08 10:06:00,2015-04-08,0.1972,0.0,0.0,5.0,0.1972,0.1972,0.1972,10000137,2015-06-24,2015-06-24,P,2.9,2015-04-08
13716,2015-04-08 10:07:00,2015-04-08,0.1972,0.0,0.0,5.0,0.1972,0.1972,0.1972,10000137,2015-06-24,2015-06-24,P,2.9,2015-04-08
13717,2015-04-08 10:08:00,2015-04-08,0.1972,0.0,0.0,5.0,0.1972,0.1972,0.1972,10000137,2015-06-24,2015-06-24,P,2.9,2015-04-08
13718,2015-04-08 10:09:00,2015-04-08,0.1972,0.0,0.0,5.0,0.1972,0.1972,0.1972,10000137,2015-06-24,2015-06-24,P,2.9,2015-04-08
13719,2015-04-08 10:10:00,2015-04-08,0.1972,0.0,0.0,5.0,0.1972,0.1972,0.1972,10000137,2015-06-24,2015-06-24,P,2.9,2015-04-08
13720,2015-04-08 10:11:00,2015-04-08,0.1972,0.0,0.0,5.0,0.1972,0.1972,0.1972,10000137,2015-06-24,2015-06-24,P,2.9,2015-04-08
13721,2015-04-08 10:12:00,2015-04-08,0.1972,0.0,0.0,5.0,0.1972,0.1972,0.1972,10000137,2015-06-24,2015-06-24,P,2.9,2015-04-08
13722,2015-04-08 10:13:00,2015-04-08,0.1972,0.0,0.0,5.0,0.1972,0.1972,0.1972,10000137,2015-06-24,2015-06-24,P,2.9,2015-04-08
13723,2015-04-08 10:14:00,2015-04-08,0.1972,0.0,0.0,5.0,0.1972,0.1972,0.1972,10000137,2015-06-24,2015-06-24,P,2.9,2015-04-08
13724,2015-04-08 10:15:00,2015-04-08,0.1972,0.0,0.0,5.0,0.1972,0.1972,0.1972,10000137,2015-06-24,2015-06-24,P,2.9,2015-04-08
13725,2015-04-08 10:16:00,2015-04-08,0.1972,0.0,0.0,5.0,0.1972,0.1972,0.1972,10000137,2015-06-24,2015-06-24,P,2.9,2015-04-08
13726,2015-04-08 10:17:00,2015-04-08,0.1972,0.0,0.0,5.0,0.1972,0.1972,0.1972,10000137,2015-06-24,2015-06-24,P,2.9,2015-04-08
13727,2015-04-08 10:18:00,2015-04-08,0.1972,0.0,0.0,5.0,0.1972,0.1972,0.1972,10000137,2015-06-24,2015-06-24,P,2.9,2015-04-08
13728,2015-04-08 10:19:00,2015-04-08,0.1972,0.0,0.0,5.0,0.1972,0.1972,0.1972,10000137,2015-06-24,2015-06-24,P,2.9,2015-04-08
13729,2015-04-08 10:20:00,2015-04-08,0.1972,0.0,0.0,5.0,0.1972,0.1972,0.1972,10000137,2015-06-24,2015-06-24,P,2.9,2015-04-08
13730,2015-04-08 10:21:00,2015-04-08,0.1972,0.0,0.0,5.0,0.1972,0.1972,0.1972,10000137,2015-06-24,2015-06-24,P,2.9,2015-04-08
13731,2015-04-08 10:22:00,2015-04-08,0.1972,0.0,0.0,5.0,0.1972,0.1972,0.1972,10000137,2015-06-24,2015-06-24,P,2.9,2015-04-08
13732,2015-04-08 10:23:00,2015-04-08,0.1972,0.0,0.0,5.0,0.1972,0.1972,0.1972,10000137,2015-06-24,2015-06-24,P,2.9,2015-04-08
13733,2015-04-08 10:24:00,2015-04-08,0.1972,0.0,0.0,5.0,0.1972,0.1972,0.1972,10000137,2015-06-24,2015-06-24,P,2.9,2015-04-08
13734,2015-04-08 10:25:00,2015-04-08,0.1972,0.0,0.0,5.0,0.1972,0.1972,0.1972,10000137,2015-06-24,2015-06-24,P,2.9,2015-04-08
13735,2015-04-08 10:26:00,2015-04-08,0.1972,0.0,0.0,5.0,0.1972,0.1972,0.1972,10000137,2015-06-24,2015-06-24,P,2.9,2015-04-08
13736,2015-04-08 10:27:00,2015-04-08,0.1972,0.0,0.0,5.0,0.1972,0.1972,0.1972,10000137,2015-06-24,2015-06-24,P,2.9,2015-04-08
13737,2015-04-08 10:28:00,2015-04-08,0.1972,0.0,0.0,5.0,0.1972,0.1972,0.1972,10000137,2015-06-24,2015-06-24,P,2.9,2015-04-08
13738,2015-04-08 10:29:00,2015-04-08,0.1972,0.0,0.0,5.0,0.1972,0.1972,0.1972,10000137,2015-06-24,2015-06-24,P,2.9,2015-04-08
13739,2015-04-08 10:30:00,2015-04-08,0.1972,0.0,0.0,5.0,0.1972,0.1972,0.1972,10000137,2015-06-24,2015-06-24,P,2.9,2015-04-08
13740,2015-04-08 10:31:00,2015-04-08,0.1972,0.0,0.0,5.0,0.1972,0.1972,0.1972,10000137,2015-06-24,2015-06-24,P,2.9,2015-04-08
13741,2015-04-08 10:32:00,2015-04-08,0.1972,0.0,0.0,5.0,0.1972,0.1972,0.1972,10000137,2015-06-24,2015-06-24,P,2.9,2015-04-08
13742,2015-04-08 10:33:00,2015-04-08,0.1972,0.0,0.0,5.0,0.1972,0.1972,0.1972,10000137,2015-06-24,2015-06-24,P,2.9,2015-04-08
13743,2015-04-08 10:34:00,2015-04-08,0.1972,0.0,0.0,5.0,0.1972,0.1972,0.1972,10000137,2015-06-24,2015-06-24,P,2.9,2015-04-08
13744,2015-04-08 10:35:00,2015-04-08,0.1972,0.0,0.0,5.0,0.1972,0.1972,0.1972,10000137,2015-06-24,2015-06-24,P,2.9,2015-04-08
13745,2015-04-08 10:36:00,2015-04-08,0.1972,0.0,0.0,5.0,0.1972,0.1972,0.1972,10000137,2015-06-24,2015-06-24,P,2.9,2015-04-08
13746,2015-04-08 10:37:00,2015-04-08,0.1972,0.0,0.0,5.0,0.1972,0.1972,0.1972,10000137,2015-06-24,2015-06-24,P,2.9,2015-04-08
13747,2015-04-08 10:38:00,2015-04-08,0.1972,0.0,0.0,5.0,0.1972,0.1972,0.1972,10000137,2015-06-24,2015-06-24,P,2.9,2015-04-08
13748,2015-04-08 10:39:00,2015-04-08,0.1972,0.0,0.0,5.0,0.1972,0.1972,0.1972,10000137,2015-06-24,2015-06-24,P,2.9,2015-04-08
13749,2015-04-08 10:40:00,2015-04-08,0.1972,0.0,0.0,5.0,0.1972,0.1972,0.1972,10000137,2015-06-24,2015-06-24,P,2.9,2015-04-08
13750,2015-04-08 10:41:00,2015-04-08,0.1972,0.0,0.0,5.0,0.1972,0.1972,0.1972,10000137,2015-06-24,2015-06-24,P,2.9,2015-04-08
13751,2015-04-08 10:42:00,2015-04-08,0.1972,0.0,0.0,5.0,0.1972,0.1972,0.1972,10000137,2015-06-24,2015-06-24,P,2.9,2015-04-08
13752,2015-04-08 10:43:00,2015-04-08,0.1972,0.0,0.0,5.0,0.1972,0.1972,0.1972,10000137,2015-06-24,2015-06-24,P,2.9,2015-04-08
13753,2015-04-08 10:44:00,2015-04-08,0.1972,0.0,0.0,5.0,0.1972,0.1972,0.1972,10000137,2015-06-24,2015-06-24,P,2.9,2015-04-08
13754,2015-04-08 10:45:00,2015-04-08,0.1972,0.0,0.0,5.0,0.1972,0.1972,0.1972,10000137,2015-06-24,2015-06-24,P,2.9,2015-04-08
13755,2015-04-08 10:46:00,2015-04-08,0.1972,0.0,0.0,5.0,0.1972,0.1972,0.1972,10000137,2015-06-24,2015-06-24,P,2.9,2015-04-08
13756,2015-04-08 10:47:00,2015-04-08,0.1972,0.0,0.0,5.0,0.1972,0.1972,0.1972,10000137,2015-06-24,2015-06-24,P,2.9,2015-04-08
13757,2015-04-08 10:48:00,2015-04-08,0.1972,0.0,0.0,5.0,0.1972,0.1972,0.1972,10000137,2015-06-24,2015-06-24,P,2.9,2015-04-08
13758,2015-04-08 10:49:00,2015-04-08,0.1952,3904.0,2.0,7.0,0.1952,0.1952,0.1952,10000137,2015-06-24,2015-06-24,P,2.9,2015-04-08
13759,2015-04-08 10:50:00,2015-04-08,0.1952,0.0,0.0,7.0,0.1952,0.1952,0.1952,10000137,2015-06-24,2015-06-24,P,2.9,2015-04-08
13760,2015-04-08 10:51:00,2015-04-08,0.1952,0.0,0.0,7.0,0.1952,0.1952,0.1952,10000137,2015-06-24,2015-06-24,P,2.9,2015-04-08
13761,2015-04-08 10:52:00,2015-04-08,0.1952,0.0,0.0,7.0,0.1952,0.1952,0.1952,10000137,2015-06-24,2015-06-24,P,2.9,2015-04-08
13762,2015-04-08 10:53:00,2015-04-08,0.1952,0.0,0.0,7.0,0.1952,0.1952,0.1952,10000137,2015-06-24,2015-06-24,P,2.9,2015-04-08
13763,2015-04-08 10:54:00,2015-04-08,0.1952,0.0,0.0,7.0,0.1952,0.1952,0.1952,10000137,2015-06-24,2015-06-24,P,2.9,2015-04-08
13764,2015-04-08 10:55:00,2015-04-08,0.1952,0.0,0.0,7.0,0.1952,0.1952,0.1952,10000137,2015-06-24,2015-06-24,P,2.9,2015-04-08
13765,2015-04-08 10:56:00,2015-04-08,0.1952,0.0,0.0,7.0,0.1952,0.1952,0.1952,10000137,2015-06-24,2015-06-24,P,2.9,2015-04-08
13766,2015-04-08 10:57:00,2015-04-08,0.1952,0.0,0.0,7.0,0.1952,0.1952,0.1952,10000137,2015-06-24,2015-06-24,P,2.9,2015-04-08
13767,2015-04-08 10:58:00,2015-04-08,0.1952,0.0,0.0,7.0,0.1952,0.1952,0.1952,10000137,2015-06-24,2015-06-24,P,2.9,2015-04-08
13768,2015-04-08 10:59:00,2015-04-08,0.1952,0.0,0.0,7.0,0.1952,0.1952,0.1952,10000137,2015-06-24,2015-06-24,P,2.9,2015-04-08
13769,2015-04-08 11:00:00,2015-04-08,0.1952,0.0,0.0,7.0,0.1952,0.1952,0.1952,10000137,2015-06-24,2015-06-24,P,2.9,2015-04-08
13770,2015-04-08 11:01:00,2015-04-08,0.1952,0.0,0.0,7.0,0.1952,0.1952,0.1952,10000137,2015-06-24,2015-06-24,P,2.9,2015-04-08
13771,2015-04-08 11:02:00,2015-04-08,0.1952,0.0,0.0,7.0,0.1952,0.1952,0.1952,10000137,2015-06-24,2015-06-24,P,2.9,2015-04-08
13772,2015-04-08 11:03:00,2015-04-08,0.1952,0.0,0.0,7.0,0.1952,0.1952,0.1952,10000137,2015-06-24,2015-06-24,P,2.9,2015-04-08
13773,2015-04-08 11:04:00,2015-04-08,0.1952,0.0,0.0,7.0,0.1952,0.1952,0.1952,10000137,2015-06-24,2015-06-24,P,2.9,2015-04-08
13774,2015-04-08 11:05:00,2015-04-08,0.1952,0.0,0.0,7.0,0.1952,0.1952,0.1952,10000137,2015-06-24,2015-06-24,P,2.9,2015-04-08
13775,2015-04-08 11:06:00,2015-04-08,0.1952,0.0,0.0,7.0,0.1952,0.1952,0.1952,10000137,2015-06-24,2015-06-24,P,2.9,2015-04-08
13776,2015-04-08 11:07:00,2015-04-08,0.1952,0.0,0.0,7.0,0.1952,0.1952,0.1952,10000137,2015-06-24,2015-06-24,P,2.9,2015-04-08
13777,2015-04-08 11:08:00,2015-04-08,0.1952,0.0,0.0,7.0,0.1952,0.1952,0.1952,10000137,2015-06-24,2015-06-24,P,2.9,2015-04-08
13778,2015-04-08 11:09:00,2015-04-08,0.1952,0.0,0.0,7.0,0.1952,0.1952,0.1952,10000137,2015-06-24,2015-06-24,P,2.9,2015-04-08
13779,2015-04-08 11:10:00,2015-04-08,0.1952,0.0,0.0,7.0,0.1952,0.1952,0.1952,10000137,2015-06-24,2015-06-24,P,2.9,2015-04-08
13780,2015-04-08 11:11:00,2015-04-08,0.1952,0.0,0.0,7.0,0.1952,0.1952,0.1952,10000137,2015-06-24,2015-06-24,P,2.9,2015-04-08
13781,2015-04-08 11:12:00,2015-04-08,0.1952,0.0,0.0,7.0,0.1952,0.1952,0.1952,10000137,2015-06-24,2015-06-24,P,2.9,2015-04-08
13782,2015-04-08 11:13:00,2015-04-08,0.1952,0.0,0.0,7.0,0.1952,0.1952,0.1952,10000137,2015-06-24,2015-06-24,P,2.9,2015-04-08
13783,2015-04-08 11:14:00,2015-04-08,0.1952,0.0,0.0,7.0,0.1952,0.1952,0.1952,10000137,2015-06-24,2015-06-24,P,2.9,2015-04-08
13784,2015-04-08 11:15:00,2015-04-08,0.1952,0.0,0.0,7.0,0.1952,0.1952,0.1952,10000137,2015-06-24,2015-06-24,P,2.9,2015-04-08
13785,2015-04-08 11:16:00,2015-04-08,0.1952,0.0,0.0,7.0,0.1952,0.1952,0.1952,10000137,2015-06-24,2015-06-24,P,2.9,2015-04-08
13786,2015-04-08 11:17:00,2015-04-08,0.1952,0.0,0.0,7.0,0.1952,0.1952,0.1952,10000137,2015-06-24,2015-06-24,P,2.9,2015-04-08
13787,2015-04-08 11:18:00,2015-04-08,0.1952,0.0,0.0,7.0,0.1952,0.1952,0.1952,10000137,2015-06-24,2015-06-24,P,2.9,2015-04-08
13788,2015-04-08 11:19:00,2015-04-08,0.1952,0.0,0.0,7.0,0.1952,0.1952,0.1952,10000137,2015-06-24,2015-06-24,P,2.9,2015-04-08
13789,2015-04-08 11:20:00,2015-04-08,0.1952,0.0,0.0,7.0,0.1952,0.1952,0.1952,10000137,2015-06-24,2015-06-24,P,2.9,2015-04-08
13790,2015-04-08 11:21:00,2015-04-08,0.1952,0.0,0.0,7.0,0.1952,0.1952,0.1952,10000137,2015-06-24,2015-06-24,P,2.9,2015-04-08
13791,2015-04-08 11:22:00,2015-04-08,0.1952,0.0,0.0,7.0,0.1952,0.1952,0.1952,10000137,2015-06-24,2015-06-24,P,2.9,2015-04-08
13792,2015-04-08 11:23:00,2015-04-08,0.1952,0.0,0.0,7.0,0.1952,0.1952,0.1952,10000137,2015-06-24,2015-06-24,P,2.9,2015-04-08
13793,2015-04-08 11:24:00,2015-04-08,0.1952,0.0,0.0,7.0,0.1952,0.1952,0.1952,10000137,2015-06-24,2015-06-24,P,2.9,2015-04-08
13794,2015-04-08 11:25:00,2015-04-08,0.1952,0.0,0.0,7.0,0.1952,0.1952,0.1952,10000137,2015-06-24,2015-06-24,P,2.9,2015-04-08
13795,2015-04-08 11:26:00,2015-04-08,0.1952,0.0,0.0,7.0,0.1952,0.1952,0.1952,10000137,2015-06-24,2015-06-24,P,2.9,2015-04-08
13796,2015-04-08 11:27:00,2015-04-08,0.1952,0.0,0.0,7.0,0.1952,0.1952,0.1952,10000137,2015-06-24,2015-06-24,P,2.9,2015-04-08
13797,2015-04-08 11:28:00,2015-04-08,0.1944,19440.0,10.0,17.0,0.1944,0.1944,0.1944,10000137,2015-06-24,2015-06-24,P,2.9,2015-04-08
13798,2015-04-08 11:29:00,2015-04-08,0.1944,0.0,0.0,17.0,0.1944,0.1944,0.1944,10000137,2015-06-24,2015-06-24,P,2.9,2015-04-08
13799,2015-04-08 11:30:00,2015-04-08,0.1944,0.0,0.0,17.0,0.1944,0.1944,0.1944,10000137,2015-06-24,2015-06-24,P,2.9,2015-04-08
13800,2015-04-08 13:01:00,2015-04-08,0.1944,0.0,0.0,17.0,0.1944,0.1944,0.1944,10000137,2015-06-24,2015-06-24,P,2.9,2015-04-08
13801,2015-04-08 13:02:00,2015-04-08,0.1944,0.0,0.0,17.0,0.1944,0.1944,0.1944,10000137,2015-06-24,2015-06-24,P,2.9,2015-04-08
13802,2015-04-08 13:03:00,2015-04-08,0.1944,0.0,0.0,17.0,0.1944,0.1944,0.1944,10000137,2015-06-24,2015-06-24,P,2.9,2015-04-08
13803,2015-04-08 13:04:00,2015-04-08,0.1944,0.0,0.0,17.0,0.1944,0.1944,0.1944,10000137,2015-06-24,2015-06-24,P,2.9,2015-04-08
13804,2015-04-08 13:05:00,2015-04-08,0.1944,0.0,0.0,17.0,0.1944,0.1944,0.1944,10000137,2015-06-24,2015-06-24,P,2.9,2015-04-08
13805,2015-04-08 13:06:00,2015-04-08,0.1944,0.0,0.0,17.0,0.1944,0.1944,0.1944,10000137,2015-06-24,2015-06-24,P,2.9,2015-04-08
13806,2015-04-08 13:07:00,2015-04-08,0.1944,0.0,0.0,17.0,0.1944,0.1944,0.1944,10000137,2015-06-24,2015-06-24,P,2.9,2015-04-08
13807,2015-04-08 13:08:00,2015-04-08,0.1944,0.0,0.0,17.0,0.1944,0.1944,0.1944,10000137,2015-06-24,2015-06-24,P,2.9,2015-04-08
13808,2015-04-08 13:09:00,2015-04-08,0.1944,0.0,0.0,17.0,0.1944,0.1944,0.1944,10000137,2015-06-24,2015-06-24,P,2.9,2015-04-08
13809,2015-04-08 13:10:00,2015-04-08,0.1944,0.0,0.0,17.0,0.1944,0.1944,0.1944,10000137,2015-06-24,2015-06-24,P,2.9,2015-04-08
13810,2015-04-08 13:11:00,2015-04-08,0.1944,0.0,0.0,17.0,0.1944,0.1944,0.1944,10000137,2015-06-24,2015-06-24,P,2.9,2015-04-08
13811,2015-04-08 13:12:00,2015-04-08,0.1944,0.0,0.0,17.0,0.1944,0.1944,0.1944,10000137,2015-06-24,2015-06-24,P,2.9,2015-04-08
13812,2015-04-08 13:13:00,2015-04-08,0.1944,0.0,0.0,17.0,0.1944,0.1944,0.1944,10000137,2015-06-24,2015-06-24,P,2.9,2015-04-08
13813,2015-04-08 13:14:00,2015-04-08,0.1944,0.0,0.0,17.0,0.1944,0.1944,0.1944,10000137,2015-06-24,2015-06-24,P,2.9,2015-04-08
13814,2015-04-08 13:15:00,2015-04-08,0.1944,0.0,0.0,17.0,0.1944,0.1944,0.1944,10000137,2015-06-24,2015-06-24,P,2.9,2015-04-08
13815,2015-04-08 13:16:00,2015-04-08,0.1944,0.0,0.0,17.0,0.1944,0.1944,0.1944,10000137,2015-06-24,2015-06-24,P,2.9,2015-04-08
13816,2015-04-08 13:17:00,2015-04-08,0.1944,0.0,0.0,17.0,0.1944,0.1944,0.1944,10000137,2015-06-24,2015-06-24,P,2.9,2015-04-08
13817,2015-04-08 13:18:00,2015-04-08,0.1944,0.0,0.0,17.0,0.1944,0.1944,0.1944,10000137,2015-06-24,2015-06-24,P,2.9,2015-04-08
13818,2015-04-08 13:19:00,2015-04-08,0.1944,0.0,0.0,17.0,0.1944,0.1944,0.1944,10000137,2015-06-24,2015-06-24,P,2.9,2015-04-08
13819,2015-04-08 13:20:00,2015-04-08,0.1944,0.0,0.0,17.0,0.1944,0.1944,0.1944,10000137,2015-06-24,2015-06-24,P,2.9,2015-04-08
13820,2015-04-08 13:21:00,2015-04-08,0.1944,0.0,0.0,17.0,0.1944,0.1944,0.1944,10000137,2015-06-24,2015-06-24,P,2.9,2015-04-08
13821,2015-04-08 13:22:00,2015-04-08,0.1944,0.0,0.0,17.0,0.1944,0.1944,0.1944,10000137,2015-06-24,2015-06-24,P,2.9,2015-04-08
13822,2015-04-08 13:23:00,2015-04-08,0.1944,0.0,0.0,17.0,0.1944,0.1944,0.1944,10000137,2015-06-24,2015-06-24,P,2.9,2015-04-08
13823,2015-04-08 13:24:00,2015-04-08,0.1944,0.0,0.0,17.0,0.1944,0.1944,0.1944,10000137,2015-06-24,2015-06-24,P,2.9,2015-04-08
13824,2015-04-08 13:25:00,2015-04-08,0.1944,0.0,0.0,17.0,0.1944,0.1944,0.1944,10000137,2015-06-24,2015-06-24,P,2.9,2015-04-08
13825,2015-04-08 13:26:00,2015-04-08,0.1944,0.0,0.0,17.0,0.1944,0.1944,0.1944,10000137,2015-06-24,2015-06-24,P,2.9,2015-04-08
13826,2015-04-08 13:27:00,2015-04-08,0.1944,0.0,0.0,17.0,0.1944,0.1944,0.1944,10000137,2015-06-24,2015-06-24,P,2.9,2015-04-08
13827,2015-04-08 13:28:00,2015-04-08,0.1944,0.0,0.0,17.0,0.1944,0.1944,0.1944,10000137,2015-06-24,2015-06-24,P,2.9,2015-04-08
13828,2015-04-08 13:29:00,2015-04-08,0.1944,0.0,0.0,17.0,0.1944,0.1944,0.1944,10000137,2015-06-24,2015-06-24,P,2.9,2015-04-08
13829,2015-04-08 13:30:00,2015-04-08,0.1944,0.0,0.0,17.0,0.1944,0.1944,0.1944,10000137,2015-06-24,2015-06-24,P,2.9,2015-04-08
13830,2015-04-08 13:31:00,2015-04-08,0.1944,0.0,0.0,17.0,0.1944,0.1944,0.1944,10000137,2015-06-24,2015-06-24,P,2.9,2015-04-08
13831,2015-04-08 13:32:00,2015-04-08,0.1944,0.0,0.0,17.0,0.1944,0.1944,0.1944,10000137,2015-06-24,2015-06-24,P,2.9,2015-04-08
13832,2015-04-08 13:33:00,2015-04-08,0.1944,0.0,0.0,17.0,0.1944,0.1944,0.1944,10000137,2015-06-24,2015-06-24,P,2.9,2015-04-08
13833,2015-04-08 13:34:00,2015-04-08,0.1944,0.0,0.0,17.0,0.1944,0.1944,0.1944,10000137,2015-06-24,2015-06-24,P,2.9,2015-04-08
13834,2015-04-08 13:35:00,2015-04-08,0.1944,0.0,0.0,17.0,0.1944,0.1944,0.1944,10000137,2015-06-24,2015-06-24,P,2.9,2015-04-08
13835,2015-04-08 13:36:00,2015-04-08,0.1944,0.0,0.0,17.0,0.1944,0.1944,0.1944,10000137,2015-06-24,2015-06-24,P,2.9,2015-04-08
13836,2015-04-08 13:37:00,2015-04-08,0.1944,0.0,0.0,17.0,0.1944,0.1944,0.1944,10000137,2015-06-24,2015-06-24,P,2.9,2015-04-08
13837,2015-04-08 13:38:00,2015-04-08,0.1944,0.0,0.0,17.0,0.1944,0.1944,0.1944,10000137,2015-06-24,2015-06-24,P,2.9,2015-04-08
13838,2015-04-08 13:39:00,2015-04-08,0.1944,0.0,0.0,17.0,0.1944,0.1944,0.1944,10000137,2015-06-24,2015-06-24,P,2.9,2015-04-08
13839,2015-04-08 13:40:00,2015-04-08,0.1944,0.0,0.0,17.0,0.1944,0.1944,0.1944,10000137,2015-06-24,2015-06-24,P,2.9,2015-04-08
13840,2015-04-08 13:41:00,2015-04-08,0.1944,0.0,0.0,17.0,0.1944,0.1944,0.1944,10000137,2015-06-24,2015-06-24,P,2.9,2015-04-08
13841,2015-04-08 13:42:00,2015-04-08,0.1944,0.0,0.0,17.0,0.1944,0.1944,0.1944,10000137,2015-06-24,2015-06-24,P,2.9,2015-04-08
13842,2015-04-08 13:43:00,2015-04-08,0.1944,0.0,0.0,17.0,0.1944,0.1944,0.1944,10000137,2015-06-24,2015-06-24,P,2.9,2015-04-08
13843,2015-04-08 13:44:00,2015-04-08,0.1944,0.0,0.0,17.0,0.1944,0.1944,0.1944,10000137,2015-06-24,2015-06-24,P,2.9,2015-04-08
13844,2015-04-08 13:45:00,2015-04-08,0.1944,0.0,0.0,17.0,0.1944,0.1944,0.1944,10000137,2015-06-24,2015-06-24,P,2.9,2015-04-08
13845,2015-04-08 13:46:00,2015-04-08,0.1944,0.0,0.0,17.0,0.1944,0.1944,0.1944,10000137,2015-06-24,2015-06-24,P,2.9,2015-04-08
13846,2015-04-08 13:47:00,2015-04-08,0.1944,0.0,0.0,17.0,0.1944,0.1944,0.1944,10000137,2015-06-24,2015-06-24,P,2.9,2015-04-08
13847,2015-04-08 13:48:00,2015-04-08,0.1944,0.0,0.0,17.0,0.1944,0.1944,0.1944,10000137,2015-06-24,2015-06-24,P,2.9,2015-04-08
13848,2015-04-08 13:49:00,2015-04-08,0.1944,0.0,0.0,17.0,0.1944,0.1944,0.1944,10000137,2015-06-24,2015-06-24,P,2.9,2015-04-08
13849,2015-04-08 13:50:00,2015-04-08,0.1944,0.0,0.0,17.0,0.1944,0.1944,0.1944,10000137,2015-06-24,2015-06-24,P,2.9,2015-04-08
13850,2015-04-08 13:51:00,2015-04-08,0.1944,0.0,0.0,17.0,0.1944,0.1944,0.1944,10000137,2015-06-24,2015-06-24,P,2.9,2015-04-08
13851,2015-04-08 13:52:00,2015-04-08,0.1944,0.0,0.0,17.0,0.1944,0.1944,0.1944,10000137,2015-06-24,2015-06-24,P,2.9,2015-04-08
13852,2015-04-08 13:53:00,2015-04-08,0.1944,0.0,0.0,17.0,0.1944,0.1944,0.1944,10000137,2015-06-24,2015-06-24,P,2.9,2015-04-08
13853,2015-04-08 13:54:00,2015-04-08,0.1944,0.0,0.0,17.0,0.1944,0.1944,0.1944,10000137,2015-06-24,2015-06-24,P,2.9,2015-04-08
13854,2015-04-08 13:55:00,2015-04-08,0.1944,0.0,0.0,17.0,0.1944,0.1944,0.1944,10000137,2015-06-24,2015-06-24,P,2.9,2015-04-08
13855,2015-04-08 13:56:00,2015-04-08,0.1944,0.0,0.0,17.0,0.1944,0.1944,0.1944,10000137,2015-06-24,2015-06-24,P,2.9,2015-04-08
13856,2015-04-08 13:57:00,2015-04-08,0.1944,0.0,0.0,17.0,0.1944,0.1944,0.1944,10000137,2015-06-24,2015-06-24,P,2.9,2015-04-08
13857,2015-04-08 13:58:00,2015-04-08,0.1944,0.0,0.0,17.0,0.1944,0.1944,0.1944,10000137,2015-06-24,2015-06-24,P,2.9,2015-04-08
13858,2015-04-08 13:59:00,2015-04-08,0.1944,0.0,0.0,17.0,0.1944,0.1944,0.1944,10000137,2015-06-24,2015-06-24,P,2.9,2015-04-08
13859,2015-04-08 14:00:00,2015-04-08,0.1944,0.0,0.0,17.0,0.1944,0.1944,0.1944,10000137,2015-06-24,2015-06-24,P,2.9,2015-04-08
13860,2015-04-08 14:01:00,2015-04-08,0.1944,0.0,0.0,17.0,0.1944,0.1944,0.1944,10000137,2015-06-24,2015-06-24,P,2.9,2015-04-08
13861,2015-04-08 14:02:00,2015-04-08,0.1944,0.0,0.0,17.0,0.1944,0.1944,0.1944,10000137,2015-06-24,2015-06-24,P,2.9,2015-04-08
13862,2015-04-08 14:03:00,2015-04-08,0.1944,0.0,0.0,17.0,0.1944,0.1944,0.1944,10000137,2015-06-24,2015-06-24,P,2.9,2015-04-08
13863,2015-04-08 14:04:00,2015-04-08,0.1944,0.0,0.0,17.0,0.1944,0.1944,0.1944,10000137,2015-06-24,2015-06-24,P,2.9,2015-04-08
13864,2015-04-08 14:05:00,2015-04-08,0.1944,0.0,0.0,17.0,0.1944,0.1944,0.1944,10000137,2015-06-24,2015-06-24,P,2.9,2015-04-08
13865,2015-04-08 14:06:00,2015-04-08,0.1944,0.0,0.0,17.0,0.1944,0.1944,0.1944,10000137,2015-06-24,2015-06-24,P,2.9,2015-04-08
13866,2015-04-08 14:07:00,2015-04-08,0.1944,0.0,0.0,17.0,0.1944,0.1944,0.1944,10000137,2015-06-24,2015-06-24,P,2.9,2015-04-08
13867,2015-04-08 14:08:00,2015-04-08,0.1944,0.0,0.0,17.0,0.1944,0.1944,0.1944,10000137,2015-06-24,2015-06-24,P,2.9,2015-04-08
13868,2015-04-08 14:09:00,2015-04-08,0.1944,0.0,0.0,17.0,0.1944,0.1944,0.1944,10000137,2015-06-24,2015-06-24,P,2.9,2015-04-08
13869,2015-04-08 14:10:00,2015-04-08,0.1944,0.0,0.0,17.0,0.1944,0.1944,0.1944,10000137,2015-06-24,2015-06-24,P,2.9,2015-04-08
13870,2015-04-08 14:11:00,2015-04-08,0.1699,16990.0,10.0,17.0,0.1699,0.1699,0.1699,10000137,2015-06-24,2015-06-24,P,2.9,2015-04-08
13871,2015-04-08 14:12:00,2015-04-08,0.1699,0.0,0.0,17.0,0.1699,0.1699,0.1699,10000137,2015-06-24,2015-06-24,P,2.9,2015-04-08
13872,2015-04-08 14:13:00,2015-04-08,0.1699,0.0,0.0,17.0,0.1699,0.1699,0.1699,10000137,2015-06-24,2015-06-24,P,2.9,2015-04-08
13873,2015-04-08 14:14:00,2015-04-08,0.1699,0.0,0.0,17.0,0.1699,0.1699,0.1699,10000137,2015-06-24,2015-06-24,P,2.9,2015-04-08
13874,2015-04-08 14:15:00,2015-04-08,0.1699,0.0,0.0,17.0,0.1699,0.1699,0.1699,10000137,2015-06-24,2015-06-24,P,2.9,2015-04-08
13875,2015-04-08 14:16:00,2015-04-08,0.1699,0.0,0.0,17.0,0.1699,0.1699,0.1699,10000137,2015-06-24,2015-06-24,P,2.9,2015-04-08
13876,2015-04-08 14:17:00,2015-04-08,0.1699,0.0,0.0,17.0,0.1699,0.1699,0.1699,10000137,2015-06-24,2015-06-24,P,2.9,2015-04-08
13877,2015-04-08 14:18:00,2015-04-08,0.1699,0.0,0.0,17.0,0.1699,0.1699,0.1699,10000137,2015-06-24,2015-06-24,P,2.9,2015-04-08
13878,2015-04-08 14:19:00,2015-04-08,0.1699,0.0,0.0,17.0,0.1699,0.1699,0.1699,10000137,2015-06-24,2015-06-24,P,2.9,2015-04-08
13879,2015-04-08 14:20:00,2015-04-08,0.1699,0.0,0.0,17.0,0.1699,0.1699,0.1699,10000137,2015-06-24,2015-06-24,P,2.9,2015-04-08
13880,2015-04-08 14:21:00,2015-04-08,0.1699,0.0,0.0,17.0,0.1699,0.1699,0.1699,10000137,2015-06-24,2015-06-24,P,2.9,2015-04-08
13881,2015-04-08 14:22:00,2015-04-08,0.1699,0.0,0.0,17.0,0.1699,0.1699,0.1699,10000137,2015-06-24,2015-06-24,P,2.9,2015-04-08
13882,2015-04-08 14:23:00,2015-04-08,0.1699,0.0,0.0,17.0,0.1699,0.1699,0.1699,10000137,2015-06-24,2015-06-24,P,2.9,2015-04-08
13883,2015-04-08 14:24:00,2015-04-08,0.1699,0.0,0.0,17.0,0.1699,0.1699,0.1699,10000137,2015-06-24,2015-06-24,P,2.9,2015-04-08
13884,2015-04-08 14:25:00,2015-04-08,0.1699,0.0,0.0,17.0,0.1699,0.1699,0.1699,10000137,2015-06-24,2015-06-24,P,2.9,2015-04-08
13885,2015-04-08 14:26:00,2015-04-08,0.1699,0.0,0.0,17.0,0.1699,0.1699,0.1699,10000137,2015-06-24,2015-06-24,P,2.9,2015-04-08
13886,2015-04-08 14:27:00,2015-04-08,0.1699,0.0,0.0,17.0,0.1699,0.1699,0.1699,10000137,2015-06-24,2015-06-24,P,2.9,2015-04-08
13887,2015-04-08 14:28:00,2015-04-08,0.1699,0.0,0.0,17.0,0.1699,0.1699,0.1699,10000137,2015-06-24,2015-06-24,P,2.9,2015-04-08
13888,2015-04-08 14:29:00,2015-04-08,0.1855,9275.0,5.0,17.0,0.1855,0.1855,0.1855,10000137,2015-06-24,2015-06-24,P,2.9,2015-04-08
13889,2015-04-08 14:30:00,2015-04-08,0.1855,0.0,0.0,17.0,0.1855,0.1855,0.1855,10000137,2015-06-24,2015-06-24,P,2.9,2015-04-08
13890,2015-04-08 14:31:00,2015-04-08,0.1855,0.0,0.0,17.0,0.1855,0.1855,0.1855,10000137,2015-06-24,2015-06-24,P,2.9,2015-04-08
13891,2015-04-08 14:32:00,2015-04-08,0.1855,0.0,0.0,17.0,0.1855,0.1855,0.1855,10000137,2015-06-24,2015-06-24,P,2.9,2015-04-08
13892,2015-04-08 14:33:00,2015-04-08,0.1855,0.0,0.0,17.0,0.1855,0.1855,0.1855,10000137,2015-06-24,2015-06-24,P,2.9,2015-04-08
13893,2015-04-08 14:34:00,2015-04-08,0.1855,0.0,0.0,17.0,0.1855,0.1855,0.1855,10000137,2015-06-24,2015-06-24,P,2.9,2015-04-08
13894,2015-04-08 14:35:00,2015-04-08,0.1855,0.0,0.0,17.0,0.1855,0.1855,0.1855,10000137,2015-06-24,2015-06-24,P,2.9,2015-04-08
13895,2015-04-08 14:36:00,2015-04-08,0.1855,0.0,0.0,17.0,0.1855,0.1855,0.1855,10000137,2015-06-24,2015-06-24,P,2.9,2015-04-08
13896,2015-04-08 14:37:00,2015-04-08,0.1855,0.0,0.0,17.0,0.1855,0.1855,0.1855,10000137,2015-06-24,2015-06-24,P,2.9,2015-04-08
13897,2015-04-08 14:38:00,2015-04-08,0.1855,0.0,0.0,17.0,0.1855,0.1855,0.1855,10000137,2015-06-24,2015-06-24,P,2.9,2015-04-08
13898,2015-04-08 14:39:00,2015-04-08,0.1855,0.0,0.0,17.0,0.1855,0.1855,0.1855,10000137,2015-06-24,2015-06-24,P,2.9,2015-04-08
13899,2015-04-08 14:40:00,2015-04-08,0.1855,0.0,0.0,17.0,0.1855,0.1855,0.1855,10000137,2015-06-24,2015-06-24,P,2.9,2015-04-08
13900,2015-04-08 14:41:00,2015-04-08,0.1855,0.0,0.0,17.0,0.1855,0.1855,0.1855,10000137,2015-06-24,2015-06-24,P,2.9,2015-04-08
13901,2015-04-08 14:42:00,2015-04-08,0.1855,0.0,0.0,17.0,0.1855,0.1855,0.1855,10000137,2015-06-24,2015-06-24,P,2.9,2015-04-08
13902,2015-04-08 14:43:00,2015-04-08,0.1855,0.0,0.0,17.0,0.1855,0.1855,0.1855,10000137,2015-06-24,2015-06-24,P,2.9,2015-04-08
13903,2015-04-08 14:44:00,2015-04-08,0.1855,0.0,0.0,17.0,0.1855,0.1855,0.1855,10000137,2015-06-24,2015-06-24,P,2.9,2015-04-08
13904,2015-04-08 14:45:00,2015-04-08,0.1855,0.0,0.0,17.0,0.1855,0.1855,0.1855,10000137,2015-06-24,2015-06-24,P,2.9,2015-04-08
13905,2015-04-08 14:46:00,2015-04-08,0.1855,0.0,0.0,17.0,0.1855,0.1855,0.1855,10000137,2015-06-24,2015-06-24,P,2.9,2015-04-08
13906,2015-04-08 14:47:00,2015-04-08,0.1855,0.0,0.0,17.0,0.1855,0.1855,0.1855,10000137,2015-06-24,2015-06-24,P,2.9,2015-04-08
13907,2015-04-08 14:48:00,2015-04-08,0.1855,0.0,0.0,17.0,0.1855,0.1855,0.1855,10000137,2015-06-24,2015-06-24,P,2.9,2015-04-08
13908,2015-04-08 14:49:00,2015-04-08,0.1855,0.0,0.0,17.0,0.1855,0.1855,0.1855,10000137,2015-06-24,2015-06-24,P,2.9,2015-04-08
13909,2015-04-08 14:50:00,2015-04-08,0.1855,0.0,0.0,17.0,0.1855,0.1855,0.1855,10000137,2015-06-24,2015-06-24,P,2.9,2015-04-08
13910,2015-04-08 14:51:00,2015-04-08,0.1855,0.0,0.0,17.0,0.1855,0.1855,0.1855,10000137,2015-06-24,2015-06-24,P,2.9,2015-04-08
13911,2015-04-08 14:52:00,2015-04-08,0.1855,0.0,0.0,17.0,0.1855,0.1855,0.1855,10000137,2015-06-24,2015-06-24,P,2.9,2015-04-08
13912,2015-04-08 14:53:00,2015-04-08,0.1855,0.0,0.0,17.0,0.1855,0.1855,0.1855,10000137,2015-06-24,2015-06-24,P,2.9,2015-04-08
13913,2015-04-08 14:54:00,2015-04-08,0.1855,0.0,0.0,17.0,0.1855,0.1855,0.1855,10000137,2015-06-24,2015-06-24,P,2.9,2015-04-08
13914,2015-04-08 14:55:00,2015-04-08,0.1855,0.0,0.0,17.0,0.1855,0.1855,0.1855,10000137,2015-06-24,2015-06-24,P,2.9,2015-04-08
13915,2015-04-08 14:56:00,2015-04-08,0.1855,0.0,0.0,17.0,0.1855,0.1855,0.1855,10000137,2015-06-24,2015-06-24,P,2.9,2015-04-08
13916,2015-04-08 14:57:00,2015-04-08,0.1855,0.0,0.0,17.0,0.1855,0.1855,0.1855,10000137,2015-06-24,2015-06-24,P,2.9,2015-04-08
13917,2015-04-08 14:58:00,2015-04-08,0.1855,0.0,0.0,17.0,0.1855,0.1855,0.1855,10000137,2015-06-24,2015-06-24,P,2.9,2015-04-08
13918,2015-04-08 14:59:00,2015-04-08,0.1855,0.0,0.0,17.0,0.1855,0.1855,0.1855,10000137,2015-06-24,2015-06-24,P,2.9,2015-04-08
13919,2015-04-08 15:00:00,2015-04-08,0.1855,0.0,0.0,17.0,0.1855,0.1855,0.1855,10000137,2015-06-24,2015-06-24,P,2.9,2015-04-08
13920,2015-04-08 09:31:00,2015-04-08,0.0497,28082.0,60.0,419.0,0.0417,0.0465,0.0417,10000054,2015-06-24,2015-06-24,P,2.5,2015-02-12
13921,2015-04-08 09:32:00,2015-04-08,0.0455,6697.0,15.0,434.0,0.0455,0.0444,0.0444,10000054,2015-06-24,2015-06-24,P,2.5,2015-02-12
13922,2015-04-08 09:33:00,2015-04-08,0.0444,0.0,0.0,434.0,0.0444,0.0444,0.0444,10000054,2015-06-24,2015-06-24,P,2.5,2015-02-12
13923,2015-04-08 09:34:00,2015-04-08,0.0444,0.0,0.0,434.0,0.0444,0.0444,0.0444,10000054,2015-06-24,2015-06-24,P,2.5,2015-02-12
13924,2015-04-08 09:35:00,2015-04-08,0.0444,0.0,0.0,434.0,0.0444,0.0444,0.0444,10000054,2015-06-24,2015-06-24,P,2.5,2015-02-12
13925,2015-04-08 09:36:00,2015-04-08,0.0444,0.0,0.0,434.0,0.0444,0.0444,0.0444,10000054,2015-06-24,2015-06-24,P,2.5,2015-02-12
13926,2015-04-08 09:37:00,2015-04-08,0.0444,0.0,0.0,434.0,0.0444,0.0444,0.0444,10000054,2015-06-24,2015-06-24,P,2.5,2015-02-12
13927,2015-04-08 09:38:00,2015-04-08,0.0444,0.0,0.0,434.0,0.0444,0.0444,0.0444,10000054,2015-06-24,2015-06-24,P,2.5,2015-02-12
13928,2015-04-08 09:39:00,2015-04-08,0.0444,0.0,0.0,434.0,0.0444,0.0444,0.0444,10000054,2015-06-24,2015-06-24,P,2.5,2015-02-12
13929,2015-04-08 09:40:00,2015-04-08,0.0444,0.0,0.0,434.0,0.0444,0.0444,0.0444,10000054,2015-06-24,2015-06-24,P,2.5,2015-02-12
13930,2015-04-08 09:41:00,2015-04-08,0.0444,0.0,0.0,434.0,0.0444,0.0444,0.0444,10000054,2015-06-24,2015-06-24,P,2.5,2015-02-12
13931,2015-04-08 09:42:00,2015-04-08,0.0444,0.0,0.0,434.0,0.0444,0.0444,0.0444,10000054,2015-06-24,2015-06-24,P,2.5,2015-02-12
13932,2015-04-08 09:43:00,2015-04-08,0.0444,0.0,0.0,434.0,0.0444,0.0444,0.0444,10000054,2015-06-24,2015-06-24,P,2.5,2015-02-12
13933,2015-04-08 09:44:00,2015-04-08,0.0444,0.0,0.0,434.0,0.0444,0.0444,0.0444,10000054,2015-06-24,2015-06-24,P,2.5,2015-02-12
13934,2015-04-08 09:45:00,2015-04-08,0.0444,0.0,0.0,434.0,0.0444,0.0444,0.0444,10000054,2015-06-24,2015-06-24,P,2.5,2015-02-12
13935,2015-04-08 09:46:00,2015-04-08,0.0444,0.0,0.0,434.0,0.0444,0.0444,0.0444,10000054,2015-06-24,2015-06-24,P,2.5,2015-02-12
13936,2015-04-08 09:47:00,2015-04-08,0.0444,0.0,0.0,434.0,0.0444,0.0444,0.0444,10000054,2015-06-24,2015-06-24,P,2.5,2015-02-12
13937,2015-04-08 09:48:00,2015-04-08,0.0444,0.0,0.0,434.0,0.0444,0.0444,0.0444,10000054,2015-06-24,2015-06-24,P,2.5,2015-02-12
13938,2015-04-08 09:49:00,2015-04-08,0.0444,0.0,0.0,434.0,0.0444,0.0444,0.0444,10000054,2015-06-24,2015-06-24,P,2.5,2015-02-12
13939,2015-04-08 09:50:00,2015-04-08,0.0444,0.0,0.0,434.0,0.0444,0.0444,0.0444,10000054,2015-06-24,2015-06-24,P,2.5,2015-02-12
13940,2015-04-08 09:51:00,2015-04-08,0.0444,0.0,0.0,434.0,0.0444,0.0444,0.0444,10000054,2015-06-24,2015-06-24,P,2.5,2015-02-12
13941,2015-04-08 09:52:00,2015-04-08,0.0444,0.0,0.0,434.0,0.0444,0.0444,0.0444,10000054,2015-06-24,2015-06-24,P,2.5,2015-02-12
13942,2015-04-08 09:53:00,2015-04-08,0.0444,0.0,0.0,434.0,0.0444,0.0444,0.0444,10000054,2015-06-24,2015-06-24,P,2.5,2015-02-12
13943,2015-04-08 09:54:00,2015-04-08,0.0444,0.0,0.0,434.0,0.0444,0.0444,0.0444,10000054,2015-06-24,2015-06-24,P,2.5,2015-02-12
13944,2015-04-08 09:55:00,2015-04-08,0.0444,0.0,0.0,434.0,0.0444,0.0444,0.0444,10000054,2015-06-24,2015-06-24,P,2.5,2015-02-12
13945,2015-04-08 09:56:00,2015-04-08,0.0444,0.0,0.0,434.0,0.0444,0.0444,0.0444,10000054,2015-06-24,2015-06-24,P,2.5,2015-02-12
13946,2015-04-08 09:57:00,2015-04-08,0.0418,2090.0,5.0,439.0,0.0418,0.0418,0.0418,10000054,2015-06-24,2015-06-24,P,2.5,2015-02-12
13947,2015-04-08 09:58:00,2015-04-08,0.0418,0.0,0.0,439.0,0.0418,0.0418,0.0418,10000054,2015-06-24,2015-06-24,P,2.5,2015-02-12
13948,2015-04-08 09:59:00,2015-04-08,0.0418,0.0,0.0,439.0,0.0418,0.0418,0.0418,10000054,2015-06-24,2015-06-24,P,2.5,2015-02-12
13949,2015-04-08 10:00:00,2015-04-08,0.0418,0.0,0.0,439.0,0.0418,0.0418,0.0418,10000054,2015-06-24,2015-06-24,P,2.5,2015-02-12
13950,2015-04-08 10:01:00,2015-04-08,0.0418,0.0,0.0,439.0,0.0418,0.0418,0.0418,10000054,2015-06-24,2015-06-24,P,2.5,2015-02-12
13951,2015-04-08 10:02:00,2015-04-08,0.0418,0.0,0.0,439.0,0.0418,0.0418,0.0418,10000054,2015-06-24,2015-06-24,P,2.5,2015-02-12
13952,2015-04-08 10:03:00,2015-04-08,0.0418,0.0,0.0,439.0,0.0418,0.0418,0.0418,10000054,2015-06-24,2015-06-24,P,2.5,2015-02-12
13953,2015-04-08 10:04:00,2015-04-08,0.0418,0.0,0.0,439.0,0.0418,0.0418,0.0418,10000054,2015-06-24,2015-06-24,P,2.5,2015-02-12
13954,2015-04-08 10:05:00,2015-04-08,0.0418,0.0,0.0,439.0,0.0418,0.0418,0.0418,10000054,2015-06-24,2015-06-24,P,2.5,2015-02-12
13955,2015-04-08 10:06:00,2015-04-08,0.0418,0.0,0.0,439.0,0.0418,0.0418,0.0418,10000054,2015-06-24,2015-06-24,P,2.5,2015-02-12
13956,2015-04-08 10:07:00,2015-04-08,0.0418,0.0,0.0,439.0,0.0418,0.0418,0.0418,10000054,2015-06-24,2015-06-24,P,2.5,2015-02-12
13957,2015-04-08 10:08:00,2015-04-08,0.0418,0.0,0.0,439.0,0.0418,0.0418,0.0418,10000054,2015-06-24,2015-06-24,P,2.5,2015-02-12
13958,2015-04-08 10:09:00,2015-04-08,0.0418,0.0,0.0,439.0,0.0418,0.0418,0.0418,10000054,2015-06-24,2015-06-24,P,2.5,2015-02-12
13959,2015-04-08 10:10:00,2015-04-08,0.0418,0.0,0.0,439.0,0.0418,0.0418,0.0418,10000054,2015-06-24,2015-06-24,P,2.5,2015-02-12
13960,2015-04-08 10:11:00,2015-04-08,0.0418,0.0,0.0,439.0,0.0418,0.0418,0.0418,10000054,2015-06-24,2015-06-24,P,2.5,2015-02-12
13961,2015-04-08 10:12:00,2015-04-08,0.0418,0.0,0.0,439.0,0.0418,0.0418,0.0418,10000054,2015-06-24,2015-06-24,P,2.5,2015-02-12
13962,2015-04-08 10:13:00,2015-04-08,0.0418,0.0,0.0,439.0,0.0418,0.0418,0.0418,10000054,2015-06-24,2015-06-24,P,2.5,2015-02-12
13963,2015-04-08 10:14:00,2015-04-08,0.0418,0.0,0.0,439.0,0.0418,0.0418,0.0418,10000054,2015-06-24,2015-06-24,P,2.5,2015-02-12
13964,2015-04-08 10:15:00,2015-04-08,0.0418,0.0,0.0,439.0,0.0418,0.0418,0.0418,10000054,2015-06-24,2015-06-24,P,2.5,2015-02-12
13965,2015-04-08 10:16:00,2015-04-08,0.0418,0.0,0.0,439.0,0.0418,0.0418,0.0418,10000054,2015-06-24,2015-06-24,P,2.5,2015-02-12
13966,2015-04-08 10:17:00,2015-04-08,0.0418,0.0,0.0,439.0,0.0418,0.0418,0.0418,10000054,2015-06-24,2015-06-24,P,2.5,2015-02-12
13967,2015-04-08 10:18:00,2015-04-08,0.0418,0.0,0.0,439.0,0.0418,0.0418,0.0418,10000054,2015-06-24,2015-06-24,P,2.5,2015-02-12
13968,2015-04-08 10:19:00,2015-04-08,0.0418,0.0,0.0,439.0,0.0418,0.0418,0.0418,10000054,2015-06-24,2015-06-24,P,2.5,2015-02-12
13969,2015-04-08 10:20:00,2015-04-08,0.0418,0.0,0.0,439.0,0.0418,0.0418,0.0418,10000054,2015-06-24,2015-06-24,P,2.5,2015-02-12
13970,2015-04-08 10:21:00,2015-04-08,0.0418,0.0,0.0,439.0,0.0418,0.0418,0.0418,10000054,2015-06-24,2015-06-24,P,2.5,2015-02-12
13971,2015-04-08 10:22:00,2015-04-08,0.0418,0.0,0.0,439.0,0.0418,0.0418,0.0418,10000054,2015-06-24,2015-06-24,P,2.5,2015-02-12
13972,2015-04-08 10:23:00,2015-04-08,0.0418,0.0,0.0,439.0,0.0418,0.0418,0.0418,10000054,2015-06-24,2015-06-24,P,2.5,2015-02-12
13973,2015-04-08 10:24:00,2015-04-08,0.0418,0.0,0.0,439.0,0.0418,0.0418,0.0418,10000054,2015-06-24,2015-06-24,P,2.5,2015-02-12
13974,2015-04-08 10:25:00,2015-04-08,0.0418,0.0,0.0,439.0,0.0418,0.0418,0.0418,10000054,2015-06-24,2015-06-24,P,2.5,2015-02-12
13975,2015-04-08 10:26:00,2015-04-08,0.0418,0.0,0.0,439.0,0.0418,0.0418,0.0418,10000054,2015-06-24,2015-06-24,P,2.5,2015-02-12
13976,2015-04-08 10:27:00,2015-04-08,0.0418,0.0,0.0,439.0,0.0418,0.0418,0.0418,10000054,2015-06-24,2015-06-24,P,2.5,2015-02-12
13977,2015-04-08 10:28:00,2015-04-08,0.0418,0.0,0.0,439.0,0.0418,0.0418,0.0418,10000054,2015-06-24,2015-06-24,P,2.5,2015-02-12
13978,2015-04-08 10:29:00,2015-04-08,0.0418,0.0,0.0,439.0,0.0418,0.0418,0.0418,10000054,2015-06-24,2015-06-24,P,2.5,2015-02-12
13979,2015-04-08 10:30:00,2015-04-08,0.0418,0.0,0.0,439.0,0.0418,0.0418,0.0418,10000054,2015-06-24,2015-06-24,P,2.5,2015-02-12
13980,2015-04-08 10:31:00,2015-04-08,0.0418,0.0,0.0,439.0,0.0418,0.0418,0.0418,10000054,2015-06-24,2015-06-24,P,2.5,2015-02-12
13981,2015-04-08 10:32:00,2015-04-08,0.0418,0.0,0.0,439.0,0.0418,0.0418,0.0418,10000054,2015-06-24,2015-06-24,P,2.5,2015-02-12
13982,2015-04-08 10:33:00,2015-04-08,0.0418,0.0,0.0,439.0,0.0418,0.0418,0.0418,10000054,2015-06-24,2015-06-24,P,2.5,2015-02-12
13983,2015-04-08 10:34:00,2015-04-08,0.0418,0.0,0.0,439.0,0.0418,0.0418,0.0418,10000054,2015-06-24,2015-06-24,P,2.5,2015-02-12
13984,2015-04-08 10:35:00,2015-04-08,0.0418,0.0,0.0,439.0,0.0418,0.0418,0.0418,10000054,2015-06-24,2015-06-24,P,2.5,2015-02-12
13985,2015-04-08 10:36:00,2015-04-08,0.0418,0.0,0.0,439.0,0.0418,0.0418,0.0418,10000054,2015-06-24,2015-06-24,P,2.5,2015-02-12
13986,2015-04-08 10:37:00,2015-04-08,0.0418,0.0,0.0,439.0,0.0418,0.0418,0.0418,10000054,2015-06-24,2015-06-24,P,2.5,2015-02-12
13987,2015-04-08 10:38:00,2015-04-08,0.0418,0.0,0.0,439.0,0.0418,0.0418,0.0418,10000054,2015-06-24,2015-06-24,P,2.5,2015-02-12
13988,2015-04-08 10:39:00,2015-04-08,0.0418,0.0,0.0,439.0,0.0418,0.0418,0.0418,10000054,2015-06-24,2015-06-24,P,2.5,2015-02-12
13989,2015-04-08 10:40:00,2015-04-08,0.0418,0.0,0.0,439.0,0.0418,0.0418,0.0418,10000054,2015-06-24,2015-06-24,P,2.5,2015-02-12
13990,2015-04-08 10:41:00,2015-04-08,0.0418,0.0,0.0,439.0,0.0418,0.0418,0.0418,10000054,2015-06-24,2015-06-24,P,2.5,2015-02-12
13991,2015-04-08 10:42:00,2015-04-08,0.0418,0.0,0.0,439.0,0.0418,0.0418,0.0418,10000054,2015-06-24,2015-06-24,P,2.5,2015-02-12
13992,2015-04-08 10:43:00,2015-04-08,0.0418,0.0,0.0,439.0,0.0418,0.0418,0.0418,10000054,2015-06-24,2015-06-24,P,2.5,2015-02-12
13993,2015-04-08 10:44:00,2015-04-08,0.0418,0.0,0.0,439.0,0.0418,0.0418,0.0418,10000054,2015-06-24,2015-06-24,P,2.5,2015-02-12
13994,2015-04-08 10:45:00,2015-04-08,0.0418,0.0,0.0,439.0,0.0418,0.0418,0.0418,10000054,2015-06-24,2015-06-24,P,2.5,2015-02-12
13995,2015-04-08 10:46:00,2015-04-08,0.0418,0.0,0.0,439.0,0.0418,0.0418,0.0418,10000054,2015-06-24,2015-06-24,P,2.5,2015-02-12
13996,2015-04-08 10:47:00,2015-04-08,0.0418,0.0,0.0,439.0,0.0418,0.0418,0.0418,10000054,2015-06-24,2015-06-24,P,2.5,2015-02-12
13997,2015-04-08 10:48:00,2015-04-08,0.0418,0.0,0.0,439.0,0.0418,0.0418,0.0418,10000054,2015-06-24,2015-06-24,P,2.5,2015-02-12
13998,2015-04-08 10:49:00,2015-04-08,0.0418,0.0,0.0,439.0,0.0418,0.0418,0.0418,10000054,2015-06-24,2015-06-24,P,2.5,2015-02-12
13999,2015-04-08 10:50:00,2015-04-08,0.0418,0.0,0.0,439.0,0.0418,0.0418,0.0418,10000054,2015-06-24,2015-06-24,P,2.5,2015-02-12
14000,2015-04-08 10:51:00,2015-04-08,0.0418,0.0,0.0,439.0,0.0418,0.0418,0.0418,10000054,2015-06-24,2015-06-24,P,2.5,2015-02-12
14001,2015-04-08 10:52:00,2015-04-08,0.0418,0.0,0.0,439.0,0.0418,0.0418,0.0418,10000054,2015-06-24,2015-06-24,P,2.5,2015-02-12
14002,2015-04-08 10:53:00,2015-04-08,0.0418,0.0,0.0,439.0,0.0418,0.0418,0.0418,10000054,2015-06-24,2015-06-24,P,2.5,2015-02-12
14003,2015-04-08 10:54:00,2015-04-08,0.0418,0.0,0.0,439.0,0.0418,0.0418,0.0418,10000054,2015-06-24,2015-06-24,P,2.5,2015-02-12
14004,2015-04-08 10:55:00,2015-04-08,0.0435,4350.0,10.0,439.0,0.0435,0.0435,0.0435,10000054,2015-06-24,2015-06-24,P,2.5,2015-02-12
14005,2015-04-08 10:56:00,2015-04-08,0.0435,0.0,0.0,439.0,0.0435,0.0435,0.0435,10000054,2015-06-24,2015-06-24,P,2.5,2015-02-12
14006,2015-04-08 10:57:00,2015-04-08,0.0435,0.0,0.0,439.0,0.0435,0.0435,0.0435,10000054,2015-06-24,2015-06-24,P,2.5,2015-02-12
14007,2015-04-08 10:58:00,2015-04-08,0.0435,0.0,0.0,439.0,0.0435,0.0435,0.0435,10000054,2015-06-24,2015-06-24,P,2.5,2015-02-12
14008,2015-04-08 10:59:00,2015-04-08,0.0435,0.0,0.0,439.0,0.0435,0.0435,0.0435,10000054,2015-06-24,2015-06-24,P,2.5,2015-02-12
14009,2015-04-08 11:00:00,2015-04-08,0.0435,0.0,0.0,439.0,0.0435,0.0435,0.0435,10000054,2015-06-24,2015-06-24,P,2.5,2015-02-12
14010,2015-04-08 11:01:00,2015-04-08,0.0435,0.0,0.0,439.0,0.0435,0.0435,0.0435,10000054,2015-06-24,2015-06-24,P,2.5,2015-02-12
14011,2015-04-08 11:02:00,2015-04-08,0.0435,0.0,0.0,439.0,0.0435,0.0435,0.0435,10000054,2015-06-24,2015-06-24,P,2.5,2015-02-12
14012,2015-04-08 11:03:00,2015-04-08,0.0435,0.0,0.0,439.0,0.0435,0.0435,0.0435,10000054,2015-06-24,2015-06-24,P,2.5,2015-02-12
14013,2015-04-08 11:04:00,2015-04-08,0.0435,0.0,0.0,439.0,0.0435,0.0435,0.0435,10000054,2015-06-24,2015-06-24,P,2.5,2015-02-12
14014,2015-04-08 11:05:00,2015-04-08,0.0435,0.0,0.0,439.0,0.0435,0.0435,0.0435,10000054,2015-06-24,2015-06-24,P,2.5,2015-02-12
14015,2015-04-08 11:06:00,2015-04-08,0.0435,0.0,0.0,439.0,0.0435,0.0435,0.0435,10000054,2015-06-24,2015-06-24,P,2.5,2015-02-12
14016,2015-04-08 11:07:00,2015-04-08,0.0435,0.0,0.0,439.0,0.0435,0.0435,0.0435,10000054,2015-06-24,2015-06-24,P,2.5,2015-02-12
14017,2015-04-08 11:08:00,2015-04-08,0.0435,0.0,0.0,439.0,0.0435,0.0435,0.0435,10000054,2015-06-24,2015-06-24,P,2.5,2015-02-12
14018,2015-04-08 11:09:00,2015-04-08,0.0435,0.0,0.0,439.0,0.0435,0.0435,0.0435,10000054,2015-06-24,2015-06-24,P,2.5,2015-02-12
14019,2015-04-08 11:10:00,2015-04-08,0.0435,0.0,0.0,439.0,0.0435,0.0435,0.0435,10000054,2015-06-24,2015-06-24,P,2.5,2015-02-12
14020,2015-04-08 11:11:00,2015-04-08,0.0435,0.0,0.0,439.0,0.0435,0.0435,0.0435,10000054,2015-06-24,2015-06-24,P,2.5,2015-02-12
14021,2015-04-08 11:12:00,2015-04-08,0.0435,0.0,0.0,439.0,0.0435,0.0435,0.0435,10000054,2015-06-24,2015-06-24,P,2.5,2015-02-12
14022,2015-04-08 11:13:00,2015-04-08,0.0435,0.0,0.0,439.0,0.0435,0.0435,0.0435,10000054,2015-06-24,2015-06-24,P,2.5,2015-02-12
14023,2015-04-08 11:14:00,2015-04-08,0.0435,0.0,0.0,439.0,0.0435,0.0435,0.0435,10000054,2015-06-24,2015-06-24,P,2.5,2015-02-12
14024,2015-04-08 11:15:00,2015-04-08,0.0435,0.0,0.0,439.0,0.0435,0.0435,0.0435,10000054,2015-06-24,2015-06-24,P,2.5,2015-02-12
14025,2015-04-08 11:16:00,2015-04-08,0.0435,0.0,0.0,439.0,0.0435,0.0435,0.0435,10000054,2015-06-24,2015-06-24,P,2.5,2015-02-12
14026,2015-04-08 11:17:00,2015-04-08,0.0435,0.0,0.0,439.0,0.0435,0.0435,0.0435,10000054,2015-06-24,2015-06-24,P,2.5,2015-02-12
14027,2015-04-08 11:18:00,2015-04-08,0.0435,0.0,0.0,439.0,0.0435,0.0435,0.0435,10000054,2015-06-24,2015-06-24,P,2.5,2015-02-12
14028,2015-04-08 11:19:00,2015-04-08,0.0435,0.0,0.0,439.0,0.0435,0.0435,0.0435,10000054,2015-06-24,2015-06-24,P,2.5,2015-02-12
14029,2015-04-08 11:20:00,2015-04-08,0.0435,0.0,0.0,439.0,0.0435,0.0435,0.0435,10000054,2015-06-24,2015-06-24,P,2.5,2015-02-12
14030,2015-04-08 11:21:00,2015-04-08,0.0435,0.0,0.0,439.0,0.0435,0.0435,0.0435,10000054,2015-06-24,2015-06-24,P,2.5,2015-02-12
14031,2015-04-08 11:22:00,2015-04-08,0.0419,4190.0,10.0,439.0,0.0419,0.0419,0.0419,10000054,2015-06-24,2015-06-24,P,2.5,2015-02-12
14032,2015-04-08 11:23:00,2015-04-08,0.0419,0.0,0.0,439.0,0.0419,0.0419,0.0419,10000054,2015-06-24,2015-06-24,P,2.5,2015-02-12
14033,2015-04-08 11:24:00,2015-04-08,0.0419,0.0,0.0,439.0,0.0419,0.0419,0.0419,10000054,2015-06-24,2015-06-24,P,2.5,2015-02-12
14034,2015-04-08 11:25:00,2015-04-08,0.0419,0.0,0.0,439.0,0.0419,0.0419,0.0419,10000054,2015-06-24,2015-06-24,P,2.5,2015-02-12
14035,2015-04-08 11:26:00,2015-04-08,0.0419,0.0,0.0,439.0,0.0419,0.0419,0.0419,10000054,2015-06-24,2015-06-24,P,2.5,2015-02-12
14036,2015-04-08 11:27:00,2015-04-08,0.0419,0.0,0.0,439.0,0.0419,0.0419,0.0419,10000054,2015-06-24,2015-06-24,P,2.5,2015-02-12
14037,2015-04-08 11:28:00,2015-04-08,0.0419,0.0,0.0,439.0,0.0419,0.0419,0.0419,10000054,2015-06-24,2015-06-24,P,2.5,2015-02-12
14038,2015-04-08 11:29:00,2015-04-08,0.0419,0.0,0.0,439.0,0.0419,0.0419,0.0419,10000054,2015-06-24,2015-06-24,P,2.5,2015-02-12
14039,2015-04-08 11:30:00,2015-04-08,0.0419,0.0,0.0,439.0,0.0419,0.0419,0.0419,10000054,2015-06-24,2015-06-24,P,2.5,2015-02-12
14040,2015-04-08 13:01:00,2015-04-08,0.0419,0.0,0.0,439.0,0.0419,0.0419,0.0419,10000054,2015-06-24,2015-06-24,P,2.5,2015-02-12
14041,2015-04-08 13:02:00,2015-04-08,0.0419,0.0,0.0,439.0,0.0419,0.0419,0.0419,10000054,2015-06-24,2015-06-24,P,2.5,2015-02-12
14042,2015-04-08 13:03:00,2015-04-08,0.0419,0.0,0.0,439.0,0.0419,0.0419,0.0419,10000054,2015-06-24,2015-06-24,P,2.5,2015-02-12
14043,2015-04-08 13:04:00,2015-04-08,0.0419,0.0,0.0,439.0,0.0419,0.0419,0.0419,10000054,2015-06-24,2015-06-24,P,2.5,2015-02-12
14044,2015-04-08 13:05:00,2015-04-08,0.0419,0.0,0.0,439.0,0.0419,0.0419,0.0419,10000054,2015-06-24,2015-06-24,P,2.5,2015-02-12
14045,2015-04-08 13:06:00,2015-04-08,0.0419,0.0,0.0,439.0,0.0419,0.0419,0.0419,10000054,2015-06-24,2015-06-24,P,2.5,2015-02-12
14046,2015-04-08 13:07:00,2015-04-08,0.0419,0.0,0.0,439.0,0.0419,0.0419,0.0419,10000054,2015-06-24,2015-06-24,P,2.5,2015-02-12
14047,2015-04-08 13:08:00,2015-04-08,0.0419,0.0,0.0,439.0,0.0419,0.0419,0.0419,10000054,2015-06-24,2015-06-24,P,2.5,2015-02-12
14048,2015-04-08 13:09:00,2015-04-08,0.0419,0.0,0.0,439.0,0.0419,0.0419,0.0419,10000054,2015-06-24,2015-06-24,P,2.5,2015-02-12
14049,2015-04-08 13:10:00,2015-04-08,0.0419,0.0,0.0,439.0,0.0419,0.0419,0.0419,10000054,2015-06-24,2015-06-24,P,2.5,2015-02-12
14050,2015-04-08 13:11:00,2015-04-08,0.0419,0.0,0.0,439.0,0.0419,0.0419,0.0419,10000054,2015-06-24,2015-06-24,P,2.5,2015-02-12
14051,2015-04-08 13:12:00,2015-04-08,0.0419,0.0,0.0,439.0,0.0419,0.0419,0.0419,10000054,2015-06-24,2015-06-24,P,2.5,2015-02-12
14052,2015-04-08 13:13:00,2015-04-08,0.0419,0.0,0.0,439.0,0.0419,0.0419,0.0419,10000054,2015-06-24,2015-06-24,P,2.5,2015-02-12
14053,2015-04-08 13:14:00,2015-04-08,0.0419,0.0,0.0,439.0,0.0419,0.0419,0.0419,10000054,2015-06-24,2015-06-24,P,2.5,2015-02-12
14054,2015-04-08 13:15:00,2015-04-08,0.0419,0.0,0.0,439.0,0.0419,0.0419,0.0419,10000054,2015-06-24,2015-06-24,P,2.5,2015-02-12
14055,2015-04-08 13:16:00,2015-04-08,0.0419,0.0,0.0,439.0,0.0419,0.0419,0.0419,10000054,2015-06-24,2015-06-24,P,2.5,2015-02-12
14056,2015-04-08 13:17:00,2015-04-08,0.0419,0.0,0.0,439.0,0.0419,0.0419,0.0419,10000054,2015-06-24,2015-06-24,P,2.5,2015-02-12
14057,2015-04-08 13:18:00,2015-04-08,0.0419,0.0,0.0,439.0,0.0419,0.0419,0.0419,10000054,2015-06-24,2015-06-24,P,2.5,2015-02-12
14058,2015-04-08 13:19:00,2015-04-08,0.0419,0.0,0.0,439.0,0.0419,0.0419,0.0419,10000054,2015-06-24,2015-06-24,P,2.5,2015-02-12
14059,2015-04-08 13:20:00,2015-04-08,0.0419,0.0,0.0,439.0,0.0419,0.0419,0.0419,10000054,2015-06-24,2015-06-24,P,2.5,2015-02-12
14060,2015-04-08 13:21:00,2015-04-08,0.0419,0.0,0.0,439.0,0.0419,0.0419,0.0419,10000054,2015-06-24,2015-06-24,P,2.5,2015-02-12
14061,2015-04-08 13:22:00,2015-04-08,0.0419,0.0,0.0,439.0,0.0419,0.0419,0.0419,10000054,2015-06-24,2015-06-24,P,2.5,2015-02-12
14062,2015-04-08 13:23:00,2015-04-08,0.0419,0.0,0.0,439.0,0.0419,0.0419,0.0419,10000054,2015-06-24,2015-06-24,P,2.5,2015-02-12
14063,2015-04-08 13:24:00,2015-04-08,0.0419,0.0,0.0,439.0,0.0419,0.0419,0.0419,10000054,2015-06-24,2015-06-24,P,2.5,2015-02-12
14064,2015-04-08 13:25:00,2015-04-08,0.0419,0.0,0.0,439.0,0.0419,0.0419,0.0419,10000054,2015-06-24,2015-06-24,P,2.5,2015-02-12
14065,2015-04-08 13:26:00,2015-04-08,0.0419,0.0,0.0,439.0,0.0419,0.0419,0.0419,10000054,2015-06-24,2015-06-24,P,2.5,2015-02-12
14066,2015-04-08 13:27:00,2015-04-08,0.0419,0.0,0.0,439.0,0.0419,0.0419,0.0419,10000054,2015-06-24,2015-06-24,P,2.5,2015-02-12
14067,2015-04-08 13:28:00,2015-04-08,0.0419,0.0,0.0,439.0,0.0419,0.0419,0.0419,10000054,2015-06-24,2015-06-24,P,2.5,2015-02-12
14068,2015-04-08 13:29:00,2015-04-08,0.0419,0.0,0.0,439.0,0.0419,0.0419,0.0419,10000054,2015-06-24,2015-06-24,P,2.5,2015-02-12
14069,2015-04-08 13:30:00,2015-04-08,0.0419,0.0,0.0,439.0,0.0419,0.0419,0.0419,10000054,2015-06-24,2015-06-24,P,2.5,2015-02-12
14070,2015-04-08 13:31:00,2015-04-08,0.0419,0.0,0.0,439.0,0.0419,0.0419,0.0419,10000054,2015-06-24,2015-06-24,P,2.5,2015-02-12
14071,2015-04-08 13:32:00,2015-04-08,0.0419,0.0,0.0,439.0,0.0419,0.0419,0.0419,10000054,2015-06-24,2015-06-24,P,2.5,2015-02-12
14072,2015-04-08 13:33:00,2015-04-08,0.0419,0.0,0.0,439.0,0.0419,0.0419,0.0419,10000054,2015-06-24,2015-06-24,P,2.5,2015-02-12
14073,2015-04-08 13:34:00,2015-04-08,0.0419,0.0,0.0,439.0,0.0419,0.0419,0.0419,10000054,2015-06-24,2015-06-24,P,2.5,2015-02-12
14074,2015-04-08 13:35:00,2015-04-08,0.0419,0.0,0.0,439.0,0.0419,0.0419,0.0419,10000054,2015-06-24,2015-06-24,P,2.5,2015-02-12
14075,2015-04-08 13:36:00,2015-04-08,0.0419,0.0,0.0,439.0,0.0419,0.0419,0.0419,10000054,2015-06-24,2015-06-24,P,2.5,2015-02-12
14076,2015-04-08 13:37:00,2015-04-08,0.0419,0.0,0.0,439.0,0.0419,0.0419,0.0419,10000054,2015-06-24,2015-06-24,P,2.5,2015-02-12
14077,2015-04-08 13:38:00,2015-04-08,0.0419,0.0,0.0,439.0,0.0419,0.0419,0.0419,10000054,2015-06-24,2015-06-24,P,2.5,2015-02-12
14078,2015-04-08 13:39:00,2015-04-08,0.0419,0.0,0.0,439.0,0.0419,0.0419,0.0419,10000054,2015-06-24,2015-06-24,P,2.5,2015-02-12
14079,2015-04-08 13:40:00,2015-04-08,0.0419,0.0,0.0,439.0,0.0419,0.0419,0.0419,10000054,2015-06-24,2015-06-24,P,2.5,2015-02-12
14080,2015-04-08 13:41:00,2015-04-08,0.0419,0.0,0.0,439.0,0.0419,0.0419,0.0419,10000054,2015-06-24,2015-06-24,P,2.5,2015-02-12
14081,2015-04-08 13:42:00,2015-04-08,0.0399,2758.0,7.0,444.0,0.0399,0.0399,0.0392,10000054,2015-06-24,2015-06-24,P,2.5,2015-02-12
14082,2015-04-08 13:43:00,2015-04-08,0.0399,0.0,0.0,444.0,0.0399,0.0399,0.0399,10000054,2015-06-24,2015-06-24,P,2.5,2015-02-12
14083,2015-04-08 13:44:00,2015-04-08,0.0399,0.0,0.0,444.0,0.0399,0.0399,0.0399,10000054,2015-06-24,2015-06-24,P,2.5,2015-02-12
14084,2015-04-08 13:45:00,2015-04-08,0.0399,0.0,0.0,444.0,0.0399,0.0399,0.0399,10000054,2015-06-24,2015-06-24,P,2.5,2015-02-12
14085,2015-04-08 13:46:00,2015-04-08,0.0399,0.0,0.0,444.0,0.0399,0.0399,0.0399,10000054,2015-06-24,2015-06-24,P,2.5,2015-02-12
14086,2015-04-08 13:47:00,2015-04-08,0.0399,0.0,0.0,444.0,0.0399,0.0399,0.0399,10000054,2015-06-24,2015-06-24,P,2.5,2015-02-12
14087,2015-04-08 13:48:00,2015-04-08,0.0399,0.0,0.0,444.0,0.0399,0.0399,0.0399,10000054,2015-06-24,2015-06-24,P,2.5,2015-02-12
14088,2015-04-08 13:49:00,2015-04-08,0.0399,0.0,0.0,444.0,0.0399,0.0399,0.0399,10000054,2015-06-24,2015-06-24,P,2.5,2015-02-12
14089,2015-04-08 13:50:00,2015-04-08,0.0399,0.0,0.0,444.0,0.0399,0.0399,0.0399,10000054,2015-06-24,2015-06-24,P,2.5,2015-02-12
14090,2015-04-08 13:51:00,2015-04-08,0.0399,0.0,0.0,444.0,0.0399,0.0399,0.0399,10000054,2015-06-24,2015-06-24,P,2.5,2015-02-12
14091,2015-04-08 13:52:00,2015-04-08,0.0399,0.0,0.0,444.0,0.0399,0.0399,0.0399,10000054,2015-06-24,2015-06-24,P,2.5,2015-02-12
14092,2015-04-08 13:53:00,2015-04-08,0.0399,0.0,0.0,444.0,0.0399,0.0399,0.0399,10000054,2015-06-24,2015-06-24,P,2.5,2015-02-12
14093,2015-04-08 13:54:00,2015-04-08,0.0399,0.0,0.0,444.0,0.0399,0.0399,0.0399,10000054,2015-06-24,2015-06-24,P,2.5,2015-02-12
14094,2015-04-08 13:55:00,2015-04-08,0.0399,0.0,0.0,444.0,0.0399,0.0399,0.0399,10000054,2015-06-24,2015-06-24,P,2.5,2015-02-12
14095,2015-04-08 13:56:00,2015-04-08,0.0399,0.0,0.0,444.0,0.0399,0.0399,0.0399,10000054,2015-06-24,2015-06-24,P,2.5,2015-02-12
14096,2015-04-08 13:57:00,2015-04-08,0.0399,0.0,0.0,444.0,0.0399,0.0399,0.0399,10000054,2015-06-24,2015-06-24,P,2.5,2015-02-12
14097,2015-04-08 13:58:00,2015-04-08,0.0399,0.0,0.0,444.0,0.0399,0.0399,0.0399,10000054,2015-06-24,2015-06-24,P,2.5,2015-02-12
14098,2015-04-08 13:59:00,2015-04-08,0.0399,0.0,0.0,444.0,0.0399,0.0399,0.0399,10000054,2015-06-24,2015-06-24,P,2.5,2015-02-12
14099,2015-04-08 14:00:00,2015-04-08,0.0399,0.0,0.0,444.0,0.0399,0.0399,0.0399,10000054,2015-06-24,2015-06-24,P,2.5,2015-02-12
14100,2015-04-08 14:01:00,2015-04-08,0.0399,0.0,0.0,444.0,0.0399,0.0399,0.0399,10000054,2015-06-24,2015-06-24,P,2.5,2015-02-12
14101,2015-04-08 14:02:00,2015-04-08,0.0399,0.0,0.0,444.0,0.0399,0.0399,0.0399,10000054,2015-06-24,2015-06-24,P,2.5,2015-02-12
14102,2015-04-08 14:03:00,2015-04-08,0.0399,0.0,0.0,444.0,0.0399,0.0399,0.0399,10000054,2015-06-24,2015-06-24,P,2.5,2015-02-12
14103,2015-04-08 14:04:00,2015-04-08,0.0399,0.0,0.0,444.0,0.0399,0.0399,0.0399,10000054,2015-06-24,2015-06-24,P,2.5,2015-02-12
14104,2015-04-08 14:05:00,2015-04-08,0.0399,0.0,0.0,444.0,0.0399,0.0399,0.0399,10000054,2015-06-24,2015-06-24,P,2.5,2015-02-12
14105,2015-04-08 14:06:00,2015-04-08,0.0399,0.0,0.0,444.0,0.0399,0.0399,0.0399,10000054,2015-06-24,2015-06-24,P,2.5,2015-02-12
14106,2015-04-08 14:07:00,2015-04-08,0.0399,0.0,0.0,444.0,0.0399,0.0399,0.0399,10000054,2015-06-24,2015-06-24,P,2.5,2015-02-12
14107,2015-04-08 14:08:00,2015-04-08,0.0399,0.0,0.0,444.0,0.0399,0.0399,0.0399,10000054,2015-06-24,2015-06-24,P,2.5,2015-02-12
14108,2015-04-08 14:09:00,2015-04-08,0.0399,0.0,0.0,444.0,0.0399,0.0399,0.0399,10000054,2015-06-24,2015-06-24,P,2.5,2015-02-12
14109,2015-04-08 14:10:00,2015-04-08,0.0399,0.0,0.0,444.0,0.0399,0.0399,0.0399,10000054,2015-06-24,2015-06-24,P,2.5,2015-02-12
14110,2015-04-08 14:11:00,2015-04-08,0.0399,0.0,0.0,444.0,0.0399,0.0399,0.0399,10000054,2015-06-24,2015-06-24,P,2.5,2015-02-12
14111,2015-04-08 14:12:00,2015-04-08,0.0399,0.0,0.0,444.0,0.0399,0.0399,0.0399,10000054,2015-06-24,2015-06-24,P,2.5,2015-02-12
14112,2015-04-08 14:13:00,2015-04-08,0.0399,0.0,0.0,444.0,0.0399,0.0399,0.0399,10000054,2015-06-24,2015-06-24,P,2.5,2015-02-12
14113,2015-04-08 14:14:00,2015-04-08,0.0399,0.0,0.0,444.0,0.0399,0.0399,0.0399,10000054,2015-06-24,2015-06-24,P,2.5,2015-02-12
14114,2015-04-08 14:15:00,2015-04-08,0.0399,0.0,0.0,444.0,0.0399,0.0399,0.0399,10000054,2015-06-24,2015-06-24,P,2.5,2015-02-12
14115,2015-04-08 14:16:00,2015-04-08,0.0399,0.0,0.0,444.0,0.0399,0.0399,0.0399,10000054,2015-06-24,2015-06-24,P,2.5,2015-02-12
14116,2015-04-08 14:17:00,2015-04-08,0.0399,0.0,0.0,444.0,0.0399,0.0399,0.0399,10000054,2015-06-24,2015-06-24,P,2.5,2015-02-12
14117,2015-04-08 14:18:00,2015-04-08,0.0399,0.0,0.0,444.0,0.0399,0.0399,0.0399,10000054,2015-06-24,2015-06-24,P,2.5,2015-02-12
14118,2015-04-08 14:19:00,2015-04-08,0.0399,0.0,0.0,444.0,0.0399,0.0399,0.0399,10000054,2015-06-24,2015-06-24,P,2.5,2015-02-12
14119,2015-04-08 14:20:00,2015-04-08,0.0399,0.0,0.0,444.0,0.0399,0.0399,0.0399,10000054,2015-06-24,2015-06-24,P,2.5,2015-02-12
14120,2015-04-08 14:21:00,2015-04-08,0.0399,0.0,0.0,444.0,0.0399,0.0399,0.0399,10000054,2015-06-24,2015-06-24,P,2.5,2015-02-12
14121,2015-04-08 14:22:00,2015-04-08,0.0399,0.0,0.0,444.0,0.0399,0.0399,0.0399,10000054,2015-06-24,2015-06-24,P,2.5,2015-02-12
14122,2015-04-08 14:23:00,2015-04-08,0.0399,0.0,0.0,444.0,0.0399,0.0399,0.0399,10000054,2015-06-24,2015-06-24,P,2.5,2015-02-12
14123,2015-04-08 14:24:00,2015-04-08,0.0399,0.0,0.0,444.0,0.0399,0.0399,0.0399,10000054,2015-06-24,2015-06-24,P,2.5,2015-02-12
14124,2015-04-08 14:25:00,2015-04-08,0.0399,0.0,0.0,444.0,0.0399,0.0399,0.0399,10000054,2015-06-24,2015-06-24,P,2.5,2015-02-12
14125,2015-04-08 14:26:00,2015-04-08,0.0399,0.0,0.0,444.0,0.0399,0.0399,0.0399,10000054,2015-06-24,2015-06-24,P,2.5,2015-02-12
14126,2015-04-08 14:27:00,2015-04-08,0.0399,0.0,0.0,444.0,0.0399,0.0399,0.0399,10000054,2015-06-24,2015-06-24,P,2.5,2015-02-12
14127,2015-04-08 14:28:00,2015-04-08,0.0399,0.0,0.0,444.0,0.0399,0.0399,0.0399,10000054,2015-06-24,2015-06-24,P,2.5,2015-02-12
14128,2015-04-08 14:29:00,2015-04-08,0.0399,0.0,0.0,444.0,0.0399,0.0399,0.0399,10000054,2015-06-24,2015-06-24,P,2.5,2015-02-12
14129,2015-04-08 14:30:00,2015-04-08,0.0399,0.0,0.0,444.0,0.0399,0.0399,0.0399,10000054,2015-06-24,2015-06-24,P,2.5,2015-02-12
14130,2015-04-08 14:31:00,2015-04-08,0.0399,0.0,0.0,444.0,0.0399,0.0399,0.0399,10000054,2015-06-24,2015-06-24,P,2.5,2015-02-12
14131,2015-04-08 14:32:00,2015-04-08,0.0399,0.0,0.0,444.0,0.0399,0.0399,0.0399,10000054,2015-06-24,2015-06-24,P,2.5,2015-02-12
14132,2015-04-08 14:33:00,2015-04-08,0.0399,0.0,0.0,444.0,0.0399,0.0399,0.0399,10000054,2015-06-24,2015-06-24,P,2.5,2015-02-12
14133,2015-04-08 14:34:00,2015-04-08,0.0399,0.0,0.0,444.0,0.0399,0.0399,0.0399,10000054,2015-06-24,2015-06-24,P,2.5,2015-02-12
14134,2015-04-08 14:35:00,2015-04-08,0.0399,0.0,0.0,444.0,0.0399,0.0399,0.0399,10000054,2015-06-24,2015-06-24,P,2.5,2015-02-12
14135,2015-04-08 14:36:00,2015-04-08,0.0399,0.0,0.0,444.0,0.0399,0.0399,0.0399,10000054,2015-06-24,2015-06-24,P,2.5,2015-02-12
14136,2015-04-08 14:37:00,2015-04-08,0.0399,0.0,0.0,444.0,0.0399,0.0399,0.0399,10000054,2015-06-24,2015-06-24,P,2.5,2015-02-12
14137,2015-04-08 14:38:00,2015-04-08,0.0399,0.0,0.0,444.0,0.0399,0.0399,0.0399,10000054,2015-06-24,2015-06-24,P,2.5,2015-02-12
14138,2015-04-08 14:39:00,2015-04-08,0.0399,0.0,0.0,444.0,0.0399,0.0399,0.0399,10000054,2015-06-24,2015-06-24,P,2.5,2015-02-12
14139,2015-04-08 14:40:00,2015-04-08,0.0399,0.0,0.0,444.0,0.0399,0.0399,0.0399,10000054,2015-06-24,2015-06-24,P,2.5,2015-02-12
14140,2015-04-08 14:41:00,2015-04-08,0.0399,0.0,0.0,444.0,0.0399,0.0399,0.0399,10000054,2015-06-24,2015-06-24,P,2.5,2015-02-12
14141,2015-04-08 14:42:00,2015-04-08,0.0399,0.0,0.0,444.0,0.0399,0.0399,0.0399,10000054,2015-06-24,2015-06-24,P,2.5,2015-02-12
14142,2015-04-08 14:43:00,2015-04-08,0.0399,0.0,0.0,444.0,0.0399,0.0399,0.0399,10000054,2015-06-24,2015-06-24,P,2.5,2015-02-12
14143,2015-04-08 14:44:00,2015-04-08,0.0399,0.0,0.0,444.0,0.0399,0.0399,0.0399,10000054,2015-06-24,2015-06-24,P,2.5,2015-02-12
14144,2015-04-08 14:45:00,2015-04-08,0.0399,0.0,0.0,444.0,0.0399,0.0399,0.0399,10000054,2015-06-24,2015-06-24,P,2.5,2015-02-12
14145,2015-04-08 14:46:00,2015-04-08,0.0399,0.0,0.0,444.0,0.0399,0.0399,0.0399,10000054,2015-06-24,2015-06-24,P,2.5,2015-02-12
14146,2015-04-08 14:47:00,2015-04-08,0.0399,0.0,0.0,444.0,0.0399,0.0399,0.0399,10000054,2015-06-24,2015-06-24,P,2.5,2015-02-12
14147,2015-04-08 14:48:00,2015-04-08,0.0399,0.0,0.0,444.0,0.0399,0.0399,0.0399,10000054,2015-06-24,2015-06-24,P,2.5,2015-02-12
14148,2015-04-08 14:49:00,2015-04-08,0.0399,0.0,0.0,444.0,0.0399,0.0399,0.0399,10000054,2015-06-24,2015-06-24,P,2.5,2015-02-12
14149,2015-04-08 14:50:00,2015-04-08,0.0399,0.0,0.0,444.0,0.0399,0.0399,0.0399,10000054,2015-06-24,2015-06-24,P,2.5,2015-02-12
14150,2015-04-08 14:51:00,2015-04-08,0.0399,0.0,0.0,444.0,0.0399,0.0399,0.0399,10000054,2015-06-24,2015-06-24,P,2.5,2015-02-12
14151,2015-04-08 14:52:00,2015-04-08,0.0399,0.0,0.0,444.0,0.0399,0.0399,0.0399,10000054,2015-06-24,2015-06-24,P,2.5,2015-02-12
14152,2015-04-08 14:53:00,2015-04-08,0.0399,0.0,0.0,444.0,0.0399,0.0399,0.0399,10000054,2015-06-24,2015-06-24,P,2.5,2015-02-12
14153,2015-04-08 14:54:00,2015-04-08,0.0399,0.0,0.0,444.0,0.0399,0.0399,0.0399,10000054,2015-06-24,2015-06-24,P,2.5,2015-02-12
14154,2015-04-08 14:55:00,2015-04-08,0.0399,0.0,0.0,444.0,0.0399,0.0399,0.0399,10000054,2015-06-24,2015-06-24,P,2.5,2015-02-12
14155,2015-04-08 14:56:00,2015-04-08,0.0399,0.0,0.0,444.0,0.0399,0.0399,0.0399,10000054,2015-06-24,2015-06-24,P,2.5,2015-02-12
14156,2015-04-08 14:57:00,2015-04-08,0.0399,0.0,0.0,444.0,0.0399,0.0399,0.0399,10000054,2015-06-24,2015-06-24,P,2.5,2015-02-12
14157,2015-04-08 14:58:00,2015-04-08,0.0399,0.0,0.0,444.0,0.0399,0.0399,0.0399,10000054,2015-06-24,2015-06-24,P,2.5,2015-02-12
14158,2015-04-08 14:59:00,2015-04-08,0.0399,0.0,0.0,444.0,0.0399,0.0399,0.0399,10000054,2015-06-24,2015-06-24,P,2.5,2015-02-12
14159,2015-04-08 15:00:00,2015-04-08,0.0399,0.0,0.0,444.0,0.0399,0.0399,0.0399,10000054,2015-06-24,2015-06-24,P,2.5,2015-02-12
14160,2015-04-08 09:31:00,2015-04-08,0.013,2971.0,24.0,1755.0,0.0125,0.0124,0.012,10000068,2015-04-22,2015-04-22,P,2.6,2015-03-17
14161,2015-04-08 09:32:00,2015-04-08,0.0115,2780.0,25.0,1760.0,0.0115,0.0111,0.0104,10000068,2015-04-22,2015-04-22,P,2.6,2015-03-17
14162,2015-04-08 09:33:00,2015-04-08,0.0113,113.0,1.0,1761.0,0.0113,0.0113,0.0113,10000068,2015-04-22,2015-04-22,P,2.6,2015-03-17
14163,2015-04-08 09:34:00,2015-04-08,0.0113,0.0,0.0,1761.0,0.0113,0.0113,0.0113,10000068,2015-04-22,2015-04-22,P,2.6,2015-03-17
14164,2015-04-08 09:35:00,2015-04-08,0.0117,585.0,5.0,1761.0,0.0117,0.0117,0.0117,10000068,2015-04-22,2015-04-22,P,2.6,2015-03-17
14165,2015-04-08 09:36:00,2015-04-08,0.0117,1170.0,10.0,1771.0,0.0117,0.0117,0.0117,10000068,2015-04-22,2015-04-22,P,2.6,2015-03-17
14166,2015-04-08 09:37:00,2015-04-08,0.0117,117.0,1.0,1770.0,0.0117,0.0117,0.0117,10000068,2015-04-22,2015-04-22,P,2.6,2015-03-17
14167,2015-04-08 09:38:00,2015-04-08,0.0117,0.0,0.0,1770.0,0.0117,0.0117,0.0117,10000068,2015-04-22,2015-04-22,P,2.6,2015-03-17
14168,2015-04-08 09:39:00,2015-04-08,0.0117,0.0,0.0,1770.0,0.0117,0.0117,0.0117,10000068,2015-04-22,2015-04-22,P,2.6,2015-03-17
14169,2015-04-08 09:40:00,2015-04-08,0.0117,0.0,0.0,1770.0,0.0117,0.0117,0.0117,10000068,2015-04-22,2015-04-22,P,2.6,2015-03-17
14170,2015-04-08 09:41:00,2015-04-08,0.0117,0.0,0.0,1770.0,0.0117,0.0117,0.0117,10000068,2015-04-22,2015-04-22,P,2.6,2015-03-17
14171,2015-04-08 09:42:00,2015-04-08,0.0117,0.0,0.0,1770.0,0.0117,0.0117,0.0117,10000068,2015-04-22,2015-04-22,P,2.6,2015-03-17
14172,2015-04-08 09:43:00,2015-04-08,0.0122,244.0,2.0,1769.0,0.0122,0.0122,0.0122,10000068,2015-04-22,2015-04-22,P,2.6,2015-03-17
14173,2015-04-08 09:44:00,2015-04-08,0.0122,0.0,0.0,1769.0,0.0122,0.0122,0.0122,10000068,2015-04-22,2015-04-22,P,2.6,2015-03-17
14174,2015-04-08 09:45:00,2015-04-08,0.0122,0.0,0.0,1769.0,0.0122,0.0122,0.0122,10000068,2015-04-22,2015-04-22,P,2.6,2015-03-17
14175,2015-04-08 09:46:00,2015-04-08,0.0122,0.0,0.0,1769.0,0.0122,0.0122,0.0122,10000068,2015-04-22,2015-04-22,P,2.6,2015-03-17
14176,2015-04-08 09:47:00,2015-04-08,0.0108,108.0,1.0,1768.0,0.0108,0.0108,0.0108,10000068,2015-04-22,2015-04-22,P,2.6,2015-03-17
14177,2015-04-08 09:48:00,2015-04-08,0.0108,108.0,1.0,1767.0,0.0108,0.0108,0.0108,10000068,2015-04-22,2015-04-22,P,2.6,2015-03-17
14178,2015-04-08 09:49:00,2015-04-08,0.0108,0.0,0.0,1767.0,0.0108,0.0108,0.0108,10000068,2015-04-22,2015-04-22,P,2.6,2015-03-17
14179,2015-04-08 09:50:00,2015-04-08,0.0108,0.0,0.0,1767.0,0.0108,0.0108,0.0108,10000068,2015-04-22,2015-04-22,P,2.6,2015-03-17
14180,2015-04-08 09:51:00,2015-04-08,0.0108,0.0,0.0,1767.0,0.0108,0.0108,0.0108,10000068,2015-04-22,2015-04-22,P,2.6,2015-03-17
14181,2015-04-08 09:52:00,2015-04-08,0.0108,0.0,0.0,1767.0,0.0108,0.0108,0.0108,10000068,2015-04-22,2015-04-22,P,2.6,2015-03-17
14182,2015-04-08 09:53:00,2015-04-08,0.0108,0.0,0.0,1767.0,0.0108,0.0108,0.0108,10000068,2015-04-22,2015-04-22,P,2.6,2015-03-17
14183,2015-04-08 09:54:00,2015-04-08,0.0108,0.0,0.0,1767.0,0.0108,0.0108,0.0108,10000068,2015-04-22,2015-04-22,P,2.6,2015-03-17
14184,2015-04-08 09:55:00,2015-04-08,0.0106,1045.0,10.0,1777.0,0.0106,0.0101,0.0101,10000068,2015-04-22,2015-04-22,P,2.6,2015-03-17
14185,2015-04-08 09:56:00,2015-04-08,0.0101,303.0,3.0,1780.0,0.0101,0.0101,0.0101,10000068,2015-04-22,2015-04-22,P,2.6,2015-03-17
14186,2015-04-08 09:57:00,2015-04-08,0.0101,0.0,0.0,1780.0,0.0101,0.0101,0.0101,10000068,2015-04-22,2015-04-22,P,2.6,2015-03-17
14187,2015-04-08 09:58:00,2015-04-08,0.0101,0.0,0.0,1780.0,0.0101,0.0101,0.0101,10000068,2015-04-22,2015-04-22,P,2.6,2015-03-17
14188,2015-04-08 09:59:00,2015-04-08,0.0101,0.0,0.0,1780.0,0.0101,0.0101,0.0101,10000068,2015-04-22,2015-04-22,P,2.6,2015-03-17
14189,2015-04-08 10:00:00,2015-04-08,0.0101,101.0,1.0,1781.0,0.0101,0.0101,0.0101,10000068,2015-04-22,2015-04-22,P,2.6,2015-03-17
14190,2015-04-08 10:01:00,2015-04-08,0.0102,607.0,6.0,1786.0,0.0101,0.0102,0.0101,10000068,2015-04-22,2015-04-22,P,2.6,2015-03-17
14191,2015-04-08 10:02:00,2015-04-08,0.0105,105.0,1.0,1787.0,0.0105,0.0105,0.0105,10000068,2015-04-22,2015-04-22,P,2.6,2015-03-17
14192,2015-04-08 10:03:00,2015-04-08,0.0105,525.0,5.0,1787.0,0.0105,0.0105,0.0105,10000068,2015-04-22,2015-04-22,P,2.6,2015-03-17
14193,2015-04-08 10:04:00,2015-04-08,0.0111,888.0,8.0,1795.0,0.0111,0.0111,0.0111,10000068,2015-04-22,2015-04-22,P,2.6,2015-03-17
14194,2015-04-08 10:05:00,2015-04-08,0.0111,0.0,0.0,1795.0,0.0111,0.0111,0.0111,10000068,2015-04-22,2015-04-22,P,2.6,2015-03-17
14195,2015-04-08 10:06:00,2015-04-08,0.0111,0.0,0.0,1795.0,0.0111,0.0111,0.0111,10000068,2015-04-22,2015-04-22,P,2.6,2015-03-17
14196,2015-04-08 10:07:00,2015-04-08,0.0112,112.0,1.0,1794.0,0.0112,0.0112,0.0112,10000068,2015-04-22,2015-04-22,P,2.6,2015-03-17
14197,2015-04-08 10:08:00,2015-04-08,0.0112,0.0,0.0,1794.0,0.0112,0.0112,0.0112,10000068,2015-04-22,2015-04-22,P,2.6,2015-03-17
14198,2015-04-08 10:09:00,2015-04-08,0.0112,0.0,0.0,1794.0,0.0112,0.0112,0.0112,10000068,2015-04-22,2015-04-22,P,2.6,2015-03-17
14199,2015-04-08 10:10:00,2015-04-08,0.0105,105.0,1.0,1794.0,0.0105,0.0105,0.0105,10000068,2015-04-22,2015-04-22,P,2.6,2015-03-17
14200,2015-04-08 10:11:00,2015-04-08,0.0107,422.0,4.0,1796.0,0.0105,0.0107,0.0105,10000068,2015-04-22,2015-04-22,P,2.6,2015-03-17
14201,2015-04-08 10:12:00,2015-04-08,0.011,220.0,2.0,1798.0,0.011,0.011,0.011,10000068,2015-04-22,2015-04-22,P,2.6,2015-03-17
14202,2015-04-08 10:13:00,2015-04-08,0.0111,221.0,2.0,1797.0,0.011,0.0111,0.011,10000068,2015-04-22,2015-04-22,P,2.6,2015-03-17
14203,2015-04-08 10:14:00,2015-04-08,0.0115,1030.0,9.0,1796.0,0.0114,0.0115,0.0114,10000068,2015-04-22,2015-04-22,P,2.6,2015-03-17
14204,2015-04-08 10:15:00,2015-04-08,0.0114,114.0,1.0,1795.0,0.0114,0.0114,0.0114,10000068,2015-04-22,2015-04-22,P,2.6,2015-03-17
14205,2015-04-08 10:16:00,2015-04-08,0.012,1512.0,13.0,1800.0,0.0117,0.012,0.0114,10000068,2015-04-22,2015-04-22,P,2.6,2015-03-17
14206,2015-04-08 10:17:00,2015-04-08,0.012,0.0,0.0,1800.0,0.012,0.012,0.012,10000068,2015-04-22,2015-04-22,P,2.6,2015-03-17
14207,2015-04-08 10:18:00,2015-04-08,0.012,0.0,0.0,1800.0,0.012,0.012,0.012,10000068,2015-04-22,2015-04-22,P,2.6,2015-03-17
14208,2015-04-08 10:19:00,2015-04-08,0.012,0.0,0.0,1800.0,0.012,0.012,0.012,10000068,2015-04-22,2015-04-22,P,2.6,2015-03-17
14209,2015-04-08 10:20:00,2015-04-08,0.0113,226.0,2.0,1798.0,0.0113,0.0113,0.0113,10000068,2015-04-22,2015-04-22,P,2.6,2015-03-17
14210,2015-04-08 10:21:00,2015-04-08,0.0113,0.0,0.0,1798.0,0.0113,0.0113,0.0113,10000068,2015-04-22,2015-04-22,P,2.6,2015-03-17
14211,2015-04-08 10:22:00,2015-04-08,0.0113,0.0,0.0,1798.0,0.0113,0.0113,0.0113,10000068,2015-04-22,2015-04-22,P,2.6,2015-03-17
14212,2015-04-08 10:23:00,2015-04-08,0.0113,0.0,0.0,1798.0,0.0113,0.0113,0.0113,10000068,2015-04-22,2015-04-22,P,2.6,2015-03-17
14213,2015-04-08 10:24:00,2015-04-08,0.0113,0.0,0.0,1798.0,0.0113,0.0113,0.0113,10000068,2015-04-22,2015-04-22,P,2.6,2015-03-17
14214,2015-04-08 10:25:00,2015-04-08,0.012,1317.0,11.0,1790.0,0.012,0.0119,0.0119,10000068,2015-04-22,2015-04-22,P,2.6,2015-03-17
14215,2015-04-08 10:26:00,2015-04-08,0.0119,0.0,0.0,1790.0,0.0119,0.0119,0.0119,10000068,2015-04-22,2015-04-22,P,2.6,2015-03-17
14216,2015-04-08 10:27:00,2015-04-08,0.0119,0.0,0.0,1790.0,0.0119,0.0119,0.0119,10000068,2015-04-22,2015-04-22,P,2.6,2015-03-17
14217,2015-04-08 10:28:00,2015-04-08,0.0119,0.0,0.0,1790.0,0.0119,0.0119,0.0119,10000068,2015-04-22,2015-04-22,P,2.6,2015-03-17
14218,2015-04-08 10:29:00,2015-04-08,0.011,220.0,2.0,1788.0,0.011,0.011,0.011,10000068,2015-04-22,2015-04-22,P,2.6,2015-03-17
14219,2015-04-08 10:30:00,2015-04-08,0.0107,214.0,2.0,1788.0,0.0107,0.0107,0.0107,10000068,2015-04-22,2015-04-22,P,2.6,2015-03-17
14220,2015-04-08 10:31:00,2015-04-08,0.0107,0.0,0.0,1788.0,0.0107,0.0107,0.0107,10000068,2015-04-22,2015-04-22,P,2.6,2015-03-17
14221,2015-04-08 10:32:00,2015-04-08,0.0106,106.0,1.0,1787.0,0.0106,0.0106,0.0106,10000068,2015-04-22,2015-04-22,P,2.6,2015-03-17
14222,2015-04-08 10:33:00,2015-04-08,0.0106,0.0,0.0,1787.0,0.0106,0.0106,0.0106,10000068,2015-04-22,2015-04-22,P,2.6,2015-03-17
14223,2015-04-08 10:34:00,2015-04-08,0.0107,107.0,1.0,1788.0,0.0107,0.0107,0.0107,10000068,2015-04-22,2015-04-22,P,2.6,2015-03-17
14224,2015-04-08 10:35:00,2015-04-08,0.0107,419.0,4.0,1789.0,0.0107,0.0104,0.0104,10000068,2015-04-22,2015-04-22,P,2.6,2015-03-17
14225,2015-04-08 10:36:00,2015-04-08,0.0111,428.0,4.0,1789.0,0.0111,0.0103,0.0103,10000068,2015-04-22,2015-04-22,P,2.6,2015-03-17
14226,2015-04-08 10:37:00,2015-04-08,0.0103,0.0,0.0,1789.0,0.0103,0.0103,0.0103,10000068,2015-04-22,2015-04-22,P,2.6,2015-03-17
14227,2015-04-08 10:38:00,2015-04-08,0.0103,0.0,0.0,1789.0,0.0103,0.0103,0.0103,10000068,2015-04-22,2015-04-22,P,2.6,2015-03-17
14228,2015-04-08 10:39:00,2015-04-08,0.0103,0.0,0.0,1789.0,0.0103,0.0103,0.0103,10000068,2015-04-22,2015-04-22,P,2.6,2015-03-17
14229,2015-04-08 10:40:00,2015-04-08,0.0103,206.0,2.0,1788.0,0.0103,0.0103,0.0103,10000068,2015-04-22,2015-04-22,P,2.6,2015-03-17
14230,2015-04-08 10:41:00,2015-04-08,0.011,1100.0,10.0,1798.0,0.011,0.011,0.011,10000068,2015-04-22,2015-04-22,P,2.6,2015-03-17
14231,2015-04-08 10:42:00,2015-04-08,0.0102,1528.0,15.0,1811.0,0.0102,0.0101,0.0101,10000068,2015-04-22,2015-04-22,P,2.6,2015-03-17
14232,2015-04-08 10:43:00,2015-04-08,0.0101,0.0,0.0,1811.0,0.0101,0.0101,0.0101,10000068,2015-04-22,2015-04-22,P,2.6,2015-03-17
14233,2015-04-08 10:44:00,2015-04-08,0.0101,0.0,0.0,1811.0,0.0101,0.0101,0.0101,10000068,2015-04-22,2015-04-22,P,2.6,2015-03-17
14234,2015-04-08 10:45:00,2015-04-08,0.0105,1555.0,15.0,1816.0,0.0101,0.0105,0.0101,10000068,2015-04-22,2015-04-22,P,2.6,2015-03-17
14235,2015-04-08 10:46:00,2015-04-08,0.0108,108.0,1.0,1816.0,0.0108,0.0108,0.0108,10000068,2015-04-22,2015-04-22,P,2.6,2015-03-17
14236,2015-04-08 10:47:00,2015-04-08,0.0108,0.0,0.0,1816.0,0.0108,0.0108,0.0108,10000068,2015-04-22,2015-04-22,P,2.6,2015-03-17
14237,2015-04-08 10:48:00,2015-04-08,0.0101,201.0,2.0,1817.0,0.0101,0.01,0.01,10000068,2015-04-22,2015-04-22,P,2.6,2015-03-17
14238,2015-04-08 10:49:00,2015-04-08,0.01,0.0,0.0,1817.0,0.01,0.01,0.01,10000068,2015-04-22,2015-04-22,P,2.6,2015-03-17
14239,2015-04-08 10:50:00,2015-04-08,0.01,0.0,0.0,1817.0,0.01,0.01,0.01,10000068,2015-04-22,2015-04-22,P,2.6,2015-03-17
14240,2015-04-08 10:51:00,2015-04-08,0.0114,1660.0,15.0,1832.0,0.0109,0.0114,0.0109,10000068,2015-04-22,2015-04-22,P,2.6,2015-03-17
14241,2015-04-08 10:52:00,2015-04-08,0.0118,590.0,5.0,1835.0,0.0118,0.0118,0.0118,10000068,2015-04-22,2015-04-22,P,2.6,2015-03-17
14242,2015-04-08 10:53:00,2015-04-08,0.0123,1212.0,10.0,1834.0,0.0121,0.0123,0.0121,10000068,2015-04-22,2015-04-22,P,2.6,2015-03-17
14243,2015-04-08 10:54:00,2015-04-08,0.0127,3737.0,30.0,1827.0,0.0127,0.0126,0.0126,10000068,2015-04-22,2015-04-22,P,2.6,2015-03-17
14244,2015-04-08 10:55:00,2015-04-08,0.0128,1152.0,9.0,1828.0,0.0128,0.0128,0.0128,10000068,2015-04-22,2015-04-22,P,2.6,2015-03-17
14245,2015-04-08 10:56:00,2015-04-08,0.0128,0.0,0.0,1828.0,0.0128,0.0128,0.0128,10000068,2015-04-22,2015-04-22,P,2.6,2015-03-17
14246,2015-04-08 10:57:00,2015-04-08,0.0126,377.0,3.0,1829.0,0.0125,0.0126,0.0125,10000068,2015-04-22,2015-04-22,P,2.6,2015-03-17
14247,2015-04-08 10:58:00,2015-04-08,0.013,3200.0,25.0,1829.0,0.0127,0.013,0.0127,10000068,2015-04-22,2015-04-22,P,2.6,2015-03-17
14248,2015-04-08 10:59:00,2015-04-08,0.013,0.0,0.0,1829.0,0.013,0.013,0.013,10000068,2015-04-22,2015-04-22,P,2.6,2015-03-17
14249,2015-04-08 11:00:00,2015-04-08,0.0128,1501.0,12.0,1820.0,0.0128,0.0121,0.0121,10000068,2015-04-22,2015-04-22,P,2.6,2015-03-17
14250,2015-04-08 11:01:00,2015-04-08,0.0121,0.0,0.0,1820.0,0.0121,0.0121,0.0121,10000068,2015-04-22,2015-04-22,P,2.6,2015-03-17
14251,2015-04-08 11:02:00,2015-04-08,0.0121,0.0,0.0,1820.0,0.0121,0.0121,0.0121,10000068,2015-04-22,2015-04-22,P,2.6,2015-03-17
14252,2015-04-08 11:03:00,2015-04-08,0.0121,0.0,0.0,1820.0,0.0121,0.0121,0.0121,10000068,2015-04-22,2015-04-22,P,2.6,2015-03-17
14253,2015-04-08 11:04:00,2015-04-08,0.0121,0.0,0.0,1820.0,0.0121,0.0121,0.0121,10000068,2015-04-22,2015-04-22,P,2.6,2015-03-17
14254,2015-04-08 11:05:00,2015-04-08,0.012,240.0,2.0,1820.0,0.012,0.012,0.012,10000068,2015-04-22,2015-04-22,P,2.6,2015-03-17
14255,2015-04-08 11:06:00,2015-04-08,0.012,0.0,0.0,1820.0,0.012,0.012,0.012,10000068,2015-04-22,2015-04-22,P,2.6,2015-03-17
14256,2015-04-08 11:07:00,2015-04-08,0.012,0.0,0.0,1820.0,0.012,0.012,0.012,10000068,2015-04-22,2015-04-22,P,2.6,2015-03-17
14257,2015-04-08 11:08:00,2015-04-08,0.0122,366.0,3.0,1820.0,0.0122,0.0122,0.0122,10000068,2015-04-22,2015-04-22,P,2.6,2015-03-17
14258,2015-04-08 11:09:00,2015-04-08,0.0122,610.0,5.0,1825.0,0.0122,0.0122,0.0122,10000068,2015-04-22,2015-04-22,P,2.6,2015-03-17
14259,2015-04-08 11:10:00,2015-04-08,0.013,1292.0,10.0,1826.0,0.0129,0.013,0.0129,10000068,2015-04-22,2015-04-22,P,2.6,2015-03-17
14260,2015-04-08 11:11:00,2015-04-08,0.013,0.0,0.0,1826.0,0.013,0.013,0.013,10000068,2015-04-22,2015-04-22,P,2.6,2015-03-17
14261,2015-04-08 11:12:00,2015-04-08,0.0126,126.0,1.0,1825.0,0.0126,0.0126,0.0126,10000068,2015-04-22,2015-04-22,P,2.6,2015-03-17
14262,2015-04-08 11:13:00,2015-04-08,0.0126,0.0,0.0,1825.0,0.0126,0.0126,0.0126,10000068,2015-04-22,2015-04-22,P,2.6,2015-03-17
14263,2015-04-08 11:14:00,2015-04-08,0.012,120.0,1.0,1825.0,0.012,0.012,0.012,10000068,2015-04-22,2015-04-22,P,2.6,2015-03-17
14264,2015-04-08 11:15:00,2015-04-08,0.012,0.0,0.0,1825.0,0.012,0.012,0.012,10000068,2015-04-22,2015-04-22,P,2.6,2015-03-17
14265,2015-04-08 11:16:00,2015-04-08,0.012,0.0,0.0,1825.0,0.012,0.012,0.012,10000068,2015-04-22,2015-04-22,P,2.6,2015-03-17
14266,2015-04-08 11:17:00,2015-04-08,0.0119,119.0,1.0,1826.0,0.0119,0.0119,0.0119,10000068,2015-04-22,2015-04-22,P,2.6,2015-03-17
14267,2015-04-08 11:18:00,2015-04-08,0.0124,364.0,3.0,1826.0,0.0118,0.0124,0.0118,10000068,2015-04-22,2015-04-22,P,2.6,2015-03-17
14268,2015-04-08 11:19:00,2015-04-08,0.0126,252.0,2.0,1825.0,0.0126,0.0126,0.0126,10000068,2015-04-22,2015-04-22,P,2.6,2015-03-17
14269,2015-04-08 11:20:00,2015-04-08,0.0121,2410.0,20.0,1825.0,0.0121,0.012,0.012,10000068,2015-04-22,2015-04-22,P,2.6,2015-03-17
14270,2015-04-08 11:21:00,2015-04-08,0.012,0.0,0.0,1825.0,0.012,0.012,0.012,10000068,2015-04-22,2015-04-22,P,2.6,2015-03-17
14271,2015-04-08 11:22:00,2015-04-08,0.0118,472.0,4.0,1821.0,0.0118,0.0118,0.0118,10000068,2015-04-22,2015-04-22,P,2.6,2015-03-17
14272,2015-04-08 11:23:00,2015-04-08,0.0118,0.0,0.0,1821.0,0.0118,0.0118,0.0118,10000068,2015-04-22,2015-04-22,P,2.6,2015-03-17
14273,2015-04-08 11:24:00,2015-04-08,0.0118,0.0,0.0,1821.0,0.0118,0.0118,0.0118,10000068,2015-04-22,2015-04-22,P,2.6,2015-03-17
14274,2015-04-08 11:25:00,2015-04-08,0.0118,0.0,0.0,1821.0,0.0118,0.0118,0.0118,10000068,2015-04-22,2015-04-22,P,2.6,2015-03-17
14275,2015-04-08 11:26:00,2015-04-08,0.011,1100.0,10.0,1811.0,0.011,0.011,0.011,10000068,2015-04-22,2015-04-22,P,2.6,2015-03-17
14276,2015-04-08 11:27:00,2015-04-08,0.0108,972.0,9.0,1802.0,0.0108,0.0108,0.0108,10000068,2015-04-22,2015-04-22,P,2.6,2015-03-17
14277,2015-04-08 11:28:00,2015-04-08,0.0108,0.0,0.0,1802.0,0.0108,0.0108,0.0108,10000068,2015-04-22,2015-04-22,P,2.6,2015-03-17
14278,2015-04-08 11:29:00,2015-04-08,0.01,200.0,2.0,1801.0,0.01,0.01,0.01,10000068,2015-04-22,2015-04-22,P,2.6,2015-03-17
14279,2015-04-08 11:30:00,2015-04-08,0.01,800.0,8.0,1801.0,0.01,0.01,0.01,10000068,2015-04-22,2015-04-22,P,2.6,2015-03-17
14280,2015-04-08 13:01:00,2015-04-08,0.0101,1212.0,12.0,1813.0,0.0101,0.0101,0.0101,10000068,2015-04-22,2015-04-22,P,2.6,2015-03-17
14281,2015-04-08 13:02:00,2015-04-08,0.0101,0.0,0.0,1813.0,0.0101,0.0101,0.0101,10000068,2015-04-22,2015-04-22,P,2.6,2015-03-17
14282,2015-04-08 13:03:00,2015-04-08,0.0101,404.0,4.0,1817.0,0.0101,0.0101,0.0101,10000068,2015-04-22,2015-04-22,P,2.6,2015-03-17
14283,2015-04-08 13:04:00,2015-04-08,0.0101,0.0,0.0,1817.0,0.0101,0.0101,0.0101,10000068,2015-04-22,2015-04-22,P,2.6,2015-03-17
14284,2015-04-08 13:05:00,2015-04-08,0.0101,0.0,0.0,1817.0,0.0101,0.0101,0.0101,10000068,2015-04-22,2015-04-22,P,2.6,2015-03-17
14285,2015-04-08 13:06:00,2015-04-08,0.0101,0.0,0.0,1817.0,0.0101,0.0101,0.0101,10000068,2015-04-22,2015-04-22,P,2.6,2015-03-17
14286,2015-04-08 13:07:00,2015-04-08,0.0101,0.0,0.0,1817.0,0.0101,0.0101,0.0101,10000068,2015-04-22,2015-04-22,P,2.6,2015-03-17
14287,2015-04-08 13:08:00,2015-04-08,0.0101,0.0,0.0,1817.0,0.0101,0.0101,0.0101,10000068,2015-04-22,2015-04-22,P,2.6,2015-03-17
14288,2015-04-08 13:09:00,2015-04-08,0.0101,0.0,0.0,1817.0,0.0101,0.0101,0.0101,10000068,2015-04-22,2015-04-22,P,2.6,2015-03-17
14289,2015-04-08 13:10:00,2015-04-08,0.0105,105.0,1.0,1818.0,0.0105,0.0105,0.0105,10000068,2015-04-22,2015-04-22,P,2.6,2015-03-17
14290,2015-04-08 13:11:00,2015-04-08,0.0105,210.0,2.0,1819.0,0.0105,0.0105,0.0105,10000068,2015-04-22,2015-04-22,P,2.6,2015-03-17
14291,2015-04-08 13:12:00,2015-04-08,0.0105,0.0,0.0,1819.0,0.0105,0.0105,0.0105,10000068,2015-04-22,2015-04-22,P,2.6,2015-03-17
14292,2015-04-08 13:13:00,2015-04-08,0.0105,0.0,0.0,1819.0,0.0105,0.0105,0.0105,10000068,2015-04-22,2015-04-22,P,2.6,2015-03-17
14293,2015-04-08 13:14:00,2015-04-08,0.0105,0.0,0.0,1819.0,0.0105,0.0105,0.0105,10000068,2015-04-22,2015-04-22,P,2.6,2015-03-17
14294,2015-04-08 13:15:00,2015-04-08,0.0105,0.0,0.0,1819.0,0.0105,0.0105,0.0105,10000068,2015-04-22,2015-04-22,P,2.6,2015-03-17
14295,2015-04-08 13:16:00,2015-04-08,0.0105,0.0,0.0,1819.0,0.0105,0.0105,0.0105,10000068,2015-04-22,2015-04-22,P,2.6,2015-03-17
14296,2015-04-08 13:17:00,2015-04-08,0.0101,3212.0,32.0,1840.0,0.0101,0.0099,0.0099,10000068,2015-04-22,2015-04-22,P,2.6,2015-03-17
14297,2015-04-08 13:18:00,2015-04-08,0.0099,3059.0,31.0,1861.0,0.0099,0.0098,0.0098,10000068,2015-04-22,2015-04-22,P,2.6,2015-03-17
14298,2015-04-08 13:19:00,2015-04-08,0.0095,950.0,10.0,1861.0,0.0095,0.0095,0.0095,10000068,2015-04-22,2015-04-22,P,2.6,2015-03-17
14299,2015-04-08 13:20:00,2015-04-08,0.0095,0.0,0.0,1861.0,0.0095,0.0095,0.0095,10000068,2015-04-22,2015-04-22,P,2.6,2015-03-17
14300,2015-04-08 13:21:00,2015-04-08,0.0095,0.0,0.0,1861.0,0.0095,0.0095,0.0095,10000068,2015-04-22,2015-04-22,P,2.6,2015-03-17
14301,2015-04-08 13:22:00,2015-04-08,0.008,160.0,2.0,1863.0,0.008,0.008,0.008,10000068,2015-04-22,2015-04-22,P,2.6,2015-03-17
14302,2015-04-08 13:23:00,2015-04-08,0.008,1520.0,19.0,1858.0,0.008,0.008,0.008,10000068,2015-04-22,2015-04-22,P,2.6,2015-03-17
14303,2015-04-08 13:24:00,2015-04-08,0.0082,162.0,2.0,1858.0,0.0082,0.0082,0.0082,10000068,2015-04-22,2015-04-22,P,2.6,2015-03-17
14304,2015-04-08 13:25:00,2015-04-08,0.0082,0.0,0.0,1858.0,0.0082,0.0082,0.0082,10000068,2015-04-22,2015-04-22,P,2.6,2015-03-17
14305,2015-04-08 13:26:00,2015-04-08,0.0091,819.0,9.0,1858.0,0.0091,0.0091,0.0091,10000068,2015-04-22,2015-04-22,P,2.6,2015-03-17
14306,2015-04-08 13:27:00,2015-04-08,0.0093,651.0,7.0,1858.0,0.0093,0.0093,0.0093,10000068,2015-04-22,2015-04-22,P,2.6,2015-03-17
14307,2015-04-08 13:28:00,2015-04-08,0.0093,0.0,0.0,1858.0,0.0093,0.0093,0.0093,10000068,2015-04-22,2015-04-22,P,2.6,2015-03-17
14308,2015-04-08 13:29:00,2015-04-08,0.0091,817.0,9.0,1857.0,0.0091,0.009000000000000001,0.009000000000000001,10000068,2015-04-22,2015-04-22,P,2.6,2015-03-17
14309,2015-04-08 13:30:00,2015-04-08,0.0091,91.0,1.0,1858.0,0.0091,0.0091,0.0091,10000068,2015-04-22,2015-04-22,P,2.6,2015-03-17
14310,2015-04-08 13:31:00,2015-04-08,0.009000000000000001,630.0,7.0,1858.0,0.009000000000000001,0.009000000000000001,0.009000000000000001,10000068,2015-04-22,2015-04-22,P,2.6,2015-03-17
14311,2015-04-08 13:32:00,2015-04-08,0.009000000000000001,710.0,8.0,1857.0,0.009000000000000001,0.009000000000000001,0.0088,10000068,2015-04-22,2015-04-22,P,2.6,2015-03-17
14312,2015-04-08 13:33:00,2015-04-08,0.009000000000000001,0.0,0.0,1857.0,0.009000000000000001,0.009000000000000001,0.009000000000000001,10000068,2015-04-22,2015-04-22,P,2.6,2015-03-17
14313,2015-04-08 13:34:00,2015-04-08,0.009000000000000001,0.0,0.0,1857.0,0.009000000000000001,0.009000000000000001,0.009000000000000001,10000068,2015-04-22,2015-04-22,P,2.6,2015-03-17
14314,2015-04-08 13:35:00,2015-04-08,0.0077,77.0,1.0,1858.0,0.0077,0.0077,0.0077,10000068,2015-04-22,2015-04-22,P,2.6,2015-03-17
14315,2015-04-08 13:36:00,2015-04-08,0.0077,0.0,0.0,1858.0,0.0077,0.0077,0.0077,10000068,2015-04-22,2015-04-22,P,2.6,2015-03-17
14316,2015-04-08 13:37:00,2015-04-08,0.0077,0.0,0.0,1858.0,0.0077,0.0077,0.0077,10000068,2015-04-22,2015-04-22,P,2.6,2015-03-17
14317,2015-04-08 13:38:00,2015-04-08,0.0077,0.0,0.0,1858.0,0.0077,0.0077,0.0077,10000068,2015-04-22,2015-04-22,P,2.6,2015-03-17
14318,2015-04-08 13:39:00,2015-04-08,0.0079,316.0,4.0,1858.0,0.0079,0.0079,0.0079,10000068,2015-04-22,2015-04-22,P,2.6,2015-03-17
14319,2015-04-08 13:40:00,2015-04-08,0.0079,79.0,1.0,1858.0,0.0079,0.0079,0.0079,10000068,2015-04-22,2015-04-22,P,2.6,2015-03-17
14320,2015-04-08 13:41:00,2015-04-08,0.0079,0.0,0.0,1858.0,0.0079,0.0079,0.0079,10000068,2015-04-22,2015-04-22,P,2.6,2015-03-17
14321,2015-04-08 13:42:00,2015-04-08,0.0088,880.0,10.0,1864.0,0.0088,0.0088,0.0088,10000068,2015-04-22,2015-04-22,P,2.6,2015-03-17
14322,2015-04-08 13:43:00,2015-04-08,0.0088,0.0,0.0,1864.0,0.0088,0.0088,0.0088,10000068,2015-04-22,2015-04-22,P,2.6,2015-03-17
14323,2015-04-08 13:44:00,2015-04-08,0.0088,352.0,4.0,1864.0,0.0088,0.0088,0.0088,10000068,2015-04-22,2015-04-22,P,2.6,2015-03-17
14324,2015-04-08 13:45:00,2015-04-08,0.0088,440.0,5.0,1869.0,0.0088,0.0088,0.0088,10000068,2015-04-22,2015-04-22,P,2.6,2015-03-17
14325,2015-04-08 13:46:00,2015-04-08,0.0088,264.0,3.0,1871.0,0.0088,0.0088,0.0088,10000068,2015-04-22,2015-04-22,P,2.6,2015-03-17
14326,2015-04-08 13:47:00,2015-04-08,0.0088,0.0,0.0,1871.0,0.0088,0.0088,0.0088,10000068,2015-04-22,2015-04-22,P,2.6,2015-03-17
14327,2015-04-08 13:48:00,2015-04-08,0.0088,176.0,2.0,1873.0,0.0088,0.0088,0.0088,10000068,2015-04-22,2015-04-22,P,2.6,2015-03-17
14328,2015-04-08 13:49:00,2015-04-08,0.0088,0.0,0.0,1873.0,0.0088,0.0088,0.0088,10000068,2015-04-22,2015-04-22,P,2.6,2015-03-17
14329,2015-04-08 13:50:00,2015-04-08,0.0088,0.0,0.0,1873.0,0.0088,0.0088,0.0088,10000068,2015-04-22,2015-04-22,P,2.6,2015-03-17
14330,2015-04-08 13:51:00,2015-04-08,0.0088,0.0,0.0,1873.0,0.0088,0.0088,0.0088,10000068,2015-04-22,2015-04-22,P,2.6,2015-03-17
14331,2015-04-08 13:52:00,2015-04-08,0.0088,0.0,0.0,1873.0,0.0088,0.0088,0.0088,10000068,2015-04-22,2015-04-22,P,2.6,2015-03-17
14332,2015-04-08 13:53:00,2015-04-08,0.0088,0.0,0.0,1873.0,0.0088,0.0088,0.0088,10000068,2015-04-22,2015-04-22,P,2.6,2015-03-17
14333,2015-04-08 13:54:00,2015-04-08,0.0088,0.0,0.0,1873.0,0.0088,0.0088,0.0088,10000068,2015-04-22,2015-04-22,P,2.6,2015-03-17
14334,2015-04-08 13:55:00,2015-04-08,0.0088,0.0,0.0,1873.0,0.0088,0.0088,0.0088,10000068,2015-04-22,2015-04-22,P,2.6,2015-03-17
14335,2015-04-08 13:56:00,2015-04-08,0.0088,0.0,0.0,1873.0,0.0088,0.0088,0.0088,10000068,2015-04-22,2015-04-22,P,2.6,2015-03-17
14336,2015-04-08 13:57:00,2015-04-08,0.0088,0.0,0.0,1873.0,0.0088,0.0088,0.0088,10000068,2015-04-22,2015-04-22,P,2.6,2015-03-17
14337,2015-04-08 13:58:00,2015-04-08,0.0088,0.0,0.0,1873.0,0.0088,0.0088,0.0088,10000068,2015-04-22,2015-04-22,P,2.6,2015-03-17
14338,2015-04-08 13:59:00,2015-04-08,0.0088,0.0,0.0,1873.0,0.0088,0.0088,0.0088,10000068,2015-04-22,2015-04-22,P,2.6,2015-03-17
14339,2015-04-08 14:00:00,2015-04-08,0.0088,0.0,0.0,1873.0,0.0088,0.0088,0.0088,10000068,2015-04-22,2015-04-22,P,2.6,2015-03-17
14340,2015-04-08 14:01:00,2015-04-08,0.0088,0.0,0.0,1873.0,0.0088,0.0088,0.0088,10000068,2015-04-22,2015-04-22,P,2.6,2015-03-17
14341,2015-04-08 14:02:00,2015-04-08,0.0088,0.0,0.0,1873.0,0.0088,0.0088,0.0088,10000068,2015-04-22,2015-04-22,P,2.6,2015-03-17
14342,2015-04-08 14:03:00,2015-04-08,0.0088,0.0,0.0,1873.0,0.0088,0.0088,0.0088,10000068,2015-04-22,2015-04-22,P,2.6,2015-03-17
14343,2015-04-08 14:04:00,2015-04-08,0.009000000000000001,900.0,10.0,1873.0,0.009000000000000001,0.009000000000000001,0.009000000000000001,10000068,2015-04-22,2015-04-22,P,2.6,2015-03-17
14344,2015-04-08 14:05:00,2015-04-08,0.009000000000000001,900.0,10.0,1875.0,0.009000000000000001,0.009000000000000001,0.009000000000000001,10000068,2015-04-22,2015-04-22,P,2.6,2015-03-17
14345,2015-04-08 14:06:00,2015-04-08,0.009000000000000001,90.0,1.0,1876.0,0.009000000000000001,0.009000000000000001,0.009000000000000001,10000068,2015-04-22,2015-04-22,P,2.6,2015-03-17
14346,2015-04-08 14:07:00,2015-04-08,0.009000000000000001,0.0,0.0,1876.0,0.009000000000000001,0.009000000000000001,0.009000000000000001,10000068,2015-04-22,2015-04-22,P,2.6,2015-03-17
14347,2015-04-08 14:08:00,2015-04-08,0.009000000000000001,0.0,0.0,1876.0,0.009000000000000001,0.009000000000000001,0.009000000000000001,10000068,2015-04-22,2015-04-22,P,2.6,2015-03-17
14348,2015-04-08 14:09:00,2015-04-08,0.009000000000000001,0.0,0.0,1876.0,0.009000000000000001,0.009000000000000001,0.009000000000000001,10000068,2015-04-22,2015-04-22,P,2.6,2015-03-17
14349,2015-04-08 14:10:00,2015-04-08,0.009000000000000001,0.0,0.0,1876.0,0.009000000000000001,0.009000000000000001,0.009000000000000001,10000068,2015-04-22,2015-04-22,P,2.6,2015-03-17
14350,2015-04-08 14:11:00,2015-04-08,0.009000000000000001,90.0,1.0,1876.0,0.009000000000000001,0.009000000000000001,0.009000000000000001,10000068,2015-04-22,2015-04-22,P,2.6,2015-03-17
14351,2015-04-08 14:12:00,2015-04-08,0.009000000000000001,0.0,0.0,1876.0,0.009000000000000001,0.009000000000000001,0.009000000000000001,10000068,2015-04-22,2015-04-22,P,2.6,2015-03-17
14352,2015-04-08 14:13:00,2015-04-08,0.009000000000000001,0.0,0.0,1876.0,0.009000000000000001,0.009000000000000001,0.009000000000000001,10000068,2015-04-22,2015-04-22,P,2.6,2015-03-17
14353,2015-04-08 14:14:00,2015-04-08,0.009000000000000001,0.0,0.0,1876.0,0.009000000000000001,0.009000000000000001,0.009000000000000001,10000068,2015-04-22,2015-04-22,P,2.6,2015-03-17
14354,2015-04-08 14:15:00,2015-04-08,0.009000000000000001,0.0,0.0,1876.0,0.009000000000000001,0.009000000000000001,0.009000000000000001,10000068,2015-04-22,2015-04-22,P,2.6,2015-03-17
14355,2015-04-08 14:16:00,2015-04-08,0.009000000000000001,0.0,0.0,1876.0,0.009000000000000001,0.009000000000000001,0.009000000000000001,10000068,2015-04-22,2015-04-22,P,2.6,2015-03-17
14356,2015-04-08 14:17:00,2015-04-08,0.0089,2630.0,34.0,1902.0,0.008,0.0089,0.0073,10000068,2015-04-22,2015-04-22,P,2.6,2015-03-17
14357,2015-04-08 14:18:00,2015-04-08,0.0089,0.0,0.0,1902.0,0.0089,0.0089,0.0089,10000068,2015-04-22,2015-04-22,P,2.6,2015-03-17
14358,2015-04-08 14:19:00,2015-04-08,0.0091,172.0,2.0,1901.0,0.0091,0.0081,0.0081,10000068,2015-04-22,2015-04-22,P,2.6,2015-03-17
14359,2015-04-08 14:20:00,2015-04-08,0.0081,0.0,0.0,1901.0,0.0081,0.0081,0.0081,10000068,2015-04-22,2015-04-22,P,2.6,2015-03-17
14360,2015-04-08 14:21:00,2015-04-08,0.0091,819.0,9.0,1906.0,0.0091,0.0091,0.0091,10000068,2015-04-22,2015-04-22,P,2.6,2015-03-17
14361,2015-04-08 14:22:00,2015-04-08,0.0091,0.0,0.0,1906.0,0.0091,0.0091,0.0091,10000068,2015-04-22,2015-04-22,P,2.6,2015-03-17
14362,2015-04-08 14:23:00,2015-04-08,0.0091,0.0,0.0,1906.0,0.0091,0.0091,0.0091,10000068,2015-04-22,2015-04-22,P,2.6,2015-03-17
14363,2015-04-08 14:24:00,2015-04-08,0.0091,910.0,10.0,1916.0,0.0091,0.0091,0.0091,10000068,2015-04-22,2015-04-22,P,2.6,2015-03-17
14364,2015-04-08 14:25:00,2015-04-08,0.0091,0.0,0.0,1916.0,0.0091,0.0091,0.0091,10000068,2015-04-22,2015-04-22,P,2.6,2015-03-17
14365,2015-04-08 14:26:00,2015-04-08,0.0091,0.0,0.0,1916.0,0.0091,0.0091,0.0091,10000068,2015-04-22,2015-04-22,P,2.6,2015-03-17
14366,2015-04-08 14:27:00,2015-04-08,0.0092,456.0,5.0,1917.0,0.0091,0.0092,0.0091,10000068,2015-04-22,2015-04-22,P,2.6,2015-03-17
14367,2015-04-08 14:28:00,2015-04-08,0.0092,0.0,0.0,1917.0,0.0092,0.0092,0.0092,10000068,2015-04-22,2015-04-22,P,2.6,2015-03-17
14368,2015-04-08 14:29:00,2015-04-08,0.0092,0.0,0.0,1917.0,0.0092,0.0092,0.0092,10000068,2015-04-22,2015-04-22,P,2.6,2015-03-17
14369,2015-04-08 14:30:00,2015-04-08,0.0092,893.0,10.0,1918.0,0.0092,0.0089,0.0089,10000068,2015-04-22,2015-04-22,P,2.6,2015-03-17
14370,2015-04-08 14:31:00,2015-04-08,0.0089,0.0,0.0,1918.0,0.0089,0.0089,0.0089,10000068,2015-04-22,2015-04-22,P,2.6,2015-03-17
14371,2015-04-08 14:32:00,2015-04-08,0.0089,0.0,0.0,1918.0,0.0089,0.0089,0.0089,10000068,2015-04-22,2015-04-22,P,2.6,2015-03-17
14372,2015-04-08 14:33:00,2015-04-08,0.0089,0.0,0.0,1918.0,0.0089,0.0089,0.0089,10000068,2015-04-22,2015-04-22,P,2.6,2015-03-17
14373,2015-04-08 14:34:00,2015-04-08,0.0089,0.0,0.0,1918.0,0.0089,0.0089,0.0089,10000068,2015-04-22,2015-04-22,P,2.6,2015-03-17
14374,2015-04-08 14:35:00,2015-04-08,0.0089,0.0,0.0,1918.0,0.0089,0.0089,0.0089,10000068,2015-04-22,2015-04-22,P,2.6,2015-03-17
14375,2015-04-08 14:36:00,2015-04-08,0.0089,0.0,0.0,1918.0,0.0089,0.0089,0.0089,10000068,2015-04-22,2015-04-22,P,2.6,2015-03-17
14376,2015-04-08 14:37:00,2015-04-08,0.0081,81.0,1.0,1919.0,0.0081,0.0081,0.0081,10000068,2015-04-22,2015-04-22,P,2.6,2015-03-17
14377,2015-04-08 14:38:00,2015-04-08,0.0081,0.0,0.0,1919.0,0.0081,0.0081,0.0081,10000068,2015-04-22,2015-04-22,P,2.6,2015-03-17
14378,2015-04-08 14:39:00,2015-04-08,0.0081,0.0,0.0,1919.0,0.0081,0.0081,0.0081,10000068,2015-04-22,2015-04-22,P,2.6,2015-03-17
14379,2015-04-08 14:40:00,2015-04-08,0.0081,0.0,0.0,1919.0,0.0081,0.0081,0.0081,10000068,2015-04-22,2015-04-22,P,2.6,2015-03-17
14380,2015-04-08 14:41:00,2015-04-08,0.0081,0.0,0.0,1919.0,0.0081,0.0081,0.0081,10000068,2015-04-22,2015-04-22,P,2.6,2015-03-17
14381,2015-04-08 14:42:00,2015-04-08,0.0081,0.0,0.0,1919.0,0.0081,0.0081,0.0081,10000068,2015-04-22,2015-04-22,P,2.6,2015-03-17
14382,2015-04-08 14:43:00,2015-04-08,0.0081,0.0,0.0,1919.0,0.0081,0.0081,0.0081,10000068,2015-04-22,2015-04-22,P,2.6,2015-03-17
14383,2015-04-08 14:44:00,2015-04-08,0.0081,0.0,0.0,1919.0,0.0081,0.0081,0.0081,10000068,2015-04-22,2015-04-22,P,2.6,2015-03-17
14384,2015-04-08 14:45:00,2015-04-08,0.0091,1142.0,14.0,1931.0,0.0081,0.0077,0.0077,10000068,2015-04-22,2015-04-22,P,2.6,2015-03-17
14385,2015-04-08 14:46:00,2015-04-08,0.0077,0.0,0.0,1931.0,0.0077,0.0077,0.0077,10000068,2015-04-22,2015-04-22,P,2.6,2015-03-17
14386,2015-04-08 14:47:00,2015-04-08,0.0077,0.0,0.0,1931.0,0.0077,0.0077,0.0077,10000068,2015-04-22,2015-04-22,P,2.6,2015-03-17
14387,2015-04-08 14:48:00,2015-04-08,0.0077,0.0,0.0,1931.0,0.0077,0.0077,0.0077,10000068,2015-04-22,2015-04-22,P,2.6,2015-03-17
14388,2015-04-08 14:49:00,2015-04-08,0.0077,0.0,0.0,1931.0,0.0077,0.0077,0.0077,10000068,2015-04-22,2015-04-22,P,2.6,2015-03-17
14389,2015-04-08 14:50:00,2015-04-08,0.0077,0.0,0.0,1931.0,0.0077,0.0077,0.0077,10000068,2015-04-22,2015-04-22,P,2.6,2015-03-17
14390,2015-04-08 14:51:00,2015-04-08,0.0077,0.0,0.0,1931.0,0.0077,0.0077,0.0077,10000068,2015-04-22,2015-04-22,P,2.6,2015-03-17
14391,2015-04-08 14:52:00,2015-04-08,0.0077,0.0,0.0,1931.0,0.0077,0.0077,0.0077,10000068,2015-04-22,2015-04-22,P,2.6,2015-03-17
14392,2015-04-08 14:53:00,2015-04-08,0.0077,0.0,0.0,1931.0,0.0077,0.0077,0.0077,10000068,2015-04-22,2015-04-22,P,2.6,2015-03-17
14393,2015-04-08 14:54:00,2015-04-08,0.0091,1148.0,13.0,1939.0,0.0091,0.0084,0.0084,10000068,2015-04-22,2015-04-22,P,2.6,2015-03-17
14394,2015-04-08 14:55:00,2015-04-08,0.0084,0.0,0.0,1939.0,0.0084,0.0084,0.0084,10000068,2015-04-22,2015-04-22,P,2.6,2015-03-17
14395,2015-04-08 14:56:00,2015-04-08,0.0084,0.0,0.0,1939.0,0.0084,0.0084,0.0084,10000068,2015-04-22,2015-04-22,P,2.6,2015-03-17
14396,2015-04-08 14:57:00,2015-04-08,0.0084,0.0,0.0,1939.0,0.0084,0.0084,0.0084,10000068,2015-04-22,2015-04-22,P,2.6,2015-03-17
14397,2015-04-08 14:58:00,2015-04-08,0.0084,0.0,0.0,1939.0,0.0084,0.0084,0.0084,10000068,2015-04-22,2015-04-22,P,2.6,2015-03-17
14398,2015-04-08 14:59:00,2015-04-08,0.0084,0.0,0.0,1939.0,0.0084,0.0084,0.0084,10000068,2015-04-22,2015-04-22,P,2.6,2015-03-17
14399,2015-04-08 15:00:00,2015-04-08,0.0084,0.0,0.0,1939.0,0.0084,0.0084,0.0084,10000068,2015-04-22,2015-04-22,P,2.6,2015-03-17
14400,2015-04-08 09:31:00,2015-04-08,0.0267,0.0,0.0,0.0,0.0267,0.0267,0.0267,10000036,2015-09-23,2015-09-23,P,2.2,2015-02-09
14401,2015-04-08 09:32:00,2015-04-08,0.0267,0.0,0.0,0.0,0.0267,0.0267,0.0267,10000036,2015-09-23,2015-09-23,P,2.2,2015-02-09
14402,2015-04-08 09:33:00,2015-04-08,0.0267,0.0,0.0,0.0,0.0267,0.0267,0.0267,10000036,2015-09-23,2015-09-23,P,2.2,2015-02-09
14403,2015-04-08 09:34:00,2015-04-08,0.0267,0.0,0.0,0.0,0.0267,0.0267,0.0267,10000036,2015-09-23,2015-09-23,P,2.2,2015-02-09
14404,2015-04-08 09:35:00,2015-04-08,0.0267,0.0,0.0,0.0,0.0267,0.0267,0.0267,10000036,2015-09-23,2015-09-23,P,2.2,2015-02-09
14405,2015-04-08 09:36:00,2015-04-08,0.0267,0.0,0.0,0.0,0.0267,0.0267,0.0267,10000036,2015-09-23,2015-09-23,P,2.2,2015-02-09
14406,2015-04-08 09:37:00,2015-04-08,0.0267,0.0,0.0,0.0,0.0267,0.0267,0.0267,10000036,2015-09-23,2015-09-23,P,2.2,2015-02-09
14407,2015-04-08 09:38:00,2015-04-08,0.0267,0.0,0.0,0.0,0.0267,0.0267,0.0267,10000036,2015-09-23,2015-09-23,P,2.2,2015-02-09
14408,2015-04-08 09:39:00,2015-04-08,0.0267,0.0,0.0,0.0,0.0267,0.0267,0.0267,10000036,2015-09-23,2015-09-23,P,2.2,2015-02-09
14409,2015-04-08 09:40:00,2015-04-08,0.0267,0.0,0.0,0.0,0.0267,0.0267,0.0267,10000036,2015-09-23,2015-09-23,P,2.2,2015-02-09
14410,2015-04-08 09:41:00,2015-04-08,0.0267,0.0,0.0,0.0,0.0267,0.0267,0.0267,10000036,2015-09-23,2015-09-23,P,2.2,2015-02-09
14411,2015-04-08 09:42:00,2015-04-08,0.0267,0.0,0.0,0.0,0.0267,0.0267,0.0267,10000036,2015-09-23,2015-09-23,P,2.2,2015-02-09
14412,2015-04-08 09:43:00,2015-04-08,0.0267,0.0,0.0,0.0,0.0267,0.0267,0.0267,10000036,2015-09-23,2015-09-23,P,2.2,2015-02-09
14413,2015-04-08 09:44:00,2015-04-08,0.0267,0.0,0.0,0.0,0.0267,0.0267,0.0267,10000036,2015-09-23,2015-09-23,P,2.2,2015-02-09
14414,2015-04-08 09:45:00,2015-04-08,0.0284,284.0,1.0,554.0,0.0284,0.0284,0.0284,10000036,2015-09-23,2015-09-23,P,2.2,2015-02-09
14415,2015-04-08 09:46:00,2015-04-08,0.0284,0.0,0.0,554.0,0.0284,0.0284,0.0284,10000036,2015-09-23,2015-09-23,P,2.2,2015-02-09
14416,2015-04-08 09:47:00,2015-04-08,0.0284,0.0,0.0,554.0,0.0284,0.0284,0.0284,10000036,2015-09-23,2015-09-23,P,2.2,2015-02-09
14417,2015-04-08 09:48:00,2015-04-08,0.0284,0.0,0.0,554.0,0.0284,0.0284,0.0284,10000036,2015-09-23,2015-09-23,P,2.2,2015-02-09
14418,2015-04-08 09:49:00,2015-04-08,0.0281,2778.0,10.0,556.0,0.0281,0.0281,0.0281,10000036,2015-09-23,2015-09-23,P,2.2,2015-02-09
14419,2015-04-08 09:50:00,2015-04-08,0.0281,0.0,0.0,556.0,0.0281,0.0281,0.0281,10000036,2015-09-23,2015-09-23,P,2.2,2015-02-09
14420,2015-04-08 09:51:00,2015-04-08,0.0281,2248.0,8.0,556.0,0.0281,0.0281,0.0281,10000036,2015-09-23,2015-09-23,P,2.2,2015-02-09
14421,2015-04-08 09:52:00,2015-04-08,0.0281,0.0,0.0,556.0,0.0281,0.0281,0.0281,10000036,2015-09-23,2015-09-23,P,2.2,2015-02-09
14422,2015-04-08 09:53:00,2015-04-08,0.0281,0.0,0.0,556.0,0.0281,0.0281,0.0281,10000036,2015-09-23,2015-09-23,P,2.2,2015-02-09
14423,2015-04-08 09:54:00,2015-04-08,0.0281,0.0,0.0,556.0,0.0281,0.0281,0.0281,10000036,2015-09-23,2015-09-23,P,2.2,2015-02-09
14424,2015-04-08 09:55:00,2015-04-08,0.0281,0.0,0.0,556.0,0.0281,0.0281,0.0281,10000036,2015-09-23,2015-09-23,P,2.2,2015-02-09
14425,2015-04-08 09:56:00,2015-04-08,0.0281,0.0,0.0,556.0,0.0281,0.0281,0.0281,10000036,2015-09-23,2015-09-23,P,2.2,2015-02-09
14426,2015-04-08 09:57:00,2015-04-08,0.0281,0.0,0.0,556.0,0.0281,0.0281,0.0281,10000036,2015-09-23,2015-09-23,P,2.2,2015-02-09
14427,2015-04-08 09:58:00,2015-04-08,0.0266,2128.0,8.0,556.0,0.0266,0.0266,0.0266,10000036,2015-09-23,2015-09-23,P,2.2,2015-02-09
14428,2015-04-08 09:59:00,2015-04-08,0.0266,0.0,0.0,556.0,0.0266,0.0266,0.0266,10000036,2015-09-23,2015-09-23,P,2.2,2015-02-09
14429,2015-04-08 10:00:00,2015-04-08,0.0266,0.0,0.0,556.0,0.0266,0.0266,0.0266,10000036,2015-09-23,2015-09-23,P,2.2,2015-02-09
14430,2015-04-08 10:01:00,2015-04-08,0.0265,2120.0,8.0,556.0,0.0265,0.0265,0.0265,10000036,2015-09-23,2015-09-23,P,2.2,2015-02-09
14431,2015-04-08 10:02:00,2015-04-08,0.0265,0.0,0.0,556.0,0.0265,0.0265,0.0265,10000036,2015-09-23,2015-09-23,P,2.2,2015-02-09
14432,2015-04-08 10:03:00,2015-04-08,0.0265,0.0,0.0,556.0,0.0265,0.0265,0.0265,10000036,2015-09-23,2015-09-23,P,2.2,2015-02-09
14433,2015-04-08 10:04:00,2015-04-08,0.0265,0.0,0.0,556.0,0.0265,0.0265,0.0265,10000036,2015-09-23,2015-09-23,P,2.2,2015-02-09
14434,2015-04-08 10:05:00,2015-04-08,0.0265,0.0,0.0,556.0,0.0265,0.0265,0.0265,10000036,2015-09-23,2015-09-23,P,2.2,2015-02-09
14435,2015-04-08 10:06:00,2015-04-08,0.0265,0.0,0.0,556.0,0.0265,0.0265,0.0265,10000036,2015-09-23,2015-09-23,P,2.2,2015-02-09
14436,2015-04-08 10:07:00,2015-04-08,0.0265,0.0,0.0,556.0,0.0265,0.0265,0.0265,10000036,2015-09-23,2015-09-23,P,2.2,2015-02-09
14437,2015-04-08 10:08:00,2015-04-08,0.0265,0.0,0.0,556.0,0.0265,0.0265,0.0265,10000036,2015-09-23,2015-09-23,P,2.2,2015-02-09
14438,2015-04-08 10:09:00,2015-04-08,0.0265,0.0,0.0,556.0,0.0265,0.0265,0.0265,10000036,2015-09-23,2015-09-23,P,2.2,2015-02-09
14439,2015-04-08 10:10:00,2015-04-08,0.0265,0.0,0.0,556.0,0.0265,0.0265,0.0265,10000036,2015-09-23,2015-09-23,P,2.2,2015-02-09
14440,2015-04-08 10:11:00,2015-04-08,0.0265,0.0,0.0,556.0,0.0265,0.0265,0.0265,10000036,2015-09-23,2015-09-23,P,2.2,2015-02-09
14441,2015-04-08 10:12:00,2015-04-08,0.0265,0.0,0.0,556.0,0.0265,0.0265,0.0265,10000036,2015-09-23,2015-09-23,P,2.2,2015-02-09
14442,2015-04-08 10:13:00,2015-04-08,0.0265,0.0,0.0,556.0,0.0265,0.0265,0.0265,10000036,2015-09-23,2015-09-23,P,2.2,2015-02-09
14443,2015-04-08 10:14:00,2015-04-08,0.0265,0.0,0.0,556.0,0.0265,0.0265,0.0265,10000036,2015-09-23,2015-09-23,P,2.2,2015-02-09
14444,2015-04-08 10:15:00,2015-04-08,0.0265,0.0,0.0,556.0,0.0265,0.0265,0.0265,10000036,2015-09-23,2015-09-23,P,2.2,2015-02-09
14445,2015-04-08 10:16:00,2015-04-08,0.0265,0.0,0.0,556.0,0.0265,0.0265,0.0265,10000036,2015-09-23,2015-09-23,P,2.2,2015-02-09
14446,2015-04-08 10:17:00,2015-04-08,0.0265,0.0,0.0,556.0,0.0265,0.0265,0.0265,10000036,2015-09-23,2015-09-23,P,2.2,2015-02-09
14447,2015-04-08 10:18:00,2015-04-08,0.0265,0.0,0.0,556.0,0.0265,0.0265,0.0265,10000036,2015-09-23,2015-09-23,P,2.2,2015-02-09
14448,2015-04-08 10:19:00,2015-04-08,0.0265,0.0,0.0,556.0,0.0265,0.0265,0.0265,10000036,2015-09-23,2015-09-23,P,2.2,2015-02-09
14449,2015-04-08 10:20:00,2015-04-08,0.0291,4325.0,15.0,561.0,0.0283,0.0291,0.0283,10000036,2015-09-23,2015-09-23,P,2.2,2015-02-09
14450,2015-04-08 10:21:00,2015-04-08,0.0291,0.0,0.0,561.0,0.0291,0.0291,0.0291,10000036,2015-09-23,2015-09-23,P,2.2,2015-02-09
14451,2015-04-08 10:22:00,2015-04-08,0.0291,0.0,0.0,561.0,0.0291,0.0291,0.0291,10000036,2015-09-23,2015-09-23,P,2.2,2015-02-09
14452,2015-04-08 10:23:00,2015-04-08,0.0291,0.0,0.0,561.0,0.0291,0.0291,0.0291,10000036,2015-09-23,2015-09-23,P,2.2,2015-02-09
14453,2015-04-08 10:24:00,2015-04-08,0.0291,0.0,0.0,561.0,0.0291,0.0291,0.0291,10000036,2015-09-23,2015-09-23,P,2.2,2015-02-09
14454,2015-04-08 10:25:00,2015-04-08,0.0291,0.0,0.0,561.0,0.0291,0.0291,0.0291,10000036,2015-09-23,2015-09-23,P,2.2,2015-02-09
14455,2015-04-08 10:26:00,2015-04-08,0.0291,0.0,0.0,561.0,0.0291,0.0291,0.0291,10000036,2015-09-23,2015-09-23,P,2.2,2015-02-09
14456,2015-04-08 10:27:00,2015-04-08,0.0291,0.0,0.0,561.0,0.0291,0.0291,0.0291,10000036,2015-09-23,2015-09-23,P,2.2,2015-02-09
14457,2015-04-08 10:28:00,2015-04-08,0.0291,0.0,0.0,561.0,0.0291,0.0291,0.0291,10000036,2015-09-23,2015-09-23,P,2.2,2015-02-09
14458,2015-04-08 10:29:00,2015-04-08,0.0283,1415.0,5.0,561.0,0.0283,0.0283,0.0283,10000036,2015-09-23,2015-09-23,P,2.2,2015-02-09
14459,2015-04-08 10:30:00,2015-04-08,0.0283,0.0,0.0,561.0,0.0283,0.0283,0.0283,10000036,2015-09-23,2015-09-23,P,2.2,2015-02-09
14460,2015-04-08 10:31:00,2015-04-08,0.0277,2770.0,10.0,551.0,0.0277,0.0277,0.0277,10000036,2015-09-23,2015-09-23,P,2.2,2015-02-09
14461,2015-04-08 10:32:00,2015-04-08,0.0277,0.0,0.0,551.0,0.0277,0.0277,0.0277,10000036,2015-09-23,2015-09-23,P,2.2,2015-02-09
14462,2015-04-08 10:33:00,2015-04-08,0.0277,0.0,0.0,551.0,0.0277,0.0277,0.0277,10000036,2015-09-23,2015-09-23,P,2.2,2015-02-09
14463,2015-04-08 10:34:00,2015-04-08,0.0277,0.0,0.0,551.0,0.0277,0.0277,0.0277,10000036,2015-09-23,2015-09-23,P,2.2,2015-02-09
14464,2015-04-08 10:35:00,2015-04-08,0.0277,0.0,0.0,551.0,0.0277,0.0277,0.0277,10000036,2015-09-23,2015-09-23,P,2.2,2015-02-09
14465,2015-04-08 10:36:00,2015-04-08,0.0277,0.0,0.0,551.0,0.0277,0.0277,0.0277,10000036,2015-09-23,2015-09-23,P,2.2,2015-02-09
14466,2015-04-08 10:37:00,2015-04-08,0.0277,0.0,0.0,551.0,0.0277,0.0277,0.0277,10000036,2015-09-23,2015-09-23,P,2.2,2015-02-09
14467,2015-04-08 10:38:00,2015-04-08,0.0277,0.0,0.0,551.0,0.0277,0.0277,0.0277,10000036,2015-09-23,2015-09-23,P,2.2,2015-02-09
14468,2015-04-08 10:39:00,2015-04-08,0.0277,0.0,0.0,551.0,0.0277,0.0277,0.0277,10000036,2015-09-23,2015-09-23,P,2.2,2015-02-09
14469,2015-04-08 10:40:00,2015-04-08,0.0277,0.0,0.0,551.0,0.0277,0.0277,0.0277,10000036,2015-09-23,2015-09-23,P,2.2,2015-02-09
14470,2015-04-08 10:41:00,2015-04-08,0.0277,0.0,0.0,551.0,0.0277,0.0277,0.0277,10000036,2015-09-23,2015-09-23,P,2.2,2015-02-09
14471,2015-04-08 10:42:00,2015-04-08,0.0277,0.0,0.0,551.0,0.0277,0.0277,0.0277,10000036,2015-09-23,2015-09-23,P,2.2,2015-02-09
14472,2015-04-08 10:43:00,2015-04-08,0.0277,0.0,0.0,551.0,0.0277,0.0277,0.0277,10000036,2015-09-23,2015-09-23,P,2.2,2015-02-09
14473,2015-04-08 10:44:00,2015-04-08,0.0277,0.0,0.0,551.0,0.0277,0.0277,0.0277,10000036,2015-09-23,2015-09-23,P,2.2,2015-02-09
14474,2015-04-08 10:45:00,2015-04-08,0.0277,0.0,0.0,551.0,0.0277,0.0277,0.0277,10000036,2015-09-23,2015-09-23,P,2.2,2015-02-09
14475,2015-04-08 10:46:00,2015-04-08,0.0277,0.0,0.0,551.0,0.0277,0.0277,0.0277,10000036,2015-09-23,2015-09-23,P,2.2,2015-02-09
14476,2015-04-08 10:47:00,2015-04-08,0.0277,0.0,0.0,551.0,0.0277,0.0277,0.0277,10000036,2015-09-23,2015-09-23,P,2.2,2015-02-09
14477,2015-04-08 10:48:00,2015-04-08,0.0277,0.0,0.0,551.0,0.0277,0.0277,0.0277,10000036,2015-09-23,2015-09-23,P,2.2,2015-02-09
14478,2015-04-08 10:49:00,2015-04-08,0.0277,0.0,0.0,551.0,0.0277,0.0277,0.0277,10000036,2015-09-23,2015-09-23,P,2.2,2015-02-09
14479,2015-04-08 10:50:00,2015-04-08,0.0277,0.0,0.0,551.0,0.0277,0.0277,0.0277,10000036,2015-09-23,2015-09-23,P,2.2,2015-02-09
14480,2015-04-08 10:51:00,2015-04-08,0.0277,0.0,0.0,551.0,0.0277,0.0277,0.0277,10000036,2015-09-23,2015-09-23,P,2.2,2015-02-09
14481,2015-04-08 10:52:00,2015-04-08,0.0277,0.0,0.0,551.0,0.0277,0.0277,0.0277,10000036,2015-09-23,2015-09-23,P,2.2,2015-02-09
14482,2015-04-08 10:53:00,2015-04-08,0.0277,0.0,0.0,551.0,0.0277,0.0277,0.0277,10000036,2015-09-23,2015-09-23,P,2.2,2015-02-09
14483,2015-04-08 10:54:00,2015-04-08,0.0277,0.0,0.0,551.0,0.0277,0.0277,0.0277,10000036,2015-09-23,2015-09-23,P,2.2,2015-02-09
14484,2015-04-08 10:55:00,2015-04-08,0.0277,0.0,0.0,551.0,0.0277,0.0277,0.0277,10000036,2015-09-23,2015-09-23,P,2.2,2015-02-09
14485,2015-04-08 10:56:00,2015-04-08,0.0277,0.0,0.0,551.0,0.0277,0.0277,0.0277,10000036,2015-09-23,2015-09-23,P,2.2,2015-02-09
14486,2015-04-08 10:57:00,2015-04-08,0.0277,0.0,0.0,551.0,0.0277,0.0277,0.0277,10000036,2015-09-23,2015-09-23,P,2.2,2015-02-09
14487,2015-04-08 10:58:00,2015-04-08,0.0277,0.0,0.0,551.0,0.0277,0.0277,0.0277,10000036,2015-09-23,2015-09-23,P,2.2,2015-02-09
14488,2015-04-08 10:59:00,2015-04-08,0.0277,0.0,0.0,551.0,0.0277,0.0277,0.0277,10000036,2015-09-23,2015-09-23,P,2.2,2015-02-09
14489,2015-04-08 11:00:00,2015-04-08,0.0277,0.0,0.0,551.0,0.0277,0.0277,0.0277,10000036,2015-09-23,2015-09-23,P,2.2,2015-02-09
14490,2015-04-08 11:01:00,2015-04-08,0.0277,0.0,0.0,551.0,0.0277,0.0277,0.0277,10000036,2015-09-23,2015-09-23,P,2.2,2015-02-09
14491,2015-04-08 11:02:00,2015-04-08,0.0277,0.0,0.0,551.0,0.0277,0.0277,0.0277,10000036,2015-09-23,2015-09-23,P,2.2,2015-02-09
14492,2015-04-08 11:03:00,2015-04-08,0.0277,0.0,0.0,551.0,0.0277,0.0277,0.0277,10000036,2015-09-23,2015-09-23,P,2.2,2015-02-09
14493,2015-04-08 11:04:00,2015-04-08,0.0277,0.0,0.0,551.0,0.0277,0.0277,0.0277,10000036,2015-09-23,2015-09-23,P,2.2,2015-02-09
14494,2015-04-08 11:05:00,2015-04-08,0.0277,0.0,0.0,551.0,0.0277,0.0277,0.0277,10000036,2015-09-23,2015-09-23,P,2.2,2015-02-09
14495,2015-04-08 11:06:00,2015-04-08,0.0277,0.0,0.0,551.0,0.0277,0.0277,0.0277,10000036,2015-09-23,2015-09-23,P,2.2,2015-02-09
14496,2015-04-08 11:07:00,2015-04-08,0.0277,0.0,0.0,551.0,0.0277,0.0277,0.0277,10000036,2015-09-23,2015-09-23,P,2.2,2015-02-09
14497,2015-04-08 11:08:00,2015-04-08,0.0277,0.0,0.0,551.0,0.0277,0.0277,0.0277,10000036,2015-09-23,2015-09-23,P,2.2,2015-02-09
14498,2015-04-08 11:09:00,2015-04-08,0.0277,0.0,0.0,551.0,0.0277,0.0277,0.0277,10000036,2015-09-23,2015-09-23,P,2.2,2015-02-09
14499,2015-04-08 11:10:00,2015-04-08,0.0277,0.0,0.0,551.0,0.0277,0.0277,0.0277,10000036,2015-09-23,2015-09-23,P,2.2,2015-02-09
14500,2015-04-08 11:11:00,2015-04-08,0.0277,0.0,0.0,551.0,0.0277,0.0277,0.0277,10000036,2015-09-23,2015-09-23,P,2.2,2015-02-09
14501,2015-04-08 11:12:00,2015-04-08,0.0277,0.0,0.0,551.0,0.0277,0.0277,0.0277,10000036,2015-09-23,2015-09-23,P,2.2,2015-02-09
14502,2015-04-08 11:13:00,2015-04-08,0.0277,0.0,0.0,551.0,0.0277,0.0277,0.0277,10000036,2015-09-23,2015-09-23,P,2.2,2015-02-09
14503,2015-04-08 11:14:00,2015-04-08,0.0277,0.0,0.0,551.0,0.0277,0.0277,0.0277,10000036,2015-09-23,2015-09-23,P,2.2,2015-02-09
14504,2015-04-08 11:15:00,2015-04-08,0.0277,0.0,0.0,551.0,0.0277,0.0277,0.0277,10000036,2015-09-23,2015-09-23,P,2.2,2015-02-09
14505,2015-04-08 11:16:00,2015-04-08,0.0277,0.0,0.0,551.0,0.0277,0.0277,0.0277,10000036,2015-09-23,2015-09-23,P,2.2,2015-02-09
14506,2015-04-08 11:17:00,2015-04-08,0.0277,0.0,0.0,551.0,0.0277,0.0277,0.0277,10000036,2015-09-23,2015-09-23,P,2.2,2015-02-09
14507,2015-04-08 11:18:00,2015-04-08,0.0277,0.0,0.0,551.0,0.0277,0.0277,0.0277,10000036,2015-09-23,2015-09-23,P,2.2,2015-02-09
14508,2015-04-08 11:19:00,2015-04-08,0.0277,0.0,0.0,551.0,0.0277,0.0277,0.0277,10000036,2015-09-23,2015-09-23,P,2.2,2015-02-09
14509,2015-04-08 11:20:00,2015-04-08,0.0277,0.0,0.0,551.0,0.0277,0.0277,0.0277,10000036,2015-09-23,2015-09-23,P,2.2,2015-02-09
14510,2015-04-08 11:21:00,2015-04-08,0.0277,0.0,0.0,551.0,0.0277,0.0277,0.0277,10000036,2015-09-23,2015-09-23,P,2.2,2015-02-09
14511,2015-04-08 11:22:00,2015-04-08,0.0277,0.0,0.0,551.0,0.0277,0.0277,0.0277,10000036,2015-09-23,2015-09-23,P,2.2,2015-02-09
14512,2015-04-08 11:23:00,2015-04-08,0.0277,0.0,0.0,551.0,0.0277,0.0277,0.0277,10000036,2015-09-23,2015-09-23,P,2.2,2015-02-09
14513,2015-04-08 11:24:00,2015-04-08,0.0277,0.0,0.0,551.0,0.0277,0.0277,0.0277,10000036,2015-09-23,2015-09-23,P,2.2,2015-02-09
14514,2015-04-08 11:25:00,2015-04-08,0.0277,0.0,0.0,551.0,0.0277,0.0277,0.0277,10000036,2015-09-23,2015-09-23,P,2.2,2015-02-09
14515,2015-04-08 11:26:00,2015-04-08,0.0277,0.0,0.0,551.0,0.0277,0.0277,0.0277,10000036,2015-09-23,2015-09-23,P,2.2,2015-02-09
14516,2015-04-08 11:27:00,2015-04-08,0.0277,0.0,0.0,551.0,0.0277,0.0277,0.0277,10000036,2015-09-23,2015-09-23,P,2.2,2015-02-09
14517,2015-04-08 11:28:00,2015-04-08,0.0277,0.0,0.0,551.0,0.0277,0.0277,0.0277,10000036,2015-09-23,2015-09-23,P,2.2,2015-02-09
14518,2015-04-08 11:29:00,2015-04-08,0.0277,0.0,0.0,551.0,0.0277,0.0277,0.0277,10000036,2015-09-23,2015-09-23,P,2.2,2015-02-09
14519,2015-04-08 11:30:00,2015-04-08,0.0277,0.0,0.0,551.0,0.0277,0.0277,0.0277,10000036,2015-09-23,2015-09-23,P,2.2,2015-02-09
14520,2015-04-08 13:01:00,2015-04-08,0.0277,0.0,0.0,551.0,0.0277,0.0277,0.0277,10000036,2015-09-23,2015-09-23,P,2.2,2015-02-09
14521,2015-04-08 13:02:00,2015-04-08,0.0277,0.0,0.0,551.0,0.0277,0.0277,0.0277,10000036,2015-09-23,2015-09-23,P,2.2,2015-02-09
14522,2015-04-08 13:03:00,2015-04-08,0.0277,0.0,0.0,551.0,0.0277,0.0277,0.0277,10000036,2015-09-23,2015-09-23,P,2.2,2015-02-09
14523,2015-04-08 13:04:00,2015-04-08,0.0277,0.0,0.0,551.0,0.0277,0.0277,0.0277,10000036,2015-09-23,2015-09-23,P,2.2,2015-02-09
14524,2015-04-08 13:05:00,2015-04-08,0.0277,0.0,0.0,551.0,0.0277,0.0277,0.0277,10000036,2015-09-23,2015-09-23,P,2.2,2015-02-09
14525,2015-04-08 13:06:00,2015-04-08,0.0277,0.0,0.0,551.0,0.0277,0.0277,0.0277,10000036,2015-09-23,2015-09-23,P,2.2,2015-02-09
14526,2015-04-08 13:07:00,2015-04-08,0.0277,0.0,0.0,551.0,0.0277,0.0277,0.0277,10000036,2015-09-23,2015-09-23,P,2.2,2015-02-09
14527,2015-04-08 13:08:00,2015-04-08,0.0277,0.0,0.0,551.0,0.0277,0.0277,0.0277,10000036,2015-09-23,2015-09-23,P,2.2,2015-02-09
14528,2015-04-08 13:09:00,2015-04-08,0.0277,0.0,0.0,551.0,0.0277,0.0277,0.0277,10000036,2015-09-23,2015-09-23,P,2.2,2015-02-09
14529,2015-04-08 13:10:00,2015-04-08,0.0277,0.0,0.0,551.0,0.0277,0.0277,0.0277,10000036,2015-09-23,2015-09-23,P,2.2,2015-02-09
14530,2015-04-08 13:11:00,2015-04-08,0.0277,0.0,0.0,551.0,0.0277,0.0277,0.0277,10000036,2015-09-23,2015-09-23,P,2.2,2015-02-09
14531,2015-04-08 13:12:00,2015-04-08,0.0277,0.0,0.0,551.0,0.0277,0.0277,0.0277,10000036,2015-09-23,2015-09-23,P,2.2,2015-02-09
14532,2015-04-08 13:13:00,2015-04-08,0.0277,0.0,0.0,551.0,0.0277,0.0277,0.0277,10000036,2015-09-23,2015-09-23,P,2.2,2015-02-09
14533,2015-04-08 13:14:00,2015-04-08,0.0277,0.0,0.0,551.0,0.0277,0.0277,0.0277,10000036,2015-09-23,2015-09-23,P,2.2,2015-02-09
14534,2015-04-08 13:15:00,2015-04-08,0.0277,0.0,0.0,551.0,0.0277,0.0277,0.0277,10000036,2015-09-23,2015-09-23,P,2.2,2015-02-09
14535,2015-04-08 13:16:00,2015-04-08,0.0277,0.0,0.0,551.0,0.0277,0.0277,0.0277,10000036,2015-09-23,2015-09-23,P,2.2,2015-02-09
14536,2015-04-08 13:17:00,2015-04-08,0.0277,0.0,0.0,551.0,0.0277,0.0277,0.0277,10000036,2015-09-23,2015-09-23,P,2.2,2015-02-09
14537,2015-04-08 13:18:00,2015-04-08,0.0277,0.0,0.0,551.0,0.0277,0.0277,0.0277,10000036,2015-09-23,2015-09-23,P,2.2,2015-02-09
14538,2015-04-08 13:19:00,2015-04-08,0.0277,0.0,0.0,551.0,0.0277,0.0277,0.0277,10000036,2015-09-23,2015-09-23,P,2.2,2015-02-09
14539,2015-04-08 13:20:00,2015-04-08,0.0257,771.0,3.0,551.0,0.0257,0.0257,0.0257,10000036,2015-09-23,2015-09-23,P,2.2,2015-02-09
14540,2015-04-08 13:21:00,2015-04-08,0.0251,1255.0,5.0,551.0,0.0251,0.0251,0.0251,10000036,2015-09-23,2015-09-23,P,2.2,2015-02-09
14541,2015-04-08 13:22:00,2015-04-08,0.0251,3695.0,15.0,546.0,0.0251,0.0242,0.0242,10000036,2015-09-23,2015-09-23,P,2.2,2015-02-09
14542,2015-04-08 13:23:00,2015-04-08,0.0242,0.0,0.0,546.0,0.0242,0.0242,0.0242,10000036,2015-09-23,2015-09-23,P,2.2,2015-02-09
14543,2015-04-08 13:24:00,2015-04-08,0.0242,0.0,0.0,546.0,0.0242,0.0242,0.0242,10000036,2015-09-23,2015-09-23,P,2.2,2015-02-09
14544,2015-04-08 13:25:00,2015-04-08,0.0242,0.0,0.0,546.0,0.0242,0.0242,0.0242,10000036,2015-09-23,2015-09-23,P,2.2,2015-02-09
14545,2015-04-08 13:26:00,2015-04-08,0.0242,0.0,0.0,546.0,0.0242,0.0242,0.0242,10000036,2015-09-23,2015-09-23,P,2.2,2015-02-09
14546,2015-04-08 13:27:00,2015-04-08,0.0242,0.0,0.0,546.0,0.0242,0.0242,0.0242,10000036,2015-09-23,2015-09-23,P,2.2,2015-02-09
14547,2015-04-08 13:28:00,2015-04-08,0.0242,0.0,0.0,546.0,0.0242,0.0242,0.0242,10000036,2015-09-23,2015-09-23,P,2.2,2015-02-09
14548,2015-04-08 13:29:00,2015-04-08,0.0242,0.0,0.0,546.0,0.0242,0.0242,0.0242,10000036,2015-09-23,2015-09-23,P,2.2,2015-02-09
14549,2015-04-08 13:30:00,2015-04-08,0.0242,0.0,0.0,546.0,0.0242,0.0242,0.0242,10000036,2015-09-23,2015-09-23,P,2.2,2015-02-09
14550,2015-04-08 13:31:00,2015-04-08,0.0242,0.0,0.0,546.0,0.0242,0.0242,0.0242,10000036,2015-09-23,2015-09-23,P,2.2,2015-02-09
14551,2015-04-08 13:32:00,2015-04-08,0.0242,0.0,0.0,546.0,0.0242,0.0242,0.0242,10000036,2015-09-23,2015-09-23,P,2.2,2015-02-09
14552,2015-04-08 13:33:00,2015-04-08,0.0242,0.0,0.0,546.0,0.0242,0.0242,0.0242,10000036,2015-09-23,2015-09-23,P,2.2,2015-02-09
14553,2015-04-08 13:34:00,2015-04-08,0.0242,0.0,0.0,546.0,0.0242,0.0242,0.0242,10000036,2015-09-23,2015-09-23,P,2.2,2015-02-09
14554,2015-04-08 13:35:00,2015-04-08,0.0242,0.0,0.0,546.0,0.0242,0.0242,0.0242,10000036,2015-09-23,2015-09-23,P,2.2,2015-02-09
14555,2015-04-08 13:36:00,2015-04-08,0.0242,0.0,0.0,546.0,0.0242,0.0242,0.0242,10000036,2015-09-23,2015-09-23,P,2.2,2015-02-09
14556,2015-04-08 13:37:00,2015-04-08,0.0242,0.0,0.0,546.0,0.0242,0.0242,0.0242,10000036,2015-09-23,2015-09-23,P,2.2,2015-02-09
14557,2015-04-08 13:38:00,2015-04-08,0.0242,0.0,0.0,546.0,0.0242,0.0242,0.0242,10000036,2015-09-23,2015-09-23,P,2.2,2015-02-09
14558,2015-04-08 13:39:00,2015-04-08,0.0242,0.0,0.0,546.0,0.0242,0.0242,0.0242,10000036,2015-09-23,2015-09-23,P,2.2,2015-02-09
14559,2015-04-08 13:40:00,2015-04-08,0.0242,0.0,0.0,546.0,0.0242,0.0242,0.0242,10000036,2015-09-23,2015-09-23,P,2.2,2015-02-09
14560,2015-04-08 13:41:00,2015-04-08,0.0242,0.0,0.0,546.0,0.0242,0.0242,0.0242,10000036,2015-09-23,2015-09-23,P,2.2,2015-02-09
14561,2015-04-08 13:42:00,2015-04-08,0.0242,0.0,0.0,546.0,0.0242,0.0242,0.0242,10000036,2015-09-23,2015-09-23,P,2.2,2015-02-09
14562,2015-04-08 13:43:00,2015-04-08,0.0242,0.0,0.0,546.0,0.0242,0.0242,0.0242,10000036,2015-09-23,2015-09-23,P,2.2,2015-02-09
14563,2015-04-08 13:44:00,2015-04-08,0.0242,0.0,0.0,546.0,0.0242,0.0242,0.0242,10000036,2015-09-23,2015-09-23,P,2.2,2015-02-09
14564,2015-04-08 13:45:00,2015-04-08,0.0242,0.0,0.0,546.0,0.0242,0.0242,0.0242,10000036,2015-09-23,2015-09-23,P,2.2,2015-02-09
14565,2015-04-08 13:46:00,2015-04-08,0.0242,0.0,0.0,546.0,0.0242,0.0242,0.0242,10000036,2015-09-23,2015-09-23,P,2.2,2015-02-09
14566,2015-04-08 13:47:00,2015-04-08,0.0242,0.0,0.0,546.0,0.0242,0.0242,0.0242,10000036,2015-09-23,2015-09-23,P,2.2,2015-02-09
14567,2015-04-08 13:48:00,2015-04-08,0.0242,0.0,0.0,546.0,0.0242,0.0242,0.0242,10000036,2015-09-23,2015-09-23,P,2.2,2015-02-09
14568,2015-04-08 13:49:00,2015-04-08,0.0242,0.0,0.0,546.0,0.0242,0.0242,0.0242,10000036,2015-09-23,2015-09-23,P,2.2,2015-02-09
14569,2015-04-08 13:50:00,2015-04-08,0.0242,0.0,0.0,546.0,0.0242,0.0242,0.0242,10000036,2015-09-23,2015-09-23,P,2.2,2015-02-09
14570,2015-04-08 13:51:00,2015-04-08,0.0242,0.0,0.0,546.0,0.0242,0.0242,0.0242,10000036,2015-09-23,2015-09-23,P,2.2,2015-02-09
14571,2015-04-08 13:52:00,2015-04-08,0.0242,0.0,0.0,546.0,0.0242,0.0242,0.0242,10000036,2015-09-23,2015-09-23,P,2.2,2015-02-09
14572,2015-04-08 13:53:00,2015-04-08,0.0242,0.0,0.0,546.0,0.0242,0.0242,0.0242,10000036,2015-09-23,2015-09-23,P,2.2,2015-02-09
14573,2015-04-08 13:54:00,2015-04-08,0.0242,0.0,0.0,546.0,0.0242,0.0242,0.0242,10000036,2015-09-23,2015-09-23,P,2.2,2015-02-09
14574,2015-04-08 13:55:00,2015-04-08,0.0242,0.0,0.0,546.0,0.0242,0.0242,0.0242,10000036,2015-09-23,2015-09-23,P,2.2,2015-02-09
14575,2015-04-08 13:56:00,2015-04-08,0.0242,0.0,0.0,546.0,0.0242,0.0242,0.0242,10000036,2015-09-23,2015-09-23,P,2.2,2015-02-09
14576,2015-04-08 13:57:00,2015-04-08,0.0242,0.0,0.0,546.0,0.0242,0.0242,0.0242,10000036,2015-09-23,2015-09-23,P,2.2,2015-02-09
14577,2015-04-08 13:58:00,2015-04-08,0.0242,0.0,0.0,546.0,0.0242,0.0242,0.0242,10000036,2015-09-23,2015-09-23,P,2.2,2015-02-09
14578,2015-04-08 13:59:00,2015-04-08,0.0242,0.0,0.0,546.0,0.0242,0.0242,0.0242,10000036,2015-09-23,2015-09-23,P,2.2,2015-02-09
14579,2015-04-08 14:00:00,2015-04-08,0.0242,0.0,0.0,546.0,0.0242,0.0242,0.0242,10000036,2015-09-23,2015-09-23,P,2.2,2015-02-09
14580,2015-04-08 14:01:00,2015-04-08,0.0242,0.0,0.0,546.0,0.0242,0.0242,0.0242,10000036,2015-09-23,2015-09-23,P,2.2,2015-02-09
14581,2015-04-08 14:02:00,2015-04-08,0.0242,0.0,0.0,546.0,0.0242,0.0242,0.0242,10000036,2015-09-23,2015-09-23,P,2.2,2015-02-09
14582,2015-04-08 14:03:00,2015-04-08,0.0242,0.0,0.0,546.0,0.0242,0.0242,0.0242,10000036,2015-09-23,2015-09-23,P,2.2,2015-02-09
14583,2015-04-08 14:04:00,2015-04-08,0.0242,0.0,0.0,546.0,0.0242,0.0242,0.0242,10000036,2015-09-23,2015-09-23,P,2.2,2015-02-09
14584,2015-04-08 14:05:00,2015-04-08,0.0242,0.0,0.0,546.0,0.0242,0.0242,0.0242,10000036,2015-09-23,2015-09-23,P,2.2,2015-02-09
14585,2015-04-08 14:06:00,2015-04-08,0.0242,0.0,0.0,546.0,0.0242,0.0242,0.0242,10000036,2015-09-23,2015-09-23,P,2.2,2015-02-09
14586,2015-04-08 14:07:00,2015-04-08,0.0242,0.0,0.0,546.0,0.0242,0.0242,0.0242,10000036,2015-09-23,2015-09-23,P,2.2,2015-02-09
14587,2015-04-08 14:08:00,2015-04-08,0.0242,0.0,0.0,546.0,0.0242,0.0242,0.0242,10000036,2015-09-23,2015-09-23,P,2.2,2015-02-09
14588,2015-04-08 14:09:00,2015-04-08,0.0242,0.0,0.0,546.0,0.0242,0.0242,0.0242,10000036,2015-09-23,2015-09-23,P,2.2,2015-02-09
14589,2015-04-08 14:10:00,2015-04-08,0.0242,0.0,0.0,546.0,0.0242,0.0242,0.0242,10000036,2015-09-23,2015-09-23,P,2.2,2015-02-09
14590,2015-04-08 14:11:00,2015-04-08,0.0242,0.0,0.0,546.0,0.0242,0.0242,0.0242,10000036,2015-09-23,2015-09-23,P,2.2,2015-02-09
14591,2015-04-08 14:12:00,2015-04-08,0.0242,0.0,0.0,546.0,0.0242,0.0242,0.0242,10000036,2015-09-23,2015-09-23,P,2.2,2015-02-09
14592,2015-04-08 14:13:00,2015-04-08,0.0242,0.0,0.0,546.0,0.0242,0.0242,0.0242,10000036,2015-09-23,2015-09-23,P,2.2,2015-02-09
14593,2015-04-08 14:14:00,2015-04-08,0.0242,0.0,0.0,546.0,0.0242,0.0242,0.0242,10000036,2015-09-23,2015-09-23,P,2.2,2015-02-09
14594,2015-04-08 14:15:00,2015-04-08,0.0242,0.0,0.0,546.0,0.0242,0.0242,0.0242,10000036,2015-09-23,2015-09-23,P,2.2,2015-02-09
14595,2015-04-08 14:16:00,2015-04-08,0.0242,0.0,0.0,546.0,0.0242,0.0242,0.0242,10000036,2015-09-23,2015-09-23,P,2.2,2015-02-09
14596,2015-04-08 14:17:00,2015-04-08,0.0242,0.0,0.0,546.0,0.0242,0.0242,0.0242,10000036,2015-09-23,2015-09-23,P,2.2,2015-02-09
14597,2015-04-08 14:18:00,2015-04-08,0.0242,0.0,0.0,546.0,0.0242,0.0242,0.0242,10000036,2015-09-23,2015-09-23,P,2.2,2015-02-09
14598,2015-04-08 14:19:00,2015-04-08,0.0242,0.0,0.0,546.0,0.0242,0.0242,0.0242,10000036,2015-09-23,2015-09-23,P,2.2,2015-02-09
14599,2015-04-08 14:20:00,2015-04-08,0.0242,0.0,0.0,546.0,0.0242,0.0242,0.0242,10000036,2015-09-23,2015-09-23,P,2.2,2015-02-09
14600,2015-04-08 14:21:00,2015-04-08,0.0242,0.0,0.0,546.0,0.0242,0.0242,0.0242,10000036,2015-09-23,2015-09-23,P,2.2,2015-02-09
14601,2015-04-08 14:22:00,2015-04-08,0.0242,0.0,0.0,546.0,0.0242,0.0242,0.0242,10000036,2015-09-23,2015-09-23,P,2.2,2015-02-09
14602,2015-04-08 14:23:00,2015-04-08,0.0242,0.0,0.0,546.0,0.0242,0.0242,0.0242,10000036,2015-09-23,2015-09-23,P,2.2,2015-02-09
14603,2015-04-08 14:24:00,2015-04-08,0.026,260.0,1.0,547.0,0.026,0.026,0.026,10000036,2015-09-23,2015-09-23,P,2.2,2015-02-09
14604,2015-04-08 14:25:00,2015-04-08,0.026,0.0,0.0,547.0,0.026,0.026,0.026,10000036,2015-09-23,2015-09-23,P,2.2,2015-02-09
14605,2015-04-08 14:26:00,2015-04-08,0.026,780.0,3.0,550.0,0.026,0.026,0.026,10000036,2015-09-23,2015-09-23,P,2.2,2015-02-09
14606,2015-04-08 14:27:00,2015-04-08,0.026,0.0,0.0,550.0,0.026,0.026,0.026,10000036,2015-09-23,2015-09-23,P,2.2,2015-02-09
14607,2015-04-08 14:28:00,2015-04-08,0.026,0.0,0.0,550.0,0.026,0.026,0.026,10000036,2015-09-23,2015-09-23,P,2.2,2015-02-09
14608,2015-04-08 14:29:00,2015-04-08,0.026,0.0,0.0,550.0,0.026,0.026,0.026,10000036,2015-09-23,2015-09-23,P,2.2,2015-02-09
14609,2015-04-08 14:30:00,2015-04-08,0.026,0.0,0.0,550.0,0.026,0.026,0.026,10000036,2015-09-23,2015-09-23,P,2.2,2015-02-09
14610,2015-04-08 14:31:00,2015-04-08,0.026,0.0,0.0,550.0,0.026,0.026,0.026,10000036,2015-09-23,2015-09-23,P,2.2,2015-02-09
14611,2015-04-08 14:32:00,2015-04-08,0.026,0.0,0.0,550.0,0.026,0.026,0.026,10000036,2015-09-23,2015-09-23,P,2.2,2015-02-09
14612,2015-04-08 14:33:00,2015-04-08,0.026,0.0,0.0,550.0,0.026,0.026,0.026,10000036,2015-09-23,2015-09-23,P,2.2,2015-02-09
14613,2015-04-08 14:34:00,2015-04-08,0.026,0.0,0.0,550.0,0.026,0.026,0.026,10000036,2015-09-23,2015-09-23,P,2.2,2015-02-09
14614,2015-04-08 14:35:00,2015-04-08,0.026,0.0,0.0,550.0,0.026,0.026,0.026,10000036,2015-09-23,2015-09-23,P,2.2,2015-02-09
14615,2015-04-08 14:36:00,2015-04-08,0.026,0.0,0.0,550.0,0.026,0.026,0.026,10000036,2015-09-23,2015-09-23,P,2.2,2015-02-09
14616,2015-04-08 14:37:00,2015-04-08,0.026,0.0,0.0,550.0,0.026,0.026,0.026,10000036,2015-09-23,2015-09-23,P,2.2,2015-02-09
14617,2015-04-08 14:38:00,2015-04-08,0.026,0.0,0.0,550.0,0.026,0.026,0.026,10000036,2015-09-23,2015-09-23,P,2.2,2015-02-09
14618,2015-04-08 14:39:00,2015-04-08,0.026,0.0,0.0,550.0,0.026,0.026,0.026,10000036,2015-09-23,2015-09-23,P,2.2,2015-02-09
14619,2015-04-08 14:40:00,2015-04-08,0.026,0.0,0.0,550.0,0.026,0.026,0.026,10000036,2015-09-23,2015-09-23,P,2.2,2015-02-09
14620,2015-04-08 14:41:00,2015-04-08,0.026,0.0,0.0,550.0,0.026,0.026,0.026,10000036,2015-09-23,2015-09-23,P,2.2,2015-02-09
14621,2015-04-08 14:42:00,2015-04-08,0.026,0.0,0.0,550.0,0.026,0.026,0.026,10000036,2015-09-23,2015-09-23,P,2.2,2015-02-09
14622,2015-04-08 14:43:00,2015-04-08,0.026,0.0,0.0,550.0,0.026,0.026,0.026,10000036,2015-09-23,2015-09-23,P,2.2,2015-02-09
14623,2015-04-08 14:44:00,2015-04-08,0.026,0.0,0.0,550.0,0.026,0.026,0.026,10000036,2015-09-23,2015-09-23,P,2.2,2015-02-09
14624,2015-04-08 14:45:00,2015-04-08,0.026,0.0,0.0,550.0,0.026,0.026,0.026,10000036,2015-09-23,2015-09-23,P,2.2,2015-02-09
14625,2015-04-08 14:46:00,2015-04-08,0.026,0.0,0.0,550.0,0.026,0.026,0.026,10000036,2015-09-23,2015-09-23,P,2.2,2015-02-09
14626,2015-04-08 14:47:00,2015-04-08,0.026,0.0,0.0,550.0,0.026,0.026,0.026,10000036,2015-09-23,2015-09-23,P,2.2,2015-02-09
14627,2015-04-08 14:48:00,2015-04-08,0.026,0.0,0.0,550.0,0.026,0.026,0.026,10000036,2015-09-23,2015-09-23,P,2.2,2015-02-09
14628,2015-04-08 14:49:00,2015-04-08,0.026,0.0,0.0,550.0,0.026,0.026,0.026,10000036,2015-09-23,2015-09-23,P,2.2,2015-02-09
14629,2015-04-08 14:50:00,2015-04-08,0.026,0.0,0.0,550.0,0.026,0.026,0.026,10000036,2015-09-23,2015-09-23,P,2.2,2015-02-09
14630,2015-04-08 14:51:00,2015-04-08,0.026,0.0,0.0,550.0,0.026,0.026,0.026,10000036,2015-09-23,2015-09-23,P,2.2,2015-02-09
14631,2015-04-08 14:52:00,2015-04-08,0.026,0.0,0.0,550.0,0.026,0.026,0.026,10000036,2015-09-23,2015-09-23,P,2.2,2015-02-09
14632,2015-04-08 14:53:00,2015-04-08,0.026,0.0,0.0,550.0,0.026,0.026,0.026,10000036,2015-09-23,2015-09-23,P,2.2,2015-02-09
14633,2015-04-08 14:54:00,2015-04-08,0.026,0.0,0.0,550.0,0.026,0.026,0.026,10000036,2015-09-23,2015-09-23,P,2.2,2015-02-09
14634,2015-04-08 14:55:00,2015-04-08,0.026,0.0,0.0,550.0,0.026,0.026,0.026,10000036,2015-09-23,2015-09-23,P,2.2,2015-02-09
14635,2015-04-08 14:56:00,2015-04-08,0.026,0.0,0.0,550.0,0.026,0.026,0.026,10000036,2015-09-23,2015-09-23,P,2.2,2015-02-09
14636,2015-04-08 14:57:00,2015-04-08,0.026,0.0,0.0,550.0,0.026,0.026,0.026,10000036,2015-09-23,2015-09-23,P,2.2,2015-02-09
14637,2015-04-08 14:58:00,2015-04-08,0.026,0.0,0.0,550.0,0.026,0.026,0.026,10000036,2015-09-23,2015-09-23,P,2.2,2015-02-09
14638,2015-04-08 14:59:00,2015-04-08,0.026,0.0,0.0,550.0,0.026,0.026,0.026,10000036,2015-09-23,2015-09-23,P,2.2,2015-02-09
14639,2015-04-08 15:00:00,2015-04-08,0.026,0.0,0.0,550.0,0.026,0.026,0.026,10000036,2015-09-23,2015-09-23,P,2.2,2015-02-09
14640,2015-04-08 09:31:00,2015-04-08,0.3507,3507.0,1.0,752.0,0.3507,0.3507,0.3507,10000051,2015-04-22,2015-04-22,C,2.5,2015-02-12
14641,2015-04-08 09:32:00,2015-04-08,0.3507,0.0,0.0,752.0,0.3507,0.3507,0.3507,10000051,2015-04-22,2015-04-22,C,2.5,2015-02-12
14642,2015-04-08 09:33:00,2015-04-08,0.3507,0.0,0.0,752.0,0.3507,0.3507,0.3507,10000051,2015-04-22,2015-04-22,C,2.5,2015-02-12
14643,2015-04-08 09:34:00,2015-04-08,0.3507,0.0,0.0,752.0,0.3507,0.3507,0.3507,10000051,2015-04-22,2015-04-22,C,2.5,2015-02-12
14644,2015-04-08 09:35:00,2015-04-08,0.3507,0.0,0.0,752.0,0.3507,0.3507,0.3507,10000051,2015-04-22,2015-04-22,C,2.5,2015-02-12
14645,2015-04-08 09:36:00,2015-04-08,0.3507,0.0,0.0,752.0,0.3507,0.3507,0.3507,10000051,2015-04-22,2015-04-22,C,2.5,2015-02-12
14646,2015-04-08 09:37:00,2015-04-08,0.3405,34050.0,10.0,762.0,0.3405,0.3405,0.3405,10000051,2015-04-22,2015-04-22,C,2.5,2015-02-12
14647,2015-04-08 09:38:00,2015-04-08,0.3433,17165.0,5.0,767.0,0.3433,0.3433,0.3433,10000051,2015-04-22,2015-04-22,C,2.5,2015-02-12
14648,2015-04-08 09:39:00,2015-04-08,0.3433,0.0,0.0,767.0,0.3433,0.3433,0.3433,10000051,2015-04-22,2015-04-22,C,2.5,2015-02-12
14649,2015-04-08 09:40:00,2015-04-08,0.3433,0.0,0.0,767.0,0.3433,0.3433,0.3433,10000051,2015-04-22,2015-04-22,C,2.5,2015-02-12
14650,2015-04-08 09:41:00,2015-04-08,0.3433,0.0,0.0,767.0,0.3433,0.3433,0.3433,10000051,2015-04-22,2015-04-22,C,2.5,2015-02-12
14651,2015-04-08 09:42:00,2015-04-08,0.3433,0.0,0.0,767.0,0.3433,0.3433,0.3433,10000051,2015-04-22,2015-04-22,C,2.5,2015-02-12
14652,2015-04-08 09:43:00,2015-04-08,0.3433,0.0,0.0,767.0,0.3433,0.3433,0.3433,10000051,2015-04-22,2015-04-22,C,2.5,2015-02-12
14653,2015-04-08 09:44:00,2015-04-08,0.3433,0.0,0.0,767.0,0.3433,0.3433,0.3433,10000051,2015-04-22,2015-04-22,C,2.5,2015-02-12
14654,2015-04-08 09:45:00,2015-04-08,0.3433,0.0,0.0,767.0,0.3433,0.3433,0.3433,10000051,2015-04-22,2015-04-22,C,2.5,2015-02-12
14655,2015-04-08 09:46:00,2015-04-08,0.3433,0.0,0.0,767.0,0.3433,0.3433,0.3433,10000051,2015-04-22,2015-04-22,C,2.5,2015-02-12
14656,2015-04-08 09:47:00,2015-04-08,0.3433,0.0,0.0,767.0,0.3433,0.3433,0.3433,10000051,2015-04-22,2015-04-22,C,2.5,2015-02-12
14657,2015-04-08 09:48:00,2015-04-08,0.3467,6934.0,2.0,765.0,0.3467,0.3467,0.3467,10000051,2015-04-22,2015-04-22,C,2.5,2015-02-12
14658,2015-04-08 09:49:00,2015-04-08,0.3467,0.0,0.0,765.0,0.3467,0.3467,0.3467,10000051,2015-04-22,2015-04-22,C,2.5,2015-02-12
14659,2015-04-08 09:50:00,2015-04-08,0.3467,10401.0,3.0,762.0,0.3467,0.3467,0.3467,10000051,2015-04-22,2015-04-22,C,2.5,2015-02-12
14660,2015-04-08 09:51:00,2015-04-08,0.3467,0.0,0.0,762.0,0.3467,0.3467,0.3467,10000051,2015-04-22,2015-04-22,C,2.5,2015-02-12
14661,2015-04-08 09:52:00,2015-04-08,0.3467,0.0,0.0,762.0,0.3467,0.3467,0.3467,10000051,2015-04-22,2015-04-22,C,2.5,2015-02-12
14662,2015-04-08 09:53:00,2015-04-08,0.3467,0.0,0.0,762.0,0.3467,0.3467,0.3467,10000051,2015-04-22,2015-04-22,C,2.5,2015-02-12
14663,2015-04-08 09:54:00,2015-04-08,0.3467,0.0,0.0,762.0,0.3467,0.3467,0.3467,10000051,2015-04-22,2015-04-22,C,2.5,2015-02-12
14664,2015-04-08 09:55:00,2015-04-08,0.3597,17985.0,5.0,757.0,0.3597,0.3597,0.3597,10000051,2015-04-22,2015-04-22,C,2.5,2015-02-12
14665,2015-04-08 09:56:00,2015-04-08,0.3597,0.0,0.0,757.0,0.3597,0.3597,0.3597,10000051,2015-04-22,2015-04-22,C,2.5,2015-02-12
14666,2015-04-08 09:57:00,2015-04-08,0.3597,0.0,0.0,757.0,0.3597,0.3597,0.3597,10000051,2015-04-22,2015-04-22,C,2.5,2015-02-12
14667,2015-04-08 09:58:00,2015-04-08,0.3712,18560.0,5.0,754.0,0.3712,0.3712,0.3712,10000051,2015-04-22,2015-04-22,C,2.5,2015-02-12
14668,2015-04-08 09:59:00,2015-04-08,0.382,38200.0,10.0,764.0,0.382,0.382,0.382,10000051,2015-04-22,2015-04-22,C,2.5,2015-02-12
14669,2015-04-08 10:00:00,2015-04-08,0.382,0.0,0.0,764.0,0.382,0.382,0.382,10000051,2015-04-22,2015-04-22,C,2.5,2015-02-12
14670,2015-04-08 10:01:00,2015-04-08,0.3716,7432.0,2.0,764.0,0.3716,0.3716,0.3716,10000051,2015-04-22,2015-04-22,C,2.5,2015-02-12
14671,2015-04-08 10:02:00,2015-04-08,0.378,41196.0,11.0,771.0,0.3716,0.3716,0.3716,10000051,2015-04-22,2015-04-22,C,2.5,2015-02-12
14672,2015-04-08 10:03:00,2015-04-08,0.3715,18575.0,5.0,771.0,0.3715,0.3715,0.3715,10000051,2015-04-22,2015-04-22,C,2.5,2015-02-12
14673,2015-04-08 10:04:00,2015-04-08,0.3715,0.0,0.0,771.0,0.3715,0.3715,0.3715,10000051,2015-04-22,2015-04-22,C,2.5,2015-02-12
14674,2015-04-08 10:05:00,2015-04-08,0.3703,59143.0,16.0,786.0,0.3703,0.3683,0.3683,10000051,2015-04-22,2015-04-22,C,2.5,2015-02-12
14675,2015-04-08 10:06:00,2015-04-08,0.3683,0.0,0.0,786.0,0.3683,0.3683,0.3683,10000051,2015-04-22,2015-04-22,C,2.5,2015-02-12
14676,2015-04-08 10:07:00,2015-04-08,0.3683,0.0,0.0,786.0,0.3683,0.3683,0.3683,10000051,2015-04-22,2015-04-22,C,2.5,2015-02-12
14677,2015-04-08 10:08:00,2015-04-08,0.3683,0.0,0.0,786.0,0.3683,0.3683,0.3683,10000051,2015-04-22,2015-04-22,C,2.5,2015-02-12
14678,2015-04-08 10:09:00,2015-04-08,0.3607,28856.0,8.0,786.0,0.3607,0.3607,0.3607,10000051,2015-04-22,2015-04-22,C,2.5,2015-02-12
14679,2015-04-08 10:10:00,2015-04-08,0.3607,0.0,0.0,786.0,0.3607,0.3607,0.3607,10000051,2015-04-22,2015-04-22,C,2.5,2015-02-12
14680,2015-04-08 10:11:00,2015-04-08,0.3607,7214.0,2.0,788.0,0.3607,0.3607,0.3607,10000051,2015-04-22,2015-04-22,C,2.5,2015-02-12
14681,2015-04-08 10:12:00,2015-04-08,0.3577,35770.0,10.0,798.0,0.3577,0.3577,0.3577,10000051,2015-04-22,2015-04-22,C,2.5,2015-02-12
14682,2015-04-08 10:13:00,2015-04-08,0.3577,0.0,0.0,798.0,0.3577,0.3577,0.3577,10000051,2015-04-22,2015-04-22,C,2.5,2015-02-12
14683,2015-04-08 10:14:00,2015-04-08,0.3461,17305.0,5.0,798.0,0.3461,0.3461,0.3461,10000051,2015-04-22,2015-04-22,C,2.5,2015-02-12
14684,2015-04-08 10:15:00,2015-04-08,0.3461,0.0,0.0,798.0,0.3461,0.3461,0.3461,10000051,2015-04-22,2015-04-22,C,2.5,2015-02-12
14685,2015-04-08 10:16:00,2015-04-08,0.3461,0.0,0.0,798.0,0.3461,0.3461,0.3461,10000051,2015-04-22,2015-04-22,C,2.5,2015-02-12
14686,2015-04-08 10:17:00,2015-04-08,0.3461,0.0,0.0,798.0,0.3461,0.3461,0.3461,10000051,2015-04-22,2015-04-22,C,2.5,2015-02-12
14687,2015-04-08 10:18:00,2015-04-08,0.3461,0.0,0.0,798.0,0.3461,0.3461,0.3461,10000051,2015-04-22,2015-04-22,C,2.5,2015-02-12
14688,2015-04-08 10:19:00,2015-04-08,0.3461,0.0,0.0,798.0,0.3461,0.3461,0.3461,10000051,2015-04-22,2015-04-22,C,2.5,2015-02-12
14689,2015-04-08 10:20:00,2015-04-08,0.3461,0.0,0.0,798.0,0.3461,0.3461,0.3461,10000051,2015-04-22,2015-04-22,C,2.5,2015-02-12
14690,2015-04-08 10:21:00,2015-04-08,0.3461,0.0,0.0,798.0,0.3461,0.3461,0.3461,10000051,2015-04-22,2015-04-22,C,2.5,2015-02-12
14691,2015-04-08 10:22:00,2015-04-08,0.3461,0.0,0.0,798.0,0.3461,0.3461,0.3461,10000051,2015-04-22,2015-04-22,C,2.5,2015-02-12
14692,2015-04-08 10:23:00,2015-04-08,0.3461,0.0,0.0,798.0,0.3461,0.3461,0.3461,10000051,2015-04-22,2015-04-22,C,2.5,2015-02-12
14693,2015-04-08 10:24:00,2015-04-08,0.3461,0.0,0.0,798.0,0.3461,0.3461,0.3461,10000051,2015-04-22,2015-04-22,C,2.5,2015-02-12
14694,2015-04-08 10:25:00,2015-04-08,0.3461,0.0,0.0,798.0,0.3461,0.3461,0.3461,10000051,2015-04-22,2015-04-22,C,2.5,2015-02-12
14695,2015-04-08 10:26:00,2015-04-08,0.3461,0.0,0.0,798.0,0.3461,0.3461,0.3461,10000051,2015-04-22,2015-04-22,C,2.5,2015-02-12
14696,2015-04-08 10:27:00,2015-04-08,0.3461,0.0,0.0,798.0,0.3461,0.3461,0.3461,10000051,2015-04-22,2015-04-22,C,2.5,2015-02-12
14697,2015-04-08 10:28:00,2015-04-08,0.3478,34780.0,10.0,808.0,0.3478,0.3478,0.3478,10000051,2015-04-22,2015-04-22,C,2.5,2015-02-12
14698,2015-04-08 10:29:00,2015-04-08,0.3595,70730.0,20.0,828.0,0.3595,0.3478,0.3478,10000051,2015-04-22,2015-04-22,C,2.5,2015-02-12
14699,2015-04-08 10:30:00,2015-04-08,0.3478,34780.0,10.0,829.0,0.3478,0.3478,0.3478,10000051,2015-04-22,2015-04-22,C,2.5,2015-02-12
14700,2015-04-08 10:31:00,2015-04-08,0.3478,0.0,0.0,829.0,0.3478,0.3478,0.3478,10000051,2015-04-22,2015-04-22,C,2.5,2015-02-12
14701,2015-04-08 10:32:00,2015-04-08,0.3554,35540.0,10.0,829.0,0.3554,0.3554,0.3554,10000051,2015-04-22,2015-04-22,C,2.5,2015-02-12
14702,2015-04-08 10:33:00,2015-04-08,0.3554,0.0,0.0,829.0,0.3554,0.3554,0.3554,10000051,2015-04-22,2015-04-22,C,2.5,2015-02-12
14703,2015-04-08 10:34:00,2015-04-08,0.3554,0.0,0.0,829.0,0.3554,0.3554,0.3554,10000051,2015-04-22,2015-04-22,C,2.5,2015-02-12
14704,2015-04-08 10:35:00,2015-04-08,0.3598,7196.0,2.0,831.0,0.3598,0.3598,0.3598,10000051,2015-04-22,2015-04-22,C,2.5,2015-02-12
14705,2015-04-08 10:36:00,2015-04-08,0.3598,0.0,0.0,831.0,0.3598,0.3598,0.3598,10000051,2015-04-22,2015-04-22,C,2.5,2015-02-12
14706,2015-04-08 10:37:00,2015-04-08,0.3754,3754.0,1.0,832.0,0.3754,0.3754,0.3754,10000051,2015-04-22,2015-04-22,C,2.5,2015-02-12
14707,2015-04-08 10:38:00,2015-04-08,0.3754,3754.0,1.0,833.0,0.3754,0.3754,0.3754,10000051,2015-04-22,2015-04-22,C,2.5,2015-02-12
14708,2015-04-08 10:39:00,2015-04-08,0.3754,0.0,0.0,833.0,0.3754,0.3754,0.3754,10000051,2015-04-22,2015-04-22,C,2.5,2015-02-12
14709,2015-04-08 10:40:00,2015-04-08,0.3754,0.0,0.0,833.0,0.3754,0.3754,0.3754,10000051,2015-04-22,2015-04-22,C,2.5,2015-02-12
14710,2015-04-08 10:41:00,2015-04-08,0.3754,0.0,0.0,833.0,0.3754,0.3754,0.3754,10000051,2015-04-22,2015-04-22,C,2.5,2015-02-12
14711,2015-04-08 10:42:00,2015-04-08,0.3754,0.0,0.0,833.0,0.3754,0.3754,0.3754,10000051,2015-04-22,2015-04-22,C,2.5,2015-02-12
14712,2015-04-08 10:43:00,2015-04-08,0.3754,0.0,0.0,833.0,0.3754,0.3754,0.3754,10000051,2015-04-22,2015-04-22,C,2.5,2015-02-12
14713,2015-04-08 10:44:00,2015-04-08,0.3754,0.0,0.0,833.0,0.3754,0.3754,0.3754,10000051,2015-04-22,2015-04-22,C,2.5,2015-02-12
14714,2015-04-08 10:45:00,2015-04-08,0.3678,3678.0,1.0,833.0,0.3678,0.3678,0.3678,10000051,2015-04-22,2015-04-22,C,2.5,2015-02-12
14715,2015-04-08 10:46:00,2015-04-08,0.3678,0.0,0.0,833.0,0.3678,0.3678,0.3678,10000051,2015-04-22,2015-04-22,C,2.5,2015-02-12
14716,2015-04-08 10:47:00,2015-04-08,0.3678,0.0,0.0,833.0,0.3678,0.3678,0.3678,10000051,2015-04-22,2015-04-22,C,2.5,2015-02-12
14717,2015-04-08 10:48:00,2015-04-08,0.3678,0.0,0.0,833.0,0.3678,0.3678,0.3678,10000051,2015-04-22,2015-04-22,C,2.5,2015-02-12
14718,2015-04-08 10:49:00,2015-04-08,0.3641,36410.0,10.0,842.0,0.3641,0.3641,0.3641,10000051,2015-04-22,2015-04-22,C,2.5,2015-02-12
14719,2015-04-08 10:50:00,2015-04-08,0.3614,3614.0,1.0,842.0,0.3614,0.3614,0.3614,10000051,2015-04-22,2015-04-22,C,2.5,2015-02-12
14720,2015-04-08 10:51:00,2015-04-08,0.3625,68695.0,19.0,859.0,0.3625,0.36,0.36,10000051,2015-04-22,2015-04-22,C,2.5,2015-02-12
14721,2015-04-08 10:52:00,2015-04-08,0.3502,10506.0,3.0,859.0,0.3502,0.3502,0.3502,10000051,2015-04-22,2015-04-22,C,2.5,2015-02-12
14722,2015-04-08 10:53:00,2015-04-08,0.3502,0.0,0.0,859.0,0.3502,0.3502,0.3502,10000051,2015-04-22,2015-04-22,C,2.5,2015-02-12
14723,2015-04-08 10:54:00,2015-04-08,0.3502,0.0,0.0,859.0,0.3502,0.3502,0.3502,10000051,2015-04-22,2015-04-22,C,2.5,2015-02-12
14724,2015-04-08 10:55:00,2015-04-08,0.3502,0.0,0.0,859.0,0.3502,0.3502,0.3502,10000051,2015-04-22,2015-04-22,C,2.5,2015-02-12
14725,2015-04-08 10:56:00,2015-04-08,0.3502,0.0,0.0,859.0,0.3502,0.3502,0.3502,10000051,2015-04-22,2015-04-22,C,2.5,2015-02-12
14726,2015-04-08 10:57:00,2015-04-08,0.34,3400.0,1.0,859.0,0.34,0.34,0.34,10000051,2015-04-22,2015-04-22,C,2.5,2015-02-12
14727,2015-04-08 10:58:00,2015-04-08,0.3402,20377.0,6.0,865.0,0.3395,0.3402,0.3395,10000051,2015-04-22,2015-04-22,C,2.5,2015-02-12
14728,2015-04-08 10:59:00,2015-04-08,0.3402,0.0,0.0,865.0,0.3402,0.3402,0.3402,10000051,2015-04-22,2015-04-22,C,2.5,2015-02-12
14729,2015-04-08 11:00:00,2015-04-08,0.3465,3465.0,1.0,865.0,0.3465,0.3465,0.3465,10000051,2015-04-22,2015-04-22,C,2.5,2015-02-12
14730,2015-04-08 11:01:00,2015-04-08,0.3465,0.0,0.0,865.0,0.3465,0.3465,0.3465,10000051,2015-04-22,2015-04-22,C,2.5,2015-02-12
14731,2015-04-08 11:02:00,2015-04-08,0.3465,0.0,0.0,865.0,0.3465,0.3465,0.3465,10000051,2015-04-22,2015-04-22,C,2.5,2015-02-12
14732,2015-04-08 11:03:00,2015-04-08,0.3465,0.0,0.0,865.0,0.3465,0.3465,0.3465,10000051,2015-04-22,2015-04-22,C,2.5,2015-02-12
14733,2015-04-08 11:04:00,2015-04-08,0.3405,3405.0,1.0,864.0,0.3405,0.3405,0.3405,10000051,2015-04-22,2015-04-22,C,2.5,2015-02-12
14734,2015-04-08 11:05:00,2015-04-08,0.3405,3405.0,1.0,863.0,0.3405,0.3405,0.3405,10000051,2015-04-22,2015-04-22,C,2.5,2015-02-12
14735,2015-04-08 11:06:00,2015-04-08,0.3405,0.0,0.0,863.0,0.3405,0.3405,0.3405,10000051,2015-04-22,2015-04-22,C,2.5,2015-02-12
14736,2015-04-08 11:07:00,2015-04-08,0.3405,0.0,0.0,863.0,0.3405,0.3405,0.3405,10000051,2015-04-22,2015-04-22,C,2.5,2015-02-12
14737,2015-04-08 11:08:00,2015-04-08,0.3405,0.0,0.0,863.0,0.3405,0.3405,0.3405,10000051,2015-04-22,2015-04-22,C,2.5,2015-02-12
14738,2015-04-08 11:09:00,2015-04-08,0.3356,20136.0,6.0,863.0,0.3356,0.3356,0.3356,10000051,2015-04-22,2015-04-22,C,2.5,2015-02-12
14739,2015-04-08 11:10:00,2015-04-08,0.3356,0.0,0.0,863.0,0.3356,0.3356,0.3356,10000051,2015-04-22,2015-04-22,C,2.5,2015-02-12
14740,2015-04-08 11:11:00,2015-04-08,0.3356,0.0,0.0,863.0,0.3356,0.3356,0.3356,10000051,2015-04-22,2015-04-22,C,2.5,2015-02-12
14741,2015-04-08 11:12:00,2015-04-08,0.3356,0.0,0.0,863.0,0.3356,0.3356,0.3356,10000051,2015-04-22,2015-04-22,C,2.5,2015-02-12
14742,2015-04-08 11:13:00,2015-04-08,0.3356,0.0,0.0,863.0,0.3356,0.3356,0.3356,10000051,2015-04-22,2015-04-22,C,2.5,2015-02-12
14743,2015-04-08 11:14:00,2015-04-08,0.3356,0.0,0.0,863.0,0.3356,0.3356,0.3356,10000051,2015-04-22,2015-04-22,C,2.5,2015-02-12
14744,2015-04-08 11:15:00,2015-04-08,0.3356,0.0,0.0,863.0,0.3356,0.3356,0.3356,10000051,2015-04-22,2015-04-22,C,2.5,2015-02-12
14745,2015-04-08 11:16:00,2015-04-08,0.3356,0.0,0.0,863.0,0.3356,0.3356,0.3356,10000051,2015-04-22,2015-04-22,C,2.5,2015-02-12
14746,2015-04-08 11:17:00,2015-04-08,0.3356,0.0,0.0,863.0,0.3356,0.3356,0.3356,10000051,2015-04-22,2015-04-22,C,2.5,2015-02-12
14747,2015-04-08 11:18:00,2015-04-08,0.3356,0.0,0.0,863.0,0.3356,0.3356,0.3356,10000051,2015-04-22,2015-04-22,C,2.5,2015-02-12
14748,2015-04-08 11:19:00,2015-04-08,0.3356,0.0,0.0,863.0,0.3356,0.3356,0.3356,10000051,2015-04-22,2015-04-22,C,2.5,2015-02-12
14749,2015-04-08 11:20:00,2015-04-08,0.3356,0.0,0.0,863.0,0.3356,0.3356,0.3356,10000051,2015-04-22,2015-04-22,C,2.5,2015-02-12
14750,2015-04-08 11:21:00,2015-04-08,0.3513,7026.0,2.0,863.0,0.3513,0.3513,0.3513,10000051,2015-04-22,2015-04-22,C,2.5,2015-02-12
14751,2015-04-08 11:22:00,2015-04-08,0.3513,0.0,0.0,863.0,0.3513,0.3513,0.3513,10000051,2015-04-22,2015-04-22,C,2.5,2015-02-12
14752,2015-04-08 11:23:00,2015-04-08,0.3513,0.0,0.0,863.0,0.3513,0.3513,0.3513,10000051,2015-04-22,2015-04-22,C,2.5,2015-02-12
14753,2015-04-08 11:24:00,2015-04-08,0.3513,0.0,0.0,863.0,0.3513,0.3513,0.3513,10000051,2015-04-22,2015-04-22,C,2.5,2015-02-12
14754,2015-04-08 11:25:00,2015-04-08,0.3513,0.0,0.0,863.0,0.3513,0.3513,0.3513,10000051,2015-04-22,2015-04-22,C,2.5,2015-02-12
14755,2015-04-08 11:26:00,2015-04-08,0.3513,0.0,0.0,863.0,0.3513,0.3513,0.3513,10000051,2015-04-22,2015-04-22,C,2.5,2015-02-12
14756,2015-04-08 11:27:00,2015-04-08,0.361,3610.0,1.0,863.0,0.361,0.361,0.361,10000051,2015-04-22,2015-04-22,C,2.5,2015-02-12
14757,2015-04-08 11:28:00,2015-04-08,0.361,0.0,0.0,863.0,0.361,0.361,0.361,10000051,2015-04-22,2015-04-22,C,2.5,2015-02-12
14758,2015-04-08 11:29:00,2015-04-08,0.361,0.0,0.0,863.0,0.361,0.361,0.361,10000051,2015-04-22,2015-04-22,C,2.5,2015-02-12
14759,2015-04-08 11:30:00,2015-04-08,0.361,0.0,0.0,863.0,0.361,0.361,0.361,10000051,2015-04-22,2015-04-22,C,2.5,2015-02-12
14760,2015-04-08 13:01:00,2015-04-08,0.378,60313.0,16.0,862.0,0.375,0.3763,0.375,10000051,2015-04-22,2015-04-22,C,2.5,2015-02-12
14761,2015-04-08 13:02:00,2015-04-08,0.38,22800.0,6.0,862.0,0.38,0.38,0.38,10000051,2015-04-22,2015-04-22,C,2.5,2015-02-12
14762,2015-04-08 13:03:00,2015-04-08,0.38,0.0,0.0,862.0,0.38,0.38,0.38,10000051,2015-04-22,2015-04-22,C,2.5,2015-02-12
14763,2015-04-08 13:04:00,2015-04-08,0.3763,37630.0,10.0,852.0,0.3763,0.3763,0.3763,10000051,2015-04-22,2015-04-22,C,2.5,2015-02-12
14764,2015-04-08 13:05:00,2015-04-08,0.3825,57365.0,15.0,842.0,0.3824,0.3825,0.3824,10000051,2015-04-22,2015-04-22,C,2.5,2015-02-12
14765,2015-04-08 13:06:00,2015-04-08,0.3815,3815.0,1.0,842.0,0.3815,0.3815,0.3815,10000051,2015-04-22,2015-04-22,C,2.5,2015-02-12
14766,2015-04-08 13:07:00,2015-04-08,0.3815,0.0,0.0,842.0,0.3815,0.3815,0.3815,10000051,2015-04-22,2015-04-22,C,2.5,2015-02-12
14767,2015-04-08 13:08:00,2015-04-08,0.3815,0.0,0.0,842.0,0.3815,0.3815,0.3815,10000051,2015-04-22,2015-04-22,C,2.5,2015-02-12
14768,2015-04-08 13:09:00,2015-04-08,0.3718,3718.0,1.0,841.0,0.3718,0.3718,0.3718,10000051,2015-04-22,2015-04-22,C,2.5,2015-02-12
14769,2015-04-08 13:10:00,2015-04-08,0.3718,0.0,0.0,841.0,0.3718,0.3718,0.3718,10000051,2015-04-22,2015-04-22,C,2.5,2015-02-12
14770,2015-04-08 13:11:00,2015-04-08,0.3718,3718.0,1.0,841.0,0.3718,0.3718,0.3718,10000051,2015-04-22,2015-04-22,C,2.5,2015-02-12
14771,2015-04-08 13:12:00,2015-04-08,0.3718,0.0,0.0,841.0,0.3718,0.3718,0.3718,10000051,2015-04-22,2015-04-22,C,2.5,2015-02-12
14772,2015-04-08 13:13:00,2015-04-08,0.3718,0.0,0.0,841.0,0.3718,0.3718,0.3718,10000051,2015-04-22,2015-04-22,C,2.5,2015-02-12
14773,2015-04-08 13:14:00,2015-04-08,0.381,11430.0,3.0,841.0,0.381,0.381,0.381,10000051,2015-04-22,2015-04-22,C,2.5,2015-02-12
14774,2015-04-08 13:15:00,2015-04-08,0.381,0.0,0.0,841.0,0.381,0.381,0.381,10000051,2015-04-22,2015-04-22,C,2.5,2015-02-12
14775,2015-04-08 13:16:00,2015-04-08,0.381,0.0,0.0,841.0,0.381,0.381,0.381,10000051,2015-04-22,2015-04-22,C,2.5,2015-02-12
14776,2015-04-08 13:17:00,2015-04-08,0.3814,49570.0,13.0,828.0,0.381,0.3814,0.381,10000051,2015-04-22,2015-04-22,C,2.5,2015-02-12
14777,2015-04-08 13:18:00,2015-04-08,0.3814,0.0,0.0,828.0,0.3814,0.3814,0.3814,10000051,2015-04-22,2015-04-22,C,2.5,2015-02-12
14778,2015-04-08 13:19:00,2015-04-08,0.3933,3933.0,1.0,828.0,0.3933,0.3933,0.3933,10000051,2015-04-22,2015-04-22,C,2.5,2015-02-12
14779,2015-04-08 13:20:00,2015-04-08,0.3933,0.0,0.0,828.0,0.3933,0.3933,0.3933,10000051,2015-04-22,2015-04-22,C,2.5,2015-02-12
14780,2015-04-08 13:21:00,2015-04-08,0.4,4000.0,1.0,828.0,0.4,0.4,0.4,10000051,2015-04-22,2015-04-22,C,2.5,2015-02-12
14781,2015-04-08 13:22:00,2015-04-08,0.4,0.0,0.0,828.0,0.4,0.4,0.4,10000051,2015-04-22,2015-04-22,C,2.5,2015-02-12
14782,2015-04-08 13:23:00,2015-04-08,0.4,0.0,0.0,828.0,0.4,0.4,0.4,10000051,2015-04-22,2015-04-22,C,2.5,2015-02-12
14783,2015-04-08 13:24:00,2015-04-08,0.3989,3989.0,1.0,828.0,0.3989,0.3989,0.3989,10000051,2015-04-22,2015-04-22,C,2.5,2015-02-12
14784,2015-04-08 13:25:00,2015-04-08,0.3989,0.0,0.0,828.0,0.3989,0.3989,0.3989,10000051,2015-04-22,2015-04-22,C,2.5,2015-02-12
14785,2015-04-08 13:26:00,2015-04-08,0.3989,0.0,0.0,828.0,0.3989,0.3989,0.3989,10000051,2015-04-22,2015-04-22,C,2.5,2015-02-12
14786,2015-04-08 13:27:00,2015-04-08,0.3989,0.0,0.0,828.0,0.3989,0.3989,0.3989,10000051,2015-04-22,2015-04-22,C,2.5,2015-02-12
14787,2015-04-08 13:28:00,2015-04-08,0.394,3940.0,1.0,828.0,0.394,0.394,0.394,10000051,2015-04-22,2015-04-22,C,2.5,2015-02-12
14788,2015-04-08 13:29:00,2015-04-08,0.3981,3981.0,1.0,827.0,0.3981,0.3981,0.3981,10000051,2015-04-22,2015-04-22,C,2.5,2015-02-12
14789,2015-04-08 13:30:00,2015-04-08,0.3981,0.0,0.0,827.0,0.3981,0.3981,0.3981,10000051,2015-04-22,2015-04-22,C,2.5,2015-02-12
14790,2015-04-08 13:31:00,2015-04-08,0.3981,0.0,0.0,827.0,0.3981,0.3981,0.3981,10000051,2015-04-22,2015-04-22,C,2.5,2015-02-12
14791,2015-04-08 13:32:00,2015-04-08,0.3981,0.0,0.0,827.0,0.3981,0.3981,0.3981,10000051,2015-04-22,2015-04-22,C,2.5,2015-02-12
14792,2015-04-08 13:33:00,2015-04-08,0.3981,0.0,0.0,827.0,0.3981,0.3981,0.3981,10000051,2015-04-22,2015-04-22,C,2.5,2015-02-12
14793,2015-04-08 13:34:00,2015-04-08,0.3981,0.0,0.0,827.0,0.3981,0.3981,0.3981,10000051,2015-04-22,2015-04-22,C,2.5,2015-02-12
14794,2015-04-08 13:35:00,2015-04-08,0.3981,0.0,0.0,827.0,0.3981,0.3981,0.3981,10000051,2015-04-22,2015-04-22,C,2.5,2015-02-12
14795,2015-04-08 13:36:00,2015-04-08,0.3981,0.0,0.0,827.0,0.3981,0.3981,0.3981,10000051,2015-04-22,2015-04-22,C,2.5,2015-02-12
14796,2015-04-08 13:37:00,2015-04-08,0.3981,0.0,0.0,827.0,0.3981,0.3981,0.3981,10000051,2015-04-22,2015-04-22,C,2.5,2015-02-12
14797,2015-04-08 13:38:00,2015-04-08,0.3981,0.0,0.0,827.0,0.3981,0.3981,0.3981,10000051,2015-04-22,2015-04-22,C,2.5,2015-02-12
14798,2015-04-08 13:39:00,2015-04-08,0.3981,0.0,0.0,827.0,0.3981,0.3981,0.3981,10000051,2015-04-22,2015-04-22,C,2.5,2015-02-12
14799,2015-04-08 13:40:00,2015-04-08,0.3981,0.0,0.0,827.0,0.3981,0.3981,0.3981,10000051,2015-04-22,2015-04-22,C,2.5,2015-02-12
14800,2015-04-08 13:41:00,2015-04-08,0.3981,0.0,0.0,827.0,0.3981,0.3981,0.3981,10000051,2015-04-22,2015-04-22,C,2.5,2015-02-12
14801,2015-04-08 13:42:00,2015-04-08,0.3981,0.0,0.0,827.0,0.3981,0.3981,0.3981,10000051,2015-04-22,2015-04-22,C,2.5,2015-02-12
14802,2015-04-08 13:43:00,2015-04-08,0.3981,0.0,0.0,827.0,0.3981,0.3981,0.3981,10000051,2015-04-22,2015-04-22,C,2.5,2015-02-12
14803,2015-04-08 13:44:00,2015-04-08,0.3981,0.0,0.0,827.0,0.3981,0.3981,0.3981,10000051,2015-04-22,2015-04-22,C,2.5,2015-02-12
14804,2015-04-08 13:45:00,2015-04-08,0.3971,3971.0,1.0,827.0,0.3971,0.3971,0.3971,10000051,2015-04-22,2015-04-22,C,2.5,2015-02-12
14805,2015-04-08 13:46:00,2015-04-08,0.3971,19855.0,5.0,827.0,0.3971,0.3971,0.3971,10000051,2015-04-22,2015-04-22,C,2.5,2015-02-12
14806,2015-04-08 13:47:00,2015-04-08,0.3971,0.0,0.0,827.0,0.3971,0.3971,0.3971,10000051,2015-04-22,2015-04-22,C,2.5,2015-02-12
14807,2015-04-08 13:48:00,2015-04-08,0.3971,0.0,0.0,827.0,0.3971,0.3971,0.3971,10000051,2015-04-22,2015-04-22,C,2.5,2015-02-12
14808,2015-04-08 13:49:00,2015-04-08,0.3971,0.0,0.0,827.0,0.3971,0.3971,0.3971,10000051,2015-04-22,2015-04-22,C,2.5,2015-02-12
14809,2015-04-08 13:50:00,2015-04-08,0.3971,0.0,0.0,827.0,0.3971,0.3971,0.3971,10000051,2015-04-22,2015-04-22,C,2.5,2015-02-12
14810,2015-04-08 13:51:00,2015-04-08,0.3971,0.0,0.0,827.0,0.3971,0.3971,0.3971,10000051,2015-04-22,2015-04-22,C,2.5,2015-02-12
14811,2015-04-08 13:52:00,2015-04-08,0.3971,3971.0,1.0,827.0,0.3971,0.3971,0.3971,10000051,2015-04-22,2015-04-22,C,2.5,2015-02-12
14812,2015-04-08 13:53:00,2015-04-08,0.3971,0.0,0.0,827.0,0.3971,0.3971,0.3971,10000051,2015-04-22,2015-04-22,C,2.5,2015-02-12
14813,2015-04-08 13:54:00,2015-04-08,0.3971,0.0,0.0,827.0,0.3971,0.3971,0.3971,10000051,2015-04-22,2015-04-22,C,2.5,2015-02-12
14814,2015-04-08 13:55:00,2015-04-08,0.3971,0.0,0.0,827.0,0.3971,0.3971,0.3971,10000051,2015-04-22,2015-04-22,C,2.5,2015-02-12
14815,2015-04-08 13:56:00,2015-04-08,0.3971,0.0,0.0,827.0,0.3971,0.3971,0.3971,10000051,2015-04-22,2015-04-22,C,2.5,2015-02-12
14816,2015-04-08 13:57:00,2015-04-08,0.3971,0.0,0.0,827.0,0.3971,0.3971,0.3971,10000051,2015-04-22,2015-04-22,C,2.5,2015-02-12
14817,2015-04-08 13:58:00,2015-04-08,0.3971,0.0,0.0,827.0,0.3971,0.3971,0.3971,10000051,2015-04-22,2015-04-22,C,2.5,2015-02-12
14818,2015-04-08 13:59:00,2015-04-08,0.3971,0.0,0.0,827.0,0.3971,0.3971,0.3971,10000051,2015-04-22,2015-04-22,C,2.5,2015-02-12
14819,2015-04-08 14:00:00,2015-04-08,0.4122,12366.0,3.0,830.0,0.4122,0.4122,0.4122,10000051,2015-04-22,2015-04-22,C,2.5,2015-02-12
14820,2015-04-08 14:01:00,2015-04-08,0.4122,0.0,0.0,830.0,0.4122,0.4122,0.4122,10000051,2015-04-22,2015-04-22,C,2.5,2015-02-12
14821,2015-04-08 14:02:00,2015-04-08,0.4122,0.0,0.0,830.0,0.4122,0.4122,0.4122,10000051,2015-04-22,2015-04-22,C,2.5,2015-02-12
14822,2015-04-08 14:03:00,2015-04-08,0.4122,0.0,0.0,830.0,0.4122,0.4122,0.4122,10000051,2015-04-22,2015-04-22,C,2.5,2015-02-12
14823,2015-04-08 14:04:00,2015-04-08,0.4122,0.0,0.0,830.0,0.4122,0.4122,0.4122,10000051,2015-04-22,2015-04-22,C,2.5,2015-02-12
14824,2015-04-08 14:05:00,2015-04-08,0.3976,7952.0,2.0,828.0,0.3976,0.3976,0.3976,10000051,2015-04-22,2015-04-22,C,2.5,2015-02-12
14825,2015-04-08 14:06:00,2015-04-08,0.3976,0.0,0.0,828.0,0.3976,0.3976,0.3976,10000051,2015-04-22,2015-04-22,C,2.5,2015-02-12
14826,2015-04-08 14:07:00,2015-04-08,0.398,59700.0,15.0,842.0,0.398,0.398,0.398,10000051,2015-04-22,2015-04-22,C,2.5,2015-02-12
14827,2015-04-08 14:08:00,2015-04-08,0.398,0.0,0.0,842.0,0.398,0.398,0.398,10000051,2015-04-22,2015-04-22,C,2.5,2015-02-12
14828,2015-04-08 14:09:00,2015-04-08,0.4031,36100.0,9.0,848.0,0.4014,0.4031,0.3986,10000051,2015-04-22,2015-04-22,C,2.5,2015-02-12
14829,2015-04-08 14:10:00,2015-04-08,0.4046,60590.0,15.0,863.0,0.4036,0.4036,0.4036,10000051,2015-04-22,2015-04-22,C,2.5,2015-02-12
14830,2015-04-08 14:11:00,2015-04-08,0.4036,0.0,0.0,863.0,0.4036,0.4036,0.4036,10000051,2015-04-22,2015-04-22,C,2.5,2015-02-12
14831,2015-04-08 14:12:00,2015-04-08,0.4036,0.0,0.0,863.0,0.4036,0.4036,0.4036,10000051,2015-04-22,2015-04-22,C,2.5,2015-02-12
14832,2015-04-08 14:13:00,2015-04-08,0.4036,0.0,0.0,863.0,0.4036,0.4036,0.4036,10000051,2015-04-22,2015-04-22,C,2.5,2015-02-12
14833,2015-04-08 14:14:00,2015-04-08,0.4036,0.0,0.0,863.0,0.4036,0.4036,0.4036,10000051,2015-04-22,2015-04-22,C,2.5,2015-02-12
14834,2015-04-08 14:15:00,2015-04-08,0.4036,0.0,0.0,863.0,0.4036,0.4036,0.4036,10000051,2015-04-22,2015-04-22,C,2.5,2015-02-12
14835,2015-04-08 14:16:00,2015-04-08,0.4036,0.0,0.0,863.0,0.4036,0.4036,0.4036,10000051,2015-04-22,2015-04-22,C,2.5,2015-02-12
14836,2015-04-08 14:17:00,2015-04-08,0.4036,0.0,0.0,863.0,0.4036,0.4036,0.4036,10000051,2015-04-22,2015-04-22,C,2.5,2015-02-12
14837,2015-04-08 14:18:00,2015-04-08,0.4036,0.0,0.0,863.0,0.4036,0.4036,0.4036,10000051,2015-04-22,2015-04-22,C,2.5,2015-02-12
14838,2015-04-08 14:19:00,2015-04-08,0.3883,23298.0,6.0,869.0,0.3883,0.3883,0.3883,10000051,2015-04-22,2015-04-22,C,2.5,2015-02-12
14839,2015-04-08 14:20:00,2015-04-08,0.3883,0.0,0.0,869.0,0.3883,0.3883,0.3883,10000051,2015-04-22,2015-04-22,C,2.5,2015-02-12
14840,2015-04-08 14:21:00,2015-04-08,0.3883,0.0,0.0,869.0,0.3883,0.3883,0.3883,10000051,2015-04-22,2015-04-22,C,2.5,2015-02-12
14841,2015-04-08 14:22:00,2015-04-08,0.3883,0.0,0.0,869.0,0.3883,0.3883,0.3883,10000051,2015-04-22,2015-04-22,C,2.5,2015-02-12
14842,2015-04-08 14:23:00,2015-04-08,0.3883,0.0,0.0,869.0,0.3883,0.3883,0.3883,10000051,2015-04-22,2015-04-22,C,2.5,2015-02-12
14843,2015-04-08 14:24:00,2015-04-08,0.3883,0.0,0.0,869.0,0.3883,0.3883,0.3883,10000051,2015-04-22,2015-04-22,C,2.5,2015-02-12
14844,2015-04-08 14:25:00,2015-04-08,0.3883,0.0,0.0,869.0,0.3883,0.3883,0.3883,10000051,2015-04-22,2015-04-22,C,2.5,2015-02-12
14845,2015-04-08 14:26:00,2015-04-08,0.3883,0.0,0.0,869.0,0.3883,0.3883,0.3883,10000051,2015-04-22,2015-04-22,C,2.5,2015-02-12
14846,2015-04-08 14:27:00,2015-04-08,0.3801,3801.0,1.0,870.0,0.3801,0.3801,0.3801,10000051,2015-04-22,2015-04-22,C,2.5,2015-02-12
14847,2015-04-08 14:28:00,2015-04-08,0.3801,0.0,0.0,870.0,0.3801,0.3801,0.3801,10000051,2015-04-22,2015-04-22,C,2.5,2015-02-12
14848,2015-04-08 14:29:00,2015-04-08,0.3801,0.0,0.0,870.0,0.3801,0.3801,0.3801,10000051,2015-04-22,2015-04-22,C,2.5,2015-02-12
14849,2015-04-08 14:30:00,2015-04-08,0.3801,0.0,0.0,870.0,0.3801,0.3801,0.3801,10000051,2015-04-22,2015-04-22,C,2.5,2015-02-12
14850,2015-04-08 14:31:00,2015-04-08,0.3827,3827.0,1.0,870.0,0.3827,0.3827,0.3827,10000051,2015-04-22,2015-04-22,C,2.5,2015-02-12
14851,2015-04-08 14:32:00,2015-04-08,0.3827,3827.0,1.0,870.0,0.3827,0.3827,0.3827,10000051,2015-04-22,2015-04-22,C,2.5,2015-02-12
14852,2015-04-08 14:33:00,2015-04-08,0.3877,3877.0,1.0,871.0,0.3877,0.3877,0.3877,10000051,2015-04-22,2015-04-22,C,2.5,2015-02-12
14853,2015-04-08 14:34:00,2015-04-08,0.3877,0.0,0.0,871.0,0.3877,0.3877,0.3877,10000051,2015-04-22,2015-04-22,C,2.5,2015-02-12
14854,2015-04-08 14:35:00,2015-04-08,0.3877,0.0,0.0,871.0,0.3877,0.3877,0.3877,10000051,2015-04-22,2015-04-22,C,2.5,2015-02-12
14855,2015-04-08 14:36:00,2015-04-08,0.3877,0.0,0.0,871.0,0.3877,0.3877,0.3877,10000051,2015-04-22,2015-04-22,C,2.5,2015-02-12
14856,2015-04-08 14:37:00,2015-04-08,0.3877,0.0,0.0,871.0,0.3877,0.3877,0.3877,10000051,2015-04-22,2015-04-22,C,2.5,2015-02-12
14857,2015-04-08 14:38:00,2015-04-08,0.3877,0.0,0.0,871.0,0.3877,0.3877,0.3877,10000051,2015-04-22,2015-04-22,C,2.5,2015-02-12
14858,2015-04-08 14:39:00,2015-04-08,0.3877,0.0,0.0,871.0,0.3877,0.3877,0.3877,10000051,2015-04-22,2015-04-22,C,2.5,2015-02-12
14859,2015-04-08 14:40:00,2015-04-08,0.3877,0.0,0.0,871.0,0.3877,0.3877,0.3877,10000051,2015-04-22,2015-04-22,C,2.5,2015-02-12
14860,2015-04-08 14:41:00,2015-04-08,0.388,31040.0,8.0,870.0,0.388,0.388,0.388,10000051,2015-04-22,2015-04-22,C,2.5,2015-02-12
14861,2015-04-08 14:42:00,2015-04-08,0.388,0.0,0.0,870.0,0.388,0.388,0.388,10000051,2015-04-22,2015-04-22,C,2.5,2015-02-12
14862,2015-04-08 14:43:00,2015-04-08,0.388,0.0,0.0,870.0,0.388,0.388,0.388,10000051,2015-04-22,2015-04-22,C,2.5,2015-02-12
14863,2015-04-08 14:44:00,2015-04-08,0.388,0.0,0.0,870.0,0.388,0.388,0.388,10000051,2015-04-22,2015-04-22,C,2.5,2015-02-12
14864,2015-04-08 14:45:00,2015-04-08,0.388,0.0,0.0,870.0,0.388,0.388,0.388,10000051,2015-04-22,2015-04-22,C,2.5,2015-02-12
14865,2015-04-08 14:46:00,2015-04-08,0.3952,7904.0,2.0,868.0,0.3952,0.3952,0.3952,10000051,2015-04-22,2015-04-22,C,2.5,2015-02-12
14866,2015-04-08 14:47:00,2015-04-08,0.3952,0.0,0.0,868.0,0.3952,0.3952,0.3952,10000051,2015-04-22,2015-04-22,C,2.5,2015-02-12
14867,2015-04-08 14:48:00,2015-04-08,0.3952,0.0,0.0,868.0,0.3952,0.3952,0.3952,10000051,2015-04-22,2015-04-22,C,2.5,2015-02-12
14868,2015-04-08 14:49:00,2015-04-08,0.3952,0.0,0.0,868.0,0.3952,0.3952,0.3952,10000051,2015-04-22,2015-04-22,C,2.5,2015-02-12
14869,2015-04-08 14:50:00,2015-04-08,0.3952,0.0,0.0,868.0,0.3952,0.3952,0.3952,10000051,2015-04-22,2015-04-22,C,2.5,2015-02-12
14870,2015-04-08 14:51:00,2015-04-08,0.3952,0.0,0.0,868.0,0.3952,0.3952,0.3952,10000051,2015-04-22,2015-04-22,C,2.5,2015-02-12
14871,2015-04-08 14:52:00,2015-04-08,0.3952,0.0,0.0,868.0,0.3952,0.3952,0.3952,10000051,2015-04-22,2015-04-22,C,2.5,2015-02-12
14872,2015-04-08 14:53:00,2015-04-08,0.3952,0.0,0.0,868.0,0.3952,0.3952,0.3952,10000051,2015-04-22,2015-04-22,C,2.5,2015-02-12
14873,2015-04-08 14:54:00,2015-04-08,0.3952,0.0,0.0,868.0,0.3952,0.3952,0.3952,10000051,2015-04-22,2015-04-22,C,2.5,2015-02-12
14874,2015-04-08 14:55:00,2015-04-08,0.3952,0.0,0.0,868.0,0.3952,0.3952,0.3952,10000051,2015-04-22,2015-04-22,C,2.5,2015-02-12
14875,2015-04-08 14:56:00,2015-04-08,0.3952,0.0,0.0,868.0,0.3952,0.3952,0.3952,10000051,2015-04-22,2015-04-22,C,2.5,2015-02-12
14876,2015-04-08 14:57:00,2015-04-08,0.3952,0.0,0.0,868.0,0.3952,0.3952,0.3952,10000051,2015-04-22,2015-04-22,C,2.5,2015-02-12
14877,2015-04-08 14:58:00,2015-04-08,0.3952,0.0,0.0,868.0,0.3952,0.3952,0.3952,10000051,2015-04-22,2015-04-22,C,2.5,2015-02-12
14878,2015-04-08 14:59:00,2015-04-08,0.3952,0.0,0.0,868.0,0.3952,0.3952,0.3952,10000051,2015-04-22,2015-04-22,C,2.5,2015-02-12
14879,2015-04-08 15:00:00,2015-04-08,0.3952,0.0,0.0,868.0,0.3952,0.3952,0.3952,10000051,2015-04-22,2015-04-22,C,2.5,2015-02-12
14880,2015-04-08 09:31:00,2015-04-08,0.057,0.0,0.0,0.0,0.057,0.057,0.057,10000040,2015-09-23,2015-09-23,P,2.4,2015-02-09
14881,2015-04-08 09:32:00,2015-04-08,0.057,0.0,0.0,0.0,0.057,0.057,0.057,10000040,2015-09-23,2015-09-23,P,2.4,2015-02-09
14882,2015-04-08 09:33:00,2015-04-08,0.057,0.0,0.0,0.0,0.057,0.057,0.057,10000040,2015-09-23,2015-09-23,P,2.4,2015-02-09
14883,2015-04-08 09:34:00,2015-04-08,0.057,0.0,0.0,0.0,0.057,0.057,0.057,10000040,2015-09-23,2015-09-23,P,2.4,2015-02-09
14884,2015-04-08 09:35:00,2015-04-08,0.057,0.0,0.0,0.0,0.057,0.057,0.057,10000040,2015-09-23,2015-09-23,P,2.4,2015-02-09
14885,2015-04-08 09:36:00,2015-04-08,0.057,0.0,0.0,0.0,0.057,0.057,0.057,10000040,2015-09-23,2015-09-23,P,2.4,2015-02-09
14886,2015-04-08 09:37:00,2015-04-08,0.057,0.0,0.0,0.0,0.057,0.057,0.057,10000040,2015-09-23,2015-09-23,P,2.4,2015-02-09
14887,2015-04-08 09:38:00,2015-04-08,0.057,0.0,0.0,0.0,0.057,0.057,0.057,10000040,2015-09-23,2015-09-23,P,2.4,2015-02-09
14888,2015-04-08 09:39:00,2015-04-08,0.057,0.0,0.0,0.0,0.057,0.057,0.057,10000040,2015-09-23,2015-09-23,P,2.4,2015-02-09
14889,2015-04-08 09:40:00,2015-04-08,0.057,0.0,0.0,0.0,0.057,0.057,0.057,10000040,2015-09-23,2015-09-23,P,2.4,2015-02-09
14890,2015-04-08 09:41:00,2015-04-08,0.057,0.0,0.0,0.0,0.057,0.057,0.057,10000040,2015-09-23,2015-09-23,P,2.4,2015-02-09
14891,2015-04-08 09:42:00,2015-04-08,0.057,0.0,0.0,0.0,0.057,0.057,0.057,10000040,2015-09-23,2015-09-23,P,2.4,2015-02-09
14892,2015-04-08 09:43:00,2015-04-08,0.057,0.0,0.0,0.0,0.057,0.057,0.057,10000040,2015-09-23,2015-09-23,P,2.4,2015-02-09
14893,2015-04-08 09:44:00,2015-04-08,0.057,0.0,0.0,0.0,0.057,0.057,0.057,10000040,2015-09-23,2015-09-23,P,2.4,2015-02-09
14894,2015-04-08 09:45:00,2015-04-08,0.057,0.0,0.0,0.0,0.057,0.057,0.057,10000040,2015-09-23,2015-09-23,P,2.4,2015-02-09
14895,2015-04-08 09:46:00,2015-04-08,0.057,0.0,0.0,0.0,0.057,0.057,0.057,10000040,2015-09-23,2015-09-23,P,2.4,2015-02-09
14896,2015-04-08 09:47:00,2015-04-08,0.057,0.0,0.0,0.0,0.057,0.057,0.057,10000040,2015-09-23,2015-09-23,P,2.4,2015-02-09
14897,2015-04-08 09:48:00,2015-04-08,0.057,0.0,0.0,0.0,0.057,0.057,0.057,10000040,2015-09-23,2015-09-23,P,2.4,2015-02-09
14898,2015-04-08 09:49:00,2015-04-08,0.057,0.0,0.0,0.0,0.057,0.057,0.057,10000040,2015-09-23,2015-09-23,P,2.4,2015-02-09
14899,2015-04-08 09:50:00,2015-04-08,0.057,0.0,0.0,0.0,0.057,0.057,0.057,10000040,2015-09-23,2015-09-23,P,2.4,2015-02-09
14900,2015-04-08 09:51:00,2015-04-08,0.057,0.0,0.0,0.0,0.057,0.057,0.057,10000040,2015-09-23,2015-09-23,P,2.4,2015-02-09
14901,2015-04-08 09:52:00,2015-04-08,0.057,0.0,0.0,0.0,0.057,0.057,0.057,10000040,2015-09-23,2015-09-23,P,2.4,2015-02-09
14902,2015-04-08 09:53:00,2015-04-08,0.057,0.0,0.0,0.0,0.057,0.057,0.057,10000040,2015-09-23,2015-09-23,P,2.4,2015-02-09
14903,2015-04-08 09:54:00,2015-04-08,0.057,0.0,0.0,0.0,0.057,0.057,0.057,10000040,2015-09-23,2015-09-23,P,2.4,2015-02-09
14904,2015-04-08 09:55:00,2015-04-08,0.057,0.0,0.0,0.0,0.057,0.057,0.057,10000040,2015-09-23,2015-09-23,P,2.4,2015-02-09
14905,2015-04-08 09:56:00,2015-04-08,0.057,0.0,0.0,0.0,0.057,0.057,0.057,10000040,2015-09-23,2015-09-23,P,2.4,2015-02-09
14906,2015-04-08 09:57:00,2015-04-08,0.057,0.0,0.0,0.0,0.057,0.057,0.057,10000040,2015-09-23,2015-09-23,P,2.4,2015-02-09
14907,2015-04-08 09:58:00,2015-04-08,0.057,0.0,0.0,0.0,0.057,0.057,0.057,10000040,2015-09-23,2015-09-23,P,2.4,2015-02-09
14908,2015-04-08 09:59:00,2015-04-08,0.057,0.0,0.0,0.0,0.057,0.057,0.057,10000040,2015-09-23,2015-09-23,P,2.4,2015-02-09
14909,2015-04-08 10:00:00,2015-04-08,0.057,0.0,0.0,0.0,0.057,0.057,0.057,10000040,2015-09-23,2015-09-23,P,2.4,2015-02-09
14910,2015-04-08 10:01:00,2015-04-08,0.057,0.0,0.0,0.0,0.057,0.057,0.057,10000040,2015-09-23,2015-09-23,P,2.4,2015-02-09
14911,2015-04-08 10:02:00,2015-04-08,0.057,0.0,0.0,0.0,0.057,0.057,0.057,10000040,2015-09-23,2015-09-23,P,2.4,2015-02-09
14912,2015-04-08 10:03:00,2015-04-08,0.057,0.0,0.0,0.0,0.057,0.057,0.057,10000040,2015-09-23,2015-09-23,P,2.4,2015-02-09
14913,2015-04-08 10:04:00,2015-04-08,0.057,0.0,0.0,0.0,0.057,0.057,0.057,10000040,2015-09-23,2015-09-23,P,2.4,2015-02-09
14914,2015-04-08 10:05:00,2015-04-08,0.057,0.0,0.0,0.0,0.057,0.057,0.057,10000040,2015-09-23,2015-09-23,P,2.4,2015-02-09
14915,2015-04-08 10:06:00,2015-04-08,0.057,0.0,0.0,0.0,0.057,0.057,0.057,10000040,2015-09-23,2015-09-23,P,2.4,2015-02-09
14916,2015-04-08 10:07:00,2015-04-08,0.057,0.0,0.0,0.0,0.057,0.057,0.057,10000040,2015-09-23,2015-09-23,P,2.4,2015-02-09
14917,2015-04-08 10:08:00,2015-04-08,0.057,0.0,0.0,0.0,0.057,0.057,0.057,10000040,2015-09-23,2015-09-23,P,2.4,2015-02-09
14918,2015-04-08 10:09:00,2015-04-08,0.057,0.0,0.0,0.0,0.057,0.057,0.057,10000040,2015-09-23,2015-09-23,P,2.4,2015-02-09
14919,2015-04-08 10:10:00,2015-04-08,0.057,0.0,0.0,0.0,0.057,0.057,0.057,10000040,2015-09-23,2015-09-23,P,2.4,2015-02-09
14920,2015-04-08 10:11:00,2015-04-08,0.057,0.0,0.0,0.0,0.057,0.057,0.057,10000040,2015-09-23,2015-09-23,P,2.4,2015-02-09
14921,2015-04-08 10:12:00,2015-04-08,0.057,0.0,0.0,0.0,0.057,0.057,0.057,10000040,2015-09-23,2015-09-23,P,2.4,2015-02-09
14922,2015-04-08 10:13:00,2015-04-08,0.057,0.0,0.0,0.0,0.057,0.057,0.057,10000040,2015-09-23,2015-09-23,P,2.4,2015-02-09
14923,2015-04-08 10:14:00,2015-04-08,0.057,0.0,0.0,0.0,0.057,0.057,0.057,10000040,2015-09-23,2015-09-23,P,2.4,2015-02-09
14924,2015-04-08 10:15:00,2015-04-08,0.057,0.0,0.0,0.0,0.057,0.057,0.057,10000040,2015-09-23,2015-09-23,P,2.4,2015-02-09
14925,2015-04-08 10:16:00,2015-04-08,0.057,0.0,0.0,0.0,0.057,0.057,0.057,10000040,2015-09-23,2015-09-23,P,2.4,2015-02-09
14926,2015-04-08 10:17:00,2015-04-08,0.057,0.0,0.0,0.0,0.057,0.057,0.057,10000040,2015-09-23,2015-09-23,P,2.4,2015-02-09
14927,2015-04-08 10:18:00,2015-04-08,0.057,0.0,0.0,0.0,0.057,0.057,0.057,10000040,2015-09-23,2015-09-23,P,2.4,2015-02-09
14928,2015-04-08 10:19:00,2015-04-08,0.057,0.0,0.0,0.0,0.057,0.057,0.057,10000040,2015-09-23,2015-09-23,P,2.4,2015-02-09
14929,2015-04-08 10:20:00,2015-04-08,0.057,0.0,0.0,0.0,0.057,0.057,0.057,10000040,2015-09-23,2015-09-23,P,2.4,2015-02-09
14930,2015-04-08 10:21:00,2015-04-08,0.057,0.0,0.0,0.0,0.057,0.057,0.057,10000040,2015-09-23,2015-09-23,P,2.4,2015-02-09
14931,2015-04-08 10:22:00,2015-04-08,0.057,0.0,0.0,0.0,0.057,0.057,0.057,10000040,2015-09-23,2015-09-23,P,2.4,2015-02-09
14932,2015-04-08 10:23:00,2015-04-08,0.057,0.0,0.0,0.0,0.057,0.057,0.057,10000040,2015-09-23,2015-09-23,P,2.4,2015-02-09
14933,2015-04-08 10:24:00,2015-04-08,0.057,0.0,0.0,0.0,0.057,0.057,0.057,10000040,2015-09-23,2015-09-23,P,2.4,2015-02-09
14934,2015-04-08 10:25:00,2015-04-08,0.057,0.0,0.0,0.0,0.057,0.057,0.057,10000040,2015-09-23,2015-09-23,P,2.4,2015-02-09
14935,2015-04-08 10:26:00,2015-04-08,0.057,0.0,0.0,0.0,0.057,0.057,0.057,10000040,2015-09-23,2015-09-23,P,2.4,2015-02-09
14936,2015-04-08 10:27:00,2015-04-08,0.057,0.0,0.0,0.0,0.057,0.057,0.057,10000040,2015-09-23,2015-09-23,P,2.4,2015-02-09
14937,2015-04-08 10:28:00,2015-04-08,0.057,0.0,0.0,0.0,0.057,0.057,0.057,10000040,2015-09-23,2015-09-23,P,2.4,2015-02-09
14938,2015-04-08 10:29:00,2015-04-08,0.057,0.0,0.0,0.0,0.057,0.057,0.057,10000040,2015-09-23,2015-09-23,P,2.4,2015-02-09
14939,2015-04-08 10:30:00,2015-04-08,0.057,0.0,0.0,0.0,0.057,0.057,0.057,10000040,2015-09-23,2015-09-23,P,2.4,2015-02-09
14940,2015-04-08 10:31:00,2015-04-08,0.057,0.0,0.0,0.0,0.057,0.057,0.057,10000040,2015-09-23,2015-09-23,P,2.4,2015-02-09
14941,2015-04-08 10:32:00,2015-04-08,0.057,0.0,0.0,0.0,0.057,0.057,0.057,10000040,2015-09-23,2015-09-23,P,2.4,2015-02-09
14942,2015-04-08 10:33:00,2015-04-08,0.057,0.0,0.0,0.0,0.057,0.057,0.057,10000040,2015-09-23,2015-09-23,P,2.4,2015-02-09
14943,2015-04-08 10:34:00,2015-04-08,0.057,0.0,0.0,0.0,0.057,0.057,0.057,10000040,2015-09-23,2015-09-23,P,2.4,2015-02-09
14944,2015-04-08 10:35:00,2015-04-08,0.057,0.0,0.0,0.0,0.057,0.057,0.057,10000040,2015-09-23,2015-09-23,P,2.4,2015-02-09
14945,2015-04-08 10:36:00,2015-04-08,0.057,0.0,0.0,0.0,0.057,0.057,0.057,10000040,2015-09-23,2015-09-23,P,2.4,2015-02-09
14946,2015-04-08 10:37:00,2015-04-08,0.057,0.0,0.0,0.0,0.057,0.057,0.057,10000040,2015-09-23,2015-09-23,P,2.4,2015-02-09
14947,2015-04-08 10:38:00,2015-04-08,0.057,0.0,0.0,0.0,0.057,0.057,0.057,10000040,2015-09-23,2015-09-23,P,2.4,2015-02-09
14948,2015-04-08 10:39:00,2015-04-08,0.057,0.0,0.0,0.0,0.057,0.057,0.057,10000040,2015-09-23,2015-09-23,P,2.4,2015-02-09
14949,2015-04-08 10:40:00,2015-04-08,0.057,0.0,0.0,0.0,0.057,0.057,0.057,10000040,2015-09-23,2015-09-23,P,2.4,2015-02-09
14950,2015-04-08 10:41:00,2015-04-08,0.057,0.0,0.0,0.0,0.057,0.057,0.057,10000040,2015-09-23,2015-09-23,P,2.4,2015-02-09
14951,2015-04-08 10:42:00,2015-04-08,0.057,0.0,0.0,0.0,0.057,0.057,0.057,10000040,2015-09-23,2015-09-23,P,2.4,2015-02-09
14952,2015-04-08 10:43:00,2015-04-08,0.057,0.0,0.0,0.0,0.057,0.057,0.057,10000040,2015-09-23,2015-09-23,P,2.4,2015-02-09
14953,2015-04-08 10:44:00,2015-04-08,0.057,0.0,0.0,0.0,0.057,0.057,0.057,10000040,2015-09-23,2015-09-23,P,2.4,2015-02-09
14954,2015-04-08 10:45:00,2015-04-08,0.057,0.0,0.0,0.0,0.057,0.057,0.057,10000040,2015-09-23,2015-09-23,P,2.4,2015-02-09
14955,2015-04-08 10:46:00,2015-04-08,0.057,0.0,0.0,0.0,0.057,0.057,0.057,10000040,2015-09-23,2015-09-23,P,2.4,2015-02-09
14956,2015-04-08 10:47:00,2015-04-08,0.057,0.0,0.0,0.0,0.057,0.057,0.057,10000040,2015-09-23,2015-09-23,P,2.4,2015-02-09
14957,2015-04-08 10:48:00,2015-04-08,0.057,0.0,0.0,0.0,0.057,0.057,0.057,10000040,2015-09-23,2015-09-23,P,2.4,2015-02-09
14958,2015-04-08 10:49:00,2015-04-08,0.057,0.0,0.0,0.0,0.057,0.057,0.057,10000040,2015-09-23,2015-09-23,P,2.4,2015-02-09
14959,2015-04-08 10:50:00,2015-04-08,0.057,0.0,0.0,0.0,0.057,0.057,0.057,10000040,2015-09-23,2015-09-23,P,2.4,2015-02-09
14960,2015-04-08 10:51:00,2015-04-08,0.057,0.0,0.0,0.0,0.057,0.057,0.057,10000040,2015-09-23,2015-09-23,P,2.4,2015-02-09
14961,2015-04-08 10:52:00,2015-04-08,0.057,0.0,0.0,0.0,0.057,0.057,0.057,10000040,2015-09-23,2015-09-23,P,2.4,2015-02-09
14962,2015-04-08 10:53:00,2015-04-08,0.057,0.0,0.0,0.0,0.057,0.057,0.057,10000040,2015-09-23,2015-09-23,P,2.4,2015-02-09
14963,2015-04-08 10:54:00,2015-04-08,0.057,0.0,0.0,0.0,0.057,0.057,0.057,10000040,2015-09-23,2015-09-23,P,2.4,2015-02-09
14964,2015-04-08 10:55:00,2015-04-08,0.057,0.0,0.0,0.0,0.057,0.057,0.057,10000040,2015-09-23,2015-09-23,P,2.4,2015-02-09
14965,2015-04-08 10:56:00,2015-04-08,0.057,0.0,0.0,0.0,0.057,0.057,0.057,10000040,2015-09-23,2015-09-23,P,2.4,2015-02-09
14966,2015-04-08 10:57:00,2015-04-08,0.057,0.0,0.0,0.0,0.057,0.057,0.057,10000040,2015-09-23,2015-09-23,P,2.4,2015-02-09
14967,2015-04-08 10:58:00,2015-04-08,0.057,0.0,0.0,0.0,0.057,0.057,0.057,10000040,2015-09-23,2015-09-23,P,2.4,2015-02-09
14968,2015-04-08 10:59:00,2015-04-08,0.057,0.0,0.0,0.0,0.057,0.057,0.057,10000040,2015-09-23,2015-09-23,P,2.4,2015-02-09
14969,2015-04-08 11:00:00,2015-04-08,0.057,0.0,0.0,0.0,0.057,0.057,0.057,10000040,2015-09-23,2015-09-23,P,2.4,2015-02-09
14970,2015-04-08 11:01:00,2015-04-08,0.057,0.0,0.0,0.0,0.057,0.057,0.057,10000040,2015-09-23,2015-09-23,P,2.4,2015-02-09
14971,2015-04-08 11:02:00,2015-04-08,0.057,0.0,0.0,0.0,0.057,0.057,0.057,10000040,2015-09-23,2015-09-23,P,2.4,2015-02-09
14972,2015-04-08 11:03:00,2015-04-08,0.0572,2860.0,5.0,436.0,0.0572,0.0572,0.0572,10000040,2015-09-23,2015-09-23,P,2.4,2015-02-09
14973,2015-04-08 11:04:00,2015-04-08,0.0572,0.0,0.0,436.0,0.0572,0.0572,0.0572,10000040,2015-09-23,2015-09-23,P,2.4,2015-02-09
14974,2015-04-08 11:05:00,2015-04-08,0.0572,0.0,0.0,436.0,0.0572,0.0572,0.0572,10000040,2015-09-23,2015-09-23,P,2.4,2015-02-09
14975,2015-04-08 11:06:00,2015-04-08,0.0572,0.0,0.0,436.0,0.0572,0.0572,0.0572,10000040,2015-09-23,2015-09-23,P,2.4,2015-02-09
14976,2015-04-08 11:07:00,2015-04-08,0.0572,0.0,0.0,436.0,0.0572,0.0572,0.0572,10000040,2015-09-23,2015-09-23,P,2.4,2015-02-09
14977,2015-04-08 11:08:00,2015-04-08,0.0572,0.0,0.0,436.0,0.0572,0.0572,0.0572,10000040,2015-09-23,2015-09-23,P,2.4,2015-02-09
14978,2015-04-08 11:09:00,2015-04-08,0.0572,0.0,0.0,436.0,0.0572,0.0572,0.0572,10000040,2015-09-23,2015-09-23,P,2.4,2015-02-09
14979,2015-04-08 11:10:00,2015-04-08,0.0572,0.0,0.0,436.0,0.0572,0.0572,0.0572,10000040,2015-09-23,2015-09-23,P,2.4,2015-02-09
14980,2015-04-08 11:11:00,2015-04-08,0.0572,0.0,0.0,436.0,0.0572,0.0572,0.0572,10000040,2015-09-23,2015-09-23,P,2.4,2015-02-09
14981,2015-04-08 11:12:00,2015-04-08,0.0572,0.0,0.0,436.0,0.0572,0.0572,0.0572,10000040,2015-09-23,2015-09-23,P,2.4,2015-02-09
14982,2015-04-08 11:13:00,2015-04-08,0.0572,0.0,0.0,436.0,0.0572,0.0572,0.0572,10000040,2015-09-23,2015-09-23,P,2.4,2015-02-09
14983,2015-04-08 11:14:00,2015-04-08,0.0572,0.0,0.0,436.0,0.0572,0.0572,0.0572,10000040,2015-09-23,2015-09-23,P,2.4,2015-02-09
14984,2015-04-08 11:15:00,2015-04-08,0.0572,0.0,0.0,436.0,0.0572,0.0572,0.0572,10000040,2015-09-23,2015-09-23,P,2.4,2015-02-09
14985,2015-04-08 11:16:00,2015-04-08,0.0572,0.0,0.0,436.0,0.0572,0.0572,0.0572,10000040,2015-09-23,2015-09-23,P,2.4,2015-02-09
14986,2015-04-08 11:17:00,2015-04-08,0.0572,0.0,0.0,436.0,0.0572,0.0572,0.0572,10000040,2015-09-23,2015-09-23,P,2.4,2015-02-09
14987,2015-04-08 11:18:00,2015-04-08,0.0572,0.0,0.0,436.0,0.0572,0.0572,0.0572,10000040,2015-09-23,2015-09-23,P,2.4,2015-02-09
14988,2015-04-08 11:19:00,2015-04-08,0.0572,0.0,0.0,436.0,0.0572,0.0572,0.0572,10000040,2015-09-23,2015-09-23,P,2.4,2015-02-09
14989,2015-04-08 11:20:00,2015-04-08,0.0572,0.0,0.0,436.0,0.0572,0.0572,0.0572,10000040,2015-09-23,2015-09-23,P,2.4,2015-02-09
14990,2015-04-08 11:21:00,2015-04-08,0.0572,0.0,0.0,436.0,0.0572,0.0572,0.0572,10000040,2015-09-23,2015-09-23,P,2.4,2015-02-09
14991,2015-04-08 11:22:00,2015-04-08,0.0572,0.0,0.0,436.0,0.0572,0.0572,0.0572,10000040,2015-09-23,2015-09-23,P,2.4,2015-02-09
14992,2015-04-08 11:23:00,2015-04-08,0.0572,0.0,0.0,436.0,0.0572,0.0572,0.0572,10000040,2015-09-23,2015-09-23,P,2.4,2015-02-09
14993,2015-04-08 11:24:00,2015-04-08,0.0572,0.0,0.0,436.0,0.0572,0.0572,0.0572,10000040,2015-09-23,2015-09-23,P,2.4,2015-02-09
14994,2015-04-08 11:25:00,2015-04-08,0.0572,0.0,0.0,436.0,0.0572,0.0572,0.0572,10000040,2015-09-23,2015-09-23,P,2.4,2015-02-09
14995,2015-04-08 11:26:00,2015-04-08,0.0572,0.0,0.0,436.0,0.0572,0.0572,0.0572,10000040,2015-09-23,2015-09-23,P,2.4,2015-02-09
14996,2015-04-08 11:27:00,2015-04-08,0.0572,0.0,0.0,436.0,0.0572,0.0572,0.0572,10000040,2015-09-23,2015-09-23,P,2.4,2015-02-09
14997,2015-04-08 11:28:00,2015-04-08,0.0572,0.0,0.0,436.0,0.0572,0.0572,0.0572,10000040,2015-09-23,2015-09-23,P,2.4,2015-02-09
14998,2015-04-08 11:29:00,2015-04-08,0.0572,0.0,0.0,436.0,0.0572,0.0572,0.0572,10000040,2015-09-23,2015-09-23,P,2.4,2015-02-09
14999,2015-04-08 11:30:00,2015-04-08,0.0572,0.0,0.0,436.0,0.0572,0.0572,0.0572,10000040,2015-09-23,2015-09-23,P,2.4,2015-02-09
15000,2015-04-08 13:01:00,2015-04-08,0.0572,0.0,0.0,436.0,0.0572,0.0572,0.0572,10000040,2015-09-23,2015-09-23,P,2.4,2015-02-09
15001,2015-04-08 13:02:00,2015-04-08,0.0572,0.0,0.0,436.0,0.0572,0.0572,0.0572,10000040,2015-09-23,2015-09-23,P,2.4,2015-02-09
15002,2015-04-08 13:03:00,2015-04-08,0.0572,0.0,0.0,436.0,0.0572,0.0572,0.0572,10000040,2015-09-23,2015-09-23,P,2.4,2015-02-09
15003,2015-04-08 13:04:00,2015-04-08,0.0572,0.0,0.0,436.0,0.0572,0.0572,0.0572,10000040,2015-09-23,2015-09-23,P,2.4,2015-02-09
15004,2015-04-08 13:05:00,2015-04-08,0.0572,0.0,0.0,436.0,0.0572,0.0572,0.0572,10000040,2015-09-23,2015-09-23,P,2.4,2015-02-09
15005,2015-04-08 13:06:00,2015-04-08,0.0572,0.0,0.0,436.0,0.0572,0.0572,0.0572,10000040,2015-09-23,2015-09-23,P,2.4,2015-02-09
15006,2015-04-08 13:07:00,2015-04-08,0.0572,0.0,0.0,436.0,0.0572,0.0572,0.0572,10000040,2015-09-23,2015-09-23,P,2.4,2015-02-09
15007,2015-04-08 13:08:00,2015-04-08,0.0572,0.0,0.0,436.0,0.0572,0.0572,0.0572,10000040,2015-09-23,2015-09-23,P,2.4,2015-02-09
15008,2015-04-08 13:09:00,2015-04-08,0.0572,0.0,0.0,436.0,0.0572,0.0572,0.0572,10000040,2015-09-23,2015-09-23,P,2.4,2015-02-09
15009,2015-04-08 13:10:00,2015-04-08,0.0572,0.0,0.0,436.0,0.0572,0.0572,0.0572,10000040,2015-09-23,2015-09-23,P,2.4,2015-02-09
15010,2015-04-08 13:11:00,2015-04-08,0.0572,0.0,0.0,436.0,0.0572,0.0572,0.0572,10000040,2015-09-23,2015-09-23,P,2.4,2015-02-09
15011,2015-04-08 13:12:00,2015-04-08,0.0572,0.0,0.0,436.0,0.0572,0.0572,0.0572,10000040,2015-09-23,2015-09-23,P,2.4,2015-02-09
15012,2015-04-08 13:13:00,2015-04-08,0.0572,0.0,0.0,436.0,0.0572,0.0572,0.0572,10000040,2015-09-23,2015-09-23,P,2.4,2015-02-09
15013,2015-04-08 13:14:00,2015-04-08,0.0572,0.0,0.0,436.0,0.0572,0.0572,0.0572,10000040,2015-09-23,2015-09-23,P,2.4,2015-02-09
15014,2015-04-08 13:15:00,2015-04-08,0.0572,0.0,0.0,436.0,0.0572,0.0572,0.0572,10000040,2015-09-23,2015-09-23,P,2.4,2015-02-09
15015,2015-04-08 13:16:00,2015-04-08,0.0572,0.0,0.0,436.0,0.0572,0.0572,0.0572,10000040,2015-09-23,2015-09-23,P,2.4,2015-02-09
15016,2015-04-08 13:17:00,2015-04-08,0.0572,0.0,0.0,436.0,0.0572,0.0572,0.0572,10000040,2015-09-23,2015-09-23,P,2.4,2015-02-09
15017,2015-04-08 13:18:00,2015-04-08,0.0572,0.0,0.0,436.0,0.0572,0.0572,0.0572,10000040,2015-09-23,2015-09-23,P,2.4,2015-02-09
15018,2015-04-08 13:19:00,2015-04-08,0.0572,0.0,0.0,436.0,0.0572,0.0572,0.0572,10000040,2015-09-23,2015-09-23,P,2.4,2015-02-09
15019,2015-04-08 13:20:00,2015-04-08,0.0572,0.0,0.0,436.0,0.0572,0.0572,0.0572,10000040,2015-09-23,2015-09-23,P,2.4,2015-02-09
15020,2015-04-08 13:21:00,2015-04-08,0.0572,0.0,0.0,436.0,0.0572,0.0572,0.0572,10000040,2015-09-23,2015-09-23,P,2.4,2015-02-09
15021,2015-04-08 13:22:00,2015-04-08,0.0572,0.0,0.0,436.0,0.0572,0.0572,0.0572,10000040,2015-09-23,2015-09-23,P,2.4,2015-02-09
15022,2015-04-08 13:23:00,2015-04-08,0.0572,0.0,0.0,436.0,0.0572,0.0572,0.0572,10000040,2015-09-23,2015-09-23,P,2.4,2015-02-09
15023,2015-04-08 13:24:00,2015-04-08,0.0572,0.0,0.0,436.0,0.0572,0.0572,0.0572,10000040,2015-09-23,2015-09-23,P,2.4,2015-02-09
15024,2015-04-08 13:25:00,2015-04-08,0.0572,0.0,0.0,436.0,0.0572,0.0572,0.0572,10000040,2015-09-23,2015-09-23,P,2.4,2015-02-09
15025,2015-04-08 13:26:00,2015-04-08,0.0572,0.0,0.0,436.0,0.0572,0.0572,0.0572,10000040,2015-09-23,2015-09-23,P,2.4,2015-02-09
15026,2015-04-08 13:27:00,2015-04-08,0.0572,0.0,0.0,436.0,0.0572,0.0572,0.0572,10000040,2015-09-23,2015-09-23,P,2.4,2015-02-09
15027,2015-04-08 13:28:00,2015-04-08,0.0572,0.0,0.0,436.0,0.0572,0.0572,0.0572,10000040,2015-09-23,2015-09-23,P,2.4,2015-02-09
15028,2015-04-08 13:29:00,2015-04-08,0.0572,0.0,0.0,436.0,0.0572,0.0572,0.0572,10000040,2015-09-23,2015-09-23,P,2.4,2015-02-09
15029,2015-04-08 13:30:00,2015-04-08,0.0572,0.0,0.0,436.0,0.0572,0.0572,0.0572,10000040,2015-09-23,2015-09-23,P,2.4,2015-02-09
15030,2015-04-08 13:31:00,2015-04-08,0.0572,0.0,0.0,436.0,0.0572,0.0572,0.0572,10000040,2015-09-23,2015-09-23,P,2.4,2015-02-09
15031,2015-04-08 13:32:00,2015-04-08,0.0572,0.0,0.0,436.0,0.0572,0.0572,0.0572,10000040,2015-09-23,2015-09-23,P,2.4,2015-02-09
15032,2015-04-08 13:33:00,2015-04-08,0.0572,0.0,0.0,436.0,0.0572,0.0572,0.0572,10000040,2015-09-23,2015-09-23,P,2.4,2015-02-09
15033,2015-04-08 13:34:00,2015-04-08,0.0572,0.0,0.0,436.0,0.0572,0.0572,0.0572,10000040,2015-09-23,2015-09-23,P,2.4,2015-02-09
15034,2015-04-08 13:35:00,2015-04-08,0.0572,0.0,0.0,436.0,0.0572,0.0572,0.0572,10000040,2015-09-23,2015-09-23,P,2.4,2015-02-09
15035,2015-04-08 13:36:00,2015-04-08,0.0572,0.0,0.0,436.0,0.0572,0.0572,0.0572,10000040,2015-09-23,2015-09-23,P,2.4,2015-02-09
15036,2015-04-08 13:37:00,2015-04-08,0.0572,0.0,0.0,436.0,0.0572,0.0572,0.0572,10000040,2015-09-23,2015-09-23,P,2.4,2015-02-09
15037,2015-04-08 13:38:00,2015-04-08,0.0572,0.0,0.0,436.0,0.0572,0.0572,0.0572,10000040,2015-09-23,2015-09-23,P,2.4,2015-02-09
15038,2015-04-08 13:39:00,2015-04-08,0.0572,0.0,0.0,436.0,0.0572,0.0572,0.0572,10000040,2015-09-23,2015-09-23,P,2.4,2015-02-09
15039,2015-04-08 13:40:00,2015-04-08,0.0572,0.0,0.0,436.0,0.0572,0.0572,0.0572,10000040,2015-09-23,2015-09-23,P,2.4,2015-02-09
15040,2015-04-08 13:41:00,2015-04-08,0.0572,0.0,0.0,436.0,0.0572,0.0572,0.0572,10000040,2015-09-23,2015-09-23,P,2.4,2015-02-09
15041,2015-04-08 13:42:00,2015-04-08,0.0572,0.0,0.0,436.0,0.0572,0.0572,0.0572,10000040,2015-09-23,2015-09-23,P,2.4,2015-02-09
15042,2015-04-08 13:43:00,2015-04-08,0.0572,0.0,0.0,436.0,0.0572,0.0572,0.0572,10000040,2015-09-23,2015-09-23,P,2.4,2015-02-09
15043,2015-04-08 13:44:00,2015-04-08,0.0572,0.0,0.0,436.0,0.0572,0.0572,0.0572,10000040,2015-09-23,2015-09-23,P,2.4,2015-02-09
15044,2015-04-08 13:45:00,2015-04-08,0.0572,0.0,0.0,436.0,0.0572,0.0572,0.0572,10000040,2015-09-23,2015-09-23,P,2.4,2015-02-09
15045,2015-04-08 13:46:00,2015-04-08,0.0572,0.0,0.0,436.0,0.0572,0.0572,0.0572,10000040,2015-09-23,2015-09-23,P,2.4,2015-02-09
15046,2015-04-08 13:47:00,2015-04-08,0.0572,0.0,0.0,436.0,0.0572,0.0572,0.0572,10000040,2015-09-23,2015-09-23,P,2.4,2015-02-09
15047,2015-04-08 13:48:00,2015-04-08,0.0572,0.0,0.0,436.0,0.0572,0.0572,0.0572,10000040,2015-09-23,2015-09-23,P,2.4,2015-02-09
15048,2015-04-08 13:49:00,2015-04-08,0.0572,0.0,0.0,436.0,0.0572,0.0572,0.0572,10000040,2015-09-23,2015-09-23,P,2.4,2015-02-09
15049,2015-04-08 13:50:00,2015-04-08,0.0572,0.0,0.0,436.0,0.0572,0.0572,0.0572,10000040,2015-09-23,2015-09-23,P,2.4,2015-02-09
15050,2015-04-08 13:51:00,2015-04-08,0.0572,0.0,0.0,436.0,0.0572,0.0572,0.0572,10000040,2015-09-23,2015-09-23,P,2.4,2015-02-09
15051,2015-04-08 13:52:00,2015-04-08,0.0572,0.0,0.0,436.0,0.0572,0.0572,0.0572,10000040,2015-09-23,2015-09-23,P,2.4,2015-02-09
15052,2015-04-08 13:53:00,2015-04-08,0.0572,0.0,0.0,436.0,0.0572,0.0572,0.0572,10000040,2015-09-23,2015-09-23,P,2.4,2015-02-09
15053,2015-04-08 13:54:00,2015-04-08,0.0572,0.0,0.0,436.0,0.0572,0.0572,0.0572,10000040,2015-09-23,2015-09-23,P,2.4,2015-02-09
15054,2015-04-08 13:55:00,2015-04-08,0.0572,0.0,0.0,436.0,0.0572,0.0572,0.0572,10000040,2015-09-23,2015-09-23,P,2.4,2015-02-09
15055,2015-04-08 13:56:00,2015-04-08,0.0572,0.0,0.0,436.0,0.0572,0.0572,0.0572,10000040,2015-09-23,2015-09-23,P,2.4,2015-02-09
15056,2015-04-08 13:57:00,2015-04-08,0.0572,0.0,0.0,436.0,0.0572,0.0572,0.0572,10000040,2015-09-23,2015-09-23,P,2.4,2015-02-09
15057,2015-04-08 13:58:00,2015-04-08,0.0572,0.0,0.0,436.0,0.0572,0.0572,0.0572,10000040,2015-09-23,2015-09-23,P,2.4,2015-02-09
15058,2015-04-08 13:59:00,2015-04-08,0.0572,0.0,0.0,436.0,0.0572,0.0572,0.0572,10000040,2015-09-23,2015-09-23,P,2.4,2015-02-09
15059,2015-04-08 14:00:00,2015-04-08,0.0572,0.0,0.0,436.0,0.0572,0.0572,0.0572,10000040,2015-09-23,2015-09-23,P,2.4,2015-02-09
15060,2015-04-08 14:01:00,2015-04-08,0.0572,0.0,0.0,436.0,0.0572,0.0572,0.0572,10000040,2015-09-23,2015-09-23,P,2.4,2015-02-09
15061,2015-04-08 14:02:00,2015-04-08,0.0572,0.0,0.0,436.0,0.0572,0.0572,0.0572,10000040,2015-09-23,2015-09-23,P,2.4,2015-02-09
15062,2015-04-08 14:03:00,2015-04-08,0.0572,0.0,0.0,436.0,0.0572,0.0572,0.0572,10000040,2015-09-23,2015-09-23,P,2.4,2015-02-09
15063,2015-04-08 14:04:00,2015-04-08,0.0572,0.0,0.0,436.0,0.0572,0.0572,0.0572,10000040,2015-09-23,2015-09-23,P,2.4,2015-02-09
15064,2015-04-08 14:05:00,2015-04-08,0.0572,0.0,0.0,436.0,0.0572,0.0572,0.0572,10000040,2015-09-23,2015-09-23,P,2.4,2015-02-09
15065,2015-04-08 14:06:00,2015-04-08,0.0572,0.0,0.0,436.0,0.0572,0.0572,0.0572,10000040,2015-09-23,2015-09-23,P,2.4,2015-02-09
15066,2015-04-08 14:07:00,2015-04-08,0.0572,0.0,0.0,436.0,0.0572,0.0572,0.0572,10000040,2015-09-23,2015-09-23,P,2.4,2015-02-09
15067,2015-04-08 14:08:00,2015-04-08,0.0572,0.0,0.0,436.0,0.0572,0.0572,0.0572,10000040,2015-09-23,2015-09-23,P,2.4,2015-02-09
15068,2015-04-08 14:09:00,2015-04-08,0.0572,0.0,0.0,436.0,0.0572,0.0572,0.0572,10000040,2015-09-23,2015-09-23,P,2.4,2015-02-09
15069,2015-04-08 14:10:00,2015-04-08,0.0572,0.0,0.0,436.0,0.0572,0.0572,0.0572,10000040,2015-09-23,2015-09-23,P,2.4,2015-02-09
15070,2015-04-08 14:11:00,2015-04-08,0.0572,0.0,0.0,436.0,0.0572,0.0572,0.0572,10000040,2015-09-23,2015-09-23,P,2.4,2015-02-09
15071,2015-04-08 14:12:00,2015-04-08,0.0572,0.0,0.0,436.0,0.0572,0.0572,0.0572,10000040,2015-09-23,2015-09-23,P,2.4,2015-02-09
15072,2015-04-08 14:13:00,2015-04-08,0.0572,0.0,0.0,436.0,0.0572,0.0572,0.0572,10000040,2015-09-23,2015-09-23,P,2.4,2015-02-09
15073,2015-04-08 14:14:00,2015-04-08,0.0572,0.0,0.0,436.0,0.0572,0.0572,0.0572,10000040,2015-09-23,2015-09-23,P,2.4,2015-02-09
15074,2015-04-08 14:15:00,2015-04-08,0.0572,0.0,0.0,436.0,0.0572,0.0572,0.0572,10000040,2015-09-23,2015-09-23,P,2.4,2015-02-09
15075,2015-04-08 14:16:00,2015-04-08,0.0572,0.0,0.0,436.0,0.0572,0.0572,0.0572,10000040,2015-09-23,2015-09-23,P,2.4,2015-02-09
15076,2015-04-08 14:17:00,2015-04-08,0.0572,0.0,0.0,436.0,0.0572,0.0572,0.0572,10000040,2015-09-23,2015-09-23,P,2.4,2015-02-09
15077,2015-04-08 14:18:00,2015-04-08,0.0572,0.0,0.0,436.0,0.0572,0.0572,0.0572,10000040,2015-09-23,2015-09-23,P,2.4,2015-02-09
15078,2015-04-08 14:19:00,2015-04-08,0.0572,0.0,0.0,436.0,0.0572,0.0572,0.0572,10000040,2015-09-23,2015-09-23,P,2.4,2015-02-09
15079,2015-04-08 14:20:00,2015-04-08,0.0572,0.0,0.0,436.0,0.0572,0.0572,0.0572,10000040,2015-09-23,2015-09-23,P,2.4,2015-02-09
15080,2015-04-08 14:21:00,2015-04-08,0.0572,0.0,0.0,436.0,0.0572,0.0572,0.0572,10000040,2015-09-23,2015-09-23,P,2.4,2015-02-09
15081,2015-04-08 14:22:00,2015-04-08,0.0572,0.0,0.0,436.0,0.0572,0.0572,0.0572,10000040,2015-09-23,2015-09-23,P,2.4,2015-02-09
15082,2015-04-08 14:23:00,2015-04-08,0.0572,0.0,0.0,436.0,0.0572,0.0572,0.0572,10000040,2015-09-23,2015-09-23,P,2.4,2015-02-09
15083,2015-04-08 14:24:00,2015-04-08,0.0572,0.0,0.0,436.0,0.0572,0.0572,0.0572,10000040,2015-09-23,2015-09-23,P,2.4,2015-02-09
15084,2015-04-08 14:25:00,2015-04-08,0.0572,0.0,0.0,436.0,0.0572,0.0572,0.0572,10000040,2015-09-23,2015-09-23,P,2.4,2015-02-09
15085,2015-04-08 14:26:00,2015-04-08,0.0572,0.0,0.0,436.0,0.0572,0.0572,0.0572,10000040,2015-09-23,2015-09-23,P,2.4,2015-02-09
15086,2015-04-08 14:27:00,2015-04-08,0.0572,0.0,0.0,436.0,0.0572,0.0572,0.0572,10000040,2015-09-23,2015-09-23,P,2.4,2015-02-09
15087,2015-04-08 14:28:00,2015-04-08,0.0572,0.0,0.0,436.0,0.0572,0.0572,0.0572,10000040,2015-09-23,2015-09-23,P,2.4,2015-02-09
15088,2015-04-08 14:29:00,2015-04-08,0.0572,0.0,0.0,436.0,0.0572,0.0572,0.0572,10000040,2015-09-23,2015-09-23,P,2.4,2015-02-09
15089,2015-04-08 14:30:00,2015-04-08,0.0572,0.0,0.0,436.0,0.0572,0.0572,0.0572,10000040,2015-09-23,2015-09-23,P,2.4,2015-02-09
15090,2015-04-08 14:31:00,2015-04-08,0.0572,0.0,0.0,436.0,0.0572,0.0572,0.0572,10000040,2015-09-23,2015-09-23,P,2.4,2015-02-09
15091,2015-04-08 14:32:00,2015-04-08,0.0572,0.0,0.0,436.0,0.0572,0.0572,0.0572,10000040,2015-09-23,2015-09-23,P,2.4,2015-02-09
15092,2015-04-08 14:33:00,2015-04-08,0.0572,0.0,0.0,436.0,0.0572,0.0572,0.0572,10000040,2015-09-23,2015-09-23,P,2.4,2015-02-09
15093,2015-04-08 14:34:00,2015-04-08,0.0572,0.0,0.0,436.0,0.0572,0.0572,0.0572,10000040,2015-09-23,2015-09-23,P,2.4,2015-02-09
15094,2015-04-08 14:35:00,2015-04-08,0.0572,0.0,0.0,436.0,0.0572,0.0572,0.0572,10000040,2015-09-23,2015-09-23,P,2.4,2015-02-09
15095,2015-04-08 14:36:00,2015-04-08,0.0572,0.0,0.0,436.0,0.0572,0.0572,0.0572,10000040,2015-09-23,2015-09-23,P,2.4,2015-02-09
15096,2015-04-08 14:37:00,2015-04-08,0.0572,0.0,0.0,436.0,0.0572,0.0572,0.0572,10000040,2015-09-23,2015-09-23,P,2.4,2015-02-09
15097,2015-04-08 14:38:00,2015-04-08,0.0572,0.0,0.0,436.0,0.0572,0.0572,0.0572,10000040,2015-09-23,2015-09-23,P,2.4,2015-02-09
15098,2015-04-08 14:39:00,2015-04-08,0.0572,0.0,0.0,436.0,0.0572,0.0572,0.0572,10000040,2015-09-23,2015-09-23,P,2.4,2015-02-09
15099,2015-04-08 14:40:00,2015-04-08,0.0572,0.0,0.0,436.0,0.0572,0.0572,0.0572,10000040,2015-09-23,2015-09-23,P,2.4,2015-02-09
15100,2015-04-08 14:41:00,2015-04-08,0.0572,0.0,0.0,436.0,0.0572,0.0572,0.0572,10000040,2015-09-23,2015-09-23,P,2.4,2015-02-09
15101,2015-04-08 14:42:00,2015-04-08,0.0572,0.0,0.0,436.0,0.0572,0.0572,0.0572,10000040,2015-09-23,2015-09-23,P,2.4,2015-02-09
15102,2015-04-08 14:43:00,2015-04-08,0.0572,0.0,0.0,436.0,0.0572,0.0572,0.0572,10000040,2015-09-23,2015-09-23,P,2.4,2015-02-09
15103,2015-04-08 14:44:00,2015-04-08,0.0572,0.0,0.0,436.0,0.0572,0.0572,0.0572,10000040,2015-09-23,2015-09-23,P,2.4,2015-02-09
15104,2015-04-08 14:45:00,2015-04-08,0.0572,0.0,0.0,436.0,0.0572,0.0572,0.0572,10000040,2015-09-23,2015-09-23,P,2.4,2015-02-09
15105,2015-04-08 14:46:00,2015-04-08,0.0572,0.0,0.0,436.0,0.0572,0.0572,0.0572,10000040,2015-09-23,2015-09-23,P,2.4,2015-02-09
15106,2015-04-08 14:47:00,2015-04-08,0.0572,0.0,0.0,436.0,0.0572,0.0572,0.0572,10000040,2015-09-23,2015-09-23,P,2.4,2015-02-09
15107,2015-04-08 14:48:00,2015-04-08,0.0572,0.0,0.0,436.0,0.0572,0.0572,0.0572,10000040,2015-09-23,2015-09-23,P,2.4,2015-02-09
15108,2015-04-08 14:49:00,2015-04-08,0.0572,0.0,0.0,436.0,0.0572,0.0572,0.0572,10000040,2015-09-23,2015-09-23,P,2.4,2015-02-09
15109,2015-04-08 14:50:00,2015-04-08,0.0572,0.0,0.0,436.0,0.0572,0.0572,0.0572,10000040,2015-09-23,2015-09-23,P,2.4,2015-02-09
15110,2015-04-08 14:51:00,2015-04-08,0.0572,0.0,0.0,436.0,0.0572,0.0572,0.0572,10000040,2015-09-23,2015-09-23,P,2.4,2015-02-09
15111,2015-04-08 14:52:00,2015-04-08,0.0572,0.0,0.0,436.0,0.0572,0.0572,0.0572,10000040,2015-09-23,2015-09-23,P,2.4,2015-02-09
15112,2015-04-08 14:53:00,2015-04-08,0.0572,0.0,0.0,436.0,0.0572,0.0572,0.0572,10000040,2015-09-23,2015-09-23,P,2.4,2015-02-09
15113,2015-04-08 14:54:00,2015-04-08,0.0572,0.0,0.0,436.0,0.0572,0.0572,0.0572,10000040,2015-09-23,2015-09-23,P,2.4,2015-02-09
15114,2015-04-08 14:55:00,2015-04-08,0.0572,0.0,0.0,436.0,0.0572,0.0572,0.0572,10000040,2015-09-23,2015-09-23,P,2.4,2015-02-09
15115,2015-04-08 14:56:00,2015-04-08,0.0572,0.0,0.0,436.0,0.0572,0.0572,0.0572,10000040,2015-09-23,2015-09-23,P,2.4,2015-02-09
15116,2015-04-08 14:57:00,2015-04-08,0.0572,0.0,0.0,436.0,0.0572,0.0572,0.0572,10000040,2015-09-23,2015-09-23,P,2.4,2015-02-09
15117,2015-04-08 14:58:00,2015-04-08,0.0572,0.0,0.0,436.0,0.0572,0.0572,0.0572,10000040,2015-09-23,2015-09-23,P,2.4,2015-02-09
15118,2015-04-08 14:59:00,2015-04-08,0.0572,0.0,0.0,436.0,0.0572,0.0572,0.0572,10000040,2015-09-23,2015-09-23,P,2.4,2015-02-09
15119,2015-04-08 15:00:00,2015-04-08,0.0572,0.0,0.0,436.0,0.0572,0.0572,0.0572,10000040,2015-09-23,2015-09-23,P,2.4,2015-02-09
15120,2015-04-08 09:31:00,2015-04-08,0.2298,27202.0,12.0,12.0,0.2111,0.2298,0.2298,10000140,2015-09-23,2015-09-23,C,2.95,2015-04-08
15121,2015-04-08 09:32:00,2015-04-08,0.23,4600.0,2.0,14.0,0.23,0.23,0.23,10000140,2015-09-23,2015-09-23,C,2.95,2015-04-08
15122,2015-04-08 09:33:00,2015-04-08,0.23,0.0,0.0,14.0,0.23,0.23,0.23,10000140,2015-09-23,2015-09-23,C,2.95,2015-04-08
15123,2015-04-08 09:34:00,2015-04-08,0.23,0.0,0.0,14.0,0.23,0.23,0.23,10000140,2015-09-23,2015-09-23,C,2.95,2015-04-08
15124,2015-04-08 09:35:00,2015-04-08,0.23,0.0,0.0,14.0,0.23,0.23,0.23,10000140,2015-09-23,2015-09-23,C,2.95,2015-04-08
15125,2015-04-08 09:36:00,2015-04-08,0.2356,23553.0,10.0,23.0,0.2356,0.2356,0.2356,10000140,2015-09-23,2015-09-23,C,2.95,2015-04-08
15126,2015-04-08 09:37:00,2015-04-08,0.2356,0.0,0.0,23.0,0.2356,0.2356,0.2356,10000140,2015-09-23,2015-09-23,C,2.95,2015-04-08
15127,2015-04-08 09:38:00,2015-04-08,0.2327,41622.0,18.0,41.0,0.2327,0.2294,0.2294,10000140,2015-09-23,2015-09-23,C,2.95,2015-04-08
15128,2015-04-08 09:39:00,2015-04-08,0.2296,27548.0,12.0,53.0,0.2296,0.2296,0.2296,10000140,2015-09-23,2015-09-23,C,2.95,2015-04-08
15129,2015-04-08 09:40:00,2015-04-08,0.2305,2305.0,1.0,54.0,0.2305,0.2305,0.2305,10000140,2015-09-23,2015-09-23,C,2.95,2015-04-08
15130,2015-04-08 09:41:00,2015-04-08,0.2305,23050.0,10.0,64.0,0.2305,0.2305,0.2305,10000140,2015-09-23,2015-09-23,C,2.95,2015-04-08
15131,2015-04-08 09:42:00,2015-04-08,0.2343,2343.0,1.0,65.0,0.2343,0.2343,0.2343,10000140,2015-09-23,2015-09-23,C,2.95,2015-04-08
15132,2015-04-08 09:43:00,2015-04-08,0.2343,0.0,0.0,65.0,0.2343,0.2343,0.2343,10000140,2015-09-23,2015-09-23,C,2.95,2015-04-08
15133,2015-04-08 09:44:00,2015-04-08,0.2343,0.0,0.0,65.0,0.2343,0.2343,0.2343,10000140,2015-09-23,2015-09-23,C,2.95,2015-04-08
15134,2015-04-08 09:45:00,2015-04-08,0.2343,0.0,0.0,65.0,0.2343,0.2343,0.2343,10000140,2015-09-23,2015-09-23,C,2.95,2015-04-08
15135,2015-04-08 09:46:00,2015-04-08,0.2343,0.0,0.0,65.0,0.2343,0.2343,0.2343,10000140,2015-09-23,2015-09-23,C,2.95,2015-04-08
15136,2015-04-08 09:47:00,2015-04-08,0.2343,0.0,0.0,65.0,0.2343,0.2343,0.2343,10000140,2015-09-23,2015-09-23,C,2.95,2015-04-08
15137,2015-04-08 09:48:00,2015-04-08,0.2343,0.0,0.0,65.0,0.2343,0.2343,0.2343,10000140,2015-09-23,2015-09-23,C,2.95,2015-04-08
15138,2015-04-08 09:49:00,2015-04-08,0.2343,0.0,0.0,65.0,0.2343,0.2343,0.2343,10000140,2015-09-23,2015-09-23,C,2.95,2015-04-08
15139,2015-04-08 09:50:00,2015-04-08,0.2343,0.0,0.0,65.0,0.2343,0.2343,0.2343,10000140,2015-09-23,2015-09-23,C,2.95,2015-04-08
15140,2015-04-08 09:51:00,2015-04-08,0.2343,0.0,0.0,65.0,0.2343,0.2343,0.2343,10000140,2015-09-23,2015-09-23,C,2.95,2015-04-08
15141,2015-04-08 09:52:00,2015-04-08,0.2343,0.0,0.0,65.0,0.2343,0.2343,0.2343,10000140,2015-09-23,2015-09-23,C,2.95,2015-04-08
15142,2015-04-08 09:53:00,2015-04-08,0.2343,0.0,0.0,65.0,0.2343,0.2343,0.2343,10000140,2015-09-23,2015-09-23,C,2.95,2015-04-08
15143,2015-04-08 09:54:00,2015-04-08,0.2343,0.0,0.0,65.0,0.2343,0.2343,0.2343,10000140,2015-09-23,2015-09-23,C,2.95,2015-04-08
15144,2015-04-08 09:55:00,2015-04-08,0.2343,0.0,0.0,65.0,0.2343,0.2343,0.2343,10000140,2015-09-23,2015-09-23,C,2.95,2015-04-08
15145,2015-04-08 09:56:00,2015-04-08,0.2343,0.0,0.0,65.0,0.2343,0.2343,0.2343,10000140,2015-09-23,2015-09-23,C,2.95,2015-04-08
15146,2015-04-08 09:57:00,2015-04-08,0.2343,0.0,0.0,65.0,0.2343,0.2343,0.2343,10000140,2015-09-23,2015-09-23,C,2.95,2015-04-08
15147,2015-04-08 09:58:00,2015-04-08,0.2465,4930.0,2.0,67.0,0.2465,0.2465,0.2465,10000140,2015-09-23,2015-09-23,C,2.95,2015-04-08
15148,2015-04-08 09:59:00,2015-04-08,0.2483,2483.0,1.0,68.0,0.2483,0.2483,0.2483,10000140,2015-09-23,2015-09-23,C,2.95,2015-04-08
15149,2015-04-08 10:00:00,2015-04-08,0.2483,2483.0,1.0,69.0,0.2483,0.2483,0.2483,10000140,2015-09-23,2015-09-23,C,2.95,2015-04-08
15150,2015-04-08 10:01:00,2015-04-08,0.2443,2443.0,1.0,70.0,0.2443,0.2443,0.2443,10000140,2015-09-23,2015-09-23,C,2.95,2015-04-08
15151,2015-04-08 10:02:00,2015-04-08,0.2425,2425.0,1.0,71.0,0.2425,0.2425,0.2425,10000140,2015-09-23,2015-09-23,C,2.95,2015-04-08
15152,2015-04-08 10:03:00,2015-04-08,0.2425,4850.0,2.0,73.0,0.2425,0.2425,0.2425,10000140,2015-09-23,2015-09-23,C,2.95,2015-04-08
15153,2015-04-08 10:04:00,2015-04-08,0.2425,2425.0,1.0,74.0,0.2425,0.2425,0.2425,10000140,2015-09-23,2015-09-23,C,2.95,2015-04-08
15154,2015-04-08 10:05:00,2015-04-08,0.2409,4818.0,2.0,76.0,0.2409,0.2409,0.2409,10000140,2015-09-23,2015-09-23,C,2.95,2015-04-08
15155,2015-04-08 10:06:00,2015-04-08,0.2409,0.0,0.0,76.0,0.2409,0.2409,0.2409,10000140,2015-09-23,2015-09-23,C,2.95,2015-04-08
15156,2015-04-08 10:07:00,2015-04-08,0.2409,0.0,0.0,76.0,0.2409,0.2409,0.2409,10000140,2015-09-23,2015-09-23,C,2.95,2015-04-08
15157,2015-04-08 10:08:00,2015-04-08,0.2409,0.0,0.0,76.0,0.2409,0.2409,0.2409,10000140,2015-09-23,2015-09-23,C,2.95,2015-04-08
15158,2015-04-08 10:09:00,2015-04-08,0.2409,0.0,0.0,76.0,0.2409,0.2409,0.2409,10000140,2015-09-23,2015-09-23,C,2.95,2015-04-08
15159,2015-04-08 10:10:00,2015-04-08,0.2409,0.0,0.0,76.0,0.2409,0.2409,0.2409,10000140,2015-09-23,2015-09-23,C,2.95,2015-04-08
15160,2015-04-08 10:11:00,2015-04-08,0.2409,0.0,0.0,76.0,0.2409,0.2409,0.2409,10000140,2015-09-23,2015-09-23,C,2.95,2015-04-08
15161,2015-04-08 10:12:00,2015-04-08,0.2409,0.0,0.0,76.0,0.2409,0.2409,0.2409,10000140,2015-09-23,2015-09-23,C,2.95,2015-04-08
15162,2015-04-08 10:13:00,2015-04-08,0.2409,0.0,0.0,76.0,0.2409,0.2409,0.2409,10000140,2015-09-23,2015-09-23,C,2.95,2015-04-08
15163,2015-04-08 10:14:00,2015-04-08,0.2409,0.0,0.0,76.0,0.2409,0.2409,0.2409,10000140,2015-09-23,2015-09-23,C,2.95,2015-04-08
15164,2015-04-08 10:15:00,2015-04-08,0.2409,0.0,0.0,76.0,0.2409,0.2409,0.2409,10000140,2015-09-23,2015-09-23,C,2.95,2015-04-08
15165,2015-04-08 10:16:00,2015-04-08,0.2409,0.0,0.0,76.0,0.2409,0.2409,0.2409,10000140,2015-09-23,2015-09-23,C,2.95,2015-04-08
15166,2015-04-08 10:17:00,2015-04-08,0.2409,0.0,0.0,76.0,0.2409,0.2409,0.2409,10000140,2015-09-23,2015-09-23,C,2.95,2015-04-08
15167,2015-04-08 10:18:00,2015-04-08,0.2409,0.0,0.0,76.0,0.2409,0.2409,0.2409,10000140,2015-09-23,2015-09-23,C,2.95,2015-04-08
15168,2015-04-08 10:19:00,2015-04-08,0.2409,0.0,0.0,76.0,0.2409,0.2409,0.2409,10000140,2015-09-23,2015-09-23,C,2.95,2015-04-08
15169,2015-04-08 10:20:00,2015-04-08,0.2409,0.0,0.0,76.0,0.2409,0.2409,0.2409,10000140,2015-09-23,2015-09-23,C,2.95,2015-04-08
15170,2015-04-08 10:21:00,2015-04-08,0.2409,0.0,0.0,76.0,0.2409,0.2409,0.2409,10000140,2015-09-23,2015-09-23,C,2.95,2015-04-08
15171,2015-04-08 10:22:00,2015-04-08,0.2409,0.0,0.0,76.0,0.2409,0.2409,0.2409,10000140,2015-09-23,2015-09-23,C,2.95,2015-04-08
15172,2015-04-08 10:23:00,2015-04-08,0.2407,23709.0,10.0,86.0,0.2349,0.2407,0.2349,10000140,2015-09-23,2015-09-23,C,2.95,2015-04-08
15173,2015-04-08 10:24:00,2015-04-08,0.2318,6954.0,3.0,89.0,0.2318,0.2318,0.2318,10000140,2015-09-23,2015-09-23,C,2.95,2015-04-08
15174,2015-04-08 10:25:00,2015-04-08,0.2318,0.0,0.0,89.0,0.2318,0.2318,0.2318,10000140,2015-09-23,2015-09-23,C,2.95,2015-04-08
15175,2015-04-08 10:26:00,2015-04-08,0.2318,0.0,0.0,89.0,0.2318,0.2318,0.2318,10000140,2015-09-23,2015-09-23,C,2.95,2015-04-08
15176,2015-04-08 10:27:00,2015-04-08,0.2318,0.0,0.0,89.0,0.2318,0.2318,0.2318,10000140,2015-09-23,2015-09-23,C,2.95,2015-04-08
15177,2015-04-08 10:28:00,2015-04-08,0.2318,0.0,0.0,89.0,0.2318,0.2318,0.2318,10000140,2015-09-23,2015-09-23,C,2.95,2015-04-08
15178,2015-04-08 10:29:00,2015-04-08,0.2318,0.0,0.0,89.0,0.2318,0.2318,0.2318,10000140,2015-09-23,2015-09-23,C,2.95,2015-04-08
15179,2015-04-08 10:30:00,2015-04-08,0.2318,0.0,0.0,89.0,0.2318,0.2318,0.2318,10000140,2015-09-23,2015-09-23,C,2.95,2015-04-08
15180,2015-04-08 10:31:00,2015-04-08,0.2318,0.0,0.0,89.0,0.2318,0.2318,0.2318,10000140,2015-09-23,2015-09-23,C,2.95,2015-04-08
15181,2015-04-08 10:32:00,2015-04-08,0.2318,0.0,0.0,89.0,0.2318,0.2318,0.2318,10000140,2015-09-23,2015-09-23,C,2.95,2015-04-08
15182,2015-04-08 10:33:00,2015-04-08,0.2318,0.0,0.0,89.0,0.2318,0.2318,0.2318,10000140,2015-09-23,2015-09-23,C,2.95,2015-04-08
15183,2015-04-08 10:34:00,2015-04-08,0.2318,0.0,0.0,89.0,0.2318,0.2318,0.2318,10000140,2015-09-23,2015-09-23,C,2.95,2015-04-08
15184,2015-04-08 10:35:00,2015-04-08,0.2318,0.0,0.0,89.0,0.2318,0.2318,0.2318,10000140,2015-09-23,2015-09-23,C,2.95,2015-04-08
15185,2015-04-08 10:36:00,2015-04-08,0.2318,0.0,0.0,89.0,0.2318,0.2318,0.2318,10000140,2015-09-23,2015-09-23,C,2.95,2015-04-08
15186,2015-04-08 10:37:00,2015-04-08,0.2318,0.0,0.0,89.0,0.2318,0.2318,0.2318,10000140,2015-09-23,2015-09-23,C,2.95,2015-04-08
15187,2015-04-08 10:38:00,2015-04-08,0.2318,0.0,0.0,89.0,0.2318,0.2318,0.2318,10000140,2015-09-23,2015-09-23,C,2.95,2015-04-08
15188,2015-04-08 10:39:00,2015-04-08,0.2318,0.0,0.0,89.0,0.2318,0.2318,0.2318,10000140,2015-09-23,2015-09-23,C,2.95,2015-04-08
15189,2015-04-08 10:40:00,2015-04-08,0.2318,0.0,0.0,89.0,0.2318,0.2318,0.2318,10000140,2015-09-23,2015-09-23,C,2.95,2015-04-08
15190,2015-04-08 10:41:00,2015-04-08,0.2318,0.0,0.0,89.0,0.2318,0.2318,0.2318,10000140,2015-09-23,2015-09-23,C,2.95,2015-04-08
15191,2015-04-08 10:42:00,2015-04-08,0.2318,0.0,0.0,89.0,0.2318,0.2318,0.2318,10000140,2015-09-23,2015-09-23,C,2.95,2015-04-08
15192,2015-04-08 10:43:00,2015-04-08,0.2318,0.0,0.0,89.0,0.2318,0.2318,0.2318,10000140,2015-09-23,2015-09-23,C,2.95,2015-04-08
15193,2015-04-08 10:44:00,2015-04-08,0.2318,0.0,0.0,89.0,0.2318,0.2318,0.2318,10000140,2015-09-23,2015-09-23,C,2.95,2015-04-08
15194,2015-04-08 10:45:00,2015-04-08,0.2318,0.0,0.0,89.0,0.2318,0.2318,0.2318,10000140,2015-09-23,2015-09-23,C,2.95,2015-04-08
15195,2015-04-08 10:46:00,2015-04-08,0.2318,0.0,0.0,89.0,0.2318,0.2318,0.2318,10000140,2015-09-23,2015-09-23,C,2.95,2015-04-08
15196,2015-04-08 10:47:00,2015-04-08,0.2318,0.0,0.0,89.0,0.2318,0.2318,0.2318,10000140,2015-09-23,2015-09-23,C,2.95,2015-04-08
15197,2015-04-08 10:48:00,2015-04-08,0.2318,0.0,0.0,89.0,0.2318,0.2318,0.2318,10000140,2015-09-23,2015-09-23,C,2.95,2015-04-08
15198,2015-04-08 10:49:00,2015-04-08,0.2318,0.0,0.0,89.0,0.2318,0.2318,0.2318,10000140,2015-09-23,2015-09-23,C,2.95,2015-04-08
15199,2015-04-08 10:50:00,2015-04-08,0.2318,0.0,0.0,89.0,0.2318,0.2318,0.2318,10000140,2015-09-23,2015-09-23,C,2.95,2015-04-08
15200,2015-04-08 10:51:00,2015-04-08,0.2318,0.0,0.0,89.0,0.2318,0.2318,0.2318,10000140,2015-09-23,2015-09-23,C,2.95,2015-04-08
15201,2015-04-08 10:52:00,2015-04-08,0.2318,0.0,0.0,89.0,0.2318,0.2318,0.2318,10000140,2015-09-23,2015-09-23,C,2.95,2015-04-08
15202,2015-04-08 10:53:00,2015-04-08,0.2318,0.0,0.0,89.0,0.2318,0.2318,0.2318,10000140,2015-09-23,2015-09-23,C,2.95,2015-04-08
15203,2015-04-08 10:54:00,2015-04-08,0.2313,34633.0,15.0,104.0,0.2313,0.23,0.23,10000140,2015-09-23,2015-09-23,C,2.95,2015-04-08
15204,2015-04-08 10:55:00,2015-04-08,0.23,0.0,0.0,104.0,0.23,0.23,0.23,10000140,2015-09-23,2015-09-23,C,2.95,2015-04-08
15205,2015-04-08 10:56:00,2015-04-08,0.23,0.0,0.0,104.0,0.23,0.23,0.23,10000140,2015-09-23,2015-09-23,C,2.95,2015-04-08
15206,2015-04-08 10:57:00,2015-04-08,0.23,0.0,0.0,104.0,0.23,0.23,0.23,10000140,2015-09-23,2015-09-23,C,2.95,2015-04-08
15207,2015-04-08 10:58:00,2015-04-08,0.23,0.0,0.0,104.0,0.23,0.23,0.23,10000140,2015-09-23,2015-09-23,C,2.95,2015-04-08
15208,2015-04-08 10:59:00,2015-04-08,0.23,0.0,0.0,104.0,0.23,0.23,0.23,10000140,2015-09-23,2015-09-23,C,2.95,2015-04-08
15209,2015-04-08 11:00:00,2015-04-08,0.23,0.0,0.0,104.0,0.23,0.23,0.23,10000140,2015-09-23,2015-09-23,C,2.95,2015-04-08
15210,2015-04-08 11:01:00,2015-04-08,0.23,0.0,0.0,104.0,0.23,0.23,0.23,10000140,2015-09-23,2015-09-23,C,2.95,2015-04-08
15211,2015-04-08 11:02:00,2015-04-08,0.23,0.0,0.0,104.0,0.23,0.23,0.23,10000140,2015-09-23,2015-09-23,C,2.95,2015-04-08
15212,2015-04-08 11:03:00,2015-04-08,0.23,0.0,0.0,104.0,0.23,0.23,0.23,10000140,2015-09-23,2015-09-23,C,2.95,2015-04-08
15213,2015-04-08 11:04:00,2015-04-08,0.23,0.0,0.0,104.0,0.23,0.23,0.23,10000140,2015-09-23,2015-09-23,C,2.95,2015-04-08
15214,2015-04-08 11:05:00,2015-04-08,0.2366,23660.0,10.0,114.0,0.2366,0.2366,0.2366,10000140,2015-09-23,2015-09-23,C,2.95,2015-04-08
15215,2015-04-08 11:06:00,2015-04-08,0.2366,0.0,0.0,114.0,0.2366,0.2366,0.2366,10000140,2015-09-23,2015-09-23,C,2.95,2015-04-08
15216,2015-04-08 11:07:00,2015-04-08,0.2366,0.0,0.0,114.0,0.2366,0.2366,0.2366,10000140,2015-09-23,2015-09-23,C,2.95,2015-04-08
15217,2015-04-08 11:08:00,2015-04-08,0.2366,0.0,0.0,114.0,0.2366,0.2366,0.2366,10000140,2015-09-23,2015-09-23,C,2.95,2015-04-08
15218,2015-04-08 11:09:00,2015-04-08,0.2366,0.0,0.0,114.0,0.2366,0.2366,0.2366,10000140,2015-09-23,2015-09-23,C,2.95,2015-04-08
15219,2015-04-08 11:10:00,2015-04-08,0.2366,0.0,0.0,114.0,0.2366,0.2366,0.2366,10000140,2015-09-23,2015-09-23,C,2.95,2015-04-08
15220,2015-04-08 11:11:00,2015-04-08,0.2366,0.0,0.0,114.0,0.2366,0.2366,0.2366,10000140,2015-09-23,2015-09-23,C,2.95,2015-04-08
15221,2015-04-08 11:12:00,2015-04-08,0.2366,0.0,0.0,114.0,0.2366,0.2366,0.2366,10000140,2015-09-23,2015-09-23,C,2.95,2015-04-08
15222,2015-04-08 11:13:00,2015-04-08,0.2366,0.0,0.0,114.0,0.2366,0.2366,0.2366,10000140,2015-09-23,2015-09-23,C,2.95,2015-04-08
15223,2015-04-08 11:14:00,2015-04-08,0.2366,0.0,0.0,114.0,0.2366,0.2366,0.2366,10000140,2015-09-23,2015-09-23,C,2.95,2015-04-08
15224,2015-04-08 11:15:00,2015-04-08,0.2366,0.0,0.0,114.0,0.2366,0.2366,0.2366,10000140,2015-09-23,2015-09-23,C,2.95,2015-04-08
15225,2015-04-08 11:16:00,2015-04-08,0.2366,0.0,0.0,114.0,0.2366,0.2366,0.2366,10000140,2015-09-23,2015-09-23,C,2.95,2015-04-08
15226,2015-04-08 11:17:00,2015-04-08,0.2366,0.0,0.0,114.0,0.2366,0.2366,0.2366,10000140,2015-09-23,2015-09-23,C,2.95,2015-04-08
15227,2015-04-08 11:18:00,2015-04-08,0.2366,0.0,0.0,114.0,0.2366,0.2366,0.2366,10000140,2015-09-23,2015-09-23,C,2.95,2015-04-08
15228,2015-04-08 11:19:00,2015-04-08,0.2366,0.0,0.0,114.0,0.2366,0.2366,0.2366,10000140,2015-09-23,2015-09-23,C,2.95,2015-04-08
15229,2015-04-08 11:20:00,2015-04-08,0.2366,0.0,0.0,114.0,0.2366,0.2366,0.2366,10000140,2015-09-23,2015-09-23,C,2.95,2015-04-08
15230,2015-04-08 11:21:00,2015-04-08,0.2366,0.0,0.0,114.0,0.2366,0.2366,0.2366,10000140,2015-09-23,2015-09-23,C,2.95,2015-04-08
15231,2015-04-08 11:22:00,2015-04-08,0.2366,0.0,0.0,114.0,0.2366,0.2366,0.2366,10000140,2015-09-23,2015-09-23,C,2.95,2015-04-08
15232,2015-04-08 11:23:00,2015-04-08,0.2366,0.0,0.0,114.0,0.2366,0.2366,0.2366,10000140,2015-09-23,2015-09-23,C,2.95,2015-04-08
15233,2015-04-08 11:24:00,2015-04-08,0.2366,0.0,0.0,114.0,0.2366,0.2366,0.2366,10000140,2015-09-23,2015-09-23,C,2.95,2015-04-08
15234,2015-04-08 11:25:00,2015-04-08,0.2366,0.0,0.0,114.0,0.2366,0.2366,0.2366,10000140,2015-09-23,2015-09-23,C,2.95,2015-04-08
15235,2015-04-08 11:26:00,2015-04-08,0.2366,0.0,0.0,114.0,0.2366,0.2366,0.2366,10000140,2015-09-23,2015-09-23,C,2.95,2015-04-08
15236,2015-04-08 11:27:00,2015-04-08,0.2366,0.0,0.0,114.0,0.2366,0.2366,0.2366,10000140,2015-09-23,2015-09-23,C,2.95,2015-04-08
15237,2015-04-08 11:28:00,2015-04-08,0.2366,0.0,0.0,114.0,0.2366,0.2366,0.2366,10000140,2015-09-23,2015-09-23,C,2.95,2015-04-08
15238,2015-04-08 11:29:00,2015-04-08,0.2366,0.0,0.0,114.0,0.2366,0.2366,0.2366,10000140,2015-09-23,2015-09-23,C,2.95,2015-04-08
15239,2015-04-08 11:30:00,2015-04-08,0.2366,0.0,0.0,114.0,0.2366,0.2366,0.2366,10000140,2015-09-23,2015-09-23,C,2.95,2015-04-08
15240,2015-04-08 13:01:00,2015-04-08,0.2366,0.0,0.0,114.0,0.2366,0.2366,0.2366,10000140,2015-09-23,2015-09-23,C,2.95,2015-04-08
15241,2015-04-08 13:02:00,2015-04-08,0.2366,0.0,0.0,114.0,0.2366,0.2366,0.2366,10000140,2015-09-23,2015-09-23,C,2.95,2015-04-08
15242,2015-04-08 13:03:00,2015-04-08,0.2366,0.0,0.0,114.0,0.2366,0.2366,0.2366,10000140,2015-09-23,2015-09-23,C,2.95,2015-04-08
15243,2015-04-08 13:04:00,2015-04-08,0.2366,0.0,0.0,114.0,0.2366,0.2366,0.2366,10000140,2015-09-23,2015-09-23,C,2.95,2015-04-08
15244,2015-04-08 13:05:00,2015-04-08,0.2366,0.0,0.0,114.0,0.2366,0.2366,0.2366,10000140,2015-09-23,2015-09-23,C,2.95,2015-04-08
15245,2015-04-08 13:06:00,2015-04-08,0.2366,0.0,0.0,114.0,0.2366,0.2366,0.2366,10000140,2015-09-23,2015-09-23,C,2.95,2015-04-08
15246,2015-04-08 13:07:00,2015-04-08,0.2366,0.0,0.0,114.0,0.2366,0.2366,0.2366,10000140,2015-09-23,2015-09-23,C,2.95,2015-04-08
15247,2015-04-08 13:08:00,2015-04-08,0.2366,0.0,0.0,114.0,0.2366,0.2366,0.2366,10000140,2015-09-23,2015-09-23,C,2.95,2015-04-08
15248,2015-04-08 13:09:00,2015-04-08,0.2366,0.0,0.0,114.0,0.2366,0.2366,0.2366,10000140,2015-09-23,2015-09-23,C,2.95,2015-04-08
15249,2015-04-08 13:10:00,2015-04-08,0.2366,0.0,0.0,114.0,0.2366,0.2366,0.2366,10000140,2015-09-23,2015-09-23,C,2.95,2015-04-08
15250,2015-04-08 13:11:00,2015-04-08,0.2366,0.0,0.0,114.0,0.2366,0.2366,0.2366,10000140,2015-09-23,2015-09-23,C,2.95,2015-04-08
15251,2015-04-08 13:12:00,2015-04-08,0.2366,0.0,0.0,114.0,0.2366,0.2366,0.2366,10000140,2015-09-23,2015-09-23,C,2.95,2015-04-08
15252,2015-04-08 13:13:00,2015-04-08,0.2366,0.0,0.0,114.0,0.2366,0.2366,0.2366,10000140,2015-09-23,2015-09-23,C,2.95,2015-04-08
15253,2015-04-08 13:14:00,2015-04-08,0.2366,0.0,0.0,114.0,0.2366,0.2366,0.2366,10000140,2015-09-23,2015-09-23,C,2.95,2015-04-08
15254,2015-04-08 13:15:00,2015-04-08,0.2366,0.0,0.0,114.0,0.2366,0.2366,0.2366,10000140,2015-09-23,2015-09-23,C,2.95,2015-04-08
15255,2015-04-08 13:16:00,2015-04-08,0.2366,0.0,0.0,114.0,0.2366,0.2366,0.2366,10000140,2015-09-23,2015-09-23,C,2.95,2015-04-08
15256,2015-04-08 13:17:00,2015-04-08,0.2366,0.0,0.0,114.0,0.2366,0.2366,0.2366,10000140,2015-09-23,2015-09-23,C,2.95,2015-04-08
15257,2015-04-08 13:18:00,2015-04-08,0.2366,0.0,0.0,114.0,0.2366,0.2366,0.2366,10000140,2015-09-23,2015-09-23,C,2.95,2015-04-08
15258,2015-04-08 13:19:00,2015-04-08,0.2482,12410.0,5.0,114.0,0.2482,0.2482,0.2482,10000140,2015-09-23,2015-09-23,C,2.95,2015-04-08
15259,2015-04-08 13:20:00,2015-04-08,0.2488,2488.0,1.0,113.0,0.2488,0.2488,0.2488,10000140,2015-09-23,2015-09-23,C,2.95,2015-04-08
15260,2015-04-08 13:21:00,2015-04-08,0.2488,0.0,0.0,113.0,0.2488,0.2488,0.2488,10000140,2015-09-23,2015-09-23,C,2.95,2015-04-08
15261,2015-04-08 13:22:00,2015-04-08,0.2488,0.0,0.0,113.0,0.2488,0.2488,0.2488,10000140,2015-09-23,2015-09-23,C,2.95,2015-04-08
15262,2015-04-08 13:23:00,2015-04-08,0.2488,0.0,0.0,113.0,0.2488,0.2488,0.2488,10000140,2015-09-23,2015-09-23,C,2.95,2015-04-08
15263,2015-04-08 13:24:00,2015-04-08,0.2488,0.0,0.0,113.0,0.2488,0.2488,0.2488,10000140,2015-09-23,2015-09-23,C,2.95,2015-04-08
15264,2015-04-08 13:25:00,2015-04-08,0.2488,0.0,0.0,113.0,0.2488,0.2488,0.2488,10000140,2015-09-23,2015-09-23,C,2.95,2015-04-08
15265,2015-04-08 13:26:00,2015-04-08,0.2488,0.0,0.0,113.0,0.2488,0.2488,0.2488,10000140,2015-09-23,2015-09-23,C,2.95,2015-04-08
15266,2015-04-08 13:27:00,2015-04-08,0.2599,2599.0,1.0,114.0,0.2599,0.2599,0.2599,10000140,2015-09-23,2015-09-23,C,2.95,2015-04-08
15267,2015-04-08 13:28:00,2015-04-08,0.2599,0.0,0.0,114.0,0.2599,0.2599,0.2599,10000140,2015-09-23,2015-09-23,C,2.95,2015-04-08
15268,2015-04-08 13:29:00,2015-04-08,0.2599,0.0,0.0,114.0,0.2599,0.2599,0.2599,10000140,2015-09-23,2015-09-23,C,2.95,2015-04-08
15269,2015-04-08 13:30:00,2015-04-08,0.2599,0.0,0.0,114.0,0.2599,0.2599,0.2599,10000140,2015-09-23,2015-09-23,C,2.95,2015-04-08
15270,2015-04-08 13:31:00,2015-04-08,0.2599,0.0,0.0,114.0,0.2599,0.2599,0.2599,10000140,2015-09-23,2015-09-23,C,2.95,2015-04-08
15271,2015-04-08 13:32:00,2015-04-08,0.2599,0.0,0.0,114.0,0.2599,0.2599,0.2599,10000140,2015-09-23,2015-09-23,C,2.95,2015-04-08
15272,2015-04-08 13:33:00,2015-04-08,0.2599,0.0,0.0,114.0,0.2599,0.2599,0.2599,10000140,2015-09-23,2015-09-23,C,2.95,2015-04-08
15273,2015-04-08 13:34:00,2015-04-08,0.2599,0.0,0.0,114.0,0.2599,0.2599,0.2599,10000140,2015-09-23,2015-09-23,C,2.95,2015-04-08
15274,2015-04-08 13:35:00,2015-04-08,0.2599,0.0,0.0,114.0,0.2599,0.2599,0.2599,10000140,2015-09-23,2015-09-23,C,2.95,2015-04-08
15275,2015-04-08 13:36:00,2015-04-08,0.2599,0.0,0.0,114.0,0.2599,0.2599,0.2599,10000140,2015-09-23,2015-09-23,C,2.95,2015-04-08
15276,2015-04-08 13:37:00,2015-04-08,0.2599,0.0,0.0,114.0,0.2599,0.2599,0.2599,10000140,2015-09-23,2015-09-23,C,2.95,2015-04-08
15277,2015-04-08 13:38:00,2015-04-08,0.2599,0.0,0.0,114.0,0.2599,0.2599,0.2599,10000140,2015-09-23,2015-09-23,C,2.95,2015-04-08
15278,2015-04-08 13:39:00,2015-04-08,0.2599,0.0,0.0,114.0,0.2599,0.2599,0.2599,10000140,2015-09-23,2015-09-23,C,2.95,2015-04-08
15279,2015-04-08 13:40:00,2015-04-08,0.2599,0.0,0.0,114.0,0.2599,0.2599,0.2599,10000140,2015-09-23,2015-09-23,C,2.95,2015-04-08
15280,2015-04-08 13:41:00,2015-04-08,0.2681,21448.0,8.0,122.0,0.2681,0.2681,0.2681,10000140,2015-09-23,2015-09-23,C,2.95,2015-04-08
15281,2015-04-08 13:42:00,2015-04-08,0.2651,15906.0,6.0,128.0,0.2651,0.2651,0.2651,10000140,2015-09-23,2015-09-23,C,2.95,2015-04-08
15282,2015-04-08 13:43:00,2015-04-08,0.2651,0.0,0.0,128.0,0.2651,0.2651,0.2651,10000140,2015-09-23,2015-09-23,C,2.95,2015-04-08
15283,2015-04-08 13:44:00,2015-04-08,0.2651,0.0,0.0,128.0,0.2651,0.2651,0.2651,10000140,2015-09-23,2015-09-23,C,2.95,2015-04-08
15284,2015-04-08 13:45:00,2015-04-08,0.2651,0.0,0.0,128.0,0.2651,0.2651,0.2651,10000140,2015-09-23,2015-09-23,C,2.95,2015-04-08
15285,2015-04-08 13:46:00,2015-04-08,0.2651,0.0,0.0,128.0,0.2651,0.2651,0.2651,10000140,2015-09-23,2015-09-23,C,2.95,2015-04-08
15286,2015-04-08 13:47:00,2015-04-08,0.2651,0.0,0.0,128.0,0.2651,0.2651,0.2651,10000140,2015-09-23,2015-09-23,C,2.95,2015-04-08
15287,2015-04-08 13:48:00,2015-04-08,0.2651,0.0,0.0,128.0,0.2651,0.2651,0.2651,10000140,2015-09-23,2015-09-23,C,2.95,2015-04-08
15288,2015-04-08 13:49:00,2015-04-08,0.2651,0.0,0.0,128.0,0.2651,0.2651,0.2651,10000140,2015-09-23,2015-09-23,C,2.95,2015-04-08
15289,2015-04-08 13:50:00,2015-04-08,0.2651,0.0,0.0,128.0,0.2651,0.2651,0.2651,10000140,2015-09-23,2015-09-23,C,2.95,2015-04-08
15290,2015-04-08 13:51:00,2015-04-08,0.27,21600.0,8.0,136.0,0.27,0.27,0.27,10000140,2015-09-23,2015-09-23,C,2.95,2015-04-08
15291,2015-04-08 13:52:00,2015-04-08,0.27,0.0,0.0,136.0,0.27,0.27,0.27,10000140,2015-09-23,2015-09-23,C,2.95,2015-04-08
15292,2015-04-08 13:53:00,2015-04-08,0.27,0.0,0.0,136.0,0.27,0.27,0.27,10000140,2015-09-23,2015-09-23,C,2.95,2015-04-08
15293,2015-04-08 13:54:00,2015-04-08,0.27,0.0,0.0,136.0,0.27,0.27,0.27,10000140,2015-09-23,2015-09-23,C,2.95,2015-04-08
15294,2015-04-08 13:55:00,2015-04-08,0.27,0.0,0.0,136.0,0.27,0.27,0.27,10000140,2015-09-23,2015-09-23,C,2.95,2015-04-08
15295,2015-04-08 13:56:00,2015-04-08,0.27,0.0,0.0,136.0,0.27,0.27,0.27,10000140,2015-09-23,2015-09-23,C,2.95,2015-04-08
15296,2015-04-08 13:57:00,2015-04-08,0.27,0.0,0.0,136.0,0.27,0.27,0.27,10000140,2015-09-23,2015-09-23,C,2.95,2015-04-08
15297,2015-04-08 13:58:00,2015-04-08,0.27,0.0,0.0,136.0,0.27,0.27,0.27,10000140,2015-09-23,2015-09-23,C,2.95,2015-04-08
15298,2015-04-08 13:59:00,2015-04-08,0.2737,21896.0,8.0,144.0,0.2737,0.2737,0.2737,10000140,2015-09-23,2015-09-23,C,2.95,2015-04-08
15299,2015-04-08 14:00:00,2015-04-08,0.2742,21936.0,8.0,152.0,0.2742,0.2742,0.2742,10000140,2015-09-23,2015-09-23,C,2.95,2015-04-08
15300,2015-04-08 14:01:00,2015-04-08,0.2741,2741.0,1.0,153.0,0.2741,0.2741,0.2741,10000140,2015-09-23,2015-09-23,C,2.95,2015-04-08
15301,2015-04-08 14:02:00,2015-04-08,0.2741,10964.0,4.0,157.0,0.2741,0.2741,0.2741,10000140,2015-09-23,2015-09-23,C,2.95,2015-04-08
15302,2015-04-08 14:03:00,2015-04-08,0.2741,0.0,0.0,157.0,0.2741,0.2741,0.2741,10000140,2015-09-23,2015-09-23,C,2.95,2015-04-08
15303,2015-04-08 14:04:00,2015-04-08,0.2741,0.0,0.0,157.0,0.2741,0.2741,0.2741,10000140,2015-09-23,2015-09-23,C,2.95,2015-04-08
15304,2015-04-08 14:05:00,2015-04-08,0.2741,0.0,0.0,157.0,0.2741,0.2741,0.2741,10000140,2015-09-23,2015-09-23,C,2.95,2015-04-08
15305,2015-04-08 14:06:00,2015-04-08,0.2741,0.0,0.0,157.0,0.2741,0.2741,0.2741,10000140,2015-09-23,2015-09-23,C,2.95,2015-04-08
15306,2015-04-08 14:07:00,2015-04-08,0.2741,0.0,0.0,157.0,0.2741,0.2741,0.2741,10000140,2015-09-23,2015-09-23,C,2.95,2015-04-08
15307,2015-04-08 14:08:00,2015-04-08,0.2741,0.0,0.0,157.0,0.2741,0.2741,0.2741,10000140,2015-09-23,2015-09-23,C,2.95,2015-04-08
15308,2015-04-08 14:09:00,2015-04-08,0.2741,0.0,0.0,157.0,0.2741,0.2741,0.2741,10000140,2015-09-23,2015-09-23,C,2.95,2015-04-08
15309,2015-04-08 14:10:00,2015-04-08,0.2741,0.0,0.0,157.0,0.2741,0.2741,0.2741,10000140,2015-09-23,2015-09-23,C,2.95,2015-04-08
15310,2015-04-08 14:11:00,2015-04-08,0.2741,0.0,0.0,157.0,0.2741,0.2741,0.2741,10000140,2015-09-23,2015-09-23,C,2.95,2015-04-08
15311,2015-04-08 14:12:00,2015-04-08,0.2741,0.0,0.0,157.0,0.2741,0.2741,0.2741,10000140,2015-09-23,2015-09-23,C,2.95,2015-04-08
15312,2015-04-08 14:13:00,2015-04-08,0.2741,0.0,0.0,157.0,0.2741,0.2741,0.2741,10000140,2015-09-23,2015-09-23,C,2.95,2015-04-08
15313,2015-04-08 14:14:00,2015-04-08,0.2741,0.0,0.0,157.0,0.2741,0.2741,0.2741,10000140,2015-09-23,2015-09-23,C,2.95,2015-04-08
15314,2015-04-08 14:15:00,2015-04-08,0.2741,0.0,0.0,157.0,0.2741,0.2741,0.2741,10000140,2015-09-23,2015-09-23,C,2.95,2015-04-08
15315,2015-04-08 14:16:00,2015-04-08,0.2741,0.0,0.0,157.0,0.2741,0.2741,0.2741,10000140,2015-09-23,2015-09-23,C,2.95,2015-04-08
15316,2015-04-08 14:17:00,2015-04-08,0.2741,0.0,0.0,157.0,0.2741,0.2741,0.2741,10000140,2015-09-23,2015-09-23,C,2.95,2015-04-08
15317,2015-04-08 14:18:00,2015-04-08,0.2741,0.0,0.0,157.0,0.2741,0.2741,0.2741,10000140,2015-09-23,2015-09-23,C,2.95,2015-04-08
15318,2015-04-08 14:19:00,2015-04-08,0.2741,0.0,0.0,157.0,0.2741,0.2741,0.2741,10000140,2015-09-23,2015-09-23,C,2.95,2015-04-08
15319,2015-04-08 14:20:00,2015-04-08,0.2741,0.0,0.0,157.0,0.2741,0.2741,0.2741,10000140,2015-09-23,2015-09-23,C,2.95,2015-04-08
15320,2015-04-08 14:21:00,2015-04-08,0.2741,0.0,0.0,157.0,0.2741,0.2741,0.2741,10000140,2015-09-23,2015-09-23,C,2.95,2015-04-08
15321,2015-04-08 14:22:00,2015-04-08,0.2741,0.0,0.0,157.0,0.2741,0.2741,0.2741,10000140,2015-09-23,2015-09-23,C,2.95,2015-04-08
15322,2015-04-08 14:23:00,2015-04-08,0.2741,0.0,0.0,157.0,0.2741,0.2741,0.2741,10000140,2015-09-23,2015-09-23,C,2.95,2015-04-08
15323,2015-04-08 14:24:00,2015-04-08,0.2741,0.0,0.0,157.0,0.2741,0.2741,0.2741,10000140,2015-09-23,2015-09-23,C,2.95,2015-04-08
15324,2015-04-08 14:25:00,2015-04-08,0.2741,0.0,0.0,157.0,0.2741,0.2741,0.2741,10000140,2015-09-23,2015-09-23,C,2.95,2015-04-08
15325,2015-04-08 14:26:00,2015-04-08,0.2741,0.0,0.0,157.0,0.2741,0.2741,0.2741,10000140,2015-09-23,2015-09-23,C,2.95,2015-04-08
15326,2015-04-08 14:27:00,2015-04-08,0.2741,0.0,0.0,157.0,0.2741,0.2741,0.2741,10000140,2015-09-23,2015-09-23,C,2.95,2015-04-08
15327,2015-04-08 14:28:00,2015-04-08,0.2741,0.0,0.0,157.0,0.2741,0.2741,0.2741,10000140,2015-09-23,2015-09-23,C,2.95,2015-04-08
15328,2015-04-08 14:29:00,2015-04-08,0.2741,0.0,0.0,157.0,0.2741,0.2741,0.2741,10000140,2015-09-23,2015-09-23,C,2.95,2015-04-08
15329,2015-04-08 14:30:00,2015-04-08,0.2741,0.0,0.0,157.0,0.2741,0.2741,0.2741,10000140,2015-09-23,2015-09-23,C,2.95,2015-04-08
15330,2015-04-08 14:31:00,2015-04-08,0.2741,0.0,0.0,157.0,0.2741,0.2741,0.2741,10000140,2015-09-23,2015-09-23,C,2.95,2015-04-08
15331,2015-04-08 14:32:00,2015-04-08,0.2741,0.0,0.0,157.0,0.2741,0.2741,0.2741,10000140,2015-09-23,2015-09-23,C,2.95,2015-04-08
15332,2015-04-08 14:33:00,2015-04-08,0.2741,0.0,0.0,157.0,0.2741,0.2741,0.2741,10000140,2015-09-23,2015-09-23,C,2.95,2015-04-08
15333,2015-04-08 14:34:00,2015-04-08,0.2741,0.0,0.0,157.0,0.2741,0.2741,0.2741,10000140,2015-09-23,2015-09-23,C,2.95,2015-04-08
15334,2015-04-08 14:35:00,2015-04-08,0.2741,0.0,0.0,157.0,0.2741,0.2741,0.2741,10000140,2015-09-23,2015-09-23,C,2.95,2015-04-08
15335,2015-04-08 14:36:00,2015-04-08,0.2741,0.0,0.0,157.0,0.2741,0.2741,0.2741,10000140,2015-09-23,2015-09-23,C,2.95,2015-04-08
15336,2015-04-08 14:37:00,2015-04-08,0.264,5280.0,2.0,159.0,0.264,0.264,0.264,10000140,2015-09-23,2015-09-23,C,2.95,2015-04-08
15337,2015-04-08 14:38:00,2015-04-08,0.264,5280.0,2.0,161.0,0.264,0.264,0.264,10000140,2015-09-23,2015-09-23,C,2.95,2015-04-08
15338,2015-04-08 14:39:00,2015-04-08,0.264,5280.0,2.0,163.0,0.264,0.264,0.264,10000140,2015-09-23,2015-09-23,C,2.95,2015-04-08
15339,2015-04-08 14:40:00,2015-04-08,0.264,5280.0,2.0,165.0,0.264,0.264,0.264,10000140,2015-09-23,2015-09-23,C,2.95,2015-04-08
15340,2015-04-08 14:41:00,2015-04-08,0.264,0.0,0.0,165.0,0.264,0.264,0.264,10000140,2015-09-23,2015-09-23,C,2.95,2015-04-08
15341,2015-04-08 14:42:00,2015-04-08,0.264,0.0,0.0,165.0,0.264,0.264,0.264,10000140,2015-09-23,2015-09-23,C,2.95,2015-04-08
15342,2015-04-08 14:43:00,2015-04-08,0.264,0.0,0.0,165.0,0.264,0.264,0.264,10000140,2015-09-23,2015-09-23,C,2.95,2015-04-08
15343,2015-04-08 14:44:00,2015-04-08,0.264,0.0,0.0,165.0,0.264,0.264,0.264,10000140,2015-09-23,2015-09-23,C,2.95,2015-04-08
15344,2015-04-08 14:45:00,2015-04-08,0.264,0.0,0.0,165.0,0.264,0.264,0.264,10000140,2015-09-23,2015-09-23,C,2.95,2015-04-08
15345,2015-04-08 14:46:00,2015-04-08,0.264,0.0,0.0,165.0,0.264,0.264,0.264,10000140,2015-09-23,2015-09-23,C,2.95,2015-04-08
15346,2015-04-08 14:47:00,2015-04-08,0.264,0.0,0.0,165.0,0.264,0.264,0.264,10000140,2015-09-23,2015-09-23,C,2.95,2015-04-08
15347,2015-04-08 14:48:00,2015-04-08,0.264,0.0,0.0,165.0,0.264,0.264,0.264,10000140,2015-09-23,2015-09-23,C,2.95,2015-04-08
15348,2015-04-08 14:49:00,2015-04-08,0.264,0.0,0.0,165.0,0.264,0.264,0.264,10000140,2015-09-23,2015-09-23,C,2.95,2015-04-08
15349,2015-04-08 14:50:00,2015-04-08,0.264,0.0,0.0,165.0,0.264,0.264,0.264,10000140,2015-09-23,2015-09-23,C,2.95,2015-04-08
15350,2015-04-08 14:51:00,2015-04-08,0.264,0.0,0.0,165.0,0.264,0.264,0.264,10000140,2015-09-23,2015-09-23,C,2.95,2015-04-08
15351,2015-04-08 14:52:00,2015-04-08,0.264,0.0,0.0,165.0,0.264,0.264,0.264,10000140,2015-09-23,2015-09-23,C,2.95,2015-04-08
15352,2015-04-08 14:53:00,2015-04-08,0.2725,5450.0,2.0,167.0,0.2725,0.2725,0.2725,10000140,2015-09-23,2015-09-23,C,2.95,2015-04-08
15353,2015-04-08 14:54:00,2015-04-08,0.2725,8175.0,3.0,170.0,0.2725,0.2725,0.2725,10000140,2015-09-23,2015-09-23,C,2.95,2015-04-08
15354,2015-04-08 14:55:00,2015-04-08,0.2725,0.0,0.0,170.0,0.2725,0.2725,0.2725,10000140,2015-09-23,2015-09-23,C,2.95,2015-04-08
15355,2015-04-08 14:56:00,2015-04-08,0.2775,19425.0,7.0,177.0,0.2775,0.2775,0.2775,10000140,2015-09-23,2015-09-23,C,2.95,2015-04-08
15356,2015-04-08 14:57:00,2015-04-08,0.2775,0.0,0.0,177.0,0.2775,0.2775,0.2775,10000140,2015-09-23,2015-09-23,C,2.95,2015-04-08
15357,2015-04-08 14:58:00,2015-04-08,0.2775,0.0,0.0,177.0,0.2775,0.2775,0.2775,10000140,2015-09-23,2015-09-23,C,2.95,2015-04-08
15358,2015-04-08 14:59:00,2015-04-08,0.2775,0.0,0.0,177.0,0.2775,0.2775,0.2775,10000140,2015-09-23,2015-09-23,C,2.95,2015-04-08
15359,2015-04-08 15:00:00,2015-04-08,0.2775,0.0,0.0,177.0,0.2775,0.2775,0.2775,10000140,2015-09-23,2015-09-23,C,2.95,2015-04-08
15360,2015-04-08 09:31:00,2015-04-08,0.3788,18940.0,5.0,275.0,0.3788,0.3788,0.3788,10000105,2015-05-27,2015-05-27,C,2.5,2015-03-26
15361,2015-04-08 09:32:00,2015-04-08,0.3788,0.0,0.0,275.0,0.3788,0.3788,0.3788,10000105,2015-05-27,2015-05-27,C,2.5,2015-03-26
15362,2015-04-08 09:33:00,2015-04-08,0.3788,0.0,0.0,275.0,0.3788,0.3788,0.3788,10000105,2015-05-27,2015-05-27,C,2.5,2015-03-26
15363,2015-04-08 09:34:00,2015-04-08,0.3788,0.0,0.0,275.0,0.3788,0.3788,0.3788,10000105,2015-05-27,2015-05-27,C,2.5,2015-03-26
15364,2015-04-08 09:35:00,2015-04-08,0.3788,0.0,0.0,275.0,0.3788,0.3788,0.3788,10000105,2015-05-27,2015-05-27,C,2.5,2015-03-26
15365,2015-04-08 09:36:00,2015-04-08,0.3788,0.0,0.0,275.0,0.3788,0.3788,0.3788,10000105,2015-05-27,2015-05-27,C,2.5,2015-03-26
15366,2015-04-08 09:37:00,2015-04-08,0.3788,0.0,0.0,275.0,0.3788,0.3788,0.3788,10000105,2015-05-27,2015-05-27,C,2.5,2015-03-26
15367,2015-04-08 09:38:00,2015-04-08,0.3788,0.0,0.0,275.0,0.3788,0.3788,0.3788,10000105,2015-05-27,2015-05-27,C,2.5,2015-03-26
15368,2015-04-08 09:39:00,2015-04-08,0.3788,0.0,0.0,275.0,0.3788,0.3788,0.3788,10000105,2015-05-27,2015-05-27,C,2.5,2015-03-26
15369,2015-04-08 09:40:00,2015-04-08,0.3788,0.0,0.0,275.0,0.3788,0.3788,0.3788,10000105,2015-05-27,2015-05-27,C,2.5,2015-03-26
15370,2015-04-08 09:41:00,2015-04-08,0.3788,0.0,0.0,275.0,0.3788,0.3788,0.3788,10000105,2015-05-27,2015-05-27,C,2.5,2015-03-26
15371,2015-04-08 09:42:00,2015-04-08,0.3788,0.0,0.0,275.0,0.3788,0.3788,0.3788,10000105,2015-05-27,2015-05-27,C,2.5,2015-03-26
15372,2015-04-08 09:43:00,2015-04-08,0.3788,0.0,0.0,275.0,0.3788,0.3788,0.3788,10000105,2015-05-27,2015-05-27,C,2.5,2015-03-26
15373,2015-04-08 09:44:00,2015-04-08,0.3788,0.0,0.0,275.0,0.3788,0.3788,0.3788,10000105,2015-05-27,2015-05-27,C,2.5,2015-03-26
15374,2015-04-08 09:45:00,2015-04-08,0.3788,0.0,0.0,275.0,0.3788,0.3788,0.3788,10000105,2015-05-27,2015-05-27,C,2.5,2015-03-26
15375,2015-04-08 09:46:00,2015-04-08,0.3798,11394.0,3.0,272.0,0.3798,0.3798,0.3798,10000105,2015-05-27,2015-05-27,C,2.5,2015-03-26
15376,2015-04-08 09:47:00,2015-04-08,0.3798,0.0,0.0,272.0,0.3798,0.3798,0.3798,10000105,2015-05-27,2015-05-27,C,2.5,2015-03-26
15377,2015-04-08 09:48:00,2015-04-08,0.3798,0.0,0.0,272.0,0.3798,0.3798,0.3798,10000105,2015-05-27,2015-05-27,C,2.5,2015-03-26
15378,2015-04-08 09:49:00,2015-04-08,0.3798,0.0,0.0,272.0,0.3798,0.3798,0.3798,10000105,2015-05-27,2015-05-27,C,2.5,2015-03-26
15379,2015-04-08 09:50:00,2015-04-08,0.3798,0.0,0.0,272.0,0.3798,0.3798,0.3798,10000105,2015-05-27,2015-05-27,C,2.5,2015-03-26
15380,2015-04-08 09:51:00,2015-04-08,0.3798,0.0,0.0,272.0,0.3798,0.3798,0.3798,10000105,2015-05-27,2015-05-27,C,2.5,2015-03-26
15381,2015-04-08 09:52:00,2015-04-08,0.3798,0.0,0.0,272.0,0.3798,0.3798,0.3798,10000105,2015-05-27,2015-05-27,C,2.5,2015-03-26
15382,2015-04-08 09:53:00,2015-04-08,0.3798,0.0,0.0,272.0,0.3798,0.3798,0.3798,10000105,2015-05-27,2015-05-27,C,2.5,2015-03-26
15383,2015-04-08 09:54:00,2015-04-08,0.3798,0.0,0.0,272.0,0.3798,0.3798,0.3798,10000105,2015-05-27,2015-05-27,C,2.5,2015-03-26
15384,2015-04-08 09:55:00,2015-04-08,0.3798,0.0,0.0,272.0,0.3798,0.3798,0.3798,10000105,2015-05-27,2015-05-27,C,2.5,2015-03-26
15385,2015-04-08 09:56:00,2015-04-08,0.3798,0.0,0.0,272.0,0.3798,0.3798,0.3798,10000105,2015-05-27,2015-05-27,C,2.5,2015-03-26
15386,2015-04-08 09:57:00,2015-04-08,0.3798,0.0,0.0,272.0,0.3798,0.3798,0.3798,10000105,2015-05-27,2015-05-27,C,2.5,2015-03-26
15387,2015-04-08 09:58:00,2015-04-08,0.3798,0.0,0.0,272.0,0.3798,0.3798,0.3798,10000105,2015-05-27,2015-05-27,C,2.5,2015-03-26
15388,2015-04-08 09:59:00,2015-04-08,0.3798,0.0,0.0,272.0,0.3798,0.3798,0.3798,10000105,2015-05-27,2015-05-27,C,2.5,2015-03-26
15389,2015-04-08 10:00:00,2015-04-08,0.3798,0.0,0.0,272.0,0.3798,0.3798,0.3798,10000105,2015-05-27,2015-05-27,C,2.5,2015-03-26
15390,2015-04-08 10:01:00,2015-04-08,0.3798,0.0,0.0,272.0,0.3798,0.3798,0.3798,10000105,2015-05-27,2015-05-27,C,2.5,2015-03-26
15391,2015-04-08 10:02:00,2015-04-08,0.3798,0.0,0.0,272.0,0.3798,0.3798,0.3798,10000105,2015-05-27,2015-05-27,C,2.5,2015-03-26
15392,2015-04-08 10:03:00,2015-04-08,0.3798,0.0,0.0,272.0,0.3798,0.3798,0.3798,10000105,2015-05-27,2015-05-27,C,2.5,2015-03-26
15393,2015-04-08 10:04:00,2015-04-08,0.3798,0.0,0.0,272.0,0.3798,0.3798,0.3798,10000105,2015-05-27,2015-05-27,C,2.5,2015-03-26
15394,2015-04-08 10:05:00,2015-04-08,0.3798,0.0,0.0,272.0,0.3798,0.3798,0.3798,10000105,2015-05-27,2015-05-27,C,2.5,2015-03-26
15395,2015-04-08 10:06:00,2015-04-08,0.3798,0.0,0.0,272.0,0.3798,0.3798,0.3798,10000105,2015-05-27,2015-05-27,C,2.5,2015-03-26
15396,2015-04-08 10:07:00,2015-04-08,0.3798,0.0,0.0,272.0,0.3798,0.3798,0.3798,10000105,2015-05-27,2015-05-27,C,2.5,2015-03-26
15397,2015-04-08 10:08:00,2015-04-08,0.3798,0.0,0.0,272.0,0.3798,0.3798,0.3798,10000105,2015-05-27,2015-05-27,C,2.5,2015-03-26
15398,2015-04-08 10:09:00,2015-04-08,0.3798,0.0,0.0,272.0,0.3798,0.3798,0.3798,10000105,2015-05-27,2015-05-27,C,2.5,2015-03-26
15399,2015-04-08 10:10:00,2015-04-08,0.3798,0.0,0.0,272.0,0.3798,0.3798,0.3798,10000105,2015-05-27,2015-05-27,C,2.5,2015-03-26
15400,2015-04-08 10:11:00,2015-04-08,0.3798,0.0,0.0,272.0,0.3798,0.3798,0.3798,10000105,2015-05-27,2015-05-27,C,2.5,2015-03-26
15401,2015-04-08 10:12:00,2015-04-08,0.3798,0.0,0.0,272.0,0.3798,0.3798,0.3798,10000105,2015-05-27,2015-05-27,C,2.5,2015-03-26
15402,2015-04-08 10:13:00,2015-04-08,0.3798,0.0,0.0,272.0,0.3798,0.3798,0.3798,10000105,2015-05-27,2015-05-27,C,2.5,2015-03-26
15403,2015-04-08 10:14:00,2015-04-08,0.3798,0.0,0.0,272.0,0.3798,0.3798,0.3798,10000105,2015-05-27,2015-05-27,C,2.5,2015-03-26
15404,2015-04-08 10:15:00,2015-04-08,0.3798,7596.0,2.0,274.0,0.3798,0.3798,0.3798,10000105,2015-05-27,2015-05-27,C,2.5,2015-03-26
15405,2015-04-08 10:16:00,2015-04-08,0.3798,0.0,0.0,274.0,0.3798,0.3798,0.3798,10000105,2015-05-27,2015-05-27,C,2.5,2015-03-26
15406,2015-04-08 10:17:00,2015-04-08,0.3798,0.0,0.0,274.0,0.3798,0.3798,0.3798,10000105,2015-05-27,2015-05-27,C,2.5,2015-03-26
15407,2015-04-08 10:18:00,2015-04-08,0.3798,0.0,0.0,274.0,0.3798,0.3798,0.3798,10000105,2015-05-27,2015-05-27,C,2.5,2015-03-26
15408,2015-04-08 10:19:00,2015-04-08,0.3798,0.0,0.0,274.0,0.3798,0.3798,0.3798,10000105,2015-05-27,2015-05-27,C,2.5,2015-03-26
15409,2015-04-08 10:20:00,2015-04-08,0.3798,0.0,0.0,274.0,0.3798,0.3798,0.3798,10000105,2015-05-27,2015-05-27,C,2.5,2015-03-26
15410,2015-04-08 10:21:00,2015-04-08,0.3798,0.0,0.0,274.0,0.3798,0.3798,0.3798,10000105,2015-05-27,2015-05-27,C,2.5,2015-03-26
15411,2015-04-08 10:22:00,2015-04-08,0.3798,0.0,0.0,274.0,0.3798,0.3798,0.3798,10000105,2015-05-27,2015-05-27,C,2.5,2015-03-26
15412,2015-04-08 10:23:00,2015-04-08,0.3798,0.0,0.0,274.0,0.3798,0.3798,0.3798,10000105,2015-05-27,2015-05-27,C,2.5,2015-03-26
15413,2015-04-08 10:24:00,2015-04-08,0.3798,0.0,0.0,274.0,0.3798,0.3798,0.3798,10000105,2015-05-27,2015-05-27,C,2.5,2015-03-26
15414,2015-04-08 10:25:00,2015-04-08,0.3798,0.0,0.0,274.0,0.3798,0.3798,0.3798,10000105,2015-05-27,2015-05-27,C,2.5,2015-03-26
15415,2015-04-08 10:26:00,2015-04-08,0.3798,0.0,0.0,274.0,0.3798,0.3798,0.3798,10000105,2015-05-27,2015-05-27,C,2.5,2015-03-26
15416,2015-04-08 10:27:00,2015-04-08,0.3798,0.0,0.0,274.0,0.3798,0.3798,0.3798,10000105,2015-05-27,2015-05-27,C,2.5,2015-03-26
15417,2015-04-08 10:28:00,2015-04-08,0.3798,0.0,0.0,274.0,0.3798,0.3798,0.3798,10000105,2015-05-27,2015-05-27,C,2.5,2015-03-26
15418,2015-04-08 10:29:00,2015-04-08,0.3798,0.0,0.0,274.0,0.3798,0.3798,0.3798,10000105,2015-05-27,2015-05-27,C,2.5,2015-03-26
15419,2015-04-08 10:30:00,2015-04-08,0.3798,0.0,0.0,274.0,0.3798,0.3798,0.3798,10000105,2015-05-27,2015-05-27,C,2.5,2015-03-26
15420,2015-04-08 10:31:00,2015-04-08,0.3798,0.0,0.0,274.0,0.3798,0.3798,0.3798,10000105,2015-05-27,2015-05-27,C,2.5,2015-03-26
15421,2015-04-08 10:32:00,2015-04-08,0.3798,0.0,0.0,274.0,0.3798,0.3798,0.3798,10000105,2015-05-27,2015-05-27,C,2.5,2015-03-26
15422,2015-04-08 10:33:00,2015-04-08,0.3898,19490.0,5.0,274.0,0.3898,0.3898,0.3898,10000105,2015-05-27,2015-05-27,C,2.5,2015-03-26
15423,2015-04-08 10:34:00,2015-04-08,0.3898,0.0,0.0,274.0,0.3898,0.3898,0.3898,10000105,2015-05-27,2015-05-27,C,2.5,2015-03-26
15424,2015-04-08 10:35:00,2015-04-08,0.392,19600.0,5.0,274.0,0.392,0.392,0.392,10000105,2015-05-27,2015-05-27,C,2.5,2015-03-26
15425,2015-04-08 10:36:00,2015-04-08,0.392,0.0,0.0,274.0,0.392,0.392,0.392,10000105,2015-05-27,2015-05-27,C,2.5,2015-03-26
15426,2015-04-08 10:37:00,2015-04-08,0.392,0.0,0.0,274.0,0.392,0.392,0.392,10000105,2015-05-27,2015-05-27,C,2.5,2015-03-26
15427,2015-04-08 10:38:00,2015-04-08,0.392,0.0,0.0,274.0,0.392,0.392,0.392,10000105,2015-05-27,2015-05-27,C,2.5,2015-03-26
15428,2015-04-08 10:39:00,2015-04-08,0.392,0.0,0.0,274.0,0.392,0.392,0.392,10000105,2015-05-27,2015-05-27,C,2.5,2015-03-26
15429,2015-04-08 10:40:00,2015-04-08,0.392,0.0,0.0,274.0,0.392,0.392,0.392,10000105,2015-05-27,2015-05-27,C,2.5,2015-03-26
15430,2015-04-08 10:41:00,2015-04-08,0.392,0.0,0.0,274.0,0.392,0.392,0.392,10000105,2015-05-27,2015-05-27,C,2.5,2015-03-26
15431,2015-04-08 10:42:00,2015-04-08,0.392,0.0,0.0,274.0,0.392,0.392,0.392,10000105,2015-05-27,2015-05-27,C,2.5,2015-03-26
15432,2015-04-08 10:43:00,2015-04-08,0.392,0.0,0.0,274.0,0.392,0.392,0.392,10000105,2015-05-27,2015-05-27,C,2.5,2015-03-26
15433,2015-04-08 10:44:00,2015-04-08,0.392,0.0,0.0,274.0,0.392,0.392,0.392,10000105,2015-05-27,2015-05-27,C,2.5,2015-03-26
15434,2015-04-08 10:45:00,2015-04-08,0.392,0.0,0.0,274.0,0.392,0.392,0.392,10000105,2015-05-27,2015-05-27,C,2.5,2015-03-26
15435,2015-04-08 10:46:00,2015-04-08,0.3961,3961.0,1.0,273.0,0.3961,0.3961,0.3961,10000105,2015-05-27,2015-05-27,C,2.5,2015-03-26
15436,2015-04-08 10:47:00,2015-04-08,0.3961,0.0,0.0,273.0,0.3961,0.3961,0.3961,10000105,2015-05-27,2015-05-27,C,2.5,2015-03-26
15437,2015-04-08 10:48:00,2015-04-08,0.3961,0.0,0.0,273.0,0.3961,0.3961,0.3961,10000105,2015-05-27,2015-05-27,C,2.5,2015-03-26
15438,2015-04-08 10:49:00,2015-04-08,0.3961,0.0,0.0,273.0,0.3961,0.3961,0.3961,10000105,2015-05-27,2015-05-27,C,2.5,2015-03-26
15439,2015-04-08 10:50:00,2015-04-08,0.3889,3889.0,1.0,274.0,0.3889,0.3889,0.3889,10000105,2015-05-27,2015-05-27,C,2.5,2015-03-26
15440,2015-04-08 10:51:00,2015-04-08,0.3889,0.0,0.0,274.0,0.3889,0.3889,0.3889,10000105,2015-05-27,2015-05-27,C,2.5,2015-03-26
15441,2015-04-08 10:52:00,2015-04-08,0.3889,0.0,0.0,274.0,0.3889,0.3889,0.3889,10000105,2015-05-27,2015-05-27,C,2.5,2015-03-26
15442,2015-04-08 10:53:00,2015-04-08,0.3889,0.0,0.0,274.0,0.3889,0.3889,0.3889,10000105,2015-05-27,2015-05-27,C,2.5,2015-03-26
15443,2015-04-08 10:54:00,2015-04-08,0.3889,0.0,0.0,274.0,0.3889,0.3889,0.3889,10000105,2015-05-27,2015-05-27,C,2.5,2015-03-26
15444,2015-04-08 10:55:00,2015-04-08,0.3889,0.0,0.0,274.0,0.3889,0.3889,0.3889,10000105,2015-05-27,2015-05-27,C,2.5,2015-03-26
15445,2015-04-08 10:56:00,2015-04-08,0.3889,0.0,0.0,274.0,0.3889,0.3889,0.3889,10000105,2015-05-27,2015-05-27,C,2.5,2015-03-26
15446,2015-04-08 10:57:00,2015-04-08,0.3889,0.0,0.0,274.0,0.3889,0.3889,0.3889,10000105,2015-05-27,2015-05-27,C,2.5,2015-03-26
15447,2015-04-08 10:58:00,2015-04-08,0.3889,0.0,0.0,274.0,0.3889,0.3889,0.3889,10000105,2015-05-27,2015-05-27,C,2.5,2015-03-26
15448,2015-04-08 10:59:00,2015-04-08,0.3889,0.0,0.0,274.0,0.3889,0.3889,0.3889,10000105,2015-05-27,2015-05-27,C,2.5,2015-03-26
15449,2015-04-08 11:00:00,2015-04-08,0.3889,0.0,0.0,274.0,0.3889,0.3889,0.3889,10000105,2015-05-27,2015-05-27,C,2.5,2015-03-26
15450,2015-04-08 11:01:00,2015-04-08,0.3889,0.0,0.0,274.0,0.3889,0.3889,0.3889,10000105,2015-05-27,2015-05-27,C,2.5,2015-03-26
15451,2015-04-08 11:02:00,2015-04-08,0.3889,0.0,0.0,274.0,0.3889,0.3889,0.3889,10000105,2015-05-27,2015-05-27,C,2.5,2015-03-26
15452,2015-04-08 11:03:00,2015-04-08,0.3889,0.0,0.0,274.0,0.3889,0.3889,0.3889,10000105,2015-05-27,2015-05-27,C,2.5,2015-03-26
15453,2015-04-08 11:04:00,2015-04-08,0.3889,0.0,0.0,274.0,0.3889,0.3889,0.3889,10000105,2015-05-27,2015-05-27,C,2.5,2015-03-26
15454,2015-04-08 11:05:00,2015-04-08,0.3889,0.0,0.0,274.0,0.3889,0.3889,0.3889,10000105,2015-05-27,2015-05-27,C,2.5,2015-03-26
15455,2015-04-08 11:06:00,2015-04-08,0.3889,0.0,0.0,274.0,0.3889,0.3889,0.3889,10000105,2015-05-27,2015-05-27,C,2.5,2015-03-26
15456,2015-04-08 11:07:00,2015-04-08,0.3889,0.0,0.0,274.0,0.3889,0.3889,0.3889,10000105,2015-05-27,2015-05-27,C,2.5,2015-03-26
15457,2015-04-08 11:08:00,2015-04-08,0.3889,0.0,0.0,274.0,0.3889,0.3889,0.3889,10000105,2015-05-27,2015-05-27,C,2.5,2015-03-26
15458,2015-04-08 11:09:00,2015-04-08,0.3889,0.0,0.0,274.0,0.3889,0.3889,0.3889,10000105,2015-05-27,2015-05-27,C,2.5,2015-03-26
15459,2015-04-08 11:10:00,2015-04-08,0.3889,0.0,0.0,274.0,0.3889,0.3889,0.3889,10000105,2015-05-27,2015-05-27,C,2.5,2015-03-26
15460,2015-04-08 11:11:00,2015-04-08,0.3889,0.0,0.0,274.0,0.3889,0.3889,0.3889,10000105,2015-05-27,2015-05-27,C,2.5,2015-03-26
15461,2015-04-08 11:12:00,2015-04-08,0.3889,0.0,0.0,274.0,0.3889,0.3889,0.3889,10000105,2015-05-27,2015-05-27,C,2.5,2015-03-26
15462,2015-04-08 11:13:00,2015-04-08,0.3889,0.0,0.0,274.0,0.3889,0.3889,0.3889,10000105,2015-05-27,2015-05-27,C,2.5,2015-03-26
15463,2015-04-08 11:14:00,2015-04-08,0.3889,0.0,0.0,274.0,0.3889,0.3889,0.3889,10000105,2015-05-27,2015-05-27,C,2.5,2015-03-26
15464,2015-04-08 11:15:00,2015-04-08,0.3889,0.0,0.0,274.0,0.3889,0.3889,0.3889,10000105,2015-05-27,2015-05-27,C,2.5,2015-03-26
15465,2015-04-08 11:16:00,2015-04-08,0.3889,0.0,0.0,274.0,0.3889,0.3889,0.3889,10000105,2015-05-27,2015-05-27,C,2.5,2015-03-26
15466,2015-04-08 11:17:00,2015-04-08,0.3889,0.0,0.0,274.0,0.3889,0.3889,0.3889,10000105,2015-05-27,2015-05-27,C,2.5,2015-03-26
15467,2015-04-08 11:18:00,2015-04-08,0.3889,0.0,0.0,274.0,0.3889,0.3889,0.3889,10000105,2015-05-27,2015-05-27,C,2.5,2015-03-26
15468,2015-04-08 11:19:00,2015-04-08,0.3889,0.0,0.0,274.0,0.3889,0.3889,0.3889,10000105,2015-05-27,2015-05-27,C,2.5,2015-03-26
15469,2015-04-08 11:20:00,2015-04-08,0.3889,0.0,0.0,274.0,0.3889,0.3889,0.3889,10000105,2015-05-27,2015-05-27,C,2.5,2015-03-26
15470,2015-04-08 11:21:00,2015-04-08,0.3889,0.0,0.0,274.0,0.3889,0.3889,0.3889,10000105,2015-05-27,2015-05-27,C,2.5,2015-03-26
15471,2015-04-08 11:22:00,2015-04-08,0.3889,0.0,0.0,274.0,0.3889,0.3889,0.3889,10000105,2015-05-27,2015-05-27,C,2.5,2015-03-26
15472,2015-04-08 11:23:00,2015-04-08,0.3889,0.0,0.0,274.0,0.3889,0.3889,0.3889,10000105,2015-05-27,2015-05-27,C,2.5,2015-03-26
15473,2015-04-08 11:24:00,2015-04-08,0.3889,0.0,0.0,274.0,0.3889,0.3889,0.3889,10000105,2015-05-27,2015-05-27,C,2.5,2015-03-26
15474,2015-04-08 11:25:00,2015-04-08,0.3889,0.0,0.0,274.0,0.3889,0.3889,0.3889,10000105,2015-05-27,2015-05-27,C,2.5,2015-03-26
15475,2015-04-08 11:26:00,2015-04-08,0.3889,0.0,0.0,274.0,0.3889,0.3889,0.3889,10000105,2015-05-27,2015-05-27,C,2.5,2015-03-26
15476,2015-04-08 11:27:00,2015-04-08,0.3889,0.0,0.0,274.0,0.3889,0.3889,0.3889,10000105,2015-05-27,2015-05-27,C,2.5,2015-03-26
15477,2015-04-08 11:28:00,2015-04-08,0.3889,0.0,0.0,274.0,0.3889,0.3889,0.3889,10000105,2015-05-27,2015-05-27,C,2.5,2015-03-26
15478,2015-04-08 11:29:00,2015-04-08,0.3889,0.0,0.0,274.0,0.3889,0.3889,0.3889,10000105,2015-05-27,2015-05-27,C,2.5,2015-03-26
15479,2015-04-08 11:30:00,2015-04-08,0.3889,0.0,0.0,274.0,0.3889,0.3889,0.3889,10000105,2015-05-27,2015-05-27,C,2.5,2015-03-26
15480,2015-04-08 13:01:00,2015-04-08,0.4056,28336.0,7.0,274.0,0.4028,0.4056,0.4028,10000105,2015-05-27,2015-05-27,C,2.5,2015-03-26
15481,2015-04-08 13:02:00,2015-04-08,0.4056,0.0,0.0,274.0,0.4056,0.4056,0.4056,10000105,2015-05-27,2015-05-27,C,2.5,2015-03-26
15482,2015-04-08 13:03:00,2015-04-08,0.4056,0.0,0.0,274.0,0.4056,0.4056,0.4056,10000105,2015-05-27,2015-05-27,C,2.5,2015-03-26
15483,2015-04-08 13:04:00,2015-04-08,0.4086,40860.0,10.0,274.0,0.4086,0.4086,0.4086,10000105,2015-05-27,2015-05-27,C,2.5,2015-03-26
15484,2015-04-08 13:05:00,2015-04-08,0.4109,28745.0,7.0,272.0,0.41,0.4109,0.41,10000105,2015-05-27,2015-05-27,C,2.5,2015-03-26
15485,2015-04-08 13:06:00,2015-04-08,0.4109,0.0,0.0,272.0,0.4109,0.4109,0.4109,10000105,2015-05-27,2015-05-27,C,2.5,2015-03-26
15486,2015-04-08 13:07:00,2015-04-08,0.4109,0.0,0.0,272.0,0.4109,0.4109,0.4109,10000105,2015-05-27,2015-05-27,C,2.5,2015-03-26
15487,2015-04-08 13:08:00,2015-04-08,0.4109,0.0,0.0,272.0,0.4109,0.4109,0.4109,10000105,2015-05-27,2015-05-27,C,2.5,2015-03-26
15488,2015-04-08 13:09:00,2015-04-08,0.4109,0.0,0.0,272.0,0.4109,0.4109,0.4109,10000105,2015-05-27,2015-05-27,C,2.5,2015-03-26
15489,2015-04-08 13:10:00,2015-04-08,0.4109,0.0,0.0,272.0,0.4109,0.4109,0.4109,10000105,2015-05-27,2015-05-27,C,2.5,2015-03-26
15490,2015-04-08 13:11:00,2015-04-08,0.4028,24168.0,6.0,278.0,0.4028,0.4028,0.4028,10000105,2015-05-27,2015-05-27,C,2.5,2015-03-26
15491,2015-04-08 13:12:00,2015-04-08,0.4028,0.0,0.0,278.0,0.4028,0.4028,0.4028,10000105,2015-05-27,2015-05-27,C,2.5,2015-03-26
15492,2015-04-08 13:13:00,2015-04-08,0.4028,0.0,0.0,278.0,0.4028,0.4028,0.4028,10000105,2015-05-27,2015-05-27,C,2.5,2015-03-26
15493,2015-04-08 13:14:00,2015-04-08,0.4028,0.0,0.0,278.0,0.4028,0.4028,0.4028,10000105,2015-05-27,2015-05-27,C,2.5,2015-03-26
15494,2015-04-08 13:15:00,2015-04-08,0.4028,0.0,0.0,278.0,0.4028,0.4028,0.4028,10000105,2015-05-27,2015-05-27,C,2.5,2015-03-26
15495,2015-04-08 13:16:00,2015-04-08,0.4028,0.0,0.0,278.0,0.4028,0.4028,0.4028,10000105,2015-05-27,2015-05-27,C,2.5,2015-03-26
15496,2015-04-08 13:17:00,2015-04-08,0.4028,0.0,0.0,278.0,0.4028,0.4028,0.4028,10000105,2015-05-27,2015-05-27,C,2.5,2015-03-26
15497,2015-04-08 13:18:00,2015-04-08,0.4205,62625.0,15.0,268.0,0.416,0.4205,0.416,10000105,2015-05-27,2015-05-27,C,2.5,2015-03-26
15498,2015-04-08 13:19:00,2015-04-08,0.4205,0.0,0.0,268.0,0.4205,0.4205,0.4205,10000105,2015-05-27,2015-05-27,C,2.5,2015-03-26
15499,2015-04-08 13:20:00,2015-04-08,0.4205,0.0,0.0,268.0,0.4205,0.4205,0.4205,10000105,2015-05-27,2015-05-27,C,2.5,2015-03-26
15500,2015-04-08 13:21:00,2015-04-08,0.4205,0.0,0.0,268.0,0.4205,0.4205,0.4205,10000105,2015-05-27,2015-05-27,C,2.5,2015-03-26
15501,2015-04-08 13:22:00,2015-04-08,0.4205,0.0,0.0,268.0,0.4205,0.4205,0.4205,10000105,2015-05-27,2015-05-27,C,2.5,2015-03-26
15502,2015-04-08 13:23:00,2015-04-08,0.4205,0.0,0.0,268.0,0.4205,0.4205,0.4205,10000105,2015-05-27,2015-05-27,C,2.5,2015-03-26
15503,2015-04-08 13:24:00,2015-04-08,0.4205,0.0,0.0,268.0,0.4205,0.4205,0.4205,10000105,2015-05-27,2015-05-27,C,2.5,2015-03-26
15504,2015-04-08 13:25:00,2015-04-08,0.4205,0.0,0.0,268.0,0.4205,0.4205,0.4205,10000105,2015-05-27,2015-05-27,C,2.5,2015-03-26
15505,2015-04-08 13:26:00,2015-04-08,0.4205,0.0,0.0,268.0,0.4205,0.4205,0.4205,10000105,2015-05-27,2015-05-27,C,2.5,2015-03-26
15506,2015-04-08 13:27:00,2015-04-08,0.4205,0.0,0.0,268.0,0.4205,0.4205,0.4205,10000105,2015-05-27,2015-05-27,C,2.5,2015-03-26
15507,2015-04-08 13:28:00,2015-04-08,0.4205,0.0,0.0,268.0,0.4205,0.4205,0.4205,10000105,2015-05-27,2015-05-27,C,2.5,2015-03-26
15508,2015-04-08 13:29:00,2015-04-08,0.4205,0.0,0.0,268.0,0.4205,0.4205,0.4205,10000105,2015-05-27,2015-05-27,C,2.5,2015-03-26
15509,2015-04-08 13:30:00,2015-04-08,0.4205,0.0,0.0,268.0,0.4205,0.4205,0.4205,10000105,2015-05-27,2015-05-27,C,2.5,2015-03-26
15510,2015-04-08 13:31:00,2015-04-08,0.43,55660.0,13.0,255.0,0.424,0.43,0.424,10000105,2015-05-27,2015-05-27,C,2.5,2015-03-26
15511,2015-04-08 13:32:00,2015-04-08,0.43,0.0,0.0,255.0,0.43,0.43,0.43,10000105,2015-05-27,2015-05-27,C,2.5,2015-03-26
15512,2015-04-08 13:33:00,2015-04-08,0.43,0.0,0.0,255.0,0.43,0.43,0.43,10000105,2015-05-27,2015-05-27,C,2.5,2015-03-26
15513,2015-04-08 13:34:00,2015-04-08,0.43,0.0,0.0,255.0,0.43,0.43,0.43,10000105,2015-05-27,2015-05-27,C,2.5,2015-03-26
15514,2015-04-08 13:35:00,2015-04-08,0.43,0.0,0.0,255.0,0.43,0.43,0.43,10000105,2015-05-27,2015-05-27,C,2.5,2015-03-26
15515,2015-04-08 13:36:00,2015-04-08,0.43,0.0,0.0,255.0,0.43,0.43,0.43,10000105,2015-05-27,2015-05-27,C,2.5,2015-03-26
15516,2015-04-08 13:37:00,2015-04-08,0.43,0.0,0.0,255.0,0.43,0.43,0.43,10000105,2015-05-27,2015-05-27,C,2.5,2015-03-26
15517,2015-04-08 13:38:00,2015-04-08,0.43,0.0,0.0,255.0,0.43,0.43,0.43,10000105,2015-05-27,2015-05-27,C,2.5,2015-03-26
15518,2015-04-08 13:39:00,2015-04-08,0.43,0.0,0.0,255.0,0.43,0.43,0.43,10000105,2015-05-27,2015-05-27,C,2.5,2015-03-26
15519,2015-04-08 13:40:00,2015-04-08,0.43,0.0,0.0,255.0,0.43,0.43,0.43,10000105,2015-05-27,2015-05-27,C,2.5,2015-03-26
15520,2015-04-08 13:41:00,2015-04-08,0.43,0.0,0.0,255.0,0.43,0.43,0.43,10000105,2015-05-27,2015-05-27,C,2.5,2015-03-26
15521,2015-04-08 13:42:00,2015-04-08,0.43,0.0,0.0,255.0,0.43,0.43,0.43,10000105,2015-05-27,2015-05-27,C,2.5,2015-03-26
15522,2015-04-08 13:43:00,2015-04-08,0.43,0.0,0.0,255.0,0.43,0.43,0.43,10000105,2015-05-27,2015-05-27,C,2.5,2015-03-26
15523,2015-04-08 13:44:00,2015-04-08,0.43,0.0,0.0,255.0,0.43,0.43,0.43,10000105,2015-05-27,2015-05-27,C,2.5,2015-03-26
15524,2015-04-08 13:45:00,2015-04-08,0.43,0.0,0.0,255.0,0.43,0.43,0.43,10000105,2015-05-27,2015-05-27,C,2.5,2015-03-26
15525,2015-04-08 13:46:00,2015-04-08,0.43,0.0,0.0,255.0,0.43,0.43,0.43,10000105,2015-05-27,2015-05-27,C,2.5,2015-03-26
15526,2015-04-08 13:47:00,2015-04-08,0.43,0.0,0.0,255.0,0.43,0.43,0.43,10000105,2015-05-27,2015-05-27,C,2.5,2015-03-26
15527,2015-04-08 13:48:00,2015-04-08,0.43,0.0,0.0,255.0,0.43,0.43,0.43,10000105,2015-05-27,2015-05-27,C,2.5,2015-03-26
15528,2015-04-08 13:49:00,2015-04-08,0.43,0.0,0.0,255.0,0.43,0.43,0.43,10000105,2015-05-27,2015-05-27,C,2.5,2015-03-26
15529,2015-04-08 13:50:00,2015-04-08,0.43,0.0,0.0,255.0,0.43,0.43,0.43,10000105,2015-05-27,2015-05-27,C,2.5,2015-03-26
15530,2015-04-08 13:51:00,2015-04-08,0.43,0.0,0.0,255.0,0.43,0.43,0.43,10000105,2015-05-27,2015-05-27,C,2.5,2015-03-26
15531,2015-04-08 13:52:00,2015-04-08,0.43,0.0,0.0,255.0,0.43,0.43,0.43,10000105,2015-05-27,2015-05-27,C,2.5,2015-03-26
15532,2015-04-08 13:53:00,2015-04-08,0.43,0.0,0.0,255.0,0.43,0.43,0.43,10000105,2015-05-27,2015-05-27,C,2.5,2015-03-26
15533,2015-04-08 13:54:00,2015-04-08,0.43,0.0,0.0,255.0,0.43,0.43,0.43,10000105,2015-05-27,2015-05-27,C,2.5,2015-03-26
15534,2015-04-08 13:55:00,2015-04-08,0.43,0.0,0.0,255.0,0.43,0.43,0.43,10000105,2015-05-27,2015-05-27,C,2.5,2015-03-26
15535,2015-04-08 13:56:00,2015-04-08,0.43,0.0,0.0,255.0,0.43,0.43,0.43,10000105,2015-05-27,2015-05-27,C,2.5,2015-03-26
15536,2015-04-08 13:57:00,2015-04-08,0.43,0.0,0.0,255.0,0.43,0.43,0.43,10000105,2015-05-27,2015-05-27,C,2.5,2015-03-26
15537,2015-04-08 13:58:00,2015-04-08,0.43,0.0,0.0,255.0,0.43,0.43,0.43,10000105,2015-05-27,2015-05-27,C,2.5,2015-03-26
15538,2015-04-08 13:59:00,2015-04-08,0.43,0.0,0.0,255.0,0.43,0.43,0.43,10000105,2015-05-27,2015-05-27,C,2.5,2015-03-26
15539,2015-04-08 14:00:00,2015-04-08,0.43,0.0,0.0,255.0,0.43,0.43,0.43,10000105,2015-05-27,2015-05-27,C,2.5,2015-03-26
15540,2015-04-08 14:01:00,2015-04-08,0.43,0.0,0.0,255.0,0.43,0.43,0.43,10000105,2015-05-27,2015-05-27,C,2.5,2015-03-26
15541,2015-04-08 14:02:00,2015-04-08,0.43,0.0,0.0,255.0,0.43,0.43,0.43,10000105,2015-05-27,2015-05-27,C,2.5,2015-03-26
15542,2015-04-08 14:03:00,2015-04-08,0.43,0.0,0.0,255.0,0.43,0.43,0.43,10000105,2015-05-27,2015-05-27,C,2.5,2015-03-26
15543,2015-04-08 14:04:00,2015-04-08,0.43,0.0,0.0,255.0,0.43,0.43,0.43,10000105,2015-05-27,2015-05-27,C,2.5,2015-03-26
15544,2015-04-08 14:05:00,2015-04-08,0.43,0.0,0.0,255.0,0.43,0.43,0.43,10000105,2015-05-27,2015-05-27,C,2.5,2015-03-26
15545,2015-04-08 14:06:00,2015-04-08,0.43,0.0,0.0,255.0,0.43,0.43,0.43,10000105,2015-05-27,2015-05-27,C,2.5,2015-03-26
15546,2015-04-08 14:07:00,2015-04-08,0.43,0.0,0.0,255.0,0.43,0.43,0.43,10000105,2015-05-27,2015-05-27,C,2.5,2015-03-26
15547,2015-04-08 14:08:00,2015-04-08,0.43,0.0,0.0,255.0,0.43,0.43,0.43,10000105,2015-05-27,2015-05-27,C,2.5,2015-03-26
15548,2015-04-08 14:09:00,2015-04-08,0.43,0.0,0.0,255.0,0.43,0.43,0.43,10000105,2015-05-27,2015-05-27,C,2.5,2015-03-26
15549,2015-04-08 14:10:00,2015-04-08,0.43,0.0,0.0,255.0,0.43,0.43,0.43,10000105,2015-05-27,2015-05-27,C,2.5,2015-03-26
15550,2015-04-08 14:11:00,2015-04-08,0.43,8600.0,2.0,257.0,0.43,0.43,0.43,10000105,2015-05-27,2015-05-27,C,2.5,2015-03-26
15551,2015-04-08 14:12:00,2015-04-08,0.43,0.0,0.0,257.0,0.43,0.43,0.43,10000105,2015-05-27,2015-05-27,C,2.5,2015-03-26
15552,2015-04-08 14:13:00,2015-04-08,0.43,0.0,0.0,257.0,0.43,0.43,0.43,10000105,2015-05-27,2015-05-27,C,2.5,2015-03-26
15553,2015-04-08 14:14:00,2015-04-08,0.43,0.0,0.0,257.0,0.43,0.43,0.43,10000105,2015-05-27,2015-05-27,C,2.5,2015-03-26
15554,2015-04-08 14:15:00,2015-04-08,0.43,0.0,0.0,257.0,0.43,0.43,0.43,10000105,2015-05-27,2015-05-27,C,2.5,2015-03-26
15555,2015-04-08 14:16:00,2015-04-08,0.43,0.0,0.0,257.0,0.43,0.43,0.43,10000105,2015-05-27,2015-05-27,C,2.5,2015-03-26
15556,2015-04-08 14:17:00,2015-04-08,0.43,0.0,0.0,257.0,0.43,0.43,0.43,10000105,2015-05-27,2015-05-27,C,2.5,2015-03-26
15557,2015-04-08 14:18:00,2015-04-08,0.43,0.0,0.0,257.0,0.43,0.43,0.43,10000105,2015-05-27,2015-05-27,C,2.5,2015-03-26
15558,2015-04-08 14:19:00,2015-04-08,0.43,0.0,0.0,257.0,0.43,0.43,0.43,10000105,2015-05-27,2015-05-27,C,2.5,2015-03-26
15559,2015-04-08 14:20:00,2015-04-08,0.43,0.0,0.0,257.0,0.43,0.43,0.43,10000105,2015-05-27,2015-05-27,C,2.5,2015-03-26
15560,2015-04-08 14:21:00,2015-04-08,0.43,0.0,0.0,257.0,0.43,0.43,0.43,10000105,2015-05-27,2015-05-27,C,2.5,2015-03-26
15561,2015-04-08 14:22:00,2015-04-08,0.43,0.0,0.0,257.0,0.43,0.43,0.43,10000105,2015-05-27,2015-05-27,C,2.5,2015-03-26
15562,2015-04-08 14:23:00,2015-04-08,0.43,0.0,0.0,257.0,0.43,0.43,0.43,10000105,2015-05-27,2015-05-27,C,2.5,2015-03-26
15563,2015-04-08 14:24:00,2015-04-08,0.43,0.0,0.0,257.0,0.43,0.43,0.43,10000105,2015-05-27,2015-05-27,C,2.5,2015-03-26
15564,2015-04-08 14:25:00,2015-04-08,0.43,0.0,0.0,257.0,0.43,0.43,0.43,10000105,2015-05-27,2015-05-27,C,2.5,2015-03-26
15565,2015-04-08 14:26:00,2015-04-08,0.43,0.0,0.0,257.0,0.43,0.43,0.43,10000105,2015-05-27,2015-05-27,C,2.5,2015-03-26
15566,2015-04-08 14:27:00,2015-04-08,0.43,0.0,0.0,257.0,0.43,0.43,0.43,10000105,2015-05-27,2015-05-27,C,2.5,2015-03-26
15567,2015-04-08 14:28:00,2015-04-08,0.405,40500.0,10.0,267.0,0.405,0.405,0.405,10000105,2015-05-27,2015-05-27,C,2.5,2015-03-26
15568,2015-04-08 14:29:00,2015-04-08,0.405,0.0,0.0,267.0,0.405,0.405,0.405,10000105,2015-05-27,2015-05-27,C,2.5,2015-03-26
15569,2015-04-08 14:30:00,2015-04-08,0.405,0.0,0.0,267.0,0.405,0.405,0.405,10000105,2015-05-27,2015-05-27,C,2.5,2015-03-26
15570,2015-04-08 14:31:00,2015-04-08,0.405,0.0,0.0,267.0,0.405,0.405,0.405,10000105,2015-05-27,2015-05-27,C,2.5,2015-03-26
15571,2015-04-08 14:32:00,2015-04-08,0.405,0.0,0.0,267.0,0.405,0.405,0.405,10000105,2015-05-27,2015-05-27,C,2.5,2015-03-26
15572,2015-04-08 14:33:00,2015-04-08,0.405,0.0,0.0,267.0,0.405,0.405,0.405,10000105,2015-05-27,2015-05-27,C,2.5,2015-03-26
15573,2015-04-08 14:34:00,2015-04-08,0.405,0.0,0.0,267.0,0.405,0.405,0.405,10000105,2015-05-27,2015-05-27,C,2.5,2015-03-26
15574,2015-04-08 14:35:00,2015-04-08,0.405,0.0,0.0,267.0,0.405,0.405,0.405,10000105,2015-05-27,2015-05-27,C,2.5,2015-03-26
15575,2015-04-08 14:36:00,2015-04-08,0.405,0.0,0.0,267.0,0.405,0.405,0.405,10000105,2015-05-27,2015-05-27,C,2.5,2015-03-26
15576,2015-04-08 14:37:00,2015-04-08,0.405,0.0,0.0,267.0,0.405,0.405,0.405,10000105,2015-05-27,2015-05-27,C,2.5,2015-03-26
15577,2015-04-08 14:38:00,2015-04-08,0.405,0.0,0.0,267.0,0.405,0.405,0.405,10000105,2015-05-27,2015-05-27,C,2.5,2015-03-26
15578,2015-04-08 14:39:00,2015-04-08,0.405,0.0,0.0,267.0,0.405,0.405,0.405,10000105,2015-05-27,2015-05-27,C,2.5,2015-03-26
15579,2015-04-08 14:40:00,2015-04-08,0.405,0.0,0.0,267.0,0.405,0.405,0.405,10000105,2015-05-27,2015-05-27,C,2.5,2015-03-26
15580,2015-04-08 14:41:00,2015-04-08,0.405,0.0,0.0,267.0,0.405,0.405,0.405,10000105,2015-05-27,2015-05-27,C,2.5,2015-03-26
15581,2015-04-08 14:42:00,2015-04-08,0.405,0.0,0.0,267.0,0.405,0.405,0.405,10000105,2015-05-27,2015-05-27,C,2.5,2015-03-26
15582,2015-04-08 14:43:00,2015-04-08,0.405,0.0,0.0,267.0,0.405,0.405,0.405,10000105,2015-05-27,2015-05-27,C,2.5,2015-03-26
15583,2015-04-08 14:44:00,2015-04-08,0.405,0.0,0.0,267.0,0.405,0.405,0.405,10000105,2015-05-27,2015-05-27,C,2.5,2015-03-26
15584,2015-04-08 14:45:00,2015-04-08,0.405,0.0,0.0,267.0,0.405,0.405,0.405,10000105,2015-05-27,2015-05-27,C,2.5,2015-03-26
15585,2015-04-08 14:46:00,2015-04-08,0.405,0.0,0.0,267.0,0.405,0.405,0.405,10000105,2015-05-27,2015-05-27,C,2.5,2015-03-26
15586,2015-04-08 14:47:00,2015-04-08,0.405,0.0,0.0,267.0,0.405,0.405,0.405,10000105,2015-05-27,2015-05-27,C,2.5,2015-03-26
15587,2015-04-08 14:48:00,2015-04-08,0.405,0.0,0.0,267.0,0.405,0.405,0.405,10000105,2015-05-27,2015-05-27,C,2.5,2015-03-26
15588,2015-04-08 14:49:00,2015-04-08,0.405,0.0,0.0,267.0,0.405,0.405,0.405,10000105,2015-05-27,2015-05-27,C,2.5,2015-03-26
15589,2015-04-08 14:50:00,2015-04-08,0.405,0.0,0.0,267.0,0.405,0.405,0.405,10000105,2015-05-27,2015-05-27,C,2.5,2015-03-26
15590,2015-04-08 14:51:00,2015-04-08,0.405,0.0,0.0,267.0,0.405,0.405,0.405,10000105,2015-05-27,2015-05-27,C,2.5,2015-03-26
15591,2015-04-08 14:52:00,2015-04-08,0.405,0.0,0.0,267.0,0.405,0.405,0.405,10000105,2015-05-27,2015-05-27,C,2.5,2015-03-26
15592,2015-04-08 14:53:00,2015-04-08,0.405,0.0,0.0,267.0,0.405,0.405,0.405,10000105,2015-05-27,2015-05-27,C,2.5,2015-03-26
15593,2015-04-08 14:54:00,2015-04-08,0.4227,21135.0,5.0,267.0,0.4227,0.4227,0.4227,10000105,2015-05-27,2015-05-27,C,2.5,2015-03-26
15594,2015-04-08 14:55:00,2015-04-08,0.4227,0.0,0.0,267.0,0.4227,0.4227,0.4227,10000105,2015-05-27,2015-05-27,C,2.5,2015-03-26
15595,2015-04-08 14:56:00,2015-04-08,0.4227,0.0,0.0,267.0,0.4227,0.4227,0.4227,10000105,2015-05-27,2015-05-27,C,2.5,2015-03-26
15596,2015-04-08 14:57:00,2015-04-08,0.4227,0.0,0.0,267.0,0.4227,0.4227,0.4227,10000105,2015-05-27,2015-05-27,C,2.5,2015-03-26
15597,2015-04-08 14:58:00,2015-04-08,0.4227,0.0,0.0,267.0,0.4227,0.4227,0.4227,10000105,2015-05-27,2015-05-27,C,2.5,2015-03-26
15598,2015-04-08 14:59:00,2015-04-08,0.4227,0.0,0.0,267.0,0.4227,0.4227,0.4227,10000105,2015-05-27,2015-05-27,C,2.5,2015-03-26
15599,2015-04-08 15:00:00,2015-04-08,0.4227,0.0,0.0,267.0,0.4227,0.4227,0.4227,10000105,2015-05-27,2015-05-27,C,2.5,2015-03-26
15600,2015-04-08 09:31:00,2015-04-08,0.3297,0.0,0.0,0.0,0.3297,0.3297,0.3297,10000061,2015-06-24,2015-06-24,C,2.55,2015-02-27
15601,2015-04-08 09:32:00,2015-04-08,0.3297,0.0,0.0,0.0,0.3297,0.3297,0.3297,10000061,2015-06-24,2015-06-24,C,2.55,2015-02-27
15602,2015-04-08 09:33:00,2015-04-08,0.3297,0.0,0.0,0.0,0.3297,0.3297,0.3297,10000061,2015-06-24,2015-06-24,C,2.55,2015-02-27
15603,2015-04-08 09:34:00,2015-04-08,0.3297,0.0,0.0,0.0,0.3297,0.3297,0.3297,10000061,2015-06-24,2015-06-24,C,2.55,2015-02-27
15604,2015-04-08 09:35:00,2015-04-08,0.3297,0.0,0.0,0.0,0.3297,0.3297,0.3297,10000061,2015-06-24,2015-06-24,C,2.55,2015-02-27
15605,2015-04-08 09:36:00,2015-04-08,0.3297,0.0,0.0,0.0,0.3297,0.3297,0.3297,10000061,2015-06-24,2015-06-24,C,2.55,2015-02-27
15606,2015-04-08 09:37:00,2015-04-08,0.3297,0.0,0.0,0.0,0.3297,0.3297,0.3297,10000061,2015-06-24,2015-06-24,C,2.55,2015-02-27
15607,2015-04-08 09:38:00,2015-04-08,0.3297,0.0,0.0,0.0,0.3297,0.3297,0.3297,10000061,2015-06-24,2015-06-24,C,2.55,2015-02-27
15608,2015-04-08 09:39:00,2015-04-08,0.3297,0.0,0.0,0.0,0.3297,0.3297,0.3297,10000061,2015-06-24,2015-06-24,C,2.55,2015-02-27
15609,2015-04-08 09:40:00,2015-04-08,0.3297,0.0,0.0,0.0,0.3297,0.3297,0.3297,10000061,2015-06-24,2015-06-24,C,2.55,2015-02-27
15610,2015-04-08 09:41:00,2015-04-08,0.3297,0.0,0.0,0.0,0.3297,0.3297,0.3297,10000061,2015-06-24,2015-06-24,C,2.55,2015-02-27
15611,2015-04-08 09:42:00,2015-04-08,0.3297,0.0,0.0,0.0,0.3297,0.3297,0.3297,10000061,2015-06-24,2015-06-24,C,2.55,2015-02-27
15612,2015-04-08 09:43:00,2015-04-08,0.3297,0.0,0.0,0.0,0.3297,0.3297,0.3297,10000061,2015-06-24,2015-06-24,C,2.55,2015-02-27
15613,2015-04-08 09:44:00,2015-04-08,0.3297,0.0,0.0,0.0,0.3297,0.3297,0.3297,10000061,2015-06-24,2015-06-24,C,2.55,2015-02-27
15614,2015-04-08 09:45:00,2015-04-08,0.3297,0.0,0.0,0.0,0.3297,0.3297,0.3297,10000061,2015-06-24,2015-06-24,C,2.55,2015-02-27
15615,2015-04-08 09:46:00,2015-04-08,0.3297,0.0,0.0,0.0,0.3297,0.3297,0.3297,10000061,2015-06-24,2015-06-24,C,2.55,2015-02-27
15616,2015-04-08 09:47:00,2015-04-08,0.3297,0.0,0.0,0.0,0.3297,0.3297,0.3297,10000061,2015-06-24,2015-06-24,C,2.55,2015-02-27
15617,2015-04-08 09:48:00,2015-04-08,0.3297,0.0,0.0,0.0,0.3297,0.3297,0.3297,10000061,2015-06-24,2015-06-24,C,2.55,2015-02-27
15618,2015-04-08 09:49:00,2015-04-08,0.3297,0.0,0.0,0.0,0.3297,0.3297,0.3297,10000061,2015-06-24,2015-06-24,C,2.55,2015-02-27
15619,2015-04-08 09:50:00,2015-04-08,0.3297,0.0,0.0,0.0,0.3297,0.3297,0.3297,10000061,2015-06-24,2015-06-24,C,2.55,2015-02-27
15620,2015-04-08 09:51:00,2015-04-08,0.3297,0.0,0.0,0.0,0.3297,0.3297,0.3297,10000061,2015-06-24,2015-06-24,C,2.55,2015-02-27
15621,2015-04-08 09:52:00,2015-04-08,0.3297,0.0,0.0,0.0,0.3297,0.3297,0.3297,10000061,2015-06-24,2015-06-24,C,2.55,2015-02-27
15622,2015-04-08 09:53:00,2015-04-08,0.3297,0.0,0.0,0.0,0.3297,0.3297,0.3297,10000061,2015-06-24,2015-06-24,C,2.55,2015-02-27
15623,2015-04-08 09:54:00,2015-04-08,0.3297,0.0,0.0,0.0,0.3297,0.3297,0.3297,10000061,2015-06-24,2015-06-24,C,2.55,2015-02-27
15624,2015-04-08 09:55:00,2015-04-08,0.3297,0.0,0.0,0.0,0.3297,0.3297,0.3297,10000061,2015-06-24,2015-06-24,C,2.55,2015-02-27
15625,2015-04-08 09:56:00,2015-04-08,0.3297,0.0,0.0,0.0,0.3297,0.3297,0.3297,10000061,2015-06-24,2015-06-24,C,2.55,2015-02-27
15626,2015-04-08 09:57:00,2015-04-08,0.3297,0.0,0.0,0.0,0.3297,0.3297,0.3297,10000061,2015-06-24,2015-06-24,C,2.55,2015-02-27
15627,2015-04-08 09:58:00,2015-04-08,0.3297,0.0,0.0,0.0,0.3297,0.3297,0.3297,10000061,2015-06-24,2015-06-24,C,2.55,2015-02-27
15628,2015-04-08 09:59:00,2015-04-08,0.3297,0.0,0.0,0.0,0.3297,0.3297,0.3297,10000061,2015-06-24,2015-06-24,C,2.55,2015-02-27
15629,2015-04-08 10:00:00,2015-04-08,0.3297,0.0,0.0,0.0,0.3297,0.3297,0.3297,10000061,2015-06-24,2015-06-24,C,2.55,2015-02-27
15630,2015-04-08 10:01:00,2015-04-08,0.3297,0.0,0.0,0.0,0.3297,0.3297,0.3297,10000061,2015-06-24,2015-06-24,C,2.55,2015-02-27
15631,2015-04-08 10:02:00,2015-04-08,0.3297,0.0,0.0,0.0,0.3297,0.3297,0.3297,10000061,2015-06-24,2015-06-24,C,2.55,2015-02-27
15632,2015-04-08 10:03:00,2015-04-08,0.3297,0.0,0.0,0.0,0.3297,0.3297,0.3297,10000061,2015-06-24,2015-06-24,C,2.55,2015-02-27
15633,2015-04-08 10:04:00,2015-04-08,0.3297,0.0,0.0,0.0,0.3297,0.3297,0.3297,10000061,2015-06-24,2015-06-24,C,2.55,2015-02-27
15634,2015-04-08 10:05:00,2015-04-08,0.3297,0.0,0.0,0.0,0.3297,0.3297,0.3297,10000061,2015-06-24,2015-06-24,C,2.55,2015-02-27
15635,2015-04-08 10:06:00,2015-04-08,0.3297,0.0,0.0,0.0,0.3297,0.3297,0.3297,10000061,2015-06-24,2015-06-24,C,2.55,2015-02-27
15636,2015-04-08 10:07:00,2015-04-08,0.3297,0.0,0.0,0.0,0.3297,0.3297,0.3297,10000061,2015-06-24,2015-06-24,C,2.55,2015-02-27
15637,2015-04-08 10:08:00,2015-04-08,0.3297,0.0,0.0,0.0,0.3297,0.3297,0.3297,10000061,2015-06-24,2015-06-24,C,2.55,2015-02-27
15638,2015-04-08 10:09:00,2015-04-08,0.3297,0.0,0.0,0.0,0.3297,0.3297,0.3297,10000061,2015-06-24,2015-06-24,C,2.55,2015-02-27
15639,2015-04-08 10:10:00,2015-04-08,0.3297,0.0,0.0,0.0,0.3297,0.3297,0.3297,10000061,2015-06-24,2015-06-24,C,2.55,2015-02-27
15640,2015-04-08 10:11:00,2015-04-08,0.3297,0.0,0.0,0.0,0.3297,0.3297,0.3297,10000061,2015-06-24,2015-06-24,C,2.55,2015-02-27
15641,2015-04-08 10:12:00,2015-04-08,0.3297,0.0,0.0,0.0,0.3297,0.3297,0.3297,10000061,2015-06-24,2015-06-24,C,2.55,2015-02-27
15642,2015-04-08 10:13:00,2015-04-08,0.3297,0.0,0.0,0.0,0.3297,0.3297,0.3297,10000061,2015-06-24,2015-06-24,C,2.55,2015-02-27
15643,2015-04-08 10:14:00,2015-04-08,0.3297,0.0,0.0,0.0,0.3297,0.3297,0.3297,10000061,2015-06-24,2015-06-24,C,2.55,2015-02-27
15644,2015-04-08 10:15:00,2015-04-08,0.3297,0.0,0.0,0.0,0.3297,0.3297,0.3297,10000061,2015-06-24,2015-06-24,C,2.55,2015-02-27
15645,2015-04-08 10:16:00,2015-04-08,0.3297,0.0,0.0,0.0,0.3297,0.3297,0.3297,10000061,2015-06-24,2015-06-24,C,2.55,2015-02-27
15646,2015-04-08 10:17:00,2015-04-08,0.3297,0.0,0.0,0.0,0.3297,0.3297,0.3297,10000061,2015-06-24,2015-06-24,C,2.55,2015-02-27
15647,2015-04-08 10:18:00,2015-04-08,0.3297,0.0,0.0,0.0,0.3297,0.3297,0.3297,10000061,2015-06-24,2015-06-24,C,2.55,2015-02-27
15648,2015-04-08 10:19:00,2015-04-08,0.3297,0.0,0.0,0.0,0.3297,0.3297,0.3297,10000061,2015-06-24,2015-06-24,C,2.55,2015-02-27
15649,2015-04-08 10:20:00,2015-04-08,0.3297,0.0,0.0,0.0,0.3297,0.3297,0.3297,10000061,2015-06-24,2015-06-24,C,2.55,2015-02-27
15650,2015-04-08 10:21:00,2015-04-08,0.3297,0.0,0.0,0.0,0.3297,0.3297,0.3297,10000061,2015-06-24,2015-06-24,C,2.55,2015-02-27
15651,2015-04-08 10:22:00,2015-04-08,0.3297,0.0,0.0,0.0,0.3297,0.3297,0.3297,10000061,2015-06-24,2015-06-24,C,2.55,2015-02-27
15652,2015-04-08 10:23:00,2015-04-08,0.3297,0.0,0.0,0.0,0.3297,0.3297,0.3297,10000061,2015-06-24,2015-06-24,C,2.55,2015-02-27
15653,2015-04-08 10:24:00,2015-04-08,0.3297,0.0,0.0,0.0,0.3297,0.3297,0.3297,10000061,2015-06-24,2015-06-24,C,2.55,2015-02-27
15654,2015-04-08 10:25:00,2015-04-08,0.3297,0.0,0.0,0.0,0.3297,0.3297,0.3297,10000061,2015-06-24,2015-06-24,C,2.55,2015-02-27
15655,2015-04-08 10:26:00,2015-04-08,0.3297,0.0,0.0,0.0,0.3297,0.3297,0.3297,10000061,2015-06-24,2015-06-24,C,2.55,2015-02-27
15656,2015-04-08 10:27:00,2015-04-08,0.3297,0.0,0.0,0.0,0.3297,0.3297,0.3297,10000061,2015-06-24,2015-06-24,C,2.55,2015-02-27
15657,2015-04-08 10:28:00,2015-04-08,0.3297,0.0,0.0,0.0,0.3297,0.3297,0.3297,10000061,2015-06-24,2015-06-24,C,2.55,2015-02-27
15658,2015-04-08 10:29:00,2015-04-08,0.3297,0.0,0.0,0.0,0.3297,0.3297,0.3297,10000061,2015-06-24,2015-06-24,C,2.55,2015-02-27
15659,2015-04-08 10:30:00,2015-04-08,0.3297,0.0,0.0,0.0,0.3297,0.3297,0.3297,10000061,2015-06-24,2015-06-24,C,2.55,2015-02-27
15660,2015-04-08 10:31:00,2015-04-08,0.3297,0.0,0.0,0.0,0.3297,0.3297,0.3297,10000061,2015-06-24,2015-06-24,C,2.55,2015-02-27
15661,2015-04-08 10:32:00,2015-04-08,0.3297,0.0,0.0,0.0,0.3297,0.3297,0.3297,10000061,2015-06-24,2015-06-24,C,2.55,2015-02-27
15662,2015-04-08 10:33:00,2015-04-08,0.3297,0.0,0.0,0.0,0.3297,0.3297,0.3297,10000061,2015-06-24,2015-06-24,C,2.55,2015-02-27
15663,2015-04-08 10:34:00,2015-04-08,0.3297,0.0,0.0,0.0,0.3297,0.3297,0.3297,10000061,2015-06-24,2015-06-24,C,2.55,2015-02-27
15664,2015-04-08 10:35:00,2015-04-08,0.3297,0.0,0.0,0.0,0.3297,0.3297,0.3297,10000061,2015-06-24,2015-06-24,C,2.55,2015-02-27
15665,2015-04-08 10:36:00,2015-04-08,0.3297,0.0,0.0,0.0,0.3297,0.3297,0.3297,10000061,2015-06-24,2015-06-24,C,2.55,2015-02-27
15666,2015-04-08 10:37:00,2015-04-08,0.3297,0.0,0.0,0.0,0.3297,0.3297,0.3297,10000061,2015-06-24,2015-06-24,C,2.55,2015-02-27
15667,2015-04-08 10:38:00,2015-04-08,0.3297,0.0,0.0,0.0,0.3297,0.3297,0.3297,10000061,2015-06-24,2015-06-24,C,2.55,2015-02-27
15668,2015-04-08 10:39:00,2015-04-08,0.3297,0.0,0.0,0.0,0.3297,0.3297,0.3297,10000061,2015-06-24,2015-06-24,C,2.55,2015-02-27
15669,2015-04-08 10:40:00,2015-04-08,0.3297,0.0,0.0,0.0,0.3297,0.3297,0.3297,10000061,2015-06-24,2015-06-24,C,2.55,2015-02-27
15670,2015-04-08 10:41:00,2015-04-08,0.3297,0.0,0.0,0.0,0.3297,0.3297,0.3297,10000061,2015-06-24,2015-06-24,C,2.55,2015-02-27
15671,2015-04-08 10:42:00,2015-04-08,0.3297,0.0,0.0,0.0,0.3297,0.3297,0.3297,10000061,2015-06-24,2015-06-24,C,2.55,2015-02-27
15672,2015-04-08 10:43:00,2015-04-08,0.3838,-116812.0,-30.0,393.0,0.3838,0.3838,0.3838,10000061,2015-06-24,2015-06-24,C,2.55,2015-02-27
15673,2015-04-08 10:44:00,2015-04-08,0.3838,0.0,0.0,393.0,0.3838,0.3838,0.3838,10000061,2015-06-24,2015-06-24,C,2.55,2015-02-27
15674,2015-04-08 10:45:00,2015-04-08,0.3838,0.0,0.0,393.0,0.3838,0.3838,0.3838,10000061,2015-06-24,2015-06-24,C,2.55,2015-02-27
15675,2015-04-08 10:46:00,2015-04-08,0.3838,0.0,0.0,393.0,0.3838,0.3838,0.3838,10000061,2015-06-24,2015-06-24,C,2.55,2015-02-27
15676,2015-04-08 10:47:00,2015-04-08,0.3838,0.0,0.0,393.0,0.3838,0.3838,0.3838,10000061,2015-06-24,2015-06-24,C,2.55,2015-02-27
15677,2015-04-08 10:48:00,2015-04-08,0.3838,0.0,0.0,393.0,0.3838,0.3838,0.3838,10000061,2015-06-24,2015-06-24,C,2.55,2015-02-27
15678,2015-04-08 10:49:00,2015-04-08,0.3838,0.0,0.0,393.0,0.3838,0.3838,0.3838,10000061,2015-06-24,2015-06-24,C,2.55,2015-02-27
15679,2015-04-08 10:50:00,2015-04-08,0.3838,0.0,0.0,393.0,0.3838,0.3838,0.3838,10000061,2015-06-24,2015-06-24,C,2.55,2015-02-27
15680,2015-04-08 10:51:00,2015-04-08,0.3838,0.0,0.0,393.0,0.3838,0.3838,0.3838,10000061,2015-06-24,2015-06-24,C,2.55,2015-02-27
15681,2015-04-08 10:52:00,2015-04-08,0.3838,0.0,0.0,393.0,0.3838,0.3838,0.3838,10000061,2015-06-24,2015-06-24,C,2.55,2015-02-27
15682,2015-04-08 10:53:00,2015-04-08,0.3838,0.0,0.0,393.0,0.3838,0.3838,0.3838,10000061,2015-06-24,2015-06-24,C,2.55,2015-02-27
15683,2015-04-08 10:54:00,2015-04-08,0.3838,0.0,0.0,393.0,0.3838,0.3838,0.3838,10000061,2015-06-24,2015-06-24,C,2.55,2015-02-27
15684,2015-04-08 10:55:00,2015-04-08,0.3838,0.0,0.0,393.0,0.3838,0.3838,0.3838,10000061,2015-06-24,2015-06-24,C,2.55,2015-02-27
15685,2015-04-08 10:56:00,2015-04-08,0.3838,0.0,0.0,393.0,0.3838,0.3838,0.3838,10000061,2015-06-24,2015-06-24,C,2.55,2015-02-27
15686,2015-04-08 10:57:00,2015-04-08,0.3838,0.0,0.0,393.0,0.3838,0.3838,0.3838,10000061,2015-06-24,2015-06-24,C,2.55,2015-02-27
15687,2015-04-08 10:58:00,2015-04-08,0.3838,0.0,0.0,393.0,0.3838,0.3838,0.3838,10000061,2015-06-24,2015-06-24,C,2.55,2015-02-27
15688,2015-04-08 10:59:00,2015-04-08,0.3838,0.0,0.0,393.0,0.3838,0.3838,0.3838,10000061,2015-06-24,2015-06-24,C,2.55,2015-02-27
15689,2015-04-08 11:00:00,2015-04-08,0.3838,0.0,0.0,393.0,0.3838,0.3838,0.3838,10000061,2015-06-24,2015-06-24,C,2.55,2015-02-27
15690,2015-04-08 11:01:00,2015-04-08,0.3838,0.0,0.0,393.0,0.3838,0.3838,0.3838,10000061,2015-06-24,2015-06-24,C,2.55,2015-02-27
15691,2015-04-08 11:02:00,2015-04-08,0.3838,0.0,0.0,393.0,0.3838,0.3838,0.3838,10000061,2015-06-24,2015-06-24,C,2.55,2015-02-27
15692,2015-04-08 11:03:00,2015-04-08,0.3838,0.0,0.0,393.0,0.3838,0.3838,0.3838,10000061,2015-06-24,2015-06-24,C,2.55,2015-02-27
15693,2015-04-08 11:04:00,2015-04-08,0.3838,0.0,0.0,393.0,0.3838,0.3838,0.3838,10000061,2015-06-24,2015-06-24,C,2.55,2015-02-27
15694,2015-04-08 11:05:00,2015-04-08,0.3838,0.0,0.0,393.0,0.3838,0.3838,0.3838,10000061,2015-06-24,2015-06-24,C,2.55,2015-02-27
15695,2015-04-08 11:06:00,2015-04-08,0.3838,0.0,0.0,393.0,0.3838,0.3838,0.3838,10000061,2015-06-24,2015-06-24,C,2.55,2015-02-27
15696,2015-04-08 11:07:00,2015-04-08,0.3838,0.0,0.0,393.0,0.3838,0.3838,0.3838,10000061,2015-06-24,2015-06-24,C,2.55,2015-02-27
15697,2015-04-08 11:08:00,2015-04-08,0.3838,0.0,0.0,393.0,0.3838,0.3838,0.3838,10000061,2015-06-24,2015-06-24,C,2.55,2015-02-27
15698,2015-04-08 11:09:00,2015-04-08,0.3838,0.0,0.0,393.0,0.3838,0.3838,0.3838,10000061,2015-06-24,2015-06-24,C,2.55,2015-02-27
15699,2015-04-08 11:10:00,2015-04-08,0.3838,0.0,0.0,393.0,0.3838,0.3838,0.3838,10000061,2015-06-24,2015-06-24,C,2.55,2015-02-27
15700,2015-04-08 11:11:00,2015-04-08,0.3838,0.0,0.0,393.0,0.3838,0.3838,0.3838,10000061,2015-06-24,2015-06-24,C,2.55,2015-02-27
15701,2015-04-08 11:12:00,2015-04-08,0.3838,0.0,0.0,393.0,0.3838,0.3838,0.3838,10000061,2015-06-24,2015-06-24,C,2.55,2015-02-27
15702,2015-04-08 11:13:00,2015-04-08,0.3838,0.0,0.0,393.0,0.3838,0.3838,0.3838,10000061,2015-06-24,2015-06-24,C,2.55,2015-02-27
15703,2015-04-08 11:14:00,2015-04-08,0.3838,0.0,0.0,393.0,0.3838,0.3838,0.3838,10000061,2015-06-24,2015-06-24,C,2.55,2015-02-27
15704,2015-04-08 11:15:00,2015-04-08,0.3838,0.0,0.0,393.0,0.3838,0.3838,0.3838,10000061,2015-06-24,2015-06-24,C,2.55,2015-02-27
15705,2015-04-08 11:16:00,2015-04-08,0.3838,0.0,0.0,393.0,0.3838,0.3838,0.3838,10000061,2015-06-24,2015-06-24,C,2.55,2015-02-27
15706,2015-04-08 11:17:00,2015-04-08,0.3838,0.0,0.0,393.0,0.3838,0.3838,0.3838,10000061,2015-06-24,2015-06-24,C,2.55,2015-02-27
15707,2015-04-08 11:18:00,2015-04-08,0.3838,0.0,0.0,393.0,0.3838,0.3838,0.3838,10000061,2015-06-24,2015-06-24,C,2.55,2015-02-27
15708,2015-04-08 11:19:00,2015-04-08,0.3838,0.0,0.0,393.0,0.3838,0.3838,0.3838,10000061,2015-06-24,2015-06-24,C,2.55,2015-02-27
15709,2015-04-08 11:20:00,2015-04-08,0.3838,0.0,0.0,393.0,0.3838,0.3838,0.3838,10000061,2015-06-24,2015-06-24,C,2.55,2015-02-27
15710,2015-04-08 11:21:00,2015-04-08,0.3838,0.0,0.0,393.0,0.3838,0.3838,0.3838,10000061,2015-06-24,2015-06-24,C,2.55,2015-02-27
15711,2015-04-08 11:22:00,2015-04-08,0.3838,0.0,0.0,393.0,0.3838,0.3838,0.3838,10000061,2015-06-24,2015-06-24,C,2.55,2015-02-27
15712,2015-04-08 11:23:00,2015-04-08,0.3838,0.0,0.0,393.0,0.3838,0.3838,0.3838,10000061,2015-06-24,2015-06-24,C,2.55,2015-02-27
15713,2015-04-08 11:24:00,2015-04-08,0.3838,0.0,0.0,393.0,0.3838,0.3838,0.3838,10000061,2015-06-24,2015-06-24,C,2.55,2015-02-27
15714,2015-04-08 11:25:00,2015-04-08,0.3838,0.0,0.0,393.0,0.3838,0.3838,0.3838,10000061,2015-06-24,2015-06-24,C,2.55,2015-02-27
15715,2015-04-08 11:26:00,2015-04-08,0.3838,0.0,0.0,393.0,0.3838,0.3838,0.3838,10000061,2015-06-24,2015-06-24,C,2.55,2015-02-27
15716,2015-04-08 11:27:00,2015-04-08,0.3838,0.0,0.0,393.0,0.3838,0.3838,0.3838,10000061,2015-06-24,2015-06-24,C,2.55,2015-02-27
15717,2015-04-08 11:28:00,2015-04-08,0.3838,0.0,0.0,393.0,0.3838,0.3838,0.3838,10000061,2015-06-24,2015-06-24,C,2.55,2015-02-27
15718,2015-04-08 11:29:00,2015-04-08,0.3838,0.0,0.0,393.0,0.3838,0.3838,0.3838,10000061,2015-06-24,2015-06-24,C,2.55,2015-02-27
15719,2015-04-08 11:30:00,2015-04-08,0.3838,34542.0,9.0,393.0,0.3838,0.3838,0.3838,10000061,2015-06-24,2015-06-24,C,2.55,2015-02-27
15720,2015-04-08 13:01:00,2015-04-08,0.385,38450.0,10.0,398.0,0.384,0.385,0.384,10000061,2015-06-24,2015-06-24,C,2.55,2015-02-27
15721,2015-04-08 13:02:00,2015-04-08,0.385,0.0,0.0,398.0,0.385,0.385,0.385,10000061,2015-06-24,2015-06-24,C,2.55,2015-02-27
15722,2015-04-08 13:03:00,2015-04-08,0.385,0.0,0.0,398.0,0.385,0.385,0.385,10000061,2015-06-24,2015-06-24,C,2.55,2015-02-27
15723,2015-04-08 13:04:00,2015-04-08,0.385,0.0,0.0,398.0,0.385,0.385,0.385,10000061,2015-06-24,2015-06-24,C,2.55,2015-02-27
15724,2015-04-08 13:05:00,2015-04-08,0.385,0.0,0.0,398.0,0.385,0.385,0.385,10000061,2015-06-24,2015-06-24,C,2.55,2015-02-27
15725,2015-04-08 13:06:00,2015-04-08,0.385,0.0,0.0,398.0,0.385,0.385,0.385,10000061,2015-06-24,2015-06-24,C,2.55,2015-02-27
15726,2015-04-08 13:07:00,2015-04-08,0.385,0.0,0.0,398.0,0.385,0.385,0.385,10000061,2015-06-24,2015-06-24,C,2.55,2015-02-27
15727,2015-04-08 13:08:00,2015-04-08,0.385,0.0,0.0,398.0,0.385,0.385,0.385,10000061,2015-06-24,2015-06-24,C,2.55,2015-02-27
15728,2015-04-08 13:09:00,2015-04-08,0.385,0.0,0.0,398.0,0.385,0.385,0.385,10000061,2015-06-24,2015-06-24,C,2.55,2015-02-27
15729,2015-04-08 13:10:00,2015-04-08,0.385,0.0,0.0,398.0,0.385,0.385,0.385,10000061,2015-06-24,2015-06-24,C,2.55,2015-02-27
15730,2015-04-08 13:11:00,2015-04-08,0.385,0.0,0.0,398.0,0.385,0.385,0.385,10000061,2015-06-24,2015-06-24,C,2.55,2015-02-27
15731,2015-04-08 13:12:00,2015-04-08,0.385,0.0,0.0,398.0,0.385,0.385,0.385,10000061,2015-06-24,2015-06-24,C,2.55,2015-02-27
15732,2015-04-08 13:13:00,2015-04-08,0.385,0.0,0.0,398.0,0.385,0.385,0.385,10000061,2015-06-24,2015-06-24,C,2.55,2015-02-27
15733,2015-04-08 13:14:00,2015-04-08,0.385,0.0,0.0,398.0,0.385,0.385,0.385,10000061,2015-06-24,2015-06-24,C,2.55,2015-02-27
15734,2015-04-08 13:15:00,2015-04-08,0.385,0.0,0.0,398.0,0.385,0.385,0.385,10000061,2015-06-24,2015-06-24,C,2.55,2015-02-27
15735,2015-04-08 13:16:00,2015-04-08,0.385,0.0,0.0,398.0,0.385,0.385,0.385,10000061,2015-06-24,2015-06-24,C,2.55,2015-02-27
15736,2015-04-08 13:17:00,2015-04-08,0.385,0.0,0.0,398.0,0.385,0.385,0.385,10000061,2015-06-24,2015-06-24,C,2.55,2015-02-27
15737,2015-04-08 13:18:00,2015-04-08,0.385,0.0,0.0,398.0,0.385,0.385,0.385,10000061,2015-06-24,2015-06-24,C,2.55,2015-02-27
15738,2015-04-08 13:19:00,2015-04-08,0.4,20000.0,5.0,398.0,0.4,0.4,0.4,10000061,2015-06-24,2015-06-24,C,2.55,2015-02-27
15739,2015-04-08 13:20:00,2015-04-08,0.4,0.0,0.0,398.0,0.4,0.4,0.4,10000061,2015-06-24,2015-06-24,C,2.55,2015-02-27
15740,2015-04-08 13:21:00,2015-04-08,0.4,0.0,0.0,398.0,0.4,0.4,0.4,10000061,2015-06-24,2015-06-24,C,2.55,2015-02-27
15741,2015-04-08 13:22:00,2015-04-08,0.4,0.0,0.0,398.0,0.4,0.4,0.4,10000061,2015-06-24,2015-06-24,C,2.55,2015-02-27
15742,2015-04-08 13:23:00,2015-04-08,0.4,0.0,0.0,398.0,0.4,0.4,0.4,10000061,2015-06-24,2015-06-24,C,2.55,2015-02-27
15743,2015-04-08 13:24:00,2015-04-08,0.4,0.0,0.0,398.0,0.4,0.4,0.4,10000061,2015-06-24,2015-06-24,C,2.55,2015-02-27
15744,2015-04-08 13:25:00,2015-04-08,0.4,0.0,0.0,398.0,0.4,0.4,0.4,10000061,2015-06-24,2015-06-24,C,2.55,2015-02-27
15745,2015-04-08 13:26:00,2015-04-08,0.4,0.0,0.0,398.0,0.4,0.4,0.4,10000061,2015-06-24,2015-06-24,C,2.55,2015-02-27
15746,2015-04-08 13:27:00,2015-04-08,0.4,0.0,0.0,398.0,0.4,0.4,0.4,10000061,2015-06-24,2015-06-24,C,2.55,2015-02-27
15747,2015-04-08 13:28:00,2015-04-08,0.4,0.0,0.0,398.0,0.4,0.4,0.4,10000061,2015-06-24,2015-06-24,C,2.55,2015-02-27
15748,2015-04-08 13:29:00,2015-04-08,0.4,0.0,0.0,398.0,0.4,0.4,0.4,10000061,2015-06-24,2015-06-24,C,2.55,2015-02-27
15749,2015-04-08 13:30:00,2015-04-08,0.4,0.0,0.0,398.0,0.4,0.4,0.4,10000061,2015-06-24,2015-06-24,C,2.55,2015-02-27
15750,2015-04-08 13:31:00,2015-04-08,0.4,0.0,0.0,398.0,0.4,0.4,0.4,10000061,2015-06-24,2015-06-24,C,2.55,2015-02-27
15751,2015-04-08 13:32:00,2015-04-08,0.4,0.0,0.0,398.0,0.4,0.4,0.4,10000061,2015-06-24,2015-06-24,C,2.55,2015-02-27
15752,2015-04-08 13:33:00,2015-04-08,0.4,0.0,0.0,398.0,0.4,0.4,0.4,10000061,2015-06-24,2015-06-24,C,2.55,2015-02-27
15753,2015-04-08 13:34:00,2015-04-08,0.4,0.0,0.0,398.0,0.4,0.4,0.4,10000061,2015-06-24,2015-06-24,C,2.55,2015-02-27
15754,2015-04-08 13:35:00,2015-04-08,0.4,0.0,0.0,398.0,0.4,0.4,0.4,10000061,2015-06-24,2015-06-24,C,2.55,2015-02-27
15755,2015-04-08 13:36:00,2015-04-08,0.4,0.0,0.0,398.0,0.4,0.4,0.4,10000061,2015-06-24,2015-06-24,C,2.55,2015-02-27
15756,2015-04-08 13:37:00,2015-04-08,0.4,0.0,0.0,398.0,0.4,0.4,0.4,10000061,2015-06-24,2015-06-24,C,2.55,2015-02-27
15757,2015-04-08 13:38:00,2015-04-08,0.4,0.0,0.0,398.0,0.4,0.4,0.4,10000061,2015-06-24,2015-06-24,C,2.55,2015-02-27
15758,2015-04-08 13:39:00,2015-04-08,0.4,0.0,0.0,398.0,0.4,0.4,0.4,10000061,2015-06-24,2015-06-24,C,2.55,2015-02-27
15759,2015-04-08 13:40:00,2015-04-08,0.4,0.0,0.0,398.0,0.4,0.4,0.4,10000061,2015-06-24,2015-06-24,C,2.55,2015-02-27
15760,2015-04-08 13:41:00,2015-04-08,0.4,0.0,0.0,398.0,0.4,0.4,0.4,10000061,2015-06-24,2015-06-24,C,2.55,2015-02-27
15761,2015-04-08 13:42:00,2015-04-08,0.4,0.0,0.0,398.0,0.4,0.4,0.4,10000061,2015-06-24,2015-06-24,C,2.55,2015-02-27
15762,2015-04-08 13:43:00,2015-04-08,0.4,0.0,0.0,398.0,0.4,0.4,0.4,10000061,2015-06-24,2015-06-24,C,2.55,2015-02-27
15763,2015-04-08 13:44:00,2015-04-08,0.4,0.0,0.0,398.0,0.4,0.4,0.4,10000061,2015-06-24,2015-06-24,C,2.55,2015-02-27
15764,2015-04-08 13:45:00,2015-04-08,0.4,0.0,0.0,398.0,0.4,0.4,0.4,10000061,2015-06-24,2015-06-24,C,2.55,2015-02-27
15765,2015-04-08 13:46:00,2015-04-08,0.4,0.0,0.0,398.0,0.4,0.4,0.4,10000061,2015-06-24,2015-06-24,C,2.55,2015-02-27
15766,2015-04-08 13:47:00,2015-04-08,0.4,0.0,0.0,398.0,0.4,0.4,0.4,10000061,2015-06-24,2015-06-24,C,2.55,2015-02-27
15767,2015-04-08 13:48:00,2015-04-08,0.4,0.0,0.0,398.0,0.4,0.4,0.4,10000061,2015-06-24,2015-06-24,C,2.55,2015-02-27
15768,2015-04-08 13:49:00,2015-04-08,0.4,0.0,0.0,398.0,0.4,0.4,0.4,10000061,2015-06-24,2015-06-24,C,2.55,2015-02-27
15769,2015-04-08 13:50:00,2015-04-08,0.4,0.0,0.0,398.0,0.4,0.4,0.4,10000061,2015-06-24,2015-06-24,C,2.55,2015-02-27
15770,2015-04-08 13:51:00,2015-04-08,0.4,0.0,0.0,398.0,0.4,0.4,0.4,10000061,2015-06-24,2015-06-24,C,2.55,2015-02-27
15771,2015-04-08 13:52:00,2015-04-08,0.397,23820.0,6.0,398.0,0.397,0.397,0.397,10000061,2015-06-24,2015-06-24,C,2.55,2015-02-27
15772,2015-04-08 13:53:00,2015-04-08,0.397,0.0,0.0,398.0,0.397,0.397,0.397,10000061,2015-06-24,2015-06-24,C,2.55,2015-02-27
15773,2015-04-08 13:54:00,2015-04-08,0.397,0.0,0.0,398.0,0.397,0.397,0.397,10000061,2015-06-24,2015-06-24,C,2.55,2015-02-27
15774,2015-04-08 13:55:00,2015-04-08,0.397,0.0,0.0,398.0,0.397,0.397,0.397,10000061,2015-06-24,2015-06-24,C,2.55,2015-02-27
15775,2015-04-08 13:56:00,2015-04-08,0.397,0.0,0.0,398.0,0.397,0.397,0.397,10000061,2015-06-24,2015-06-24,C,2.55,2015-02-27
15776,2015-04-08 13:57:00,2015-04-08,0.397,0.0,0.0,398.0,0.397,0.397,0.397,10000061,2015-06-24,2015-06-24,C,2.55,2015-02-27
15777,2015-04-08 13:58:00,2015-04-08,0.397,0.0,0.0,398.0,0.397,0.397,0.397,10000061,2015-06-24,2015-06-24,C,2.55,2015-02-27
15778,2015-04-08 13:59:00,2015-04-08,0.397,0.0,0.0,398.0,0.397,0.397,0.397,10000061,2015-06-24,2015-06-24,C,2.55,2015-02-27
15779,2015-04-08 14:00:00,2015-04-08,0.397,0.0,0.0,398.0,0.397,0.397,0.397,10000061,2015-06-24,2015-06-24,C,2.55,2015-02-27
15780,2015-04-08 14:01:00,2015-04-08,0.397,0.0,0.0,398.0,0.397,0.397,0.397,10000061,2015-06-24,2015-06-24,C,2.55,2015-02-27
15781,2015-04-08 14:02:00,2015-04-08,0.397,0.0,0.0,398.0,0.397,0.397,0.397,10000061,2015-06-24,2015-06-24,C,2.55,2015-02-27
15782,2015-04-08 14:03:00,2015-04-08,0.397,0.0,0.0,398.0,0.397,0.397,0.397,10000061,2015-06-24,2015-06-24,C,2.55,2015-02-27
15783,2015-04-08 14:04:00,2015-04-08,0.397,0.0,0.0,398.0,0.397,0.397,0.397,10000061,2015-06-24,2015-06-24,C,2.55,2015-02-27
15784,2015-04-08 14:05:00,2015-04-08,0.397,0.0,0.0,398.0,0.397,0.397,0.397,10000061,2015-06-24,2015-06-24,C,2.55,2015-02-27
15785,2015-04-08 14:06:00,2015-04-08,0.397,0.0,0.0,398.0,0.397,0.397,0.397,10000061,2015-06-24,2015-06-24,C,2.55,2015-02-27
15786,2015-04-08 14:07:00,2015-04-08,0.397,0.0,0.0,398.0,0.397,0.397,0.397,10000061,2015-06-24,2015-06-24,C,2.55,2015-02-27
15787,2015-04-08 14:08:00,2015-04-08,0.397,0.0,0.0,398.0,0.397,0.397,0.397,10000061,2015-06-24,2015-06-24,C,2.55,2015-02-27
15788,2015-04-08 14:09:00,2015-04-08,0.397,0.0,0.0,398.0,0.397,0.397,0.397,10000061,2015-06-24,2015-06-24,C,2.55,2015-02-27
15789,2015-04-08 14:10:00,2015-04-08,0.397,0.0,0.0,398.0,0.397,0.397,0.397,10000061,2015-06-24,2015-06-24,C,2.55,2015-02-27
15790,2015-04-08 14:11:00,2015-04-08,0.397,0.0,0.0,398.0,0.397,0.397,0.397,10000061,2015-06-24,2015-06-24,C,2.55,2015-02-27
15791,2015-04-08 14:12:00,2015-04-08,0.397,0.0,0.0,398.0,0.397,0.397,0.397,10000061,2015-06-24,2015-06-24,C,2.55,2015-02-27
15792,2015-04-08 14:13:00,2015-04-08,0.397,0.0,0.0,398.0,0.397,0.397,0.397,10000061,2015-06-24,2015-06-24,C,2.55,2015-02-27
15793,2015-04-08 14:14:00,2015-04-08,0.397,0.0,0.0,398.0,0.397,0.397,0.397,10000061,2015-06-24,2015-06-24,C,2.55,2015-02-27
15794,2015-04-08 14:15:00,2015-04-08,0.397,0.0,0.0,398.0,0.397,0.397,0.397,10000061,2015-06-24,2015-06-24,C,2.55,2015-02-27
15795,2015-04-08 14:16:00,2015-04-08,0.397,0.0,0.0,398.0,0.397,0.397,0.397,10000061,2015-06-24,2015-06-24,C,2.55,2015-02-27
15796,2015-04-08 14:17:00,2015-04-08,0.397,0.0,0.0,398.0,0.397,0.397,0.397,10000061,2015-06-24,2015-06-24,C,2.55,2015-02-27
15797,2015-04-08 14:18:00,2015-04-08,0.397,0.0,0.0,398.0,0.397,0.397,0.397,10000061,2015-06-24,2015-06-24,C,2.55,2015-02-27
15798,2015-04-08 14:19:00,2015-04-08,0.397,0.0,0.0,398.0,0.397,0.397,0.397,10000061,2015-06-24,2015-06-24,C,2.55,2015-02-27
15799,2015-04-08 14:20:00,2015-04-08,0.397,0.0,0.0,398.0,0.397,0.397,0.397,10000061,2015-06-24,2015-06-24,C,2.55,2015-02-27
15800,2015-04-08 14:21:00,2015-04-08,0.397,0.0,0.0,398.0,0.397,0.397,0.397,10000061,2015-06-24,2015-06-24,C,2.55,2015-02-27
15801,2015-04-08 14:22:00,2015-04-08,0.397,0.0,0.0,398.0,0.397,0.397,0.397,10000061,2015-06-24,2015-06-24,C,2.55,2015-02-27
15802,2015-04-08 14:23:00,2015-04-08,0.397,0.0,0.0,398.0,0.397,0.397,0.397,10000061,2015-06-24,2015-06-24,C,2.55,2015-02-27
15803,2015-04-08 14:24:00,2015-04-08,0.397,0.0,0.0,398.0,0.397,0.397,0.397,10000061,2015-06-24,2015-06-24,C,2.55,2015-02-27
15804,2015-04-08 14:25:00,2015-04-08,0.397,0.0,0.0,398.0,0.397,0.397,0.397,10000061,2015-06-24,2015-06-24,C,2.55,2015-02-27
15805,2015-04-08 14:26:00,2015-04-08,0.397,0.0,0.0,398.0,0.397,0.397,0.397,10000061,2015-06-24,2015-06-24,C,2.55,2015-02-27
15806,2015-04-08 14:27:00,2015-04-08,0.397,0.0,0.0,398.0,0.397,0.397,0.397,10000061,2015-06-24,2015-06-24,C,2.55,2015-02-27
15807,2015-04-08 14:28:00,2015-04-08,0.397,0.0,0.0,398.0,0.397,0.397,0.397,10000061,2015-06-24,2015-06-24,C,2.55,2015-02-27
15808,2015-04-08 14:29:00,2015-04-08,0.397,0.0,0.0,398.0,0.397,0.397,0.397,10000061,2015-06-24,2015-06-24,C,2.55,2015-02-27
15809,2015-04-08 14:30:00,2015-04-08,0.397,0.0,0.0,398.0,0.397,0.397,0.397,10000061,2015-06-24,2015-06-24,C,2.55,2015-02-27
15810,2015-04-08 14:31:00,2015-04-08,0.397,0.0,0.0,398.0,0.397,0.397,0.397,10000061,2015-06-24,2015-06-24,C,2.55,2015-02-27
15811,2015-04-08 14:32:00,2015-04-08,0.397,0.0,0.0,398.0,0.397,0.397,0.397,10000061,2015-06-24,2015-06-24,C,2.55,2015-02-27
15812,2015-04-08 14:33:00,2015-04-08,0.397,0.0,0.0,398.0,0.397,0.397,0.397,10000061,2015-06-24,2015-06-24,C,2.55,2015-02-27
15813,2015-04-08 14:34:00,2015-04-08,0.397,0.0,0.0,398.0,0.397,0.397,0.397,10000061,2015-06-24,2015-06-24,C,2.55,2015-02-27
15814,2015-04-08 14:35:00,2015-04-08,0.397,0.0,0.0,398.0,0.397,0.397,0.397,10000061,2015-06-24,2015-06-24,C,2.55,2015-02-27
15815,2015-04-08 14:36:00,2015-04-08,0.397,0.0,0.0,398.0,0.397,0.397,0.397,10000061,2015-06-24,2015-06-24,C,2.55,2015-02-27
15816,2015-04-08 14:37:00,2015-04-08,0.397,0.0,0.0,398.0,0.397,0.397,0.397,10000061,2015-06-24,2015-06-24,C,2.55,2015-02-27
15817,2015-04-08 14:38:00,2015-04-08,0.397,0.0,0.0,398.0,0.397,0.397,0.397,10000061,2015-06-24,2015-06-24,C,2.55,2015-02-27
15818,2015-04-08 14:39:00,2015-04-08,0.397,0.0,0.0,398.0,0.397,0.397,0.397,10000061,2015-06-24,2015-06-24,C,2.55,2015-02-27
15819,2015-04-08 14:40:00,2015-04-08,0.397,0.0,0.0,398.0,0.397,0.397,0.397,10000061,2015-06-24,2015-06-24,C,2.55,2015-02-27
15820,2015-04-08 14:41:00,2015-04-08,0.397,0.0,0.0,398.0,0.397,0.397,0.397,10000061,2015-06-24,2015-06-24,C,2.55,2015-02-27
15821,2015-04-08 14:42:00,2015-04-08,0.397,0.0,0.0,398.0,0.397,0.397,0.397,10000061,2015-06-24,2015-06-24,C,2.55,2015-02-27
15822,2015-04-08 14:43:00,2015-04-08,0.397,0.0,0.0,398.0,0.397,0.397,0.397,10000061,2015-06-24,2015-06-24,C,2.55,2015-02-27
15823,2015-04-08 14:44:00,2015-04-08,0.397,0.0,0.0,398.0,0.397,0.397,0.397,10000061,2015-06-24,2015-06-24,C,2.55,2015-02-27
15824,2015-04-08 14:45:00,2015-04-08,0.397,0.0,0.0,398.0,0.397,0.397,0.397,10000061,2015-06-24,2015-06-24,C,2.55,2015-02-27
15825,2015-04-08 14:46:00,2015-04-08,0.397,0.0,0.0,398.0,0.397,0.397,0.397,10000061,2015-06-24,2015-06-24,C,2.55,2015-02-27
15826,2015-04-08 14:47:00,2015-04-08,0.397,0.0,0.0,398.0,0.397,0.397,0.397,10000061,2015-06-24,2015-06-24,C,2.55,2015-02-27
15827,2015-04-08 14:48:00,2015-04-08,0.397,0.0,0.0,398.0,0.397,0.397,0.397,10000061,2015-06-24,2015-06-24,C,2.55,2015-02-27
15828,2015-04-08 14:49:00,2015-04-08,0.397,0.0,0.0,398.0,0.397,0.397,0.397,10000061,2015-06-24,2015-06-24,C,2.55,2015-02-27
15829,2015-04-08 14:50:00,2015-04-08,0.397,0.0,0.0,398.0,0.397,0.397,0.397,10000061,2015-06-24,2015-06-24,C,2.55,2015-02-27
15830,2015-04-08 14:51:00,2015-04-08,0.397,0.0,0.0,398.0,0.397,0.397,0.397,10000061,2015-06-24,2015-06-24,C,2.55,2015-02-27
15831,2015-04-08 14:52:00,2015-04-08,0.397,0.0,0.0,398.0,0.397,0.397,0.397,10000061,2015-06-24,2015-06-24,C,2.55,2015-02-27
15832,2015-04-08 14:53:00,2015-04-08,0.397,0.0,0.0,398.0,0.397,0.397,0.397,10000061,2015-06-24,2015-06-24,C,2.55,2015-02-27
15833,2015-04-08 14:54:00,2015-04-08,0.397,0.0,0.0,398.0,0.397,0.397,0.397,10000061,2015-06-24,2015-06-24,C,2.55,2015-02-27
15834,2015-04-08 14:55:00,2015-04-08,0.397,0.0,0.0,398.0,0.397,0.397,0.397,10000061,2015-06-24,2015-06-24,C,2.55,2015-02-27
15835,2015-04-08 14:56:00,2015-04-08,0.397,0.0,0.0,398.0,0.397,0.397,0.397,10000061,2015-06-24,2015-06-24,C,2.55,2015-02-27
15836,2015-04-08 14:57:00,2015-04-08,0.397,0.0,0.0,398.0,0.397,0.397,0.397,10000061,2015-06-24,2015-06-24,C,2.55,2015-02-27
15837,2015-04-08 14:58:00,2015-04-08,0.397,0.0,0.0,398.0,0.397,0.397,0.397,10000061,2015-06-24,2015-06-24,C,2.55,2015-02-27
15838,2015-04-08 14:59:00,2015-04-08,0.397,0.0,0.0,398.0,0.397,0.397,0.397,10000061,2015-06-24,2015-06-24,C,2.55,2015-02-27
15839,2015-04-08 15:00:00,2015-04-08,0.397,0.0,0.0,398.0,0.397,0.397,0.397,10000061,2015-06-24,2015-06-24,C,2.55,2015-02-27
15840,2015-04-08 09:31:00,2015-04-08,0.42,0.0,0.0,0.0,0.42,0.42,0.42,10000045,2015-06-24,2015-06-24,C,2.45,2015-02-10
15841,2015-04-08 09:32:00,2015-04-08,0.42,0.0,0.0,0.0,0.42,0.42,0.42,10000045,2015-06-24,2015-06-24,C,2.45,2015-02-10
15842,2015-04-08 09:33:00,2015-04-08,0.42,0.0,0.0,0.0,0.42,0.42,0.42,10000045,2015-06-24,2015-06-24,C,2.45,2015-02-10
15843,2015-04-08 09:34:00,2015-04-08,0.42,0.0,0.0,0.0,0.42,0.42,0.42,10000045,2015-06-24,2015-06-24,C,2.45,2015-02-10
15844,2015-04-08 09:35:00,2015-04-08,0.42,0.0,0.0,0.0,0.42,0.42,0.42,10000045,2015-06-24,2015-06-24,C,2.45,2015-02-10
15845,2015-04-08 09:36:00,2015-04-08,0.42,0.0,0.0,0.0,0.42,0.42,0.42,10000045,2015-06-24,2015-06-24,C,2.45,2015-02-10
15846,2015-04-08 09:37:00,2015-04-08,0.42,0.0,0.0,0.0,0.42,0.42,0.42,10000045,2015-06-24,2015-06-24,C,2.45,2015-02-10
15847,2015-04-08 09:38:00,2015-04-08,0.42,0.0,0.0,0.0,0.42,0.42,0.42,10000045,2015-06-24,2015-06-24,C,2.45,2015-02-10
15848,2015-04-08 09:39:00,2015-04-08,0.42,0.0,0.0,0.0,0.42,0.42,0.42,10000045,2015-06-24,2015-06-24,C,2.45,2015-02-10
15849,2015-04-08 09:40:00,2015-04-08,0.42,0.0,0.0,0.0,0.42,0.42,0.42,10000045,2015-06-24,2015-06-24,C,2.45,2015-02-10
15850,2015-04-08 09:41:00,2015-04-08,0.42,0.0,0.0,0.0,0.42,0.42,0.42,10000045,2015-06-24,2015-06-24,C,2.45,2015-02-10
15851,2015-04-08 09:42:00,2015-04-08,0.42,0.0,0.0,0.0,0.42,0.42,0.42,10000045,2015-06-24,2015-06-24,C,2.45,2015-02-10
15852,2015-04-08 09:43:00,2015-04-08,0.42,0.0,0.0,0.0,0.42,0.42,0.42,10000045,2015-06-24,2015-06-24,C,2.45,2015-02-10
15853,2015-04-08 09:44:00,2015-04-08,0.42,0.0,0.0,0.0,0.42,0.42,0.42,10000045,2015-06-24,2015-06-24,C,2.45,2015-02-10
15854,2015-04-08 09:45:00,2015-04-08,0.42,0.0,0.0,0.0,0.42,0.42,0.42,10000045,2015-06-24,2015-06-24,C,2.45,2015-02-10
15855,2015-04-08 09:46:00,2015-04-08,0.42,0.0,0.0,0.0,0.42,0.42,0.42,10000045,2015-06-24,2015-06-24,C,2.45,2015-02-10
15856,2015-04-08 09:47:00,2015-04-08,0.42,0.0,0.0,0.0,0.42,0.42,0.42,10000045,2015-06-24,2015-06-24,C,2.45,2015-02-10
15857,2015-04-08 09:48:00,2015-04-08,0.42,0.0,0.0,0.0,0.42,0.42,0.42,10000045,2015-06-24,2015-06-24,C,2.45,2015-02-10
15858,2015-04-08 09:49:00,2015-04-08,0.42,0.0,0.0,0.0,0.42,0.42,0.42,10000045,2015-06-24,2015-06-24,C,2.45,2015-02-10
15859,2015-04-08 09:50:00,2015-04-08,0.42,0.0,0.0,0.0,0.42,0.42,0.42,10000045,2015-06-24,2015-06-24,C,2.45,2015-02-10
15860,2015-04-08 09:51:00,2015-04-08,0.42,0.0,0.0,0.0,0.42,0.42,0.42,10000045,2015-06-24,2015-06-24,C,2.45,2015-02-10
15861,2015-04-08 09:52:00,2015-04-08,0.42,0.0,0.0,0.0,0.42,0.42,0.42,10000045,2015-06-24,2015-06-24,C,2.45,2015-02-10
15862,2015-04-08 09:53:00,2015-04-08,0.42,0.0,0.0,0.0,0.42,0.42,0.42,10000045,2015-06-24,2015-06-24,C,2.45,2015-02-10
15863,2015-04-08 09:54:00,2015-04-08,0.42,0.0,0.0,0.0,0.42,0.42,0.42,10000045,2015-06-24,2015-06-24,C,2.45,2015-02-10
15864,2015-04-08 09:55:00,2015-04-08,0.42,0.0,0.0,0.0,0.42,0.42,0.42,10000045,2015-06-24,2015-06-24,C,2.45,2015-02-10
15865,2015-04-08 09:56:00,2015-04-08,0.42,0.0,0.0,0.0,0.42,0.42,0.42,10000045,2015-06-24,2015-06-24,C,2.45,2015-02-10
15866,2015-04-08 09:57:00,2015-04-08,0.42,0.0,0.0,0.0,0.42,0.42,0.42,10000045,2015-06-24,2015-06-24,C,2.45,2015-02-10
15867,2015-04-08 09:58:00,2015-04-08,0.42,0.0,0.0,0.0,0.42,0.42,0.42,10000045,2015-06-24,2015-06-24,C,2.45,2015-02-10
15868,2015-04-08 09:59:00,2015-04-08,0.42,0.0,0.0,0.0,0.42,0.42,0.42,10000045,2015-06-24,2015-06-24,C,2.45,2015-02-10
15869,2015-04-08 10:00:00,2015-04-08,0.42,0.0,0.0,0.0,0.42,0.42,0.42,10000045,2015-06-24,2015-06-24,C,2.45,2015-02-10
15870,2015-04-08 10:01:00,2015-04-08,0.42,0.0,0.0,0.0,0.42,0.42,0.42,10000045,2015-06-24,2015-06-24,C,2.45,2015-02-10
15871,2015-04-08 10:02:00,2015-04-08,0.42,0.0,0.0,0.0,0.42,0.42,0.42,10000045,2015-06-24,2015-06-24,C,2.45,2015-02-10
15872,2015-04-08 10:03:00,2015-04-08,0.42,0.0,0.0,0.0,0.42,0.42,0.42,10000045,2015-06-24,2015-06-24,C,2.45,2015-02-10
15873,2015-04-08 10:04:00,2015-04-08,0.42,0.0,0.0,0.0,0.42,0.42,0.42,10000045,2015-06-24,2015-06-24,C,2.45,2015-02-10
15874,2015-04-08 10:05:00,2015-04-08,0.42,0.0,0.0,0.0,0.42,0.42,0.42,10000045,2015-06-24,2015-06-24,C,2.45,2015-02-10
15875,2015-04-08 10:06:00,2015-04-08,0.42,0.0,0.0,0.0,0.42,0.42,0.42,10000045,2015-06-24,2015-06-24,C,2.45,2015-02-10
15876,2015-04-08 10:07:00,2015-04-08,0.42,0.0,0.0,0.0,0.42,0.42,0.42,10000045,2015-06-24,2015-06-24,C,2.45,2015-02-10
15877,2015-04-08 10:08:00,2015-04-08,0.42,0.0,0.0,0.0,0.42,0.42,0.42,10000045,2015-06-24,2015-06-24,C,2.45,2015-02-10
15878,2015-04-08 10:09:00,2015-04-08,0.42,0.0,0.0,0.0,0.42,0.42,0.42,10000045,2015-06-24,2015-06-24,C,2.45,2015-02-10
15879,2015-04-08 10:10:00,2015-04-08,0.42,0.0,0.0,0.0,0.42,0.42,0.42,10000045,2015-06-24,2015-06-24,C,2.45,2015-02-10
15880,2015-04-08 10:11:00,2015-04-08,0.42,0.0,0.0,0.0,0.42,0.42,0.42,10000045,2015-06-24,2015-06-24,C,2.45,2015-02-10
15881,2015-04-08 10:12:00,2015-04-08,0.42,0.0,0.0,0.0,0.42,0.42,0.42,10000045,2015-06-24,2015-06-24,C,2.45,2015-02-10
15882,2015-04-08 10:13:00,2015-04-08,0.42,0.0,0.0,0.0,0.42,0.42,0.42,10000045,2015-06-24,2015-06-24,C,2.45,2015-02-10
15883,2015-04-08 10:14:00,2015-04-08,0.42,0.0,0.0,0.0,0.42,0.42,0.42,10000045,2015-06-24,2015-06-24,C,2.45,2015-02-10
15884,2015-04-08 10:15:00,2015-04-08,0.42,0.0,0.0,0.0,0.42,0.42,0.42,10000045,2015-06-24,2015-06-24,C,2.45,2015-02-10
15885,2015-04-08 10:16:00,2015-04-08,0.42,0.0,0.0,0.0,0.42,0.42,0.42,10000045,2015-06-24,2015-06-24,C,2.45,2015-02-10
15886,2015-04-08 10:17:00,2015-04-08,0.42,0.0,0.0,0.0,0.42,0.42,0.42,10000045,2015-06-24,2015-06-24,C,2.45,2015-02-10
15887,2015-04-08 10:18:00,2015-04-08,0.42,0.0,0.0,0.0,0.42,0.42,0.42,10000045,2015-06-24,2015-06-24,C,2.45,2015-02-10
15888,2015-04-08 10:19:00,2015-04-08,0.42,0.0,0.0,0.0,0.42,0.42,0.42,10000045,2015-06-24,2015-06-24,C,2.45,2015-02-10
15889,2015-04-08 10:20:00,2015-04-08,0.42,0.0,0.0,0.0,0.42,0.42,0.42,10000045,2015-06-24,2015-06-24,C,2.45,2015-02-10
15890,2015-04-08 10:21:00,2015-04-08,0.42,0.0,0.0,0.0,0.42,0.42,0.42,10000045,2015-06-24,2015-06-24,C,2.45,2015-02-10
15891,2015-04-08 10:22:00,2015-04-08,0.42,0.0,0.0,0.0,0.42,0.42,0.42,10000045,2015-06-24,2015-06-24,C,2.45,2015-02-10
15892,2015-04-08 10:23:00,2015-04-08,0.42,0.0,0.0,0.0,0.42,0.42,0.42,10000045,2015-06-24,2015-06-24,C,2.45,2015-02-10
15893,2015-04-08 10:24:00,2015-04-08,0.42,0.0,0.0,0.0,0.42,0.42,0.42,10000045,2015-06-24,2015-06-24,C,2.45,2015-02-10
15894,2015-04-08 10:25:00,2015-04-08,0.42,0.0,0.0,0.0,0.42,0.42,0.42,10000045,2015-06-24,2015-06-24,C,2.45,2015-02-10
15895,2015-04-08 10:26:00,2015-04-08,0.42,0.0,0.0,0.0,0.42,0.42,0.42,10000045,2015-06-24,2015-06-24,C,2.45,2015-02-10
15896,2015-04-08 10:27:00,2015-04-08,0.42,0.0,0.0,0.0,0.42,0.42,0.42,10000045,2015-06-24,2015-06-24,C,2.45,2015-02-10
15897,2015-04-08 10:28:00,2015-04-08,0.42,0.0,0.0,0.0,0.42,0.42,0.42,10000045,2015-06-24,2015-06-24,C,2.45,2015-02-10
15898,2015-04-08 10:29:00,2015-04-08,0.42,0.0,0.0,0.0,0.42,0.42,0.42,10000045,2015-06-24,2015-06-24,C,2.45,2015-02-10
15899,2015-04-08 10:30:00,2015-04-08,0.42,0.0,0.0,0.0,0.42,0.42,0.42,10000045,2015-06-24,2015-06-24,C,2.45,2015-02-10
15900,2015-04-08 10:31:00,2015-04-08,0.42,0.0,0.0,0.0,0.42,0.42,0.42,10000045,2015-06-24,2015-06-24,C,2.45,2015-02-10
15901,2015-04-08 10:32:00,2015-04-08,0.42,0.0,0.0,0.0,0.42,0.42,0.42,10000045,2015-06-24,2015-06-24,C,2.45,2015-02-10
15902,2015-04-08 10:33:00,2015-04-08,0.42,0.0,0.0,0.0,0.42,0.42,0.42,10000045,2015-06-24,2015-06-24,C,2.45,2015-02-10
15903,2015-04-08 10:34:00,2015-04-08,0.42,0.0,0.0,0.0,0.42,0.42,0.42,10000045,2015-06-24,2015-06-24,C,2.45,2015-02-10
15904,2015-04-08 10:35:00,2015-04-08,0.42,0.0,0.0,0.0,0.42,0.42,0.42,10000045,2015-06-24,2015-06-24,C,2.45,2015-02-10
15905,2015-04-08 10:36:00,2015-04-08,0.42,0.0,0.0,0.0,0.42,0.42,0.42,10000045,2015-06-24,2015-06-24,C,2.45,2015-02-10
15906,2015-04-08 10:37:00,2015-04-08,0.42,0.0,0.0,0.0,0.42,0.42,0.42,10000045,2015-06-24,2015-06-24,C,2.45,2015-02-10
15907,2015-04-08 10:38:00,2015-04-08,0.42,0.0,0.0,0.0,0.42,0.42,0.42,10000045,2015-06-24,2015-06-24,C,2.45,2015-02-10
15908,2015-04-08 10:39:00,2015-04-08,0.42,0.0,0.0,0.0,0.42,0.42,0.42,10000045,2015-06-24,2015-06-24,C,2.45,2015-02-10
15909,2015-04-08 10:40:00,2015-04-08,0.42,0.0,0.0,0.0,0.42,0.42,0.42,10000045,2015-06-24,2015-06-24,C,2.45,2015-02-10
15910,2015-04-08 10:41:00,2015-04-08,0.42,0.0,0.0,0.0,0.42,0.42,0.42,10000045,2015-06-24,2015-06-24,C,2.45,2015-02-10
15911,2015-04-08 10:42:00,2015-04-08,0.42,0.0,0.0,0.0,0.42,0.42,0.42,10000045,2015-06-24,2015-06-24,C,2.45,2015-02-10
15912,2015-04-08 10:43:00,2015-04-08,0.42,0.0,0.0,0.0,0.42,0.42,0.42,10000045,2015-06-24,2015-06-24,C,2.45,2015-02-10
15913,2015-04-08 10:44:00,2015-04-08,0.42,0.0,0.0,0.0,0.42,0.42,0.42,10000045,2015-06-24,2015-06-24,C,2.45,2015-02-10
15914,2015-04-08 10:45:00,2015-04-08,0.42,0.0,0.0,0.0,0.42,0.42,0.42,10000045,2015-06-24,2015-06-24,C,2.45,2015-02-10
15915,2015-04-08 10:46:00,2015-04-08,0.42,0.0,0.0,0.0,0.42,0.42,0.42,10000045,2015-06-24,2015-06-24,C,2.45,2015-02-10
15916,2015-04-08 10:47:00,2015-04-08,0.42,0.0,0.0,0.0,0.42,0.42,0.42,10000045,2015-06-24,2015-06-24,C,2.45,2015-02-10
15917,2015-04-08 10:48:00,2015-04-08,0.42,0.0,0.0,0.0,0.42,0.42,0.42,10000045,2015-06-24,2015-06-24,C,2.45,2015-02-10
15918,2015-04-08 10:49:00,2015-04-08,0.42,0.0,0.0,0.0,0.42,0.42,0.42,10000045,2015-06-24,2015-06-24,C,2.45,2015-02-10
15919,2015-04-08 10:50:00,2015-04-08,0.42,0.0,0.0,0.0,0.42,0.42,0.42,10000045,2015-06-24,2015-06-24,C,2.45,2015-02-10
15920,2015-04-08 10:51:00,2015-04-08,0.42,0.0,0.0,0.0,0.42,0.42,0.42,10000045,2015-06-24,2015-06-24,C,2.45,2015-02-10
15921,2015-04-08 10:52:00,2015-04-08,0.42,0.0,0.0,0.0,0.42,0.42,0.42,10000045,2015-06-24,2015-06-24,C,2.45,2015-02-10
15922,2015-04-08 10:53:00,2015-04-08,0.42,0.0,0.0,0.0,0.42,0.42,0.42,10000045,2015-06-24,2015-06-24,C,2.45,2015-02-10
15923,2015-04-08 10:54:00,2015-04-08,0.42,0.0,0.0,0.0,0.42,0.42,0.42,10000045,2015-06-24,2015-06-24,C,2.45,2015-02-10
15924,2015-04-08 10:55:00,2015-04-08,0.42,0.0,0.0,0.0,0.42,0.42,0.42,10000045,2015-06-24,2015-06-24,C,2.45,2015-02-10
15925,2015-04-08 10:56:00,2015-04-08,0.42,0.0,0.0,0.0,0.42,0.42,0.42,10000045,2015-06-24,2015-06-24,C,2.45,2015-02-10
15926,2015-04-08 10:57:00,2015-04-08,0.42,0.0,0.0,0.0,0.42,0.42,0.42,10000045,2015-06-24,2015-06-24,C,2.45,2015-02-10
15927,2015-04-08 10:58:00,2015-04-08,0.42,0.0,0.0,0.0,0.42,0.42,0.42,10000045,2015-06-24,2015-06-24,C,2.45,2015-02-10
15928,2015-04-08 10:59:00,2015-04-08,0.42,0.0,0.0,0.0,0.42,0.42,0.42,10000045,2015-06-24,2015-06-24,C,2.45,2015-02-10
15929,2015-04-08 11:00:00,2015-04-08,0.42,0.0,0.0,0.0,0.42,0.42,0.42,10000045,2015-06-24,2015-06-24,C,2.45,2015-02-10
15930,2015-04-08 11:01:00,2015-04-08,0.42,0.0,0.0,0.0,0.42,0.42,0.42,10000045,2015-06-24,2015-06-24,C,2.45,2015-02-10
15931,2015-04-08 11:02:00,2015-04-08,0.42,0.0,0.0,0.0,0.42,0.42,0.42,10000045,2015-06-24,2015-06-24,C,2.45,2015-02-10
15932,2015-04-08 11:03:00,2015-04-08,0.42,0.0,0.0,0.0,0.42,0.42,0.42,10000045,2015-06-24,2015-06-24,C,2.45,2015-02-10
15933,2015-04-08 11:04:00,2015-04-08,0.42,0.0,0.0,0.0,0.42,0.42,0.42,10000045,2015-06-24,2015-06-24,C,2.45,2015-02-10
15934,2015-04-08 11:05:00,2015-04-08,0.42,0.0,0.0,0.0,0.42,0.42,0.42,10000045,2015-06-24,2015-06-24,C,2.45,2015-02-10
15935,2015-04-08 11:06:00,2015-04-08,0.42,0.0,0.0,0.0,0.42,0.42,0.42,10000045,2015-06-24,2015-06-24,C,2.45,2015-02-10
15936,2015-04-08 11:07:00,2015-04-08,0.42,0.0,0.0,0.0,0.42,0.42,0.42,10000045,2015-06-24,2015-06-24,C,2.45,2015-02-10
15937,2015-04-08 11:08:00,2015-04-08,0.42,0.0,0.0,0.0,0.42,0.42,0.42,10000045,2015-06-24,2015-06-24,C,2.45,2015-02-10
15938,2015-04-08 11:09:00,2015-04-08,0.4228,-23627.0,-5.0,346.0,0.4228,0.4228,0.4228,10000045,2015-06-24,2015-06-24,C,2.45,2015-02-10
15939,2015-04-08 11:10:00,2015-04-08,0.4228,0.0,0.0,346.0,0.4228,0.4228,0.4228,10000045,2015-06-24,2015-06-24,C,2.45,2015-02-10
15940,2015-04-08 11:11:00,2015-04-08,0.4228,0.0,0.0,346.0,0.4228,0.4228,0.4228,10000045,2015-06-24,2015-06-24,C,2.45,2015-02-10
15941,2015-04-08 11:12:00,2015-04-08,0.4228,0.0,0.0,346.0,0.4228,0.4228,0.4228,10000045,2015-06-24,2015-06-24,C,2.45,2015-02-10
15942,2015-04-08 11:13:00,2015-04-08,0.4228,0.0,0.0,346.0,0.4228,0.4228,0.4228,10000045,2015-06-24,2015-06-24,C,2.45,2015-02-10
15943,2015-04-08 11:14:00,2015-04-08,0.4228,0.0,0.0,346.0,0.4228,0.4228,0.4228,10000045,2015-06-24,2015-06-24,C,2.45,2015-02-10
15944,2015-04-08 11:15:00,2015-04-08,0.4228,0.0,0.0,346.0,0.4228,0.4228,0.4228,10000045,2015-06-24,2015-06-24,C,2.45,2015-02-10
15945,2015-04-08 11:16:00,2015-04-08,0.4228,0.0,0.0,346.0,0.4228,0.4228,0.4228,10000045,2015-06-24,2015-06-24,C,2.45,2015-02-10
15946,2015-04-08 11:17:00,2015-04-08,0.4228,0.0,0.0,346.0,0.4228,0.4228,0.4228,10000045,2015-06-24,2015-06-24,C,2.45,2015-02-10
15947,2015-04-08 11:18:00,2015-04-08,0.4228,0.0,0.0,346.0,0.4228,0.4228,0.4228,10000045,2015-06-24,2015-06-24,C,2.45,2015-02-10
15948,2015-04-08 11:19:00,2015-04-08,0.4228,0.0,0.0,346.0,0.4228,0.4228,0.4228,10000045,2015-06-24,2015-06-24,C,2.45,2015-02-10
15949,2015-04-08 11:20:00,2015-04-08,0.4483,4483.0,1.0,345.0,0.4483,0.4483,0.4483,10000045,2015-06-24,2015-06-24,C,2.45,2015-02-10
15950,2015-04-08 11:21:00,2015-04-08,0.4483,0.0,0.0,345.0,0.4483,0.4483,0.4483,10000045,2015-06-24,2015-06-24,C,2.45,2015-02-10
15951,2015-04-08 11:22:00,2015-04-08,0.4483,0.0,0.0,345.0,0.4483,0.4483,0.4483,10000045,2015-06-24,2015-06-24,C,2.45,2015-02-10
15952,2015-04-08 11:23:00,2015-04-08,0.4483,0.0,0.0,345.0,0.4483,0.4483,0.4483,10000045,2015-06-24,2015-06-24,C,2.45,2015-02-10
15953,2015-04-08 11:24:00,2015-04-08,0.4483,0.0,0.0,345.0,0.4483,0.4483,0.4483,10000045,2015-06-24,2015-06-24,C,2.45,2015-02-10
15954,2015-04-08 11:25:00,2015-04-08,0.4483,0.0,0.0,345.0,0.4483,0.4483,0.4483,10000045,2015-06-24,2015-06-24,C,2.45,2015-02-10
15955,2015-04-08 11:26:00,2015-04-08,0.4483,0.0,0.0,345.0,0.4483,0.4483,0.4483,10000045,2015-06-24,2015-06-24,C,2.45,2015-02-10
15956,2015-04-08 11:27:00,2015-04-08,0.4483,0.0,0.0,345.0,0.4483,0.4483,0.4483,10000045,2015-06-24,2015-06-24,C,2.45,2015-02-10
15957,2015-04-08 11:28:00,2015-04-08,0.4483,0.0,0.0,345.0,0.4483,0.4483,0.4483,10000045,2015-06-24,2015-06-24,C,2.45,2015-02-10
15958,2015-04-08 11:29:00,2015-04-08,0.4483,0.0,0.0,345.0,0.4483,0.4483,0.4483,10000045,2015-06-24,2015-06-24,C,2.45,2015-02-10
15959,2015-04-08 11:30:00,2015-04-08,0.4483,0.0,0.0,345.0,0.4483,0.4483,0.4483,10000045,2015-06-24,2015-06-24,C,2.45,2015-02-10
15960,2015-04-08 13:01:00,2015-04-08,0.4483,0.0,0.0,345.0,0.4483,0.4483,0.4483,10000045,2015-06-24,2015-06-24,C,2.45,2015-02-10
15961,2015-04-08 13:02:00,2015-04-08,0.4483,0.0,0.0,345.0,0.4483,0.4483,0.4483,10000045,2015-06-24,2015-06-24,C,2.45,2015-02-10
15962,2015-04-08 13:03:00,2015-04-08,0.4483,0.0,0.0,345.0,0.4483,0.4483,0.4483,10000045,2015-06-24,2015-06-24,C,2.45,2015-02-10
15963,2015-04-08 13:04:00,2015-04-08,0.4483,0.0,0.0,345.0,0.4483,0.4483,0.4483,10000045,2015-06-24,2015-06-24,C,2.45,2015-02-10
15964,2015-04-08 13:05:00,2015-04-08,0.4483,0.0,0.0,345.0,0.4483,0.4483,0.4483,10000045,2015-06-24,2015-06-24,C,2.45,2015-02-10
15965,2015-04-08 13:06:00,2015-04-08,0.4483,0.0,0.0,345.0,0.4483,0.4483,0.4483,10000045,2015-06-24,2015-06-24,C,2.45,2015-02-10
15966,2015-04-08 13:07:00,2015-04-08,0.4483,0.0,0.0,345.0,0.4483,0.4483,0.4483,10000045,2015-06-24,2015-06-24,C,2.45,2015-02-10
15967,2015-04-08 13:08:00,2015-04-08,0.4483,0.0,0.0,345.0,0.4483,0.4483,0.4483,10000045,2015-06-24,2015-06-24,C,2.45,2015-02-10
15968,2015-04-08 13:09:00,2015-04-08,0.4483,0.0,0.0,345.0,0.4483,0.4483,0.4483,10000045,2015-06-24,2015-06-24,C,2.45,2015-02-10
15969,2015-04-08 13:10:00,2015-04-08,0.4483,0.0,0.0,345.0,0.4483,0.4483,0.4483,10000045,2015-06-24,2015-06-24,C,2.45,2015-02-10
15970,2015-04-08 13:11:00,2015-04-08,0.4483,0.0,0.0,345.0,0.4483,0.4483,0.4483,10000045,2015-06-24,2015-06-24,C,2.45,2015-02-10
15971,2015-04-08 13:12:00,2015-04-08,0.4483,0.0,0.0,345.0,0.4483,0.4483,0.4483,10000045,2015-06-24,2015-06-24,C,2.45,2015-02-10
15972,2015-04-08 13:13:00,2015-04-08,0.4483,0.0,0.0,345.0,0.4483,0.4483,0.4483,10000045,2015-06-24,2015-06-24,C,2.45,2015-02-10
15973,2015-04-08 13:14:00,2015-04-08,0.4483,0.0,0.0,345.0,0.4483,0.4483,0.4483,10000045,2015-06-24,2015-06-24,C,2.45,2015-02-10
15974,2015-04-08 13:15:00,2015-04-08,0.4483,0.0,0.0,345.0,0.4483,0.4483,0.4483,10000045,2015-06-24,2015-06-24,C,2.45,2015-02-10
15975,2015-04-08 13:16:00,2015-04-08,0.4483,0.0,0.0,345.0,0.4483,0.4483,0.4483,10000045,2015-06-24,2015-06-24,C,2.45,2015-02-10
15976,2015-04-08 13:17:00,2015-04-08,0.4483,0.0,0.0,345.0,0.4483,0.4483,0.4483,10000045,2015-06-24,2015-06-24,C,2.45,2015-02-10
15977,2015-04-08 13:18:00,2015-04-08,0.4483,0.0,0.0,345.0,0.4483,0.4483,0.4483,10000045,2015-06-24,2015-06-24,C,2.45,2015-02-10
15978,2015-04-08 13:19:00,2015-04-08,0.4483,0.0,0.0,345.0,0.4483,0.4483,0.4483,10000045,2015-06-24,2015-06-24,C,2.45,2015-02-10
15979,2015-04-08 13:20:00,2015-04-08,0.4483,0.0,0.0,345.0,0.4483,0.4483,0.4483,10000045,2015-06-24,2015-06-24,C,2.45,2015-02-10
15980,2015-04-08 13:21:00,2015-04-08,0.4483,0.0,0.0,345.0,0.4483,0.4483,0.4483,10000045,2015-06-24,2015-06-24,C,2.45,2015-02-10
15981,2015-04-08 13:22:00,2015-04-08,0.4483,0.0,0.0,345.0,0.4483,0.4483,0.4483,10000045,2015-06-24,2015-06-24,C,2.45,2015-02-10
15982,2015-04-08 13:23:00,2015-04-08,0.4483,0.0,0.0,345.0,0.4483,0.4483,0.4483,10000045,2015-06-24,2015-06-24,C,2.45,2015-02-10
15983,2015-04-08 13:24:00,2015-04-08,0.4483,0.0,0.0,345.0,0.4483,0.4483,0.4483,10000045,2015-06-24,2015-06-24,C,2.45,2015-02-10
15984,2015-04-08 13:25:00,2015-04-08,0.4483,0.0,0.0,345.0,0.4483,0.4483,0.4483,10000045,2015-06-24,2015-06-24,C,2.45,2015-02-10
15985,2015-04-08 13:26:00,2015-04-08,0.4483,0.0,0.0,345.0,0.4483,0.4483,0.4483,10000045,2015-06-24,2015-06-24,C,2.45,2015-02-10
15986,2015-04-08 13:27:00,2015-04-08,0.4483,0.0,0.0,345.0,0.4483,0.4483,0.4483,10000045,2015-06-24,2015-06-24,C,2.45,2015-02-10
15987,2015-04-08 13:28:00,2015-04-08,0.4483,0.0,0.0,345.0,0.4483,0.4483,0.4483,10000045,2015-06-24,2015-06-24,C,2.45,2015-02-10
15988,2015-04-08 13:29:00,2015-04-08,0.4483,0.0,0.0,345.0,0.4483,0.4483,0.4483,10000045,2015-06-24,2015-06-24,C,2.45,2015-02-10
15989,2015-04-08 13:30:00,2015-04-08,0.4483,0.0,0.0,345.0,0.4483,0.4483,0.4483,10000045,2015-06-24,2015-06-24,C,2.45,2015-02-10
15990,2015-04-08 13:31:00,2015-04-08,0.4483,0.0,0.0,345.0,0.4483,0.4483,0.4483,10000045,2015-06-24,2015-06-24,C,2.45,2015-02-10
15991,2015-04-08 13:32:00,2015-04-08,0.4483,0.0,0.0,345.0,0.4483,0.4483,0.4483,10000045,2015-06-24,2015-06-24,C,2.45,2015-02-10
15992,2015-04-08 13:33:00,2015-04-08,0.4483,0.0,0.0,345.0,0.4483,0.4483,0.4483,10000045,2015-06-24,2015-06-24,C,2.45,2015-02-10
15993,2015-04-08 13:34:00,2015-04-08,0.4483,0.0,0.0,345.0,0.4483,0.4483,0.4483,10000045,2015-06-24,2015-06-24,C,2.45,2015-02-10
15994,2015-04-08 13:35:00,2015-04-08,0.4483,0.0,0.0,345.0,0.4483,0.4483,0.4483,10000045,2015-06-24,2015-06-24,C,2.45,2015-02-10
15995,2015-04-08 13:36:00,2015-04-08,0.4483,0.0,0.0,345.0,0.4483,0.4483,0.4483,10000045,2015-06-24,2015-06-24,C,2.45,2015-02-10
15996,2015-04-08 13:37:00,2015-04-08,0.4483,0.0,0.0,345.0,0.4483,0.4483,0.4483,10000045,2015-06-24,2015-06-24,C,2.45,2015-02-10
15997,2015-04-08 13:38:00,2015-04-08,0.4483,0.0,0.0,345.0,0.4483,0.4483,0.4483,10000045,2015-06-24,2015-06-24,C,2.45,2015-02-10
15998,2015-04-08 13:39:00,2015-04-08,0.4483,0.0,0.0,345.0,0.4483,0.4483,0.4483,10000045,2015-06-24,2015-06-24,C,2.45,2015-02-10
15999,2015-04-08 13:40:00,2015-04-08,0.4483,0.0,0.0,345.0,0.4483,0.4483,0.4483,10000045,2015-06-24,2015-06-24,C,2.45,2015-02-10
16000,2015-04-08 13:41:00,2015-04-08,0.4483,0.0,0.0,345.0,0.4483,0.4483,0.4483,10000045,2015-06-24,2015-06-24,C,2.45,2015-02-10
16001,2015-04-08 13:42:00,2015-04-08,0.4483,0.0,0.0,345.0,0.4483,0.4483,0.4483,10000045,2015-06-24,2015-06-24,C,2.45,2015-02-10
16002,2015-04-08 13:43:00,2015-04-08,0.4483,0.0,0.0,345.0,0.4483,0.4483,0.4483,10000045,2015-06-24,2015-06-24,C,2.45,2015-02-10
16003,2015-04-08 13:44:00,2015-04-08,0.4483,0.0,0.0,345.0,0.4483,0.4483,0.4483,10000045,2015-06-24,2015-06-24,C,2.45,2015-02-10
16004,2015-04-08 13:45:00,2015-04-08,0.4483,0.0,0.0,345.0,0.4483,0.4483,0.4483,10000045,2015-06-24,2015-06-24,C,2.45,2015-02-10
16005,2015-04-08 13:46:00,2015-04-08,0.4483,0.0,0.0,345.0,0.4483,0.4483,0.4483,10000045,2015-06-24,2015-06-24,C,2.45,2015-02-10
16006,2015-04-08 13:47:00,2015-04-08,0.4483,0.0,0.0,345.0,0.4483,0.4483,0.4483,10000045,2015-06-24,2015-06-24,C,2.45,2015-02-10
16007,2015-04-08 13:48:00,2015-04-08,0.4483,0.0,0.0,345.0,0.4483,0.4483,0.4483,10000045,2015-06-24,2015-06-24,C,2.45,2015-02-10
16008,2015-04-08 13:49:00,2015-04-08,0.4483,0.0,0.0,345.0,0.4483,0.4483,0.4483,10000045,2015-06-24,2015-06-24,C,2.45,2015-02-10
16009,2015-04-08 13:50:00,2015-04-08,0.4483,0.0,0.0,345.0,0.4483,0.4483,0.4483,10000045,2015-06-24,2015-06-24,C,2.45,2015-02-10
16010,2015-04-08 13:51:00,2015-04-08,0.4483,0.0,0.0,345.0,0.4483,0.4483,0.4483,10000045,2015-06-24,2015-06-24,C,2.45,2015-02-10
16011,2015-04-08 13:52:00,2015-04-08,0.4483,0.0,0.0,345.0,0.4483,0.4483,0.4483,10000045,2015-06-24,2015-06-24,C,2.45,2015-02-10
16012,2015-04-08 13:53:00,2015-04-08,0.4483,0.0,0.0,345.0,0.4483,0.4483,0.4483,10000045,2015-06-24,2015-06-24,C,2.45,2015-02-10
16013,2015-04-08 13:54:00,2015-04-08,0.4483,0.0,0.0,345.0,0.4483,0.4483,0.4483,10000045,2015-06-24,2015-06-24,C,2.45,2015-02-10
16014,2015-04-08 13:55:00,2015-04-08,0.4483,0.0,0.0,345.0,0.4483,0.4483,0.4483,10000045,2015-06-24,2015-06-24,C,2.45,2015-02-10
16015,2015-04-08 13:56:00,2015-04-08,0.4483,0.0,0.0,345.0,0.4483,0.4483,0.4483,10000045,2015-06-24,2015-06-24,C,2.45,2015-02-10
16016,2015-04-08 13:57:00,2015-04-08,0.4483,0.0,0.0,345.0,0.4483,0.4483,0.4483,10000045,2015-06-24,2015-06-24,C,2.45,2015-02-10
16017,2015-04-08 13:58:00,2015-04-08,0.4483,0.0,0.0,345.0,0.4483,0.4483,0.4483,10000045,2015-06-24,2015-06-24,C,2.45,2015-02-10
16018,2015-04-08 13:59:00,2015-04-08,0.4483,0.0,0.0,345.0,0.4483,0.4483,0.4483,10000045,2015-06-24,2015-06-24,C,2.45,2015-02-10
16019,2015-04-08 14:00:00,2015-04-08,0.4483,0.0,0.0,345.0,0.4483,0.4483,0.4483,10000045,2015-06-24,2015-06-24,C,2.45,2015-02-10
16020,2015-04-08 14:01:00,2015-04-08,0.4483,0.0,0.0,345.0,0.4483,0.4483,0.4483,10000045,2015-06-24,2015-06-24,C,2.45,2015-02-10
16021,2015-04-08 14:02:00,2015-04-08,0.4483,0.0,0.0,345.0,0.4483,0.4483,0.4483,10000045,2015-06-24,2015-06-24,C,2.45,2015-02-10
16022,2015-04-08 14:03:00,2015-04-08,0.4483,0.0,0.0,345.0,0.4483,0.4483,0.4483,10000045,2015-06-24,2015-06-24,C,2.45,2015-02-10
16023,2015-04-08 14:04:00,2015-04-08,0.4483,0.0,0.0,345.0,0.4483,0.4483,0.4483,10000045,2015-06-24,2015-06-24,C,2.45,2015-02-10
16024,2015-04-08 14:05:00,2015-04-08,0.4483,0.0,0.0,345.0,0.4483,0.4483,0.4483,10000045,2015-06-24,2015-06-24,C,2.45,2015-02-10
16025,2015-04-08 14:06:00,2015-04-08,0.4483,0.0,0.0,345.0,0.4483,0.4483,0.4483,10000045,2015-06-24,2015-06-24,C,2.45,2015-02-10
16026,2015-04-08 14:07:00,2015-04-08,0.4483,0.0,0.0,345.0,0.4483,0.4483,0.4483,10000045,2015-06-24,2015-06-24,C,2.45,2015-02-10
16027,2015-04-08 14:08:00,2015-04-08,0.4483,0.0,0.0,345.0,0.4483,0.4483,0.4483,10000045,2015-06-24,2015-06-24,C,2.45,2015-02-10
16028,2015-04-08 14:09:00,2015-04-08,0.4483,0.0,0.0,345.0,0.4483,0.4483,0.4483,10000045,2015-06-24,2015-06-24,C,2.45,2015-02-10
16029,2015-04-08 14:10:00,2015-04-08,0.4483,0.0,0.0,345.0,0.4483,0.4483,0.4483,10000045,2015-06-24,2015-06-24,C,2.45,2015-02-10
16030,2015-04-08 14:11:00,2015-04-08,0.4483,0.0,0.0,345.0,0.4483,0.4483,0.4483,10000045,2015-06-24,2015-06-24,C,2.45,2015-02-10
16031,2015-04-08 14:12:00,2015-04-08,0.4483,0.0,0.0,345.0,0.4483,0.4483,0.4483,10000045,2015-06-24,2015-06-24,C,2.45,2015-02-10
16032,2015-04-08 14:13:00,2015-04-08,0.4483,0.0,0.0,345.0,0.4483,0.4483,0.4483,10000045,2015-06-24,2015-06-24,C,2.45,2015-02-10
16033,2015-04-08 14:14:00,2015-04-08,0.4483,0.0,0.0,345.0,0.4483,0.4483,0.4483,10000045,2015-06-24,2015-06-24,C,2.45,2015-02-10
16034,2015-04-08 14:15:00,2015-04-08,0.4483,0.0,0.0,345.0,0.4483,0.4483,0.4483,10000045,2015-06-24,2015-06-24,C,2.45,2015-02-10
16035,2015-04-08 14:16:00,2015-04-08,0.4483,0.0,0.0,345.0,0.4483,0.4483,0.4483,10000045,2015-06-24,2015-06-24,C,2.45,2015-02-10
16036,2015-04-08 14:17:00,2015-04-08,0.4483,0.0,0.0,345.0,0.4483,0.4483,0.4483,10000045,2015-06-24,2015-06-24,C,2.45,2015-02-10
16037,2015-04-08 14:18:00,2015-04-08,0.4483,0.0,0.0,345.0,0.4483,0.4483,0.4483,10000045,2015-06-24,2015-06-24,C,2.45,2015-02-10
16038,2015-04-08 14:19:00,2015-04-08,0.4483,0.0,0.0,345.0,0.4483,0.4483,0.4483,10000045,2015-06-24,2015-06-24,C,2.45,2015-02-10
16039,2015-04-08 14:20:00,2015-04-08,0.4483,0.0,0.0,345.0,0.4483,0.4483,0.4483,10000045,2015-06-24,2015-06-24,C,2.45,2015-02-10
16040,2015-04-08 14:21:00,2015-04-08,0.4483,0.0,0.0,345.0,0.4483,0.4483,0.4483,10000045,2015-06-24,2015-06-24,C,2.45,2015-02-10
16041,2015-04-08 14:22:00,2015-04-08,0.4483,0.0,0.0,345.0,0.4483,0.4483,0.4483,10000045,2015-06-24,2015-06-24,C,2.45,2015-02-10
16042,2015-04-08 14:23:00,2015-04-08,0.4483,0.0,0.0,345.0,0.4483,0.4483,0.4483,10000045,2015-06-24,2015-06-24,C,2.45,2015-02-10
16043,2015-04-08 14:24:00,2015-04-08,0.4483,0.0,0.0,345.0,0.4483,0.4483,0.4483,10000045,2015-06-24,2015-06-24,C,2.45,2015-02-10
16044,2015-04-08 14:25:00,2015-04-08,0.4483,0.0,0.0,345.0,0.4483,0.4483,0.4483,10000045,2015-06-24,2015-06-24,C,2.45,2015-02-10
16045,2015-04-08 14:26:00,2015-04-08,0.4483,0.0,0.0,345.0,0.4483,0.4483,0.4483,10000045,2015-06-24,2015-06-24,C,2.45,2015-02-10
16046,2015-04-08 14:27:00,2015-04-08,0.4483,0.0,0.0,345.0,0.4483,0.4483,0.4483,10000045,2015-06-24,2015-06-24,C,2.45,2015-02-10
16047,2015-04-08 14:28:00,2015-04-08,0.4483,0.0,0.0,345.0,0.4483,0.4483,0.4483,10000045,2015-06-24,2015-06-24,C,2.45,2015-02-10
16048,2015-04-08 14:29:00,2015-04-08,0.4483,0.0,0.0,345.0,0.4483,0.4483,0.4483,10000045,2015-06-24,2015-06-24,C,2.45,2015-02-10
16049,2015-04-08 14:30:00,2015-04-08,0.4483,0.0,0.0,345.0,0.4483,0.4483,0.4483,10000045,2015-06-24,2015-06-24,C,2.45,2015-02-10
16050,2015-04-08 14:31:00,2015-04-08,0.4483,0.0,0.0,345.0,0.4483,0.4483,0.4483,10000045,2015-06-24,2015-06-24,C,2.45,2015-02-10
16051,2015-04-08 14:32:00,2015-04-08,0.4483,0.0,0.0,345.0,0.4483,0.4483,0.4483,10000045,2015-06-24,2015-06-24,C,2.45,2015-02-10
16052,2015-04-08 14:33:00,2015-04-08,0.4483,0.0,0.0,345.0,0.4483,0.4483,0.4483,10000045,2015-06-24,2015-06-24,C,2.45,2015-02-10
16053,2015-04-08 14:34:00,2015-04-08,0.4483,0.0,0.0,345.0,0.4483,0.4483,0.4483,10000045,2015-06-24,2015-06-24,C,2.45,2015-02-10
16054,2015-04-08 14:35:00,2015-04-08,0.4483,0.0,0.0,345.0,0.4483,0.4483,0.4483,10000045,2015-06-24,2015-06-24,C,2.45,2015-02-10
16055,2015-04-08 14:36:00,2015-04-08,0.4483,0.0,0.0,345.0,0.4483,0.4483,0.4483,10000045,2015-06-24,2015-06-24,C,2.45,2015-02-10
16056,2015-04-08 14:37:00,2015-04-08,0.4483,0.0,0.0,345.0,0.4483,0.4483,0.4483,10000045,2015-06-24,2015-06-24,C,2.45,2015-02-10
16057,2015-04-08 14:38:00,2015-04-08,0.4786,19144.0,4.0,349.0,0.4786,0.4786,0.4786,10000045,2015-06-24,2015-06-24,C,2.45,2015-02-10
16058,2015-04-08 14:39:00,2015-04-08,0.4786,0.0,0.0,349.0,0.4786,0.4786,0.4786,10000045,2015-06-24,2015-06-24,C,2.45,2015-02-10
16059,2015-04-08 14:40:00,2015-04-08,0.4786,0.0,0.0,349.0,0.4786,0.4786,0.4786,10000045,2015-06-24,2015-06-24,C,2.45,2015-02-10
16060,2015-04-08 14:41:00,2015-04-08,0.4786,0.0,0.0,349.0,0.4786,0.4786,0.4786,10000045,2015-06-24,2015-06-24,C,2.45,2015-02-10
16061,2015-04-08 14:42:00,2015-04-08,0.4786,0.0,0.0,349.0,0.4786,0.4786,0.4786,10000045,2015-06-24,2015-06-24,C,2.45,2015-02-10
16062,2015-04-08 14:43:00,2015-04-08,0.4786,0.0,0.0,349.0,0.4786,0.4786,0.4786,10000045,2015-06-24,2015-06-24,C,2.45,2015-02-10
16063,2015-04-08 14:44:00,2015-04-08,0.4786,0.0,0.0,349.0,0.4786,0.4786,0.4786,10000045,2015-06-24,2015-06-24,C,2.45,2015-02-10
16064,2015-04-08 14:45:00,2015-04-08,0.4786,0.0,0.0,349.0,0.4786,0.4786,0.4786,10000045,2015-06-24,2015-06-24,C,2.45,2015-02-10
16065,2015-04-08 14:46:00,2015-04-08,0.4786,0.0,0.0,349.0,0.4786,0.4786,0.4786,10000045,2015-06-24,2015-06-24,C,2.45,2015-02-10
16066,2015-04-08 14:47:00,2015-04-08,0.4786,0.0,0.0,349.0,0.4786,0.4786,0.4786,10000045,2015-06-24,2015-06-24,C,2.45,2015-02-10
16067,2015-04-08 14:48:00,2015-04-08,0.4786,0.0,0.0,349.0,0.4786,0.4786,0.4786,10000045,2015-06-24,2015-06-24,C,2.45,2015-02-10
16068,2015-04-08 14:49:00,2015-04-08,0.4786,0.0,0.0,349.0,0.4786,0.4786,0.4786,10000045,2015-06-24,2015-06-24,C,2.45,2015-02-10
16069,2015-04-08 14:50:00,2015-04-08,0.4786,0.0,0.0,349.0,0.4786,0.4786,0.4786,10000045,2015-06-24,2015-06-24,C,2.45,2015-02-10
16070,2015-04-08 14:51:00,2015-04-08,0.4786,0.0,0.0,349.0,0.4786,0.4786,0.4786,10000045,2015-06-24,2015-06-24,C,2.45,2015-02-10
16071,2015-04-08 14:52:00,2015-04-08,0.4786,0.0,0.0,349.0,0.4786,0.4786,0.4786,10000045,2015-06-24,2015-06-24,C,2.45,2015-02-10
16072,2015-04-08 14:53:00,2015-04-08,0.4786,0.0,0.0,349.0,0.4786,0.4786,0.4786,10000045,2015-06-24,2015-06-24,C,2.45,2015-02-10
16073,2015-04-08 14:54:00,2015-04-08,0.4786,0.0,0.0,349.0,0.4786,0.4786,0.4786,10000045,2015-06-24,2015-06-24,C,2.45,2015-02-10
16074,2015-04-08 14:55:00,2015-04-08,0.4786,0.0,0.0,349.0,0.4786,0.4786,0.4786,10000045,2015-06-24,2015-06-24,C,2.45,2015-02-10
16075,2015-04-08 14:56:00,2015-04-08,0.4786,0.0,0.0,349.0,0.4786,0.4786,0.4786,10000045,2015-06-24,2015-06-24,C,2.45,2015-02-10
16076,2015-04-08 14:57:00,2015-04-08,0.4786,0.0,0.0,349.0,0.4786,0.4786,0.4786,10000045,2015-06-24,2015-06-24,C,2.45,2015-02-10
16077,2015-04-08 14:58:00,2015-04-08,0.4786,0.0,0.0,349.0,0.4786,0.4786,0.4786,10000045,2015-06-24,2015-06-24,C,2.45,2015-02-10
16078,2015-04-08 14:59:00,2015-04-08,0.4786,0.0,0.0,349.0,0.4786,0.4786,0.4786,10000045,2015-06-24,2015-06-24,C,2.45,2015-02-10
16079,2015-04-08 15:00:00,2015-04-08,0.4786,0.0,0.0,349.0,0.4786,0.4786,0.4786,10000045,2015-06-24,2015-06-24,C,2.45,2015-02-10
16080,2015-04-08 09:31:00,2015-04-08,0.3664,0.0,0.0,0.0,0.3664,0.3664,0.3664,10000079,2015-09-23,2015-09-23,C,2.65,2015-03-18
16081,2015-04-08 09:32:00,2015-04-08,0.3664,0.0,0.0,0.0,0.3664,0.3664,0.3664,10000079,2015-09-23,2015-09-23,C,2.65,2015-03-18
16082,2015-04-08 09:33:00,2015-04-08,0.3664,0.0,0.0,0.0,0.3664,0.3664,0.3664,10000079,2015-09-23,2015-09-23,C,2.65,2015-03-18
16083,2015-04-08 09:34:00,2015-04-08,0.3664,0.0,0.0,0.0,0.3664,0.3664,0.3664,10000079,2015-09-23,2015-09-23,C,2.65,2015-03-18
16084,2015-04-08 09:35:00,2015-04-08,0.3664,0.0,0.0,0.0,0.3664,0.3664,0.3664,10000079,2015-09-23,2015-09-23,C,2.65,2015-03-18
16085,2015-04-08 09:36:00,2015-04-08,0.3664,0.0,0.0,0.0,0.3664,0.3664,0.3664,10000079,2015-09-23,2015-09-23,C,2.65,2015-03-18
16086,2015-04-08 09:37:00,2015-04-08,0.3664,0.0,0.0,0.0,0.3664,0.3664,0.3664,10000079,2015-09-23,2015-09-23,C,2.65,2015-03-18
16087,2015-04-08 09:38:00,2015-04-08,0.3664,0.0,0.0,0.0,0.3664,0.3664,0.3664,10000079,2015-09-23,2015-09-23,C,2.65,2015-03-18
16088,2015-04-08 09:39:00,2015-04-08,0.3664,0.0,0.0,0.0,0.3664,0.3664,0.3664,10000079,2015-09-23,2015-09-23,C,2.65,2015-03-18
16089,2015-04-08 09:40:00,2015-04-08,0.3664,0.0,0.0,0.0,0.3664,0.3664,0.3664,10000079,2015-09-23,2015-09-23,C,2.65,2015-03-18
16090,2015-04-08 09:41:00,2015-04-08,0.3664,0.0,0.0,0.0,0.3664,0.3664,0.3664,10000079,2015-09-23,2015-09-23,C,2.65,2015-03-18
16091,2015-04-08 09:42:00,2015-04-08,0.3664,0.0,0.0,0.0,0.3664,0.3664,0.3664,10000079,2015-09-23,2015-09-23,C,2.65,2015-03-18
16092,2015-04-08 09:43:00,2015-04-08,0.3664,0.0,0.0,0.0,0.3664,0.3664,0.3664,10000079,2015-09-23,2015-09-23,C,2.65,2015-03-18
16093,2015-04-08 09:44:00,2015-04-08,0.3664,0.0,0.0,0.0,0.3664,0.3664,0.3664,10000079,2015-09-23,2015-09-23,C,2.65,2015-03-18
16094,2015-04-08 09:45:00,2015-04-08,0.3664,0.0,0.0,0.0,0.3664,0.3664,0.3664,10000079,2015-09-23,2015-09-23,C,2.65,2015-03-18
16095,2015-04-08 09:46:00,2015-04-08,0.3664,0.0,0.0,0.0,0.3664,0.3664,0.3664,10000079,2015-09-23,2015-09-23,C,2.65,2015-03-18
16096,2015-04-08 09:47:00,2015-04-08,0.3664,0.0,0.0,0.0,0.3664,0.3664,0.3664,10000079,2015-09-23,2015-09-23,C,2.65,2015-03-18
16097,2015-04-08 09:48:00,2015-04-08,0.3664,0.0,0.0,0.0,0.3664,0.3664,0.3664,10000079,2015-09-23,2015-09-23,C,2.65,2015-03-18
16098,2015-04-08 09:49:00,2015-04-08,0.3664,0.0,0.0,0.0,0.3664,0.3664,0.3664,10000079,2015-09-23,2015-09-23,C,2.65,2015-03-18
16099,2015-04-08 09:50:00,2015-04-08,0.3664,0.0,0.0,0.0,0.3664,0.3664,0.3664,10000079,2015-09-23,2015-09-23,C,2.65,2015-03-18
16100,2015-04-08 09:51:00,2015-04-08,0.3664,0.0,0.0,0.0,0.3664,0.3664,0.3664,10000079,2015-09-23,2015-09-23,C,2.65,2015-03-18
16101,2015-04-08 09:52:00,2015-04-08,0.3664,0.0,0.0,0.0,0.3664,0.3664,0.3664,10000079,2015-09-23,2015-09-23,C,2.65,2015-03-18
16102,2015-04-08 09:53:00,2015-04-08,0.3664,0.0,0.0,0.0,0.3664,0.3664,0.3664,10000079,2015-09-23,2015-09-23,C,2.65,2015-03-18
16103,2015-04-08 09:54:00,2015-04-08,0.3664,0.0,0.0,0.0,0.3664,0.3664,0.3664,10000079,2015-09-23,2015-09-23,C,2.65,2015-03-18
16104,2015-04-08 09:55:00,2015-04-08,0.3664,0.0,0.0,0.0,0.3664,0.3664,0.3664,10000079,2015-09-23,2015-09-23,C,2.65,2015-03-18
16105,2015-04-08 09:56:00,2015-04-08,0.3664,0.0,0.0,0.0,0.3664,0.3664,0.3664,10000079,2015-09-23,2015-09-23,C,2.65,2015-03-18
16106,2015-04-08 09:57:00,2015-04-08,0.3664,0.0,0.0,0.0,0.3664,0.3664,0.3664,10000079,2015-09-23,2015-09-23,C,2.65,2015-03-18
16107,2015-04-08 09:58:00,2015-04-08,0.3664,0.0,0.0,0.0,0.3664,0.3664,0.3664,10000079,2015-09-23,2015-09-23,C,2.65,2015-03-18
16108,2015-04-08 09:59:00,2015-04-08,0.3664,0.0,0.0,0.0,0.3664,0.3664,0.3664,10000079,2015-09-23,2015-09-23,C,2.65,2015-03-18
16109,2015-04-08 10:00:00,2015-04-08,0.3664,0.0,0.0,0.0,0.3664,0.3664,0.3664,10000079,2015-09-23,2015-09-23,C,2.65,2015-03-18
16110,2015-04-08 10:01:00,2015-04-08,0.3664,0.0,0.0,0.0,0.3664,0.3664,0.3664,10000079,2015-09-23,2015-09-23,C,2.65,2015-03-18
16111,2015-04-08 10:02:00,2015-04-08,0.3664,0.0,0.0,0.0,0.3664,0.3664,0.3664,10000079,2015-09-23,2015-09-23,C,2.65,2015-03-18
16112,2015-04-08 10:03:00,2015-04-08,0.3664,0.0,0.0,0.0,0.3664,0.3664,0.3664,10000079,2015-09-23,2015-09-23,C,2.65,2015-03-18
16113,2015-04-08 10:04:00,2015-04-08,0.3664,0.0,0.0,0.0,0.3664,0.3664,0.3664,10000079,2015-09-23,2015-09-23,C,2.65,2015-03-18
16114,2015-04-08 10:05:00,2015-04-08,0.3664,0.0,0.0,0.0,0.3664,0.3664,0.3664,10000079,2015-09-23,2015-09-23,C,2.65,2015-03-18
16115,2015-04-08 10:06:00,2015-04-08,0.3664,0.0,0.0,0.0,0.3664,0.3664,0.3664,10000079,2015-09-23,2015-09-23,C,2.65,2015-03-18
16116,2015-04-08 10:07:00,2015-04-08,0.3664,0.0,0.0,0.0,0.3664,0.3664,0.3664,10000079,2015-09-23,2015-09-23,C,2.65,2015-03-18
16117,2015-04-08 10:08:00,2015-04-08,0.3664,0.0,0.0,0.0,0.3664,0.3664,0.3664,10000079,2015-09-23,2015-09-23,C,2.65,2015-03-18
16118,2015-04-08 10:09:00,2015-04-08,0.3664,0.0,0.0,0.0,0.3664,0.3664,0.3664,10000079,2015-09-23,2015-09-23,C,2.65,2015-03-18
16119,2015-04-08 10:10:00,2015-04-08,0.3664,0.0,0.0,0.0,0.3664,0.3664,0.3664,10000079,2015-09-23,2015-09-23,C,2.65,2015-03-18
16120,2015-04-08 10:11:00,2015-04-08,0.3664,0.0,0.0,0.0,0.3664,0.3664,0.3664,10000079,2015-09-23,2015-09-23,C,2.65,2015-03-18
16121,2015-04-08 10:12:00,2015-04-08,0.3664,0.0,0.0,0.0,0.3664,0.3664,0.3664,10000079,2015-09-23,2015-09-23,C,2.65,2015-03-18
16122,2015-04-08 10:13:00,2015-04-08,0.3664,0.0,0.0,0.0,0.3664,0.3664,0.3664,10000079,2015-09-23,2015-09-23,C,2.65,2015-03-18
16123,2015-04-08 10:14:00,2015-04-08,0.3664,0.0,0.0,0.0,0.3664,0.3664,0.3664,10000079,2015-09-23,2015-09-23,C,2.65,2015-03-18
16124,2015-04-08 10:15:00,2015-04-08,0.3664,0.0,0.0,0.0,0.3664,0.3664,0.3664,10000079,2015-09-23,2015-09-23,C,2.65,2015-03-18
16125,2015-04-08 10:16:00,2015-04-08,0.3664,0.0,0.0,0.0,0.3664,0.3664,0.3664,10000079,2015-09-23,2015-09-23,C,2.65,2015-03-18
16126,2015-04-08 10:17:00,2015-04-08,0.3664,0.0,0.0,0.0,0.3664,0.3664,0.3664,10000079,2015-09-23,2015-09-23,C,2.65,2015-03-18
16127,2015-04-08 10:18:00,2015-04-08,0.3664,0.0,0.0,0.0,0.3664,0.3664,0.3664,10000079,2015-09-23,2015-09-23,C,2.65,2015-03-18
16128,2015-04-08 10:19:00,2015-04-08,0.3664,0.0,0.0,0.0,0.3664,0.3664,0.3664,10000079,2015-09-23,2015-09-23,C,2.65,2015-03-18
16129,2015-04-08 10:20:00,2015-04-08,0.3664,0.0,0.0,0.0,0.3664,0.3664,0.3664,10000079,2015-09-23,2015-09-23,C,2.65,2015-03-18
16130,2015-04-08 10:21:00,2015-04-08,0.3664,0.0,0.0,0.0,0.3664,0.3664,0.3664,10000079,2015-09-23,2015-09-23,C,2.65,2015-03-18
16131,2015-04-08 10:22:00,2015-04-08,0.3664,0.0,0.0,0.0,0.3664,0.3664,0.3664,10000079,2015-09-23,2015-09-23,C,2.65,2015-03-18
16132,2015-04-08 10:23:00,2015-04-08,0.3664,0.0,0.0,0.0,0.3664,0.3664,0.3664,10000079,2015-09-23,2015-09-23,C,2.65,2015-03-18
16133,2015-04-08 10:24:00,2015-04-08,0.3664,0.0,0.0,0.0,0.3664,0.3664,0.3664,10000079,2015-09-23,2015-09-23,C,2.65,2015-03-18
16134,2015-04-08 10:25:00,2015-04-08,0.3664,0.0,0.0,0.0,0.3664,0.3664,0.3664,10000079,2015-09-23,2015-09-23,C,2.65,2015-03-18
16135,2015-04-08 10:26:00,2015-04-08,0.3664,0.0,0.0,0.0,0.3664,0.3664,0.3664,10000079,2015-09-23,2015-09-23,C,2.65,2015-03-18
16136,2015-04-08 10:27:00,2015-04-08,0.3664,0.0,0.0,0.0,0.3664,0.3664,0.3664,10000079,2015-09-23,2015-09-23,C,2.65,2015-03-18
16137,2015-04-08 10:28:00,2015-04-08,0.3664,0.0,0.0,0.0,0.3664,0.3664,0.3664,10000079,2015-09-23,2015-09-23,C,2.65,2015-03-18
16138,2015-04-08 10:29:00,2015-04-08,0.3664,0.0,0.0,0.0,0.3664,0.3664,0.3664,10000079,2015-09-23,2015-09-23,C,2.65,2015-03-18
16139,2015-04-08 10:30:00,2015-04-08,0.3664,0.0,0.0,0.0,0.3664,0.3664,0.3664,10000079,2015-09-23,2015-09-23,C,2.65,2015-03-18
16140,2015-04-08 10:31:00,2015-04-08,0.3664,0.0,0.0,0.0,0.3664,0.3664,0.3664,10000079,2015-09-23,2015-09-23,C,2.65,2015-03-18
16141,2015-04-08 10:32:00,2015-04-08,0.3664,0.0,0.0,0.0,0.3664,0.3664,0.3664,10000079,2015-09-23,2015-09-23,C,2.65,2015-03-18
16142,2015-04-08 10:33:00,2015-04-08,0.3664,0.0,0.0,0.0,0.3664,0.3664,0.3664,10000079,2015-09-23,2015-09-23,C,2.65,2015-03-18
16143,2015-04-08 10:34:00,2015-04-08,0.3664,0.0,0.0,0.0,0.3664,0.3664,0.3664,10000079,2015-09-23,2015-09-23,C,2.65,2015-03-18
16144,2015-04-08 10:35:00,2015-04-08,0.3664,0.0,0.0,0.0,0.3664,0.3664,0.3664,10000079,2015-09-23,2015-09-23,C,2.65,2015-03-18
16145,2015-04-08 10:36:00,2015-04-08,0.3664,0.0,0.0,0.0,0.3664,0.3664,0.3664,10000079,2015-09-23,2015-09-23,C,2.65,2015-03-18
16146,2015-04-08 10:37:00,2015-04-08,0.3664,0.0,0.0,0.0,0.3664,0.3664,0.3664,10000079,2015-09-23,2015-09-23,C,2.65,2015-03-18
16147,2015-04-08 10:38:00,2015-04-08,0.3664,0.0,0.0,0.0,0.3664,0.3664,0.3664,10000079,2015-09-23,2015-09-23,C,2.65,2015-03-18
16148,2015-04-08 10:39:00,2015-04-08,0.3664,0.0,0.0,0.0,0.3664,0.3664,0.3664,10000079,2015-09-23,2015-09-23,C,2.65,2015-03-18
16149,2015-04-08 10:40:00,2015-04-08,0.3664,0.0,0.0,0.0,0.3664,0.3664,0.3664,10000079,2015-09-23,2015-09-23,C,2.65,2015-03-18
16150,2015-04-08 10:41:00,2015-04-08,0.3664,0.0,0.0,0.0,0.3664,0.3664,0.3664,10000079,2015-09-23,2015-09-23,C,2.65,2015-03-18
16151,2015-04-08 10:42:00,2015-04-08,0.3664,0.0,0.0,0.0,0.3664,0.3664,0.3664,10000079,2015-09-23,2015-09-23,C,2.65,2015-03-18
16152,2015-04-08 10:43:00,2015-04-08,0.3664,0.0,0.0,0.0,0.3664,0.3664,0.3664,10000079,2015-09-23,2015-09-23,C,2.65,2015-03-18
16153,2015-04-08 10:44:00,2015-04-08,0.3664,0.0,0.0,0.0,0.3664,0.3664,0.3664,10000079,2015-09-23,2015-09-23,C,2.65,2015-03-18
16154,2015-04-08 10:45:00,2015-04-08,0.3664,0.0,0.0,0.0,0.3664,0.3664,0.3664,10000079,2015-09-23,2015-09-23,C,2.65,2015-03-18
16155,2015-04-08 10:46:00,2015-04-08,0.3664,0.0,0.0,0.0,0.3664,0.3664,0.3664,10000079,2015-09-23,2015-09-23,C,2.65,2015-03-18
16156,2015-04-08 10:47:00,2015-04-08,0.3664,0.0,0.0,0.0,0.3664,0.3664,0.3664,10000079,2015-09-23,2015-09-23,C,2.65,2015-03-18
16157,2015-04-08 10:48:00,2015-04-08,0.3664,0.0,0.0,0.0,0.3664,0.3664,0.3664,10000079,2015-09-23,2015-09-23,C,2.65,2015-03-18
16158,2015-04-08 10:49:00,2015-04-08,0.3664,0.0,0.0,0.0,0.3664,0.3664,0.3664,10000079,2015-09-23,2015-09-23,C,2.65,2015-03-18
16159,2015-04-08 10:50:00,2015-04-08,0.3664,0.0,0.0,0.0,0.3664,0.3664,0.3664,10000079,2015-09-23,2015-09-23,C,2.65,2015-03-18
16160,2015-04-08 10:51:00,2015-04-08,0.3664,0.0,0.0,0.0,0.3664,0.3664,0.3664,10000079,2015-09-23,2015-09-23,C,2.65,2015-03-18
16161,2015-04-08 10:52:00,2015-04-08,0.3664,0.0,0.0,0.0,0.3664,0.3664,0.3664,10000079,2015-09-23,2015-09-23,C,2.65,2015-03-18
16162,2015-04-08 10:53:00,2015-04-08,0.3664,0.0,0.0,0.0,0.3664,0.3664,0.3664,10000079,2015-09-23,2015-09-23,C,2.65,2015-03-18
16163,2015-04-08 10:54:00,2015-04-08,0.3664,0.0,0.0,0.0,0.3664,0.3664,0.3664,10000079,2015-09-23,2015-09-23,C,2.65,2015-03-18
16164,2015-04-08 10:55:00,2015-04-08,0.3664,0.0,0.0,0.0,0.3664,0.3664,0.3664,10000079,2015-09-23,2015-09-23,C,2.65,2015-03-18
16165,2015-04-08 10:56:00,2015-04-08,0.3664,0.0,0.0,0.0,0.3664,0.3664,0.3664,10000079,2015-09-23,2015-09-23,C,2.65,2015-03-18
16166,2015-04-08 10:57:00,2015-04-08,0.3664,0.0,0.0,0.0,0.3664,0.3664,0.3664,10000079,2015-09-23,2015-09-23,C,2.65,2015-03-18
16167,2015-04-08 10:58:00,2015-04-08,0.3664,0.0,0.0,0.0,0.3664,0.3664,0.3664,10000079,2015-09-23,2015-09-23,C,2.65,2015-03-18
16168,2015-04-08 10:59:00,2015-04-08,0.3664,0.0,0.0,0.0,0.3664,0.3664,0.3664,10000079,2015-09-23,2015-09-23,C,2.65,2015-03-18
16169,2015-04-08 11:00:00,2015-04-08,0.3664,0.0,0.0,0.0,0.3664,0.3664,0.3664,10000079,2015-09-23,2015-09-23,C,2.65,2015-03-18
16170,2015-04-08 11:01:00,2015-04-08,0.3664,0.0,0.0,0.0,0.3664,0.3664,0.3664,10000079,2015-09-23,2015-09-23,C,2.65,2015-03-18
16171,2015-04-08 11:02:00,2015-04-08,0.3664,0.0,0.0,0.0,0.3664,0.3664,0.3664,10000079,2015-09-23,2015-09-23,C,2.65,2015-03-18
16172,2015-04-08 11:03:00,2015-04-08,0.3664,0.0,0.0,0.0,0.3664,0.3664,0.3664,10000079,2015-09-23,2015-09-23,C,2.65,2015-03-18
16173,2015-04-08 11:04:00,2015-04-08,0.3664,0.0,0.0,0.0,0.3664,0.3664,0.3664,10000079,2015-09-23,2015-09-23,C,2.65,2015-03-18
16174,2015-04-08 11:05:00,2015-04-08,0.3664,0.0,0.0,0.0,0.3664,0.3664,0.3664,10000079,2015-09-23,2015-09-23,C,2.65,2015-03-18
16175,2015-04-08 11:06:00,2015-04-08,0.3664,0.0,0.0,0.0,0.3664,0.3664,0.3664,10000079,2015-09-23,2015-09-23,C,2.65,2015-03-18
16176,2015-04-08 11:07:00,2015-04-08,0.3664,0.0,0.0,0.0,0.3664,0.3664,0.3664,10000079,2015-09-23,2015-09-23,C,2.65,2015-03-18
16177,2015-04-08 11:08:00,2015-04-08,0.3664,0.0,0.0,0.0,0.3664,0.3664,0.3664,10000079,2015-09-23,2015-09-23,C,2.65,2015-03-18
16178,2015-04-08 11:09:00,2015-04-08,0.3664,0.0,0.0,0.0,0.3664,0.3664,0.3664,10000079,2015-09-23,2015-09-23,C,2.65,2015-03-18
16179,2015-04-08 11:10:00,2015-04-08,0.3664,0.0,0.0,0.0,0.3664,0.3664,0.3664,10000079,2015-09-23,2015-09-23,C,2.65,2015-03-18
16180,2015-04-08 11:11:00,2015-04-08,0.3664,0.0,0.0,0.0,0.3664,0.3664,0.3664,10000079,2015-09-23,2015-09-23,C,2.65,2015-03-18
16181,2015-04-08 11:12:00,2015-04-08,0.3664,0.0,0.0,0.0,0.3664,0.3664,0.3664,10000079,2015-09-23,2015-09-23,C,2.65,2015-03-18
16182,2015-04-08 11:13:00,2015-04-08,0.3664,0.0,0.0,0.0,0.3664,0.3664,0.3664,10000079,2015-09-23,2015-09-23,C,2.65,2015-03-18
16183,2015-04-08 11:14:00,2015-04-08,0.3664,0.0,0.0,0.0,0.3664,0.3664,0.3664,10000079,2015-09-23,2015-09-23,C,2.65,2015-03-18
16184,2015-04-08 11:15:00,2015-04-08,0.3664,0.0,0.0,0.0,0.3664,0.3664,0.3664,10000079,2015-09-23,2015-09-23,C,2.65,2015-03-18
16185,2015-04-08 11:16:00,2015-04-08,0.3664,0.0,0.0,0.0,0.3664,0.3664,0.3664,10000079,2015-09-23,2015-09-23,C,2.65,2015-03-18
16186,2015-04-08 11:17:00,2015-04-08,0.3664,0.0,0.0,0.0,0.3664,0.3664,0.3664,10000079,2015-09-23,2015-09-23,C,2.65,2015-03-18
16187,2015-04-08 11:18:00,2015-04-08,0.3664,0.0,0.0,0.0,0.3664,0.3664,0.3664,10000079,2015-09-23,2015-09-23,C,2.65,2015-03-18
16188,2015-04-08 11:19:00,2015-04-08,0.3664,0.0,0.0,0.0,0.3664,0.3664,0.3664,10000079,2015-09-23,2015-09-23,C,2.65,2015-03-18
16189,2015-04-08 11:20:00,2015-04-08,0.3664,0.0,0.0,0.0,0.3664,0.3664,0.3664,10000079,2015-09-23,2015-09-23,C,2.65,2015-03-18
16190,2015-04-08 11:21:00,2015-04-08,0.3664,0.0,0.0,0.0,0.3664,0.3664,0.3664,10000079,2015-09-23,2015-09-23,C,2.65,2015-03-18
16191,2015-04-08 11:22:00,2015-04-08,0.359,-44699.0,-11.0,231.0,0.359,0.359,0.359,10000079,2015-09-23,2015-09-23,C,2.65,2015-03-18
16192,2015-04-08 11:23:00,2015-04-08,0.359,0.0,0.0,231.0,0.359,0.359,0.359,10000079,2015-09-23,2015-09-23,C,2.65,2015-03-18
16193,2015-04-08 11:24:00,2015-04-08,0.359,0.0,0.0,231.0,0.359,0.359,0.359,10000079,2015-09-23,2015-09-23,C,2.65,2015-03-18
16194,2015-04-08 11:25:00,2015-04-08,0.359,0.0,0.0,231.0,0.359,0.359,0.359,10000079,2015-09-23,2015-09-23,C,2.65,2015-03-18
16195,2015-04-08 11:26:00,2015-04-08,0.359,0.0,0.0,231.0,0.359,0.359,0.359,10000079,2015-09-23,2015-09-23,C,2.65,2015-03-18
16196,2015-04-08 11:27:00,2015-04-08,0.359,0.0,0.0,231.0,0.359,0.359,0.359,10000079,2015-09-23,2015-09-23,C,2.65,2015-03-18
16197,2015-04-08 11:28:00,2015-04-08,0.359,0.0,0.0,231.0,0.359,0.359,0.359,10000079,2015-09-23,2015-09-23,C,2.65,2015-03-18
16198,2015-04-08 11:29:00,2015-04-08,0.359,0.0,0.0,231.0,0.359,0.359,0.359,10000079,2015-09-23,2015-09-23,C,2.65,2015-03-18
16199,2015-04-08 11:30:00,2015-04-08,0.359,0.0,0.0,231.0,0.359,0.359,0.359,10000079,2015-09-23,2015-09-23,C,2.65,2015-03-18
16200,2015-04-08 13:01:00,2015-04-08,0.359,0.0,0.0,231.0,0.359,0.359,0.359,10000079,2015-09-23,2015-09-23,C,2.65,2015-03-18
16201,2015-04-08 13:02:00,2015-04-08,0.359,0.0,0.0,231.0,0.359,0.359,0.359,10000079,2015-09-23,2015-09-23,C,2.65,2015-03-18
16202,2015-04-08 13:03:00,2015-04-08,0.359,0.0,0.0,231.0,0.359,0.359,0.359,10000079,2015-09-23,2015-09-23,C,2.65,2015-03-18
16203,2015-04-08 13:04:00,2015-04-08,0.359,0.0,0.0,231.0,0.359,0.359,0.359,10000079,2015-09-23,2015-09-23,C,2.65,2015-03-18
16204,2015-04-08 13:05:00,2015-04-08,0.359,0.0,0.0,231.0,0.359,0.359,0.359,10000079,2015-09-23,2015-09-23,C,2.65,2015-03-18
16205,2015-04-08 13:06:00,2015-04-08,0.359,0.0,0.0,231.0,0.359,0.359,0.359,10000079,2015-09-23,2015-09-23,C,2.65,2015-03-18
16206,2015-04-08 13:07:00,2015-04-08,0.359,0.0,0.0,231.0,0.359,0.359,0.359,10000079,2015-09-23,2015-09-23,C,2.65,2015-03-18
16207,2015-04-08 13:08:00,2015-04-08,0.359,0.0,0.0,231.0,0.359,0.359,0.359,10000079,2015-09-23,2015-09-23,C,2.65,2015-03-18
16208,2015-04-08 13:09:00,2015-04-08,0.359,0.0,0.0,231.0,0.359,0.359,0.359,10000079,2015-09-23,2015-09-23,C,2.65,2015-03-18
16209,2015-04-08 13:10:00,2015-04-08,0.359,0.0,0.0,231.0,0.359,0.359,0.359,10000079,2015-09-23,2015-09-23,C,2.65,2015-03-18
16210,2015-04-08 13:11:00,2015-04-08,0.3877,19385.0,5.0,236.0,0.3877,0.3877,0.3877,10000079,2015-09-23,2015-09-23,C,2.65,2015-03-18
16211,2015-04-08 13:12:00,2015-04-08,0.3877,0.0,0.0,236.0,0.3877,0.3877,0.3877,10000079,2015-09-23,2015-09-23,C,2.65,2015-03-18
16212,2015-04-08 13:13:00,2015-04-08,0.3877,0.0,0.0,236.0,0.3877,0.3877,0.3877,10000079,2015-09-23,2015-09-23,C,2.65,2015-03-18
16213,2015-04-08 13:14:00,2015-04-08,0.3877,0.0,0.0,236.0,0.3877,0.3877,0.3877,10000079,2015-09-23,2015-09-23,C,2.65,2015-03-18
16214,2015-04-08 13:15:00,2015-04-08,0.3877,0.0,0.0,236.0,0.3877,0.3877,0.3877,10000079,2015-09-23,2015-09-23,C,2.65,2015-03-18
16215,2015-04-08 13:16:00,2015-04-08,0.3877,0.0,0.0,236.0,0.3877,0.3877,0.3877,10000079,2015-09-23,2015-09-23,C,2.65,2015-03-18
16216,2015-04-08 13:17:00,2015-04-08,0.3877,0.0,0.0,236.0,0.3877,0.3877,0.3877,10000079,2015-09-23,2015-09-23,C,2.65,2015-03-18
16217,2015-04-08 13:18:00,2015-04-08,0.3877,0.0,0.0,236.0,0.3877,0.3877,0.3877,10000079,2015-09-23,2015-09-23,C,2.65,2015-03-18
16218,2015-04-08 13:19:00,2015-04-08,0.3877,0.0,0.0,236.0,0.3877,0.3877,0.3877,10000079,2015-09-23,2015-09-23,C,2.65,2015-03-18
16219,2015-04-08 13:20:00,2015-04-08,0.3877,0.0,0.0,236.0,0.3877,0.3877,0.3877,10000079,2015-09-23,2015-09-23,C,2.65,2015-03-18
16220,2015-04-08 13:21:00,2015-04-08,0.3877,0.0,0.0,236.0,0.3877,0.3877,0.3877,10000079,2015-09-23,2015-09-23,C,2.65,2015-03-18
16221,2015-04-08 13:22:00,2015-04-08,0.3877,0.0,0.0,236.0,0.3877,0.3877,0.3877,10000079,2015-09-23,2015-09-23,C,2.65,2015-03-18
16222,2015-04-08 13:23:00,2015-04-08,0.3877,0.0,0.0,236.0,0.3877,0.3877,0.3877,10000079,2015-09-23,2015-09-23,C,2.65,2015-03-18
16223,2015-04-08 13:24:00,2015-04-08,0.3877,0.0,0.0,236.0,0.3877,0.3877,0.3877,10000079,2015-09-23,2015-09-23,C,2.65,2015-03-18
16224,2015-04-08 13:25:00,2015-04-08,0.3877,0.0,0.0,236.0,0.3877,0.3877,0.3877,10000079,2015-09-23,2015-09-23,C,2.65,2015-03-18
16225,2015-04-08 13:26:00,2015-04-08,0.3877,0.0,0.0,236.0,0.3877,0.3877,0.3877,10000079,2015-09-23,2015-09-23,C,2.65,2015-03-18
16226,2015-04-08 13:27:00,2015-04-08,0.3877,0.0,0.0,236.0,0.3877,0.3877,0.3877,10000079,2015-09-23,2015-09-23,C,2.65,2015-03-18
16227,2015-04-08 13:28:00,2015-04-08,0.3877,0.0,0.0,236.0,0.3877,0.3877,0.3877,10000079,2015-09-23,2015-09-23,C,2.65,2015-03-18
16228,2015-04-08 13:29:00,2015-04-08,0.3877,0.0,0.0,236.0,0.3877,0.3877,0.3877,10000079,2015-09-23,2015-09-23,C,2.65,2015-03-18
16229,2015-04-08 13:30:00,2015-04-08,0.3877,0.0,0.0,236.0,0.3877,0.3877,0.3877,10000079,2015-09-23,2015-09-23,C,2.65,2015-03-18
16230,2015-04-08 13:31:00,2015-04-08,0.3877,0.0,0.0,236.0,0.3877,0.3877,0.3877,10000079,2015-09-23,2015-09-23,C,2.65,2015-03-18
16231,2015-04-08 13:32:00,2015-04-08,0.3877,0.0,0.0,236.0,0.3877,0.3877,0.3877,10000079,2015-09-23,2015-09-23,C,2.65,2015-03-18
16232,2015-04-08 13:33:00,2015-04-08,0.3877,0.0,0.0,236.0,0.3877,0.3877,0.3877,10000079,2015-09-23,2015-09-23,C,2.65,2015-03-18
16233,2015-04-08 13:34:00,2015-04-08,0.3877,0.0,0.0,236.0,0.3877,0.3877,0.3877,10000079,2015-09-23,2015-09-23,C,2.65,2015-03-18
16234,2015-04-08 13:35:00,2015-04-08,0.3877,0.0,0.0,236.0,0.3877,0.3877,0.3877,10000079,2015-09-23,2015-09-23,C,2.65,2015-03-18
16235,2015-04-08 13:36:00,2015-04-08,0.3877,0.0,0.0,236.0,0.3877,0.3877,0.3877,10000079,2015-09-23,2015-09-23,C,2.65,2015-03-18
16236,2015-04-08 13:37:00,2015-04-08,0.3877,0.0,0.0,236.0,0.3877,0.3877,0.3877,10000079,2015-09-23,2015-09-23,C,2.65,2015-03-18
16237,2015-04-08 13:38:00,2015-04-08,0.3877,0.0,0.0,236.0,0.3877,0.3877,0.3877,10000079,2015-09-23,2015-09-23,C,2.65,2015-03-18
16238,2015-04-08 13:39:00,2015-04-08,0.3877,0.0,0.0,236.0,0.3877,0.3877,0.3877,10000079,2015-09-23,2015-09-23,C,2.65,2015-03-18
16239,2015-04-08 13:40:00,2015-04-08,0.3877,0.0,0.0,236.0,0.3877,0.3877,0.3877,10000079,2015-09-23,2015-09-23,C,2.65,2015-03-18
16240,2015-04-08 13:41:00,2015-04-08,0.3877,0.0,0.0,236.0,0.3877,0.3877,0.3877,10000079,2015-09-23,2015-09-23,C,2.65,2015-03-18
16241,2015-04-08 13:42:00,2015-04-08,0.3877,0.0,0.0,236.0,0.3877,0.3877,0.3877,10000079,2015-09-23,2015-09-23,C,2.65,2015-03-18
16242,2015-04-08 13:43:00,2015-04-08,0.3877,0.0,0.0,236.0,0.3877,0.3877,0.3877,10000079,2015-09-23,2015-09-23,C,2.65,2015-03-18
16243,2015-04-08 13:44:00,2015-04-08,0.4219,25314.0,6.0,236.0,0.4219,0.4219,0.4219,10000079,2015-09-23,2015-09-23,C,2.65,2015-03-18
16244,2015-04-08 13:45:00,2015-04-08,0.4219,0.0,0.0,236.0,0.4219,0.4219,0.4219,10000079,2015-09-23,2015-09-23,C,2.65,2015-03-18
16245,2015-04-08 13:46:00,2015-04-08,0.4219,0.0,0.0,236.0,0.4219,0.4219,0.4219,10000079,2015-09-23,2015-09-23,C,2.65,2015-03-18
16246,2015-04-08 13:47:00,2015-04-08,0.4219,0.0,0.0,236.0,0.4219,0.4219,0.4219,10000079,2015-09-23,2015-09-23,C,2.65,2015-03-18
16247,2015-04-08 13:48:00,2015-04-08,0.4219,0.0,0.0,236.0,0.4219,0.4219,0.4219,10000079,2015-09-23,2015-09-23,C,2.65,2015-03-18
16248,2015-04-08 13:49:00,2015-04-08,0.4219,0.0,0.0,236.0,0.4219,0.4219,0.4219,10000079,2015-09-23,2015-09-23,C,2.65,2015-03-18
16249,2015-04-08 13:50:00,2015-04-08,0.4219,0.0,0.0,236.0,0.4219,0.4219,0.4219,10000079,2015-09-23,2015-09-23,C,2.65,2015-03-18
16250,2015-04-08 13:51:00,2015-04-08,0.4219,0.0,0.0,236.0,0.4219,0.4219,0.4219,10000079,2015-09-23,2015-09-23,C,2.65,2015-03-18
16251,2015-04-08 13:52:00,2015-04-08,0.4219,0.0,0.0,236.0,0.4219,0.4219,0.4219,10000079,2015-09-23,2015-09-23,C,2.65,2015-03-18
16252,2015-04-08 13:53:00,2015-04-08,0.4219,0.0,0.0,236.0,0.4219,0.4219,0.4219,10000079,2015-09-23,2015-09-23,C,2.65,2015-03-18
16253,2015-04-08 13:54:00,2015-04-08,0.4219,0.0,0.0,236.0,0.4219,0.4219,0.4219,10000079,2015-09-23,2015-09-23,C,2.65,2015-03-18
16254,2015-04-08 13:55:00,2015-04-08,0.4219,0.0,0.0,236.0,0.4219,0.4219,0.4219,10000079,2015-09-23,2015-09-23,C,2.65,2015-03-18
16255,2015-04-08 13:56:00,2015-04-08,0.4219,0.0,0.0,236.0,0.4219,0.4219,0.4219,10000079,2015-09-23,2015-09-23,C,2.65,2015-03-18
16256,2015-04-08 13:57:00,2015-04-08,0.4219,0.0,0.0,236.0,0.4219,0.4219,0.4219,10000079,2015-09-23,2015-09-23,C,2.65,2015-03-18
16257,2015-04-08 13:58:00,2015-04-08,0.4219,0.0,0.0,236.0,0.4219,0.4219,0.4219,10000079,2015-09-23,2015-09-23,C,2.65,2015-03-18
16258,2015-04-08 13:59:00,2015-04-08,0.4219,0.0,0.0,236.0,0.4219,0.4219,0.4219,10000079,2015-09-23,2015-09-23,C,2.65,2015-03-18
16259,2015-04-08 14:00:00,2015-04-08,0.4219,0.0,0.0,236.0,0.4219,0.4219,0.4219,10000079,2015-09-23,2015-09-23,C,2.65,2015-03-18
16260,2015-04-08 14:01:00,2015-04-08,0.4219,0.0,0.0,236.0,0.4219,0.4219,0.4219,10000079,2015-09-23,2015-09-23,C,2.65,2015-03-18
16261,2015-04-08 14:02:00,2015-04-08,0.4219,0.0,0.0,236.0,0.4219,0.4219,0.4219,10000079,2015-09-23,2015-09-23,C,2.65,2015-03-18
16262,2015-04-08 14:03:00,2015-04-08,0.4219,0.0,0.0,236.0,0.4219,0.4219,0.4219,10000079,2015-09-23,2015-09-23,C,2.65,2015-03-18
16263,2015-04-08 14:04:00,2015-04-08,0.4219,0.0,0.0,236.0,0.4219,0.4219,0.4219,10000079,2015-09-23,2015-09-23,C,2.65,2015-03-18
16264,2015-04-08 14:05:00,2015-04-08,0.4219,0.0,0.0,236.0,0.4219,0.4219,0.4219,10000079,2015-09-23,2015-09-23,C,2.65,2015-03-18
16265,2015-04-08 14:06:00,2015-04-08,0.4219,0.0,0.0,236.0,0.4219,0.4219,0.4219,10000079,2015-09-23,2015-09-23,C,2.65,2015-03-18
16266,2015-04-08 14:07:00,2015-04-08,0.4219,0.0,0.0,236.0,0.4219,0.4219,0.4219,10000079,2015-09-23,2015-09-23,C,2.65,2015-03-18
16267,2015-04-08 14:08:00,2015-04-08,0.4219,0.0,0.0,236.0,0.4219,0.4219,0.4219,10000079,2015-09-23,2015-09-23,C,2.65,2015-03-18
16268,2015-04-08 14:09:00,2015-04-08,0.4219,0.0,0.0,236.0,0.4219,0.4219,0.4219,10000079,2015-09-23,2015-09-23,C,2.65,2015-03-18
16269,2015-04-08 14:10:00,2015-04-08,0.4219,0.0,0.0,236.0,0.4219,0.4219,0.4219,10000079,2015-09-23,2015-09-23,C,2.65,2015-03-18
16270,2015-04-08 14:11:00,2015-04-08,0.4219,0.0,0.0,236.0,0.4219,0.4219,0.4219,10000079,2015-09-23,2015-09-23,C,2.65,2015-03-18
16271,2015-04-08 14:12:00,2015-04-08,0.4219,0.0,0.0,236.0,0.4219,0.4219,0.4219,10000079,2015-09-23,2015-09-23,C,2.65,2015-03-18
16272,2015-04-08 14:13:00,2015-04-08,0.4219,0.0,0.0,236.0,0.4219,0.4219,0.4219,10000079,2015-09-23,2015-09-23,C,2.65,2015-03-18
16273,2015-04-08 14:14:00,2015-04-08,0.4219,0.0,0.0,236.0,0.4219,0.4219,0.4219,10000079,2015-09-23,2015-09-23,C,2.65,2015-03-18
16274,2015-04-08 14:15:00,2015-04-08,0.4219,0.0,0.0,236.0,0.4219,0.4219,0.4219,10000079,2015-09-23,2015-09-23,C,2.65,2015-03-18
16275,2015-04-08 14:16:00,2015-04-08,0.4219,0.0,0.0,236.0,0.4219,0.4219,0.4219,10000079,2015-09-23,2015-09-23,C,2.65,2015-03-18
16276,2015-04-08 14:17:00,2015-04-08,0.4219,0.0,0.0,236.0,0.4219,0.4219,0.4219,10000079,2015-09-23,2015-09-23,C,2.65,2015-03-18
16277,2015-04-08 14:18:00,2015-04-08,0.4219,0.0,0.0,236.0,0.4219,0.4219,0.4219,10000079,2015-09-23,2015-09-23,C,2.65,2015-03-18
16278,2015-04-08 14:19:00,2015-04-08,0.4219,0.0,0.0,236.0,0.4219,0.4219,0.4219,10000079,2015-09-23,2015-09-23,C,2.65,2015-03-18
16279,2015-04-08 14:20:00,2015-04-08,0.4219,0.0,0.0,236.0,0.4219,0.4219,0.4219,10000079,2015-09-23,2015-09-23,C,2.65,2015-03-18
16280,2015-04-08 14:21:00,2015-04-08,0.4219,0.0,0.0,236.0,0.4219,0.4219,0.4219,10000079,2015-09-23,2015-09-23,C,2.65,2015-03-18
16281,2015-04-08 14:22:00,2015-04-08,0.4219,0.0,0.0,236.0,0.4219,0.4219,0.4219,10000079,2015-09-23,2015-09-23,C,2.65,2015-03-18
16282,2015-04-08 14:23:00,2015-04-08,0.4219,0.0,0.0,236.0,0.4219,0.4219,0.4219,10000079,2015-09-23,2015-09-23,C,2.65,2015-03-18
16283,2015-04-08 14:24:00,2015-04-08,0.4219,0.0,0.0,236.0,0.4219,0.4219,0.4219,10000079,2015-09-23,2015-09-23,C,2.65,2015-03-18
16284,2015-04-08 14:25:00,2015-04-08,0.4219,0.0,0.0,236.0,0.4219,0.4219,0.4219,10000079,2015-09-23,2015-09-23,C,2.65,2015-03-18
16285,2015-04-08 14:26:00,2015-04-08,0.4219,0.0,0.0,236.0,0.4219,0.4219,0.4219,10000079,2015-09-23,2015-09-23,C,2.65,2015-03-18
16286,2015-04-08 14:27:00,2015-04-08,0.4219,0.0,0.0,236.0,0.4219,0.4219,0.4219,10000079,2015-09-23,2015-09-23,C,2.65,2015-03-18
16287,2015-04-08 14:28:00,2015-04-08,0.4219,0.0,0.0,236.0,0.4219,0.4219,0.4219,10000079,2015-09-23,2015-09-23,C,2.65,2015-03-18
16288,2015-04-08 14:29:00,2015-04-08,0.4219,0.0,0.0,236.0,0.4219,0.4219,0.4219,10000079,2015-09-23,2015-09-23,C,2.65,2015-03-18
16289,2015-04-08 14:30:00,2015-04-08,0.4219,0.0,0.0,236.0,0.4219,0.4219,0.4219,10000079,2015-09-23,2015-09-23,C,2.65,2015-03-18
16290,2015-04-08 14:31:00,2015-04-08,0.4219,0.0,0.0,236.0,0.4219,0.4219,0.4219,10000079,2015-09-23,2015-09-23,C,2.65,2015-03-18
16291,2015-04-08 14:32:00,2015-04-08,0.4219,0.0,0.0,236.0,0.4219,0.4219,0.4219,10000079,2015-09-23,2015-09-23,C,2.65,2015-03-18
16292,2015-04-08 14:33:00,2015-04-08,0.4219,0.0,0.0,236.0,0.4219,0.4219,0.4219,10000079,2015-09-23,2015-09-23,C,2.65,2015-03-18
16293,2015-04-08 14:34:00,2015-04-08,0.4219,0.0,0.0,236.0,0.4219,0.4219,0.4219,10000079,2015-09-23,2015-09-23,C,2.65,2015-03-18
16294,2015-04-08 14:35:00,2015-04-08,0.4219,0.0,0.0,236.0,0.4219,0.4219,0.4219,10000079,2015-09-23,2015-09-23,C,2.65,2015-03-18
16295,2015-04-08 14:36:00,2015-04-08,0.4219,0.0,0.0,236.0,0.4219,0.4219,0.4219,10000079,2015-09-23,2015-09-23,C,2.65,2015-03-18
16296,2015-04-08 14:37:00,2015-04-08,0.4219,0.0,0.0,236.0,0.4219,0.4219,0.4219,10000079,2015-09-23,2015-09-23,C,2.65,2015-03-18
16297,2015-04-08 14:38:00,2015-04-08,0.4219,0.0,0.0,236.0,0.4219,0.4219,0.4219,10000079,2015-09-23,2015-09-23,C,2.65,2015-03-18
16298,2015-04-08 14:39:00,2015-04-08,0.4219,0.0,0.0,236.0,0.4219,0.4219,0.4219,10000079,2015-09-23,2015-09-23,C,2.65,2015-03-18
16299,2015-04-08 14:40:00,2015-04-08,0.4219,0.0,0.0,236.0,0.4219,0.4219,0.4219,10000079,2015-09-23,2015-09-23,C,2.65,2015-03-18
16300,2015-04-08 14:41:00,2015-04-08,0.4219,0.0,0.0,236.0,0.4219,0.4219,0.4219,10000079,2015-09-23,2015-09-23,C,2.65,2015-03-18
16301,2015-04-08 14:42:00,2015-04-08,0.4219,0.0,0.0,236.0,0.4219,0.4219,0.4219,10000079,2015-09-23,2015-09-23,C,2.65,2015-03-18
16302,2015-04-08 14:43:00,2015-04-08,0.4219,0.0,0.0,236.0,0.4219,0.4219,0.4219,10000079,2015-09-23,2015-09-23,C,2.65,2015-03-18
16303,2015-04-08 14:44:00,2015-04-08,0.4219,0.0,0.0,236.0,0.4219,0.4219,0.4219,10000079,2015-09-23,2015-09-23,C,2.65,2015-03-18
16304,2015-04-08 14:45:00,2015-04-08,0.4219,0.0,0.0,236.0,0.4219,0.4219,0.4219,10000079,2015-09-23,2015-09-23,C,2.65,2015-03-18
16305,2015-04-08 14:46:00,2015-04-08,0.4219,0.0,0.0,236.0,0.4219,0.4219,0.4219,10000079,2015-09-23,2015-09-23,C,2.65,2015-03-18
16306,2015-04-08 14:47:00,2015-04-08,0.4219,0.0,0.0,236.0,0.4219,0.4219,0.4219,10000079,2015-09-23,2015-09-23,C,2.65,2015-03-18
16307,2015-04-08 14:48:00,2015-04-08,0.4219,0.0,0.0,236.0,0.4219,0.4219,0.4219,10000079,2015-09-23,2015-09-23,C,2.65,2015-03-18
16308,2015-04-08 14:49:00,2015-04-08,0.4219,0.0,0.0,236.0,0.4219,0.4219,0.4219,10000079,2015-09-23,2015-09-23,C,2.65,2015-03-18
16309,2015-04-08 14:50:00,2015-04-08,0.4219,0.0,0.0,236.0,0.4219,0.4219,0.4219,10000079,2015-09-23,2015-09-23,C,2.65,2015-03-18
16310,2015-04-08 14:51:00,2015-04-08,0.4219,0.0,0.0,236.0,0.4219,0.4219,0.4219,10000079,2015-09-23,2015-09-23,C,2.65,2015-03-18
16311,2015-04-08 14:52:00,2015-04-08,0.4219,0.0,0.0,236.0,0.4219,0.4219,0.4219,10000079,2015-09-23,2015-09-23,C,2.65,2015-03-18
16312,2015-04-08 14:53:00,2015-04-08,0.4219,0.0,0.0,236.0,0.4219,0.4219,0.4219,10000079,2015-09-23,2015-09-23,C,2.65,2015-03-18
16313,2015-04-08 14:54:00,2015-04-08,0.4219,0.0,0.0,236.0,0.4219,0.4219,0.4219,10000079,2015-09-23,2015-09-23,C,2.65,2015-03-18
16314,2015-04-08 14:55:00,2015-04-08,0.4219,0.0,0.0,236.0,0.4219,0.4219,0.4219,10000079,2015-09-23,2015-09-23,C,2.65,2015-03-18
16315,2015-04-08 14:56:00,2015-04-08,0.4219,0.0,0.0,236.0,0.4219,0.4219,0.4219,10000079,2015-09-23,2015-09-23,C,2.65,2015-03-18
16316,2015-04-08 14:57:00,2015-04-08,0.4219,0.0,0.0,236.0,0.4219,0.4219,0.4219,10000079,2015-09-23,2015-09-23,C,2.65,2015-03-18
16317,2015-04-08 14:58:00,2015-04-08,0.4219,0.0,0.0,236.0,0.4219,0.4219,0.4219,10000079,2015-09-23,2015-09-23,C,2.65,2015-03-18
16318,2015-04-08 14:59:00,2015-04-08,0.4219,0.0,0.0,236.0,0.4219,0.4219,0.4219,10000079,2015-09-23,2015-09-23,C,2.65,2015-03-18
16319,2015-04-08 15:00:00,2015-04-08,0.4219,0.0,0.0,236.0,0.4219,0.4219,0.4219,10000079,2015-09-23,2015-09-23,C,2.65,2015-03-18
16320,2015-04-08 09:31:00,2015-04-08,0.1407,38392.0,28.0,3060.0,0.1352,0.1407,0.1353,10000091,2015-04-22,2015-04-22,C,2.75,2015-03-23
16321,2015-04-08 09:32:00,2015-04-08,0.136,2720.0,2.0,3060.0,0.136,0.136,0.136,10000091,2015-04-22,2015-04-22,C,2.75,2015-03-23
16322,2015-04-08 09:33:00,2015-04-08,0.136,18992.0,14.0,3061.0,0.136,0.1352,0.1352,10000091,2015-04-22,2015-04-22,C,2.75,2015-03-23
16323,2015-04-08 09:34:00,2015-04-08,0.1352,13520.0,10.0,3061.0,0.1352,0.1352,0.1352,10000091,2015-04-22,2015-04-22,C,2.75,2015-03-23
16324,2015-04-08 09:35:00,2015-04-08,0.1352,13520.0,10.0,3061.0,0.1352,0.1352,0.1352,10000091,2015-04-22,2015-04-22,C,2.75,2015-03-23
16325,2015-04-08 09:36:00,2015-04-08,0.1352,0.0,0.0,3061.0,0.1352,0.1352,0.1352,10000091,2015-04-22,2015-04-22,C,2.75,2015-03-23
16326,2015-04-08 09:37:00,2015-04-08,0.1352,0.0,0.0,3061.0,0.1352,0.1352,0.1352,10000091,2015-04-22,2015-04-22,C,2.75,2015-03-23
16327,2015-04-08 09:38:00,2015-04-08,0.1259,15108.0,12.0,3049.0,0.1259,0.1259,0.1259,10000091,2015-04-22,2015-04-22,C,2.75,2015-03-23
16328,2015-04-08 09:39:00,2015-04-08,0.1342,7969.0,6.0,3048.0,0.1259,0.1342,0.1259,10000091,2015-04-22,2015-04-22,C,2.75,2015-03-23
16329,2015-04-08 09:40:00,2015-04-08,0.1349,33135.0,25.0,3038.0,0.1342,0.1297,0.1297,10000091,2015-04-22,2015-04-22,C,2.75,2015-03-23
16330,2015-04-08 09:41:00,2015-04-08,0.1289,2578.0,2.0,3036.0,0.1289,0.1289,0.1289,10000091,2015-04-22,2015-04-22,C,2.75,2015-03-23
16331,2015-04-08 09:42:00,2015-04-08,0.1289,0.0,0.0,3036.0,0.1289,0.1289,0.1289,10000091,2015-04-22,2015-04-22,C,2.75,2015-03-23
16332,2015-04-08 09:43:00,2015-04-08,0.1357,21663.0,16.0,3030.0,0.1357,0.1357,0.1357,10000091,2015-04-22,2015-04-22,C,2.75,2015-03-23
16333,2015-04-08 09:44:00,2015-04-08,0.1335,1335.0,1.0,3029.0,0.1335,0.1335,0.1335,10000091,2015-04-22,2015-04-22,C,2.75,2015-03-23
16334,2015-04-08 09:45:00,2015-04-08,0.1374,24535.0,18.0,3021.0,0.1341,0.13699999999999998,0.1341,10000091,2015-04-22,2015-04-22,C,2.75,2015-03-23
16335,2015-04-08 09:46:00,2015-04-08,0.1398,16482.0,12.0,3014.0,0.1356,0.1398,0.1356,10000091,2015-04-22,2015-04-22,C,2.75,2015-03-23
16336,2015-04-08 09:47:00,2015-04-08,0.1403,4209.0,3.0,3011.0,0.1403,0.1403,0.1403,10000091,2015-04-22,2015-04-22,C,2.75,2015-03-23
16337,2015-04-08 09:48:00,2015-04-08,0.1403,0.0,0.0,3011.0,0.1403,0.1403,0.1403,10000091,2015-04-22,2015-04-22,C,2.75,2015-03-23
16338,2015-04-08 09:49:00,2015-04-08,0.1458,21415.0,15.0,3010.0,0.1403,0.1458,0.1398,10000091,2015-04-22,2015-04-22,C,2.75,2015-03-23
16339,2015-04-08 09:50:00,2015-04-08,0.1429,7049.0,5.0,3009.0,0.1391,0.1429,0.1371,10000091,2015-04-22,2015-04-22,C,2.75,2015-03-23
16340,2015-04-08 09:51:00,2015-04-08,0.1365,4095.0,3.0,3006.0,0.1365,0.1365,0.1365,10000091,2015-04-22,2015-04-22,C,2.75,2015-03-23
16341,2015-04-08 09:52:00,2015-04-08,0.1421,4263.0,3.0,3009.0,0.1421,0.1421,0.1421,10000091,2015-04-22,2015-04-22,C,2.75,2015-03-23
16342,2015-04-08 09:53:00,2015-04-08,0.1421,0.0,0.0,3009.0,0.1421,0.1421,0.1421,10000091,2015-04-22,2015-04-22,C,2.75,2015-03-23
16343,2015-04-08 09:54:00,2015-04-08,0.1429,38493.0,27.0,2983.0,0.142,0.1429,0.142,10000091,2015-04-22,2015-04-22,C,2.75,2015-03-23
16344,2015-04-08 09:55:00,2015-04-08,0.146,24765.0,17.0,2970.0,0.1435,0.146,0.1435,10000091,2015-04-22,2015-04-22,C,2.75,2015-03-23
16345,2015-04-08 09:56:00,2015-04-08,0.146,8735.0,6.0,2965.0,0.1459,0.146,0.1449,10000091,2015-04-22,2015-04-22,C,2.75,2015-03-23
16346,2015-04-08 09:57:00,2015-04-08,0.15,25325.0,17.0,2964.0,0.149,0.15,0.1486,10000091,2015-04-22,2015-04-22,C,2.75,2015-03-23
16347,2015-04-08 09:58:00,2015-04-08,0.1515,6060.0,4.0,2964.0,0.1515,0.1515,0.1515,10000091,2015-04-22,2015-04-22,C,2.75,2015-03-23
16348,2015-04-08 09:59:00,2015-04-08,0.155,36989.0,24.0,2958.0,0.155,0.1537,0.1537,10000091,2015-04-22,2015-04-22,C,2.75,2015-03-23
16349,2015-04-08 10:00:00,2015-04-08,0.1537,35351.0,23.0,2941.0,0.1537,0.1537,0.1537,10000091,2015-04-22,2015-04-22,C,2.75,2015-03-23
16350,2015-04-08 10:01:00,2015-04-08,0.1495,1495.0,1.0,2940.0,0.1495,0.1495,0.1495,10000091,2015-04-22,2015-04-22,C,2.75,2015-03-23
16351,2015-04-08 10:02:00,2015-04-08,0.1495,14950.0,10.0,2930.0,0.1495,0.1495,0.1495,10000091,2015-04-22,2015-04-22,C,2.75,2015-03-23
16352,2015-04-08 10:03:00,2015-04-08,0.1495,0.0,0.0,2930.0,0.1495,0.1495,0.1495,10000091,2015-04-22,2015-04-22,C,2.75,2015-03-23
16353,2015-04-08 10:04:00,2015-04-08,0.1495,0.0,0.0,2930.0,0.1495,0.1495,0.1495,10000091,2015-04-22,2015-04-22,C,2.75,2015-03-23
16354,2015-04-08 10:05:00,2015-04-08,0.1499,2981.0,2.0,2931.0,0.1499,0.1482,0.1482,10000091,2015-04-22,2015-04-22,C,2.75,2015-03-23
16355,2015-04-08 10:06:00,2015-04-08,0.1456,2912.0,2.0,2930.0,0.1456,0.1456,0.1456,10000091,2015-04-22,2015-04-22,C,2.75,2015-03-23
16356,2015-04-08 10:07:00,2015-04-08,0.1424,15657.0,11.0,2921.0,0.1424,0.1417,0.1417,10000091,2015-04-22,2015-04-22,C,2.75,2015-03-23
16357,2015-04-08 10:08:00,2015-04-08,0.142,1420.0,1.0,2920.0,0.142,0.142,0.142,10000091,2015-04-22,2015-04-22,C,2.75,2015-03-23
16358,2015-04-08 10:09:00,2015-04-08,0.142,4260.0,3.0,2920.0,0.142,0.142,0.142,10000091,2015-04-22,2015-04-22,C,2.75,2015-03-23
16359,2015-04-08 10:10:00,2015-04-08,0.142,0.0,0.0,2920.0,0.142,0.142,0.142,10000091,2015-04-22,2015-04-22,C,2.75,2015-03-23
16360,2015-04-08 10:11:00,2015-04-08,0.142,0.0,0.0,2920.0,0.142,0.142,0.142,10000091,2015-04-22,2015-04-22,C,2.75,2015-03-23
16361,2015-04-08 10:12:00,2015-04-08,0.1451,32609.0,23.0,2912.0,0.1451,0.1404,0.1404,10000091,2015-04-22,2015-04-22,C,2.75,2015-03-23
16362,2015-04-08 10:13:00,2015-04-08,0.1404,16626.0,12.0,2901.0,0.1394,0.1372,0.1372,10000091,2015-04-22,2015-04-22,C,2.75,2015-03-23
16363,2015-04-08 10:14:00,2015-04-08,0.1404,1404.0,1.0,2900.0,0.1404,0.1404,0.1404,10000091,2015-04-22,2015-04-22,C,2.75,2015-03-23
16364,2015-04-08 10:15:00,2015-04-08,0.1329,15880.0,12.0,2893.0,0.1329,0.1312,0.1312,10000091,2015-04-22,2015-04-22,C,2.75,2015-03-23
16365,2015-04-08 10:16:00,2015-04-08,0.1329,6594.0,5.0,2892.0,0.1312,0.1329,0.1312,10000091,2015-04-22,2015-04-22,C,2.75,2015-03-23
16366,2015-04-08 10:17:00,2015-04-08,0.1391,12119.0,9.0,2893.0,0.1341,0.1391,0.1341,10000091,2015-04-22,2015-04-22,C,2.75,2015-03-23
16367,2015-04-08 10:18:00,2015-04-08,0.139,8220.0,6.0,2893.0,0.139,0.135,0.135,10000091,2015-04-22,2015-04-22,C,2.75,2015-03-23
16368,2015-04-08 10:19:00,2015-04-08,0.1339,16011.0,12.0,2883.0,0.1333,0.1339,0.1333,10000091,2015-04-22,2015-04-22,C,2.75,2015-03-23
16369,2015-04-08 10:20:00,2015-04-08,0.1388,13880.0,10.0,2883.0,0.1388,0.1388,0.1388,10000091,2015-04-22,2015-04-22,C,2.75,2015-03-23
16370,2015-04-08 10:21:00,2015-04-08,0.1388,0.0,0.0,2883.0,0.1388,0.1388,0.1388,10000091,2015-04-22,2015-04-22,C,2.75,2015-03-23
16371,2015-04-08 10:22:00,2015-04-08,0.139,18044.0,13.0,2880.0,0.1388,0.138,0.138,10000091,2015-04-22,2015-04-22,C,2.75,2015-03-23
16372,2015-04-08 10:23:00,2015-04-08,0.139,24693.0,18.0,2878.0,0.1376,0.1363,0.1363,10000091,2015-04-22,2015-04-22,C,2.75,2015-03-23
16373,2015-04-08 10:24:00,2015-04-08,0.1388,17569.0,13.0,2867.0,0.1347,0.1388,0.1344,10000091,2015-04-22,2015-04-22,C,2.75,2015-03-23
16374,2015-04-08 10:25:00,2015-04-08,0.1388,0.0,0.0,2867.0,0.1388,0.1388,0.1388,10000091,2015-04-22,2015-04-22,C,2.75,2015-03-23
16375,2015-04-08 10:26:00,2015-04-08,0.1366,1366.0,1.0,2866.0,0.1366,0.1366,0.1366,10000091,2015-04-22,2015-04-22,C,2.75,2015-03-23
16376,2015-04-08 10:27:00,2015-04-08,0.1366,12294.0,9.0,2857.0,0.1366,0.1366,0.1366,10000091,2015-04-22,2015-04-22,C,2.75,2015-03-23
16377,2015-04-08 10:28:00,2015-04-08,0.1393,31609.0,23.0,2840.0,0.1367,0.1393,0.1366,10000091,2015-04-22,2015-04-22,C,2.75,2015-03-23
16378,2015-04-08 10:29:00,2015-04-08,0.1388,15138.0,11.0,2834.0,0.1388,0.1375,0.1375,10000091,2015-04-22,2015-04-22,C,2.75,2015-03-23
16379,2015-04-08 10:30:00,2015-04-08,0.1393,13885.0,10.0,2834.0,0.1388,0.1393,0.1388,10000091,2015-04-22,2015-04-22,C,2.75,2015-03-23
16380,2015-04-08 10:31:00,2015-04-08,0.1393,0.0,0.0,2834.0,0.1393,0.1393,0.1393,10000091,2015-04-22,2015-04-22,C,2.75,2015-03-23
16381,2015-04-08 10:32:00,2015-04-08,0.147,1470.0,1.0,2834.0,0.147,0.147,0.147,10000091,2015-04-22,2015-04-22,C,2.75,2015-03-23
16382,2015-04-08 10:33:00,2015-04-08,0.147,15750.0,11.0,2834.0,0.1428,0.147,0.1428,10000091,2015-04-22,2015-04-22,C,2.75,2015-03-23
16383,2015-04-08 10:34:00,2015-04-08,0.147,0.0,0.0,2834.0,0.147,0.147,0.147,10000091,2015-04-22,2015-04-22,C,2.75,2015-03-23
16384,2015-04-08 10:35:00,2015-04-08,0.146,14600.0,10.0,2834.0,0.146,0.146,0.146,10000091,2015-04-22,2015-04-22,C,2.75,2015-03-23
16385,2015-04-08 10:36:00,2015-04-08,0.1476,16188.0,11.0,2840.0,0.147,0.1476,0.147,10000091,2015-04-22,2015-04-22,C,2.75,2015-03-23
16386,2015-04-08 10:37:00,2015-04-08,0.152,2993.0,2.0,2840.0,0.152,0.1473,0.1473,10000091,2015-04-22,2015-04-22,C,2.75,2015-03-23
16387,2015-04-08 10:38:00,2015-04-08,0.1473,0.0,0.0,2840.0,0.1473,0.1473,0.1473,10000091,2015-04-22,2015-04-22,C,2.75,2015-03-23
16388,2015-04-08 10:39:00,2015-04-08,0.152,18210.0,12.0,2839.0,0.152,0.15,0.15,10000091,2015-04-22,2015-04-22,C,2.75,2015-03-23
16389,2015-04-08 10:40:00,2015-04-08,0.15,0.0,0.0,2839.0,0.15,0.15,0.15,10000091,2015-04-22,2015-04-22,C,2.75,2015-03-23
16390,2015-04-08 10:41:00,2015-04-08,0.153,7626.0,5.0,2837.0,0.1527,0.151,0.151,10000091,2015-04-22,2015-04-22,C,2.75,2015-03-23
16391,2015-04-08 10:42:00,2015-04-08,0.1535,18145.0,12.0,2836.0,0.151,0.1535,0.151,10000091,2015-04-22,2015-04-22,C,2.75,2015-03-23
16392,2015-04-08 10:43:00,2015-04-08,0.1535,0.0,0.0,2836.0,0.1535,0.1535,0.1535,10000091,2015-04-22,2015-04-22,C,2.75,2015-03-23
16393,2015-04-08 10:44:00,2015-04-08,0.1515,12120.0,8.0,2833.0,0.1515,0.1515,0.1515,10000091,2015-04-22,2015-04-22,C,2.75,2015-03-23
16394,2015-04-08 10:45:00,2015-04-08,0.1493,5972.0,4.0,2829.0,0.1493,0.1493,0.1493,10000091,2015-04-22,2015-04-22,C,2.75,2015-03-23
16395,2015-04-08 10:46:00,2015-04-08,0.1515,18028.0,12.0,2817.0,0.1499,0.1515,0.1499,10000091,2015-04-22,2015-04-22,C,2.75,2015-03-23
16396,2015-04-08 10:47:00,2015-04-08,0.1515,0.0,0.0,2817.0,0.1515,0.1515,0.1515,10000091,2015-04-22,2015-04-22,C,2.75,2015-03-23
16397,2015-04-08 10:48:00,2015-04-08,0.1493,4479.0,3.0,2820.0,0.1493,0.1493,0.1493,10000091,2015-04-22,2015-04-22,C,2.75,2015-03-23
16398,2015-04-08 10:49:00,2015-04-08,0.1493,0.0,0.0,2820.0,0.1493,0.1493,0.1493,10000091,2015-04-22,2015-04-22,C,2.75,2015-03-23
16399,2015-04-08 10:50:00,2015-04-08,0.1493,0.0,0.0,2820.0,0.1493,0.1493,0.1493,10000091,2015-04-22,2015-04-22,C,2.75,2015-03-23
16400,2015-04-08 10:51:00,2015-04-08,0.1432,21450.0,15.0,2815.0,0.1432,0.1426,0.1426,10000091,2015-04-22,2015-04-22,C,2.75,2015-03-23
16401,2015-04-08 10:52:00,2015-04-08,0.1375,12270.0,9.0,2808.0,0.1375,0.136,0.136,10000091,2015-04-22,2015-04-22,C,2.75,2015-03-23
16402,2015-04-08 10:53:00,2015-04-08,0.1362,37926.0,28.0,2794.0,0.1356,0.1342,0.1342,10000091,2015-04-22,2015-04-22,C,2.75,2015-03-23
16403,2015-04-08 10:54:00,2015-04-08,0.1345,18464.0,14.0,2791.0,0.1342,0.13,0.13,10000091,2015-04-22,2015-04-22,C,2.75,2015-03-23
16404,2015-04-08 10:55:00,2015-04-08,0.13,0.0,0.0,2791.0,0.13,0.13,0.13,10000091,2015-04-22,2015-04-22,C,2.75,2015-03-23
16405,2015-04-08 10:56:00,2015-04-08,0.1338,14298.0,11.0,2783.0,0.1296,0.1338,0.1296,10000091,2015-04-22,2015-04-22,C,2.75,2015-03-23
16406,2015-04-08 10:57:00,2015-04-08,0.1344,14200.0,11.0,2790.0,0.1344,0.1271,0.1271,10000091,2015-04-22,2015-04-22,C,2.75,2015-03-23
16407,2015-04-08 10:58:00,2015-04-08,0.1271,0.0,0.0,2790.0,0.1271,0.1271,0.1271,10000091,2015-04-22,2015-04-22,C,2.75,2015-03-23
16408,2015-04-08 10:59:00,2015-04-08,0.134,15676.0,12.0,2780.0,0.13,0.134,0.13,10000091,2015-04-22,2015-04-22,C,2.75,2015-03-23
16409,2015-04-08 11:00:00,2015-04-08,0.134,26520.0,20.0,2780.0,0.134,0.1312,0.1312,10000091,2015-04-22,2015-04-22,C,2.75,2015-03-23
16410,2015-04-08 11:01:00,2015-04-08,0.135,26800.0,20.0,2773.0,0.135,0.135,0.133,10000091,2015-04-22,2015-04-22,C,2.75,2015-03-23
16411,2015-04-08 11:02:00,2015-04-08,0.13699999999999998,6850.0,5.0,2777.0,0.13699999999999998,0.13699999999999998,0.13699999999999998,10000091,2015-04-22,2015-04-22,C,2.75,2015-03-23
16412,2015-04-08 11:03:00,2015-04-08,0.1327,13270.0,10.0,2777.0,0.1327,0.1327,0.1327,10000091,2015-04-22,2015-04-22,C,2.75,2015-03-23
16413,2015-04-08 11:04:00,2015-04-08,0.1327,0.0,0.0,2777.0,0.1327,0.1327,0.1327,10000091,2015-04-22,2015-04-22,C,2.75,2015-03-23
16414,2015-04-08 11:05:00,2015-04-08,0.133,3990.0,3.0,2777.0,0.133,0.133,0.133,10000091,2015-04-22,2015-04-22,C,2.75,2015-03-23
16415,2015-04-08 11:06:00,2015-04-08,0.1331,5324.0,4.0,2777.0,0.1331,0.1331,0.1331,10000091,2015-04-22,2015-04-22,C,2.75,2015-03-23
16416,2015-04-08 11:07:00,2015-04-08,0.1331,0.0,0.0,2777.0,0.1331,0.1331,0.1331,10000091,2015-04-22,2015-04-22,C,2.75,2015-03-23
16417,2015-04-08 11:08:00,2015-04-08,0.1331,39534.0,30.0,2779.0,0.1331,0.1262,0.1262,10000091,2015-04-22,2015-04-22,C,2.75,2015-03-23
16418,2015-04-08 11:09:00,2015-04-08,0.1262,0.0,0.0,2779.0,0.1262,0.1262,0.1262,10000091,2015-04-22,2015-04-22,C,2.75,2015-03-23
16419,2015-04-08 11:10:00,2015-04-08,0.1325,1325.0,1.0,2779.0,0.1325,0.1325,0.1325,10000091,2015-04-22,2015-04-22,C,2.75,2015-03-23
16420,2015-04-08 11:11:00,2015-04-08,0.133,18580.0,14.0,2769.0,0.1326,0.133,0.1326,10000091,2015-04-22,2015-04-22,C,2.75,2015-03-23
16421,2015-04-08 11:12:00,2015-04-08,0.132,2640.0,2.0,2769.0,0.132,0.132,0.132,10000091,2015-04-22,2015-04-22,C,2.75,2015-03-23
16422,2015-04-08 11:13:00,2015-04-08,0.1322,1322.0,1.0,2769.0,0.1322,0.1322,0.1322,10000091,2015-04-22,2015-04-22,C,2.75,2015-03-23
16423,2015-04-08 11:14:00,2015-04-08,0.1322,13220.0,10.0,2769.0,0.1322,0.1322,0.1322,10000091,2015-04-22,2015-04-22,C,2.75,2015-03-23
16424,2015-04-08 11:15:00,2015-04-08,0.133,13300.0,10.0,2769.0,0.133,0.133,0.133,10000091,2015-04-22,2015-04-22,C,2.75,2015-03-23
16425,2015-04-08 11:16:00,2015-04-08,0.133,0.0,0.0,2769.0,0.133,0.133,0.133,10000091,2015-04-22,2015-04-22,C,2.75,2015-03-23
16426,2015-04-08 11:17:00,2015-04-08,0.1355,18970.0,14.0,2783.0,0.1355,0.1355,0.1355,10000091,2015-04-22,2015-04-22,C,2.75,2015-03-23
16427,2015-04-08 11:18:00,2015-04-08,0.1303,14324.0,11.0,2783.0,0.1303,0.1294,0.1294,10000091,2015-04-22,2015-04-22,C,2.75,2015-03-23
16428,2015-04-08 11:19:00,2015-04-08,0.1294,0.0,0.0,2783.0,0.1294,0.1294,0.1294,10000091,2015-04-22,2015-04-22,C,2.75,2015-03-23
16429,2015-04-08 11:20:00,2015-04-08,0.1294,0.0,0.0,2783.0,0.1294,0.1294,0.1294,10000091,2015-04-22,2015-04-22,C,2.75,2015-03-23
16430,2015-04-08 11:21:00,2015-04-08,0.1374,1374.0,1.0,2784.0,0.1374,0.1374,0.1374,10000091,2015-04-22,2015-04-22,C,2.75,2015-03-23
16431,2015-04-08 11:22:00,2015-04-08,0.1374,0.0,0.0,2784.0,0.1374,0.1374,0.1374,10000091,2015-04-22,2015-04-22,C,2.75,2015-03-23
16432,2015-04-08 11:23:00,2015-04-08,0.1374,0.0,0.0,2784.0,0.1374,0.1374,0.1374,10000091,2015-04-22,2015-04-22,C,2.75,2015-03-23
16433,2015-04-08 11:24:00,2015-04-08,0.139,5546.0,4.0,2785.0,0.1376,0.139,0.1376,10000091,2015-04-22,2015-04-22,C,2.75,2015-03-23
16434,2015-04-08 11:25:00,2015-04-08,0.139,5560.0,4.0,2785.0,0.139,0.139,0.139,10000091,2015-04-22,2015-04-22,C,2.75,2015-03-23
16435,2015-04-08 11:26:00,2015-04-08,0.1388,12492.0,9.0,2793.0,0.1388,0.1388,0.1388,10000091,2015-04-22,2015-04-22,C,2.75,2015-03-23
16436,2015-04-08 11:27:00,2015-04-08,0.14,2800.0,2.0,2795.0,0.14,0.14,0.14,10000091,2015-04-22,2015-04-22,C,2.75,2015-03-23
16437,2015-04-08 11:28:00,2015-04-08,0.14,0.0,0.0,2795.0,0.14,0.14,0.14,10000091,2015-04-22,2015-04-22,C,2.75,2015-03-23
16438,2015-04-08 11:29:00,2015-04-08,0.1549,37620.0,25.0,2800.0,0.1469,0.1549,0.1469,10000091,2015-04-22,2015-04-22,C,2.75,2015-03-23
16439,2015-04-08 11:30:00,2015-04-08,0.1568,13985.0,9.0,2802.0,0.155,0.1568,0.1549,10000091,2015-04-22,2015-04-22,C,2.75,2015-03-23
16440,2015-04-08 13:01:00,2015-04-08,0.1588,12629.0,8.0,2800.0,0.1573,0.1588,0.1573,10000091,2015-04-22,2015-04-22,C,2.75,2015-03-23
16441,2015-04-08 13:02:00,2015-04-08,0.1588,0.0,0.0,2800.0,0.1588,0.1588,0.1588,10000091,2015-04-22,2015-04-22,C,2.75,2015-03-23
16442,2015-04-08 13:03:00,2015-04-08,0.1588,0.0,0.0,2800.0,0.1588,0.1588,0.1588,10000091,2015-04-22,2015-04-22,C,2.75,2015-03-23
16443,2015-04-08 13:04:00,2015-04-08,0.1588,3176.0,2.0,2800.0,0.1588,0.1588,0.1588,10000091,2015-04-22,2015-04-22,C,2.75,2015-03-23
16444,2015-04-08 13:05:00,2015-04-08,0.1602,54342.0,34.0,2800.0,0.1588,0.1602,0.1588,10000091,2015-04-22,2015-04-22,C,2.75,2015-03-23
16445,2015-04-08 13:06:00,2015-04-08,0.1602,4770.0,3.0,2800.0,0.1602,0.1584,0.1584,10000091,2015-04-22,2015-04-22,C,2.75,2015-03-23
16446,2015-04-08 13:07:00,2015-04-08,0.1555,1555.0,1.0,2800.0,0.1555,0.1555,0.1555,10000091,2015-04-22,2015-04-22,C,2.75,2015-03-23
16447,2015-04-08 13:08:00,2015-04-08,0.1555,4665.0,3.0,2803.0,0.1555,0.1555,0.1555,10000091,2015-04-22,2015-04-22,C,2.75,2015-03-23
16448,2015-04-08 13:09:00,2015-04-08,0.1555,0.0,0.0,2803.0,0.1555,0.1555,0.1555,10000091,2015-04-22,2015-04-22,C,2.75,2015-03-23
16449,2015-04-08 13:10:00,2015-04-08,0.1555,0.0,0.0,2803.0,0.1555,0.1555,0.1555,10000091,2015-04-22,2015-04-22,C,2.75,2015-03-23
16450,2015-04-08 13:11:00,2015-04-08,0.156,7800.0,5.0,2804.0,0.156,0.156,0.156,10000091,2015-04-22,2015-04-22,C,2.75,2015-03-23
16451,2015-04-08 13:12:00,2015-04-08,0.1555,9320.0,6.0,2798.0,0.1555,0.1555,0.1545,10000091,2015-04-22,2015-04-22,C,2.75,2015-03-23
16452,2015-04-08 13:13:00,2015-04-08,0.1555,0.0,0.0,2798.0,0.1555,0.1555,0.1555,10000091,2015-04-22,2015-04-22,C,2.75,2015-03-23
16453,2015-04-08 13:14:00,2015-04-08,0.1555,0.0,0.0,2798.0,0.1555,0.1555,0.1555,10000091,2015-04-22,2015-04-22,C,2.75,2015-03-23
16454,2015-04-08 13:15:00,2015-04-08,0.1555,0.0,0.0,2798.0,0.1555,0.1555,0.1555,10000091,2015-04-22,2015-04-22,C,2.75,2015-03-23
16455,2015-04-08 13:16:00,2015-04-08,0.1555,0.0,0.0,2798.0,0.1555,0.1555,0.1555,10000091,2015-04-22,2015-04-22,C,2.75,2015-03-23
16456,2015-04-08 13:17:00,2015-04-08,0.1555,0.0,0.0,2798.0,0.1555,0.1555,0.1555,10000091,2015-04-22,2015-04-22,C,2.75,2015-03-23
16457,2015-04-08 13:18:00,2015-04-08,0.168,4946.0,3.0,2798.0,0.1629,0.168,0.1629,10000091,2015-04-22,2015-04-22,C,2.75,2015-03-23
16458,2015-04-08 13:19:00,2015-04-08,0.1735,8533.0,5.0,2800.0,0.1662,0.1713,0.1662,10000091,2015-04-22,2015-04-22,C,2.75,2015-03-23
16459,2015-04-08 13:20:00,2015-04-08,0.171,1710.0,1.0,2801.0,0.171,0.171,0.171,10000091,2015-04-22,2015-04-22,C,2.75,2015-03-23
16460,2015-04-08 13:21:00,2015-04-08,0.1725,6869.0,4.0,2802.0,0.1712,0.1725,0.1712,10000091,2015-04-22,2015-04-22,C,2.75,2015-03-23
16461,2015-04-08 13:22:00,2015-04-08,0.1735,1735.0,1.0,2803.0,0.1735,0.1735,0.1735,10000091,2015-04-22,2015-04-22,C,2.75,2015-03-23
16462,2015-04-08 13:23:00,2015-04-08,0.177,3520.0,2.0,2804.0,0.175,0.177,0.175,10000091,2015-04-22,2015-04-22,C,2.75,2015-03-23
16463,2015-04-08 13:24:00,2015-04-08,0.177,0.0,0.0,2804.0,0.177,0.177,0.177,10000091,2015-04-22,2015-04-22,C,2.75,2015-03-23
16464,2015-04-08 13:25:00,2015-04-08,0.1693,3386.0,2.0,2804.0,0.1693,0.1693,0.1693,10000091,2015-04-22,2015-04-22,C,2.75,2015-03-23
16465,2015-04-08 13:26:00,2015-04-08,0.1686,6744.0,4.0,2804.0,0.1686,0.1686,0.1686,10000091,2015-04-22,2015-04-22,C,2.75,2015-03-23
16466,2015-04-08 13:27:00,2015-04-08,0.172,8600.0,5.0,2800.0,0.172,0.172,0.172,10000091,2015-04-22,2015-04-22,C,2.75,2015-03-23
16467,2015-04-08 13:28:00,2015-04-08,0.1721,1721.0,1.0,2800.0,0.1721,0.1721,0.1721,10000091,2015-04-22,2015-04-22,C,2.75,2015-03-23
16468,2015-04-08 13:29:00,2015-04-08,0.1721,0.0,0.0,2800.0,0.1721,0.1721,0.1721,10000091,2015-04-22,2015-04-22,C,2.75,2015-03-23
16469,2015-04-08 13:30:00,2015-04-08,0.175,10498.0,6.0,2800.0,0.1748,0.175,0.1748,10000091,2015-04-22,2015-04-22,C,2.75,2015-03-23
16470,2015-04-08 13:31:00,2015-04-08,0.177,29955.0,17.0,2796.0,0.1755,0.177,0.1755,10000091,2015-04-22,2015-04-22,C,2.75,2015-03-23
16471,2015-04-08 13:32:00,2015-04-08,0.1787,31890.0,18.0,2801.0,0.1778,0.1754,0.1754,10000091,2015-04-22,2015-04-22,C,2.75,2015-03-23
16472,2015-04-08 13:33:00,2015-04-08,0.1754,0.0,0.0,2801.0,0.1754,0.1754,0.1754,10000091,2015-04-22,2015-04-22,C,2.75,2015-03-23
16473,2015-04-08 13:34:00,2015-04-08,0.177,1770.0,1.0,2802.0,0.177,0.177,0.177,10000091,2015-04-22,2015-04-22,C,2.75,2015-03-23
16474,2015-04-08 13:35:00,2015-04-08,0.1724,8620.0,5.0,2802.0,0.1724,0.1724,0.1724,10000091,2015-04-22,2015-04-22,C,2.75,2015-03-23
16475,2015-04-08 13:36:00,2015-04-08,0.1724,0.0,0.0,2802.0,0.1724,0.1724,0.1724,10000091,2015-04-22,2015-04-22,C,2.75,2015-03-23
16476,2015-04-08 13:37:00,2015-04-08,0.17600000000000002,46528.0,27.0,2810.0,0.17600000000000002,0.1701,0.1701,10000091,2015-04-22,2015-04-22,C,2.75,2015-03-23
16477,2015-04-08 13:38:00,2015-04-08,0.1701,0.0,0.0,2810.0,0.1701,0.1701,0.1701,10000091,2015-04-22,2015-04-22,C,2.75,2015-03-23
16478,2015-04-08 13:39:00,2015-04-08,0.1732,1732.0,1.0,2810.0,0.1732,0.1732,0.1732,10000091,2015-04-22,2015-04-22,C,2.75,2015-03-23
16479,2015-04-08 13:40:00,2015-04-08,0.1736,1736.0,1.0,2810.0,0.1736,0.1736,0.1736,10000091,2015-04-22,2015-04-22,C,2.75,2015-03-23
16480,2015-04-08 13:41:00,2015-04-08,0.1701,6782.0,4.0,2809.0,0.1701,0.16899999999999998,0.16899999999999998,10000091,2015-04-22,2015-04-22,C,2.75,2015-03-23
16481,2015-04-08 13:42:00,2015-04-08,0.16899999999999998,6760.0,4.0,2805.0,0.16899999999999998,0.16899999999999998,0.16899999999999998,10000091,2015-04-22,2015-04-22,C,2.75,2015-03-23
16482,2015-04-08 13:43:00,2015-04-08,0.16899999999999998,1690.0,1.0,2804.0,0.16899999999999998,0.16899999999999998,0.16899999999999998,10000091,2015-04-22,2015-04-22,C,2.75,2015-03-23
16483,2015-04-08 13:44:00,2015-04-08,0.1685,1685.0,1.0,2803.0,0.1685,0.1685,0.1685,10000091,2015-04-22,2015-04-22,C,2.75,2015-03-23
16484,2015-04-08 13:45:00,2015-04-08,0.1685,0.0,0.0,2803.0,0.1685,0.1685,0.1685,10000091,2015-04-22,2015-04-22,C,2.75,2015-03-23
16485,2015-04-08 13:46:00,2015-04-08,0.172,3438.0,2.0,2803.0,0.1718,0.172,0.1718,10000091,2015-04-22,2015-04-22,C,2.75,2015-03-23
16486,2015-04-08 13:47:00,2015-04-08,0.172,0.0,0.0,2803.0,0.172,0.172,0.172,10000091,2015-04-22,2015-04-22,C,2.75,2015-03-23
16487,2015-04-08 13:48:00,2015-04-08,0.172,0.0,0.0,2803.0,0.172,0.172,0.172,10000091,2015-04-22,2015-04-22,C,2.75,2015-03-23
16488,2015-04-08 13:49:00,2015-04-08,0.1758,10546.0,6.0,2807.0,0.1758,0.1758,0.1758,10000091,2015-04-22,2015-04-22,C,2.75,2015-03-23
16489,2015-04-08 13:50:00,2015-04-08,0.1758,0.0,0.0,2807.0,0.1758,0.1758,0.1758,10000091,2015-04-22,2015-04-22,C,2.75,2015-03-23
16490,2015-04-08 13:51:00,2015-04-08,0.1701,1701.0,1.0,2807.0,0.1701,0.1701,0.1701,10000091,2015-04-22,2015-04-22,C,2.75,2015-03-23
16491,2015-04-08 13:52:00,2015-04-08,0.1701,0.0,0.0,2807.0,0.1701,0.1701,0.1701,10000091,2015-04-22,2015-04-22,C,2.75,2015-03-23
16492,2015-04-08 13:53:00,2015-04-08,0.1701,0.0,0.0,2807.0,0.1701,0.1701,0.1701,10000091,2015-04-22,2015-04-22,C,2.75,2015-03-23
16493,2015-04-08 13:54:00,2015-04-08,0.171,6839.0,4.0,2809.0,0.1709,0.171,0.1709,10000091,2015-04-22,2015-04-22,C,2.75,2015-03-23
16494,2015-04-08 13:55:00,2015-04-08,0.171,0.0,0.0,2809.0,0.171,0.171,0.171,10000091,2015-04-22,2015-04-22,C,2.75,2015-03-23
16495,2015-04-08 13:56:00,2015-04-08,0.1719,1719.0,1.0,2809.0,0.1719,0.1719,0.1719,10000091,2015-04-22,2015-04-22,C,2.75,2015-03-23
16496,2015-04-08 13:57:00,2015-04-08,0.1745,3488.0,2.0,2809.0,0.1743,0.1745,0.1743,10000091,2015-04-22,2015-04-22,C,2.75,2015-03-23
16497,2015-04-08 13:58:00,2015-04-08,0.1754,3503.0,2.0,2809.0,0.1754,0.1749,0.1749,10000091,2015-04-22,2015-04-22,C,2.75,2015-03-23
16498,2015-04-08 13:59:00,2015-04-08,0.1759,8791.0,5.0,2813.0,0.1759,0.1759,0.1759,10000091,2015-04-22,2015-04-22,C,2.75,2015-03-23
16499,2015-04-08 14:00:00,2015-04-08,0.1759,1759.0,1.0,2813.0,0.1759,0.1759,0.1759,10000091,2015-04-22,2015-04-22,C,2.75,2015-03-23
16500,2015-04-08 14:01:00,2015-04-08,0.1794,14274.0,8.0,2814.0,0.177,0.1794,0.1767,10000091,2015-04-22,2015-04-22,C,2.75,2015-03-23
16501,2015-04-08 14:02:00,2015-04-08,0.1794,0.0,0.0,2814.0,0.1794,0.1794,0.1794,10000091,2015-04-22,2015-04-22,C,2.75,2015-03-23
16502,2015-04-08 14:03:00,2015-04-08,0.1794,0.0,0.0,2814.0,0.1794,0.1794,0.1794,10000091,2015-04-22,2015-04-22,C,2.75,2015-03-23
16503,2015-04-08 14:04:00,2015-04-08,0.171,1710.0,1.0,2813.0,0.171,0.171,0.171,10000091,2015-04-22,2015-04-22,C,2.75,2015-03-23
16504,2015-04-08 14:05:00,2015-04-08,0.171,0.0,0.0,2813.0,0.171,0.171,0.171,10000091,2015-04-22,2015-04-22,C,2.75,2015-03-23
16505,2015-04-08 14:06:00,2015-04-08,0.171,0.0,0.0,2813.0,0.171,0.171,0.171,10000091,2015-04-22,2015-04-22,C,2.75,2015-03-23
16506,2015-04-08 14:07:00,2015-04-08,0.171,0.0,0.0,2813.0,0.171,0.171,0.171,10000091,2015-04-22,2015-04-22,C,2.75,2015-03-23
16507,2015-04-08 14:08:00,2015-04-08,0.171,0.0,0.0,2813.0,0.171,0.171,0.171,10000091,2015-04-22,2015-04-22,C,2.75,2015-03-23
16508,2015-04-08 14:09:00,2015-04-08,0.171,0.0,0.0,2813.0,0.171,0.171,0.171,10000091,2015-04-22,2015-04-22,C,2.75,2015-03-23
16509,2015-04-08 14:10:00,2015-04-08,0.171,0.0,0.0,2813.0,0.171,0.171,0.171,10000091,2015-04-22,2015-04-22,C,2.75,2015-03-23
16510,2015-04-08 14:11:00,2015-04-08,0.171,0.0,0.0,2813.0,0.171,0.171,0.171,10000091,2015-04-22,2015-04-22,C,2.75,2015-03-23
16511,2015-04-08 14:12:00,2015-04-08,0.171,0.0,0.0,2813.0,0.171,0.171,0.171,10000091,2015-04-22,2015-04-22,C,2.75,2015-03-23
16512,2015-04-08 14:13:00,2015-04-08,0.1767,1767.0,1.0,2812.0,0.1767,0.1767,0.1767,10000091,2015-04-22,2015-04-22,C,2.75,2015-03-23
16513,2015-04-08 14:14:00,2015-04-08,0.1767,15903.0,9.0,2803.0,0.1767,0.1767,0.1767,10000091,2015-04-22,2015-04-22,C,2.75,2015-03-23
16514,2015-04-08 14:15:00,2015-04-08,0.1767,17670.0,10.0,2794.0,0.1767,0.1767,0.1767,10000091,2015-04-22,2015-04-22,C,2.75,2015-03-23
16515,2015-04-08 14:16:00,2015-04-08,0.1766,17660.0,10.0,2784.0,0.1766,0.1766,0.1766,10000091,2015-04-22,2015-04-22,C,2.75,2015-03-23
16516,2015-04-08 14:17:00,2015-04-08,0.1769,17690.0,10.0,2774.0,0.1769,0.1769,0.1769,10000091,2015-04-22,2015-04-22,C,2.75,2015-03-23
16517,2015-04-08 14:18:00,2015-04-08,0.1769,0.0,0.0,2774.0,0.1769,0.1769,0.1769,10000091,2015-04-22,2015-04-22,C,2.75,2015-03-23
16518,2015-04-08 14:19:00,2015-04-08,0.1701,38513.0,23.0,2753.0,0.1701,0.1679,0.165,10000091,2015-04-22,2015-04-22,C,2.75,2015-03-23
16519,2015-04-08 14:20:00,2015-04-08,0.1602,8010.0,5.0,2748.0,0.1602,0.1602,0.1602,10000091,2015-04-22,2015-04-22,C,2.75,2015-03-23
16520,2015-04-08 14:21:00,2015-04-08,0.1581,1581.0,1.0,2747.0,0.1581,0.1581,0.1581,10000091,2015-04-22,2015-04-22,C,2.75,2015-03-23
16521,2015-04-08 14:22:00,2015-04-08,0.1649,14841.0,9.0,2738.0,0.1649,0.1649,0.1649,10000091,2015-04-22,2015-04-22,C,2.75,2015-03-23
16522,2015-04-08 14:23:00,2015-04-08,0.16,16000.0,10.0,2728.0,0.16,0.16,0.16,10000091,2015-04-22,2015-04-22,C,2.75,2015-03-23
16523,2015-04-08 14:24:00,2015-04-08,0.16,0.0,0.0,2728.0,0.16,0.16,0.16,10000091,2015-04-22,2015-04-22,C,2.75,2015-03-23
16524,2015-04-08 14:25:00,2015-04-08,0.1594,7970.0,5.0,2723.0,0.1594,0.1594,0.1594,10000091,2015-04-22,2015-04-22,C,2.75,2015-03-23
16525,2015-04-08 14:26:00,2015-04-08,0.159,1590.0,1.0,2723.0,0.159,0.159,0.159,10000091,2015-04-22,2015-04-22,C,2.75,2015-03-23
16526,2015-04-08 14:27:00,2015-04-08,0.159,0.0,0.0,2723.0,0.159,0.159,0.159,10000091,2015-04-22,2015-04-22,C,2.75,2015-03-23
16527,2015-04-08 14:28:00,2015-04-08,0.159,0.0,0.0,2723.0,0.159,0.159,0.159,10000091,2015-04-22,2015-04-22,C,2.75,2015-03-23
16528,2015-04-08 14:29:00,2015-04-08,0.159,0.0,0.0,2723.0,0.159,0.159,0.159,10000091,2015-04-22,2015-04-22,C,2.75,2015-03-23
16529,2015-04-08 14:30:00,2015-04-08,0.156,1560.0,1.0,2723.0,0.156,0.156,0.156,10000091,2015-04-22,2015-04-22,C,2.75,2015-03-23
16530,2015-04-08 14:31:00,2015-04-08,0.156,0.0,0.0,2723.0,0.156,0.156,0.156,10000091,2015-04-22,2015-04-22,C,2.75,2015-03-23
16531,2015-04-08 14:32:00,2015-04-08,0.156,0.0,0.0,2723.0,0.156,0.156,0.156,10000091,2015-04-22,2015-04-22,C,2.75,2015-03-23
16532,2015-04-08 14:33:00,2015-04-08,0.156,0.0,0.0,2723.0,0.156,0.156,0.156,10000091,2015-04-22,2015-04-22,C,2.75,2015-03-23
16533,2015-04-08 14:34:00,2015-04-08,0.156,0.0,0.0,2723.0,0.156,0.156,0.156,10000091,2015-04-22,2015-04-22,C,2.75,2015-03-23
16534,2015-04-08 14:35:00,2015-04-08,0.156,0.0,0.0,2723.0,0.156,0.156,0.156,10000091,2015-04-22,2015-04-22,C,2.75,2015-03-23
16535,2015-04-08 14:36:00,2015-04-08,0.168,1680.0,1.0,2723.0,0.168,0.168,0.168,10000091,2015-04-22,2015-04-22,C,2.75,2015-03-23
16536,2015-04-08 14:37:00,2015-04-08,0.168,0.0,0.0,2723.0,0.168,0.168,0.168,10000091,2015-04-22,2015-04-22,C,2.75,2015-03-23
16537,2015-04-08 14:38:00,2015-04-08,0.168,0.0,0.0,2723.0,0.168,0.168,0.168,10000091,2015-04-22,2015-04-22,C,2.75,2015-03-23
16538,2015-04-08 14:39:00,2015-04-08,0.166,8236.0,5.0,2723.0,0.1644,0.166,0.1644,10000091,2015-04-22,2015-04-22,C,2.75,2015-03-23
16539,2015-04-08 14:40:00,2015-04-08,0.166,0.0,0.0,2723.0,0.166,0.166,0.166,10000091,2015-04-22,2015-04-22,C,2.75,2015-03-23
16540,2015-04-08 14:41:00,2015-04-08,0.166,0.0,0.0,2723.0,0.166,0.166,0.166,10000091,2015-04-22,2015-04-22,C,2.75,2015-03-23
16541,2015-04-08 14:42:00,2015-04-08,0.166,0.0,0.0,2723.0,0.166,0.166,0.166,10000091,2015-04-22,2015-04-22,C,2.75,2015-03-23
16542,2015-04-08 14:43:00,2015-04-08,0.166,0.0,0.0,2723.0,0.166,0.166,0.166,10000091,2015-04-22,2015-04-22,C,2.75,2015-03-23
16543,2015-04-08 14:44:00,2015-04-08,0.168,6720.0,4.0,2722.0,0.168,0.168,0.168,10000091,2015-04-22,2015-04-22,C,2.75,2015-03-23
16544,2015-04-08 14:45:00,2015-04-08,0.1709,17090.0,10.0,2732.0,0.1709,0.1709,0.1709,10000091,2015-04-22,2015-04-22,C,2.75,2015-03-23
16545,2015-04-08 14:46:00,2015-04-08,0.1709,0.0,0.0,2732.0,0.1709,0.1709,0.1709,10000091,2015-04-22,2015-04-22,C,2.75,2015-03-23
16546,2015-04-08 14:47:00,2015-04-08,0.174,6960.0,4.0,2734.0,0.174,0.174,0.174,10000091,2015-04-22,2015-04-22,C,2.75,2015-03-23
16547,2015-04-08 14:48:00,2015-04-08,0.174,1740.0,1.0,2735.0,0.174,0.174,0.174,10000091,2015-04-22,2015-04-22,C,2.75,2015-03-23
16548,2015-04-08 14:49:00,2015-04-08,0.174,0.0,0.0,2735.0,0.174,0.174,0.174,10000091,2015-04-22,2015-04-22,C,2.75,2015-03-23
16549,2015-04-08 14:50:00,2015-04-08,0.174,0.0,0.0,2735.0,0.174,0.174,0.174,10000091,2015-04-22,2015-04-22,C,2.75,2015-03-23
16550,2015-04-08 14:51:00,2015-04-08,0.177,8850.0,5.0,2735.0,0.177,0.177,0.177,10000091,2015-04-22,2015-04-22,C,2.75,2015-03-23
16551,2015-04-08 14:52:00,2015-04-08,0.177,0.0,0.0,2735.0,0.177,0.177,0.177,10000091,2015-04-22,2015-04-22,C,2.75,2015-03-23
16552,2015-04-08 14:53:00,2015-04-08,0.177,0.0,0.0,2735.0,0.177,0.177,0.177,10000091,2015-04-22,2015-04-22,C,2.75,2015-03-23
16553,2015-04-08 14:54:00,2015-04-08,0.177,0.0,0.0,2735.0,0.177,0.177,0.177,10000091,2015-04-22,2015-04-22,C,2.75,2015-03-23
16554,2015-04-08 14:55:00,2015-04-08,0.1769,1769.0,1.0,2735.0,0.1769,0.1769,0.1769,10000091,2015-04-22,2015-04-22,C,2.75,2015-03-23
16555,2015-04-08 14:56:00,2015-04-08,0.17,3400.0,2.0,2735.0,0.17,0.17,0.17,10000091,2015-04-22,2015-04-22,C,2.75,2015-03-23
16556,2015-04-08 14:57:00,2015-04-08,0.17,0.0,0.0,2735.0,0.17,0.17,0.17,10000091,2015-04-22,2015-04-22,C,2.75,2015-03-23
16557,2015-04-08 14:58:00,2015-04-08,0.17,0.0,0.0,2735.0,0.17,0.17,0.17,10000091,2015-04-22,2015-04-22,C,2.75,2015-03-23
16558,2015-04-08 14:59:00,2015-04-08,0.17,0.0,0.0,2735.0,0.17,0.17,0.17,10000091,2015-04-22,2015-04-22,C,2.75,2015-03-23
16559,2015-04-08 15:00:00,2015-04-08,0.17,0.0,0.0,2735.0,0.17,0.17,0.17,10000091,2015-04-22,2015-04-22,C,2.75,2015-03-23
16560,2015-04-08 09:31:00,2015-04-08,0.2368,34780.0,15.0,446.0,0.2294,0.2368,0.2294,10000109,2015-05-27,2015-05-27,C,2.7,2015-03-26
16561,2015-04-08 09:32:00,2015-04-08,0.2368,0.0,0.0,446.0,0.2368,0.2368,0.2368,10000109,2015-05-27,2015-05-27,C,2.7,2015-03-26
16562,2015-04-08 09:33:00,2015-04-08,0.2345,2345.0,1.0,447.0,0.2345,0.2345,0.2345,10000109,2015-05-27,2015-05-27,C,2.7,2015-03-26
16563,2015-04-08 09:34:00,2015-04-08,0.2345,0.0,0.0,447.0,0.2345,0.2345,0.2345,10000109,2015-05-27,2015-05-27,C,2.7,2015-03-26
16564,2015-04-08 09:35:00,2015-04-08,0.2329,23290.0,10.0,452.0,0.2329,0.2329,0.2329,10000109,2015-05-27,2015-05-27,C,2.7,2015-03-26
16565,2015-04-08 09:36:00,2015-04-08,0.2329,0.0,0.0,452.0,0.2329,0.2329,0.2329,10000109,2015-05-27,2015-05-27,C,2.7,2015-03-26
16566,2015-04-08 09:37:00,2015-04-08,0.2238,11190.0,5.0,457.0,0.2238,0.2238,0.2238,10000109,2015-05-27,2015-05-27,C,2.7,2015-03-26
16567,2015-04-08 09:38:00,2015-04-08,0.2238,0.0,0.0,457.0,0.2238,0.2238,0.2238,10000109,2015-05-27,2015-05-27,C,2.7,2015-03-26
16568,2015-04-08 09:39:00,2015-04-08,0.2256,11280.0,5.0,462.0,0.2256,0.2256,0.2256,10000109,2015-05-27,2015-05-27,C,2.7,2015-03-26
16569,2015-04-08 09:40:00,2015-04-08,0.2256,0.0,0.0,462.0,0.2256,0.2256,0.2256,10000109,2015-05-27,2015-05-27,C,2.7,2015-03-26
16570,2015-04-08 09:41:00,2015-04-08,0.2286,22860.0,10.0,472.0,0.2286,0.2286,0.2286,10000109,2015-05-27,2015-05-27,C,2.7,2015-03-26
16571,2015-04-08 09:42:00,2015-04-08,0.2286,0.0,0.0,472.0,0.2286,0.2286,0.2286,10000109,2015-05-27,2015-05-27,C,2.7,2015-03-26
16572,2015-04-08 09:43:00,2015-04-08,0.2286,0.0,0.0,472.0,0.2286,0.2286,0.2286,10000109,2015-05-27,2015-05-27,C,2.7,2015-03-26
16573,2015-04-08 09:44:00,2015-04-08,0.2286,0.0,0.0,472.0,0.2286,0.2286,0.2286,10000109,2015-05-27,2015-05-27,C,2.7,2015-03-26
16574,2015-04-08 09:45:00,2015-04-08,0.2286,0.0,0.0,472.0,0.2286,0.2286,0.2286,10000109,2015-05-27,2015-05-27,C,2.7,2015-03-26
16575,2015-04-08 09:46:00,2015-04-08,0.2286,0.0,0.0,472.0,0.2286,0.2286,0.2286,10000109,2015-05-27,2015-05-27,C,2.7,2015-03-26
16576,2015-04-08 09:47:00,2015-04-08,0.2286,0.0,0.0,472.0,0.2286,0.2286,0.2286,10000109,2015-05-27,2015-05-27,C,2.7,2015-03-26
16577,2015-04-08 09:48:00,2015-04-08,0.2286,0.0,0.0,472.0,0.2286,0.2286,0.2286,10000109,2015-05-27,2015-05-27,C,2.7,2015-03-26
16578,2015-04-08 09:49:00,2015-04-08,0.2286,0.0,0.0,472.0,0.2286,0.2286,0.2286,10000109,2015-05-27,2015-05-27,C,2.7,2015-03-26
16579,2015-04-08 09:50:00,2015-04-08,0.2286,0.0,0.0,472.0,0.2286,0.2286,0.2286,10000109,2015-05-27,2015-05-27,C,2.7,2015-03-26
16580,2015-04-08 09:51:00,2015-04-08,0.2286,0.0,0.0,472.0,0.2286,0.2286,0.2286,10000109,2015-05-27,2015-05-27,C,2.7,2015-03-26
16581,2015-04-08 09:52:00,2015-04-08,0.2286,0.0,0.0,472.0,0.2286,0.2286,0.2286,10000109,2015-05-27,2015-05-27,C,2.7,2015-03-26
16582,2015-04-08 09:53:00,2015-04-08,0.2286,0.0,0.0,472.0,0.2286,0.2286,0.2286,10000109,2015-05-27,2015-05-27,C,2.7,2015-03-26
16583,2015-04-08 09:54:00,2015-04-08,0.2286,0.0,0.0,472.0,0.2286,0.2286,0.2286,10000109,2015-05-27,2015-05-27,C,2.7,2015-03-26
16584,2015-04-08 09:55:00,2015-04-08,0.2286,0.0,0.0,472.0,0.2286,0.2286,0.2286,10000109,2015-05-27,2015-05-27,C,2.7,2015-03-26
16585,2015-04-08 09:56:00,2015-04-08,0.2286,0.0,0.0,472.0,0.2286,0.2286,0.2286,10000109,2015-05-27,2015-05-27,C,2.7,2015-03-26
16586,2015-04-08 09:57:00,2015-04-08,0.2286,0.0,0.0,472.0,0.2286,0.2286,0.2286,10000109,2015-05-27,2015-05-27,C,2.7,2015-03-26
16587,2015-04-08 09:58:00,2015-04-08,0.2286,0.0,0.0,472.0,0.2286,0.2286,0.2286,10000109,2015-05-27,2015-05-27,C,2.7,2015-03-26
16588,2015-04-08 09:59:00,2015-04-08,0.2286,0.0,0.0,472.0,0.2286,0.2286,0.2286,10000109,2015-05-27,2015-05-27,C,2.7,2015-03-26
16589,2015-04-08 10:00:00,2015-04-08,0.2286,0.0,0.0,472.0,0.2286,0.2286,0.2286,10000109,2015-05-27,2015-05-27,C,2.7,2015-03-26
16590,2015-04-08 10:01:00,2015-04-08,0.2286,0.0,0.0,472.0,0.2286,0.2286,0.2286,10000109,2015-05-27,2015-05-27,C,2.7,2015-03-26
16591,2015-04-08 10:02:00,2015-04-08,0.2286,0.0,0.0,472.0,0.2286,0.2286,0.2286,10000109,2015-05-27,2015-05-27,C,2.7,2015-03-26
16592,2015-04-08 10:03:00,2015-04-08,0.2286,0.0,0.0,472.0,0.2286,0.2286,0.2286,10000109,2015-05-27,2015-05-27,C,2.7,2015-03-26
16593,2015-04-08 10:04:00,2015-04-08,0.2286,0.0,0.0,472.0,0.2286,0.2286,0.2286,10000109,2015-05-27,2015-05-27,C,2.7,2015-03-26
16594,2015-04-08 10:05:00,2015-04-08,0.2286,0.0,0.0,472.0,0.2286,0.2286,0.2286,10000109,2015-05-27,2015-05-27,C,2.7,2015-03-26
16595,2015-04-08 10:06:00,2015-04-08,0.2286,0.0,0.0,472.0,0.2286,0.2286,0.2286,10000109,2015-05-27,2015-05-27,C,2.7,2015-03-26
16596,2015-04-08 10:07:00,2015-04-08,0.2286,0.0,0.0,472.0,0.2286,0.2286,0.2286,10000109,2015-05-27,2015-05-27,C,2.7,2015-03-26
16597,2015-04-08 10:08:00,2015-04-08,0.2286,0.0,0.0,472.0,0.2286,0.2286,0.2286,10000109,2015-05-27,2015-05-27,C,2.7,2015-03-26
16598,2015-04-08 10:09:00,2015-04-08,0.2286,0.0,0.0,472.0,0.2286,0.2286,0.2286,10000109,2015-05-27,2015-05-27,C,2.7,2015-03-26
16599,2015-04-08 10:10:00,2015-04-08,0.2286,0.0,0.0,472.0,0.2286,0.2286,0.2286,10000109,2015-05-27,2015-05-27,C,2.7,2015-03-26
16600,2015-04-08 10:11:00,2015-04-08,0.2286,0.0,0.0,472.0,0.2286,0.2286,0.2286,10000109,2015-05-27,2015-05-27,C,2.7,2015-03-26
16601,2015-04-08 10:12:00,2015-04-08,0.2286,0.0,0.0,472.0,0.2286,0.2286,0.2286,10000109,2015-05-27,2015-05-27,C,2.7,2015-03-26
16602,2015-04-08 10:13:00,2015-04-08,0.2286,0.0,0.0,472.0,0.2286,0.2286,0.2286,10000109,2015-05-27,2015-05-27,C,2.7,2015-03-26
16603,2015-04-08 10:14:00,2015-04-08,0.2286,0.0,0.0,472.0,0.2286,0.2286,0.2286,10000109,2015-05-27,2015-05-27,C,2.7,2015-03-26
16604,2015-04-08 10:15:00,2015-04-08,0.2286,0.0,0.0,472.0,0.2286,0.2286,0.2286,10000109,2015-05-27,2015-05-27,C,2.7,2015-03-26
16605,2015-04-08 10:16:00,2015-04-08,0.2286,0.0,0.0,472.0,0.2286,0.2286,0.2286,10000109,2015-05-27,2015-05-27,C,2.7,2015-03-26
16606,2015-04-08 10:17:00,2015-04-08,0.2286,0.0,0.0,472.0,0.2286,0.2286,0.2286,10000109,2015-05-27,2015-05-27,C,2.7,2015-03-26
16607,2015-04-08 10:18:00,2015-04-08,0.2286,0.0,0.0,472.0,0.2286,0.2286,0.2286,10000109,2015-05-27,2015-05-27,C,2.7,2015-03-26
16608,2015-04-08 10:19:00,2015-04-08,0.2286,0.0,0.0,472.0,0.2286,0.2286,0.2286,10000109,2015-05-27,2015-05-27,C,2.7,2015-03-26
16609,2015-04-08 10:20:00,2015-04-08,0.2286,0.0,0.0,472.0,0.2286,0.2286,0.2286,10000109,2015-05-27,2015-05-27,C,2.7,2015-03-26
16610,2015-04-08 10:21:00,2015-04-08,0.2286,0.0,0.0,472.0,0.2286,0.2286,0.2286,10000109,2015-05-27,2015-05-27,C,2.7,2015-03-26
16611,2015-04-08 10:22:00,2015-04-08,0.2286,0.0,0.0,472.0,0.2286,0.2286,0.2286,10000109,2015-05-27,2015-05-27,C,2.7,2015-03-26
16612,2015-04-08 10:23:00,2015-04-08,0.2286,0.0,0.0,472.0,0.2286,0.2286,0.2286,10000109,2015-05-27,2015-05-27,C,2.7,2015-03-26
16613,2015-04-08 10:24:00,2015-04-08,0.2286,0.0,0.0,472.0,0.2286,0.2286,0.2286,10000109,2015-05-27,2015-05-27,C,2.7,2015-03-26
16614,2015-04-08 10:25:00,2015-04-08,0.2286,0.0,0.0,472.0,0.2286,0.2286,0.2286,10000109,2015-05-27,2015-05-27,C,2.7,2015-03-26
16615,2015-04-08 10:26:00,2015-04-08,0.2286,0.0,0.0,472.0,0.2286,0.2286,0.2286,10000109,2015-05-27,2015-05-27,C,2.7,2015-03-26
16616,2015-04-08 10:27:00,2015-04-08,0.2286,0.0,0.0,472.0,0.2286,0.2286,0.2286,10000109,2015-05-27,2015-05-27,C,2.7,2015-03-26
16617,2015-04-08 10:28:00,2015-04-08,0.2286,0.0,0.0,472.0,0.2286,0.2286,0.2286,10000109,2015-05-27,2015-05-27,C,2.7,2015-03-26
16618,2015-04-08 10:29:00,2015-04-08,0.2286,0.0,0.0,472.0,0.2286,0.2286,0.2286,10000109,2015-05-27,2015-05-27,C,2.7,2015-03-26
16619,2015-04-08 10:30:00,2015-04-08,0.2286,0.0,0.0,472.0,0.2286,0.2286,0.2286,10000109,2015-05-27,2015-05-27,C,2.7,2015-03-26
16620,2015-04-08 10:31:00,2015-04-08,0.2286,0.0,0.0,472.0,0.2286,0.2286,0.2286,10000109,2015-05-27,2015-05-27,C,2.7,2015-03-26
16621,2015-04-08 10:32:00,2015-04-08,0.2286,0.0,0.0,472.0,0.2286,0.2286,0.2286,10000109,2015-05-27,2015-05-27,C,2.7,2015-03-26
16622,2015-04-08 10:33:00,2015-04-08,0.2286,0.0,0.0,472.0,0.2286,0.2286,0.2286,10000109,2015-05-27,2015-05-27,C,2.7,2015-03-26
16623,2015-04-08 10:34:00,2015-04-08,0.2286,0.0,0.0,472.0,0.2286,0.2286,0.2286,10000109,2015-05-27,2015-05-27,C,2.7,2015-03-26
16624,2015-04-08 10:35:00,2015-04-08,0.2286,0.0,0.0,472.0,0.2286,0.2286,0.2286,10000109,2015-05-27,2015-05-27,C,2.7,2015-03-26
16625,2015-04-08 10:36:00,2015-04-08,0.2286,0.0,0.0,472.0,0.2286,0.2286,0.2286,10000109,2015-05-27,2015-05-27,C,2.7,2015-03-26
16626,2015-04-08 10:37:00,2015-04-08,0.2286,0.0,0.0,472.0,0.2286,0.2286,0.2286,10000109,2015-05-27,2015-05-27,C,2.7,2015-03-26
16627,2015-04-08 10:38:00,2015-04-08,0.2286,0.0,0.0,472.0,0.2286,0.2286,0.2286,10000109,2015-05-27,2015-05-27,C,2.7,2015-03-26
16628,2015-04-08 10:39:00,2015-04-08,0.2286,0.0,0.0,472.0,0.2286,0.2286,0.2286,10000109,2015-05-27,2015-05-27,C,2.7,2015-03-26
16629,2015-04-08 10:40:00,2015-04-08,0.2286,0.0,0.0,472.0,0.2286,0.2286,0.2286,10000109,2015-05-27,2015-05-27,C,2.7,2015-03-26
16630,2015-04-08 10:41:00,2015-04-08,0.2286,0.0,0.0,472.0,0.2286,0.2286,0.2286,10000109,2015-05-27,2015-05-27,C,2.7,2015-03-26
16631,2015-04-08 10:42:00,2015-04-08,0.2286,0.0,0.0,472.0,0.2286,0.2286,0.2286,10000109,2015-05-27,2015-05-27,C,2.7,2015-03-26
16632,2015-04-08 10:43:00,2015-04-08,0.2286,0.0,0.0,472.0,0.2286,0.2286,0.2286,10000109,2015-05-27,2015-05-27,C,2.7,2015-03-26
16633,2015-04-08 10:44:00,2015-04-08,0.2286,0.0,0.0,472.0,0.2286,0.2286,0.2286,10000109,2015-05-27,2015-05-27,C,2.7,2015-03-26
16634,2015-04-08 10:45:00,2015-04-08,0.2286,0.0,0.0,472.0,0.2286,0.2286,0.2286,10000109,2015-05-27,2015-05-27,C,2.7,2015-03-26
16635,2015-04-08 10:46:00,2015-04-08,0.2286,0.0,0.0,472.0,0.2286,0.2286,0.2286,10000109,2015-05-27,2015-05-27,C,2.7,2015-03-26
16636,2015-04-08 10:47:00,2015-04-08,0.2286,0.0,0.0,472.0,0.2286,0.2286,0.2286,10000109,2015-05-27,2015-05-27,C,2.7,2015-03-26
16637,2015-04-08 10:48:00,2015-04-08,0.2286,0.0,0.0,472.0,0.2286,0.2286,0.2286,10000109,2015-05-27,2015-05-27,C,2.7,2015-03-26
16638,2015-04-08 10:49:00,2015-04-08,0.24,24000.0,10.0,482.0,0.24,0.24,0.24,10000109,2015-05-27,2015-05-27,C,2.7,2015-03-26
16639,2015-04-08 10:50:00,2015-04-08,0.24,0.0,0.0,482.0,0.24,0.24,0.24,10000109,2015-05-27,2015-05-27,C,2.7,2015-03-26
16640,2015-04-08 10:51:00,2015-04-08,0.24,0.0,0.0,482.0,0.24,0.24,0.24,10000109,2015-05-27,2015-05-27,C,2.7,2015-03-26
16641,2015-04-08 10:52:00,2015-04-08,0.24,0.0,0.0,482.0,0.24,0.24,0.24,10000109,2015-05-27,2015-05-27,C,2.7,2015-03-26
16642,2015-04-08 10:53:00,2015-04-08,0.24,0.0,0.0,482.0,0.24,0.24,0.24,10000109,2015-05-27,2015-05-27,C,2.7,2015-03-26
16643,2015-04-08 10:54:00,2015-04-08,0.24,0.0,0.0,482.0,0.24,0.24,0.24,10000109,2015-05-27,2015-05-27,C,2.7,2015-03-26
16644,2015-04-08 10:55:00,2015-04-08,0.24,0.0,0.0,482.0,0.24,0.24,0.24,10000109,2015-05-27,2015-05-27,C,2.7,2015-03-26
16645,2015-04-08 10:56:00,2015-04-08,0.24,0.0,0.0,482.0,0.24,0.24,0.24,10000109,2015-05-27,2015-05-27,C,2.7,2015-03-26
16646,2015-04-08 10:57:00,2015-04-08,0.24,0.0,0.0,482.0,0.24,0.24,0.24,10000109,2015-05-27,2015-05-27,C,2.7,2015-03-26
16647,2015-04-08 10:58:00,2015-04-08,0.24,0.0,0.0,482.0,0.24,0.24,0.24,10000109,2015-05-27,2015-05-27,C,2.7,2015-03-26
16648,2015-04-08 10:59:00,2015-04-08,0.24,0.0,0.0,482.0,0.24,0.24,0.24,10000109,2015-05-27,2015-05-27,C,2.7,2015-03-26
16649,2015-04-08 11:00:00,2015-04-08,0.2191,4382.0,2.0,482.0,0.2191,0.2191,0.2191,10000109,2015-05-27,2015-05-27,C,2.7,2015-03-26
16650,2015-04-08 11:01:00,2015-04-08,0.2191,0.0,0.0,482.0,0.2191,0.2191,0.2191,10000109,2015-05-27,2015-05-27,C,2.7,2015-03-26
16651,2015-04-08 11:02:00,2015-04-08,0.2191,0.0,0.0,482.0,0.2191,0.2191,0.2191,10000109,2015-05-27,2015-05-27,C,2.7,2015-03-26
16652,2015-04-08 11:03:00,2015-04-08,0.2191,0.0,0.0,482.0,0.2191,0.2191,0.2191,10000109,2015-05-27,2015-05-27,C,2.7,2015-03-26
16653,2015-04-08 11:04:00,2015-04-08,0.2191,0.0,0.0,482.0,0.2191,0.2191,0.2191,10000109,2015-05-27,2015-05-27,C,2.7,2015-03-26
16654,2015-04-08 11:05:00,2015-04-08,0.2191,0.0,0.0,482.0,0.2191,0.2191,0.2191,10000109,2015-05-27,2015-05-27,C,2.7,2015-03-26
16655,2015-04-08 11:06:00,2015-04-08,0.2191,0.0,0.0,482.0,0.2191,0.2191,0.2191,10000109,2015-05-27,2015-05-27,C,2.7,2015-03-26
16656,2015-04-08 11:07:00,2015-04-08,0.2191,0.0,0.0,482.0,0.2191,0.2191,0.2191,10000109,2015-05-27,2015-05-27,C,2.7,2015-03-26
16657,2015-04-08 11:08:00,2015-04-08,0.2191,0.0,0.0,482.0,0.2191,0.2191,0.2191,10000109,2015-05-27,2015-05-27,C,2.7,2015-03-26
16658,2015-04-08 11:09:00,2015-04-08,0.2273,11365.0,5.0,487.0,0.2273,0.2273,0.2273,10000109,2015-05-27,2015-05-27,C,2.7,2015-03-26
16659,2015-04-08 11:10:00,2015-04-08,0.2273,0.0,0.0,487.0,0.2273,0.2273,0.2273,10000109,2015-05-27,2015-05-27,C,2.7,2015-03-26
16660,2015-04-08 11:11:00,2015-04-08,0.2273,0.0,0.0,487.0,0.2273,0.2273,0.2273,10000109,2015-05-27,2015-05-27,C,2.7,2015-03-26
16661,2015-04-08 11:12:00,2015-04-08,0.2273,0.0,0.0,487.0,0.2273,0.2273,0.2273,10000109,2015-05-27,2015-05-27,C,2.7,2015-03-26
16662,2015-04-08 11:13:00,2015-04-08,0.2273,0.0,0.0,487.0,0.2273,0.2273,0.2273,10000109,2015-05-27,2015-05-27,C,2.7,2015-03-26
16663,2015-04-08 11:14:00,2015-04-08,0.2273,0.0,0.0,487.0,0.2273,0.2273,0.2273,10000109,2015-05-27,2015-05-27,C,2.7,2015-03-26
16664,2015-04-08 11:15:00,2015-04-08,0.2273,0.0,0.0,487.0,0.2273,0.2273,0.2273,10000109,2015-05-27,2015-05-27,C,2.7,2015-03-26
16665,2015-04-08 11:16:00,2015-04-08,0.2273,0.0,0.0,487.0,0.2273,0.2273,0.2273,10000109,2015-05-27,2015-05-27,C,2.7,2015-03-26
16666,2015-04-08 11:17:00,2015-04-08,0.2273,0.0,0.0,487.0,0.2273,0.2273,0.2273,10000109,2015-05-27,2015-05-27,C,2.7,2015-03-26
16667,2015-04-08 11:18:00,2015-04-08,0.2273,0.0,0.0,487.0,0.2273,0.2273,0.2273,10000109,2015-05-27,2015-05-27,C,2.7,2015-03-26
16668,2015-04-08 11:19:00,2015-04-08,0.2273,0.0,0.0,487.0,0.2273,0.2273,0.2273,10000109,2015-05-27,2015-05-27,C,2.7,2015-03-26
16669,2015-04-08 11:20:00,2015-04-08,0.2273,0.0,0.0,487.0,0.2273,0.2273,0.2273,10000109,2015-05-27,2015-05-27,C,2.7,2015-03-26
16670,2015-04-08 11:21:00,2015-04-08,0.2273,0.0,0.0,487.0,0.2273,0.2273,0.2273,10000109,2015-05-27,2015-05-27,C,2.7,2015-03-26
16671,2015-04-08 11:22:00,2015-04-08,0.2273,0.0,0.0,487.0,0.2273,0.2273,0.2273,10000109,2015-05-27,2015-05-27,C,2.7,2015-03-26
16672,2015-04-08 11:23:00,2015-04-08,0.2273,0.0,0.0,487.0,0.2273,0.2273,0.2273,10000109,2015-05-27,2015-05-27,C,2.7,2015-03-26
16673,2015-04-08 11:24:00,2015-04-08,0.2273,0.0,0.0,487.0,0.2273,0.2273,0.2273,10000109,2015-05-27,2015-05-27,C,2.7,2015-03-26
16674,2015-04-08 11:25:00,2015-04-08,0.2273,0.0,0.0,487.0,0.2273,0.2273,0.2273,10000109,2015-05-27,2015-05-27,C,2.7,2015-03-26
16675,2015-04-08 11:26:00,2015-04-08,0.2273,0.0,0.0,487.0,0.2273,0.2273,0.2273,10000109,2015-05-27,2015-05-27,C,2.7,2015-03-26
16676,2015-04-08 11:27:00,2015-04-08,0.2355,11775.0,5.0,487.0,0.2355,0.2355,0.2355,10000109,2015-05-27,2015-05-27,C,2.7,2015-03-26
16677,2015-04-08 11:28:00,2015-04-08,0.2355,0.0,0.0,487.0,0.2355,0.2355,0.2355,10000109,2015-05-27,2015-05-27,C,2.7,2015-03-26
16678,2015-04-08 11:29:00,2015-04-08,0.2355,0.0,0.0,487.0,0.2355,0.2355,0.2355,10000109,2015-05-27,2015-05-27,C,2.7,2015-03-26
16679,2015-04-08 11:30:00,2015-04-08,0.2355,0.0,0.0,487.0,0.2355,0.2355,0.2355,10000109,2015-05-27,2015-05-27,C,2.7,2015-03-26
16680,2015-04-08 13:01:00,2015-04-08,0.2355,0.0,0.0,487.0,0.2355,0.2355,0.2355,10000109,2015-05-27,2015-05-27,C,2.7,2015-03-26
16681,2015-04-08 13:02:00,2015-04-08,0.2355,0.0,0.0,487.0,0.2355,0.2355,0.2355,10000109,2015-05-27,2015-05-27,C,2.7,2015-03-26
16682,2015-04-08 13:03:00,2015-04-08,0.2355,0.0,0.0,487.0,0.2355,0.2355,0.2355,10000109,2015-05-27,2015-05-27,C,2.7,2015-03-26
16683,2015-04-08 13:04:00,2015-04-08,0.2355,0.0,0.0,487.0,0.2355,0.2355,0.2355,10000109,2015-05-27,2015-05-27,C,2.7,2015-03-26
16684,2015-04-08 13:05:00,2015-04-08,0.2355,0.0,0.0,487.0,0.2355,0.2355,0.2355,10000109,2015-05-27,2015-05-27,C,2.7,2015-03-26
16685,2015-04-08 13:06:00,2015-04-08,0.2355,0.0,0.0,487.0,0.2355,0.2355,0.2355,10000109,2015-05-27,2015-05-27,C,2.7,2015-03-26
16686,2015-04-08 13:07:00,2015-04-08,0.2355,0.0,0.0,487.0,0.2355,0.2355,0.2355,10000109,2015-05-27,2015-05-27,C,2.7,2015-03-26
16687,2015-04-08 13:08:00,2015-04-08,0.2355,0.0,0.0,487.0,0.2355,0.2355,0.2355,10000109,2015-05-27,2015-05-27,C,2.7,2015-03-26
16688,2015-04-08 13:09:00,2015-04-08,0.2355,0.0,0.0,487.0,0.2355,0.2355,0.2355,10000109,2015-05-27,2015-05-27,C,2.7,2015-03-26
16689,2015-04-08 13:10:00,2015-04-08,0.2355,0.0,0.0,487.0,0.2355,0.2355,0.2355,10000109,2015-05-27,2015-05-27,C,2.7,2015-03-26
16690,2015-04-08 13:11:00,2015-04-08,0.2355,0.0,0.0,487.0,0.2355,0.2355,0.2355,10000109,2015-05-27,2015-05-27,C,2.7,2015-03-26
16691,2015-04-08 13:12:00,2015-04-08,0.2355,0.0,0.0,487.0,0.2355,0.2355,0.2355,10000109,2015-05-27,2015-05-27,C,2.7,2015-03-26
16692,2015-04-08 13:13:00,2015-04-08,0.2355,0.0,0.0,487.0,0.2355,0.2355,0.2355,10000109,2015-05-27,2015-05-27,C,2.7,2015-03-26
16693,2015-04-08 13:14:00,2015-04-08,0.2355,0.0,0.0,487.0,0.2355,0.2355,0.2355,10000109,2015-05-27,2015-05-27,C,2.7,2015-03-26
16694,2015-04-08 13:15:00,2015-04-08,0.2355,0.0,0.0,487.0,0.2355,0.2355,0.2355,10000109,2015-05-27,2015-05-27,C,2.7,2015-03-26
16695,2015-04-08 13:16:00,2015-04-08,0.26,2600.0,1.0,488.0,0.26,0.26,0.26,10000109,2015-05-27,2015-05-27,C,2.7,2015-03-26
16696,2015-04-08 13:17:00,2015-04-08,0.26,0.0,0.0,488.0,0.26,0.26,0.26,10000109,2015-05-27,2015-05-27,C,2.7,2015-03-26
16697,2015-04-08 13:18:00,2015-04-08,0.26,0.0,0.0,488.0,0.26,0.26,0.26,10000109,2015-05-27,2015-05-27,C,2.7,2015-03-26
16698,2015-04-08 13:19:00,2015-04-08,0.26,0.0,0.0,488.0,0.26,0.26,0.26,10000109,2015-05-27,2015-05-27,C,2.7,2015-03-26
16699,2015-04-08 13:20:00,2015-04-08,0.26,0.0,0.0,488.0,0.26,0.26,0.26,10000109,2015-05-27,2015-05-27,C,2.7,2015-03-26
16700,2015-04-08 13:21:00,2015-04-08,0.26,0.0,0.0,488.0,0.26,0.26,0.26,10000109,2015-05-27,2015-05-27,C,2.7,2015-03-26
16701,2015-04-08 13:22:00,2015-04-08,0.26,0.0,0.0,488.0,0.26,0.26,0.26,10000109,2015-05-27,2015-05-27,C,2.7,2015-03-26
16702,2015-04-08 13:23:00,2015-04-08,0.26,0.0,0.0,488.0,0.26,0.26,0.26,10000109,2015-05-27,2015-05-27,C,2.7,2015-03-26
16703,2015-04-08 13:24:00,2015-04-08,0.26,0.0,0.0,488.0,0.26,0.26,0.26,10000109,2015-05-27,2015-05-27,C,2.7,2015-03-26
16704,2015-04-08 13:25:00,2015-04-08,0.26,0.0,0.0,488.0,0.26,0.26,0.26,10000109,2015-05-27,2015-05-27,C,2.7,2015-03-26
16705,2015-04-08 13:26:00,2015-04-08,0.26,0.0,0.0,488.0,0.26,0.26,0.26,10000109,2015-05-27,2015-05-27,C,2.7,2015-03-26
16706,2015-04-08 13:27:00,2015-04-08,0.26,0.0,0.0,488.0,0.26,0.26,0.26,10000109,2015-05-27,2015-05-27,C,2.7,2015-03-26
16707,2015-04-08 13:28:00,2015-04-08,0.26,0.0,0.0,488.0,0.26,0.26,0.26,10000109,2015-05-27,2015-05-27,C,2.7,2015-03-26
16708,2015-04-08 13:29:00,2015-04-08,0.26,0.0,0.0,488.0,0.26,0.26,0.26,10000109,2015-05-27,2015-05-27,C,2.7,2015-03-26
16709,2015-04-08 13:30:00,2015-04-08,0.26,0.0,0.0,488.0,0.26,0.26,0.26,10000109,2015-05-27,2015-05-27,C,2.7,2015-03-26
16710,2015-04-08 13:31:00,2015-04-08,0.27,13500.0,5.0,488.0,0.27,0.27,0.27,10000109,2015-05-27,2015-05-27,C,2.7,2015-03-26
16711,2015-04-08 13:32:00,2015-04-08,0.27,5400.0,2.0,490.0,0.27,0.27,0.27,10000109,2015-05-27,2015-05-27,C,2.7,2015-03-26
16712,2015-04-08 13:33:00,2015-04-08,0.27,0.0,0.0,490.0,0.27,0.27,0.27,10000109,2015-05-27,2015-05-27,C,2.7,2015-03-26
16713,2015-04-08 13:34:00,2015-04-08,0.27,0.0,0.0,490.0,0.27,0.27,0.27,10000109,2015-05-27,2015-05-27,C,2.7,2015-03-26
16714,2015-04-08 13:35:00,2015-04-08,0.27,8100.0,3.0,493.0,0.27,0.27,0.27,10000109,2015-05-27,2015-05-27,C,2.7,2015-03-26
16715,2015-04-08 13:36:00,2015-04-08,0.27,0.0,0.0,493.0,0.27,0.27,0.27,10000109,2015-05-27,2015-05-27,C,2.7,2015-03-26
16716,2015-04-08 13:37:00,2015-04-08,0.27,0.0,0.0,493.0,0.27,0.27,0.27,10000109,2015-05-27,2015-05-27,C,2.7,2015-03-26
16717,2015-04-08 13:38:00,2015-04-08,0.27,8100.0,3.0,496.0,0.27,0.27,0.27,10000109,2015-05-27,2015-05-27,C,2.7,2015-03-26
16718,2015-04-08 13:39:00,2015-04-08,0.27,0.0,0.0,496.0,0.27,0.27,0.27,10000109,2015-05-27,2015-05-27,C,2.7,2015-03-26
16719,2015-04-08 13:40:00,2015-04-08,0.27,0.0,0.0,496.0,0.27,0.27,0.27,10000109,2015-05-27,2015-05-27,C,2.7,2015-03-26
16720,2015-04-08 13:41:00,2015-04-08,0.27,0.0,0.0,496.0,0.27,0.27,0.27,10000109,2015-05-27,2015-05-27,C,2.7,2015-03-26
16721,2015-04-08 13:42:00,2015-04-08,0.27,0.0,0.0,496.0,0.27,0.27,0.27,10000109,2015-05-27,2015-05-27,C,2.7,2015-03-26
16722,2015-04-08 13:43:00,2015-04-08,0.27,0.0,0.0,496.0,0.27,0.27,0.27,10000109,2015-05-27,2015-05-27,C,2.7,2015-03-26
16723,2015-04-08 13:44:00,2015-04-08,0.27,0.0,0.0,496.0,0.27,0.27,0.27,10000109,2015-05-27,2015-05-27,C,2.7,2015-03-26
16724,2015-04-08 13:45:00,2015-04-08,0.2673,5346.0,2.0,496.0,0.2673,0.2673,0.2673,10000109,2015-05-27,2015-05-27,C,2.7,2015-03-26
16725,2015-04-08 13:46:00,2015-04-08,0.2619,10476.0,4.0,496.0,0.2619,0.2619,0.2619,10000109,2015-05-27,2015-05-27,C,2.7,2015-03-26
16726,2015-04-08 13:47:00,2015-04-08,0.2619,0.0,0.0,496.0,0.2619,0.2619,0.2619,10000109,2015-05-27,2015-05-27,C,2.7,2015-03-26
16727,2015-04-08 13:48:00,2015-04-08,0.2619,0.0,0.0,496.0,0.2619,0.2619,0.2619,10000109,2015-05-27,2015-05-27,C,2.7,2015-03-26
16728,2015-04-08 13:49:00,2015-04-08,0.2619,0.0,0.0,496.0,0.2619,0.2619,0.2619,10000109,2015-05-27,2015-05-27,C,2.7,2015-03-26
16729,2015-04-08 13:50:00,2015-04-08,0.2619,0.0,0.0,496.0,0.2619,0.2619,0.2619,10000109,2015-05-27,2015-05-27,C,2.7,2015-03-26
16730,2015-04-08 13:51:00,2015-04-08,0.2619,0.0,0.0,496.0,0.2619,0.2619,0.2619,10000109,2015-05-27,2015-05-27,C,2.7,2015-03-26
16731,2015-04-08 13:52:00,2015-04-08,0.2619,0.0,0.0,496.0,0.2619,0.2619,0.2619,10000109,2015-05-27,2015-05-27,C,2.7,2015-03-26
16732,2015-04-08 13:53:00,2015-04-08,0.2619,0.0,0.0,496.0,0.2619,0.2619,0.2619,10000109,2015-05-27,2015-05-27,C,2.7,2015-03-26
16733,2015-04-08 13:54:00,2015-04-08,0.2619,0.0,0.0,496.0,0.2619,0.2619,0.2619,10000109,2015-05-27,2015-05-27,C,2.7,2015-03-26
16734,2015-04-08 13:55:00,2015-04-08,0.2619,0.0,0.0,496.0,0.2619,0.2619,0.2619,10000109,2015-05-27,2015-05-27,C,2.7,2015-03-26
16735,2015-04-08 13:56:00,2015-04-08,0.27,2700.0,1.0,497.0,0.27,0.27,0.27,10000109,2015-05-27,2015-05-27,C,2.7,2015-03-26
16736,2015-04-08 13:57:00,2015-04-08,0.27,0.0,0.0,497.0,0.27,0.27,0.27,10000109,2015-05-27,2015-05-27,C,2.7,2015-03-26
16737,2015-04-08 13:58:00,2015-04-08,0.27,10800.0,4.0,501.0,0.27,0.27,0.27,10000109,2015-05-27,2015-05-27,C,2.7,2015-03-26
16738,2015-04-08 13:59:00,2015-04-08,0.27,0.0,0.0,501.0,0.27,0.27,0.27,10000109,2015-05-27,2015-05-27,C,2.7,2015-03-26
16739,2015-04-08 14:00:00,2015-04-08,0.28,2800.0,1.0,502.0,0.28,0.28,0.28,10000109,2015-05-27,2015-05-27,C,2.7,2015-03-26
16740,2015-04-08 14:01:00,2015-04-08,0.28,0.0,0.0,502.0,0.28,0.28,0.28,10000109,2015-05-27,2015-05-27,C,2.7,2015-03-26
16741,2015-04-08 14:02:00,2015-04-08,0.28,0.0,0.0,502.0,0.28,0.28,0.28,10000109,2015-05-27,2015-05-27,C,2.7,2015-03-26
16742,2015-04-08 14:03:00,2015-04-08,0.28,0.0,0.0,502.0,0.28,0.28,0.28,10000109,2015-05-27,2015-05-27,C,2.7,2015-03-26
16743,2015-04-08 14:04:00,2015-04-08,0.28,0.0,0.0,502.0,0.28,0.28,0.28,10000109,2015-05-27,2015-05-27,C,2.7,2015-03-26
16744,2015-04-08 14:05:00,2015-04-08,0.28,0.0,0.0,502.0,0.28,0.28,0.28,10000109,2015-05-27,2015-05-27,C,2.7,2015-03-26
16745,2015-04-08 14:06:00,2015-04-08,0.28,0.0,0.0,502.0,0.28,0.28,0.28,10000109,2015-05-27,2015-05-27,C,2.7,2015-03-26
16746,2015-04-08 14:07:00,2015-04-08,0.28,0.0,0.0,502.0,0.28,0.28,0.28,10000109,2015-05-27,2015-05-27,C,2.7,2015-03-26
16747,2015-04-08 14:08:00,2015-04-08,0.28,0.0,0.0,502.0,0.28,0.28,0.28,10000109,2015-05-27,2015-05-27,C,2.7,2015-03-26
16748,2015-04-08 14:09:00,2015-04-08,0.28,0.0,0.0,502.0,0.28,0.28,0.28,10000109,2015-05-27,2015-05-27,C,2.7,2015-03-26
16749,2015-04-08 14:10:00,2015-04-08,0.28,0.0,0.0,502.0,0.28,0.28,0.28,10000109,2015-05-27,2015-05-27,C,2.7,2015-03-26
16750,2015-04-08 14:11:00,2015-04-08,0.28,0.0,0.0,502.0,0.28,0.28,0.28,10000109,2015-05-27,2015-05-27,C,2.7,2015-03-26
16751,2015-04-08 14:12:00,2015-04-08,0.28,0.0,0.0,502.0,0.28,0.28,0.28,10000109,2015-05-27,2015-05-27,C,2.7,2015-03-26
16752,2015-04-08 14:13:00,2015-04-08,0.28,0.0,0.0,502.0,0.28,0.28,0.28,10000109,2015-05-27,2015-05-27,C,2.7,2015-03-26
16753,2015-04-08 14:14:00,2015-04-08,0.28,0.0,0.0,502.0,0.28,0.28,0.28,10000109,2015-05-27,2015-05-27,C,2.7,2015-03-26
16754,2015-04-08 14:15:00,2015-04-08,0.28,0.0,0.0,502.0,0.28,0.28,0.28,10000109,2015-05-27,2015-05-27,C,2.7,2015-03-26
16755,2015-04-08 14:16:00,2015-04-08,0.28,0.0,0.0,502.0,0.28,0.28,0.28,10000109,2015-05-27,2015-05-27,C,2.7,2015-03-26
16756,2015-04-08 14:17:00,2015-04-08,0.28,0.0,0.0,502.0,0.28,0.28,0.28,10000109,2015-05-27,2015-05-27,C,2.7,2015-03-26
16757,2015-04-08 14:18:00,2015-04-08,0.28,0.0,0.0,502.0,0.28,0.28,0.28,10000109,2015-05-27,2015-05-27,C,2.7,2015-03-26
16758,2015-04-08 14:19:00,2015-04-08,0.28,0.0,0.0,502.0,0.28,0.28,0.28,10000109,2015-05-27,2015-05-27,C,2.7,2015-03-26
16759,2015-04-08 14:20:00,2015-04-08,0.28,0.0,0.0,502.0,0.28,0.28,0.28,10000109,2015-05-27,2015-05-27,C,2.7,2015-03-26
16760,2015-04-08 14:21:00,2015-04-08,0.28,0.0,0.0,502.0,0.28,0.28,0.28,10000109,2015-05-27,2015-05-27,C,2.7,2015-03-26
16761,2015-04-08 14:22:00,2015-04-08,0.28,0.0,0.0,502.0,0.28,0.28,0.28,10000109,2015-05-27,2015-05-27,C,2.7,2015-03-26
16762,2015-04-08 14:23:00,2015-04-08,0.258,25800.0,10.0,502.0,0.258,0.258,0.258,10000109,2015-05-27,2015-05-27,C,2.7,2015-03-26
16763,2015-04-08 14:24:00,2015-04-08,0.258,0.0,0.0,502.0,0.258,0.258,0.258,10000109,2015-05-27,2015-05-27,C,2.7,2015-03-26
16764,2015-04-08 14:25:00,2015-04-08,0.258,0.0,0.0,502.0,0.258,0.258,0.258,10000109,2015-05-27,2015-05-27,C,2.7,2015-03-26
16765,2015-04-08 14:26:00,2015-04-08,0.258,0.0,0.0,502.0,0.258,0.258,0.258,10000109,2015-05-27,2015-05-27,C,2.7,2015-03-26
16766,2015-04-08 14:27:00,2015-04-08,0.258,0.0,0.0,502.0,0.258,0.258,0.258,10000109,2015-05-27,2015-05-27,C,2.7,2015-03-26
16767,2015-04-08 14:28:00,2015-04-08,0.258,0.0,0.0,502.0,0.258,0.258,0.258,10000109,2015-05-27,2015-05-27,C,2.7,2015-03-26
16768,2015-04-08 14:29:00,2015-04-08,0.258,0.0,0.0,502.0,0.258,0.258,0.258,10000109,2015-05-27,2015-05-27,C,2.7,2015-03-26
16769,2015-04-08 14:30:00,2015-04-08,0.258,0.0,0.0,502.0,0.258,0.258,0.258,10000109,2015-05-27,2015-05-27,C,2.7,2015-03-26
16770,2015-04-08 14:31:00,2015-04-08,0.258,0.0,0.0,502.0,0.258,0.258,0.258,10000109,2015-05-27,2015-05-27,C,2.7,2015-03-26
16771,2015-04-08 14:32:00,2015-04-08,0.258,0.0,0.0,502.0,0.258,0.258,0.258,10000109,2015-05-27,2015-05-27,C,2.7,2015-03-26
16772,2015-04-08 14:33:00,2015-04-08,0.258,0.0,0.0,502.0,0.258,0.258,0.258,10000109,2015-05-27,2015-05-27,C,2.7,2015-03-26
16773,2015-04-08 14:34:00,2015-04-08,0.258,0.0,0.0,502.0,0.258,0.258,0.258,10000109,2015-05-27,2015-05-27,C,2.7,2015-03-26
16774,2015-04-08 14:35:00,2015-04-08,0.258,0.0,0.0,502.0,0.258,0.258,0.258,10000109,2015-05-27,2015-05-27,C,2.7,2015-03-26
16775,2015-04-08 14:36:00,2015-04-08,0.258,0.0,0.0,502.0,0.258,0.258,0.258,10000109,2015-05-27,2015-05-27,C,2.7,2015-03-26
16776,2015-04-08 14:37:00,2015-04-08,0.258,0.0,0.0,502.0,0.258,0.258,0.258,10000109,2015-05-27,2015-05-27,C,2.7,2015-03-26
16777,2015-04-08 14:38:00,2015-04-08,0.258,0.0,0.0,502.0,0.258,0.258,0.258,10000109,2015-05-27,2015-05-27,C,2.7,2015-03-26
16778,2015-04-08 14:39:00,2015-04-08,0.258,0.0,0.0,502.0,0.258,0.258,0.258,10000109,2015-05-27,2015-05-27,C,2.7,2015-03-26
16779,2015-04-08 14:40:00,2015-04-08,0.258,0.0,0.0,502.0,0.258,0.258,0.258,10000109,2015-05-27,2015-05-27,C,2.7,2015-03-26
16780,2015-04-08 14:41:00,2015-04-08,0.258,0.0,0.0,502.0,0.258,0.258,0.258,10000109,2015-05-27,2015-05-27,C,2.7,2015-03-26
16781,2015-04-08 14:42:00,2015-04-08,0.258,0.0,0.0,502.0,0.258,0.258,0.258,10000109,2015-05-27,2015-05-27,C,2.7,2015-03-26
16782,2015-04-08 14:43:00,2015-04-08,0.258,0.0,0.0,502.0,0.258,0.258,0.258,10000109,2015-05-27,2015-05-27,C,2.7,2015-03-26
16783,2015-04-08 14:44:00,2015-04-08,0.258,0.0,0.0,502.0,0.258,0.258,0.258,10000109,2015-05-27,2015-05-27,C,2.7,2015-03-26
16784,2015-04-08 14:45:00,2015-04-08,0.258,0.0,0.0,502.0,0.258,0.258,0.258,10000109,2015-05-27,2015-05-27,C,2.7,2015-03-26
16785,2015-04-08 14:46:00,2015-04-08,0.258,0.0,0.0,502.0,0.258,0.258,0.258,10000109,2015-05-27,2015-05-27,C,2.7,2015-03-26
16786,2015-04-08 14:47:00,2015-04-08,0.258,0.0,0.0,502.0,0.258,0.258,0.258,10000109,2015-05-27,2015-05-27,C,2.7,2015-03-26
16787,2015-04-08 14:48:00,2015-04-08,0.258,0.0,0.0,502.0,0.258,0.258,0.258,10000109,2015-05-27,2015-05-27,C,2.7,2015-03-26
16788,2015-04-08 14:49:00,2015-04-08,0.258,0.0,0.0,502.0,0.258,0.258,0.258,10000109,2015-05-27,2015-05-27,C,2.7,2015-03-26
16789,2015-04-08 14:50:00,2015-04-08,0.258,0.0,0.0,502.0,0.258,0.258,0.258,10000109,2015-05-27,2015-05-27,C,2.7,2015-03-26
16790,2015-04-08 14:51:00,2015-04-08,0.258,0.0,0.0,502.0,0.258,0.258,0.258,10000109,2015-05-27,2015-05-27,C,2.7,2015-03-26
16791,2015-04-08 14:52:00,2015-04-08,0.258,0.0,0.0,502.0,0.258,0.258,0.258,10000109,2015-05-27,2015-05-27,C,2.7,2015-03-26
16792,2015-04-08 14:53:00,2015-04-08,0.258,0.0,0.0,502.0,0.258,0.258,0.258,10000109,2015-05-27,2015-05-27,C,2.7,2015-03-26
16793,2015-04-08 14:54:00,2015-04-08,0.258,0.0,0.0,502.0,0.258,0.258,0.258,10000109,2015-05-27,2015-05-27,C,2.7,2015-03-26
16794,2015-04-08 14:55:00,2015-04-08,0.258,0.0,0.0,502.0,0.258,0.258,0.258,10000109,2015-05-27,2015-05-27,C,2.7,2015-03-26
16795,2015-04-08 14:56:00,2015-04-08,0.2702,2702.0,1.0,502.0,0.2702,0.2702,0.2702,10000109,2015-05-27,2015-05-27,C,2.7,2015-03-26
16796,2015-04-08 14:57:00,2015-04-08,0.2702,0.0,0.0,502.0,0.2702,0.2702,0.2702,10000109,2015-05-27,2015-05-27,C,2.7,2015-03-26
16797,2015-04-08 14:58:00,2015-04-08,0.2702,0.0,0.0,502.0,0.2702,0.2702,0.2702,10000109,2015-05-27,2015-05-27,C,2.7,2015-03-26
16798,2015-04-08 14:59:00,2015-04-08,0.2702,0.0,0.0,502.0,0.2702,0.2702,0.2702,10000109,2015-05-27,2015-05-27,C,2.7,2015-03-26
16799,2015-04-08 15:00:00,2015-04-08,0.2702,0.0,0.0,502.0,0.2702,0.2702,0.2702,10000109,2015-05-27,2015-05-27,C,2.7,2015-03-26
16800,2015-04-08 09:31:00,2015-04-08,0.0855,0.0,0.0,0.0,0.0855,0.0855,0.0855,10000078,2015-06-24,2015-06-24,P,2.65,2015-03-18
16801,2015-04-08 09:32:00,2015-04-08,0.0855,0.0,0.0,0.0,0.0855,0.0855,0.0855,10000078,2015-06-24,2015-06-24,P,2.65,2015-03-18
16802,2015-04-08 09:33:00,2015-04-08,0.0855,0.0,0.0,0.0,0.0855,0.0855,0.0855,10000078,2015-06-24,2015-06-24,P,2.65,2015-03-18
16803,2015-04-08 09:34:00,2015-04-08,0.0855,0.0,0.0,0.0,0.0855,0.0855,0.0855,10000078,2015-06-24,2015-06-24,P,2.65,2015-03-18
16804,2015-04-08 09:35:00,2015-04-08,0.0855,0.0,0.0,0.0,0.0855,0.0855,0.0855,10000078,2015-06-24,2015-06-24,P,2.65,2015-03-18
16805,2015-04-08 09:36:00,2015-04-08,0.0855,0.0,0.0,0.0,0.0855,0.0855,0.0855,10000078,2015-06-24,2015-06-24,P,2.65,2015-03-18
16806,2015-04-08 09:37:00,2015-04-08,0.0855,0.0,0.0,0.0,0.0855,0.0855,0.0855,10000078,2015-06-24,2015-06-24,P,2.65,2015-03-18
16807,2015-04-08 09:38:00,2015-04-08,0.0855,0.0,0.0,0.0,0.0855,0.0855,0.0855,10000078,2015-06-24,2015-06-24,P,2.65,2015-03-18
16808,2015-04-08 09:39:00,2015-04-08,0.0855,0.0,0.0,0.0,0.0855,0.0855,0.0855,10000078,2015-06-24,2015-06-24,P,2.65,2015-03-18
16809,2015-04-08 09:40:00,2015-04-08,0.0855,0.0,0.0,0.0,0.0855,0.0855,0.0855,10000078,2015-06-24,2015-06-24,P,2.65,2015-03-18
16810,2015-04-08 09:41:00,2015-04-08,0.0855,0.0,0.0,0.0,0.0855,0.0855,0.0855,10000078,2015-06-24,2015-06-24,P,2.65,2015-03-18
16811,2015-04-08 09:42:00,2015-04-08,0.0855,0.0,0.0,0.0,0.0855,0.0855,0.0855,10000078,2015-06-24,2015-06-24,P,2.65,2015-03-18
16812,2015-04-08 09:43:00,2015-04-08,0.0855,0.0,0.0,0.0,0.0855,0.0855,0.0855,10000078,2015-06-24,2015-06-24,P,2.65,2015-03-18
16813,2015-04-08 09:44:00,2015-04-08,0.0855,0.0,0.0,0.0,0.0855,0.0855,0.0855,10000078,2015-06-24,2015-06-24,P,2.65,2015-03-18
16814,2015-04-08 09:45:00,2015-04-08,0.0855,0.0,0.0,0.0,0.0855,0.0855,0.0855,10000078,2015-06-24,2015-06-24,P,2.65,2015-03-18
16815,2015-04-08 09:46:00,2015-04-08,0.0855,0.0,0.0,0.0,0.0855,0.0855,0.0855,10000078,2015-06-24,2015-06-24,P,2.65,2015-03-18
16816,2015-04-08 09:47:00,2015-04-08,0.0855,0.0,0.0,0.0,0.0855,0.0855,0.0855,10000078,2015-06-24,2015-06-24,P,2.65,2015-03-18
16817,2015-04-08 09:48:00,2015-04-08,0.0855,0.0,0.0,0.0,0.0855,0.0855,0.0855,10000078,2015-06-24,2015-06-24,P,2.65,2015-03-18
16818,2015-04-08 09:49:00,2015-04-08,0.0855,0.0,0.0,0.0,0.0855,0.0855,0.0855,10000078,2015-06-24,2015-06-24,P,2.65,2015-03-18
16819,2015-04-08 09:50:00,2015-04-08,0.0855,0.0,0.0,0.0,0.0855,0.0855,0.0855,10000078,2015-06-24,2015-06-24,P,2.65,2015-03-18
16820,2015-04-08 09:51:00,2015-04-08,0.0855,0.0,0.0,0.0,0.0855,0.0855,0.0855,10000078,2015-06-24,2015-06-24,P,2.65,2015-03-18
16821,2015-04-08 09:52:00,2015-04-08,0.0855,0.0,0.0,0.0,0.0855,0.0855,0.0855,10000078,2015-06-24,2015-06-24,P,2.65,2015-03-18
16822,2015-04-08 09:53:00,2015-04-08,0.0855,0.0,0.0,0.0,0.0855,0.0855,0.0855,10000078,2015-06-24,2015-06-24,P,2.65,2015-03-18
16823,2015-04-08 09:54:00,2015-04-08,0.0855,0.0,0.0,0.0,0.0855,0.0855,0.0855,10000078,2015-06-24,2015-06-24,P,2.65,2015-03-18
16824,2015-04-08 09:55:00,2015-04-08,0.0855,0.0,0.0,0.0,0.0855,0.0855,0.0855,10000078,2015-06-24,2015-06-24,P,2.65,2015-03-18
16825,2015-04-08 09:56:00,2015-04-08,0.0855,0.0,0.0,0.0,0.0855,0.0855,0.0855,10000078,2015-06-24,2015-06-24,P,2.65,2015-03-18
16826,2015-04-08 09:57:00,2015-04-08,0.0855,0.0,0.0,0.0,0.0855,0.0855,0.0855,10000078,2015-06-24,2015-06-24,P,2.65,2015-03-18
16827,2015-04-08 09:58:00,2015-04-08,0.0855,0.0,0.0,0.0,0.0855,0.0855,0.0855,10000078,2015-06-24,2015-06-24,P,2.65,2015-03-18
16828,2015-04-08 09:59:00,2015-04-08,0.0855,0.0,0.0,0.0,0.0855,0.0855,0.0855,10000078,2015-06-24,2015-06-24,P,2.65,2015-03-18
16829,2015-04-08 10:00:00,2015-04-08,0.0855,0.0,0.0,0.0,0.0855,0.0855,0.0855,10000078,2015-06-24,2015-06-24,P,2.65,2015-03-18
16830,2015-04-08 10:01:00,2015-04-08,0.0855,0.0,0.0,0.0,0.0855,0.0855,0.0855,10000078,2015-06-24,2015-06-24,P,2.65,2015-03-18
16831,2015-04-08 10:02:00,2015-04-08,0.0855,0.0,0.0,0.0,0.0855,0.0855,0.0855,10000078,2015-06-24,2015-06-24,P,2.65,2015-03-18
16832,2015-04-08 10:03:00,2015-04-08,0.0855,0.0,0.0,0.0,0.0855,0.0855,0.0855,10000078,2015-06-24,2015-06-24,P,2.65,2015-03-18
16833,2015-04-08 10:04:00,2015-04-08,0.0855,0.0,0.0,0.0,0.0855,0.0855,0.0855,10000078,2015-06-24,2015-06-24,P,2.65,2015-03-18
16834,2015-04-08 10:05:00,2015-04-08,0.0855,0.0,0.0,0.0,0.0855,0.0855,0.0855,10000078,2015-06-24,2015-06-24,P,2.65,2015-03-18
16835,2015-04-08 10:06:00,2015-04-08,0.0855,0.0,0.0,0.0,0.0855,0.0855,0.0855,10000078,2015-06-24,2015-06-24,P,2.65,2015-03-18
16836,2015-04-08 10:07:00,2015-04-08,0.0855,0.0,0.0,0.0,0.0855,0.0855,0.0855,10000078,2015-06-24,2015-06-24,P,2.65,2015-03-18
16837,2015-04-08 10:08:00,2015-04-08,0.0855,0.0,0.0,0.0,0.0855,0.0855,0.0855,10000078,2015-06-24,2015-06-24,P,2.65,2015-03-18
16838,2015-04-08 10:09:00,2015-04-08,0.0855,0.0,0.0,0.0,0.0855,0.0855,0.0855,10000078,2015-06-24,2015-06-24,P,2.65,2015-03-18
16839,2015-04-08 10:10:00,2015-04-08,0.0855,0.0,0.0,0.0,0.0855,0.0855,0.0855,10000078,2015-06-24,2015-06-24,P,2.65,2015-03-18
16840,2015-04-08 10:11:00,2015-04-08,0.0855,0.0,0.0,0.0,0.0855,0.0855,0.0855,10000078,2015-06-24,2015-06-24,P,2.65,2015-03-18
16841,2015-04-08 10:12:00,2015-04-08,0.0855,0.0,0.0,0.0,0.0855,0.0855,0.0855,10000078,2015-06-24,2015-06-24,P,2.65,2015-03-18
16842,2015-04-08 10:13:00,2015-04-08,0.0855,0.0,0.0,0.0,0.0855,0.0855,0.0855,10000078,2015-06-24,2015-06-24,P,2.65,2015-03-18
16843,2015-04-08 10:14:00,2015-04-08,0.0855,0.0,0.0,0.0,0.0855,0.0855,0.0855,10000078,2015-06-24,2015-06-24,P,2.65,2015-03-18
16844,2015-04-08 10:15:00,2015-04-08,0.0855,0.0,0.0,0.0,0.0855,0.0855,0.0855,10000078,2015-06-24,2015-06-24,P,2.65,2015-03-18
16845,2015-04-08 10:16:00,2015-04-08,0.0855,0.0,0.0,0.0,0.0855,0.0855,0.0855,10000078,2015-06-24,2015-06-24,P,2.65,2015-03-18
16846,2015-04-08 10:17:00,2015-04-08,0.0855,0.0,0.0,0.0,0.0855,0.0855,0.0855,10000078,2015-06-24,2015-06-24,P,2.65,2015-03-18
16847,2015-04-08 10:18:00,2015-04-08,0.0855,0.0,0.0,0.0,0.0855,0.0855,0.0855,10000078,2015-06-24,2015-06-24,P,2.65,2015-03-18
16848,2015-04-08 10:19:00,2015-04-08,0.0855,0.0,0.0,0.0,0.0855,0.0855,0.0855,10000078,2015-06-24,2015-06-24,P,2.65,2015-03-18
16849,2015-04-08 10:20:00,2015-04-08,0.0855,0.0,0.0,0.0,0.0855,0.0855,0.0855,10000078,2015-06-24,2015-06-24,P,2.65,2015-03-18
16850,2015-04-08 10:21:00,2015-04-08,0.0855,0.0,0.0,0.0,0.0855,0.0855,0.0855,10000078,2015-06-24,2015-06-24,P,2.65,2015-03-18
16851,2015-04-08 10:22:00,2015-04-08,0.0855,0.0,0.0,0.0,0.0855,0.0855,0.0855,10000078,2015-06-24,2015-06-24,P,2.65,2015-03-18
16852,2015-04-08 10:23:00,2015-04-08,0.0855,0.0,0.0,0.0,0.0855,0.0855,0.0855,10000078,2015-06-24,2015-06-24,P,2.65,2015-03-18
16853,2015-04-08 10:24:00,2015-04-08,0.0855,0.0,0.0,0.0,0.0855,0.0855,0.0855,10000078,2015-06-24,2015-06-24,P,2.65,2015-03-18
16854,2015-04-08 10:25:00,2015-04-08,0.0855,0.0,0.0,0.0,0.0855,0.0855,0.0855,10000078,2015-06-24,2015-06-24,P,2.65,2015-03-18
16855,2015-04-08 10:26:00,2015-04-08,0.0855,0.0,0.0,0.0,0.0855,0.0855,0.0855,10000078,2015-06-24,2015-06-24,P,2.65,2015-03-18
16856,2015-04-08 10:27:00,2015-04-08,0.0855,0.0,0.0,0.0,0.0855,0.0855,0.0855,10000078,2015-06-24,2015-06-24,P,2.65,2015-03-18
16857,2015-04-08 10:28:00,2015-04-08,0.0855,0.0,0.0,0.0,0.0855,0.0855,0.0855,10000078,2015-06-24,2015-06-24,P,2.65,2015-03-18
16858,2015-04-08 10:29:00,2015-04-08,0.0855,0.0,0.0,0.0,0.0855,0.0855,0.0855,10000078,2015-06-24,2015-06-24,P,2.65,2015-03-18
16859,2015-04-08 10:30:00,2015-04-08,0.0855,0.0,0.0,0.0,0.0855,0.0855,0.0855,10000078,2015-06-24,2015-06-24,P,2.65,2015-03-18
16860,2015-04-08 10:31:00,2015-04-08,0.0855,0.0,0.0,0.0,0.0855,0.0855,0.0855,10000078,2015-06-24,2015-06-24,P,2.65,2015-03-18
16861,2015-04-08 10:32:00,2015-04-08,0.0855,0.0,0.0,0.0,0.0855,0.0855,0.0855,10000078,2015-06-24,2015-06-24,P,2.65,2015-03-18
16862,2015-04-08 10:33:00,2015-04-08,0.0855,0.0,0.0,0.0,0.0855,0.0855,0.0855,10000078,2015-06-24,2015-06-24,P,2.65,2015-03-18
16863,2015-04-08 10:34:00,2015-04-08,0.0855,0.0,0.0,0.0,0.0855,0.0855,0.0855,10000078,2015-06-24,2015-06-24,P,2.65,2015-03-18
16864,2015-04-08 10:35:00,2015-04-08,0.0855,0.0,0.0,0.0,0.0855,0.0855,0.0855,10000078,2015-06-24,2015-06-24,P,2.65,2015-03-18
16865,2015-04-08 10:36:00,2015-04-08,0.0855,0.0,0.0,0.0,0.0855,0.0855,0.0855,10000078,2015-06-24,2015-06-24,P,2.65,2015-03-18
16866,2015-04-08 10:37:00,2015-04-08,0.0855,0.0,0.0,0.0,0.0855,0.0855,0.0855,10000078,2015-06-24,2015-06-24,P,2.65,2015-03-18
16867,2015-04-08 10:38:00,2015-04-08,0.0855,0.0,0.0,0.0,0.0855,0.0855,0.0855,10000078,2015-06-24,2015-06-24,P,2.65,2015-03-18
16868,2015-04-08 10:39:00,2015-04-08,0.0855,0.0,0.0,0.0,0.0855,0.0855,0.0855,10000078,2015-06-24,2015-06-24,P,2.65,2015-03-18
16869,2015-04-08 10:40:00,2015-04-08,0.0855,0.0,0.0,0.0,0.0855,0.0855,0.0855,10000078,2015-06-24,2015-06-24,P,2.65,2015-03-18
16870,2015-04-08 10:41:00,2015-04-08,0.0855,0.0,0.0,0.0,0.0855,0.0855,0.0855,10000078,2015-06-24,2015-06-24,P,2.65,2015-03-18
16871,2015-04-08 10:42:00,2015-04-08,0.0855,0.0,0.0,0.0,0.0855,0.0855,0.0855,10000078,2015-06-24,2015-06-24,P,2.65,2015-03-18
16872,2015-04-08 10:43:00,2015-04-08,0.0855,0.0,0.0,0.0,0.0855,0.0855,0.0855,10000078,2015-06-24,2015-06-24,P,2.65,2015-03-18
16873,2015-04-08 10:44:00,2015-04-08,0.0855,0.0,0.0,0.0,0.0855,0.0855,0.0855,10000078,2015-06-24,2015-06-24,P,2.65,2015-03-18
16874,2015-04-08 10:45:00,2015-04-08,0.0855,0.0,0.0,0.0,0.0855,0.0855,0.0855,10000078,2015-06-24,2015-06-24,P,2.65,2015-03-18
16875,2015-04-08 10:46:00,2015-04-08,0.0855,0.0,0.0,0.0,0.0855,0.0855,0.0855,10000078,2015-06-24,2015-06-24,P,2.65,2015-03-18
16876,2015-04-08 10:47:00,2015-04-08,0.0855,0.0,0.0,0.0,0.0855,0.0855,0.0855,10000078,2015-06-24,2015-06-24,P,2.65,2015-03-18
16877,2015-04-08 10:48:00,2015-04-08,0.0855,0.0,0.0,0.0,0.0855,0.0855,0.0855,10000078,2015-06-24,2015-06-24,P,2.65,2015-03-18
16878,2015-04-08 10:49:00,2015-04-08,0.0855,0.0,0.0,0.0,0.0855,0.0855,0.0855,10000078,2015-06-24,2015-06-24,P,2.65,2015-03-18
16879,2015-04-08 10:50:00,2015-04-08,0.0855,0.0,0.0,0.0,0.0855,0.0855,0.0855,10000078,2015-06-24,2015-06-24,P,2.65,2015-03-18
16880,2015-04-08 10:51:00,2015-04-08,0.0855,0.0,0.0,0.0,0.0855,0.0855,0.0855,10000078,2015-06-24,2015-06-24,P,2.65,2015-03-18
16881,2015-04-08 10:52:00,2015-04-08,0.0855,0.0,0.0,0.0,0.0855,0.0855,0.0855,10000078,2015-06-24,2015-06-24,P,2.65,2015-03-18
16882,2015-04-08 10:53:00,2015-04-08,0.0855,0.0,0.0,0.0,0.0855,0.0855,0.0855,10000078,2015-06-24,2015-06-24,P,2.65,2015-03-18
16883,2015-04-08 10:54:00,2015-04-08,0.0855,0.0,0.0,0.0,0.0855,0.0855,0.0855,10000078,2015-06-24,2015-06-24,P,2.65,2015-03-18
16884,2015-04-08 10:55:00,2015-04-08,0.0855,0.0,0.0,0.0,0.0855,0.0855,0.0855,10000078,2015-06-24,2015-06-24,P,2.65,2015-03-18
16885,2015-04-08 10:56:00,2015-04-08,0.0855,0.0,0.0,0.0,0.0855,0.0855,0.0855,10000078,2015-06-24,2015-06-24,P,2.65,2015-03-18
16886,2015-04-08 10:57:00,2015-04-08,0.0855,0.0,0.0,0.0,0.0855,0.0855,0.0855,10000078,2015-06-24,2015-06-24,P,2.65,2015-03-18
16887,2015-04-08 10:58:00,2015-04-08,0.0855,0.0,0.0,0.0,0.0855,0.0855,0.0855,10000078,2015-06-24,2015-06-24,P,2.65,2015-03-18
16888,2015-04-08 10:59:00,2015-04-08,0.0855,0.0,0.0,0.0,0.0855,0.0855,0.0855,10000078,2015-06-24,2015-06-24,P,2.65,2015-03-18
16889,2015-04-08 11:00:00,2015-04-08,0.0855,0.0,0.0,0.0,0.0855,0.0855,0.0855,10000078,2015-06-24,2015-06-24,P,2.65,2015-03-18
16890,2015-04-08 11:01:00,2015-04-08,0.0855,0.0,0.0,0.0,0.0855,0.0855,0.0855,10000078,2015-06-24,2015-06-24,P,2.65,2015-03-18
16891,2015-04-08 11:02:00,2015-04-08,0.0855,0.0,0.0,0.0,0.0855,0.0855,0.0855,10000078,2015-06-24,2015-06-24,P,2.65,2015-03-18
16892,2015-04-08 11:03:00,2015-04-08,0.0855,0.0,0.0,0.0,0.0855,0.0855,0.0855,10000078,2015-06-24,2015-06-24,P,2.65,2015-03-18
16893,2015-04-08 11:04:00,2015-04-08,0.0855,0.0,0.0,0.0,0.0855,0.0855,0.0855,10000078,2015-06-24,2015-06-24,P,2.65,2015-03-18
16894,2015-04-08 11:05:00,2015-04-08,0.0855,0.0,0.0,0.0,0.0855,0.0855,0.0855,10000078,2015-06-24,2015-06-24,P,2.65,2015-03-18
16895,2015-04-08 11:06:00,2015-04-08,0.0855,0.0,0.0,0.0,0.0855,0.0855,0.0855,10000078,2015-06-24,2015-06-24,P,2.65,2015-03-18
16896,2015-04-08 11:07:00,2015-04-08,0.0855,0.0,0.0,0.0,0.0855,0.0855,0.0855,10000078,2015-06-24,2015-06-24,P,2.65,2015-03-18
16897,2015-04-08 11:08:00,2015-04-08,0.0855,0.0,0.0,0.0,0.0855,0.0855,0.0855,10000078,2015-06-24,2015-06-24,P,2.65,2015-03-18
16898,2015-04-08 11:09:00,2015-04-08,0.0855,0.0,0.0,0.0,0.0855,0.0855,0.0855,10000078,2015-06-24,2015-06-24,P,2.65,2015-03-18
16899,2015-04-08 11:10:00,2015-04-08,0.0855,0.0,0.0,0.0,0.0855,0.0855,0.0855,10000078,2015-06-24,2015-06-24,P,2.65,2015-03-18
16900,2015-04-08 11:11:00,2015-04-08,0.0855,0.0,0.0,0.0,0.0855,0.0855,0.0855,10000078,2015-06-24,2015-06-24,P,2.65,2015-03-18
16901,2015-04-08 11:12:00,2015-04-08,0.0855,0.0,0.0,0.0,0.0855,0.0855,0.0855,10000078,2015-06-24,2015-06-24,P,2.65,2015-03-18
16902,2015-04-08 11:13:00,2015-04-08,0.0855,0.0,0.0,0.0,0.0855,0.0855,0.0855,10000078,2015-06-24,2015-06-24,P,2.65,2015-03-18
16903,2015-04-08 11:14:00,2015-04-08,0.0855,0.0,0.0,0.0,0.0855,0.0855,0.0855,10000078,2015-06-24,2015-06-24,P,2.65,2015-03-18
16904,2015-04-08 11:15:00,2015-04-08,0.0855,0.0,0.0,0.0,0.0855,0.0855,0.0855,10000078,2015-06-24,2015-06-24,P,2.65,2015-03-18
16905,2015-04-08 11:16:00,2015-04-08,0.0855,0.0,0.0,0.0,0.0855,0.0855,0.0855,10000078,2015-06-24,2015-06-24,P,2.65,2015-03-18
16906,2015-04-08 11:17:00,2015-04-08,0.0855,0.0,0.0,0.0,0.0855,0.0855,0.0855,10000078,2015-06-24,2015-06-24,P,2.65,2015-03-18
16907,2015-04-08 11:18:00,2015-04-08,0.0855,0.0,0.0,0.0,0.0855,0.0855,0.0855,10000078,2015-06-24,2015-06-24,P,2.65,2015-03-18
16908,2015-04-08 11:19:00,2015-04-08,0.0855,0.0,0.0,0.0,0.0855,0.0855,0.0855,10000078,2015-06-24,2015-06-24,P,2.65,2015-03-18
16909,2015-04-08 11:20:00,2015-04-08,0.0855,0.0,0.0,0.0,0.0855,0.0855,0.0855,10000078,2015-06-24,2015-06-24,P,2.65,2015-03-18
16910,2015-04-08 11:21:00,2015-04-08,0.0855,0.0,0.0,0.0,0.0855,0.0855,0.0855,10000078,2015-06-24,2015-06-24,P,2.65,2015-03-18
16911,2015-04-08 11:22:00,2015-04-08,0.0855,0.0,0.0,0.0,0.0855,0.0855,0.0855,10000078,2015-06-24,2015-06-24,P,2.65,2015-03-18
16912,2015-04-08 11:23:00,2015-04-08,0.0855,0.0,0.0,0.0,0.0855,0.0855,0.0855,10000078,2015-06-24,2015-06-24,P,2.65,2015-03-18
16913,2015-04-08 11:24:00,2015-04-08,0.0855,0.0,0.0,0.0,0.0855,0.0855,0.0855,10000078,2015-06-24,2015-06-24,P,2.65,2015-03-18
16914,2015-04-08 11:25:00,2015-04-08,0.0855,0.0,0.0,0.0,0.0855,0.0855,0.0855,10000078,2015-06-24,2015-06-24,P,2.65,2015-03-18
16915,2015-04-08 11:26:00,2015-04-08,0.0855,0.0,0.0,0.0,0.0855,0.0855,0.0855,10000078,2015-06-24,2015-06-24,P,2.65,2015-03-18
16916,2015-04-08 11:27:00,2015-04-08,0.0855,0.0,0.0,0.0,0.0855,0.0855,0.0855,10000078,2015-06-24,2015-06-24,P,2.65,2015-03-18
16917,2015-04-08 11:28:00,2015-04-08,0.0855,0.0,0.0,0.0,0.0855,0.0855,0.0855,10000078,2015-06-24,2015-06-24,P,2.65,2015-03-18
16918,2015-04-08 11:29:00,2015-04-08,0.0822,-7031.0,-9.0,120.0,0.0822,0.0822,0.0822,10000078,2015-06-24,2015-06-24,P,2.65,2015-03-18
16919,2015-04-08 11:30:00,2015-04-08,0.0822,0.0,0.0,120.0,0.0822,0.0822,0.0822,10000078,2015-06-24,2015-06-24,P,2.65,2015-03-18
16920,2015-04-08 13:01:00,2015-04-08,0.0783,3915.0,5.0,120.0,0.0783,0.0783,0.0783,10000078,2015-06-24,2015-06-24,P,2.65,2015-03-18
16921,2015-04-08 13:02:00,2015-04-08,0.0783,0.0,0.0,120.0,0.0783,0.0783,0.0783,10000078,2015-06-24,2015-06-24,P,2.65,2015-03-18
16922,2015-04-08 13:03:00,2015-04-08,0.0783,0.0,0.0,120.0,0.0783,0.0783,0.0783,10000078,2015-06-24,2015-06-24,P,2.65,2015-03-18
16923,2015-04-08 13:04:00,2015-04-08,0.0783,0.0,0.0,120.0,0.0783,0.0783,0.0783,10000078,2015-06-24,2015-06-24,P,2.65,2015-03-18
16924,2015-04-08 13:05:00,2015-04-08,0.0783,0.0,0.0,120.0,0.0783,0.0783,0.0783,10000078,2015-06-24,2015-06-24,P,2.65,2015-03-18
16925,2015-04-08 13:06:00,2015-04-08,0.0783,0.0,0.0,120.0,0.0783,0.0783,0.0783,10000078,2015-06-24,2015-06-24,P,2.65,2015-03-18
16926,2015-04-08 13:07:00,2015-04-08,0.0783,0.0,0.0,120.0,0.0783,0.0783,0.0783,10000078,2015-06-24,2015-06-24,P,2.65,2015-03-18
16927,2015-04-08 13:08:00,2015-04-08,0.0783,0.0,0.0,120.0,0.0783,0.0783,0.0783,10000078,2015-06-24,2015-06-24,P,2.65,2015-03-18
16928,2015-04-08 13:09:00,2015-04-08,0.0783,0.0,0.0,120.0,0.0783,0.0783,0.0783,10000078,2015-06-24,2015-06-24,P,2.65,2015-03-18
16929,2015-04-08 13:10:00,2015-04-08,0.0783,0.0,0.0,120.0,0.0783,0.0783,0.0783,10000078,2015-06-24,2015-06-24,P,2.65,2015-03-18
16930,2015-04-08 13:11:00,2015-04-08,0.0783,0.0,0.0,120.0,0.0783,0.0783,0.0783,10000078,2015-06-24,2015-06-24,P,2.65,2015-03-18
16931,2015-04-08 13:12:00,2015-04-08,0.0783,0.0,0.0,120.0,0.0783,0.0783,0.0783,10000078,2015-06-24,2015-06-24,P,2.65,2015-03-18
16932,2015-04-08 13:13:00,2015-04-08,0.0783,0.0,0.0,120.0,0.0783,0.0783,0.0783,10000078,2015-06-24,2015-06-24,P,2.65,2015-03-18
16933,2015-04-08 13:14:00,2015-04-08,0.0783,0.0,0.0,120.0,0.0783,0.0783,0.0783,10000078,2015-06-24,2015-06-24,P,2.65,2015-03-18
16934,2015-04-08 13:15:00,2015-04-08,0.0783,0.0,0.0,120.0,0.0783,0.0783,0.0783,10000078,2015-06-24,2015-06-24,P,2.65,2015-03-18
16935,2015-04-08 13:16:00,2015-04-08,0.0783,0.0,0.0,120.0,0.0783,0.0783,0.0783,10000078,2015-06-24,2015-06-24,P,2.65,2015-03-18
16936,2015-04-08 13:17:00,2015-04-08,0.0783,0.0,0.0,120.0,0.0783,0.0783,0.0783,10000078,2015-06-24,2015-06-24,P,2.65,2015-03-18
16937,2015-04-08 13:18:00,2015-04-08,0.0783,0.0,0.0,120.0,0.0783,0.0783,0.0783,10000078,2015-06-24,2015-06-24,P,2.65,2015-03-18
16938,2015-04-08 13:19:00,2015-04-08,0.0783,0.0,0.0,120.0,0.0783,0.0783,0.0783,10000078,2015-06-24,2015-06-24,P,2.65,2015-03-18
16939,2015-04-08 13:20:00,2015-04-08,0.0783,0.0,0.0,120.0,0.0783,0.0783,0.0783,10000078,2015-06-24,2015-06-24,P,2.65,2015-03-18
16940,2015-04-08 13:21:00,2015-04-08,0.0783,0.0,0.0,120.0,0.0783,0.0783,0.0783,10000078,2015-06-24,2015-06-24,P,2.65,2015-03-18
16941,2015-04-08 13:22:00,2015-04-08,0.0783,0.0,0.0,120.0,0.0783,0.0783,0.0783,10000078,2015-06-24,2015-06-24,P,2.65,2015-03-18
16942,2015-04-08 13:23:00,2015-04-08,0.0783,0.0,0.0,120.0,0.0783,0.0783,0.0783,10000078,2015-06-24,2015-06-24,P,2.65,2015-03-18
16943,2015-04-08 13:24:00,2015-04-08,0.0783,0.0,0.0,120.0,0.0783,0.0783,0.0783,10000078,2015-06-24,2015-06-24,P,2.65,2015-03-18
16944,2015-04-08 13:25:00,2015-04-08,0.0783,0.0,0.0,120.0,0.0783,0.0783,0.0783,10000078,2015-06-24,2015-06-24,P,2.65,2015-03-18
16945,2015-04-08 13:26:00,2015-04-08,0.0783,0.0,0.0,120.0,0.0783,0.0783,0.0783,10000078,2015-06-24,2015-06-24,P,2.65,2015-03-18
16946,2015-04-08 13:27:00,2015-04-08,0.0783,0.0,0.0,120.0,0.0783,0.0783,0.0783,10000078,2015-06-24,2015-06-24,P,2.65,2015-03-18
16947,2015-04-08 13:28:00,2015-04-08,0.0783,0.0,0.0,120.0,0.0783,0.0783,0.0783,10000078,2015-06-24,2015-06-24,P,2.65,2015-03-18
16948,2015-04-08 13:29:00,2015-04-08,0.0783,0.0,0.0,120.0,0.0783,0.0783,0.0783,10000078,2015-06-24,2015-06-24,P,2.65,2015-03-18
16949,2015-04-08 13:30:00,2015-04-08,0.0783,0.0,0.0,120.0,0.0783,0.0783,0.0783,10000078,2015-06-24,2015-06-24,P,2.65,2015-03-18
16950,2015-04-08 13:31:00,2015-04-08,0.0783,0.0,0.0,120.0,0.0783,0.0783,0.0783,10000078,2015-06-24,2015-06-24,P,2.65,2015-03-18
16951,2015-04-08 13:32:00,2015-04-08,0.0783,0.0,0.0,120.0,0.0783,0.0783,0.0783,10000078,2015-06-24,2015-06-24,P,2.65,2015-03-18
16952,2015-04-08 13:33:00,2015-04-08,0.0783,0.0,0.0,120.0,0.0783,0.0783,0.0783,10000078,2015-06-24,2015-06-24,P,2.65,2015-03-18
16953,2015-04-08 13:34:00,2015-04-08,0.0783,0.0,0.0,120.0,0.0783,0.0783,0.0783,10000078,2015-06-24,2015-06-24,P,2.65,2015-03-18
16954,2015-04-08 13:35:00,2015-04-08,0.0783,0.0,0.0,120.0,0.0783,0.0783,0.0783,10000078,2015-06-24,2015-06-24,P,2.65,2015-03-18
16955,2015-04-08 13:36:00,2015-04-08,0.0783,0.0,0.0,120.0,0.0783,0.0783,0.0783,10000078,2015-06-24,2015-06-24,P,2.65,2015-03-18
16956,2015-04-08 13:37:00,2015-04-08,0.0783,0.0,0.0,120.0,0.0783,0.0783,0.0783,10000078,2015-06-24,2015-06-24,P,2.65,2015-03-18
16957,2015-04-08 13:38:00,2015-04-08,0.0783,0.0,0.0,120.0,0.0783,0.0783,0.0783,10000078,2015-06-24,2015-06-24,P,2.65,2015-03-18
16958,2015-04-08 13:39:00,2015-04-08,0.0783,0.0,0.0,120.0,0.0783,0.0783,0.0783,10000078,2015-06-24,2015-06-24,P,2.65,2015-03-18
16959,2015-04-08 13:40:00,2015-04-08,0.0783,0.0,0.0,120.0,0.0783,0.0783,0.0783,10000078,2015-06-24,2015-06-24,P,2.65,2015-03-18
16960,2015-04-08 13:41:00,2015-04-08,0.0783,0.0,0.0,120.0,0.0783,0.0783,0.0783,10000078,2015-06-24,2015-06-24,P,2.65,2015-03-18
16961,2015-04-08 13:42:00,2015-04-08,0.0783,0.0,0.0,120.0,0.0783,0.0783,0.0783,10000078,2015-06-24,2015-06-24,P,2.65,2015-03-18
16962,2015-04-08 13:43:00,2015-04-08,0.0783,0.0,0.0,120.0,0.0783,0.0783,0.0783,10000078,2015-06-24,2015-06-24,P,2.65,2015-03-18
16963,2015-04-08 13:44:00,2015-04-08,0.0783,0.0,0.0,120.0,0.0783,0.0783,0.0783,10000078,2015-06-24,2015-06-24,P,2.65,2015-03-18
16964,2015-04-08 13:45:00,2015-04-08,0.0783,0.0,0.0,120.0,0.0783,0.0783,0.0783,10000078,2015-06-24,2015-06-24,P,2.65,2015-03-18
16965,2015-04-08 13:46:00,2015-04-08,0.0783,0.0,0.0,120.0,0.0783,0.0783,0.0783,10000078,2015-06-24,2015-06-24,P,2.65,2015-03-18
16966,2015-04-08 13:47:00,2015-04-08,0.0783,0.0,0.0,120.0,0.0783,0.0783,0.0783,10000078,2015-06-24,2015-06-24,P,2.65,2015-03-18
16967,2015-04-08 13:48:00,2015-04-08,0.0783,0.0,0.0,120.0,0.0783,0.0783,0.0783,10000078,2015-06-24,2015-06-24,P,2.65,2015-03-18
16968,2015-04-08 13:49:00,2015-04-08,0.0783,0.0,0.0,120.0,0.0783,0.0783,0.0783,10000078,2015-06-24,2015-06-24,P,2.65,2015-03-18
16969,2015-04-08 13:50:00,2015-04-08,0.0783,0.0,0.0,120.0,0.0783,0.0783,0.0783,10000078,2015-06-24,2015-06-24,P,2.65,2015-03-18
16970,2015-04-08 13:51:00,2015-04-08,0.0783,0.0,0.0,120.0,0.0783,0.0783,0.0783,10000078,2015-06-24,2015-06-24,P,2.65,2015-03-18
16971,2015-04-08 13:52:00,2015-04-08,0.0783,0.0,0.0,120.0,0.0783,0.0783,0.0783,10000078,2015-06-24,2015-06-24,P,2.65,2015-03-18
16972,2015-04-08 13:53:00,2015-04-08,0.0783,0.0,0.0,120.0,0.0783,0.0783,0.0783,10000078,2015-06-24,2015-06-24,P,2.65,2015-03-18
16973,2015-04-08 13:54:00,2015-04-08,0.0783,0.0,0.0,120.0,0.0783,0.0783,0.0783,10000078,2015-06-24,2015-06-24,P,2.65,2015-03-18
16974,2015-04-08 13:55:00,2015-04-08,0.0783,0.0,0.0,120.0,0.0783,0.0783,0.0783,10000078,2015-06-24,2015-06-24,P,2.65,2015-03-18
16975,2015-04-08 13:56:00,2015-04-08,0.0783,0.0,0.0,120.0,0.0783,0.0783,0.0783,10000078,2015-06-24,2015-06-24,P,2.65,2015-03-18
16976,2015-04-08 13:57:00,2015-04-08,0.0783,0.0,0.0,120.0,0.0783,0.0783,0.0783,10000078,2015-06-24,2015-06-24,P,2.65,2015-03-18
16977,2015-04-08 13:58:00,2015-04-08,0.0783,0.0,0.0,120.0,0.0783,0.0783,0.0783,10000078,2015-06-24,2015-06-24,P,2.65,2015-03-18
16978,2015-04-08 13:59:00,2015-04-08,0.0783,0.0,0.0,120.0,0.0783,0.0783,0.0783,10000078,2015-06-24,2015-06-24,P,2.65,2015-03-18
16979,2015-04-08 14:00:00,2015-04-08,0.0783,0.0,0.0,120.0,0.0783,0.0783,0.0783,10000078,2015-06-24,2015-06-24,P,2.65,2015-03-18
16980,2015-04-08 14:01:00,2015-04-08,0.0783,0.0,0.0,120.0,0.0783,0.0783,0.0783,10000078,2015-06-24,2015-06-24,P,2.65,2015-03-18
16981,2015-04-08 14:02:00,2015-04-08,0.0783,0.0,0.0,120.0,0.0783,0.0783,0.0783,10000078,2015-06-24,2015-06-24,P,2.65,2015-03-18
16982,2015-04-08 14:03:00,2015-04-08,0.0783,0.0,0.0,120.0,0.0783,0.0783,0.0783,10000078,2015-06-24,2015-06-24,P,2.65,2015-03-18
16983,2015-04-08 14:04:00,2015-04-08,0.0783,0.0,0.0,120.0,0.0783,0.0783,0.0783,10000078,2015-06-24,2015-06-24,P,2.65,2015-03-18
16984,2015-04-08 14:05:00,2015-04-08,0.0783,0.0,0.0,120.0,0.0783,0.0783,0.0783,10000078,2015-06-24,2015-06-24,P,2.65,2015-03-18
16985,2015-04-08 14:06:00,2015-04-08,0.0783,0.0,0.0,120.0,0.0783,0.0783,0.0783,10000078,2015-06-24,2015-06-24,P,2.65,2015-03-18
16986,2015-04-08 14:07:00,2015-04-08,0.0783,0.0,0.0,120.0,0.0783,0.0783,0.0783,10000078,2015-06-24,2015-06-24,P,2.65,2015-03-18
16987,2015-04-08 14:08:00,2015-04-08,0.0783,0.0,0.0,120.0,0.0783,0.0783,0.0783,10000078,2015-06-24,2015-06-24,P,2.65,2015-03-18
16988,2015-04-08 14:09:00,2015-04-08,0.0783,0.0,0.0,120.0,0.0783,0.0783,0.0783,10000078,2015-06-24,2015-06-24,P,2.65,2015-03-18
16989,2015-04-08 14:10:00,2015-04-08,0.0783,0.0,0.0,120.0,0.0783,0.0783,0.0783,10000078,2015-06-24,2015-06-24,P,2.65,2015-03-18
16990,2015-04-08 14:11:00,2015-04-08,0.0783,0.0,0.0,120.0,0.0783,0.0783,0.0783,10000078,2015-06-24,2015-06-24,P,2.65,2015-03-18
16991,2015-04-08 14:12:00,2015-04-08,0.0783,0.0,0.0,120.0,0.0783,0.0783,0.0783,10000078,2015-06-24,2015-06-24,P,2.65,2015-03-18
16992,2015-04-08 14:13:00,2015-04-08,0.0779,3116.0,4.0,124.0,0.0779,0.0779,0.0779,10000078,2015-06-24,2015-06-24,P,2.65,2015-03-18
16993,2015-04-08 14:14:00,2015-04-08,0.0779,0.0,0.0,124.0,0.0779,0.0779,0.0779,10000078,2015-06-24,2015-06-24,P,2.65,2015-03-18
16994,2015-04-08 14:15:00,2015-04-08,0.0779,0.0,0.0,124.0,0.0779,0.0779,0.0779,10000078,2015-06-24,2015-06-24,P,2.65,2015-03-18
16995,2015-04-08 14:16:00,2015-04-08,0.0779,0.0,0.0,124.0,0.0779,0.0779,0.0779,10000078,2015-06-24,2015-06-24,P,2.65,2015-03-18
16996,2015-04-08 14:17:00,2015-04-08,0.0779,0.0,0.0,124.0,0.0779,0.0779,0.0779,10000078,2015-06-24,2015-06-24,P,2.65,2015-03-18
16997,2015-04-08 14:18:00,2015-04-08,0.0779,0.0,0.0,124.0,0.0779,0.0779,0.0779,10000078,2015-06-24,2015-06-24,P,2.65,2015-03-18
16998,2015-04-08 14:19:00,2015-04-08,0.0779,0.0,0.0,124.0,0.0779,0.0779,0.0779,10000078,2015-06-24,2015-06-24,P,2.65,2015-03-18
16999,2015-04-08 14:20:00,2015-04-08,0.0779,0.0,0.0,124.0,0.0779,0.0779,0.0779,10000078,2015-06-24,2015-06-24,P,2.65,2015-03-18
17000,2015-04-08 14:21:00,2015-04-08,0.0779,0.0,0.0,124.0,0.0779,0.0779,0.0779,10000078,2015-06-24,2015-06-24,P,2.65,2015-03-18
17001,2015-04-08 14:22:00,2015-04-08,0.0779,0.0,0.0,124.0,0.0779,0.0779,0.0779,10000078,2015-06-24,2015-06-24,P,2.65,2015-03-18
17002,2015-04-08 14:23:00,2015-04-08,0.0779,0.0,0.0,124.0,0.0779,0.0779,0.0779,10000078,2015-06-24,2015-06-24,P,2.65,2015-03-18
17003,2015-04-08 14:24:00,2015-04-08,0.0779,0.0,0.0,124.0,0.0779,0.0779,0.0779,10000078,2015-06-24,2015-06-24,P,2.65,2015-03-18
17004,2015-04-08 14:25:00,2015-04-08,0.0779,0.0,0.0,124.0,0.0779,0.0779,0.0779,10000078,2015-06-24,2015-06-24,P,2.65,2015-03-18
17005,2015-04-08 14:26:00,2015-04-08,0.0779,0.0,0.0,124.0,0.0779,0.0779,0.0779,10000078,2015-06-24,2015-06-24,P,2.65,2015-03-18
17006,2015-04-08 14:27:00,2015-04-08,0.0779,0.0,0.0,124.0,0.0779,0.0779,0.0779,10000078,2015-06-24,2015-06-24,P,2.65,2015-03-18
17007,2015-04-08 14:28:00,2015-04-08,0.0779,0.0,0.0,124.0,0.0779,0.0779,0.0779,10000078,2015-06-24,2015-06-24,P,2.65,2015-03-18
17008,2015-04-08 14:29:00,2015-04-08,0.0779,0.0,0.0,124.0,0.0779,0.0779,0.0779,10000078,2015-06-24,2015-06-24,P,2.65,2015-03-18
17009,2015-04-08 14:30:00,2015-04-08,0.0779,0.0,0.0,124.0,0.0779,0.0779,0.0779,10000078,2015-06-24,2015-06-24,P,2.65,2015-03-18
17010,2015-04-08 14:31:00,2015-04-08,0.0779,0.0,0.0,124.0,0.0779,0.0779,0.0779,10000078,2015-06-24,2015-06-24,P,2.65,2015-03-18
17011,2015-04-08 14:32:00,2015-04-08,0.0779,0.0,0.0,124.0,0.0779,0.0779,0.0779,10000078,2015-06-24,2015-06-24,P,2.65,2015-03-18
17012,2015-04-08 14:33:00,2015-04-08,0.0779,0.0,0.0,124.0,0.0779,0.0779,0.0779,10000078,2015-06-24,2015-06-24,P,2.65,2015-03-18
17013,2015-04-08 14:34:00,2015-04-08,0.0779,0.0,0.0,124.0,0.0779,0.0779,0.0779,10000078,2015-06-24,2015-06-24,P,2.65,2015-03-18
17014,2015-04-08 14:35:00,2015-04-08,0.0779,0.0,0.0,124.0,0.0779,0.0779,0.0779,10000078,2015-06-24,2015-06-24,P,2.65,2015-03-18
17015,2015-04-08 14:36:00,2015-04-08,0.0779,0.0,0.0,124.0,0.0779,0.0779,0.0779,10000078,2015-06-24,2015-06-24,P,2.65,2015-03-18
17016,2015-04-08 14:37:00,2015-04-08,0.0779,0.0,0.0,124.0,0.0779,0.0779,0.0779,10000078,2015-06-24,2015-06-24,P,2.65,2015-03-18
17017,2015-04-08 14:38:00,2015-04-08,0.0779,0.0,0.0,124.0,0.0779,0.0779,0.0779,10000078,2015-06-24,2015-06-24,P,2.65,2015-03-18
17018,2015-04-08 14:39:00,2015-04-08,0.0779,0.0,0.0,124.0,0.0779,0.0779,0.0779,10000078,2015-06-24,2015-06-24,P,2.65,2015-03-18
17019,2015-04-08 14:40:00,2015-04-08,0.0779,0.0,0.0,124.0,0.0779,0.0779,0.0779,10000078,2015-06-24,2015-06-24,P,2.65,2015-03-18
17020,2015-04-08 14:41:00,2015-04-08,0.0779,0.0,0.0,124.0,0.0779,0.0779,0.0779,10000078,2015-06-24,2015-06-24,P,2.65,2015-03-18
17021,2015-04-08 14:42:00,2015-04-08,0.0779,0.0,0.0,124.0,0.0779,0.0779,0.0779,10000078,2015-06-24,2015-06-24,P,2.65,2015-03-18
17022,2015-04-08 14:43:00,2015-04-08,0.0779,0.0,0.0,124.0,0.0779,0.0779,0.0779,10000078,2015-06-24,2015-06-24,P,2.65,2015-03-18
17023,2015-04-08 14:44:00,2015-04-08,0.0779,0.0,0.0,124.0,0.0779,0.0779,0.0779,10000078,2015-06-24,2015-06-24,P,2.65,2015-03-18
17024,2015-04-08 14:45:00,2015-04-08,0.0779,0.0,0.0,124.0,0.0779,0.0779,0.0779,10000078,2015-06-24,2015-06-24,P,2.65,2015-03-18
17025,2015-04-08 14:46:00,2015-04-08,0.0779,0.0,0.0,124.0,0.0779,0.0779,0.0779,10000078,2015-06-24,2015-06-24,P,2.65,2015-03-18
17026,2015-04-08 14:47:00,2015-04-08,0.0779,0.0,0.0,124.0,0.0779,0.0779,0.0779,10000078,2015-06-24,2015-06-24,P,2.65,2015-03-18
17027,2015-04-08 14:48:00,2015-04-08,0.0779,0.0,0.0,124.0,0.0779,0.0779,0.0779,10000078,2015-06-24,2015-06-24,P,2.65,2015-03-18
17028,2015-04-08 14:49:00,2015-04-08,0.0779,0.0,0.0,124.0,0.0779,0.0779,0.0779,10000078,2015-06-24,2015-06-24,P,2.65,2015-03-18
17029,2015-04-08 14:50:00,2015-04-08,0.0779,0.0,0.0,124.0,0.0779,0.0779,0.0779,10000078,2015-06-24,2015-06-24,P,2.65,2015-03-18
17030,2015-04-08 14:51:00,2015-04-08,0.0779,0.0,0.0,124.0,0.0779,0.0779,0.0779,10000078,2015-06-24,2015-06-24,P,2.65,2015-03-18
17031,2015-04-08 14:52:00,2015-04-08,0.0779,0.0,0.0,124.0,0.0779,0.0779,0.0779,10000078,2015-06-24,2015-06-24,P,2.65,2015-03-18
17032,2015-04-08 14:53:00,2015-04-08,0.0779,0.0,0.0,124.0,0.0779,0.0779,0.0779,10000078,2015-06-24,2015-06-24,P,2.65,2015-03-18
17033,2015-04-08 14:54:00,2015-04-08,0.0779,0.0,0.0,124.0,0.0779,0.0779,0.0779,10000078,2015-06-24,2015-06-24,P,2.65,2015-03-18
17034,2015-04-08 14:55:00,2015-04-08,0.0779,0.0,0.0,124.0,0.0779,0.0779,0.0779,10000078,2015-06-24,2015-06-24,P,2.65,2015-03-18
17035,2015-04-08 14:56:00,2015-04-08,0.0779,0.0,0.0,124.0,0.0779,0.0779,0.0779,10000078,2015-06-24,2015-06-24,P,2.65,2015-03-18
17036,2015-04-08 14:57:00,2015-04-08,0.0779,0.0,0.0,124.0,0.0779,0.0779,0.0779,10000078,2015-06-24,2015-06-24,P,2.65,2015-03-18
17037,2015-04-08 14:58:00,2015-04-08,0.0779,0.0,0.0,124.0,0.0779,0.0779,0.0779,10000078,2015-06-24,2015-06-24,P,2.65,2015-03-18
17038,2015-04-08 14:59:00,2015-04-08,0.0779,0.0,0.0,124.0,0.0779,0.0779,0.0779,10000078,2015-06-24,2015-06-24,P,2.65,2015-03-18
17039,2015-04-08 15:00:00,2015-04-08,0.0779,0.0,0.0,124.0,0.0779,0.0779,0.0779,10000078,2015-06-24,2015-06-24,P,2.65,2015-03-18
17040,2015-04-08 09:31:00,2015-04-08,0.0006,0.0,0.0,0.0,0.0006,0.0006,0.0006,10000019,2015-04-22,2015-04-22,P,2.35,2015-02-09
17041,2015-04-08 09:32:00,2015-04-08,0.0004,-660.0,-147.0,1160.0,0.0004,0.0004,0.0004,10000019,2015-04-22,2015-04-22,P,2.35,2015-02-09
17042,2015-04-08 09:33:00,2015-04-08,0.0004,0.0,0.0,1160.0,0.0004,0.0004,0.0004,10000019,2015-04-22,2015-04-22,P,2.35,2015-02-09
17043,2015-04-08 09:34:00,2015-04-08,0.0004,0.0,0.0,1160.0,0.0004,0.0004,0.0004,10000019,2015-04-22,2015-04-22,P,2.35,2015-02-09
17044,2015-04-08 09:35:00,2015-04-08,0.0004,0.0,0.0,1160.0,0.0004,0.0004,0.0004,10000019,2015-04-22,2015-04-22,P,2.35,2015-02-09
17045,2015-04-08 09:36:00,2015-04-08,0.0007,110.0,20.0,1150.0,0.0007,0.0005,0.0005,10000019,2015-04-22,2015-04-22,P,2.35,2015-02-09
17046,2015-04-08 09:37:00,2015-04-08,0.0004,4.0,1.0,1149.0,0.0004,0.0004,0.0004,10000019,2015-04-22,2015-04-22,P,2.35,2015-02-09
17047,2015-04-08 09:38:00,2015-04-08,0.0004,16.0,4.0,1145.0,0.0004,0.0004,0.0004,10000019,2015-04-22,2015-04-22,P,2.35,2015-02-09
17048,2015-04-08 09:39:00,2015-04-08,0.0004,0.0,0.0,1145.0,0.0004,0.0004,0.0004,10000019,2015-04-22,2015-04-22,P,2.35,2015-02-09
17049,2015-04-08 09:40:00,2015-04-08,0.0007,35.0,5.0,1150.0,0.0007,0.0007,0.0007,10000019,2015-04-22,2015-04-22,P,2.35,2015-02-09
17050,2015-04-08 09:41:00,2015-04-08,0.0005,75.0,15.0,1135.0,0.0005,0.0005,0.0005,10000019,2015-04-22,2015-04-22,P,2.35,2015-02-09
17051,2015-04-08 09:42:00,2015-04-08,0.0005,0.0,0.0,1135.0,0.0005,0.0005,0.0005,10000019,2015-04-22,2015-04-22,P,2.35,2015-02-09
17052,2015-04-08 09:43:00,2015-04-08,0.0005,0.0,0.0,1135.0,0.0005,0.0005,0.0005,10000019,2015-04-22,2015-04-22,P,2.35,2015-02-09
17053,2015-04-08 09:44:00,2015-04-08,0.0005,0.0,0.0,1135.0,0.0005,0.0005,0.0005,10000019,2015-04-22,2015-04-22,P,2.35,2015-02-09
17054,2015-04-08 09:45:00,2015-04-08,0.0005,0.0,0.0,1135.0,0.0005,0.0005,0.0005,10000019,2015-04-22,2015-04-22,P,2.35,2015-02-09
17055,2015-04-08 09:46:00,2015-04-08,0.0005,0.0,0.0,1135.0,0.0005,0.0005,0.0005,10000019,2015-04-22,2015-04-22,P,2.35,2015-02-09
17056,2015-04-08 09:47:00,2015-04-08,0.0003,15.0,5.0,1135.0,0.0003,0.0003,0.0003,10000019,2015-04-22,2015-04-22,P,2.35,2015-02-09
17057,2015-04-08 09:48:00,2015-04-08,0.0003,0.0,0.0,1135.0,0.0003,0.0003,0.0003,10000019,2015-04-22,2015-04-22,P,2.35,2015-02-09
17058,2015-04-08 09:49:00,2015-04-08,0.0003,0.0,0.0,1135.0,0.0003,0.0003,0.0003,10000019,2015-04-22,2015-04-22,P,2.35,2015-02-09
17059,2015-04-08 09:50:00,2015-04-08,0.0003,0.0,0.0,1135.0,0.0003,0.0003,0.0003,10000019,2015-04-22,2015-04-22,P,2.35,2015-02-09
17060,2015-04-08 09:51:00,2015-04-08,0.0003,0.0,0.0,1135.0,0.0003,0.0003,0.0003,10000019,2015-04-22,2015-04-22,P,2.35,2015-02-09
17061,2015-04-08 09:52:00,2015-04-08,0.0003,0.0,0.0,1135.0,0.0003,0.0003,0.0003,10000019,2015-04-22,2015-04-22,P,2.35,2015-02-09
17062,2015-04-08 09:53:00,2015-04-08,0.0003,0.0,0.0,1135.0,0.0003,0.0003,0.0003,10000019,2015-04-22,2015-04-22,P,2.35,2015-02-09
17063,2015-04-08 09:54:00,2015-04-08,0.0003,0.0,0.0,1135.0,0.0003,0.0003,0.0003,10000019,2015-04-22,2015-04-22,P,2.35,2015-02-09
17064,2015-04-08 09:55:00,2015-04-08,0.0003,0.0,0.0,1135.0,0.0003,0.0003,0.0003,10000019,2015-04-22,2015-04-22,P,2.35,2015-02-09
17065,2015-04-08 09:56:00,2015-04-08,0.0003,0.0,0.0,1135.0,0.0003,0.0003,0.0003,10000019,2015-04-22,2015-04-22,P,2.35,2015-02-09
17066,2015-04-08 09:57:00,2015-04-08,0.0003,0.0,0.0,1135.0,0.0003,0.0003,0.0003,10000019,2015-04-22,2015-04-22,P,2.35,2015-02-09
17067,2015-04-08 09:58:00,2015-04-08,0.0003,0.0,0.0,1135.0,0.0003,0.0003,0.0003,10000019,2015-04-22,2015-04-22,P,2.35,2015-02-09
17068,2015-04-08 09:59:00,2015-04-08,0.0007,28.0,4.0,1135.0,0.0007,0.0007,0.0007,10000019,2015-04-22,2015-04-22,P,2.35,2015-02-09
17069,2015-04-08 10:00:00,2015-04-08,0.0007,0.0,0.0,1135.0,0.0007,0.0007,0.0007,10000019,2015-04-22,2015-04-22,P,2.35,2015-02-09
17070,2015-04-08 10:01:00,2015-04-08,0.0007,0.0,0.0,1135.0,0.0007,0.0007,0.0007,10000019,2015-04-22,2015-04-22,P,2.35,2015-02-09
17071,2015-04-08 10:02:00,2015-04-08,0.0007,0.0,0.0,1135.0,0.0007,0.0007,0.0007,10000019,2015-04-22,2015-04-22,P,2.35,2015-02-09
17072,2015-04-08 10:03:00,2015-04-08,0.0007,0.0,0.0,1135.0,0.0007,0.0007,0.0007,10000019,2015-04-22,2015-04-22,P,2.35,2015-02-09
17073,2015-04-08 10:04:00,2015-04-08,0.0007,0.0,0.0,1135.0,0.0007,0.0007,0.0007,10000019,2015-04-22,2015-04-22,P,2.35,2015-02-09
17074,2015-04-08 10:05:00,2015-04-08,0.0007,0.0,0.0,1135.0,0.0007,0.0007,0.0007,10000019,2015-04-22,2015-04-22,P,2.35,2015-02-09
17075,2015-04-08 10:06:00,2015-04-08,0.0007,0.0,0.0,1135.0,0.0007,0.0007,0.0007,10000019,2015-04-22,2015-04-22,P,2.35,2015-02-09
17076,2015-04-08 10:07:00,2015-04-08,0.0007,0.0,0.0,1135.0,0.0007,0.0007,0.0007,10000019,2015-04-22,2015-04-22,P,2.35,2015-02-09
17077,2015-04-08 10:08:00,2015-04-08,0.0007,0.0,0.0,1135.0,0.0007,0.0007,0.0007,10000019,2015-04-22,2015-04-22,P,2.35,2015-02-09
17078,2015-04-08 10:09:00,2015-04-08,0.0007,0.0,0.0,1135.0,0.0007,0.0007,0.0007,10000019,2015-04-22,2015-04-22,P,2.35,2015-02-09
17079,2015-04-08 10:10:00,2015-04-08,0.0007,0.0,0.0,1135.0,0.0007,0.0007,0.0007,10000019,2015-04-22,2015-04-22,P,2.35,2015-02-09
17080,2015-04-08 10:11:00,2015-04-08,0.0007,0.0,0.0,1135.0,0.0007,0.0007,0.0007,10000019,2015-04-22,2015-04-22,P,2.35,2015-02-09
17081,2015-04-08 10:12:00,2015-04-08,0.0007,0.0,0.0,1135.0,0.0007,0.0007,0.0007,10000019,2015-04-22,2015-04-22,P,2.35,2015-02-09
17082,2015-04-08 10:13:00,2015-04-08,0.0007,0.0,0.0,1135.0,0.0007,0.0007,0.0007,10000019,2015-04-22,2015-04-22,P,2.35,2015-02-09
17083,2015-04-08 10:14:00,2015-04-08,0.0007,0.0,0.0,1135.0,0.0007,0.0007,0.0007,10000019,2015-04-22,2015-04-22,P,2.35,2015-02-09
17084,2015-04-08 10:15:00,2015-04-08,0.0007,0.0,0.0,1135.0,0.0007,0.0007,0.0007,10000019,2015-04-22,2015-04-22,P,2.35,2015-02-09
17085,2015-04-08 10:16:00,2015-04-08,0.0007,0.0,0.0,1135.0,0.0007,0.0007,0.0007,10000019,2015-04-22,2015-04-22,P,2.35,2015-02-09
17086,2015-04-08 10:17:00,2015-04-08,0.0007,0.0,0.0,1135.0,0.0007,0.0007,0.0007,10000019,2015-04-22,2015-04-22,P,2.35,2015-02-09
17087,2015-04-08 10:18:00,2015-04-08,0.0007,0.0,0.0,1135.0,0.0007,0.0007,0.0007,10000019,2015-04-22,2015-04-22,P,2.35,2015-02-09
17088,2015-04-08 10:19:00,2015-04-08,0.0007,0.0,0.0,1135.0,0.0007,0.0007,0.0007,10000019,2015-04-22,2015-04-22,P,2.35,2015-02-09
17089,2015-04-08 10:20:00,2015-04-08,0.0007,0.0,0.0,1135.0,0.0007,0.0007,0.0007,10000019,2015-04-22,2015-04-22,P,2.35,2015-02-09
17090,2015-04-08 10:21:00,2015-04-08,0.0007,7.0,1.0,1135.0,0.0007,0.0007,0.0007,10000019,2015-04-22,2015-04-22,P,2.35,2015-02-09
17091,2015-04-08 10:22:00,2015-04-08,0.0007,0.0,0.0,1135.0,0.0007,0.0007,0.0007,10000019,2015-04-22,2015-04-22,P,2.35,2015-02-09
17092,2015-04-08 10:23:00,2015-04-08,0.0007,0.0,0.0,1135.0,0.0007,0.0007,0.0007,10000019,2015-04-22,2015-04-22,P,2.35,2015-02-09
17093,2015-04-08 10:24:00,2015-04-08,0.0007,0.0,0.0,1135.0,0.0007,0.0007,0.0007,10000019,2015-04-22,2015-04-22,P,2.35,2015-02-09
17094,2015-04-08 10:25:00,2015-04-08,0.0007,0.0,0.0,1135.0,0.0007,0.0007,0.0007,10000019,2015-04-22,2015-04-22,P,2.35,2015-02-09
17095,2015-04-08 10:26:00,2015-04-08,0.0007,0.0,0.0,1135.0,0.0007,0.0007,0.0007,10000019,2015-04-22,2015-04-22,P,2.35,2015-02-09
17096,2015-04-08 10:27:00,2015-04-08,0.0007,0.0,0.0,1135.0,0.0007,0.0007,0.0007,10000019,2015-04-22,2015-04-22,P,2.35,2015-02-09
17097,2015-04-08 10:28:00,2015-04-08,0.0007,0.0,0.0,1135.0,0.0007,0.0007,0.0007,10000019,2015-04-22,2015-04-22,P,2.35,2015-02-09
17098,2015-04-08 10:29:00,2015-04-08,0.0007,0.0,0.0,1135.0,0.0007,0.0007,0.0007,10000019,2015-04-22,2015-04-22,P,2.35,2015-02-09
17099,2015-04-08 10:30:00,2015-04-08,0.0007,0.0,0.0,1135.0,0.0007,0.0007,0.0007,10000019,2015-04-22,2015-04-22,P,2.35,2015-02-09
17100,2015-04-08 10:31:00,2015-04-08,0.0007,0.0,0.0,1135.0,0.0007,0.0007,0.0007,10000019,2015-04-22,2015-04-22,P,2.35,2015-02-09
17101,2015-04-08 10:32:00,2015-04-08,0.0004,40.0,10.0,1135.0,0.0004,0.0004,0.0004,10000019,2015-04-22,2015-04-22,P,2.35,2015-02-09
17102,2015-04-08 10:33:00,2015-04-08,0.0004,0.0,0.0,1135.0,0.0004,0.0004,0.0004,10000019,2015-04-22,2015-04-22,P,2.35,2015-02-09
17103,2015-04-08 10:34:00,2015-04-08,0.0004,0.0,0.0,1135.0,0.0004,0.0004,0.0004,10000019,2015-04-22,2015-04-22,P,2.35,2015-02-09
17104,2015-04-08 10:35:00,2015-04-08,0.0003,15.0,5.0,1135.0,0.0003,0.0003,0.0003,10000019,2015-04-22,2015-04-22,P,2.35,2015-02-09
17105,2015-04-08 10:36:00,2015-04-08,0.0003,0.0,0.0,1135.0,0.0003,0.0003,0.0003,10000019,2015-04-22,2015-04-22,P,2.35,2015-02-09
17106,2015-04-08 10:37:00,2015-04-08,0.0003,0.0,0.0,1135.0,0.0003,0.0003,0.0003,10000019,2015-04-22,2015-04-22,P,2.35,2015-02-09
17107,2015-04-08 10:38:00,2015-04-08,0.0003,0.0,0.0,1135.0,0.0003,0.0003,0.0003,10000019,2015-04-22,2015-04-22,P,2.35,2015-02-09
17108,2015-04-08 10:39:00,2015-04-08,0.0003,0.0,0.0,1135.0,0.0003,0.0003,0.0003,10000019,2015-04-22,2015-04-22,P,2.35,2015-02-09
17109,2015-04-08 10:40:00,2015-04-08,0.0003,0.0,0.0,1135.0,0.0003,0.0003,0.0003,10000019,2015-04-22,2015-04-22,P,2.35,2015-02-09
17110,2015-04-08 10:41:00,2015-04-08,0.0003,0.0,0.0,1135.0,0.0003,0.0003,0.0003,10000019,2015-04-22,2015-04-22,P,2.35,2015-02-09
17111,2015-04-08 10:42:00,2015-04-08,0.0007,21.0,3.0,1136.0,0.0007,0.0007,0.0007,10000019,2015-04-22,2015-04-22,P,2.35,2015-02-09
17112,2015-04-08 10:43:00,2015-04-08,0.0007,0.0,0.0,1136.0,0.0007,0.0007,0.0007,10000019,2015-04-22,2015-04-22,P,2.35,2015-02-09
17113,2015-04-08 10:44:00,2015-04-08,0.0007,0.0,0.0,1136.0,0.0007,0.0007,0.0007,10000019,2015-04-22,2015-04-22,P,2.35,2015-02-09
17114,2015-04-08 10:45:00,2015-04-08,0.0002,2.0,1.0,1135.0,0.0002,0.0002,0.0002,10000019,2015-04-22,2015-04-22,P,2.35,2015-02-09
17115,2015-04-08 10:46:00,2015-04-08,0.0002,0.0,0.0,1135.0,0.0002,0.0002,0.0002,10000019,2015-04-22,2015-04-22,P,2.35,2015-02-09
17116,2015-04-08 10:47:00,2015-04-08,0.0002,0.0,0.0,1135.0,0.0002,0.0002,0.0002,10000019,2015-04-22,2015-04-22,P,2.35,2015-02-09
17117,2015-04-08 10:48:00,2015-04-08,0.0002,0.0,0.0,1135.0,0.0002,0.0002,0.0002,10000019,2015-04-22,2015-04-22,P,2.35,2015-02-09
17118,2015-04-08 10:49:00,2015-04-08,0.0002,0.0,0.0,1135.0,0.0002,0.0002,0.0002,10000019,2015-04-22,2015-04-22,P,2.35,2015-02-09
17119,2015-04-08 10:50:00,2015-04-08,0.0002,0.0,0.0,1135.0,0.0002,0.0002,0.0002,10000019,2015-04-22,2015-04-22,P,2.35,2015-02-09
17120,2015-04-08 10:51:00,2015-04-08,0.0002,0.0,0.0,1135.0,0.0002,0.0002,0.0002,10000019,2015-04-22,2015-04-22,P,2.35,2015-02-09
17121,2015-04-08 10:52:00,2015-04-08,0.0002,0.0,0.0,1135.0,0.0002,0.0002,0.0002,10000019,2015-04-22,2015-04-22,P,2.35,2015-02-09
17122,2015-04-08 10:53:00,2015-04-08,0.0002,0.0,0.0,1135.0,0.0002,0.0002,0.0002,10000019,2015-04-22,2015-04-22,P,2.35,2015-02-09
17123,2015-04-08 10:54:00,2015-04-08,0.0002,0.0,0.0,1135.0,0.0002,0.0002,0.0002,10000019,2015-04-22,2015-04-22,P,2.35,2015-02-09
17124,2015-04-08 10:55:00,2015-04-08,0.0002,0.0,0.0,1135.0,0.0002,0.0002,0.0002,10000019,2015-04-22,2015-04-22,P,2.35,2015-02-09
17125,2015-04-08 10:56:00,2015-04-08,0.0002,0.0,0.0,1135.0,0.0002,0.0002,0.0002,10000019,2015-04-22,2015-04-22,P,2.35,2015-02-09
17126,2015-04-08 10:57:00,2015-04-08,0.0002,0.0,0.0,1135.0,0.0002,0.0002,0.0002,10000019,2015-04-22,2015-04-22,P,2.35,2015-02-09
17127,2015-04-08 10:58:00,2015-04-08,0.0002,0.0,0.0,1135.0,0.0002,0.0002,0.0002,10000019,2015-04-22,2015-04-22,P,2.35,2015-02-09
17128,2015-04-08 10:59:00,2015-04-08,0.0002,0.0,0.0,1135.0,0.0002,0.0002,0.0002,10000019,2015-04-22,2015-04-22,P,2.35,2015-02-09
17129,2015-04-08 11:00:00,2015-04-08,0.0002,0.0,0.0,1135.0,0.0002,0.0002,0.0002,10000019,2015-04-22,2015-04-22,P,2.35,2015-02-09
17130,2015-04-08 11:01:00,2015-04-08,0.0002,0.0,0.0,1135.0,0.0002,0.0002,0.0002,10000019,2015-04-22,2015-04-22,P,2.35,2015-02-09
17131,2015-04-08 11:02:00,2015-04-08,0.0002,0.0,0.0,1135.0,0.0002,0.0002,0.0002,10000019,2015-04-22,2015-04-22,P,2.35,2015-02-09
17132,2015-04-08 11:03:00,2015-04-08,0.0002,0.0,0.0,1135.0,0.0002,0.0002,0.0002,10000019,2015-04-22,2015-04-22,P,2.35,2015-02-09
17133,2015-04-08 11:04:00,2015-04-08,0.0002,0.0,0.0,1135.0,0.0002,0.0002,0.0002,10000019,2015-04-22,2015-04-22,P,2.35,2015-02-09
17134,2015-04-08 11:05:00,2015-04-08,0.0002,0.0,0.0,1135.0,0.0002,0.0002,0.0002,10000019,2015-04-22,2015-04-22,P,2.35,2015-02-09
17135,2015-04-08 11:06:00,2015-04-08,0.0002,0.0,0.0,1135.0,0.0002,0.0002,0.0002,10000019,2015-04-22,2015-04-22,P,2.35,2015-02-09
17136,2015-04-08 11:07:00,2015-04-08,0.0002,0.0,0.0,1135.0,0.0002,0.0002,0.0002,10000019,2015-04-22,2015-04-22,P,2.35,2015-02-09
17137,2015-04-08 11:08:00,2015-04-08,0.0002,0.0,0.0,1135.0,0.0002,0.0002,0.0002,10000019,2015-04-22,2015-04-22,P,2.35,2015-02-09
17138,2015-04-08 11:09:00,2015-04-08,0.0002,0.0,0.0,1135.0,0.0002,0.0002,0.0002,10000019,2015-04-22,2015-04-22,P,2.35,2015-02-09
17139,2015-04-08 11:10:00,2015-04-08,0.0002,0.0,0.0,1135.0,0.0002,0.0002,0.0002,10000019,2015-04-22,2015-04-22,P,2.35,2015-02-09
17140,2015-04-08 11:11:00,2015-04-08,0.0002,0.0,0.0,1135.0,0.0002,0.0002,0.0002,10000019,2015-04-22,2015-04-22,P,2.35,2015-02-09
17141,2015-04-08 11:12:00,2015-04-08,0.0002,0.0,0.0,1135.0,0.0002,0.0002,0.0002,10000019,2015-04-22,2015-04-22,P,2.35,2015-02-09
17142,2015-04-08 11:13:00,2015-04-08,0.0002,0.0,0.0,1135.0,0.0002,0.0002,0.0002,10000019,2015-04-22,2015-04-22,P,2.35,2015-02-09
17143,2015-04-08 11:14:00,2015-04-08,0.0002,0.0,0.0,1135.0,0.0002,0.0002,0.0002,10000019,2015-04-22,2015-04-22,P,2.35,2015-02-09
17144,2015-04-08 11:15:00,2015-04-08,0.0002,0.0,0.0,1135.0,0.0002,0.0002,0.0002,10000019,2015-04-22,2015-04-22,P,2.35,2015-02-09
17145,2015-04-08 11:16:00,2015-04-08,0.0002,0.0,0.0,1135.0,0.0002,0.0002,0.0002,10000019,2015-04-22,2015-04-22,P,2.35,2015-02-09
17146,2015-04-08 11:17:00,2015-04-08,0.0002,0.0,0.0,1135.0,0.0002,0.0002,0.0002,10000019,2015-04-22,2015-04-22,P,2.35,2015-02-09
17147,2015-04-08 11:18:00,2015-04-08,0.0002,0.0,0.0,1135.0,0.0002,0.0002,0.0002,10000019,2015-04-22,2015-04-22,P,2.35,2015-02-09
17148,2015-04-08 11:19:00,2015-04-08,0.0002,0.0,0.0,1135.0,0.0002,0.0002,0.0002,10000019,2015-04-22,2015-04-22,P,2.35,2015-02-09
17149,2015-04-08 11:20:00,2015-04-08,0.0002,0.0,0.0,1135.0,0.0002,0.0002,0.0002,10000019,2015-04-22,2015-04-22,P,2.35,2015-02-09
17150,2015-04-08 11:21:00,2015-04-08,0.0002,0.0,0.0,1135.0,0.0002,0.0002,0.0002,10000019,2015-04-22,2015-04-22,P,2.35,2015-02-09
17151,2015-04-08 11:22:00,2015-04-08,0.0002,0.0,0.0,1135.0,0.0002,0.0002,0.0002,10000019,2015-04-22,2015-04-22,P,2.35,2015-02-09
17152,2015-04-08 11:23:00,2015-04-08,0.0002,0.0,0.0,1135.0,0.0002,0.0002,0.0002,10000019,2015-04-22,2015-04-22,P,2.35,2015-02-09
17153,2015-04-08 11:24:00,2015-04-08,0.0002,0.0,0.0,1135.0,0.0002,0.0002,0.0002,10000019,2015-04-22,2015-04-22,P,2.35,2015-02-09
17154,2015-04-08 11:25:00,2015-04-08,0.0002,0.0,0.0,1135.0,0.0002,0.0002,0.0002,10000019,2015-04-22,2015-04-22,P,2.35,2015-02-09
17155,2015-04-08 11:26:00,2015-04-08,0.0002,0.0,0.0,1135.0,0.0002,0.0002,0.0002,10000019,2015-04-22,2015-04-22,P,2.35,2015-02-09
17156,2015-04-08 11:27:00,2015-04-08,0.0002,0.0,0.0,1135.0,0.0002,0.0002,0.0002,10000019,2015-04-22,2015-04-22,P,2.35,2015-02-09
17157,2015-04-08 11:28:00,2015-04-08,0.0002,0.0,0.0,1135.0,0.0002,0.0002,0.0002,10000019,2015-04-22,2015-04-22,P,2.35,2015-02-09
17158,2015-04-08 11:29:00,2015-04-08,0.0002,0.0,0.0,1135.0,0.0002,0.0002,0.0002,10000019,2015-04-22,2015-04-22,P,2.35,2015-02-09
17159,2015-04-08 11:30:00,2015-04-08,0.0002,0.0,0.0,1135.0,0.0002,0.0002,0.0002,10000019,2015-04-22,2015-04-22,P,2.35,2015-02-09
17160,2015-04-08 13:01:00,2015-04-08,0.0002,0.0,0.0,1135.0,0.0002,0.0002,0.0002,10000019,2015-04-22,2015-04-22,P,2.35,2015-02-09
17161,2015-04-08 13:02:00,2015-04-08,0.0002,0.0,0.0,1135.0,0.0002,0.0002,0.0002,10000019,2015-04-22,2015-04-22,P,2.35,2015-02-09
17162,2015-04-08 13:03:00,2015-04-08,0.0002,0.0,0.0,1135.0,0.0002,0.0002,0.0002,10000019,2015-04-22,2015-04-22,P,2.35,2015-02-09
17163,2015-04-08 13:04:00,2015-04-08,0.0002,0.0,0.0,1135.0,0.0002,0.0002,0.0002,10000019,2015-04-22,2015-04-22,P,2.35,2015-02-09
17164,2015-04-08 13:05:00,2015-04-08,0.0003,3.0,1.0,1135.0,0.0003,0.0003,0.0003,10000019,2015-04-22,2015-04-22,P,2.35,2015-02-09
17165,2015-04-08 13:06:00,2015-04-08,0.0003,0.0,0.0,1135.0,0.0003,0.0003,0.0003,10000019,2015-04-22,2015-04-22,P,2.35,2015-02-09
17166,2015-04-08 13:07:00,2015-04-08,0.0003,0.0,0.0,1135.0,0.0003,0.0003,0.0003,10000019,2015-04-22,2015-04-22,P,2.35,2015-02-09
17167,2015-04-08 13:08:00,2015-04-08,0.0003,0.0,0.0,1135.0,0.0003,0.0003,0.0003,10000019,2015-04-22,2015-04-22,P,2.35,2015-02-09
17168,2015-04-08 13:09:00,2015-04-08,0.0003,0.0,0.0,1135.0,0.0003,0.0003,0.0003,10000019,2015-04-22,2015-04-22,P,2.35,2015-02-09
17169,2015-04-08 13:10:00,2015-04-08,0.0003,0.0,0.0,1135.0,0.0003,0.0003,0.0003,10000019,2015-04-22,2015-04-22,P,2.35,2015-02-09
17170,2015-04-08 13:11:00,2015-04-08,0.0003,0.0,0.0,1135.0,0.0003,0.0003,0.0003,10000019,2015-04-22,2015-04-22,P,2.35,2015-02-09
17171,2015-04-08 13:12:00,2015-04-08,0.0003,0.0,0.0,1135.0,0.0003,0.0003,0.0003,10000019,2015-04-22,2015-04-22,P,2.35,2015-02-09
17172,2015-04-08 13:13:00,2015-04-08,0.0003,0.0,0.0,1135.0,0.0003,0.0003,0.0003,10000019,2015-04-22,2015-04-22,P,2.35,2015-02-09
17173,2015-04-08 13:14:00,2015-04-08,0.0003,0.0,0.0,1135.0,0.0003,0.0003,0.0003,10000019,2015-04-22,2015-04-22,P,2.35,2015-02-09
17174,2015-04-08 13:15:00,2015-04-08,0.0003,0.0,0.0,1135.0,0.0003,0.0003,0.0003,10000019,2015-04-22,2015-04-22,P,2.35,2015-02-09
17175,2015-04-08 13:16:00,2015-04-08,0.0003,0.0,0.0,1135.0,0.0003,0.0003,0.0003,10000019,2015-04-22,2015-04-22,P,2.35,2015-02-09
17176,2015-04-08 13:17:00,2015-04-08,0.0003,0.0,0.0,1135.0,0.0003,0.0003,0.0003,10000019,2015-04-22,2015-04-22,P,2.35,2015-02-09
17177,2015-04-08 13:18:00,2015-04-08,0.0003,6.0,2.0,1135.0,0.0003,0.0003,0.0003,10000019,2015-04-22,2015-04-22,P,2.35,2015-02-09
17178,2015-04-08 13:19:00,2015-04-08,0.0003,12.0,4.0,1135.0,0.0003,0.0003,0.0003,10000019,2015-04-22,2015-04-22,P,2.35,2015-02-09
17179,2015-04-08 13:20:00,2015-04-08,0.0003,0.0,0.0,1135.0,0.0003,0.0003,0.0003,10000019,2015-04-22,2015-04-22,P,2.35,2015-02-09
17180,2015-04-08 13:21:00,2015-04-08,0.0003,0.0,0.0,1135.0,0.0003,0.0003,0.0003,10000019,2015-04-22,2015-04-22,P,2.35,2015-02-09
17181,2015-04-08 13:22:00,2015-04-08,0.0003,12.0,4.0,1135.0,0.0003,0.0003,0.0003,10000019,2015-04-22,2015-04-22,P,2.35,2015-02-09
17182,2015-04-08 13:23:00,2015-04-08,0.0003,6.0,2.0,1135.0,0.0003,0.0003,0.0003,10000019,2015-04-22,2015-04-22,P,2.35,2015-02-09
17183,2015-04-08 13:24:00,2015-04-08,0.0003,0.0,0.0,1135.0,0.0003,0.0003,0.0003,10000019,2015-04-22,2015-04-22,P,2.35,2015-02-09
17184,2015-04-08 13:25:00,2015-04-08,0.0003,0.0,0.0,1135.0,0.0003,0.0003,0.0003,10000019,2015-04-22,2015-04-22,P,2.35,2015-02-09
17185,2015-04-08 13:26:00,2015-04-08,0.0003,0.0,0.0,1135.0,0.0003,0.0003,0.0003,10000019,2015-04-22,2015-04-22,P,2.35,2015-02-09
17186,2015-04-08 13:27:00,2015-04-08,0.0003,0.0,0.0,1135.0,0.0003,0.0003,0.0003,10000019,2015-04-22,2015-04-22,P,2.35,2015-02-09
17187,2015-04-08 13:28:00,2015-04-08,0.0003,0.0,0.0,1135.0,0.0003,0.0003,0.0003,10000019,2015-04-22,2015-04-22,P,2.35,2015-02-09
17188,2015-04-08 13:29:00,2015-04-08,0.0003,0.0,0.0,1135.0,0.0003,0.0003,0.0003,10000019,2015-04-22,2015-04-22,P,2.35,2015-02-09
17189,2015-04-08 13:30:00,2015-04-08,0.0003,0.0,0.0,1135.0,0.0003,0.0003,0.0003,10000019,2015-04-22,2015-04-22,P,2.35,2015-02-09
17190,2015-04-08 13:31:00,2015-04-08,0.0003,0.0,0.0,1135.0,0.0003,0.0003,0.0003,10000019,2015-04-22,2015-04-22,P,2.35,2015-02-09
17191,2015-04-08 13:32:00,2015-04-08,0.0003,0.0,0.0,1135.0,0.0003,0.0003,0.0003,10000019,2015-04-22,2015-04-22,P,2.35,2015-02-09
17192,2015-04-08 13:33:00,2015-04-08,0.0003,0.0,0.0,1135.0,0.0003,0.0003,0.0003,10000019,2015-04-22,2015-04-22,P,2.35,2015-02-09
17193,2015-04-08 13:34:00,2015-04-08,0.0003,0.0,0.0,1135.0,0.0003,0.0003,0.0003,10000019,2015-04-22,2015-04-22,P,2.35,2015-02-09
17194,2015-04-08 13:35:00,2015-04-08,0.0004,40.0,10.0,1145.0,0.0004,0.0004,0.0004,10000019,2015-04-22,2015-04-22,P,2.35,2015-02-09
17195,2015-04-08 13:36:00,2015-04-08,0.0004,0.0,0.0,1145.0,0.0004,0.0004,0.0004,10000019,2015-04-22,2015-04-22,P,2.35,2015-02-09
17196,2015-04-08 13:37:00,2015-04-08,0.0004,0.0,0.0,1145.0,0.0004,0.0004,0.0004,10000019,2015-04-22,2015-04-22,P,2.35,2015-02-09
17197,2015-04-08 13:38:00,2015-04-08,0.0004,0.0,0.0,1145.0,0.0004,0.0004,0.0004,10000019,2015-04-22,2015-04-22,P,2.35,2015-02-09
17198,2015-04-08 13:39:00,2015-04-08,0.0004,0.0,0.0,1145.0,0.0004,0.0004,0.0004,10000019,2015-04-22,2015-04-22,P,2.35,2015-02-09
17199,2015-04-08 13:40:00,2015-04-08,0.0004,0.0,0.0,1145.0,0.0004,0.0004,0.0004,10000019,2015-04-22,2015-04-22,P,2.35,2015-02-09
17200,2015-04-08 13:41:00,2015-04-08,0.0004,0.0,0.0,1145.0,0.0004,0.0004,0.0004,10000019,2015-04-22,2015-04-22,P,2.35,2015-02-09
17201,2015-04-08 13:42:00,2015-04-08,0.0004,0.0,0.0,1145.0,0.0004,0.0004,0.0004,10000019,2015-04-22,2015-04-22,P,2.35,2015-02-09
17202,2015-04-08 13:43:00,2015-04-08,0.0004,0.0,0.0,1145.0,0.0004,0.0004,0.0004,10000019,2015-04-22,2015-04-22,P,2.35,2015-02-09
17203,2015-04-08 13:44:00,2015-04-08,0.0004,0.0,0.0,1145.0,0.0004,0.0004,0.0004,10000019,2015-04-22,2015-04-22,P,2.35,2015-02-09
17204,2015-04-08 13:45:00,2015-04-08,0.0004,0.0,0.0,1145.0,0.0004,0.0004,0.0004,10000019,2015-04-22,2015-04-22,P,2.35,2015-02-09
17205,2015-04-08 13:46:00,2015-04-08,0.0004,0.0,0.0,1145.0,0.0004,0.0004,0.0004,10000019,2015-04-22,2015-04-22,P,2.35,2015-02-09
17206,2015-04-08 13:47:00,2015-04-08,0.0004,0.0,0.0,1145.0,0.0004,0.0004,0.0004,10000019,2015-04-22,2015-04-22,P,2.35,2015-02-09
17207,2015-04-08 13:48:00,2015-04-08,0.0004,0.0,0.0,1145.0,0.0004,0.0004,0.0004,10000019,2015-04-22,2015-04-22,P,2.35,2015-02-09
17208,2015-04-08 13:49:00,2015-04-08,0.0004,0.0,0.0,1145.0,0.0004,0.0004,0.0004,10000019,2015-04-22,2015-04-22,P,2.35,2015-02-09
17209,2015-04-08 13:50:00,2015-04-08,0.0004,0.0,0.0,1145.0,0.0004,0.0004,0.0004,10000019,2015-04-22,2015-04-22,P,2.35,2015-02-09
17210,2015-04-08 13:51:00,2015-04-08,0.0004,0.0,0.0,1145.0,0.0004,0.0004,0.0004,10000019,2015-04-22,2015-04-22,P,2.35,2015-02-09
17211,2015-04-08 13:52:00,2015-04-08,0.0004,0.0,0.0,1145.0,0.0004,0.0004,0.0004,10000019,2015-04-22,2015-04-22,P,2.35,2015-02-09
17212,2015-04-08 13:53:00,2015-04-08,0.0004,0.0,0.0,1145.0,0.0004,0.0004,0.0004,10000019,2015-04-22,2015-04-22,P,2.35,2015-02-09
17213,2015-04-08 13:54:00,2015-04-08,0.0004,0.0,0.0,1145.0,0.0004,0.0004,0.0004,10000019,2015-04-22,2015-04-22,P,2.35,2015-02-09
17214,2015-04-08 13:55:00,2015-04-08,0.0004,0.0,0.0,1145.0,0.0004,0.0004,0.0004,10000019,2015-04-22,2015-04-22,P,2.35,2015-02-09
17215,2015-04-08 13:56:00,2015-04-08,0.0004,0.0,0.0,1145.0,0.0004,0.0004,0.0004,10000019,2015-04-22,2015-04-22,P,2.35,2015-02-09
17216,2015-04-08 13:57:00,2015-04-08,0.0004,0.0,0.0,1145.0,0.0004,0.0004,0.0004,10000019,2015-04-22,2015-04-22,P,2.35,2015-02-09
17217,2015-04-08 13:58:00,2015-04-08,0.0004,0.0,0.0,1145.0,0.0004,0.0004,0.0004,10000019,2015-04-22,2015-04-22,P,2.35,2015-02-09
17218,2015-04-08 13:59:00,2015-04-08,0.0004,0.0,0.0,1145.0,0.0004,0.0004,0.0004,10000019,2015-04-22,2015-04-22,P,2.35,2015-02-09
17219,2015-04-08 14:00:00,2015-04-08,0.0004,0.0,0.0,1145.0,0.0004,0.0004,0.0004,10000019,2015-04-22,2015-04-22,P,2.35,2015-02-09
17220,2015-04-08 14:01:00,2015-04-08,0.0004,0.0,0.0,1145.0,0.0004,0.0004,0.0004,10000019,2015-04-22,2015-04-22,P,2.35,2015-02-09
17221,2015-04-08 14:02:00,2015-04-08,0.0004,0.0,0.0,1145.0,0.0004,0.0004,0.0004,10000019,2015-04-22,2015-04-22,P,2.35,2015-02-09
17222,2015-04-08 14:03:00,2015-04-08,0.0004,0.0,0.0,1145.0,0.0004,0.0004,0.0004,10000019,2015-04-22,2015-04-22,P,2.35,2015-02-09
17223,2015-04-08 14:04:00,2015-04-08,0.0004,0.0,0.0,1145.0,0.0004,0.0004,0.0004,10000019,2015-04-22,2015-04-22,P,2.35,2015-02-09
17224,2015-04-08 14:05:00,2015-04-08,0.0004,0.0,0.0,1145.0,0.0004,0.0004,0.0004,10000019,2015-04-22,2015-04-22,P,2.35,2015-02-09
17225,2015-04-08 14:06:00,2015-04-08,0.0004,0.0,0.0,1145.0,0.0004,0.0004,0.0004,10000019,2015-04-22,2015-04-22,P,2.35,2015-02-09
17226,2015-04-08 14:07:00,2015-04-08,0.0004,0.0,0.0,1145.0,0.0004,0.0004,0.0004,10000019,2015-04-22,2015-04-22,P,2.35,2015-02-09
17227,2015-04-08 14:08:00,2015-04-08,0.0004,0.0,0.0,1145.0,0.0004,0.0004,0.0004,10000019,2015-04-22,2015-04-22,P,2.35,2015-02-09
17228,2015-04-08 14:09:00,2015-04-08,0.0004,0.0,0.0,1145.0,0.0004,0.0004,0.0004,10000019,2015-04-22,2015-04-22,P,2.35,2015-02-09
17229,2015-04-08 14:10:00,2015-04-08,0.0004,0.0,0.0,1145.0,0.0004,0.0004,0.0004,10000019,2015-04-22,2015-04-22,P,2.35,2015-02-09
17230,2015-04-08 14:11:00,2015-04-08,0.0004,0.0,0.0,1145.0,0.0004,0.0004,0.0004,10000019,2015-04-22,2015-04-22,P,2.35,2015-02-09
17231,2015-04-08 14:12:00,2015-04-08,0.0004,0.0,0.0,1145.0,0.0004,0.0004,0.0004,10000019,2015-04-22,2015-04-22,P,2.35,2015-02-09
17232,2015-04-08 14:13:00,2015-04-08,0.0004,0.0,0.0,1145.0,0.0004,0.0004,0.0004,10000019,2015-04-22,2015-04-22,P,2.35,2015-02-09
17233,2015-04-08 14:14:00,2015-04-08,0.0004,0.0,0.0,1145.0,0.0004,0.0004,0.0004,10000019,2015-04-22,2015-04-22,P,2.35,2015-02-09
17234,2015-04-08 14:15:00,2015-04-08,0.0004,0.0,0.0,1145.0,0.0004,0.0004,0.0004,10000019,2015-04-22,2015-04-22,P,2.35,2015-02-09
17235,2015-04-08 14:16:00,2015-04-08,0.0004,0.0,0.0,1145.0,0.0004,0.0004,0.0004,10000019,2015-04-22,2015-04-22,P,2.35,2015-02-09
17236,2015-04-08 14:17:00,2015-04-08,0.0004,0.0,0.0,1145.0,0.0004,0.0004,0.0004,10000019,2015-04-22,2015-04-22,P,2.35,2015-02-09
17237,2015-04-08 14:18:00,2015-04-08,0.0004,0.0,0.0,1145.0,0.0004,0.0004,0.0004,10000019,2015-04-22,2015-04-22,P,2.35,2015-02-09
17238,2015-04-08 14:19:00,2015-04-08,0.0004,0.0,0.0,1145.0,0.0004,0.0004,0.0004,10000019,2015-04-22,2015-04-22,P,2.35,2015-02-09
17239,2015-04-08 14:20:00,2015-04-08,0.0004,0.0,0.0,1145.0,0.0004,0.0004,0.0004,10000019,2015-04-22,2015-04-22,P,2.35,2015-02-09
17240,2015-04-08 14:21:00,2015-04-08,0.0004,0.0,0.0,1145.0,0.0004,0.0004,0.0004,10000019,2015-04-22,2015-04-22,P,2.35,2015-02-09
17241,2015-04-08 14:22:00,2015-04-08,0.0004,0.0,0.0,1145.0,0.0004,0.0004,0.0004,10000019,2015-04-22,2015-04-22,P,2.35,2015-02-09
17242,2015-04-08 14:23:00,2015-04-08,0.0004,0.0,0.0,1145.0,0.0004,0.0004,0.0004,10000019,2015-04-22,2015-04-22,P,2.35,2015-02-09
17243,2015-04-08 14:24:00,2015-04-08,0.0004,0.0,0.0,1145.0,0.0004,0.0004,0.0004,10000019,2015-04-22,2015-04-22,P,2.35,2015-02-09
17244,2015-04-08 14:25:00,2015-04-08,0.0004,0.0,0.0,1145.0,0.0004,0.0004,0.0004,10000019,2015-04-22,2015-04-22,P,2.35,2015-02-09
17245,2015-04-08 14:26:00,2015-04-08,0.0004,0.0,0.0,1145.0,0.0004,0.0004,0.0004,10000019,2015-04-22,2015-04-22,P,2.35,2015-02-09
17246,2015-04-08 14:27:00,2015-04-08,0.0004,0.0,0.0,1145.0,0.0004,0.0004,0.0004,10000019,2015-04-22,2015-04-22,P,2.35,2015-02-09
17247,2015-04-08 14:28:00,2015-04-08,0.0004,0.0,0.0,1145.0,0.0004,0.0004,0.0004,10000019,2015-04-22,2015-04-22,P,2.35,2015-02-09
17248,2015-04-08 14:29:00,2015-04-08,0.0004,12.0,3.0,1145.0,0.0004,0.0004,0.0004,10000019,2015-04-22,2015-04-22,P,2.35,2015-02-09
17249,2015-04-08 14:30:00,2015-04-08,0.0004,0.0,0.0,1145.0,0.0004,0.0004,0.0004,10000019,2015-04-22,2015-04-22,P,2.35,2015-02-09
17250,2015-04-08 14:31:00,2015-04-08,0.0004,0.0,0.0,1145.0,0.0004,0.0004,0.0004,10000019,2015-04-22,2015-04-22,P,2.35,2015-02-09
17251,2015-04-08 14:32:00,2015-04-08,0.0004,0.0,0.0,1145.0,0.0004,0.0004,0.0004,10000019,2015-04-22,2015-04-22,P,2.35,2015-02-09
17252,2015-04-08 14:33:00,2015-04-08,0.0004,0.0,0.0,1145.0,0.0004,0.0004,0.0004,10000019,2015-04-22,2015-04-22,P,2.35,2015-02-09
17253,2015-04-08 14:34:00,2015-04-08,0.0004,0.0,0.0,1145.0,0.0004,0.0004,0.0004,10000019,2015-04-22,2015-04-22,P,2.35,2015-02-09
17254,2015-04-08 14:35:00,2015-04-08,0.0004,0.0,0.0,1145.0,0.0004,0.0004,0.0004,10000019,2015-04-22,2015-04-22,P,2.35,2015-02-09
17255,2015-04-08 14:36:00,2015-04-08,0.0004,0.0,0.0,1145.0,0.0004,0.0004,0.0004,10000019,2015-04-22,2015-04-22,P,2.35,2015-02-09
17256,2015-04-08 14:37:00,2015-04-08,0.0004,28.0,7.0,1152.0,0.0004,0.0004,0.0004,10000019,2015-04-22,2015-04-22,P,2.35,2015-02-09
17257,2015-04-08 14:38:00,2015-04-08,0.0004,0.0,0.0,1152.0,0.0004,0.0004,0.0004,10000019,2015-04-22,2015-04-22,P,2.35,2015-02-09
17258,2015-04-08 14:39:00,2015-04-08,0.0004,0.0,0.0,1152.0,0.0004,0.0004,0.0004,10000019,2015-04-22,2015-04-22,P,2.35,2015-02-09
17259,2015-04-08 14:40:00,2015-04-08,0.0004,0.0,0.0,1152.0,0.0004,0.0004,0.0004,10000019,2015-04-22,2015-04-22,P,2.35,2015-02-09
17260,2015-04-08 14:41:00,2015-04-08,0.0004,0.0,0.0,1152.0,0.0004,0.0004,0.0004,10000019,2015-04-22,2015-04-22,P,2.35,2015-02-09
17261,2015-04-08 14:42:00,2015-04-08,0.0005,50.0,10.0,1162.0,0.0005,0.0005,0.0005,10000019,2015-04-22,2015-04-22,P,2.35,2015-02-09
17262,2015-04-08 14:43:00,2015-04-08,0.0005,0.0,0.0,1162.0,0.0005,0.0005,0.0005,10000019,2015-04-22,2015-04-22,P,2.35,2015-02-09
17263,2015-04-08 14:44:00,2015-04-08,0.0005,0.0,0.0,1162.0,0.0005,0.0005,0.0005,10000019,2015-04-22,2015-04-22,P,2.35,2015-02-09
17264,2015-04-08 14:45:00,2015-04-08,0.0005,50.0,10.0,1172.0,0.0005,0.0005,0.0005,10000019,2015-04-22,2015-04-22,P,2.35,2015-02-09
17265,2015-04-08 14:46:00,2015-04-08,0.0005,0.0,0.0,1172.0,0.0005,0.0005,0.0005,10000019,2015-04-22,2015-04-22,P,2.35,2015-02-09
17266,2015-04-08 14:47:00,2015-04-08,0.0005,0.0,0.0,1172.0,0.0005,0.0005,0.0005,10000019,2015-04-22,2015-04-22,P,2.35,2015-02-09
17267,2015-04-08 14:48:00,2015-04-08,0.0004,40.0,10.0,1172.0,0.0004,0.0004,0.0004,10000019,2015-04-22,2015-04-22,P,2.35,2015-02-09
17268,2015-04-08 14:49:00,2015-04-08,0.0004,0.0,0.0,1172.0,0.0004,0.0004,0.0004,10000019,2015-04-22,2015-04-22,P,2.35,2015-02-09
17269,2015-04-08 14:50:00,2015-04-08,0.0003,33.0,10.0,1165.0,0.0003,0.0003,0.0003,10000019,2015-04-22,2015-04-22,P,2.35,2015-02-09
17270,2015-04-08 14:51:00,2015-04-08,0.0003,0.0,0.0,1165.0,0.0003,0.0003,0.0003,10000019,2015-04-22,2015-04-22,P,2.35,2015-02-09
17271,2015-04-08 14:52:00,2015-04-08,0.0003,0.0,0.0,1165.0,0.0003,0.0003,0.0003,10000019,2015-04-22,2015-04-22,P,2.35,2015-02-09
17272,2015-04-08 14:53:00,2015-04-08,0.0003,0.0,0.0,1165.0,0.0003,0.0003,0.0003,10000019,2015-04-22,2015-04-22,P,2.35,2015-02-09
17273,2015-04-08 14:54:00,2015-04-08,0.0003,0.0,0.0,1165.0,0.0003,0.0003,0.0003,10000019,2015-04-22,2015-04-22,P,2.35,2015-02-09
17274,2015-04-08 14:55:00,2015-04-08,0.0003,0.0,0.0,1165.0,0.0003,0.0003,0.0003,10000019,2015-04-22,2015-04-22,P,2.35,2015-02-09
17275,2015-04-08 14:56:00,2015-04-08,0.0003,0.0,0.0,1165.0,0.0003,0.0003,0.0003,10000019,2015-04-22,2015-04-22,P,2.35,2015-02-09
17276,2015-04-08 14:57:00,2015-04-08,0.0003,0.0,0.0,1165.0,0.0003,0.0003,0.0003,10000019,2015-04-22,2015-04-22,P,2.35,2015-02-09
17277,2015-04-08 14:58:00,2015-04-08,0.0003,0.0,0.0,1165.0,0.0003,0.0003,0.0003,10000019,2015-04-22,2015-04-22,P,2.35,2015-02-09
17278,2015-04-08 14:59:00,2015-04-08,0.0003,0.0,0.0,1165.0,0.0003,0.0003,0.0003,10000019,2015-04-22,2015-04-22,P,2.35,2015-02-09
17279,2015-04-08 15:00:00,2015-04-08,0.0003,0.0,0.0,1165.0,0.0003,0.0003,0.0003,10000019,2015-04-22,2015-04-22,P,2.35,2015-02-09
17280,2015-04-08 09:31:00,2015-04-08,0.3624,51620.0,15.0,160.0,0.3624,0.3076,0.3076,10000085,2015-06-24,2015-06-24,C,2.7,2015-03-19
17281,2015-04-08 09:32:00,2015-04-08,0.3076,0.0,0.0,160.0,0.3076,0.3076,0.3076,10000085,2015-06-24,2015-06-24,C,2.7,2015-03-19
17282,2015-04-08 09:33:00,2015-04-08,0.3076,0.0,0.0,160.0,0.3076,0.3076,0.3076,10000085,2015-06-24,2015-06-24,C,2.7,2015-03-19
17283,2015-04-08 09:34:00,2015-04-08,0.3076,0.0,0.0,160.0,0.3076,0.3076,0.3076,10000085,2015-06-24,2015-06-24,C,2.7,2015-03-19
17284,2015-04-08 09:35:00,2015-04-08,0.3076,0.0,0.0,160.0,0.3076,0.3076,0.3076,10000085,2015-06-24,2015-06-24,C,2.7,2015-03-19
17285,2015-04-08 09:36:00,2015-04-08,0.3076,0.0,0.0,160.0,0.3076,0.3076,0.3076,10000085,2015-06-24,2015-06-24,C,2.7,2015-03-19
17286,2015-04-08 09:37:00,2015-04-08,0.3076,0.0,0.0,160.0,0.3076,0.3076,0.3076,10000085,2015-06-24,2015-06-24,C,2.7,2015-03-19
17287,2015-04-08 09:38:00,2015-04-08,0.3076,0.0,0.0,160.0,0.3076,0.3076,0.3076,10000085,2015-06-24,2015-06-24,C,2.7,2015-03-19
17288,2015-04-08 09:39:00,2015-04-08,0.3076,0.0,0.0,160.0,0.3076,0.3076,0.3076,10000085,2015-06-24,2015-06-24,C,2.7,2015-03-19
17289,2015-04-08 09:40:00,2015-04-08,0.3076,0.0,0.0,160.0,0.3076,0.3076,0.3076,10000085,2015-06-24,2015-06-24,C,2.7,2015-03-19
17290,2015-04-08 09:41:00,2015-04-08,0.3076,0.0,0.0,160.0,0.3076,0.3076,0.3076,10000085,2015-06-24,2015-06-24,C,2.7,2015-03-19
17291,2015-04-08 09:42:00,2015-04-08,0.3076,0.0,0.0,160.0,0.3076,0.3076,0.3076,10000085,2015-06-24,2015-06-24,C,2.7,2015-03-19
17292,2015-04-08 09:43:00,2015-04-08,0.3076,0.0,0.0,160.0,0.3076,0.3076,0.3076,10000085,2015-06-24,2015-06-24,C,2.7,2015-03-19
17293,2015-04-08 09:44:00,2015-04-08,0.3076,0.0,0.0,160.0,0.3076,0.3076,0.3076,10000085,2015-06-24,2015-06-24,C,2.7,2015-03-19
17294,2015-04-08 09:45:00,2015-04-08,0.3076,0.0,0.0,160.0,0.3076,0.3076,0.3076,10000085,2015-06-24,2015-06-24,C,2.7,2015-03-19
17295,2015-04-08 09:46:00,2015-04-08,0.3076,0.0,0.0,160.0,0.3076,0.3076,0.3076,10000085,2015-06-24,2015-06-24,C,2.7,2015-03-19
17296,2015-04-08 09:47:00,2015-04-08,0.3076,0.0,0.0,160.0,0.3076,0.3076,0.3076,10000085,2015-06-24,2015-06-24,C,2.7,2015-03-19
17297,2015-04-08 09:48:00,2015-04-08,0.3076,0.0,0.0,160.0,0.3076,0.3076,0.3076,10000085,2015-06-24,2015-06-24,C,2.7,2015-03-19
17298,2015-04-08 09:49:00,2015-04-08,0.3076,0.0,0.0,160.0,0.3076,0.3076,0.3076,10000085,2015-06-24,2015-06-24,C,2.7,2015-03-19
17299,2015-04-08 09:50:00,2015-04-08,0.3076,0.0,0.0,160.0,0.3076,0.3076,0.3076,10000085,2015-06-24,2015-06-24,C,2.7,2015-03-19
17300,2015-04-08 09:51:00,2015-04-08,0.3076,0.0,0.0,160.0,0.3076,0.3076,0.3076,10000085,2015-06-24,2015-06-24,C,2.7,2015-03-19
17301,2015-04-08 09:52:00,2015-04-08,0.3076,0.0,0.0,160.0,0.3076,0.3076,0.3076,10000085,2015-06-24,2015-06-24,C,2.7,2015-03-19
17302,2015-04-08 09:53:00,2015-04-08,0.3076,0.0,0.0,160.0,0.3076,0.3076,0.3076,10000085,2015-06-24,2015-06-24,C,2.7,2015-03-19
17303,2015-04-08 09:54:00,2015-04-08,0.3076,0.0,0.0,160.0,0.3076,0.3076,0.3076,10000085,2015-06-24,2015-06-24,C,2.7,2015-03-19
17304,2015-04-08 09:55:00,2015-04-08,0.3076,0.0,0.0,160.0,0.3076,0.3076,0.3076,10000085,2015-06-24,2015-06-24,C,2.7,2015-03-19
17305,2015-04-08 09:56:00,2015-04-08,0.3076,0.0,0.0,160.0,0.3076,0.3076,0.3076,10000085,2015-06-24,2015-06-24,C,2.7,2015-03-19
17306,2015-04-08 09:57:00,2015-04-08,0.3076,0.0,0.0,160.0,0.3076,0.3076,0.3076,10000085,2015-06-24,2015-06-24,C,2.7,2015-03-19
17307,2015-04-08 09:58:00,2015-04-08,0.3076,0.0,0.0,160.0,0.3076,0.3076,0.3076,10000085,2015-06-24,2015-06-24,C,2.7,2015-03-19
17308,2015-04-08 09:59:00,2015-04-08,0.3076,0.0,0.0,160.0,0.3076,0.3076,0.3076,10000085,2015-06-24,2015-06-24,C,2.7,2015-03-19
17309,2015-04-08 10:00:00,2015-04-08,0.3076,0.0,0.0,160.0,0.3076,0.3076,0.3076,10000085,2015-06-24,2015-06-24,C,2.7,2015-03-19
17310,2015-04-08 10:01:00,2015-04-08,0.3076,0.0,0.0,160.0,0.3076,0.3076,0.3076,10000085,2015-06-24,2015-06-24,C,2.7,2015-03-19
17311,2015-04-08 10:02:00,2015-04-08,0.3076,0.0,0.0,160.0,0.3076,0.3076,0.3076,10000085,2015-06-24,2015-06-24,C,2.7,2015-03-19
17312,2015-04-08 10:03:00,2015-04-08,0.3076,0.0,0.0,160.0,0.3076,0.3076,0.3076,10000085,2015-06-24,2015-06-24,C,2.7,2015-03-19
17313,2015-04-08 10:04:00,2015-04-08,0.3076,0.0,0.0,160.0,0.3076,0.3076,0.3076,10000085,2015-06-24,2015-06-24,C,2.7,2015-03-19
17314,2015-04-08 10:05:00,2015-04-08,0.3076,0.0,0.0,160.0,0.3076,0.3076,0.3076,10000085,2015-06-24,2015-06-24,C,2.7,2015-03-19
17315,2015-04-08 10:06:00,2015-04-08,0.3076,0.0,0.0,160.0,0.3076,0.3076,0.3076,10000085,2015-06-24,2015-06-24,C,2.7,2015-03-19
17316,2015-04-08 10:07:00,2015-04-08,0.3076,0.0,0.0,160.0,0.3076,0.3076,0.3076,10000085,2015-06-24,2015-06-24,C,2.7,2015-03-19
17317,2015-04-08 10:08:00,2015-04-08,0.3076,0.0,0.0,160.0,0.3076,0.3076,0.3076,10000085,2015-06-24,2015-06-24,C,2.7,2015-03-19
17318,2015-04-08 10:09:00,2015-04-08,0.3076,0.0,0.0,160.0,0.3076,0.3076,0.3076,10000085,2015-06-24,2015-06-24,C,2.7,2015-03-19
17319,2015-04-08 10:10:00,2015-04-08,0.3076,0.0,0.0,160.0,0.3076,0.3076,0.3076,10000085,2015-06-24,2015-06-24,C,2.7,2015-03-19
17320,2015-04-08 10:11:00,2015-04-08,0.3076,0.0,0.0,160.0,0.3076,0.3076,0.3076,10000085,2015-06-24,2015-06-24,C,2.7,2015-03-19
17321,2015-04-08 10:12:00,2015-04-08,0.3076,0.0,0.0,160.0,0.3076,0.3076,0.3076,10000085,2015-06-24,2015-06-24,C,2.7,2015-03-19
17322,2015-04-08 10:13:00,2015-04-08,0.3076,0.0,0.0,160.0,0.3076,0.3076,0.3076,10000085,2015-06-24,2015-06-24,C,2.7,2015-03-19
17323,2015-04-08 10:14:00,2015-04-08,0.3076,0.0,0.0,160.0,0.3076,0.3076,0.3076,10000085,2015-06-24,2015-06-24,C,2.7,2015-03-19
17324,2015-04-08 10:15:00,2015-04-08,0.3076,0.0,0.0,160.0,0.3076,0.3076,0.3076,10000085,2015-06-24,2015-06-24,C,2.7,2015-03-19
17325,2015-04-08 10:16:00,2015-04-08,0.3076,0.0,0.0,160.0,0.3076,0.3076,0.3076,10000085,2015-06-24,2015-06-24,C,2.7,2015-03-19
17326,2015-04-08 10:17:00,2015-04-08,0.3076,0.0,0.0,160.0,0.3076,0.3076,0.3076,10000085,2015-06-24,2015-06-24,C,2.7,2015-03-19
17327,2015-04-08 10:18:00,2015-04-08,0.3076,0.0,0.0,160.0,0.3076,0.3076,0.3076,10000085,2015-06-24,2015-06-24,C,2.7,2015-03-19
17328,2015-04-08 10:19:00,2015-04-08,0.3076,0.0,0.0,160.0,0.3076,0.3076,0.3076,10000085,2015-06-24,2015-06-24,C,2.7,2015-03-19
17329,2015-04-08 10:20:00,2015-04-08,0.3076,0.0,0.0,160.0,0.3076,0.3076,0.3076,10000085,2015-06-24,2015-06-24,C,2.7,2015-03-19
17330,2015-04-08 10:21:00,2015-04-08,0.3076,0.0,0.0,160.0,0.3076,0.3076,0.3076,10000085,2015-06-24,2015-06-24,C,2.7,2015-03-19
17331,2015-04-08 10:22:00,2015-04-08,0.3076,0.0,0.0,160.0,0.3076,0.3076,0.3076,10000085,2015-06-24,2015-06-24,C,2.7,2015-03-19
17332,2015-04-08 10:23:00,2015-04-08,0.3076,0.0,0.0,160.0,0.3076,0.3076,0.3076,10000085,2015-06-24,2015-06-24,C,2.7,2015-03-19
17333,2015-04-08 10:24:00,2015-04-08,0.3076,0.0,0.0,160.0,0.3076,0.3076,0.3076,10000085,2015-06-24,2015-06-24,C,2.7,2015-03-19
17334,2015-04-08 10:25:00,2015-04-08,0.3076,0.0,0.0,160.0,0.3076,0.3076,0.3076,10000085,2015-06-24,2015-06-24,C,2.7,2015-03-19
17335,2015-04-08 10:26:00,2015-04-08,0.3076,0.0,0.0,160.0,0.3076,0.3076,0.3076,10000085,2015-06-24,2015-06-24,C,2.7,2015-03-19
17336,2015-04-08 10:27:00,2015-04-08,0.3076,0.0,0.0,160.0,0.3076,0.3076,0.3076,10000085,2015-06-24,2015-06-24,C,2.7,2015-03-19
17337,2015-04-08 10:28:00,2015-04-08,0.3076,0.0,0.0,160.0,0.3076,0.3076,0.3076,10000085,2015-06-24,2015-06-24,C,2.7,2015-03-19
17338,2015-04-08 10:29:00,2015-04-08,0.3076,0.0,0.0,160.0,0.3076,0.3076,0.3076,10000085,2015-06-24,2015-06-24,C,2.7,2015-03-19
17339,2015-04-08 10:30:00,2015-04-08,0.3076,0.0,0.0,160.0,0.3076,0.3076,0.3076,10000085,2015-06-24,2015-06-24,C,2.7,2015-03-19
17340,2015-04-08 10:31:00,2015-04-08,0.3076,0.0,0.0,160.0,0.3076,0.3076,0.3076,10000085,2015-06-24,2015-06-24,C,2.7,2015-03-19
17341,2015-04-08 10:32:00,2015-04-08,0.3076,0.0,0.0,160.0,0.3076,0.3076,0.3076,10000085,2015-06-24,2015-06-24,C,2.7,2015-03-19
17342,2015-04-08 10:33:00,2015-04-08,0.3076,0.0,0.0,160.0,0.3076,0.3076,0.3076,10000085,2015-06-24,2015-06-24,C,2.7,2015-03-19
17343,2015-04-08 10:34:00,2015-04-08,0.3076,0.0,0.0,160.0,0.3076,0.3076,0.3076,10000085,2015-06-24,2015-06-24,C,2.7,2015-03-19
17344,2015-04-08 10:35:00,2015-04-08,0.3076,0.0,0.0,160.0,0.3076,0.3076,0.3076,10000085,2015-06-24,2015-06-24,C,2.7,2015-03-19
17345,2015-04-08 10:36:00,2015-04-08,0.3076,0.0,0.0,160.0,0.3076,0.3076,0.3076,10000085,2015-06-24,2015-06-24,C,2.7,2015-03-19
17346,2015-04-08 10:37:00,2015-04-08,0.3076,0.0,0.0,160.0,0.3076,0.3076,0.3076,10000085,2015-06-24,2015-06-24,C,2.7,2015-03-19
17347,2015-04-08 10:38:00,2015-04-08,0.3076,0.0,0.0,160.0,0.3076,0.3076,0.3076,10000085,2015-06-24,2015-06-24,C,2.7,2015-03-19
17348,2015-04-08 10:39:00,2015-04-08,0.3076,0.0,0.0,160.0,0.3076,0.3076,0.3076,10000085,2015-06-24,2015-06-24,C,2.7,2015-03-19
17349,2015-04-08 10:40:00,2015-04-08,0.3076,0.0,0.0,160.0,0.3076,0.3076,0.3076,10000085,2015-06-24,2015-06-24,C,2.7,2015-03-19
17350,2015-04-08 10:41:00,2015-04-08,0.3076,0.0,0.0,160.0,0.3076,0.3076,0.3076,10000085,2015-06-24,2015-06-24,C,2.7,2015-03-19
17351,2015-04-08 10:42:00,2015-04-08,0.3076,0.0,0.0,160.0,0.3076,0.3076,0.3076,10000085,2015-06-24,2015-06-24,C,2.7,2015-03-19
17352,2015-04-08 10:43:00,2015-04-08,0.3076,0.0,0.0,160.0,0.3076,0.3076,0.3076,10000085,2015-06-24,2015-06-24,C,2.7,2015-03-19
17353,2015-04-08 10:44:00,2015-04-08,0.3076,0.0,0.0,160.0,0.3076,0.3076,0.3076,10000085,2015-06-24,2015-06-24,C,2.7,2015-03-19
17354,2015-04-08 10:45:00,2015-04-08,0.3076,0.0,0.0,160.0,0.3076,0.3076,0.3076,10000085,2015-06-24,2015-06-24,C,2.7,2015-03-19
17355,2015-04-08 10:46:00,2015-04-08,0.3076,0.0,0.0,160.0,0.3076,0.3076,0.3076,10000085,2015-06-24,2015-06-24,C,2.7,2015-03-19
17356,2015-04-08 10:47:00,2015-04-08,0.3076,0.0,0.0,160.0,0.3076,0.3076,0.3076,10000085,2015-06-24,2015-06-24,C,2.7,2015-03-19
17357,2015-04-08 10:48:00,2015-04-08,0.3076,0.0,0.0,160.0,0.3076,0.3076,0.3076,10000085,2015-06-24,2015-06-24,C,2.7,2015-03-19
17358,2015-04-08 10:49:00,2015-04-08,0.3076,0.0,0.0,160.0,0.3076,0.3076,0.3076,10000085,2015-06-24,2015-06-24,C,2.7,2015-03-19
17359,2015-04-08 10:50:00,2015-04-08,0.3076,0.0,0.0,160.0,0.3076,0.3076,0.3076,10000085,2015-06-24,2015-06-24,C,2.7,2015-03-19
17360,2015-04-08 10:51:00,2015-04-08,0.3076,0.0,0.0,160.0,0.3076,0.3076,0.3076,10000085,2015-06-24,2015-06-24,C,2.7,2015-03-19
17361,2015-04-08 10:52:00,2015-04-08,0.3076,0.0,0.0,160.0,0.3076,0.3076,0.3076,10000085,2015-06-24,2015-06-24,C,2.7,2015-03-19
17362,2015-04-08 10:53:00,2015-04-08,0.3076,0.0,0.0,160.0,0.3076,0.3076,0.3076,10000085,2015-06-24,2015-06-24,C,2.7,2015-03-19
17363,2015-04-08 10:54:00,2015-04-08,0.3076,0.0,0.0,160.0,0.3076,0.3076,0.3076,10000085,2015-06-24,2015-06-24,C,2.7,2015-03-19
17364,2015-04-08 10:55:00,2015-04-08,0.3076,0.0,0.0,160.0,0.3076,0.3076,0.3076,10000085,2015-06-24,2015-06-24,C,2.7,2015-03-19
17365,2015-04-08 10:56:00,2015-04-08,0.3076,0.0,0.0,160.0,0.3076,0.3076,0.3076,10000085,2015-06-24,2015-06-24,C,2.7,2015-03-19
17366,2015-04-08 10:57:00,2015-04-08,0.3076,0.0,0.0,160.0,0.3076,0.3076,0.3076,10000085,2015-06-24,2015-06-24,C,2.7,2015-03-19
17367,2015-04-08 10:58:00,2015-04-08,0.3076,0.0,0.0,160.0,0.3076,0.3076,0.3076,10000085,2015-06-24,2015-06-24,C,2.7,2015-03-19
17368,2015-04-08 10:59:00,2015-04-08,0.3076,0.0,0.0,160.0,0.3076,0.3076,0.3076,10000085,2015-06-24,2015-06-24,C,2.7,2015-03-19
17369,2015-04-08 11:00:00,2015-04-08,0.3076,0.0,0.0,160.0,0.3076,0.3076,0.3076,10000085,2015-06-24,2015-06-24,C,2.7,2015-03-19
17370,2015-04-08 11:01:00,2015-04-08,0.3076,0.0,0.0,160.0,0.3076,0.3076,0.3076,10000085,2015-06-24,2015-06-24,C,2.7,2015-03-19
17371,2015-04-08 11:02:00,2015-04-08,0.3076,0.0,0.0,160.0,0.3076,0.3076,0.3076,10000085,2015-06-24,2015-06-24,C,2.7,2015-03-19
17372,2015-04-08 11:03:00,2015-04-08,0.3076,0.0,0.0,160.0,0.3076,0.3076,0.3076,10000085,2015-06-24,2015-06-24,C,2.7,2015-03-19
17373,2015-04-08 11:04:00,2015-04-08,0.3076,0.0,0.0,160.0,0.3076,0.3076,0.3076,10000085,2015-06-24,2015-06-24,C,2.7,2015-03-19
17374,2015-04-08 11:05:00,2015-04-08,0.3076,0.0,0.0,160.0,0.3076,0.3076,0.3076,10000085,2015-06-24,2015-06-24,C,2.7,2015-03-19
17375,2015-04-08 11:06:00,2015-04-08,0.3076,0.0,0.0,160.0,0.3076,0.3076,0.3076,10000085,2015-06-24,2015-06-24,C,2.7,2015-03-19
17376,2015-04-08 11:07:00,2015-04-08,0.3076,0.0,0.0,160.0,0.3076,0.3076,0.3076,10000085,2015-06-24,2015-06-24,C,2.7,2015-03-19
17377,2015-04-08 11:08:00,2015-04-08,0.3076,0.0,0.0,160.0,0.3076,0.3076,0.3076,10000085,2015-06-24,2015-06-24,C,2.7,2015-03-19
17378,2015-04-08 11:09:00,2015-04-08,0.3076,0.0,0.0,160.0,0.3076,0.3076,0.3076,10000085,2015-06-24,2015-06-24,C,2.7,2015-03-19
17379,2015-04-08 11:10:00,2015-04-08,0.3076,0.0,0.0,160.0,0.3076,0.3076,0.3076,10000085,2015-06-24,2015-06-24,C,2.7,2015-03-19
17380,2015-04-08 11:11:00,2015-04-08,0.3076,0.0,0.0,160.0,0.3076,0.3076,0.3076,10000085,2015-06-24,2015-06-24,C,2.7,2015-03-19
17381,2015-04-08 11:12:00,2015-04-08,0.3076,0.0,0.0,160.0,0.3076,0.3076,0.3076,10000085,2015-06-24,2015-06-24,C,2.7,2015-03-19
17382,2015-04-08 11:13:00,2015-04-08,0.3076,0.0,0.0,160.0,0.3076,0.3076,0.3076,10000085,2015-06-24,2015-06-24,C,2.7,2015-03-19
17383,2015-04-08 11:14:00,2015-04-08,0.3076,0.0,0.0,160.0,0.3076,0.3076,0.3076,10000085,2015-06-24,2015-06-24,C,2.7,2015-03-19
17384,2015-04-08 11:15:00,2015-04-08,0.3076,0.0,0.0,160.0,0.3076,0.3076,0.3076,10000085,2015-06-24,2015-06-24,C,2.7,2015-03-19
17385,2015-04-08 11:16:00,2015-04-08,0.3076,0.0,0.0,160.0,0.3076,0.3076,0.3076,10000085,2015-06-24,2015-06-24,C,2.7,2015-03-19
17386,2015-04-08 11:17:00,2015-04-08,0.3076,0.0,0.0,160.0,0.3076,0.3076,0.3076,10000085,2015-06-24,2015-06-24,C,2.7,2015-03-19
17387,2015-04-08 11:18:00,2015-04-08,0.3076,0.0,0.0,160.0,0.3076,0.3076,0.3076,10000085,2015-06-24,2015-06-24,C,2.7,2015-03-19
17388,2015-04-08 11:19:00,2015-04-08,0.3076,0.0,0.0,160.0,0.3076,0.3076,0.3076,10000085,2015-06-24,2015-06-24,C,2.7,2015-03-19
17389,2015-04-08 11:20:00,2015-04-08,0.3076,0.0,0.0,160.0,0.3076,0.3076,0.3076,10000085,2015-06-24,2015-06-24,C,2.7,2015-03-19
17390,2015-04-08 11:21:00,2015-04-08,0.3076,0.0,0.0,160.0,0.3076,0.3076,0.3076,10000085,2015-06-24,2015-06-24,C,2.7,2015-03-19
17391,2015-04-08 11:22:00,2015-04-08,0.3076,0.0,0.0,160.0,0.3076,0.3076,0.3076,10000085,2015-06-24,2015-06-24,C,2.7,2015-03-19
17392,2015-04-08 11:23:00,2015-04-08,0.3076,0.0,0.0,160.0,0.3076,0.3076,0.3076,10000085,2015-06-24,2015-06-24,C,2.7,2015-03-19
17393,2015-04-08 11:24:00,2015-04-08,0.3076,0.0,0.0,160.0,0.3076,0.3076,0.3076,10000085,2015-06-24,2015-06-24,C,2.7,2015-03-19
17394,2015-04-08 11:25:00,2015-04-08,0.3076,0.0,0.0,160.0,0.3076,0.3076,0.3076,10000085,2015-06-24,2015-06-24,C,2.7,2015-03-19
17395,2015-04-08 11:26:00,2015-04-08,0.3076,0.0,0.0,160.0,0.3076,0.3076,0.3076,10000085,2015-06-24,2015-06-24,C,2.7,2015-03-19
17396,2015-04-08 11:27:00,2015-04-08,0.3076,0.0,0.0,160.0,0.3076,0.3076,0.3076,10000085,2015-06-24,2015-06-24,C,2.7,2015-03-19
17397,2015-04-08 11:28:00,2015-04-08,0.3076,0.0,0.0,160.0,0.3076,0.3076,0.3076,10000085,2015-06-24,2015-06-24,C,2.7,2015-03-19
17398,2015-04-08 11:29:00,2015-04-08,0.3076,0.0,0.0,160.0,0.3076,0.3076,0.3076,10000085,2015-06-24,2015-06-24,C,2.7,2015-03-19
17399,2015-04-08 11:30:00,2015-04-08,0.3076,0.0,0.0,160.0,0.3076,0.3076,0.3076,10000085,2015-06-24,2015-06-24,C,2.7,2015-03-19
17400,2015-04-08 13:01:00,2015-04-08,0.3076,0.0,0.0,160.0,0.3076,0.3076,0.3076,10000085,2015-06-24,2015-06-24,C,2.7,2015-03-19
17401,2015-04-08 13:02:00,2015-04-08,0.3076,0.0,0.0,160.0,0.3076,0.3076,0.3076,10000085,2015-06-24,2015-06-24,C,2.7,2015-03-19
17402,2015-04-08 13:03:00,2015-04-08,0.3076,0.0,0.0,160.0,0.3076,0.3076,0.3076,10000085,2015-06-24,2015-06-24,C,2.7,2015-03-19
17403,2015-04-08 13:04:00,2015-04-08,0.3076,0.0,0.0,160.0,0.3076,0.3076,0.3076,10000085,2015-06-24,2015-06-24,C,2.7,2015-03-19
17404,2015-04-08 13:05:00,2015-04-08,0.3076,0.0,0.0,160.0,0.3076,0.3076,0.3076,10000085,2015-06-24,2015-06-24,C,2.7,2015-03-19
17405,2015-04-08 13:06:00,2015-04-08,0.3076,0.0,0.0,160.0,0.3076,0.3076,0.3076,10000085,2015-06-24,2015-06-24,C,2.7,2015-03-19
17406,2015-04-08 13:07:00,2015-04-08,0.3076,0.0,0.0,160.0,0.3076,0.3076,0.3076,10000085,2015-06-24,2015-06-24,C,2.7,2015-03-19
17407,2015-04-08 13:08:00,2015-04-08,0.3076,0.0,0.0,160.0,0.3076,0.3076,0.3076,10000085,2015-06-24,2015-06-24,C,2.7,2015-03-19
17408,2015-04-08 13:09:00,2015-04-08,0.3076,0.0,0.0,160.0,0.3076,0.3076,0.3076,10000085,2015-06-24,2015-06-24,C,2.7,2015-03-19
17409,2015-04-08 13:10:00,2015-04-08,0.3076,0.0,0.0,160.0,0.3076,0.3076,0.3076,10000085,2015-06-24,2015-06-24,C,2.7,2015-03-19
17410,2015-04-08 13:11:00,2015-04-08,0.3076,0.0,0.0,160.0,0.3076,0.3076,0.3076,10000085,2015-06-24,2015-06-24,C,2.7,2015-03-19
17411,2015-04-08 13:12:00,2015-04-08,0.3076,0.0,0.0,160.0,0.3076,0.3076,0.3076,10000085,2015-06-24,2015-06-24,C,2.7,2015-03-19
17412,2015-04-08 13:13:00,2015-04-08,0.3076,0.0,0.0,160.0,0.3076,0.3076,0.3076,10000085,2015-06-24,2015-06-24,C,2.7,2015-03-19
17413,2015-04-08 13:14:00,2015-04-08,0.3076,0.0,0.0,160.0,0.3076,0.3076,0.3076,10000085,2015-06-24,2015-06-24,C,2.7,2015-03-19
17414,2015-04-08 13:15:00,2015-04-08,0.3076,0.0,0.0,160.0,0.3076,0.3076,0.3076,10000085,2015-06-24,2015-06-24,C,2.7,2015-03-19
17415,2015-04-08 13:16:00,2015-04-08,0.3076,0.0,0.0,160.0,0.3076,0.3076,0.3076,10000085,2015-06-24,2015-06-24,C,2.7,2015-03-19
17416,2015-04-08 13:17:00,2015-04-08,0.3076,0.0,0.0,160.0,0.3076,0.3076,0.3076,10000085,2015-06-24,2015-06-24,C,2.7,2015-03-19
17417,2015-04-08 13:18:00,2015-04-08,0.3076,0.0,0.0,160.0,0.3076,0.3076,0.3076,10000085,2015-06-24,2015-06-24,C,2.7,2015-03-19
17418,2015-04-08 13:19:00,2015-04-08,0.3076,0.0,0.0,160.0,0.3076,0.3076,0.3076,10000085,2015-06-24,2015-06-24,C,2.7,2015-03-19
17419,2015-04-08 13:20:00,2015-04-08,0.3076,0.0,0.0,160.0,0.3076,0.3076,0.3076,10000085,2015-06-24,2015-06-24,C,2.7,2015-03-19
17420,2015-04-08 13:21:00,2015-04-08,0.3076,0.0,0.0,160.0,0.3076,0.3076,0.3076,10000085,2015-06-24,2015-06-24,C,2.7,2015-03-19
17421,2015-04-08 13:22:00,2015-04-08,0.3076,0.0,0.0,160.0,0.3076,0.3076,0.3076,10000085,2015-06-24,2015-06-24,C,2.7,2015-03-19
17422,2015-04-08 13:23:00,2015-04-08,0.3076,0.0,0.0,160.0,0.3076,0.3076,0.3076,10000085,2015-06-24,2015-06-24,C,2.7,2015-03-19
17423,2015-04-08 13:24:00,2015-04-08,0.3076,0.0,0.0,160.0,0.3076,0.3076,0.3076,10000085,2015-06-24,2015-06-24,C,2.7,2015-03-19
17424,2015-04-08 13:25:00,2015-04-08,0.3076,0.0,0.0,160.0,0.3076,0.3076,0.3076,10000085,2015-06-24,2015-06-24,C,2.7,2015-03-19
17425,2015-04-08 13:26:00,2015-04-08,0.3076,0.0,0.0,160.0,0.3076,0.3076,0.3076,10000085,2015-06-24,2015-06-24,C,2.7,2015-03-19
17426,2015-04-08 13:27:00,2015-04-08,0.3076,0.0,0.0,160.0,0.3076,0.3076,0.3076,10000085,2015-06-24,2015-06-24,C,2.7,2015-03-19
17427,2015-04-08 13:28:00,2015-04-08,0.3076,0.0,0.0,160.0,0.3076,0.3076,0.3076,10000085,2015-06-24,2015-06-24,C,2.7,2015-03-19
17428,2015-04-08 13:29:00,2015-04-08,0.3076,0.0,0.0,160.0,0.3076,0.3076,0.3076,10000085,2015-06-24,2015-06-24,C,2.7,2015-03-19
17429,2015-04-08 13:30:00,2015-04-08,0.3076,0.0,0.0,160.0,0.3076,0.3076,0.3076,10000085,2015-06-24,2015-06-24,C,2.7,2015-03-19
17430,2015-04-08 13:31:00,2015-04-08,0.3076,0.0,0.0,160.0,0.3076,0.3076,0.3076,10000085,2015-06-24,2015-06-24,C,2.7,2015-03-19
17431,2015-04-08 13:32:00,2015-04-08,0.3076,0.0,0.0,160.0,0.3076,0.3076,0.3076,10000085,2015-06-24,2015-06-24,C,2.7,2015-03-19
17432,2015-04-08 13:33:00,2015-04-08,0.3076,0.0,0.0,160.0,0.3076,0.3076,0.3076,10000085,2015-06-24,2015-06-24,C,2.7,2015-03-19
17433,2015-04-08 13:34:00,2015-04-08,0.3076,0.0,0.0,160.0,0.3076,0.3076,0.3076,10000085,2015-06-24,2015-06-24,C,2.7,2015-03-19
17434,2015-04-08 13:35:00,2015-04-08,0.3076,0.0,0.0,160.0,0.3076,0.3076,0.3076,10000085,2015-06-24,2015-06-24,C,2.7,2015-03-19
17435,2015-04-08 13:36:00,2015-04-08,0.3076,0.0,0.0,160.0,0.3076,0.3076,0.3076,10000085,2015-06-24,2015-06-24,C,2.7,2015-03-19
17436,2015-04-08 13:37:00,2015-04-08,0.3076,0.0,0.0,160.0,0.3076,0.3076,0.3076,10000085,2015-06-24,2015-06-24,C,2.7,2015-03-19
17437,2015-04-08 13:38:00,2015-04-08,0.3076,0.0,0.0,160.0,0.3076,0.3076,0.3076,10000085,2015-06-24,2015-06-24,C,2.7,2015-03-19
17438,2015-04-08 13:39:00,2015-04-08,0.3076,0.0,0.0,160.0,0.3076,0.3076,0.3076,10000085,2015-06-24,2015-06-24,C,2.7,2015-03-19
17439,2015-04-08 13:40:00,2015-04-08,0.3076,0.0,0.0,160.0,0.3076,0.3076,0.3076,10000085,2015-06-24,2015-06-24,C,2.7,2015-03-19
17440,2015-04-08 13:41:00,2015-04-08,0.3076,0.0,0.0,160.0,0.3076,0.3076,0.3076,10000085,2015-06-24,2015-06-24,C,2.7,2015-03-19
17441,2015-04-08 13:42:00,2015-04-08,0.3076,0.0,0.0,160.0,0.3076,0.3076,0.3076,10000085,2015-06-24,2015-06-24,C,2.7,2015-03-19
17442,2015-04-08 13:43:00,2015-04-08,0.3076,0.0,0.0,160.0,0.3076,0.3076,0.3076,10000085,2015-06-24,2015-06-24,C,2.7,2015-03-19
17443,2015-04-08 13:44:00,2015-04-08,0.3076,0.0,0.0,160.0,0.3076,0.3076,0.3076,10000085,2015-06-24,2015-06-24,C,2.7,2015-03-19
17444,2015-04-08 13:45:00,2015-04-08,0.3076,0.0,0.0,160.0,0.3076,0.3076,0.3076,10000085,2015-06-24,2015-06-24,C,2.7,2015-03-19
17445,2015-04-08 13:46:00,2015-04-08,0.3076,0.0,0.0,160.0,0.3076,0.3076,0.3076,10000085,2015-06-24,2015-06-24,C,2.7,2015-03-19
17446,2015-04-08 13:47:00,2015-04-08,0.3076,0.0,0.0,160.0,0.3076,0.3076,0.3076,10000085,2015-06-24,2015-06-24,C,2.7,2015-03-19
17447,2015-04-08 13:48:00,2015-04-08,0.3076,0.0,0.0,160.0,0.3076,0.3076,0.3076,10000085,2015-06-24,2015-06-24,C,2.7,2015-03-19
17448,2015-04-08 13:49:00,2015-04-08,0.3076,0.0,0.0,160.0,0.3076,0.3076,0.3076,10000085,2015-06-24,2015-06-24,C,2.7,2015-03-19
17449,2015-04-08 13:50:00,2015-04-08,0.3076,0.0,0.0,160.0,0.3076,0.3076,0.3076,10000085,2015-06-24,2015-06-24,C,2.7,2015-03-19
17450,2015-04-08 13:51:00,2015-04-08,0.3076,0.0,0.0,160.0,0.3076,0.3076,0.3076,10000085,2015-06-24,2015-06-24,C,2.7,2015-03-19
17451,2015-04-08 13:52:00,2015-04-08,0.3076,0.0,0.0,160.0,0.3076,0.3076,0.3076,10000085,2015-06-24,2015-06-24,C,2.7,2015-03-19
17452,2015-04-08 13:53:00,2015-04-08,0.3076,0.0,0.0,160.0,0.3076,0.3076,0.3076,10000085,2015-06-24,2015-06-24,C,2.7,2015-03-19
17453,2015-04-08 13:54:00,2015-04-08,0.3076,0.0,0.0,160.0,0.3076,0.3076,0.3076,10000085,2015-06-24,2015-06-24,C,2.7,2015-03-19
17454,2015-04-08 13:55:00,2015-04-08,0.3076,0.0,0.0,160.0,0.3076,0.3076,0.3076,10000085,2015-06-24,2015-06-24,C,2.7,2015-03-19
17455,2015-04-08 13:56:00,2015-04-08,0.3076,0.0,0.0,160.0,0.3076,0.3076,0.3076,10000085,2015-06-24,2015-06-24,C,2.7,2015-03-19
17456,2015-04-08 13:57:00,2015-04-08,0.3076,0.0,0.0,160.0,0.3076,0.3076,0.3076,10000085,2015-06-24,2015-06-24,C,2.7,2015-03-19
17457,2015-04-08 13:58:00,2015-04-08,0.3076,0.0,0.0,160.0,0.3076,0.3076,0.3076,10000085,2015-06-24,2015-06-24,C,2.7,2015-03-19
17458,2015-04-08 13:59:00,2015-04-08,0.3076,0.0,0.0,160.0,0.3076,0.3076,0.3076,10000085,2015-06-24,2015-06-24,C,2.7,2015-03-19
17459,2015-04-08 14:00:00,2015-04-08,0.3076,0.0,0.0,160.0,0.3076,0.3076,0.3076,10000085,2015-06-24,2015-06-24,C,2.7,2015-03-19
17460,2015-04-08 14:01:00,2015-04-08,0.3076,0.0,0.0,160.0,0.3076,0.3076,0.3076,10000085,2015-06-24,2015-06-24,C,2.7,2015-03-19
17461,2015-04-08 14:02:00,2015-04-08,0.3076,0.0,0.0,160.0,0.3076,0.3076,0.3076,10000085,2015-06-24,2015-06-24,C,2.7,2015-03-19
17462,2015-04-08 14:03:00,2015-04-08,0.3076,0.0,0.0,160.0,0.3076,0.3076,0.3076,10000085,2015-06-24,2015-06-24,C,2.7,2015-03-19
17463,2015-04-08 14:04:00,2015-04-08,0.3076,0.0,0.0,160.0,0.3076,0.3076,0.3076,10000085,2015-06-24,2015-06-24,C,2.7,2015-03-19
17464,2015-04-08 14:05:00,2015-04-08,0.3076,0.0,0.0,160.0,0.3076,0.3076,0.3076,10000085,2015-06-24,2015-06-24,C,2.7,2015-03-19
17465,2015-04-08 14:06:00,2015-04-08,0.3076,0.0,0.0,160.0,0.3076,0.3076,0.3076,10000085,2015-06-24,2015-06-24,C,2.7,2015-03-19
17466,2015-04-08 14:07:00,2015-04-08,0.3076,0.0,0.0,160.0,0.3076,0.3076,0.3076,10000085,2015-06-24,2015-06-24,C,2.7,2015-03-19
17467,2015-04-08 14:08:00,2015-04-08,0.3076,0.0,0.0,160.0,0.3076,0.3076,0.3076,10000085,2015-06-24,2015-06-24,C,2.7,2015-03-19
17468,2015-04-08 14:09:00,2015-04-08,0.3076,0.0,0.0,160.0,0.3076,0.3076,0.3076,10000085,2015-06-24,2015-06-24,C,2.7,2015-03-19
17469,2015-04-08 14:10:00,2015-04-08,0.3076,0.0,0.0,160.0,0.3076,0.3076,0.3076,10000085,2015-06-24,2015-06-24,C,2.7,2015-03-19
17470,2015-04-08 14:11:00,2015-04-08,0.3076,0.0,0.0,160.0,0.3076,0.3076,0.3076,10000085,2015-06-24,2015-06-24,C,2.7,2015-03-19
17471,2015-04-08 14:12:00,2015-04-08,0.3076,0.0,0.0,160.0,0.3076,0.3076,0.3076,10000085,2015-06-24,2015-06-24,C,2.7,2015-03-19
17472,2015-04-08 14:13:00,2015-04-08,0.3076,0.0,0.0,160.0,0.3076,0.3076,0.3076,10000085,2015-06-24,2015-06-24,C,2.7,2015-03-19
17473,2015-04-08 14:14:00,2015-04-08,0.3076,0.0,0.0,160.0,0.3076,0.3076,0.3076,10000085,2015-06-24,2015-06-24,C,2.7,2015-03-19
17474,2015-04-08 14:15:00,2015-04-08,0.3076,0.0,0.0,160.0,0.3076,0.3076,0.3076,10000085,2015-06-24,2015-06-24,C,2.7,2015-03-19
17475,2015-04-08 14:16:00,2015-04-08,0.3076,0.0,0.0,160.0,0.3076,0.3076,0.3076,10000085,2015-06-24,2015-06-24,C,2.7,2015-03-19
17476,2015-04-08 14:17:00,2015-04-08,0.3076,0.0,0.0,160.0,0.3076,0.3076,0.3076,10000085,2015-06-24,2015-06-24,C,2.7,2015-03-19
17477,2015-04-08 14:18:00,2015-04-08,0.3076,0.0,0.0,160.0,0.3076,0.3076,0.3076,10000085,2015-06-24,2015-06-24,C,2.7,2015-03-19
17478,2015-04-08 14:19:00,2015-04-08,0.3076,0.0,0.0,160.0,0.3076,0.3076,0.3076,10000085,2015-06-24,2015-06-24,C,2.7,2015-03-19
17479,2015-04-08 14:20:00,2015-04-08,0.3076,0.0,0.0,160.0,0.3076,0.3076,0.3076,10000085,2015-06-24,2015-06-24,C,2.7,2015-03-19
17480,2015-04-08 14:21:00,2015-04-08,0.3076,0.0,0.0,160.0,0.3076,0.3076,0.3076,10000085,2015-06-24,2015-06-24,C,2.7,2015-03-19
17481,2015-04-08 14:22:00,2015-04-08,0.3076,0.0,0.0,160.0,0.3076,0.3076,0.3076,10000085,2015-06-24,2015-06-24,C,2.7,2015-03-19
17482,2015-04-08 14:23:00,2015-04-08,0.3076,0.0,0.0,160.0,0.3076,0.3076,0.3076,10000085,2015-06-24,2015-06-24,C,2.7,2015-03-19
17483,2015-04-08 14:24:00,2015-04-08,0.3076,0.0,0.0,160.0,0.3076,0.3076,0.3076,10000085,2015-06-24,2015-06-24,C,2.7,2015-03-19
17484,2015-04-08 14:25:00,2015-04-08,0.3076,0.0,0.0,160.0,0.3076,0.3076,0.3076,10000085,2015-06-24,2015-06-24,C,2.7,2015-03-19
17485,2015-04-08 14:26:00,2015-04-08,0.3076,0.0,0.0,160.0,0.3076,0.3076,0.3076,10000085,2015-06-24,2015-06-24,C,2.7,2015-03-19
17486,2015-04-08 14:27:00,2015-04-08,0.3076,0.0,0.0,160.0,0.3076,0.3076,0.3076,10000085,2015-06-24,2015-06-24,C,2.7,2015-03-19
17487,2015-04-08 14:28:00,2015-04-08,0.3076,0.0,0.0,160.0,0.3076,0.3076,0.3076,10000085,2015-06-24,2015-06-24,C,2.7,2015-03-19
17488,2015-04-08 14:29:00,2015-04-08,0.3076,0.0,0.0,160.0,0.3076,0.3076,0.3076,10000085,2015-06-24,2015-06-24,C,2.7,2015-03-19
17489,2015-04-08 14:30:00,2015-04-08,0.3076,0.0,0.0,160.0,0.3076,0.3076,0.3076,10000085,2015-06-24,2015-06-24,C,2.7,2015-03-19
17490,2015-04-08 14:31:00,2015-04-08,0.3076,0.0,0.0,160.0,0.3076,0.3076,0.3076,10000085,2015-06-24,2015-06-24,C,2.7,2015-03-19
17491,2015-04-08 14:32:00,2015-04-08,0.3076,0.0,0.0,160.0,0.3076,0.3076,0.3076,10000085,2015-06-24,2015-06-24,C,2.7,2015-03-19
17492,2015-04-08 14:33:00,2015-04-08,0.3076,0.0,0.0,160.0,0.3076,0.3076,0.3076,10000085,2015-06-24,2015-06-24,C,2.7,2015-03-19
17493,2015-04-08 14:34:00,2015-04-08,0.3076,0.0,0.0,160.0,0.3076,0.3076,0.3076,10000085,2015-06-24,2015-06-24,C,2.7,2015-03-19
17494,2015-04-08 14:35:00,2015-04-08,0.3076,0.0,0.0,160.0,0.3076,0.3076,0.3076,10000085,2015-06-24,2015-06-24,C,2.7,2015-03-19
17495,2015-04-08 14:36:00,2015-04-08,0.3076,0.0,0.0,160.0,0.3076,0.3076,0.3076,10000085,2015-06-24,2015-06-24,C,2.7,2015-03-19
17496,2015-04-08 14:37:00,2015-04-08,0.3076,0.0,0.0,160.0,0.3076,0.3076,0.3076,10000085,2015-06-24,2015-06-24,C,2.7,2015-03-19
17497,2015-04-08 14:38:00,2015-04-08,0.3076,0.0,0.0,160.0,0.3076,0.3076,0.3076,10000085,2015-06-24,2015-06-24,C,2.7,2015-03-19
17498,2015-04-08 14:39:00,2015-04-08,0.3076,0.0,0.0,160.0,0.3076,0.3076,0.3076,10000085,2015-06-24,2015-06-24,C,2.7,2015-03-19
17499,2015-04-08 14:40:00,2015-04-08,0.3076,0.0,0.0,160.0,0.3076,0.3076,0.3076,10000085,2015-06-24,2015-06-24,C,2.7,2015-03-19
17500,2015-04-08 14:41:00,2015-04-08,0.3076,0.0,0.0,160.0,0.3076,0.3076,0.3076,10000085,2015-06-24,2015-06-24,C,2.7,2015-03-19
17501,2015-04-08 14:42:00,2015-04-08,0.3076,0.0,0.0,160.0,0.3076,0.3076,0.3076,10000085,2015-06-24,2015-06-24,C,2.7,2015-03-19
17502,2015-04-08 14:43:00,2015-04-08,0.3076,0.0,0.0,160.0,0.3076,0.3076,0.3076,10000085,2015-06-24,2015-06-24,C,2.7,2015-03-19
17503,2015-04-08 14:44:00,2015-04-08,0.3076,0.0,0.0,160.0,0.3076,0.3076,0.3076,10000085,2015-06-24,2015-06-24,C,2.7,2015-03-19
17504,2015-04-08 14:45:00,2015-04-08,0.3076,0.0,0.0,160.0,0.3076,0.3076,0.3076,10000085,2015-06-24,2015-06-24,C,2.7,2015-03-19
17505,2015-04-08 14:46:00,2015-04-08,0.3076,0.0,0.0,160.0,0.3076,0.3076,0.3076,10000085,2015-06-24,2015-06-24,C,2.7,2015-03-19
17506,2015-04-08 14:47:00,2015-04-08,0.3076,0.0,0.0,160.0,0.3076,0.3076,0.3076,10000085,2015-06-24,2015-06-24,C,2.7,2015-03-19
17507,2015-04-08 14:48:00,2015-04-08,0.3076,0.0,0.0,160.0,0.3076,0.3076,0.3076,10000085,2015-06-24,2015-06-24,C,2.7,2015-03-19
17508,2015-04-08 14:49:00,2015-04-08,0.3076,0.0,0.0,160.0,0.3076,0.3076,0.3076,10000085,2015-06-24,2015-06-24,C,2.7,2015-03-19
17509,2015-04-08 14:50:00,2015-04-08,0.3076,0.0,0.0,160.0,0.3076,0.3076,0.3076,10000085,2015-06-24,2015-06-24,C,2.7,2015-03-19
17510,2015-04-08 14:51:00,2015-04-08,0.3076,0.0,0.0,160.0,0.3076,0.3076,0.3076,10000085,2015-06-24,2015-06-24,C,2.7,2015-03-19
17511,2015-04-08 14:52:00,2015-04-08,0.3076,0.0,0.0,160.0,0.3076,0.3076,0.3076,10000085,2015-06-24,2015-06-24,C,2.7,2015-03-19
17512,2015-04-08 14:53:00,2015-04-08,0.3076,0.0,0.0,160.0,0.3076,0.3076,0.3076,10000085,2015-06-24,2015-06-24,C,2.7,2015-03-19
17513,2015-04-08 14:54:00,2015-04-08,0.3076,0.0,0.0,160.0,0.3076,0.3076,0.3076,10000085,2015-06-24,2015-06-24,C,2.7,2015-03-19
17514,2015-04-08 14:55:00,2015-04-08,0.3076,0.0,0.0,160.0,0.3076,0.3076,0.3076,10000085,2015-06-24,2015-06-24,C,2.7,2015-03-19
17515,2015-04-08 14:56:00,2015-04-08,0.3076,0.0,0.0,160.0,0.3076,0.3076,0.3076,10000085,2015-06-24,2015-06-24,C,2.7,2015-03-19
17516,2015-04-08 14:57:00,2015-04-08,0.3076,0.0,0.0,160.0,0.3076,0.3076,0.3076,10000085,2015-06-24,2015-06-24,C,2.7,2015-03-19
17517,2015-04-08 14:58:00,2015-04-08,0.3076,0.0,0.0,160.0,0.3076,0.3076,0.3076,10000085,2015-06-24,2015-06-24,C,2.7,2015-03-19
17518,2015-04-08 14:59:00,2015-04-08,0.3076,0.0,0.0,160.0,0.3076,0.3076,0.3076,10000085,2015-06-24,2015-06-24,C,2.7,2015-03-19
17519,2015-04-08 15:00:00,2015-04-08,0.3076,0.0,0.0,160.0,0.3076,0.3076,0.3076,10000085,2015-06-24,2015-06-24,C,2.7,2015-03-19
17520,2015-04-08 09:31:00,2015-04-08,0.1777,59626.0,35.0,2003.0,0.1701,0.1777,0.1702,10000083,2015-04-22,2015-04-22,C,2.7,2015-03-19
17521,2015-04-08 09:32:00,2015-04-08,0.1777,0.0,0.0,2003.0,0.1777,0.1777,0.1777,10000083,2015-04-22,2015-04-22,C,2.7,2015-03-19
17522,2015-04-08 09:33:00,2015-04-08,0.1777,0.0,0.0,2003.0,0.1777,0.1777,0.1777,10000083,2015-04-22,2015-04-22,C,2.7,2015-03-19
17523,2015-04-08 09:34:00,2015-04-08,0.1702,5106.0,3.0,2003.0,0.1702,0.1702,0.1702,10000083,2015-04-22,2015-04-22,C,2.7,2015-03-19
17524,2015-04-08 09:35:00,2015-04-08,0.1702,5106.0,3.0,2000.0,0.1702,0.1702,0.1702,10000083,2015-04-22,2015-04-22,C,2.7,2015-03-19
17525,2015-04-08 09:36:00,2015-04-08,0.1702,76537.0,45.0,1977.0,0.1702,0.17,0.1697,10000083,2015-04-22,2015-04-22,C,2.7,2015-03-19
17526,2015-04-08 09:37:00,2015-04-08,0.16899999999999998,143100.0,85.0,1897.0,0.16899999999999998,0.168,0.16699999999999998,10000083,2015-04-22,2015-04-22,C,2.7,2015-03-19
17527,2015-04-08 09:38:00,2015-04-08,0.1674,91890.0,55.0,1862.0,0.16699999999999998,0.16699999999999998,0.16699999999999998,10000083,2015-04-22,2015-04-22,C,2.7,2015-03-19
17528,2015-04-08 09:39:00,2015-04-08,0.1676,13303.0,8.0,1867.0,0.1676,0.1641,0.1641,10000083,2015-04-22,2015-04-22,C,2.7,2015-03-19
17529,2015-04-08 09:40:00,2015-04-08,0.1688,1688.0,1.0,1867.0,0.1688,0.1688,0.1688,10000083,2015-04-22,2015-04-22,C,2.7,2015-03-19
17530,2015-04-08 09:41:00,2015-04-08,0.1707,27070.0,16.0,1864.0,0.17,0.1707,0.1678,10000083,2015-04-22,2015-04-22,C,2.7,2015-03-19
17531,2015-04-08 09:42:00,2015-04-08,0.1707,0.0,0.0,1864.0,0.1707,0.1707,0.1707,10000083,2015-04-22,2015-04-22,C,2.7,2015-03-19
17532,2015-04-08 09:43:00,2015-04-08,0.1728,8640.0,5.0,1864.0,0.1728,0.1728,0.1728,10000083,2015-04-22,2015-04-22,C,2.7,2015-03-19
17533,2015-04-08 09:44:00,2015-04-08,0.1728,0.0,0.0,1864.0,0.1728,0.1728,0.1728,10000083,2015-04-22,2015-04-22,C,2.7,2015-03-19
17534,2015-04-08 09:45:00,2015-04-08,0.1728,0.0,0.0,1864.0,0.1728,0.1728,0.1728,10000083,2015-04-22,2015-04-22,C,2.7,2015-03-19
17535,2015-04-08 09:46:00,2015-04-08,0.1751,1751.0,1.0,1863.0,0.1751,0.1751,0.1751,10000083,2015-04-22,2015-04-22,C,2.7,2015-03-19
17536,2015-04-08 09:47:00,2015-04-08,0.1752,21024.0,12.0,1864.0,0.1752,0.1752,0.1752,10000083,2015-04-22,2015-04-22,C,2.7,2015-03-19
17537,2015-04-08 09:48:00,2015-04-08,0.1758,7032.0,4.0,1864.0,0.1758,0.1758,0.1758,10000083,2015-04-22,2015-04-22,C,2.7,2015-03-19
17538,2015-04-08 09:49:00,2015-04-08,0.1759,1759.0,1.0,1864.0,0.1759,0.1759,0.1759,10000083,2015-04-22,2015-04-22,C,2.7,2015-03-19
17539,2015-04-08 09:50:00,2015-04-08,0.1759,3518.0,2.0,1866.0,0.1759,0.1759,0.1759,10000083,2015-04-22,2015-04-22,C,2.7,2015-03-19
17540,2015-04-08 09:51:00,2015-04-08,0.1759,5277.0,3.0,1865.0,0.1759,0.1759,0.1759,10000083,2015-04-22,2015-04-22,C,2.7,2015-03-19
17541,2015-04-08 09:52:00,2015-04-08,0.1759,3514.0,2.0,1863.0,0.1755,0.1759,0.1755,10000083,2015-04-22,2015-04-22,C,2.7,2015-03-19
17542,2015-04-08 09:53:00,2015-04-08,0.1759,0.0,0.0,1863.0,0.1759,0.1759,0.1759,10000083,2015-04-22,2015-04-22,C,2.7,2015-03-19
17543,2015-04-08 09:54:00,2015-04-08,0.1759,0.0,0.0,1863.0,0.1759,0.1759,0.1759,10000083,2015-04-22,2015-04-22,C,2.7,2015-03-19
17544,2015-04-08 09:55:00,2015-04-08,0.1805,55872.0,31.0,1859.0,0.1797,0.1805,0.1797,10000083,2015-04-22,2015-04-22,C,2.7,2015-03-19
17545,2015-04-08 09:56:00,2015-04-08,0.183,87104.0,48.0,1894.0,0.1815,0.183,0.1813,10000083,2015-04-22,2015-04-22,C,2.7,2015-03-19
17546,2015-04-08 09:57:00,2015-04-08,0.1858,7386.0,4.0,1896.0,0.183,0.1856,0.183,10000083,2015-04-22,2015-04-22,C,2.7,2015-03-19
17547,2015-04-08 09:58:00,2015-04-08,0.1856,0.0,0.0,1896.0,0.1856,0.1856,0.1856,10000083,2015-04-22,2015-04-22,C,2.7,2015-03-19
17548,2015-04-08 09:59:00,2015-04-08,0.192,9600.0,5.0,1896.0,0.192,0.192,0.192,10000083,2015-04-22,2015-04-22,C,2.7,2015-03-19
17549,2015-04-08 10:00:00,2015-04-08,0.192,3821.0,2.0,1895.0,0.1901,0.192,0.1901,10000083,2015-04-22,2015-04-22,C,2.7,2015-03-19
17550,2015-04-08 10:01:00,2015-04-08,0.192,0.0,0.0,1895.0,0.192,0.192,0.192,10000083,2015-04-22,2015-04-22,C,2.7,2015-03-19
17551,2015-04-08 10:02:00,2015-04-08,0.1928,21147.0,11.0,1885.0,0.1867,0.1928,0.1867,10000083,2015-04-22,2015-04-22,C,2.7,2015-03-19
17552,2015-04-08 10:03:00,2015-04-08,0.1928,0.0,0.0,1885.0,0.1928,0.1928,0.1928,10000083,2015-04-22,2015-04-22,C,2.7,2015-03-19
17553,2015-04-08 10:04:00,2015-04-08,0.188,1880.0,1.0,1884.0,0.188,0.188,0.188,10000083,2015-04-22,2015-04-22,C,2.7,2015-03-19
17554,2015-04-08 10:05:00,2015-04-08,0.1879,3745.0,2.0,1886.0,0.1866,0.1879,0.1866,10000083,2015-04-22,2015-04-22,C,2.7,2015-03-19
17555,2015-04-08 10:06:00,2015-04-08,0.1861,27610.0,15.0,1881.0,0.1861,0.18,0.18,10000083,2015-04-22,2015-04-22,C,2.7,2015-03-19
17556,2015-04-08 10:07:00,2015-04-08,0.18,0.0,0.0,1881.0,0.18,0.18,0.18,10000083,2015-04-22,2015-04-22,C,2.7,2015-03-19
17557,2015-04-08 10:08:00,2015-04-08,0.184,9200.0,5.0,1881.0,0.184,0.184,0.184,10000083,2015-04-22,2015-04-22,C,2.7,2015-03-19
17558,2015-04-08 10:09:00,2015-04-08,0.1811,9055.0,5.0,1881.0,0.1811,0.1811,0.1811,10000083,2015-04-22,2015-04-22,C,2.7,2015-03-19
17559,2015-04-08 10:10:00,2015-04-08,0.1815,18150.0,10.0,1881.0,0.1815,0.1815,0.1815,10000083,2015-04-22,2015-04-22,C,2.7,2015-03-19
17560,2015-04-08 10:11:00,2015-04-08,0.1811,27055.0,15.0,1871.0,0.1811,0.18,0.18,10000083,2015-04-22,2015-04-22,C,2.7,2015-03-19
17561,2015-04-08 10:12:00,2015-04-08,0.18,9000.0,5.0,1870.0,0.18,0.18,0.18,10000083,2015-04-22,2015-04-22,C,2.7,2015-03-19
17562,2015-04-08 10:13:00,2015-04-08,0.17600000000000002,52800.0,30.0,1840.0,0.17600000000000002,0.17600000000000002,0.17600000000000002,10000083,2015-04-22,2015-04-22,C,2.7,2015-03-19
17563,2015-04-08 10:14:00,2015-04-08,0.174,57314.0,33.0,1817.0,0.1734,0.174,0.1731,10000083,2015-04-22,2015-04-22,C,2.7,2015-03-19
17564,2015-04-08 10:15:00,2015-04-08,0.1704,17020.0,10.0,1808.0,0.1704,0.17,0.17,10000083,2015-04-22,2015-04-22,C,2.7,2015-03-19
17565,2015-04-08 10:16:00,2015-04-08,0.17,0.0,0.0,1808.0,0.17,0.17,0.17,10000083,2015-04-22,2015-04-22,C,2.7,2015-03-19
17566,2015-04-08 10:17:00,2015-04-08,0.17,0.0,0.0,1808.0,0.17,0.17,0.17,10000083,2015-04-22,2015-04-22,C,2.7,2015-03-19
17567,2015-04-08 10:18:00,2015-04-08,0.17,0.0,0.0,1808.0,0.17,0.17,0.17,10000083,2015-04-22,2015-04-22,C,2.7,2015-03-19
17568,2015-04-08 10:19:00,2015-04-08,0.1736,1736.0,1.0,1807.0,0.1736,0.1736,0.1736,10000083,2015-04-22,2015-04-22,C,2.7,2015-03-19
17569,2015-04-08 10:20:00,2015-04-08,0.1769,17690.0,10.0,1807.0,0.1769,0.1769,0.1769,10000083,2015-04-22,2015-04-22,C,2.7,2015-03-19
17570,2015-04-08 10:21:00,2015-04-08,0.1769,0.0,0.0,1807.0,0.1769,0.1769,0.1769,10000083,2015-04-22,2015-04-22,C,2.7,2015-03-19
17571,2015-04-08 10:22:00,2015-04-08,0.1769,0.0,0.0,1807.0,0.1769,0.1769,0.1769,10000083,2015-04-22,2015-04-22,C,2.7,2015-03-19
17572,2015-04-08 10:23:00,2015-04-08,0.17600000000000002,3520.0,2.0,1807.0,0.17600000000000002,0.17600000000000002,0.17600000000000002,10000083,2015-04-22,2015-04-22,C,2.7,2015-03-19
17573,2015-04-08 10:24:00,2015-04-08,0.1784,26555.0,15.0,1812.0,0.1784,0.1743,0.1743,10000083,2015-04-22,2015-04-22,C,2.7,2015-03-19
17574,2015-04-08 10:25:00,2015-04-08,0.1736,8678.0,5.0,1807.0,0.1736,0.1735,0.1735,10000083,2015-04-22,2015-04-22,C,2.7,2015-03-19
17575,2015-04-08 10:26:00,2015-04-08,0.1735,0.0,0.0,1807.0,0.1735,0.1735,0.1735,10000083,2015-04-22,2015-04-22,C,2.7,2015-03-19
17576,2015-04-08 10:27:00,2015-04-08,0.1735,0.0,0.0,1807.0,0.1735,0.1735,0.1735,10000083,2015-04-22,2015-04-22,C,2.7,2015-03-19
17577,2015-04-08 10:28:00,2015-04-08,0.1735,0.0,0.0,1807.0,0.1735,0.1735,0.1735,10000083,2015-04-22,2015-04-22,C,2.7,2015-03-19
17578,2015-04-08 10:29:00,2015-04-08,0.1735,0.0,0.0,1807.0,0.1735,0.1735,0.1735,10000083,2015-04-22,2015-04-22,C,2.7,2015-03-19
17579,2015-04-08 10:30:00,2015-04-08,0.177,3540.0,2.0,1806.0,0.177,0.177,0.177,10000083,2015-04-22,2015-04-22,C,2.7,2015-03-19
17580,2015-04-08 10:31:00,2015-04-08,0.177,0.0,0.0,1806.0,0.177,0.177,0.177,10000083,2015-04-22,2015-04-22,C,2.7,2015-03-19
17581,2015-04-08 10:32:00,2015-04-08,0.177,0.0,0.0,1806.0,0.177,0.177,0.177,10000083,2015-04-22,2015-04-22,C,2.7,2015-03-19
17582,2015-04-08 10:33:00,2015-04-08,0.1794,3588.0,2.0,1808.0,0.1794,0.1794,0.1794,10000083,2015-04-22,2015-04-22,C,2.7,2015-03-19
17583,2015-04-08 10:34:00,2015-04-08,0.1823,21766.0,12.0,1808.0,0.1823,0.1768,0.1768,10000083,2015-04-22,2015-04-22,C,2.7,2015-03-19
17584,2015-04-08 10:35:00,2015-04-08,0.1825,27371.0,15.0,1807.0,0.1823,0.1825,0.1823,10000083,2015-04-22,2015-04-22,C,2.7,2015-03-19
17585,2015-04-08 10:36:00,2015-04-08,0.1825,14600.0,8.0,1806.0,0.1825,0.1825,0.1825,10000083,2015-04-22,2015-04-22,C,2.7,2015-03-19
17586,2015-04-08 10:37:00,2015-04-08,0.1835,3670.0,2.0,1808.0,0.1835,0.1835,0.1835,10000083,2015-04-22,2015-04-22,C,2.7,2015-03-19
17587,2015-04-08 10:38:00,2015-04-08,0.1846,1846.0,1.0,1808.0,0.1846,0.1846,0.1846,10000083,2015-04-22,2015-04-22,C,2.7,2015-03-19
17588,2015-04-08 10:39:00,2015-04-08,0.1879,38937.0,21.0,1791.0,0.1865,0.1879,0.184,10000083,2015-04-22,2015-04-22,C,2.7,2015-03-19
17589,2015-04-08 10:40:00,2015-04-08,0.1879,1879.0,1.0,1791.0,0.1879,0.1879,0.1879,10000083,2015-04-22,2015-04-22,C,2.7,2015-03-19
17590,2015-04-08 10:41:00,2015-04-08,0.1878,3756.0,2.0,1791.0,0.1878,0.1878,0.1878,10000083,2015-04-22,2015-04-22,C,2.7,2015-03-19
17591,2015-04-08 10:42:00,2015-04-08,0.1878,0.0,0.0,1791.0,0.1878,0.1878,0.1878,10000083,2015-04-22,2015-04-22,C,2.7,2015-03-19
17592,2015-04-08 10:43:00,2015-04-08,0.1878,0.0,0.0,1791.0,0.1878,0.1878,0.1878,10000083,2015-04-22,2015-04-22,C,2.7,2015-03-19
17593,2015-04-08 10:44:00,2015-04-08,0.1918,3807.0,2.0,1792.0,0.1918,0.1889,0.1889,10000083,2015-04-22,2015-04-22,C,2.7,2015-03-19
17594,2015-04-08 10:45:00,2015-04-08,0.1887,13209.0,7.0,1785.0,0.1887,0.1887,0.1887,10000083,2015-04-22,2015-04-22,C,2.7,2015-03-19
17595,2015-04-08 10:46:00,2015-04-08,0.188,7519.0,4.0,1784.0,0.1879,0.188,0.1879,10000083,2015-04-22,2015-04-22,C,2.7,2015-03-19
17596,2015-04-08 10:47:00,2015-04-08,0.188,0.0,0.0,1784.0,0.188,0.188,0.188,10000083,2015-04-22,2015-04-22,C,2.7,2015-03-19
17597,2015-04-08 10:48:00,2015-04-08,0.188,0.0,0.0,1784.0,0.188,0.188,0.188,10000083,2015-04-22,2015-04-22,C,2.7,2015-03-19
17598,2015-04-08 10:49:00,2015-04-08,0.1818,18180.0,10.0,1775.0,0.1818,0.1818,0.1818,10000083,2015-04-22,2015-04-22,C,2.7,2015-03-19
17599,2015-04-08 10:50:00,2015-04-08,0.1818,26970.0,15.0,1762.0,0.1788,0.1818,0.1788,10000083,2015-04-22,2015-04-22,C,2.7,2015-03-19
17600,2015-04-08 10:51:00,2015-04-08,0.1818,0.0,0.0,1762.0,0.1818,0.1818,0.1818,10000083,2015-04-22,2015-04-22,C,2.7,2015-03-19
17601,2015-04-08 10:52:00,2015-04-08,0.1733,15611.0,9.0,1754.0,0.1733,0.1733,0.1733,10000083,2015-04-22,2015-04-22,C,2.7,2015-03-19
17602,2015-04-08 10:53:00,2015-04-08,0.1727,18943.0,11.0,1749.0,0.1727,0.1718,0.1718,10000083,2015-04-22,2015-04-22,C,2.7,2015-03-19
17603,2015-04-08 10:54:00,2015-04-08,0.1643,14787.0,9.0,1749.0,0.1643,0.1643,0.1643,10000083,2015-04-22,2015-04-22,C,2.7,2015-03-19
17604,2015-04-08 10:55:00,2015-04-08,0.1643,0.0,0.0,1749.0,0.1643,0.1643,0.1643,10000083,2015-04-22,2015-04-22,C,2.7,2015-03-19
17605,2015-04-08 10:56:00,2015-04-08,0.1643,0.0,0.0,1749.0,0.1643,0.1643,0.1643,10000083,2015-04-22,2015-04-22,C,2.7,2015-03-19
17606,2015-04-08 10:57:00,2015-04-08,0.1655,4965.0,3.0,1746.0,0.1655,0.1655,0.1655,10000083,2015-04-22,2015-04-22,C,2.7,2015-03-19
17607,2015-04-08 10:58:00,2015-04-08,0.1655,42850.0,26.0,1730.0,0.1643,0.1655,0.1643,10000083,2015-04-22,2015-04-22,C,2.7,2015-03-19
17608,2015-04-08 10:59:00,2015-04-08,0.1655,0.0,0.0,1730.0,0.1655,0.1655,0.1655,10000083,2015-04-22,2015-04-22,C,2.7,2015-03-19
17609,2015-04-08 11:00:00,2015-04-08,0.1655,0.0,0.0,1730.0,0.1655,0.1655,0.1655,10000083,2015-04-22,2015-04-22,C,2.7,2015-03-19
17610,2015-04-08 11:01:00,2015-04-08,0.1712,10271.0,6.0,1730.0,0.1711,0.1712,0.1711,10000083,2015-04-22,2015-04-22,C,2.7,2015-03-19
17611,2015-04-08 11:02:00,2015-04-08,0.1712,0.0,0.0,1730.0,0.1712,0.1712,0.1712,10000083,2015-04-22,2015-04-22,C,2.7,2015-03-19
17612,2015-04-08 11:03:00,2015-04-08,0.1738,29210.0,17.0,1736.0,0.172,0.1712,0.1712,10000083,2015-04-22,2015-04-22,C,2.7,2015-03-19
17613,2015-04-08 11:04:00,2015-04-08,0.1711,15399.0,9.0,1738.0,0.1711,0.1711,0.1711,10000083,2015-04-22,2015-04-22,C,2.7,2015-03-19
17614,2015-04-08 11:05:00,2015-04-08,0.1711,5133.0,3.0,1736.0,0.1711,0.1711,0.1711,10000083,2015-04-22,2015-04-22,C,2.7,2015-03-19
17615,2015-04-08 11:06:00,2015-04-08,0.1737,1737.0,1.0,1736.0,0.1737,0.1737,0.1737,10000083,2015-04-22,2015-04-22,C,2.7,2015-03-19
17616,2015-04-08 11:07:00,2015-04-08,0.1737,0.0,0.0,1736.0,0.1737,0.1737,0.1737,10000083,2015-04-22,2015-04-22,C,2.7,2015-03-19
17617,2015-04-08 11:08:00,2015-04-08,0.1626,16277.0,10.0,1736.0,0.1626,0.1626,0.1626,10000083,2015-04-22,2015-04-22,C,2.7,2015-03-19
17618,2015-04-08 11:09:00,2015-04-08,0.1626,0.0,0.0,1736.0,0.1626,0.1626,0.1626,10000083,2015-04-22,2015-04-22,C,2.7,2015-03-19
17619,2015-04-08 11:10:00,2015-04-08,0.1626,0.0,0.0,1736.0,0.1626,0.1626,0.1626,10000083,2015-04-22,2015-04-22,C,2.7,2015-03-19
17620,2015-04-08 11:11:00,2015-04-08,0.1626,0.0,0.0,1736.0,0.1626,0.1626,0.1626,10000083,2015-04-22,2015-04-22,C,2.7,2015-03-19
17621,2015-04-08 11:12:00,2015-04-08,0.1626,0.0,0.0,1736.0,0.1626,0.1626,0.1626,10000083,2015-04-22,2015-04-22,C,2.7,2015-03-19
17622,2015-04-08 11:13:00,2015-04-08,0.1626,0.0,0.0,1736.0,0.1626,0.1626,0.1626,10000083,2015-04-22,2015-04-22,C,2.7,2015-03-19
17623,2015-04-08 11:14:00,2015-04-08,0.1626,0.0,0.0,1736.0,0.1626,0.1626,0.1626,10000083,2015-04-22,2015-04-22,C,2.7,2015-03-19
17624,2015-04-08 11:15:00,2015-04-08,0.174,38280.0,22.0,1736.0,0.174,0.174,0.174,10000083,2015-04-22,2015-04-22,C,2.7,2015-03-19
17625,2015-04-08 11:16:00,2015-04-08,0.1781,3562.0,2.0,1736.0,0.1781,0.1781,0.1781,10000083,2015-04-22,2015-04-22,C,2.7,2015-03-19
17626,2015-04-08 11:17:00,2015-04-08,0.1743,102673.0,59.0,1756.0,0.1743,0.174,0.174,10000083,2015-04-22,2015-04-22,C,2.7,2015-03-19
17627,2015-04-08 11:18:00,2015-04-08,0.1749,3498.0,2.0,1756.0,0.1749,0.1749,0.1749,10000083,2015-04-22,2015-04-22,C,2.7,2015-03-19
17628,2015-04-08 11:19:00,2015-04-08,0.1704,8502.0,5.0,1757.0,0.1704,0.1702,0.1696,10000083,2015-04-22,2015-04-22,C,2.7,2015-03-19
17629,2015-04-08 11:20:00,2015-04-08,0.1702,0.0,0.0,1757.0,0.1702,0.1702,0.1702,10000083,2015-04-22,2015-04-22,C,2.7,2015-03-19
17630,2015-04-08 11:21:00,2015-04-08,0.1702,0.0,0.0,1757.0,0.1702,0.1702,0.1702,10000083,2015-04-22,2015-04-22,C,2.7,2015-03-19
17631,2015-04-08 11:22:00,2015-04-08,0.1729,8645.0,5.0,1762.0,0.1729,0.1729,0.1729,10000083,2015-04-22,2015-04-22,C,2.7,2015-03-19
17632,2015-04-08 11:23:00,2015-04-08,0.1729,0.0,0.0,1762.0,0.1729,0.1729,0.1729,10000083,2015-04-22,2015-04-22,C,2.7,2015-03-19
17633,2015-04-08 11:24:00,2015-04-08,0.1703,17030.0,10.0,1772.0,0.1703,0.1703,0.1703,10000083,2015-04-22,2015-04-22,C,2.7,2015-03-19
17634,2015-04-08 11:25:00,2015-04-08,0.1703,0.0,0.0,1772.0,0.1703,0.1703,0.1703,10000083,2015-04-22,2015-04-22,C,2.7,2015-03-19
17635,2015-04-08 11:26:00,2015-04-08,0.1742,1742.0,1.0,1771.0,0.1742,0.1742,0.1742,10000083,2015-04-22,2015-04-22,C,2.7,2015-03-19
17636,2015-04-08 11:27:00,2015-04-08,0.1778,1778.0,1.0,1772.0,0.1778,0.1778,0.1778,10000083,2015-04-22,2015-04-22,C,2.7,2015-03-19
17637,2015-04-08 11:28:00,2015-04-08,0.1778,0.0,0.0,1772.0,0.1778,0.1778,0.1778,10000083,2015-04-22,2015-04-22,C,2.7,2015-03-19
17638,2015-04-08 11:29:00,2015-04-08,0.188,5640.0,3.0,1775.0,0.188,0.188,0.188,10000083,2015-04-22,2015-04-22,C,2.7,2015-03-19
17639,2015-04-08 11:30:00,2015-04-08,0.1896,1896.0,1.0,1776.0,0.1896,0.1896,0.1896,10000083,2015-04-22,2015-04-22,C,2.7,2015-03-19
17640,2015-04-08 13:01:00,2015-04-08,0.1919,11514.0,6.0,1775.0,0.1919,0.1919,0.1919,10000083,2015-04-22,2015-04-22,C,2.7,2015-03-19
17641,2015-04-08 13:02:00,2015-04-08,0.1919,0.0,0.0,1775.0,0.1919,0.1919,0.1919,10000083,2015-04-22,2015-04-22,C,2.7,2015-03-19
17642,2015-04-08 13:03:00,2015-04-08,0.1919,0.0,0.0,1775.0,0.1919,0.1919,0.1919,10000083,2015-04-22,2015-04-22,C,2.7,2015-03-19
17643,2015-04-08 13:04:00,2015-04-08,0.1951,1951.0,1.0,1775.0,0.1951,0.1951,0.1951,10000083,2015-04-22,2015-04-22,C,2.7,2015-03-19
17644,2015-04-08 13:05:00,2015-04-08,0.1988,21868.0,11.0,1770.0,0.1988,0.1988,0.1988,10000083,2015-04-22,2015-04-22,C,2.7,2015-03-19
17645,2015-04-08 13:06:00,2015-04-08,0.1986,19860.0,10.0,1780.0,0.1986,0.1986,0.1986,10000083,2015-04-22,2015-04-22,C,2.7,2015-03-19
17646,2015-04-08 13:07:00,2015-04-08,0.1986,0.0,0.0,1780.0,0.1986,0.1986,0.1986,10000083,2015-04-22,2015-04-22,C,2.7,2015-03-19
17647,2015-04-08 13:08:00,2015-04-08,0.1951,5773.0,3.0,1783.0,0.1951,0.1911,0.1911,10000083,2015-04-22,2015-04-22,C,2.7,2015-03-19
17648,2015-04-08 13:09:00,2015-04-08,0.1916,3832.0,2.0,1783.0,0.1916,0.1916,0.1916,10000083,2015-04-22,2015-04-22,C,2.7,2015-03-19
17649,2015-04-08 13:10:00,2015-04-08,0.1916,0.0,0.0,1783.0,0.1916,0.1916,0.1916,10000083,2015-04-22,2015-04-22,C,2.7,2015-03-19
17650,2015-04-08 13:11:00,2015-04-08,0.1916,0.0,0.0,1783.0,0.1916,0.1916,0.1916,10000083,2015-04-22,2015-04-22,C,2.7,2015-03-19
17651,2015-04-08 13:12:00,2015-04-08,0.1916,0.0,0.0,1783.0,0.1916,0.1916,0.1916,10000083,2015-04-22,2015-04-22,C,2.7,2015-03-19
17652,2015-04-08 13:13:00,2015-04-08,0.1968,19677.0,10.0,1783.0,0.1968,0.1968,0.1968,10000083,2015-04-22,2015-04-22,C,2.7,2015-03-19
17653,2015-04-08 13:14:00,2015-04-08,0.1968,1968.0,1.0,1782.0,0.1968,0.1968,0.1968,10000083,2015-04-22,2015-04-22,C,2.7,2015-03-19
17654,2015-04-08 13:15:00,2015-04-08,0.1968,0.0,0.0,1782.0,0.1968,0.1968,0.1968,10000083,2015-04-22,2015-04-22,C,2.7,2015-03-19
17655,2015-04-08 13:16:00,2015-04-08,0.1968,0.0,0.0,1782.0,0.1968,0.1968,0.1968,10000083,2015-04-22,2015-04-22,C,2.7,2015-03-19
17656,2015-04-08 13:17:00,2015-04-08,0.1989,11918.0,6.0,1784.0,0.1989,0.1989,0.1989,10000083,2015-04-22,2015-04-22,C,2.7,2015-03-19
17657,2015-04-08 13:18:00,2015-04-08,0.2,6000.0,3.0,1784.0,0.2,0.2,0.2,10000083,2015-04-22,2015-04-22,C,2.7,2015-03-19
17658,2015-04-08 13:19:00,2015-04-08,0.206,2060.0,1.0,1785.0,0.206,0.206,0.206,10000083,2015-04-22,2015-04-22,C,2.7,2015-03-19
17659,2015-04-08 13:20:00,2015-04-08,0.214,4280.0,2.0,1786.0,0.214,0.214,0.214,10000083,2015-04-22,2015-04-22,C,2.7,2015-03-19
17660,2015-04-08 13:21:00,2015-04-08,0.214,0.0,0.0,1786.0,0.214,0.214,0.214,10000083,2015-04-22,2015-04-22,C,2.7,2015-03-19
17661,2015-04-08 13:22:00,2015-04-08,0.2122,6366.0,3.0,1787.0,0.2122,0.2122,0.2122,10000083,2015-04-22,2015-04-22,C,2.7,2015-03-19
17662,2015-04-08 13:23:00,2015-04-08,0.2124,23341.0,11.0,1784.0,0.2121,0.2124,0.2121,10000083,2015-04-22,2015-04-22,C,2.7,2015-03-19
17663,2015-04-08 13:24:00,2015-04-08,0.2124,10620.0,5.0,1789.0,0.2124,0.2124,0.2124,10000083,2015-04-22,2015-04-22,C,2.7,2015-03-19
17664,2015-04-08 13:25:00,2015-04-08,0.2124,0.0,0.0,1789.0,0.2124,0.2124,0.2124,10000083,2015-04-22,2015-04-22,C,2.7,2015-03-19
17665,2015-04-08 13:26:00,2015-04-08,0.2124,0.0,0.0,1789.0,0.2124,0.2124,0.2124,10000083,2015-04-22,2015-04-22,C,2.7,2015-03-19
17666,2015-04-08 13:27:00,2015-04-08,0.2196,21960.0,10.0,1789.0,0.2196,0.2196,0.2196,10000083,2015-04-22,2015-04-22,C,2.7,2015-03-19
17667,2015-04-08 13:28:00,2015-04-08,0.2122,2122.0,1.0,1789.0,0.2122,0.2122,0.2122,10000083,2015-04-22,2015-04-22,C,2.7,2015-03-19
17668,2015-04-08 13:29:00,2015-04-08,0.2122,4244.0,2.0,1789.0,0.2122,0.2122,0.2122,10000083,2015-04-22,2015-04-22,C,2.7,2015-03-19
17669,2015-04-08 13:30:00,2015-04-08,0.22,21964.0,10.0,1791.0,0.2196,0.2196,0.2196,10000083,2015-04-22,2015-04-22,C,2.7,2015-03-19
17670,2015-04-08 13:31:00,2015-04-08,0.2196,0.0,0.0,1791.0,0.2196,0.2196,0.2196,10000083,2015-04-22,2015-04-22,C,2.7,2015-03-19
17671,2015-04-08 13:32:00,2015-04-08,0.2188,2188.0,1.0,1792.0,0.2188,0.2188,0.2188,10000083,2015-04-22,2015-04-22,C,2.7,2015-03-19
17672,2015-04-08 13:33:00,2015-04-08,0.2188,0.0,0.0,1792.0,0.2188,0.2188,0.2188,10000083,2015-04-22,2015-04-22,C,2.7,2015-03-19
17673,2015-04-08 13:34:00,2015-04-08,0.2131,6393.0,3.0,1789.0,0.2131,0.2131,0.2131,10000083,2015-04-22,2015-04-22,C,2.7,2015-03-19
17674,2015-04-08 13:35:00,2015-04-08,0.2131,0.0,0.0,1789.0,0.2131,0.2131,0.2131,10000083,2015-04-22,2015-04-22,C,2.7,2015-03-19
17675,2015-04-08 13:36:00,2015-04-08,0.22,4400.0,2.0,1789.0,0.22,0.22,0.22,10000083,2015-04-22,2015-04-22,C,2.7,2015-03-19
17676,2015-04-08 13:37:00,2015-04-08,0.2141,17127.0,8.0,1782.0,0.2141,0.214,0.214,10000083,2015-04-22,2015-04-22,C,2.7,2015-03-19
17677,2015-04-08 13:38:00,2015-04-08,0.214,19260.0,9.0,1782.0,0.214,0.214,0.214,10000083,2015-04-22,2015-04-22,C,2.7,2015-03-19
17678,2015-04-08 13:39:00,2015-04-08,0.214,2140.0,1.0,1782.0,0.214,0.214,0.214,10000083,2015-04-22,2015-04-22,C,2.7,2015-03-19
17679,2015-04-08 13:40:00,2015-04-08,0.2102,10510.0,5.0,1779.0,0.2102,0.2102,0.2102,10000083,2015-04-22,2015-04-22,C,2.7,2015-03-19
17680,2015-04-08 13:41:00,2015-04-08,0.2103,14721.0,7.0,1780.0,0.2103,0.2103,0.2103,10000083,2015-04-22,2015-04-22,C,2.7,2015-03-19
17681,2015-04-08 13:42:00,2015-04-08,0.2103,6309.0,3.0,1780.0,0.2103,0.2103,0.2103,10000083,2015-04-22,2015-04-22,C,2.7,2015-03-19
17682,2015-04-08 13:43:00,2015-04-08,0.2103,0.0,0.0,1780.0,0.2103,0.2103,0.2103,10000083,2015-04-22,2015-04-22,C,2.7,2015-03-19
17683,2015-04-08 13:44:00,2015-04-08,0.2103,0.0,0.0,1780.0,0.2103,0.2103,0.2103,10000083,2015-04-22,2015-04-22,C,2.7,2015-03-19
17684,2015-04-08 13:45:00,2015-04-08,0.2103,0.0,0.0,1780.0,0.2103,0.2103,0.2103,10000083,2015-04-22,2015-04-22,C,2.7,2015-03-19
17685,2015-04-08 13:46:00,2015-04-08,0.2103,0.0,0.0,1780.0,0.2103,0.2103,0.2103,10000083,2015-04-22,2015-04-22,C,2.7,2015-03-19
17686,2015-04-08 13:47:00,2015-04-08,0.2103,0.0,0.0,1780.0,0.2103,0.2103,0.2103,10000083,2015-04-22,2015-04-22,C,2.7,2015-03-19
17687,2015-04-08 13:48:00,2015-04-08,0.2103,0.0,0.0,1780.0,0.2103,0.2103,0.2103,10000083,2015-04-22,2015-04-22,C,2.7,2015-03-19
17688,2015-04-08 13:49:00,2015-04-08,0.2145,21489.0,10.0,1770.0,0.2145,0.2145,0.2145,10000083,2015-04-22,2015-04-22,C,2.7,2015-03-19
17689,2015-04-08 13:50:00,2015-04-08,0.2145,0.0,0.0,1770.0,0.2145,0.2145,0.2145,10000083,2015-04-22,2015-04-22,C,2.7,2015-03-19
17690,2015-04-08 13:51:00,2015-04-08,0.2145,0.0,0.0,1770.0,0.2145,0.2145,0.2145,10000083,2015-04-22,2015-04-22,C,2.7,2015-03-19
17691,2015-04-08 13:52:00,2015-04-08,0.2145,8580.0,4.0,1770.0,0.2145,0.2145,0.2145,10000083,2015-04-22,2015-04-22,C,2.7,2015-03-19
17692,2015-04-08 13:53:00,2015-04-08,0.2179,2179.0,1.0,1771.0,0.2179,0.2179,0.2179,10000083,2015-04-22,2015-04-22,C,2.7,2015-03-19
17693,2015-04-08 13:54:00,2015-04-08,0.2179,4358.0,2.0,1772.0,0.2179,0.2179,0.2179,10000083,2015-04-22,2015-04-22,C,2.7,2015-03-19
17694,2015-04-08 13:55:00,2015-04-08,0.2179,0.0,0.0,1772.0,0.2179,0.2179,0.2179,10000083,2015-04-22,2015-04-22,C,2.7,2015-03-19
17695,2015-04-08 13:56:00,2015-04-08,0.2179,0.0,0.0,1772.0,0.2179,0.2179,0.2179,10000083,2015-04-22,2015-04-22,C,2.7,2015-03-19
17696,2015-04-08 13:57:00,2015-04-08,0.2179,0.0,0.0,1772.0,0.2179,0.2179,0.2179,10000083,2015-04-22,2015-04-22,C,2.7,2015-03-19
17697,2015-04-08 13:58:00,2015-04-08,0.218,6540.0,3.0,1770.0,0.218,0.218,0.218,10000083,2015-04-22,2015-04-22,C,2.7,2015-03-19
17698,2015-04-08 13:59:00,2015-04-08,0.218,8720.0,4.0,1770.0,0.218,0.218,0.218,10000083,2015-04-22,2015-04-22,C,2.7,2015-03-19
17699,2015-04-08 14:00:00,2015-04-08,0.2179,6537.0,3.0,1767.0,0.2179,0.2179,0.2179,10000083,2015-04-22,2015-04-22,C,2.7,2015-03-19
17700,2015-04-08 14:01:00,2015-04-08,0.2184,26173.0,12.0,1770.0,0.2179,0.2184,0.2179,10000083,2015-04-22,2015-04-22,C,2.7,2015-03-19
17701,2015-04-08 14:02:00,2015-04-08,0.2184,0.0,0.0,1770.0,0.2184,0.2184,0.2184,10000083,2015-04-22,2015-04-22,C,2.7,2015-03-19
17702,2015-04-08 14:03:00,2015-04-08,0.2184,0.0,0.0,1770.0,0.2184,0.2184,0.2184,10000083,2015-04-22,2015-04-22,C,2.7,2015-03-19
17703,2015-04-08 14:04:00,2015-04-08,0.2115,10575.0,5.0,1769.0,0.2115,0.2115,0.2115,10000083,2015-04-22,2015-04-22,C,2.7,2015-03-19
17704,2015-04-08 14:05:00,2015-04-08,0.2115,0.0,0.0,1769.0,0.2115,0.2115,0.2115,10000083,2015-04-22,2015-04-22,C,2.7,2015-03-19
17705,2015-04-08 14:06:00,2015-04-08,0.2115,0.0,0.0,1769.0,0.2115,0.2115,0.2115,10000083,2015-04-22,2015-04-22,C,2.7,2015-03-19
17706,2015-04-08 14:07:00,2015-04-08,0.2115,0.0,0.0,1769.0,0.2115,0.2115,0.2115,10000083,2015-04-22,2015-04-22,C,2.7,2015-03-19
17707,2015-04-08 14:08:00,2015-04-08,0.2115,0.0,0.0,1769.0,0.2115,0.2115,0.2115,10000083,2015-04-22,2015-04-22,C,2.7,2015-03-19
17708,2015-04-08 14:09:00,2015-04-08,0.2151,42380.0,20.0,1769.0,0.2087,0.2151,0.2087,10000083,2015-04-22,2015-04-22,C,2.7,2015-03-19
17709,2015-04-08 14:10:00,2015-04-08,0.213,27743.0,13.0,1769.0,0.213,0.2126,0.2126,10000083,2015-04-22,2015-04-22,C,2.7,2015-03-19
17710,2015-04-08 14:11:00,2015-04-08,0.2126,0.0,0.0,1769.0,0.2126,0.2126,0.2126,10000083,2015-04-22,2015-04-22,C,2.7,2015-03-19
17711,2015-04-08 14:12:00,2015-04-08,0.2126,0.0,0.0,1769.0,0.2126,0.2126,0.2126,10000083,2015-04-22,2015-04-22,C,2.7,2015-03-19
17712,2015-04-08 14:13:00,2015-04-08,0.2126,0.0,0.0,1769.0,0.2126,0.2126,0.2126,10000083,2015-04-22,2015-04-22,C,2.7,2015-03-19
17713,2015-04-08 14:14:00,2015-04-08,0.2126,0.0,0.0,1769.0,0.2126,0.2126,0.2126,10000083,2015-04-22,2015-04-22,C,2.7,2015-03-19
17714,2015-04-08 14:15:00,2015-04-08,0.2126,0.0,0.0,1769.0,0.2126,0.2126,0.2126,10000083,2015-04-22,2015-04-22,C,2.7,2015-03-19
17715,2015-04-08 14:16:00,2015-04-08,0.2126,0.0,0.0,1769.0,0.2126,0.2126,0.2126,10000083,2015-04-22,2015-04-22,C,2.7,2015-03-19
17716,2015-04-08 14:17:00,2015-04-08,0.2126,0.0,0.0,1769.0,0.2126,0.2126,0.2126,10000083,2015-04-22,2015-04-22,C,2.7,2015-03-19
17717,2015-04-08 14:18:00,2015-04-08,0.2126,0.0,0.0,1769.0,0.2126,0.2126,0.2126,10000083,2015-04-22,2015-04-22,C,2.7,2015-03-19
17718,2015-04-08 14:19:00,2015-04-08,0.2062,30750.0,15.0,1755.0,0.2062,0.2044,0.2044,10000083,2015-04-22,2015-04-22,C,2.7,2015-03-19
17719,2015-04-08 14:20:00,2015-04-08,0.2044,0.0,0.0,1755.0,0.2044,0.2044,0.2044,10000083,2015-04-22,2015-04-22,C,2.7,2015-03-19
17720,2015-04-08 14:21:00,2015-04-08,0.204,22424.0,11.0,1747.0,0.204,0.2024,0.2024,10000083,2015-04-22,2015-04-22,C,2.7,2015-03-19
17721,2015-04-08 14:22:00,2015-04-08,0.2024,0.0,0.0,1747.0,0.2024,0.2024,0.2024,10000083,2015-04-22,2015-04-22,C,2.7,2015-03-19
17722,2015-04-08 14:23:00,2015-04-08,0.1979,23748.0,12.0,1735.0,0.1979,0.1979,0.1979,10000083,2015-04-22,2015-04-22,C,2.7,2015-03-19
17723,2015-04-08 14:24:00,2015-04-08,0.1979,0.0,0.0,1735.0,0.1979,0.1979,0.1979,10000083,2015-04-22,2015-04-22,C,2.7,2015-03-19
17724,2015-04-08 14:25:00,2015-04-08,0.1979,0.0,0.0,1735.0,0.1979,0.1979,0.1979,10000083,2015-04-22,2015-04-22,C,2.7,2015-03-19
17725,2015-04-08 14:26:00,2015-04-08,0.2,41400.0,21.0,1714.0,0.2,0.197,0.197,10000083,2015-04-22,2015-04-22,C,2.7,2015-03-19
17726,2015-04-08 14:27:00,2015-04-08,0.197,0.0,0.0,1714.0,0.197,0.197,0.197,10000083,2015-04-22,2015-04-22,C,2.7,2015-03-19
17727,2015-04-08 14:28:00,2015-04-08,0.1916,9580.0,5.0,1709.0,0.1916,0.1916,0.1916,10000083,2015-04-22,2015-04-22,C,2.7,2015-03-19
17728,2015-04-08 14:29:00,2015-04-08,0.2005,31540.0,16.0,1698.0,0.1915,0.2005,0.1915,10000083,2015-04-22,2015-04-22,C,2.7,2015-03-19
17729,2015-04-08 14:30:00,2015-04-08,0.2005,0.0,0.0,1698.0,0.2005,0.2005,0.2005,10000083,2015-04-22,2015-04-22,C,2.7,2015-03-19
17730,2015-04-08 14:31:00,2015-04-08,0.2005,0.0,0.0,1698.0,0.2005,0.2005,0.2005,10000083,2015-04-22,2015-04-22,C,2.7,2015-03-19
17731,2015-04-08 14:32:00,2015-04-08,0.199,21840.0,11.0,1703.0,0.199,0.1985,0.1985,10000083,2015-04-22,2015-04-22,C,2.7,2015-03-19
17732,2015-04-08 14:33:00,2015-04-08,0.2059,20515.0,10.0,1703.0,0.2044,0.2059,0.2044,10000083,2015-04-22,2015-04-22,C,2.7,2015-03-19
17733,2015-04-08 14:34:00,2015-04-08,0.2,11950.0,6.0,1699.0,0.2,0.199,0.199,10000083,2015-04-22,2015-04-22,C,2.7,2015-03-19
17734,2015-04-08 14:35:00,2015-04-08,0.2,38000.0,19.0,1683.0,0.2,0.2,0.2,10000083,2015-04-22,2015-04-22,C,2.7,2015-03-19
17735,2015-04-08 14:36:00,2015-04-08,0.2059,12344.0,6.0,1685.0,0.2057,0.2057,0.2057,10000083,2015-04-22,2015-04-22,C,2.7,2015-03-19
17736,2015-04-08 14:37:00,2015-04-08,0.2059,8234.0,4.0,1688.0,0.2059,0.2058,0.2058,10000083,2015-04-22,2015-04-22,C,2.7,2015-03-19
17737,2015-04-08 14:38:00,2015-04-08,0.2011,4022.0,2.0,1688.0,0.2011,0.2011,0.2011,10000083,2015-04-22,2015-04-22,C,2.7,2015-03-19
17738,2015-04-08 14:39:00,2015-04-08,0.2011,0.0,0.0,1688.0,0.2011,0.2011,0.2011,10000083,2015-04-22,2015-04-22,C,2.7,2015-03-19
17739,2015-04-08 14:40:00,2015-04-08,0.2011,0.0,0.0,1688.0,0.2011,0.2011,0.2011,10000083,2015-04-22,2015-04-22,C,2.7,2015-03-19
17740,2015-04-08 14:41:00,2015-04-08,0.2059,6173.0,3.0,1690.0,0.2055,0.2059,0.2055,10000083,2015-04-22,2015-04-22,C,2.7,2015-03-19
17741,2015-04-08 14:42:00,2015-04-08,0.206,10300.0,5.0,1695.0,0.206,0.206,0.206,10000083,2015-04-22,2015-04-22,C,2.7,2015-03-19
17742,2015-04-08 14:43:00,2015-04-08,0.2063,6189.0,3.0,1696.0,0.2063,0.2063,0.2063,10000083,2015-04-22,2015-04-22,C,2.7,2015-03-19
17743,2015-04-08 14:44:00,2015-04-08,0.2097,12515.0,6.0,1697.0,0.2063,0.2097,0.2063,10000083,2015-04-22,2015-04-22,C,2.7,2015-03-19
17744,2015-04-08 14:45:00,2015-04-08,0.215,78148.0,37.0,1730.0,0.2102,0.215,0.2102,10000083,2015-04-22,2015-04-22,C,2.7,2015-03-19
17745,2015-04-08 14:46:00,2015-04-08,0.21600000000000005,2160.0,1.0,1729.0,0.21600000000000005,0.21600000000000005,0.21600000000000005,10000083,2015-04-22,2015-04-22,C,2.7,2015-03-19
17746,2015-04-08 14:47:00,2015-04-08,0.218,32530.0,15.0,1735.0,0.21600000000000005,0.218,0.21600000000000005,10000083,2015-04-22,2015-04-22,C,2.7,2015-03-19
17747,2015-04-08 14:48:00,2015-04-08,0.218,0.0,0.0,1735.0,0.218,0.218,0.218,10000083,2015-04-22,2015-04-22,C,2.7,2015-03-19
17748,2015-04-08 14:49:00,2015-04-08,0.218,0.0,0.0,1735.0,0.218,0.218,0.218,10000083,2015-04-22,2015-04-22,C,2.7,2015-03-19
17749,2015-04-08 14:50:00,2015-04-08,0.218,0.0,0.0,1735.0,0.218,0.218,0.218,10000083,2015-04-22,2015-04-22,C,2.7,2015-03-19
17750,2015-04-08 14:51:00,2015-04-08,0.218,0.0,0.0,1735.0,0.218,0.218,0.218,10000083,2015-04-22,2015-04-22,C,2.7,2015-03-19
17751,2015-04-08 14:52:00,2015-04-08,0.218,0.0,0.0,1735.0,0.218,0.218,0.218,10000083,2015-04-22,2015-04-22,C,2.7,2015-03-19
17752,2015-04-08 14:53:00,2015-04-08,0.218,0.0,0.0,1735.0,0.218,0.218,0.218,10000083,2015-04-22,2015-04-22,C,2.7,2015-03-19
17753,2015-04-08 14:54:00,2015-04-08,0.218,0.0,0.0,1735.0,0.218,0.218,0.218,10000083,2015-04-22,2015-04-22,C,2.7,2015-03-19
17754,2015-04-08 14:55:00,2015-04-08,0.218,0.0,0.0,1735.0,0.218,0.218,0.218,10000083,2015-04-22,2015-04-22,C,2.7,2015-03-19
17755,2015-04-08 14:56:00,2015-04-08,0.217,10848.0,5.0,1738.0,0.217,0.217,0.217,10000083,2015-04-22,2015-04-22,C,2.7,2015-03-19
17756,2015-04-08 14:57:00,2015-04-08,0.217,10850.0,5.0,1738.0,0.217,0.217,0.217,10000083,2015-04-22,2015-04-22,C,2.7,2015-03-19
17757,2015-04-08 14:58:00,2015-04-08,0.217,0.0,0.0,1738.0,0.217,0.217,0.217,10000083,2015-04-22,2015-04-22,C,2.7,2015-03-19
17758,2015-04-08 14:59:00,2015-04-08,0.217,0.0,0.0,1738.0,0.217,0.217,0.217,10000083,2015-04-22,2015-04-22,C,2.7,2015-03-19
17759,2015-04-08 15:00:00,2015-04-08,0.217,0.0,0.0,1738.0,0.217,0.217,0.217,10000083,2015-04-22,2015-04-22,C,2.7,2015-03-19
17760,2015-04-08 09:31:00,2015-04-08,0.6734,100450.0,15.0,349.0,0.6678,0.6734,0.6678,10000033,2015-09-23,2015-09-23,C,2.3,2015-02-09
17761,2015-04-08 09:32:00,2015-04-08,0.6734,0.0,0.0,349.0,0.6734,0.6734,0.6734,10000033,2015-09-23,2015-09-23,C,2.3,2015-02-09
17762,2015-04-08 09:33:00,2015-04-08,0.6734,0.0,0.0,349.0,0.6734,0.6734,0.6734,10000033,2015-09-23,2015-09-23,C,2.3,2015-02-09
17763,2015-04-08 09:34:00,2015-04-08,0.6734,0.0,0.0,349.0,0.6734,0.6734,0.6734,10000033,2015-09-23,2015-09-23,C,2.3,2015-02-09
17764,2015-04-08 09:35:00,2015-04-08,0.6734,0.0,0.0,349.0,0.6734,0.6734,0.6734,10000033,2015-09-23,2015-09-23,C,2.3,2015-02-09
17765,2015-04-08 09:36:00,2015-04-08,0.6734,0.0,0.0,349.0,0.6734,0.6734,0.6734,10000033,2015-09-23,2015-09-23,C,2.3,2015-02-09
17766,2015-04-08 09:37:00,2015-04-08,0.6195,30975.0,5.0,344.0,0.6195,0.6195,0.6195,10000033,2015-09-23,2015-09-23,C,2.3,2015-02-09
17767,2015-04-08 09:38:00,2015-04-08,0.6195,0.0,0.0,344.0,0.6195,0.6195,0.6195,10000033,2015-09-23,2015-09-23,C,2.3,2015-02-09
17768,2015-04-08 09:39:00,2015-04-08,0.6195,0.0,0.0,344.0,0.6195,0.6195,0.6195,10000033,2015-09-23,2015-09-23,C,2.3,2015-02-09
17769,2015-04-08 09:40:00,2015-04-08,0.6195,0.0,0.0,344.0,0.6195,0.6195,0.6195,10000033,2015-09-23,2015-09-23,C,2.3,2015-02-09
17770,2015-04-08 09:41:00,2015-04-08,0.6195,0.0,0.0,344.0,0.6195,0.6195,0.6195,10000033,2015-09-23,2015-09-23,C,2.3,2015-02-09
17771,2015-04-08 09:42:00,2015-04-08,0.6195,0.0,0.0,344.0,0.6195,0.6195,0.6195,10000033,2015-09-23,2015-09-23,C,2.3,2015-02-09
17772,2015-04-08 09:43:00,2015-04-08,0.6195,0.0,0.0,344.0,0.6195,0.6195,0.6195,10000033,2015-09-23,2015-09-23,C,2.3,2015-02-09
17773,2015-04-08 09:44:00,2015-04-08,0.6195,0.0,0.0,344.0,0.6195,0.6195,0.6195,10000033,2015-09-23,2015-09-23,C,2.3,2015-02-09
17774,2015-04-08 09:45:00,2015-04-08,0.6195,0.0,0.0,344.0,0.6195,0.6195,0.6195,10000033,2015-09-23,2015-09-23,C,2.3,2015-02-09
17775,2015-04-08 09:46:00,2015-04-08,0.6195,0.0,0.0,344.0,0.6195,0.6195,0.6195,10000033,2015-09-23,2015-09-23,C,2.3,2015-02-09
17776,2015-04-08 09:47:00,2015-04-08,0.6195,0.0,0.0,344.0,0.6195,0.6195,0.6195,10000033,2015-09-23,2015-09-23,C,2.3,2015-02-09
17777,2015-04-08 09:48:00,2015-04-08,0.6195,0.0,0.0,344.0,0.6195,0.6195,0.6195,10000033,2015-09-23,2015-09-23,C,2.3,2015-02-09
17778,2015-04-08 09:49:00,2015-04-08,0.6195,0.0,0.0,344.0,0.6195,0.6195,0.6195,10000033,2015-09-23,2015-09-23,C,2.3,2015-02-09
17779,2015-04-08 09:50:00,2015-04-08,0.6195,0.0,0.0,344.0,0.6195,0.6195,0.6195,10000033,2015-09-23,2015-09-23,C,2.3,2015-02-09
17780,2015-04-08 09:51:00,2015-04-08,0.6195,0.0,0.0,344.0,0.6195,0.6195,0.6195,10000033,2015-09-23,2015-09-23,C,2.3,2015-02-09
17781,2015-04-08 09:52:00,2015-04-08,0.6195,0.0,0.0,344.0,0.6195,0.6195,0.6195,10000033,2015-09-23,2015-09-23,C,2.3,2015-02-09
17782,2015-04-08 09:53:00,2015-04-08,0.6195,0.0,0.0,344.0,0.6195,0.6195,0.6195,10000033,2015-09-23,2015-09-23,C,2.3,2015-02-09
17783,2015-04-08 09:54:00,2015-04-08,0.6195,0.0,0.0,344.0,0.6195,0.6195,0.6195,10000033,2015-09-23,2015-09-23,C,2.3,2015-02-09
17784,2015-04-08 09:55:00,2015-04-08,0.6195,0.0,0.0,344.0,0.6195,0.6195,0.6195,10000033,2015-09-23,2015-09-23,C,2.3,2015-02-09
17785,2015-04-08 09:56:00,2015-04-08,0.6195,0.0,0.0,344.0,0.6195,0.6195,0.6195,10000033,2015-09-23,2015-09-23,C,2.3,2015-02-09
17786,2015-04-08 09:57:00,2015-04-08,0.6195,0.0,0.0,344.0,0.6195,0.6195,0.6195,10000033,2015-09-23,2015-09-23,C,2.3,2015-02-09
17787,2015-04-08 09:58:00,2015-04-08,0.6195,0.0,0.0,344.0,0.6195,0.6195,0.6195,10000033,2015-09-23,2015-09-23,C,2.3,2015-02-09
17788,2015-04-08 09:59:00,2015-04-08,0.6195,0.0,0.0,344.0,0.6195,0.6195,0.6195,10000033,2015-09-23,2015-09-23,C,2.3,2015-02-09
17789,2015-04-08 10:00:00,2015-04-08,0.6195,0.0,0.0,344.0,0.6195,0.6195,0.6195,10000033,2015-09-23,2015-09-23,C,2.3,2015-02-09
17790,2015-04-08 10:01:00,2015-04-08,0.6195,0.0,0.0,344.0,0.6195,0.6195,0.6195,10000033,2015-09-23,2015-09-23,C,2.3,2015-02-09
17791,2015-04-08 10:02:00,2015-04-08,0.6195,0.0,0.0,344.0,0.6195,0.6195,0.6195,10000033,2015-09-23,2015-09-23,C,2.3,2015-02-09
17792,2015-04-08 10:03:00,2015-04-08,0.6195,0.0,0.0,344.0,0.6195,0.6195,0.6195,10000033,2015-09-23,2015-09-23,C,2.3,2015-02-09
17793,2015-04-08 10:04:00,2015-04-08,0.6195,0.0,0.0,344.0,0.6195,0.6195,0.6195,10000033,2015-09-23,2015-09-23,C,2.3,2015-02-09
17794,2015-04-08 10:05:00,2015-04-08,0.6195,0.0,0.0,344.0,0.6195,0.6195,0.6195,10000033,2015-09-23,2015-09-23,C,2.3,2015-02-09
17795,2015-04-08 10:06:00,2015-04-08,0.6195,0.0,0.0,344.0,0.6195,0.6195,0.6195,10000033,2015-09-23,2015-09-23,C,2.3,2015-02-09
17796,2015-04-08 10:07:00,2015-04-08,0.6195,0.0,0.0,344.0,0.6195,0.6195,0.6195,10000033,2015-09-23,2015-09-23,C,2.3,2015-02-09
17797,2015-04-08 10:08:00,2015-04-08,0.6195,0.0,0.0,344.0,0.6195,0.6195,0.6195,10000033,2015-09-23,2015-09-23,C,2.3,2015-02-09
17798,2015-04-08 10:09:00,2015-04-08,0.6195,0.0,0.0,344.0,0.6195,0.6195,0.6195,10000033,2015-09-23,2015-09-23,C,2.3,2015-02-09
17799,2015-04-08 10:10:00,2015-04-08,0.6195,0.0,0.0,344.0,0.6195,0.6195,0.6195,10000033,2015-09-23,2015-09-23,C,2.3,2015-02-09
17800,2015-04-08 10:11:00,2015-04-08,0.6195,0.0,0.0,344.0,0.6195,0.6195,0.6195,10000033,2015-09-23,2015-09-23,C,2.3,2015-02-09
17801,2015-04-08 10:12:00,2015-04-08,0.6195,0.0,0.0,344.0,0.6195,0.6195,0.6195,10000033,2015-09-23,2015-09-23,C,2.3,2015-02-09
17802,2015-04-08 10:13:00,2015-04-08,0.6195,0.0,0.0,344.0,0.6195,0.6195,0.6195,10000033,2015-09-23,2015-09-23,C,2.3,2015-02-09
17803,2015-04-08 10:14:00,2015-04-08,0.6195,0.0,0.0,344.0,0.6195,0.6195,0.6195,10000033,2015-09-23,2015-09-23,C,2.3,2015-02-09
17804,2015-04-08 10:15:00,2015-04-08,0.6195,0.0,0.0,344.0,0.6195,0.6195,0.6195,10000033,2015-09-23,2015-09-23,C,2.3,2015-02-09
17805,2015-04-08 10:16:00,2015-04-08,0.6195,0.0,0.0,344.0,0.6195,0.6195,0.6195,10000033,2015-09-23,2015-09-23,C,2.3,2015-02-09
17806,2015-04-08 10:17:00,2015-04-08,0.6195,0.0,0.0,344.0,0.6195,0.6195,0.6195,10000033,2015-09-23,2015-09-23,C,2.3,2015-02-09
17807,2015-04-08 10:18:00,2015-04-08,0.6195,0.0,0.0,344.0,0.6195,0.6195,0.6195,10000033,2015-09-23,2015-09-23,C,2.3,2015-02-09
17808,2015-04-08 10:19:00,2015-04-08,0.6195,0.0,0.0,344.0,0.6195,0.6195,0.6195,10000033,2015-09-23,2015-09-23,C,2.3,2015-02-09
17809,2015-04-08 10:20:00,2015-04-08,0.6195,0.0,0.0,344.0,0.6195,0.6195,0.6195,10000033,2015-09-23,2015-09-23,C,2.3,2015-02-09
17810,2015-04-08 10:21:00,2015-04-08,0.6195,0.0,0.0,344.0,0.6195,0.6195,0.6195,10000033,2015-09-23,2015-09-23,C,2.3,2015-02-09
17811,2015-04-08 10:22:00,2015-04-08,0.6195,0.0,0.0,344.0,0.6195,0.6195,0.6195,10000033,2015-09-23,2015-09-23,C,2.3,2015-02-09
17812,2015-04-08 10:23:00,2015-04-08,0.6195,0.0,0.0,344.0,0.6195,0.6195,0.6195,10000033,2015-09-23,2015-09-23,C,2.3,2015-02-09
17813,2015-04-08 10:24:00,2015-04-08,0.6195,0.0,0.0,344.0,0.6195,0.6195,0.6195,10000033,2015-09-23,2015-09-23,C,2.3,2015-02-09
17814,2015-04-08 10:25:00,2015-04-08,0.6195,0.0,0.0,344.0,0.6195,0.6195,0.6195,10000033,2015-09-23,2015-09-23,C,2.3,2015-02-09
17815,2015-04-08 10:26:00,2015-04-08,0.6195,0.0,0.0,344.0,0.6195,0.6195,0.6195,10000033,2015-09-23,2015-09-23,C,2.3,2015-02-09
17816,2015-04-08 10:27:00,2015-04-08,0.6195,0.0,0.0,344.0,0.6195,0.6195,0.6195,10000033,2015-09-23,2015-09-23,C,2.3,2015-02-09
17817,2015-04-08 10:28:00,2015-04-08,0.6195,0.0,0.0,344.0,0.6195,0.6195,0.6195,10000033,2015-09-23,2015-09-23,C,2.3,2015-02-09
17818,2015-04-08 10:29:00,2015-04-08,0.6195,0.0,0.0,344.0,0.6195,0.6195,0.6195,10000033,2015-09-23,2015-09-23,C,2.3,2015-02-09
17819,2015-04-08 10:30:00,2015-04-08,0.6195,0.0,0.0,344.0,0.6195,0.6195,0.6195,10000033,2015-09-23,2015-09-23,C,2.3,2015-02-09
17820,2015-04-08 10:31:00,2015-04-08,0.6195,0.0,0.0,344.0,0.6195,0.6195,0.6195,10000033,2015-09-23,2015-09-23,C,2.3,2015-02-09
17821,2015-04-08 10:32:00,2015-04-08,0.6195,0.0,0.0,344.0,0.6195,0.6195,0.6195,10000033,2015-09-23,2015-09-23,C,2.3,2015-02-09
17822,2015-04-08 10:33:00,2015-04-08,0.6195,0.0,0.0,344.0,0.6195,0.6195,0.6195,10000033,2015-09-23,2015-09-23,C,2.3,2015-02-09
17823,2015-04-08 10:34:00,2015-04-08,0.6195,0.0,0.0,344.0,0.6195,0.6195,0.6195,10000033,2015-09-23,2015-09-23,C,2.3,2015-02-09
17824,2015-04-08 10:35:00,2015-04-08,0.6195,0.0,0.0,344.0,0.6195,0.6195,0.6195,10000033,2015-09-23,2015-09-23,C,2.3,2015-02-09
17825,2015-04-08 10:36:00,2015-04-08,0.6195,0.0,0.0,344.0,0.6195,0.6195,0.6195,10000033,2015-09-23,2015-09-23,C,2.3,2015-02-09
17826,2015-04-08 10:37:00,2015-04-08,0.6195,0.0,0.0,344.0,0.6195,0.6195,0.6195,10000033,2015-09-23,2015-09-23,C,2.3,2015-02-09
17827,2015-04-08 10:38:00,2015-04-08,0.6195,0.0,0.0,344.0,0.6195,0.6195,0.6195,10000033,2015-09-23,2015-09-23,C,2.3,2015-02-09
17828,2015-04-08 10:39:00,2015-04-08,0.6195,0.0,0.0,344.0,0.6195,0.6195,0.6195,10000033,2015-09-23,2015-09-23,C,2.3,2015-02-09
17829,2015-04-08 10:40:00,2015-04-08,0.6195,0.0,0.0,344.0,0.6195,0.6195,0.6195,10000033,2015-09-23,2015-09-23,C,2.3,2015-02-09
17830,2015-04-08 10:41:00,2015-04-08,0.6195,0.0,0.0,344.0,0.6195,0.6195,0.6195,10000033,2015-09-23,2015-09-23,C,2.3,2015-02-09
17831,2015-04-08 10:42:00,2015-04-08,0.6195,0.0,0.0,344.0,0.6195,0.6195,0.6195,10000033,2015-09-23,2015-09-23,C,2.3,2015-02-09
17832,2015-04-08 10:43:00,2015-04-08,0.6195,0.0,0.0,344.0,0.6195,0.6195,0.6195,10000033,2015-09-23,2015-09-23,C,2.3,2015-02-09
17833,2015-04-08 10:44:00,2015-04-08,0.6195,0.0,0.0,344.0,0.6195,0.6195,0.6195,10000033,2015-09-23,2015-09-23,C,2.3,2015-02-09
17834,2015-04-08 10:45:00,2015-04-08,0.6195,0.0,0.0,344.0,0.6195,0.6195,0.6195,10000033,2015-09-23,2015-09-23,C,2.3,2015-02-09
17835,2015-04-08 10:46:00,2015-04-08,0.6195,0.0,0.0,344.0,0.6195,0.6195,0.6195,10000033,2015-09-23,2015-09-23,C,2.3,2015-02-09
17836,2015-04-08 10:47:00,2015-04-08,0.6195,0.0,0.0,344.0,0.6195,0.6195,0.6195,10000033,2015-09-23,2015-09-23,C,2.3,2015-02-09
17837,2015-04-08 10:48:00,2015-04-08,0.6195,0.0,0.0,344.0,0.6195,0.6195,0.6195,10000033,2015-09-23,2015-09-23,C,2.3,2015-02-09
17838,2015-04-08 10:49:00,2015-04-08,0.6195,0.0,0.0,344.0,0.6195,0.6195,0.6195,10000033,2015-09-23,2015-09-23,C,2.3,2015-02-09
17839,2015-04-08 10:50:00,2015-04-08,0.6195,0.0,0.0,344.0,0.6195,0.6195,0.6195,10000033,2015-09-23,2015-09-23,C,2.3,2015-02-09
17840,2015-04-08 10:51:00,2015-04-08,0.6195,0.0,0.0,344.0,0.6195,0.6195,0.6195,10000033,2015-09-23,2015-09-23,C,2.3,2015-02-09
17841,2015-04-08 10:52:00,2015-04-08,0.6195,0.0,0.0,344.0,0.6195,0.6195,0.6195,10000033,2015-09-23,2015-09-23,C,2.3,2015-02-09
17842,2015-04-08 10:53:00,2015-04-08,0.6195,0.0,0.0,344.0,0.6195,0.6195,0.6195,10000033,2015-09-23,2015-09-23,C,2.3,2015-02-09
17843,2015-04-08 10:54:00,2015-04-08,0.6195,0.0,0.0,344.0,0.6195,0.6195,0.6195,10000033,2015-09-23,2015-09-23,C,2.3,2015-02-09
17844,2015-04-08 10:55:00,2015-04-08,0.6195,0.0,0.0,344.0,0.6195,0.6195,0.6195,10000033,2015-09-23,2015-09-23,C,2.3,2015-02-09
17845,2015-04-08 10:56:00,2015-04-08,0.6195,0.0,0.0,344.0,0.6195,0.6195,0.6195,10000033,2015-09-23,2015-09-23,C,2.3,2015-02-09
17846,2015-04-08 10:57:00,2015-04-08,0.6195,0.0,0.0,344.0,0.6195,0.6195,0.6195,10000033,2015-09-23,2015-09-23,C,2.3,2015-02-09
17847,2015-04-08 10:58:00,2015-04-08,0.6195,0.0,0.0,344.0,0.6195,0.6195,0.6195,10000033,2015-09-23,2015-09-23,C,2.3,2015-02-09
17848,2015-04-08 10:59:00,2015-04-08,0.6195,0.0,0.0,344.0,0.6195,0.6195,0.6195,10000033,2015-09-23,2015-09-23,C,2.3,2015-02-09
17849,2015-04-08 11:00:00,2015-04-08,0.6195,0.0,0.0,344.0,0.6195,0.6195,0.6195,10000033,2015-09-23,2015-09-23,C,2.3,2015-02-09
17850,2015-04-08 11:01:00,2015-04-08,0.6195,0.0,0.0,344.0,0.6195,0.6195,0.6195,10000033,2015-09-23,2015-09-23,C,2.3,2015-02-09
17851,2015-04-08 11:02:00,2015-04-08,0.6195,0.0,0.0,344.0,0.6195,0.6195,0.6195,10000033,2015-09-23,2015-09-23,C,2.3,2015-02-09
17852,2015-04-08 11:03:00,2015-04-08,0.6195,0.0,0.0,344.0,0.6195,0.6195,0.6195,10000033,2015-09-23,2015-09-23,C,2.3,2015-02-09
17853,2015-04-08 11:04:00,2015-04-08,0.6195,0.0,0.0,344.0,0.6195,0.6195,0.6195,10000033,2015-09-23,2015-09-23,C,2.3,2015-02-09
17854,2015-04-08 11:05:00,2015-04-08,0.6195,0.0,0.0,344.0,0.6195,0.6195,0.6195,10000033,2015-09-23,2015-09-23,C,2.3,2015-02-09
17855,2015-04-08 11:06:00,2015-04-08,0.6195,0.0,0.0,344.0,0.6195,0.6195,0.6195,10000033,2015-09-23,2015-09-23,C,2.3,2015-02-09
17856,2015-04-08 11:07:00,2015-04-08,0.6195,0.0,0.0,344.0,0.6195,0.6195,0.6195,10000033,2015-09-23,2015-09-23,C,2.3,2015-02-09
17857,2015-04-08 11:08:00,2015-04-08,0.6195,0.0,0.0,344.0,0.6195,0.6195,0.6195,10000033,2015-09-23,2015-09-23,C,2.3,2015-02-09
17858,2015-04-08 11:09:00,2015-04-08,0.6195,0.0,0.0,344.0,0.6195,0.6195,0.6195,10000033,2015-09-23,2015-09-23,C,2.3,2015-02-09
17859,2015-04-08 11:10:00,2015-04-08,0.6195,0.0,0.0,344.0,0.6195,0.6195,0.6195,10000033,2015-09-23,2015-09-23,C,2.3,2015-02-09
17860,2015-04-08 11:11:00,2015-04-08,0.6195,0.0,0.0,344.0,0.6195,0.6195,0.6195,10000033,2015-09-23,2015-09-23,C,2.3,2015-02-09
17861,2015-04-08 11:12:00,2015-04-08,0.6195,0.0,0.0,344.0,0.6195,0.6195,0.6195,10000033,2015-09-23,2015-09-23,C,2.3,2015-02-09
17862,2015-04-08 11:13:00,2015-04-08,0.6195,0.0,0.0,344.0,0.6195,0.6195,0.6195,10000033,2015-09-23,2015-09-23,C,2.3,2015-02-09
17863,2015-04-08 11:14:00,2015-04-08,0.6195,0.0,0.0,344.0,0.6195,0.6195,0.6195,10000033,2015-09-23,2015-09-23,C,2.3,2015-02-09
17864,2015-04-08 11:15:00,2015-04-08,0.6195,0.0,0.0,344.0,0.6195,0.6195,0.6195,10000033,2015-09-23,2015-09-23,C,2.3,2015-02-09
17865,2015-04-08 11:16:00,2015-04-08,0.6195,0.0,0.0,344.0,0.6195,0.6195,0.6195,10000033,2015-09-23,2015-09-23,C,2.3,2015-02-09
17866,2015-04-08 11:17:00,2015-04-08,0.6195,0.0,0.0,344.0,0.6195,0.6195,0.6195,10000033,2015-09-23,2015-09-23,C,2.3,2015-02-09
17867,2015-04-08 11:18:00,2015-04-08,0.6195,0.0,0.0,344.0,0.6195,0.6195,0.6195,10000033,2015-09-23,2015-09-23,C,2.3,2015-02-09
17868,2015-04-08 11:19:00,2015-04-08,0.6195,0.0,0.0,344.0,0.6195,0.6195,0.6195,10000033,2015-09-23,2015-09-23,C,2.3,2015-02-09
17869,2015-04-08 11:20:00,2015-04-08,0.6195,0.0,0.0,344.0,0.6195,0.6195,0.6195,10000033,2015-09-23,2015-09-23,C,2.3,2015-02-09
17870,2015-04-08 11:21:00,2015-04-08,0.6195,0.0,0.0,344.0,0.6195,0.6195,0.6195,10000033,2015-09-23,2015-09-23,C,2.3,2015-02-09
17871,2015-04-08 11:22:00,2015-04-08,0.6195,0.0,0.0,344.0,0.6195,0.6195,0.6195,10000033,2015-09-23,2015-09-23,C,2.3,2015-02-09
17872,2015-04-08 11:23:00,2015-04-08,0.6195,0.0,0.0,344.0,0.6195,0.6195,0.6195,10000033,2015-09-23,2015-09-23,C,2.3,2015-02-09
17873,2015-04-08 11:24:00,2015-04-08,0.6195,0.0,0.0,344.0,0.6195,0.6195,0.6195,10000033,2015-09-23,2015-09-23,C,2.3,2015-02-09
17874,2015-04-08 11:25:00,2015-04-08,0.6195,0.0,0.0,344.0,0.6195,0.6195,0.6195,10000033,2015-09-23,2015-09-23,C,2.3,2015-02-09
17875,2015-04-08 11:26:00,2015-04-08,0.6195,0.0,0.0,344.0,0.6195,0.6195,0.6195,10000033,2015-09-23,2015-09-23,C,2.3,2015-02-09
17876,2015-04-08 11:27:00,2015-04-08,0.6195,0.0,0.0,344.0,0.6195,0.6195,0.6195,10000033,2015-09-23,2015-09-23,C,2.3,2015-02-09
17877,2015-04-08 11:28:00,2015-04-08,0.6195,0.0,0.0,344.0,0.6195,0.6195,0.6195,10000033,2015-09-23,2015-09-23,C,2.3,2015-02-09
17878,2015-04-08 11:29:00,2015-04-08,0.6195,0.0,0.0,344.0,0.6195,0.6195,0.6195,10000033,2015-09-23,2015-09-23,C,2.3,2015-02-09
17879,2015-04-08 11:30:00,2015-04-08,0.6195,0.0,0.0,344.0,0.6195,0.6195,0.6195,10000033,2015-09-23,2015-09-23,C,2.3,2015-02-09
17880,2015-04-08 13:01:00,2015-04-08,0.6195,0.0,0.0,344.0,0.6195,0.6195,0.6195,10000033,2015-09-23,2015-09-23,C,2.3,2015-02-09
17881,2015-04-08 13:02:00,2015-04-08,0.6195,0.0,0.0,344.0,0.6195,0.6195,0.6195,10000033,2015-09-23,2015-09-23,C,2.3,2015-02-09
17882,2015-04-08 13:03:00,2015-04-08,0.6195,0.0,0.0,344.0,0.6195,0.6195,0.6195,10000033,2015-09-23,2015-09-23,C,2.3,2015-02-09
17883,2015-04-08 13:04:00,2015-04-08,0.6195,0.0,0.0,344.0,0.6195,0.6195,0.6195,10000033,2015-09-23,2015-09-23,C,2.3,2015-02-09
17884,2015-04-08 13:05:00,2015-04-08,0.6195,0.0,0.0,344.0,0.6195,0.6195,0.6195,10000033,2015-09-23,2015-09-23,C,2.3,2015-02-09
17885,2015-04-08 13:06:00,2015-04-08,0.6195,0.0,0.0,344.0,0.6195,0.6195,0.6195,10000033,2015-09-23,2015-09-23,C,2.3,2015-02-09
17886,2015-04-08 13:07:00,2015-04-08,0.6195,0.0,0.0,344.0,0.6195,0.6195,0.6195,10000033,2015-09-23,2015-09-23,C,2.3,2015-02-09
17887,2015-04-08 13:08:00,2015-04-08,0.6195,0.0,0.0,344.0,0.6195,0.6195,0.6195,10000033,2015-09-23,2015-09-23,C,2.3,2015-02-09
17888,2015-04-08 13:09:00,2015-04-08,0.6195,0.0,0.0,344.0,0.6195,0.6195,0.6195,10000033,2015-09-23,2015-09-23,C,2.3,2015-02-09
17889,2015-04-08 13:10:00,2015-04-08,0.6195,0.0,0.0,344.0,0.6195,0.6195,0.6195,10000033,2015-09-23,2015-09-23,C,2.3,2015-02-09
17890,2015-04-08 13:11:00,2015-04-08,0.6195,0.0,0.0,344.0,0.6195,0.6195,0.6195,10000033,2015-09-23,2015-09-23,C,2.3,2015-02-09
17891,2015-04-08 13:12:00,2015-04-08,0.6195,0.0,0.0,344.0,0.6195,0.6195,0.6195,10000033,2015-09-23,2015-09-23,C,2.3,2015-02-09
17892,2015-04-08 13:13:00,2015-04-08,0.6195,0.0,0.0,344.0,0.6195,0.6195,0.6195,10000033,2015-09-23,2015-09-23,C,2.3,2015-02-09
17893,2015-04-08 13:14:00,2015-04-08,0.6195,0.0,0.0,344.0,0.6195,0.6195,0.6195,10000033,2015-09-23,2015-09-23,C,2.3,2015-02-09
17894,2015-04-08 13:15:00,2015-04-08,0.6195,0.0,0.0,344.0,0.6195,0.6195,0.6195,10000033,2015-09-23,2015-09-23,C,2.3,2015-02-09
17895,2015-04-08 13:16:00,2015-04-08,0.6195,0.0,0.0,344.0,0.6195,0.6195,0.6195,10000033,2015-09-23,2015-09-23,C,2.3,2015-02-09
17896,2015-04-08 13:17:00,2015-04-08,0.6195,0.0,0.0,344.0,0.6195,0.6195,0.6195,10000033,2015-09-23,2015-09-23,C,2.3,2015-02-09
17897,2015-04-08 13:18:00,2015-04-08,0.6195,0.0,0.0,344.0,0.6195,0.6195,0.6195,10000033,2015-09-23,2015-09-23,C,2.3,2015-02-09
17898,2015-04-08 13:19:00,2015-04-08,0.6195,0.0,0.0,344.0,0.6195,0.6195,0.6195,10000033,2015-09-23,2015-09-23,C,2.3,2015-02-09
17899,2015-04-08 13:20:00,2015-04-08,0.6195,0.0,0.0,344.0,0.6195,0.6195,0.6195,10000033,2015-09-23,2015-09-23,C,2.3,2015-02-09
17900,2015-04-08 13:21:00,2015-04-08,0.6195,0.0,0.0,344.0,0.6195,0.6195,0.6195,10000033,2015-09-23,2015-09-23,C,2.3,2015-02-09
17901,2015-04-08 13:22:00,2015-04-08,0.6195,0.0,0.0,344.0,0.6195,0.6195,0.6195,10000033,2015-09-23,2015-09-23,C,2.3,2015-02-09
17902,2015-04-08 13:23:00,2015-04-08,0.6195,0.0,0.0,344.0,0.6195,0.6195,0.6195,10000033,2015-09-23,2015-09-23,C,2.3,2015-02-09
17903,2015-04-08 13:24:00,2015-04-08,0.6195,0.0,0.0,344.0,0.6195,0.6195,0.6195,10000033,2015-09-23,2015-09-23,C,2.3,2015-02-09
17904,2015-04-08 13:25:00,2015-04-08,0.6195,0.0,0.0,344.0,0.6195,0.6195,0.6195,10000033,2015-09-23,2015-09-23,C,2.3,2015-02-09
17905,2015-04-08 13:26:00,2015-04-08,0.6195,0.0,0.0,344.0,0.6195,0.6195,0.6195,10000033,2015-09-23,2015-09-23,C,2.3,2015-02-09
17906,2015-04-08 13:27:00,2015-04-08,0.6195,0.0,0.0,344.0,0.6195,0.6195,0.6195,10000033,2015-09-23,2015-09-23,C,2.3,2015-02-09
17907,2015-04-08 13:28:00,2015-04-08,0.6195,0.0,0.0,344.0,0.6195,0.6195,0.6195,10000033,2015-09-23,2015-09-23,C,2.3,2015-02-09
17908,2015-04-08 13:29:00,2015-04-08,0.6195,0.0,0.0,344.0,0.6195,0.6195,0.6195,10000033,2015-09-23,2015-09-23,C,2.3,2015-02-09
17909,2015-04-08 13:30:00,2015-04-08,0.6195,0.0,0.0,344.0,0.6195,0.6195,0.6195,10000033,2015-09-23,2015-09-23,C,2.3,2015-02-09
17910,2015-04-08 13:31:00,2015-04-08,0.6195,0.0,0.0,344.0,0.6195,0.6195,0.6195,10000033,2015-09-23,2015-09-23,C,2.3,2015-02-09
17911,2015-04-08 13:32:00,2015-04-08,0.6195,0.0,0.0,344.0,0.6195,0.6195,0.6195,10000033,2015-09-23,2015-09-23,C,2.3,2015-02-09
17912,2015-04-08 13:33:00,2015-04-08,0.6195,0.0,0.0,344.0,0.6195,0.6195,0.6195,10000033,2015-09-23,2015-09-23,C,2.3,2015-02-09
17913,2015-04-08 13:34:00,2015-04-08,0.6195,0.0,0.0,344.0,0.6195,0.6195,0.6195,10000033,2015-09-23,2015-09-23,C,2.3,2015-02-09
17914,2015-04-08 13:35:00,2015-04-08,0.6906,55248.0,8.0,344.0,0.6906,0.6906,0.6906,10000033,2015-09-23,2015-09-23,C,2.3,2015-02-09
17915,2015-04-08 13:36:00,2015-04-08,0.6906,0.0,0.0,344.0,0.6906,0.6906,0.6906,10000033,2015-09-23,2015-09-23,C,2.3,2015-02-09
17916,2015-04-08 13:37:00,2015-04-08,0.6906,0.0,0.0,344.0,0.6906,0.6906,0.6906,10000033,2015-09-23,2015-09-23,C,2.3,2015-02-09
17917,2015-04-08 13:38:00,2015-04-08,0.6906,0.0,0.0,344.0,0.6906,0.6906,0.6906,10000033,2015-09-23,2015-09-23,C,2.3,2015-02-09
17918,2015-04-08 13:39:00,2015-04-08,0.6906,0.0,0.0,344.0,0.6906,0.6906,0.6906,10000033,2015-09-23,2015-09-23,C,2.3,2015-02-09
17919,2015-04-08 13:40:00,2015-04-08,0.6906,0.0,0.0,344.0,0.6906,0.6906,0.6906,10000033,2015-09-23,2015-09-23,C,2.3,2015-02-09
17920,2015-04-08 13:41:00,2015-04-08,0.6906,0.0,0.0,344.0,0.6906,0.6906,0.6906,10000033,2015-09-23,2015-09-23,C,2.3,2015-02-09
17921,2015-04-08 13:42:00,2015-04-08,0.6906,0.0,0.0,344.0,0.6906,0.6906,0.6906,10000033,2015-09-23,2015-09-23,C,2.3,2015-02-09
17922,2015-04-08 13:43:00,2015-04-08,0.6906,0.0,0.0,344.0,0.6906,0.6906,0.6906,10000033,2015-09-23,2015-09-23,C,2.3,2015-02-09
17923,2015-04-08 13:44:00,2015-04-08,0.6906,0.0,0.0,344.0,0.6906,0.6906,0.6906,10000033,2015-09-23,2015-09-23,C,2.3,2015-02-09
17924,2015-04-08 13:45:00,2015-04-08,0.6906,0.0,0.0,344.0,0.6906,0.6906,0.6906,10000033,2015-09-23,2015-09-23,C,2.3,2015-02-09
17925,2015-04-08 13:46:00,2015-04-08,0.6906,0.0,0.0,344.0,0.6906,0.6906,0.6906,10000033,2015-09-23,2015-09-23,C,2.3,2015-02-09
17926,2015-04-08 13:47:00,2015-04-08,0.6906,0.0,0.0,344.0,0.6906,0.6906,0.6906,10000033,2015-09-23,2015-09-23,C,2.3,2015-02-09
17927,2015-04-08 13:48:00,2015-04-08,0.6906,0.0,0.0,344.0,0.6906,0.6906,0.6906,10000033,2015-09-23,2015-09-23,C,2.3,2015-02-09
17928,2015-04-08 13:49:00,2015-04-08,0.6906,0.0,0.0,344.0,0.6906,0.6906,0.6906,10000033,2015-09-23,2015-09-23,C,2.3,2015-02-09
17929,2015-04-08 13:50:00,2015-04-08,0.6906,0.0,0.0,344.0,0.6906,0.6906,0.6906,10000033,2015-09-23,2015-09-23,C,2.3,2015-02-09
17930,2015-04-08 13:51:00,2015-04-08,0.6906,0.0,0.0,344.0,0.6906,0.6906,0.6906,10000033,2015-09-23,2015-09-23,C,2.3,2015-02-09
17931,2015-04-08 13:52:00,2015-04-08,0.6906,0.0,0.0,344.0,0.6906,0.6906,0.6906,10000033,2015-09-23,2015-09-23,C,2.3,2015-02-09
17932,2015-04-08 13:53:00,2015-04-08,0.6906,0.0,0.0,344.0,0.6906,0.6906,0.6906,10000033,2015-09-23,2015-09-23,C,2.3,2015-02-09
17933,2015-04-08 13:54:00,2015-04-08,0.6906,0.0,0.0,344.0,0.6906,0.6906,0.6906,10000033,2015-09-23,2015-09-23,C,2.3,2015-02-09
17934,2015-04-08 13:55:00,2015-04-08,0.6906,0.0,0.0,344.0,0.6906,0.6906,0.6906,10000033,2015-09-23,2015-09-23,C,2.3,2015-02-09
17935,2015-04-08 13:56:00,2015-04-08,0.6906,0.0,0.0,344.0,0.6906,0.6906,0.6906,10000033,2015-09-23,2015-09-23,C,2.3,2015-02-09
17936,2015-04-08 13:57:00,2015-04-08,0.6906,0.0,0.0,344.0,0.6906,0.6906,0.6906,10000033,2015-09-23,2015-09-23,C,2.3,2015-02-09
17937,2015-04-08 13:58:00,2015-04-08,0.6906,0.0,0.0,344.0,0.6906,0.6906,0.6906,10000033,2015-09-23,2015-09-23,C,2.3,2015-02-09
17938,2015-04-08 13:59:00,2015-04-08,0.6906,0.0,0.0,344.0,0.6906,0.6906,0.6906,10000033,2015-09-23,2015-09-23,C,2.3,2015-02-09
17939,2015-04-08 14:00:00,2015-04-08,0.6906,0.0,0.0,344.0,0.6906,0.6906,0.6906,10000033,2015-09-23,2015-09-23,C,2.3,2015-02-09
17940,2015-04-08 14:01:00,2015-04-08,0.6906,0.0,0.0,344.0,0.6906,0.6906,0.6906,10000033,2015-09-23,2015-09-23,C,2.3,2015-02-09
17941,2015-04-08 14:02:00,2015-04-08,0.6906,0.0,0.0,344.0,0.6906,0.6906,0.6906,10000033,2015-09-23,2015-09-23,C,2.3,2015-02-09
17942,2015-04-08 14:03:00,2015-04-08,0.6906,0.0,0.0,344.0,0.6906,0.6906,0.6906,10000033,2015-09-23,2015-09-23,C,2.3,2015-02-09
17943,2015-04-08 14:04:00,2015-04-08,0.6906,0.0,0.0,344.0,0.6906,0.6906,0.6906,10000033,2015-09-23,2015-09-23,C,2.3,2015-02-09
17944,2015-04-08 14:05:00,2015-04-08,0.6906,0.0,0.0,344.0,0.6906,0.6906,0.6906,10000033,2015-09-23,2015-09-23,C,2.3,2015-02-09
17945,2015-04-08 14:06:00,2015-04-08,0.6906,0.0,0.0,344.0,0.6906,0.6906,0.6906,10000033,2015-09-23,2015-09-23,C,2.3,2015-02-09
17946,2015-04-08 14:07:00,2015-04-08,0.6906,0.0,0.0,344.0,0.6906,0.6906,0.6906,10000033,2015-09-23,2015-09-23,C,2.3,2015-02-09
17947,2015-04-08 14:08:00,2015-04-08,0.6906,0.0,0.0,344.0,0.6906,0.6906,0.6906,10000033,2015-09-23,2015-09-23,C,2.3,2015-02-09
17948,2015-04-08 14:09:00,2015-04-08,0.6906,0.0,0.0,344.0,0.6906,0.6906,0.6906,10000033,2015-09-23,2015-09-23,C,2.3,2015-02-09
17949,2015-04-08 14:10:00,2015-04-08,0.6906,0.0,0.0,344.0,0.6906,0.6906,0.6906,10000033,2015-09-23,2015-09-23,C,2.3,2015-02-09
17950,2015-04-08 14:11:00,2015-04-08,0.6906,0.0,0.0,344.0,0.6906,0.6906,0.6906,10000033,2015-09-23,2015-09-23,C,2.3,2015-02-09
17951,2015-04-08 14:12:00,2015-04-08,0.6906,0.0,0.0,344.0,0.6906,0.6906,0.6906,10000033,2015-09-23,2015-09-23,C,2.3,2015-02-09
17952,2015-04-08 14:13:00,2015-04-08,0.6906,0.0,0.0,344.0,0.6906,0.6906,0.6906,10000033,2015-09-23,2015-09-23,C,2.3,2015-02-09
17953,2015-04-08 14:14:00,2015-04-08,0.6906,0.0,0.0,344.0,0.6906,0.6906,0.6906,10000033,2015-09-23,2015-09-23,C,2.3,2015-02-09
17954,2015-04-08 14:15:00,2015-04-08,0.6906,0.0,0.0,344.0,0.6906,0.6906,0.6906,10000033,2015-09-23,2015-09-23,C,2.3,2015-02-09
17955,2015-04-08 14:16:00,2015-04-08,0.6906,0.0,0.0,344.0,0.6906,0.6906,0.6906,10000033,2015-09-23,2015-09-23,C,2.3,2015-02-09
17956,2015-04-08 14:17:00,2015-04-08,0.6906,0.0,0.0,344.0,0.6906,0.6906,0.6906,10000033,2015-09-23,2015-09-23,C,2.3,2015-02-09
17957,2015-04-08 14:18:00,2015-04-08,0.6906,0.0,0.0,344.0,0.6906,0.6906,0.6906,10000033,2015-09-23,2015-09-23,C,2.3,2015-02-09
17958,2015-04-08 14:19:00,2015-04-08,0.6906,0.0,0.0,344.0,0.6906,0.6906,0.6906,10000033,2015-09-23,2015-09-23,C,2.3,2015-02-09
17959,2015-04-08 14:20:00,2015-04-08,0.6906,0.0,0.0,344.0,0.6906,0.6906,0.6906,10000033,2015-09-23,2015-09-23,C,2.3,2015-02-09
17960,2015-04-08 14:21:00,2015-04-08,0.6906,0.0,0.0,344.0,0.6906,0.6906,0.6906,10000033,2015-09-23,2015-09-23,C,2.3,2015-02-09
17961,2015-04-08 14:22:00,2015-04-08,0.6906,0.0,0.0,344.0,0.6906,0.6906,0.6906,10000033,2015-09-23,2015-09-23,C,2.3,2015-02-09
17962,2015-04-08 14:23:00,2015-04-08,0.6906,0.0,0.0,344.0,0.6906,0.6906,0.6906,10000033,2015-09-23,2015-09-23,C,2.3,2015-02-09
17963,2015-04-08 14:24:00,2015-04-08,0.6906,0.0,0.0,344.0,0.6906,0.6906,0.6906,10000033,2015-09-23,2015-09-23,C,2.3,2015-02-09
17964,2015-04-08 14:25:00,2015-04-08,0.6906,0.0,0.0,344.0,0.6906,0.6906,0.6906,10000033,2015-09-23,2015-09-23,C,2.3,2015-02-09
17965,2015-04-08 14:26:00,2015-04-08,0.6906,0.0,0.0,344.0,0.6906,0.6906,0.6906,10000033,2015-09-23,2015-09-23,C,2.3,2015-02-09
17966,2015-04-08 14:27:00,2015-04-08,0.6906,0.0,0.0,344.0,0.6906,0.6906,0.6906,10000033,2015-09-23,2015-09-23,C,2.3,2015-02-09
17967,2015-04-08 14:28:00,2015-04-08,0.6906,0.0,0.0,344.0,0.6906,0.6906,0.6906,10000033,2015-09-23,2015-09-23,C,2.3,2015-02-09
17968,2015-04-08 14:29:00,2015-04-08,0.6906,0.0,0.0,344.0,0.6906,0.6906,0.6906,10000033,2015-09-23,2015-09-23,C,2.3,2015-02-09
17969,2015-04-08 14:30:00,2015-04-08,0.6906,0.0,0.0,344.0,0.6906,0.6906,0.6906,10000033,2015-09-23,2015-09-23,C,2.3,2015-02-09
17970,2015-04-08 14:31:00,2015-04-08,0.6906,0.0,0.0,344.0,0.6906,0.6906,0.6906,10000033,2015-09-23,2015-09-23,C,2.3,2015-02-09
17971,2015-04-08 14:32:00,2015-04-08,0.6906,0.0,0.0,344.0,0.6906,0.6906,0.6906,10000033,2015-09-23,2015-09-23,C,2.3,2015-02-09
17972,2015-04-08 14:33:00,2015-04-08,0.6906,0.0,0.0,344.0,0.6906,0.6906,0.6906,10000033,2015-09-23,2015-09-23,C,2.3,2015-02-09
17973,2015-04-08 14:34:00,2015-04-08,0.6906,0.0,0.0,344.0,0.6906,0.6906,0.6906,10000033,2015-09-23,2015-09-23,C,2.3,2015-02-09
17974,2015-04-08 14:35:00,2015-04-08,0.6906,0.0,0.0,344.0,0.6906,0.6906,0.6906,10000033,2015-09-23,2015-09-23,C,2.3,2015-02-09
17975,2015-04-08 14:36:00,2015-04-08,0.6906,0.0,0.0,344.0,0.6906,0.6906,0.6906,10000033,2015-09-23,2015-09-23,C,2.3,2015-02-09
17976,2015-04-08 14:37:00,2015-04-08,0.6906,0.0,0.0,344.0,0.6906,0.6906,0.6906,10000033,2015-09-23,2015-09-23,C,2.3,2015-02-09
17977,2015-04-08 14:38:00,2015-04-08,0.6906,0.0,0.0,344.0,0.6906,0.6906,0.6906,10000033,2015-09-23,2015-09-23,C,2.3,2015-02-09
17978,2015-04-08 14:39:00,2015-04-08,0.6906,0.0,0.0,344.0,0.6906,0.6906,0.6906,10000033,2015-09-23,2015-09-23,C,2.3,2015-02-09
17979,2015-04-08 14:40:00,2015-04-08,0.6906,0.0,0.0,344.0,0.6906,0.6906,0.6906,10000033,2015-09-23,2015-09-23,C,2.3,2015-02-09
17980,2015-04-08 14:41:00,2015-04-08,0.6906,0.0,0.0,344.0,0.6906,0.6906,0.6906,10000033,2015-09-23,2015-09-23,C,2.3,2015-02-09
17981,2015-04-08 14:42:00,2015-04-08,0.6906,0.0,0.0,344.0,0.6906,0.6906,0.6906,10000033,2015-09-23,2015-09-23,C,2.3,2015-02-09
17982,2015-04-08 14:43:00,2015-04-08,0.6906,0.0,0.0,344.0,0.6906,0.6906,0.6906,10000033,2015-09-23,2015-09-23,C,2.3,2015-02-09
17983,2015-04-08 14:44:00,2015-04-08,0.6906,0.0,0.0,344.0,0.6906,0.6906,0.6906,10000033,2015-09-23,2015-09-23,C,2.3,2015-02-09
17984,2015-04-08 14:45:00,2015-04-08,0.6906,0.0,0.0,344.0,0.6906,0.6906,0.6906,10000033,2015-09-23,2015-09-23,C,2.3,2015-02-09
17985,2015-04-08 14:46:00,2015-04-08,0.6906,0.0,0.0,344.0,0.6906,0.6906,0.6906,10000033,2015-09-23,2015-09-23,C,2.3,2015-02-09
17986,2015-04-08 14:47:00,2015-04-08,0.6906,0.0,0.0,344.0,0.6906,0.6906,0.6906,10000033,2015-09-23,2015-09-23,C,2.3,2015-02-09
17987,2015-04-08 14:48:00,2015-04-08,0.6906,0.0,0.0,344.0,0.6906,0.6906,0.6906,10000033,2015-09-23,2015-09-23,C,2.3,2015-02-09
17988,2015-04-08 14:49:00,2015-04-08,0.6906,0.0,0.0,344.0,0.6906,0.6906,0.6906,10000033,2015-09-23,2015-09-23,C,2.3,2015-02-09
17989,2015-04-08 14:50:00,2015-04-08,0.6906,0.0,0.0,344.0,0.6906,0.6906,0.6906,10000033,2015-09-23,2015-09-23,C,2.3,2015-02-09
17990,2015-04-08 14:51:00,2015-04-08,0.6906,0.0,0.0,344.0,0.6906,0.6906,0.6906,10000033,2015-09-23,2015-09-23,C,2.3,2015-02-09
17991,2015-04-08 14:52:00,2015-04-08,0.6906,0.0,0.0,344.0,0.6906,0.6906,0.6906,10000033,2015-09-23,2015-09-23,C,2.3,2015-02-09
17992,2015-04-08 14:53:00,2015-04-08,0.6906,0.0,0.0,344.0,0.6906,0.6906,0.6906,10000033,2015-09-23,2015-09-23,C,2.3,2015-02-09
17993,2015-04-08 14:54:00,2015-04-08,0.6906,0.0,0.0,344.0,0.6906,0.6906,0.6906,10000033,2015-09-23,2015-09-23,C,2.3,2015-02-09
17994,2015-04-08 14:55:00,2015-04-08,0.6906,0.0,0.0,344.0,0.6906,0.6906,0.6906,10000033,2015-09-23,2015-09-23,C,2.3,2015-02-09
17995,2015-04-08 14:56:00,2015-04-08,0.6906,0.0,0.0,344.0,0.6906,0.6906,0.6906,10000033,2015-09-23,2015-09-23,C,2.3,2015-02-09
17996,2015-04-08 14:57:00,2015-04-08,0.6906,0.0,0.0,344.0,0.6906,0.6906,0.6906,10000033,2015-09-23,2015-09-23,C,2.3,2015-02-09
17997,2015-04-08 14:58:00,2015-04-08,0.6906,0.0,0.0,344.0,0.6906,0.6906,0.6906,10000033,2015-09-23,2015-09-23,C,2.3,2015-02-09
17998,2015-04-08 14:59:00,2015-04-08,0.6906,0.0,0.0,344.0,0.6906,0.6906,0.6906,10000033,2015-09-23,2015-09-23,C,2.3,2015-02-09
17999,2015-04-08 15:00:00,2015-04-08,0.6906,0.0,0.0,344.0,0.6906,0.6906,0.6906,10000033,2015-09-23,2015-09-23,C,2.3,2015-02-09
18000,2015-04-08 09:31:00,2015-04-08,0.0328,1640.0,5.0,349.0,0.033,0.0327,0.0327,10000046,2015-06-24,2015-06-24,P,2.45,2015-02-10
18001,2015-04-08 09:32:00,2015-04-08,0.0327,0.0,0.0,349.0,0.0327,0.0327,0.0327,10000046,2015-06-24,2015-06-24,P,2.45,2015-02-10
18002,2015-04-08 09:33:00,2015-04-08,0.0327,0.0,0.0,349.0,0.0327,0.0327,0.0327,10000046,2015-06-24,2015-06-24,P,2.45,2015-02-10
18003,2015-04-08 09:34:00,2015-04-08,0.0327,0.0,0.0,349.0,0.0327,0.0327,0.0327,10000046,2015-06-24,2015-06-24,P,2.45,2015-02-10
18004,2015-04-08 09:35:00,2015-04-08,0.0327,0.0,0.0,349.0,0.0327,0.0327,0.0327,10000046,2015-06-24,2015-06-24,P,2.45,2015-02-10
18005,2015-04-08 09:36:00,2015-04-08,0.0327,0.0,0.0,349.0,0.0327,0.0327,0.0327,10000046,2015-06-24,2015-06-24,P,2.45,2015-02-10
18006,2015-04-08 09:37:00,2015-04-08,0.0327,0.0,0.0,349.0,0.0327,0.0327,0.0327,10000046,2015-06-24,2015-06-24,P,2.45,2015-02-10
18007,2015-04-08 09:38:00,2015-04-08,0.0327,0.0,0.0,349.0,0.0327,0.0327,0.0327,10000046,2015-06-24,2015-06-24,P,2.45,2015-02-10
18008,2015-04-08 09:39:00,2015-04-08,0.0327,0.0,0.0,349.0,0.0327,0.0327,0.0327,10000046,2015-06-24,2015-06-24,P,2.45,2015-02-10
18009,2015-04-08 09:40:00,2015-04-08,0.0327,0.0,0.0,349.0,0.0327,0.0327,0.0327,10000046,2015-06-24,2015-06-24,P,2.45,2015-02-10
18010,2015-04-08 09:41:00,2015-04-08,0.0327,0.0,0.0,349.0,0.0327,0.0327,0.0327,10000046,2015-06-24,2015-06-24,P,2.45,2015-02-10
18011,2015-04-08 09:42:00,2015-04-08,0.0327,0.0,0.0,349.0,0.0327,0.0327,0.0327,10000046,2015-06-24,2015-06-24,P,2.45,2015-02-10
18012,2015-04-08 09:43:00,2015-04-08,0.0327,0.0,0.0,349.0,0.0327,0.0327,0.0327,10000046,2015-06-24,2015-06-24,P,2.45,2015-02-10
18013,2015-04-08 09:44:00,2015-04-08,0.0327,0.0,0.0,349.0,0.0327,0.0327,0.0327,10000046,2015-06-24,2015-06-24,P,2.45,2015-02-10
18014,2015-04-08 09:45:00,2015-04-08,0.0327,0.0,0.0,349.0,0.0327,0.0327,0.0327,10000046,2015-06-24,2015-06-24,P,2.45,2015-02-10
18015,2015-04-08 09:46:00,2015-04-08,0.0327,0.0,0.0,349.0,0.0327,0.0327,0.0327,10000046,2015-06-24,2015-06-24,P,2.45,2015-02-10
18016,2015-04-08 09:47:00,2015-04-08,0.0327,0.0,0.0,349.0,0.0327,0.0327,0.0327,10000046,2015-06-24,2015-06-24,P,2.45,2015-02-10
18017,2015-04-08 09:48:00,2015-04-08,0.0327,0.0,0.0,349.0,0.0327,0.0327,0.0327,10000046,2015-06-24,2015-06-24,P,2.45,2015-02-10
18018,2015-04-08 09:49:00,2015-04-08,0.0327,0.0,0.0,349.0,0.0327,0.0327,0.0327,10000046,2015-06-24,2015-06-24,P,2.45,2015-02-10
18019,2015-04-08 09:50:00,2015-04-08,0.0327,0.0,0.0,349.0,0.0327,0.0327,0.0327,10000046,2015-06-24,2015-06-24,P,2.45,2015-02-10
18020,2015-04-08 09:51:00,2015-04-08,0.0327,0.0,0.0,349.0,0.0327,0.0327,0.0327,10000046,2015-06-24,2015-06-24,P,2.45,2015-02-10
18021,2015-04-08 09:52:00,2015-04-08,0.0327,0.0,0.0,349.0,0.0327,0.0327,0.0327,10000046,2015-06-24,2015-06-24,P,2.45,2015-02-10
18022,2015-04-08 09:53:00,2015-04-08,0.0327,0.0,0.0,349.0,0.0327,0.0327,0.0327,10000046,2015-06-24,2015-06-24,P,2.45,2015-02-10
18023,2015-04-08 09:54:00,2015-04-08,0.0327,0.0,0.0,349.0,0.0327,0.0327,0.0327,10000046,2015-06-24,2015-06-24,P,2.45,2015-02-10
18024,2015-04-08 09:55:00,2015-04-08,0.032,960.0,3.0,349.0,0.032,0.032,0.032,10000046,2015-06-24,2015-06-24,P,2.45,2015-02-10
18025,2015-04-08 09:56:00,2015-04-08,0.032,0.0,0.0,349.0,0.032,0.032,0.032,10000046,2015-06-24,2015-06-24,P,2.45,2015-02-10
18026,2015-04-08 09:57:00,2015-04-08,0.032,0.0,0.0,349.0,0.032,0.032,0.032,10000046,2015-06-24,2015-06-24,P,2.45,2015-02-10
18027,2015-04-08 09:58:00,2015-04-08,0.0307,3070.0,10.0,349.0,0.0307,0.0307,0.0307,10000046,2015-06-24,2015-06-24,P,2.45,2015-02-10
18028,2015-04-08 09:59:00,2015-04-08,0.0307,0.0,0.0,349.0,0.0307,0.0307,0.0307,10000046,2015-06-24,2015-06-24,P,2.45,2015-02-10
18029,2015-04-08 10:00:00,2015-04-08,0.0307,0.0,0.0,349.0,0.0307,0.0307,0.0307,10000046,2015-06-24,2015-06-24,P,2.45,2015-02-10
18030,2015-04-08 10:01:00,2015-04-08,0.0307,0.0,0.0,349.0,0.0307,0.0307,0.0307,10000046,2015-06-24,2015-06-24,P,2.45,2015-02-10
18031,2015-04-08 10:02:00,2015-04-08,0.0307,0.0,0.0,349.0,0.0307,0.0307,0.0307,10000046,2015-06-24,2015-06-24,P,2.45,2015-02-10
18032,2015-04-08 10:03:00,2015-04-08,0.0307,0.0,0.0,349.0,0.0307,0.0307,0.0307,10000046,2015-06-24,2015-06-24,P,2.45,2015-02-10
18033,2015-04-08 10:04:00,2015-04-08,0.0307,0.0,0.0,349.0,0.0307,0.0307,0.0307,10000046,2015-06-24,2015-06-24,P,2.45,2015-02-10
18034,2015-04-08 10:05:00,2015-04-08,0.0307,0.0,0.0,349.0,0.0307,0.0307,0.0307,10000046,2015-06-24,2015-06-24,P,2.45,2015-02-10
18035,2015-04-08 10:06:00,2015-04-08,0.0307,0.0,0.0,349.0,0.0307,0.0307,0.0307,10000046,2015-06-24,2015-06-24,P,2.45,2015-02-10
18036,2015-04-08 10:07:00,2015-04-08,0.0307,0.0,0.0,349.0,0.0307,0.0307,0.0307,10000046,2015-06-24,2015-06-24,P,2.45,2015-02-10
18037,2015-04-08 10:08:00,2015-04-08,0.0307,0.0,0.0,349.0,0.0307,0.0307,0.0307,10000046,2015-06-24,2015-06-24,P,2.45,2015-02-10
18038,2015-04-08 10:09:00,2015-04-08,0.0307,0.0,0.0,349.0,0.0307,0.0307,0.0307,10000046,2015-06-24,2015-06-24,P,2.45,2015-02-10
18039,2015-04-08 10:10:00,2015-04-08,0.0307,0.0,0.0,349.0,0.0307,0.0307,0.0307,10000046,2015-06-24,2015-06-24,P,2.45,2015-02-10
18040,2015-04-08 10:11:00,2015-04-08,0.0307,0.0,0.0,349.0,0.0307,0.0307,0.0307,10000046,2015-06-24,2015-06-24,P,2.45,2015-02-10
18041,2015-04-08 10:12:00,2015-04-08,0.0316,1580.0,5.0,354.0,0.0316,0.0316,0.0316,10000046,2015-06-24,2015-06-24,P,2.45,2015-02-10
18042,2015-04-08 10:13:00,2015-04-08,0.0316,0.0,0.0,354.0,0.0316,0.0316,0.0316,10000046,2015-06-24,2015-06-24,P,2.45,2015-02-10
18043,2015-04-08 10:14:00,2015-04-08,0.0316,0.0,0.0,354.0,0.0316,0.0316,0.0316,10000046,2015-06-24,2015-06-24,P,2.45,2015-02-10
18044,2015-04-08 10:15:00,2015-04-08,0.0316,0.0,0.0,354.0,0.0316,0.0316,0.0316,10000046,2015-06-24,2015-06-24,P,2.45,2015-02-10
18045,2015-04-08 10:16:00,2015-04-08,0.0316,0.0,0.0,354.0,0.0316,0.0316,0.0316,10000046,2015-06-24,2015-06-24,P,2.45,2015-02-10
18046,2015-04-08 10:17:00,2015-04-08,0.0316,0.0,0.0,354.0,0.0316,0.0316,0.0316,10000046,2015-06-24,2015-06-24,P,2.45,2015-02-10
18047,2015-04-08 10:18:00,2015-04-08,0.0316,0.0,0.0,354.0,0.0316,0.0316,0.0316,10000046,2015-06-24,2015-06-24,P,2.45,2015-02-10
18048,2015-04-08 10:19:00,2015-04-08,0.0316,0.0,0.0,354.0,0.0316,0.0316,0.0316,10000046,2015-06-24,2015-06-24,P,2.45,2015-02-10
18049,2015-04-08 10:20:00,2015-04-08,0.0316,0.0,0.0,354.0,0.0316,0.0316,0.0316,10000046,2015-06-24,2015-06-24,P,2.45,2015-02-10
18050,2015-04-08 10:21:00,2015-04-08,0.0316,0.0,0.0,354.0,0.0316,0.0316,0.0316,10000046,2015-06-24,2015-06-24,P,2.45,2015-02-10
18051,2015-04-08 10:22:00,2015-04-08,0.0316,0.0,0.0,354.0,0.0316,0.0316,0.0316,10000046,2015-06-24,2015-06-24,P,2.45,2015-02-10
18052,2015-04-08 10:23:00,2015-04-08,0.0316,0.0,0.0,354.0,0.0316,0.0316,0.0316,10000046,2015-06-24,2015-06-24,P,2.45,2015-02-10
18053,2015-04-08 10:24:00,2015-04-08,0.0316,0.0,0.0,354.0,0.0316,0.0316,0.0316,10000046,2015-06-24,2015-06-24,P,2.45,2015-02-10
18054,2015-04-08 10:25:00,2015-04-08,0.0316,0.0,0.0,354.0,0.0316,0.0316,0.0316,10000046,2015-06-24,2015-06-24,P,2.45,2015-02-10
18055,2015-04-08 10:26:00,2015-04-08,0.0316,0.0,0.0,354.0,0.0316,0.0316,0.0316,10000046,2015-06-24,2015-06-24,P,2.45,2015-02-10
18056,2015-04-08 10:27:00,2015-04-08,0.0316,0.0,0.0,354.0,0.0316,0.0316,0.0316,10000046,2015-06-24,2015-06-24,P,2.45,2015-02-10
18057,2015-04-08 10:28:00,2015-04-08,0.0316,0.0,0.0,354.0,0.0316,0.0316,0.0316,10000046,2015-06-24,2015-06-24,P,2.45,2015-02-10
18058,2015-04-08 10:29:00,2015-04-08,0.0316,0.0,0.0,354.0,0.0316,0.0316,0.0316,10000046,2015-06-24,2015-06-24,P,2.45,2015-02-10
18059,2015-04-08 10:30:00,2015-04-08,0.0316,0.0,0.0,354.0,0.0316,0.0316,0.0316,10000046,2015-06-24,2015-06-24,P,2.45,2015-02-10
18060,2015-04-08 10:31:00,2015-04-08,0.0316,0.0,0.0,354.0,0.0316,0.0316,0.0316,10000046,2015-06-24,2015-06-24,P,2.45,2015-02-10
18061,2015-04-08 10:32:00,2015-04-08,0.0316,0.0,0.0,354.0,0.0316,0.0316,0.0316,10000046,2015-06-24,2015-06-24,P,2.45,2015-02-10
18062,2015-04-08 10:33:00,2015-04-08,0.0316,0.0,0.0,354.0,0.0316,0.0316,0.0316,10000046,2015-06-24,2015-06-24,P,2.45,2015-02-10
18063,2015-04-08 10:34:00,2015-04-08,0.0316,0.0,0.0,354.0,0.0316,0.0316,0.0316,10000046,2015-06-24,2015-06-24,P,2.45,2015-02-10
18064,2015-04-08 10:35:00,2015-04-08,0.0316,0.0,0.0,354.0,0.0316,0.0316,0.0316,10000046,2015-06-24,2015-06-24,P,2.45,2015-02-10
18065,2015-04-08 10:36:00,2015-04-08,0.0316,0.0,0.0,354.0,0.0316,0.0316,0.0316,10000046,2015-06-24,2015-06-24,P,2.45,2015-02-10
18066,2015-04-08 10:37:00,2015-04-08,0.0316,0.0,0.0,354.0,0.0316,0.0316,0.0316,10000046,2015-06-24,2015-06-24,P,2.45,2015-02-10
18067,2015-04-08 10:38:00,2015-04-08,0.0316,0.0,0.0,354.0,0.0316,0.0316,0.0316,10000046,2015-06-24,2015-06-24,P,2.45,2015-02-10
18068,2015-04-08 10:39:00,2015-04-08,0.0316,0.0,0.0,354.0,0.0316,0.0316,0.0316,10000046,2015-06-24,2015-06-24,P,2.45,2015-02-10
18069,2015-04-08 10:40:00,2015-04-08,0.0316,0.0,0.0,354.0,0.0316,0.0316,0.0316,10000046,2015-06-24,2015-06-24,P,2.45,2015-02-10
18070,2015-04-08 10:41:00,2015-04-08,0.0316,0.0,0.0,354.0,0.0316,0.0316,0.0316,10000046,2015-06-24,2015-06-24,P,2.45,2015-02-10
18071,2015-04-08 10:42:00,2015-04-08,0.0316,0.0,0.0,354.0,0.0316,0.0316,0.0316,10000046,2015-06-24,2015-06-24,P,2.45,2015-02-10
18072,2015-04-08 10:43:00,2015-04-08,0.0316,0.0,0.0,354.0,0.0316,0.0316,0.0316,10000046,2015-06-24,2015-06-24,P,2.45,2015-02-10
18073,2015-04-08 10:44:00,2015-04-08,0.0316,0.0,0.0,354.0,0.0316,0.0316,0.0316,10000046,2015-06-24,2015-06-24,P,2.45,2015-02-10
18074,2015-04-08 10:45:00,2015-04-08,0.0316,0.0,0.0,354.0,0.0316,0.0316,0.0316,10000046,2015-06-24,2015-06-24,P,2.45,2015-02-10
18075,2015-04-08 10:46:00,2015-04-08,0.0316,0.0,0.0,354.0,0.0316,0.0316,0.0316,10000046,2015-06-24,2015-06-24,P,2.45,2015-02-10
18076,2015-04-08 10:47:00,2015-04-08,0.0316,0.0,0.0,354.0,0.0316,0.0316,0.0316,10000046,2015-06-24,2015-06-24,P,2.45,2015-02-10
18077,2015-04-08 10:48:00,2015-04-08,0.0316,0.0,0.0,354.0,0.0316,0.0316,0.0316,10000046,2015-06-24,2015-06-24,P,2.45,2015-02-10
18078,2015-04-08 10:49:00,2015-04-08,0.0316,0.0,0.0,354.0,0.0316,0.0316,0.0316,10000046,2015-06-24,2015-06-24,P,2.45,2015-02-10
18079,2015-04-08 10:50:00,2015-04-08,0.0316,0.0,0.0,354.0,0.0316,0.0316,0.0316,10000046,2015-06-24,2015-06-24,P,2.45,2015-02-10
18080,2015-04-08 10:51:00,2015-04-08,0.0316,0.0,0.0,354.0,0.0316,0.0316,0.0316,10000046,2015-06-24,2015-06-24,P,2.45,2015-02-10
18081,2015-04-08 10:52:00,2015-04-08,0.0316,0.0,0.0,354.0,0.0316,0.0316,0.0316,10000046,2015-06-24,2015-06-24,P,2.45,2015-02-10
18082,2015-04-08 10:53:00,2015-04-08,0.0316,0.0,0.0,354.0,0.0316,0.0316,0.0316,10000046,2015-06-24,2015-06-24,P,2.45,2015-02-10
18083,2015-04-08 10:54:00,2015-04-08,0.0316,0.0,0.0,354.0,0.0316,0.0316,0.0316,10000046,2015-06-24,2015-06-24,P,2.45,2015-02-10
18084,2015-04-08 10:55:00,2015-04-08,0.0316,0.0,0.0,354.0,0.0316,0.0316,0.0316,10000046,2015-06-24,2015-06-24,P,2.45,2015-02-10
18085,2015-04-08 10:56:00,2015-04-08,0.0316,0.0,0.0,354.0,0.0316,0.0316,0.0316,10000046,2015-06-24,2015-06-24,P,2.45,2015-02-10
18086,2015-04-08 10:57:00,2015-04-08,0.0316,0.0,0.0,354.0,0.0316,0.0316,0.0316,10000046,2015-06-24,2015-06-24,P,2.45,2015-02-10
18087,2015-04-08 10:58:00,2015-04-08,0.0316,0.0,0.0,354.0,0.0316,0.0316,0.0316,10000046,2015-06-24,2015-06-24,P,2.45,2015-02-10
18088,2015-04-08 10:59:00,2015-04-08,0.0316,0.0,0.0,354.0,0.0316,0.0316,0.0316,10000046,2015-06-24,2015-06-24,P,2.45,2015-02-10
18089,2015-04-08 11:00:00,2015-04-08,0.0316,0.0,0.0,354.0,0.0316,0.0316,0.0316,10000046,2015-06-24,2015-06-24,P,2.45,2015-02-10
18090,2015-04-08 11:01:00,2015-04-08,0.0316,0.0,0.0,354.0,0.0316,0.0316,0.0316,10000046,2015-06-24,2015-06-24,P,2.45,2015-02-10
18091,2015-04-08 11:02:00,2015-04-08,0.0316,0.0,0.0,354.0,0.0316,0.0316,0.0316,10000046,2015-06-24,2015-06-24,P,2.45,2015-02-10
18092,2015-04-08 11:03:00,2015-04-08,0.0316,0.0,0.0,354.0,0.0316,0.0316,0.0316,10000046,2015-06-24,2015-06-24,P,2.45,2015-02-10
18093,2015-04-08 11:04:00,2015-04-08,0.0316,0.0,0.0,354.0,0.0316,0.0316,0.0316,10000046,2015-06-24,2015-06-24,P,2.45,2015-02-10
18094,2015-04-08 11:05:00,2015-04-08,0.0316,0.0,0.0,354.0,0.0316,0.0316,0.0316,10000046,2015-06-24,2015-06-24,P,2.45,2015-02-10
18095,2015-04-08 11:06:00,2015-04-08,0.0316,0.0,0.0,354.0,0.0316,0.0316,0.0316,10000046,2015-06-24,2015-06-24,P,2.45,2015-02-10
18096,2015-04-08 11:07:00,2015-04-08,0.0316,0.0,0.0,354.0,0.0316,0.0316,0.0316,10000046,2015-06-24,2015-06-24,P,2.45,2015-02-10
18097,2015-04-08 11:08:00,2015-04-08,0.0316,0.0,0.0,354.0,0.0316,0.0316,0.0316,10000046,2015-06-24,2015-06-24,P,2.45,2015-02-10
18098,2015-04-08 11:09:00,2015-04-08,0.0316,0.0,0.0,354.0,0.0316,0.0316,0.0316,10000046,2015-06-24,2015-06-24,P,2.45,2015-02-10
18099,2015-04-08 11:10:00,2015-04-08,0.0316,0.0,0.0,354.0,0.0316,0.0316,0.0316,10000046,2015-06-24,2015-06-24,P,2.45,2015-02-10
18100,2015-04-08 11:11:00,2015-04-08,0.0316,0.0,0.0,354.0,0.0316,0.0316,0.0316,10000046,2015-06-24,2015-06-24,P,2.45,2015-02-10
18101,2015-04-08 11:12:00,2015-04-08,0.0316,0.0,0.0,354.0,0.0316,0.0316,0.0316,10000046,2015-06-24,2015-06-24,P,2.45,2015-02-10
18102,2015-04-08 11:13:00,2015-04-08,0.0316,0.0,0.0,354.0,0.0316,0.0316,0.0316,10000046,2015-06-24,2015-06-24,P,2.45,2015-02-10
18103,2015-04-08 11:14:00,2015-04-08,0.0316,0.0,0.0,354.0,0.0316,0.0316,0.0316,10000046,2015-06-24,2015-06-24,P,2.45,2015-02-10
18104,2015-04-08 11:15:00,2015-04-08,0.0316,0.0,0.0,354.0,0.0316,0.0316,0.0316,10000046,2015-06-24,2015-06-24,P,2.45,2015-02-10
18105,2015-04-08 11:16:00,2015-04-08,0.0316,0.0,0.0,354.0,0.0316,0.0316,0.0316,10000046,2015-06-24,2015-06-24,P,2.45,2015-02-10
18106,2015-04-08 11:17:00,2015-04-08,0.0316,0.0,0.0,354.0,0.0316,0.0316,0.0316,10000046,2015-06-24,2015-06-24,P,2.45,2015-02-10
18107,2015-04-08 11:18:00,2015-04-08,0.0316,0.0,0.0,354.0,0.0316,0.0316,0.0316,10000046,2015-06-24,2015-06-24,P,2.45,2015-02-10
18108,2015-04-08 11:19:00,2015-04-08,0.0316,0.0,0.0,354.0,0.0316,0.0316,0.0316,10000046,2015-06-24,2015-06-24,P,2.45,2015-02-10
18109,2015-04-08 11:20:00,2015-04-08,0.0316,0.0,0.0,354.0,0.0316,0.0316,0.0316,10000046,2015-06-24,2015-06-24,P,2.45,2015-02-10
18110,2015-04-08 11:21:00,2015-04-08,0.0316,0.0,0.0,354.0,0.0316,0.0316,0.0316,10000046,2015-06-24,2015-06-24,P,2.45,2015-02-10
18111,2015-04-08 11:22:00,2015-04-08,0.0316,0.0,0.0,354.0,0.0316,0.0316,0.0316,10000046,2015-06-24,2015-06-24,P,2.45,2015-02-10
18112,2015-04-08 11:23:00,2015-04-08,0.0316,0.0,0.0,354.0,0.0316,0.0316,0.0316,10000046,2015-06-24,2015-06-24,P,2.45,2015-02-10
18113,2015-04-08 11:24:00,2015-04-08,0.0316,0.0,0.0,354.0,0.0316,0.0316,0.0316,10000046,2015-06-24,2015-06-24,P,2.45,2015-02-10
18114,2015-04-08 11:25:00,2015-04-08,0.0316,0.0,0.0,354.0,0.0316,0.0316,0.0316,10000046,2015-06-24,2015-06-24,P,2.45,2015-02-10
18115,2015-04-08 11:26:00,2015-04-08,0.0316,0.0,0.0,354.0,0.0316,0.0316,0.0316,10000046,2015-06-24,2015-06-24,P,2.45,2015-02-10
18116,2015-04-08 11:27:00,2015-04-08,0.0316,0.0,0.0,354.0,0.0316,0.0316,0.0316,10000046,2015-06-24,2015-06-24,P,2.45,2015-02-10
18117,2015-04-08 11:28:00,2015-04-08,0.0316,0.0,0.0,354.0,0.0316,0.0316,0.0316,10000046,2015-06-24,2015-06-24,P,2.45,2015-02-10
18118,2015-04-08 11:29:00,2015-04-08,0.0316,0.0,0.0,354.0,0.0316,0.0316,0.0316,10000046,2015-06-24,2015-06-24,P,2.45,2015-02-10
18119,2015-04-08 11:30:00,2015-04-08,0.0316,0.0,0.0,354.0,0.0316,0.0316,0.0316,10000046,2015-06-24,2015-06-24,P,2.45,2015-02-10
18120,2015-04-08 13:01:00,2015-04-08,0.0316,0.0,0.0,354.0,0.0316,0.0316,0.0316,10000046,2015-06-24,2015-06-24,P,2.45,2015-02-10
18121,2015-04-08 13:02:00,2015-04-08,0.0316,0.0,0.0,354.0,0.0316,0.0316,0.0316,10000046,2015-06-24,2015-06-24,P,2.45,2015-02-10
18122,2015-04-08 13:03:00,2015-04-08,0.0316,0.0,0.0,354.0,0.0316,0.0316,0.0316,10000046,2015-06-24,2015-06-24,P,2.45,2015-02-10
18123,2015-04-08 13:04:00,2015-04-08,0.0316,0.0,0.0,354.0,0.0316,0.0316,0.0316,10000046,2015-06-24,2015-06-24,P,2.45,2015-02-10
18124,2015-04-08 13:05:00,2015-04-08,0.0316,0.0,0.0,354.0,0.0316,0.0316,0.0316,10000046,2015-06-24,2015-06-24,P,2.45,2015-02-10
18125,2015-04-08 13:06:00,2015-04-08,0.0316,0.0,0.0,354.0,0.0316,0.0316,0.0316,10000046,2015-06-24,2015-06-24,P,2.45,2015-02-10
18126,2015-04-08 13:07:00,2015-04-08,0.0316,0.0,0.0,354.0,0.0316,0.0316,0.0316,10000046,2015-06-24,2015-06-24,P,2.45,2015-02-10
18127,2015-04-08 13:08:00,2015-04-08,0.0316,0.0,0.0,354.0,0.0316,0.0316,0.0316,10000046,2015-06-24,2015-06-24,P,2.45,2015-02-10
18128,2015-04-08 13:09:00,2015-04-08,0.0316,0.0,0.0,354.0,0.0316,0.0316,0.0316,10000046,2015-06-24,2015-06-24,P,2.45,2015-02-10
18129,2015-04-08 13:10:00,2015-04-08,0.0316,0.0,0.0,354.0,0.0316,0.0316,0.0316,10000046,2015-06-24,2015-06-24,P,2.45,2015-02-10
18130,2015-04-08 13:11:00,2015-04-08,0.0316,0.0,0.0,354.0,0.0316,0.0316,0.0316,10000046,2015-06-24,2015-06-24,P,2.45,2015-02-10
18131,2015-04-08 13:12:00,2015-04-08,0.0316,0.0,0.0,354.0,0.0316,0.0316,0.0316,10000046,2015-06-24,2015-06-24,P,2.45,2015-02-10
18132,2015-04-08 13:13:00,2015-04-08,0.0316,0.0,0.0,354.0,0.0316,0.0316,0.0316,10000046,2015-06-24,2015-06-24,P,2.45,2015-02-10
18133,2015-04-08 13:14:00,2015-04-08,0.0316,0.0,0.0,354.0,0.0316,0.0316,0.0316,10000046,2015-06-24,2015-06-24,P,2.45,2015-02-10
18134,2015-04-08 13:15:00,2015-04-08,0.0316,0.0,0.0,354.0,0.0316,0.0316,0.0316,10000046,2015-06-24,2015-06-24,P,2.45,2015-02-10
18135,2015-04-08 13:16:00,2015-04-08,0.0316,0.0,0.0,354.0,0.0316,0.0316,0.0316,10000046,2015-06-24,2015-06-24,P,2.45,2015-02-10
18136,2015-04-08 13:17:00,2015-04-08,0.0316,0.0,0.0,354.0,0.0316,0.0316,0.0316,10000046,2015-06-24,2015-06-24,P,2.45,2015-02-10
18137,2015-04-08 13:18:00,2015-04-08,0.03,3000.0,10.0,354.0,0.03,0.03,0.03,10000046,2015-06-24,2015-06-24,P,2.45,2015-02-10
18138,2015-04-08 13:19:00,2015-04-08,0.03,0.0,0.0,354.0,0.03,0.03,0.03,10000046,2015-06-24,2015-06-24,P,2.45,2015-02-10
18139,2015-04-08 13:20:00,2015-04-08,0.03,0.0,0.0,354.0,0.03,0.03,0.03,10000046,2015-06-24,2015-06-24,P,2.45,2015-02-10
18140,2015-04-08 13:21:00,2015-04-08,0.0289,2890.0,10.0,354.0,0.0289,0.0289,0.0289,10000046,2015-06-24,2015-06-24,P,2.45,2015-02-10
18141,2015-04-08 13:22:00,2015-04-08,0.0289,0.0,0.0,354.0,0.0289,0.0289,0.0289,10000046,2015-06-24,2015-06-24,P,2.45,2015-02-10
18142,2015-04-08 13:23:00,2015-04-08,0.0289,0.0,0.0,354.0,0.0289,0.0289,0.0289,10000046,2015-06-24,2015-06-24,P,2.45,2015-02-10
18143,2015-04-08 13:24:00,2015-04-08,0.0289,0.0,0.0,354.0,0.0289,0.0289,0.0289,10000046,2015-06-24,2015-06-24,P,2.45,2015-02-10
18144,2015-04-08 13:25:00,2015-04-08,0.0289,0.0,0.0,354.0,0.0289,0.0289,0.0289,10000046,2015-06-24,2015-06-24,P,2.45,2015-02-10
18145,2015-04-08 13:26:00,2015-04-08,0.0289,0.0,0.0,354.0,0.0289,0.0289,0.0289,10000046,2015-06-24,2015-06-24,P,2.45,2015-02-10
18146,2015-04-08 13:27:00,2015-04-08,0.0289,0.0,0.0,354.0,0.0289,0.0289,0.0289,10000046,2015-06-24,2015-06-24,P,2.45,2015-02-10
18147,2015-04-08 13:28:00,2015-04-08,0.0289,0.0,0.0,354.0,0.0289,0.0289,0.0289,10000046,2015-06-24,2015-06-24,P,2.45,2015-02-10
18148,2015-04-08 13:29:00,2015-04-08,0.0289,0.0,0.0,354.0,0.0289,0.0289,0.0289,10000046,2015-06-24,2015-06-24,P,2.45,2015-02-10
18149,2015-04-08 13:30:00,2015-04-08,0.0289,0.0,0.0,354.0,0.0289,0.0289,0.0289,10000046,2015-06-24,2015-06-24,P,2.45,2015-02-10
18150,2015-04-08 13:31:00,2015-04-08,0.0289,0.0,0.0,354.0,0.0289,0.0289,0.0289,10000046,2015-06-24,2015-06-24,P,2.45,2015-02-10
18151,2015-04-08 13:32:00,2015-04-08,0.0289,0.0,0.0,354.0,0.0289,0.0289,0.0289,10000046,2015-06-24,2015-06-24,P,2.45,2015-02-10
18152,2015-04-08 13:33:00,2015-04-08,0.0289,0.0,0.0,354.0,0.0289,0.0289,0.0289,10000046,2015-06-24,2015-06-24,P,2.45,2015-02-10
18153,2015-04-08 13:34:00,2015-04-08,0.0289,0.0,0.0,354.0,0.0289,0.0289,0.0289,10000046,2015-06-24,2015-06-24,P,2.45,2015-02-10
18154,2015-04-08 13:35:00,2015-04-08,0.0289,0.0,0.0,354.0,0.0289,0.0289,0.0289,10000046,2015-06-24,2015-06-24,P,2.45,2015-02-10
18155,2015-04-08 13:36:00,2015-04-08,0.0289,0.0,0.0,354.0,0.0289,0.0289,0.0289,10000046,2015-06-24,2015-06-24,P,2.45,2015-02-10
18156,2015-04-08 13:37:00,2015-04-08,0.0289,0.0,0.0,354.0,0.0289,0.0289,0.0289,10000046,2015-06-24,2015-06-24,P,2.45,2015-02-10
18157,2015-04-08 13:38:00,2015-04-08,0.0289,0.0,0.0,354.0,0.0289,0.0289,0.0289,10000046,2015-06-24,2015-06-24,P,2.45,2015-02-10
18158,2015-04-08 13:39:00,2015-04-08,0.0289,0.0,0.0,354.0,0.0289,0.0289,0.0289,10000046,2015-06-24,2015-06-24,P,2.45,2015-02-10
18159,2015-04-08 13:40:00,2015-04-08,0.0289,0.0,0.0,354.0,0.0289,0.0289,0.0289,10000046,2015-06-24,2015-06-24,P,2.45,2015-02-10
18160,2015-04-08 13:41:00,2015-04-08,0.0289,0.0,0.0,354.0,0.0289,0.0289,0.0289,10000046,2015-06-24,2015-06-24,P,2.45,2015-02-10
18161,2015-04-08 13:42:00,2015-04-08,0.0289,0.0,0.0,354.0,0.0289,0.0289,0.0289,10000046,2015-06-24,2015-06-24,P,2.45,2015-02-10
18162,2015-04-08 13:43:00,2015-04-08,0.0289,0.0,0.0,354.0,0.0289,0.0289,0.0289,10000046,2015-06-24,2015-06-24,P,2.45,2015-02-10
18163,2015-04-08 13:44:00,2015-04-08,0.0289,0.0,0.0,354.0,0.0289,0.0289,0.0289,10000046,2015-06-24,2015-06-24,P,2.45,2015-02-10
18164,2015-04-08 13:45:00,2015-04-08,0.0289,0.0,0.0,354.0,0.0289,0.0289,0.0289,10000046,2015-06-24,2015-06-24,P,2.45,2015-02-10
18165,2015-04-08 13:46:00,2015-04-08,0.0289,0.0,0.0,354.0,0.0289,0.0289,0.0289,10000046,2015-06-24,2015-06-24,P,2.45,2015-02-10
18166,2015-04-08 13:47:00,2015-04-08,0.0289,0.0,0.0,354.0,0.0289,0.0289,0.0289,10000046,2015-06-24,2015-06-24,P,2.45,2015-02-10
18167,2015-04-08 13:48:00,2015-04-08,0.0289,0.0,0.0,354.0,0.0289,0.0289,0.0289,10000046,2015-06-24,2015-06-24,P,2.45,2015-02-10
18168,2015-04-08 13:49:00,2015-04-08,0.0289,0.0,0.0,354.0,0.0289,0.0289,0.0289,10000046,2015-06-24,2015-06-24,P,2.45,2015-02-10
18169,2015-04-08 13:50:00,2015-04-08,0.0289,0.0,0.0,354.0,0.0289,0.0289,0.0289,10000046,2015-06-24,2015-06-24,P,2.45,2015-02-10
18170,2015-04-08 13:51:00,2015-04-08,0.0289,0.0,0.0,354.0,0.0289,0.0289,0.0289,10000046,2015-06-24,2015-06-24,P,2.45,2015-02-10
18171,2015-04-08 13:52:00,2015-04-08,0.0289,0.0,0.0,354.0,0.0289,0.0289,0.0289,10000046,2015-06-24,2015-06-24,P,2.45,2015-02-10
18172,2015-04-08 13:53:00,2015-04-08,0.0289,0.0,0.0,354.0,0.0289,0.0289,0.0289,10000046,2015-06-24,2015-06-24,P,2.45,2015-02-10
18173,2015-04-08 13:54:00,2015-04-08,0.0289,0.0,0.0,354.0,0.0289,0.0289,0.0289,10000046,2015-06-24,2015-06-24,P,2.45,2015-02-10
18174,2015-04-08 13:55:00,2015-04-08,0.0289,0.0,0.0,354.0,0.0289,0.0289,0.0289,10000046,2015-06-24,2015-06-24,P,2.45,2015-02-10
18175,2015-04-08 13:56:00,2015-04-08,0.0289,0.0,0.0,354.0,0.0289,0.0289,0.0289,10000046,2015-06-24,2015-06-24,P,2.45,2015-02-10
18176,2015-04-08 13:57:00,2015-04-08,0.0289,0.0,0.0,354.0,0.0289,0.0289,0.0289,10000046,2015-06-24,2015-06-24,P,2.45,2015-02-10
18177,2015-04-08 13:58:00,2015-04-08,0.0289,0.0,0.0,354.0,0.0289,0.0289,0.0289,10000046,2015-06-24,2015-06-24,P,2.45,2015-02-10
18178,2015-04-08 13:59:00,2015-04-08,0.0289,0.0,0.0,354.0,0.0289,0.0289,0.0289,10000046,2015-06-24,2015-06-24,P,2.45,2015-02-10
18179,2015-04-08 14:00:00,2015-04-08,0.0289,0.0,0.0,354.0,0.0289,0.0289,0.0289,10000046,2015-06-24,2015-06-24,P,2.45,2015-02-10
18180,2015-04-08 14:01:00,2015-04-08,0.0289,0.0,0.0,354.0,0.0289,0.0289,0.0289,10000046,2015-06-24,2015-06-24,P,2.45,2015-02-10
18181,2015-04-08 14:02:00,2015-04-08,0.0289,0.0,0.0,354.0,0.0289,0.0289,0.0289,10000046,2015-06-24,2015-06-24,P,2.45,2015-02-10
18182,2015-04-08 14:03:00,2015-04-08,0.0289,0.0,0.0,354.0,0.0289,0.0289,0.0289,10000046,2015-06-24,2015-06-24,P,2.45,2015-02-10
18183,2015-04-08 14:04:00,2015-04-08,0.0289,0.0,0.0,354.0,0.0289,0.0289,0.0289,10000046,2015-06-24,2015-06-24,P,2.45,2015-02-10
18184,2015-04-08 14:05:00,2015-04-08,0.0289,0.0,0.0,354.0,0.0289,0.0289,0.0289,10000046,2015-06-24,2015-06-24,P,2.45,2015-02-10
18185,2015-04-08 14:06:00,2015-04-08,0.0289,0.0,0.0,354.0,0.0289,0.0289,0.0289,10000046,2015-06-24,2015-06-24,P,2.45,2015-02-10
18186,2015-04-08 14:07:00,2015-04-08,0.0289,0.0,0.0,354.0,0.0289,0.0289,0.0289,10000046,2015-06-24,2015-06-24,P,2.45,2015-02-10
18187,2015-04-08 14:08:00,2015-04-08,0.0289,0.0,0.0,354.0,0.0289,0.0289,0.0289,10000046,2015-06-24,2015-06-24,P,2.45,2015-02-10
18188,2015-04-08 14:09:00,2015-04-08,0.0289,0.0,0.0,354.0,0.0289,0.0289,0.0289,10000046,2015-06-24,2015-06-24,P,2.45,2015-02-10
18189,2015-04-08 14:10:00,2015-04-08,0.0289,0.0,0.0,354.0,0.0289,0.0289,0.0289,10000046,2015-06-24,2015-06-24,P,2.45,2015-02-10
18190,2015-04-08 14:11:00,2015-04-08,0.0289,0.0,0.0,354.0,0.0289,0.0289,0.0289,10000046,2015-06-24,2015-06-24,P,2.45,2015-02-10
18191,2015-04-08 14:12:00,2015-04-08,0.0289,0.0,0.0,354.0,0.0289,0.0289,0.0289,10000046,2015-06-24,2015-06-24,P,2.45,2015-02-10
18192,2015-04-08 14:13:00,2015-04-08,0.0289,0.0,0.0,354.0,0.0289,0.0289,0.0289,10000046,2015-06-24,2015-06-24,P,2.45,2015-02-10
18193,2015-04-08 14:14:00,2015-04-08,0.0289,0.0,0.0,354.0,0.0289,0.0289,0.0289,10000046,2015-06-24,2015-06-24,P,2.45,2015-02-10
18194,2015-04-08 14:15:00,2015-04-08,0.0289,0.0,0.0,354.0,0.0289,0.0289,0.0289,10000046,2015-06-24,2015-06-24,P,2.45,2015-02-10
18195,2015-04-08 14:16:00,2015-04-08,0.0289,0.0,0.0,354.0,0.0289,0.0289,0.0289,10000046,2015-06-24,2015-06-24,P,2.45,2015-02-10
18196,2015-04-08 14:17:00,2015-04-08,0.0289,0.0,0.0,354.0,0.0289,0.0289,0.0289,10000046,2015-06-24,2015-06-24,P,2.45,2015-02-10
18197,2015-04-08 14:18:00,2015-04-08,0.0289,0.0,0.0,354.0,0.0289,0.0289,0.0289,10000046,2015-06-24,2015-06-24,P,2.45,2015-02-10
18198,2015-04-08 14:19:00,2015-04-08,0.0289,0.0,0.0,354.0,0.0289,0.0289,0.0289,10000046,2015-06-24,2015-06-24,P,2.45,2015-02-10
18199,2015-04-08 14:20:00,2015-04-08,0.0289,0.0,0.0,354.0,0.0289,0.0289,0.0289,10000046,2015-06-24,2015-06-24,P,2.45,2015-02-10
18200,2015-04-08 14:21:00,2015-04-08,0.0289,0.0,0.0,354.0,0.0289,0.0289,0.0289,10000046,2015-06-24,2015-06-24,P,2.45,2015-02-10
18201,2015-04-08 14:22:00,2015-04-08,0.0289,0.0,0.0,354.0,0.0289,0.0289,0.0289,10000046,2015-06-24,2015-06-24,P,2.45,2015-02-10
18202,2015-04-08 14:23:00,2015-04-08,0.0289,0.0,0.0,354.0,0.0289,0.0289,0.0289,10000046,2015-06-24,2015-06-24,P,2.45,2015-02-10
18203,2015-04-08 14:24:00,2015-04-08,0.0312,1560.0,5.0,354.0,0.0312,0.0312,0.0312,10000046,2015-06-24,2015-06-24,P,2.45,2015-02-10
18204,2015-04-08 14:25:00,2015-04-08,0.0312,0.0,0.0,354.0,0.0312,0.0312,0.0312,10000046,2015-06-24,2015-06-24,P,2.45,2015-02-10
18205,2015-04-08 14:26:00,2015-04-08,0.0312,0.0,0.0,354.0,0.0312,0.0312,0.0312,10000046,2015-06-24,2015-06-24,P,2.45,2015-02-10
18206,2015-04-08 14:27:00,2015-04-08,0.0312,0.0,0.0,354.0,0.0312,0.0312,0.0312,10000046,2015-06-24,2015-06-24,P,2.45,2015-02-10
18207,2015-04-08 14:28:00,2015-04-08,0.0312,0.0,0.0,354.0,0.0312,0.0312,0.0312,10000046,2015-06-24,2015-06-24,P,2.45,2015-02-10
18208,2015-04-08 14:29:00,2015-04-08,0.0314,1570.0,5.0,354.0,0.0314,0.0314,0.0314,10000046,2015-06-24,2015-06-24,P,2.45,2015-02-10
18209,2015-04-08 14:30:00,2015-04-08,0.0314,0.0,0.0,354.0,0.0314,0.0314,0.0314,10000046,2015-06-24,2015-06-24,P,2.45,2015-02-10
18210,2015-04-08 14:31:00,2015-04-08,0.0314,0.0,0.0,354.0,0.0314,0.0314,0.0314,10000046,2015-06-24,2015-06-24,P,2.45,2015-02-10
18211,2015-04-08 14:32:00,2015-04-08,0.0314,0.0,0.0,354.0,0.0314,0.0314,0.0314,10000046,2015-06-24,2015-06-24,P,2.45,2015-02-10
18212,2015-04-08 14:33:00,2015-04-08,0.0314,0.0,0.0,354.0,0.0314,0.0314,0.0314,10000046,2015-06-24,2015-06-24,P,2.45,2015-02-10
18213,2015-04-08 14:34:00,2015-04-08,0.0314,0.0,0.0,354.0,0.0314,0.0314,0.0314,10000046,2015-06-24,2015-06-24,P,2.45,2015-02-10
18214,2015-04-08 14:35:00,2015-04-08,0.0314,0.0,0.0,354.0,0.0314,0.0314,0.0314,10000046,2015-06-24,2015-06-24,P,2.45,2015-02-10
18215,2015-04-08 14:36:00,2015-04-08,0.0314,0.0,0.0,354.0,0.0314,0.0314,0.0314,10000046,2015-06-24,2015-06-24,P,2.45,2015-02-10
18216,2015-04-08 14:37:00,2015-04-08,0.0314,0.0,0.0,354.0,0.0314,0.0314,0.0314,10000046,2015-06-24,2015-06-24,P,2.45,2015-02-10
18217,2015-04-08 14:38:00,2015-04-08,0.0314,0.0,0.0,354.0,0.0314,0.0314,0.0314,10000046,2015-06-24,2015-06-24,P,2.45,2015-02-10
18218,2015-04-08 14:39:00,2015-04-08,0.0314,0.0,0.0,354.0,0.0314,0.0314,0.0314,10000046,2015-06-24,2015-06-24,P,2.45,2015-02-10
18219,2015-04-08 14:40:00,2015-04-08,0.0314,0.0,0.0,354.0,0.0314,0.0314,0.0314,10000046,2015-06-24,2015-06-24,P,2.45,2015-02-10
18220,2015-04-08 14:41:00,2015-04-08,0.0314,0.0,0.0,354.0,0.0314,0.0314,0.0314,10000046,2015-06-24,2015-06-24,P,2.45,2015-02-10
18221,2015-04-08 14:42:00,2015-04-08,0.0314,0.0,0.0,354.0,0.0314,0.0314,0.0314,10000046,2015-06-24,2015-06-24,P,2.45,2015-02-10
18222,2015-04-08 14:43:00,2015-04-08,0.0314,0.0,0.0,354.0,0.0314,0.0314,0.0314,10000046,2015-06-24,2015-06-24,P,2.45,2015-02-10
18223,2015-04-08 14:44:00,2015-04-08,0.0314,0.0,0.0,354.0,0.0314,0.0314,0.0314,10000046,2015-06-24,2015-06-24,P,2.45,2015-02-10
18224,2015-04-08 14:45:00,2015-04-08,0.0314,0.0,0.0,354.0,0.0314,0.0314,0.0314,10000046,2015-06-24,2015-06-24,P,2.45,2015-02-10
18225,2015-04-08 14:46:00,2015-04-08,0.0314,0.0,0.0,354.0,0.0314,0.0314,0.0314,10000046,2015-06-24,2015-06-24,P,2.45,2015-02-10
18226,2015-04-08 14:47:00,2015-04-08,0.0314,0.0,0.0,354.0,0.0314,0.0314,0.0314,10000046,2015-06-24,2015-06-24,P,2.45,2015-02-10
18227,2015-04-08 14:48:00,2015-04-08,0.0314,0.0,0.0,354.0,0.0314,0.0314,0.0314,10000046,2015-06-24,2015-06-24,P,2.45,2015-02-10
18228,2015-04-08 14:49:00,2015-04-08,0.0314,0.0,0.0,354.0,0.0314,0.0314,0.0314,10000046,2015-06-24,2015-06-24,P,2.45,2015-02-10
18229,2015-04-08 14:50:00,2015-04-08,0.0314,0.0,0.0,354.0,0.0314,0.0314,0.0314,10000046,2015-06-24,2015-06-24,P,2.45,2015-02-10
18230,2015-04-08 14:51:00,2015-04-08,0.0314,0.0,0.0,354.0,0.0314,0.0314,0.0314,10000046,2015-06-24,2015-06-24,P,2.45,2015-02-10
18231,2015-04-08 14:52:00,2015-04-08,0.0314,0.0,0.0,354.0,0.0314,0.0314,0.0314,10000046,2015-06-24,2015-06-24,P,2.45,2015-02-10
18232,2015-04-08 14:53:00,2015-04-08,0.0314,0.0,0.0,354.0,0.0314,0.0314,0.0314,10000046,2015-06-24,2015-06-24,P,2.45,2015-02-10
18233,2015-04-08 14:54:00,2015-04-08,0.0314,0.0,0.0,354.0,0.0314,0.0314,0.0314,10000046,2015-06-24,2015-06-24,P,2.45,2015-02-10
18234,2015-04-08 14:55:00,2015-04-08,0.0314,0.0,0.0,354.0,0.0314,0.0314,0.0314,10000046,2015-06-24,2015-06-24,P,2.45,2015-02-10
18235,2015-04-08 14:56:00,2015-04-08,0.0314,0.0,0.0,354.0,0.0314,0.0314,0.0314,10000046,2015-06-24,2015-06-24,P,2.45,2015-02-10
18236,2015-04-08 14:57:00,2015-04-08,0.0314,0.0,0.0,354.0,0.0314,0.0314,0.0314,10000046,2015-06-24,2015-06-24,P,2.45,2015-02-10
18237,2015-04-08 14:58:00,2015-04-08,0.0314,0.0,0.0,354.0,0.0314,0.0314,0.0314,10000046,2015-06-24,2015-06-24,P,2.45,2015-02-10
18238,2015-04-08 14:59:00,2015-04-08,0.0314,0.0,0.0,354.0,0.0314,0.0314,0.0314,10000046,2015-06-24,2015-06-24,P,2.45,2015-02-10
18239,2015-04-08 15:00:00,2015-04-08,0.0314,0.0,0.0,354.0,0.0314,0.0314,0.0314,10000046,2015-06-24,2015-06-24,P,2.45,2015-02-10
18240,2015-04-08 09:31:00,2015-04-08,0.0819,0.0,0.0,0.0,0.0819,0.0819,0.0819,10000056,2015-09-23,2015-09-23,P,2.5,2015-02-12
18241,2015-04-08 09:32:00,2015-04-08,0.0819,0.0,0.0,0.0,0.0819,0.0819,0.0819,10000056,2015-09-23,2015-09-23,P,2.5,2015-02-12
18242,2015-04-08 09:33:00,2015-04-08,0.0819,0.0,0.0,0.0,0.0819,0.0819,0.0819,10000056,2015-09-23,2015-09-23,P,2.5,2015-02-12
18243,2015-04-08 09:34:00,2015-04-08,0.0819,0.0,0.0,0.0,0.0819,0.0819,0.0819,10000056,2015-09-23,2015-09-23,P,2.5,2015-02-12
18244,2015-04-08 09:35:00,2015-04-08,0.0819,0.0,0.0,0.0,0.0819,0.0819,0.0819,10000056,2015-09-23,2015-09-23,P,2.5,2015-02-12
18245,2015-04-08 09:36:00,2015-04-08,0.0819,0.0,0.0,0.0,0.0819,0.0819,0.0819,10000056,2015-09-23,2015-09-23,P,2.5,2015-02-12
18246,2015-04-08 09:37:00,2015-04-08,0.0819,0.0,0.0,0.0,0.0819,0.0819,0.0819,10000056,2015-09-23,2015-09-23,P,2.5,2015-02-12
18247,2015-04-08 09:38:00,2015-04-08,0.0819,0.0,0.0,0.0,0.0819,0.0819,0.0819,10000056,2015-09-23,2015-09-23,P,2.5,2015-02-12
18248,2015-04-08 09:39:00,2015-04-08,0.0819,0.0,0.0,0.0,0.0819,0.0819,0.0819,10000056,2015-09-23,2015-09-23,P,2.5,2015-02-12
18249,2015-04-08 09:40:00,2015-04-08,0.0819,0.0,0.0,0.0,0.0819,0.0819,0.0819,10000056,2015-09-23,2015-09-23,P,2.5,2015-02-12
18250,2015-04-08 09:41:00,2015-04-08,0.0819,0.0,0.0,0.0,0.0819,0.0819,0.0819,10000056,2015-09-23,2015-09-23,P,2.5,2015-02-12
18251,2015-04-08 09:42:00,2015-04-08,0.0819,0.0,0.0,0.0,0.0819,0.0819,0.0819,10000056,2015-09-23,2015-09-23,P,2.5,2015-02-12
18252,2015-04-08 09:43:00,2015-04-08,0.0819,0.0,0.0,0.0,0.0819,0.0819,0.0819,10000056,2015-09-23,2015-09-23,P,2.5,2015-02-12
18253,2015-04-08 09:44:00,2015-04-08,0.0819,0.0,0.0,0.0,0.0819,0.0819,0.0819,10000056,2015-09-23,2015-09-23,P,2.5,2015-02-12
18254,2015-04-08 09:45:00,2015-04-08,0.0819,0.0,0.0,0.0,0.0819,0.0819,0.0819,10000056,2015-09-23,2015-09-23,P,2.5,2015-02-12
18255,2015-04-08 09:46:00,2015-04-08,0.0819,0.0,0.0,0.0,0.0819,0.0819,0.0819,10000056,2015-09-23,2015-09-23,P,2.5,2015-02-12
18256,2015-04-08 09:47:00,2015-04-08,0.0819,0.0,0.0,0.0,0.0819,0.0819,0.0819,10000056,2015-09-23,2015-09-23,P,2.5,2015-02-12
18257,2015-04-08 09:48:00,2015-04-08,0.0819,0.0,0.0,0.0,0.0819,0.0819,0.0819,10000056,2015-09-23,2015-09-23,P,2.5,2015-02-12
18258,2015-04-08 09:49:00,2015-04-08,0.0819,0.0,0.0,0.0,0.0819,0.0819,0.0819,10000056,2015-09-23,2015-09-23,P,2.5,2015-02-12
18259,2015-04-08 09:50:00,2015-04-08,0.0819,0.0,0.0,0.0,0.0819,0.0819,0.0819,10000056,2015-09-23,2015-09-23,P,2.5,2015-02-12
18260,2015-04-08 09:51:00,2015-04-08,0.0819,0.0,0.0,0.0,0.0819,0.0819,0.0819,10000056,2015-09-23,2015-09-23,P,2.5,2015-02-12
18261,2015-04-08 09:52:00,2015-04-08,0.0819,0.0,0.0,0.0,0.0819,0.0819,0.0819,10000056,2015-09-23,2015-09-23,P,2.5,2015-02-12
18262,2015-04-08 09:53:00,2015-04-08,0.0819,0.0,0.0,0.0,0.0819,0.0819,0.0819,10000056,2015-09-23,2015-09-23,P,2.5,2015-02-12
18263,2015-04-08 09:54:00,2015-04-08,0.0819,0.0,0.0,0.0,0.0819,0.0819,0.0819,10000056,2015-09-23,2015-09-23,P,2.5,2015-02-12
18264,2015-04-08 09:55:00,2015-04-08,0.0819,0.0,0.0,0.0,0.0819,0.0819,0.0819,10000056,2015-09-23,2015-09-23,P,2.5,2015-02-12
18265,2015-04-08 09:56:00,2015-04-08,0.0819,0.0,0.0,0.0,0.0819,0.0819,0.0819,10000056,2015-09-23,2015-09-23,P,2.5,2015-02-12
18266,2015-04-08 09:57:00,2015-04-08,0.0819,0.0,0.0,0.0,0.0819,0.0819,0.0819,10000056,2015-09-23,2015-09-23,P,2.5,2015-02-12
18267,2015-04-08 09:58:00,2015-04-08,0.0819,0.0,0.0,0.0,0.0819,0.0819,0.0819,10000056,2015-09-23,2015-09-23,P,2.5,2015-02-12
18268,2015-04-08 09:59:00,2015-04-08,0.0819,0.0,0.0,0.0,0.0819,0.0819,0.0819,10000056,2015-09-23,2015-09-23,P,2.5,2015-02-12
18269,2015-04-08 10:00:00,2015-04-08,0.0819,0.0,0.0,0.0,0.0819,0.0819,0.0819,10000056,2015-09-23,2015-09-23,P,2.5,2015-02-12
18270,2015-04-08 10:01:00,2015-04-08,0.0819,0.0,0.0,0.0,0.0819,0.0819,0.0819,10000056,2015-09-23,2015-09-23,P,2.5,2015-02-12
18271,2015-04-08 10:02:00,2015-04-08,0.0819,0.0,0.0,0.0,0.0819,0.0819,0.0819,10000056,2015-09-23,2015-09-23,P,2.5,2015-02-12
18272,2015-04-08 10:03:00,2015-04-08,0.0819,0.0,0.0,0.0,0.0819,0.0819,0.0819,10000056,2015-09-23,2015-09-23,P,2.5,2015-02-12
18273,2015-04-08 10:04:00,2015-04-08,0.0819,0.0,0.0,0.0,0.0819,0.0819,0.0819,10000056,2015-09-23,2015-09-23,P,2.5,2015-02-12
18274,2015-04-08 10:05:00,2015-04-08,0.0819,0.0,0.0,0.0,0.0819,0.0819,0.0819,10000056,2015-09-23,2015-09-23,P,2.5,2015-02-12
18275,2015-04-08 10:06:00,2015-04-08,0.0819,0.0,0.0,0.0,0.0819,0.0819,0.0819,10000056,2015-09-23,2015-09-23,P,2.5,2015-02-12
18276,2015-04-08 10:07:00,2015-04-08,0.0819,0.0,0.0,0.0,0.0819,0.0819,0.0819,10000056,2015-09-23,2015-09-23,P,2.5,2015-02-12
18277,2015-04-08 10:08:00,2015-04-08,0.0819,0.0,0.0,0.0,0.0819,0.0819,0.0819,10000056,2015-09-23,2015-09-23,P,2.5,2015-02-12
18278,2015-04-08 10:09:00,2015-04-08,0.0819,0.0,0.0,0.0,0.0819,0.0819,0.0819,10000056,2015-09-23,2015-09-23,P,2.5,2015-02-12
18279,2015-04-08 10:10:00,2015-04-08,0.0819,0.0,0.0,0.0,0.0819,0.0819,0.0819,10000056,2015-09-23,2015-09-23,P,2.5,2015-02-12
18280,2015-04-08 10:11:00,2015-04-08,0.0819,0.0,0.0,0.0,0.0819,0.0819,0.0819,10000056,2015-09-23,2015-09-23,P,2.5,2015-02-12
18281,2015-04-08 10:12:00,2015-04-08,0.0819,0.0,0.0,0.0,0.0819,0.0819,0.0819,10000056,2015-09-23,2015-09-23,P,2.5,2015-02-12
18282,2015-04-08 10:13:00,2015-04-08,0.0819,0.0,0.0,0.0,0.0819,0.0819,0.0819,10000056,2015-09-23,2015-09-23,P,2.5,2015-02-12
18283,2015-04-08 10:14:00,2015-04-08,0.0819,0.0,0.0,0.0,0.0819,0.0819,0.0819,10000056,2015-09-23,2015-09-23,P,2.5,2015-02-12
18284,2015-04-08 10:15:00,2015-04-08,0.0819,0.0,0.0,0.0,0.0819,0.0819,0.0819,10000056,2015-09-23,2015-09-23,P,2.5,2015-02-12
18285,2015-04-08 10:16:00,2015-04-08,0.0819,0.0,0.0,0.0,0.0819,0.0819,0.0819,10000056,2015-09-23,2015-09-23,P,2.5,2015-02-12
18286,2015-04-08 10:17:00,2015-04-08,0.0819,0.0,0.0,0.0,0.0819,0.0819,0.0819,10000056,2015-09-23,2015-09-23,P,2.5,2015-02-12
18287,2015-04-08 10:18:00,2015-04-08,0.0819,0.0,0.0,0.0,0.0819,0.0819,0.0819,10000056,2015-09-23,2015-09-23,P,2.5,2015-02-12
18288,2015-04-08 10:19:00,2015-04-08,0.0819,0.0,0.0,0.0,0.0819,0.0819,0.0819,10000056,2015-09-23,2015-09-23,P,2.5,2015-02-12
18289,2015-04-08 10:20:00,2015-04-08,0.0819,0.0,0.0,0.0,0.0819,0.0819,0.0819,10000056,2015-09-23,2015-09-23,P,2.5,2015-02-12
18290,2015-04-08 10:21:00,2015-04-08,0.0819,0.0,0.0,0.0,0.0819,0.0819,0.0819,10000056,2015-09-23,2015-09-23,P,2.5,2015-02-12
18291,2015-04-08 10:22:00,2015-04-08,0.0819,0.0,0.0,0.0,0.0819,0.0819,0.0819,10000056,2015-09-23,2015-09-23,P,2.5,2015-02-12
18292,2015-04-08 10:23:00,2015-04-08,0.0819,0.0,0.0,0.0,0.0819,0.0819,0.0819,10000056,2015-09-23,2015-09-23,P,2.5,2015-02-12
18293,2015-04-08 10:24:00,2015-04-08,0.0819,0.0,0.0,0.0,0.0819,0.0819,0.0819,10000056,2015-09-23,2015-09-23,P,2.5,2015-02-12
18294,2015-04-08 10:25:00,2015-04-08,0.0819,0.0,0.0,0.0,0.0819,0.0819,0.0819,10000056,2015-09-23,2015-09-23,P,2.5,2015-02-12
18295,2015-04-08 10:26:00,2015-04-08,0.0819,0.0,0.0,0.0,0.0819,0.0819,0.0819,10000056,2015-09-23,2015-09-23,P,2.5,2015-02-12
18296,2015-04-08 10:27:00,2015-04-08,0.0819,0.0,0.0,0.0,0.0819,0.0819,0.0819,10000056,2015-09-23,2015-09-23,P,2.5,2015-02-12
18297,2015-04-08 10:28:00,2015-04-08,0.0819,0.0,0.0,0.0,0.0819,0.0819,0.0819,10000056,2015-09-23,2015-09-23,P,2.5,2015-02-12
18298,2015-04-08 10:29:00,2015-04-08,0.0819,0.0,0.0,0.0,0.0819,0.0819,0.0819,10000056,2015-09-23,2015-09-23,P,2.5,2015-02-12
18299,2015-04-08 10:30:00,2015-04-08,0.0819,0.0,0.0,0.0,0.0819,0.0819,0.0819,10000056,2015-09-23,2015-09-23,P,2.5,2015-02-12
18300,2015-04-08 10:31:00,2015-04-08,0.0819,0.0,0.0,0.0,0.0819,0.0819,0.0819,10000056,2015-09-23,2015-09-23,P,2.5,2015-02-12
18301,2015-04-08 10:32:00,2015-04-08,0.0819,0.0,0.0,0.0,0.0819,0.0819,0.0819,10000056,2015-09-23,2015-09-23,P,2.5,2015-02-12
18302,2015-04-08 10:33:00,2015-04-08,0.0819,0.0,0.0,0.0,0.0819,0.0819,0.0819,10000056,2015-09-23,2015-09-23,P,2.5,2015-02-12
18303,2015-04-08 10:34:00,2015-04-08,0.0819,0.0,0.0,0.0,0.0819,0.0819,0.0819,10000056,2015-09-23,2015-09-23,P,2.5,2015-02-12
18304,2015-04-08 10:35:00,2015-04-08,0.0819,0.0,0.0,0.0,0.0819,0.0819,0.0819,10000056,2015-09-23,2015-09-23,P,2.5,2015-02-12
18305,2015-04-08 10:36:00,2015-04-08,0.0819,0.0,0.0,0.0,0.0819,0.0819,0.0819,10000056,2015-09-23,2015-09-23,P,2.5,2015-02-12
18306,2015-04-08 10:37:00,2015-04-08,0.0819,0.0,0.0,0.0,0.0819,0.0819,0.0819,10000056,2015-09-23,2015-09-23,P,2.5,2015-02-12
18307,2015-04-08 10:38:00,2015-04-08,0.0819,0.0,0.0,0.0,0.0819,0.0819,0.0819,10000056,2015-09-23,2015-09-23,P,2.5,2015-02-12
18308,2015-04-08 10:39:00,2015-04-08,0.0819,0.0,0.0,0.0,0.0819,0.0819,0.0819,10000056,2015-09-23,2015-09-23,P,2.5,2015-02-12
18309,2015-04-08 10:40:00,2015-04-08,0.0819,0.0,0.0,0.0,0.0819,0.0819,0.0819,10000056,2015-09-23,2015-09-23,P,2.5,2015-02-12
18310,2015-04-08 10:41:00,2015-04-08,0.0819,0.0,0.0,0.0,0.0819,0.0819,0.0819,10000056,2015-09-23,2015-09-23,P,2.5,2015-02-12
18311,2015-04-08 10:42:00,2015-04-08,0.0819,0.0,0.0,0.0,0.0819,0.0819,0.0819,10000056,2015-09-23,2015-09-23,P,2.5,2015-02-12
18312,2015-04-08 10:43:00,2015-04-08,0.0819,0.0,0.0,0.0,0.0819,0.0819,0.0819,10000056,2015-09-23,2015-09-23,P,2.5,2015-02-12
18313,2015-04-08 10:44:00,2015-04-08,0.0819,0.0,0.0,0.0,0.0819,0.0819,0.0819,10000056,2015-09-23,2015-09-23,P,2.5,2015-02-12
18314,2015-04-08 10:45:00,2015-04-08,0.0819,0.0,0.0,0.0,0.0819,0.0819,0.0819,10000056,2015-09-23,2015-09-23,P,2.5,2015-02-12
18315,2015-04-08 10:46:00,2015-04-08,0.0819,0.0,0.0,0.0,0.0819,0.0819,0.0819,10000056,2015-09-23,2015-09-23,P,2.5,2015-02-12
18316,2015-04-08 10:47:00,2015-04-08,0.0819,0.0,0.0,0.0,0.0819,0.0819,0.0819,10000056,2015-09-23,2015-09-23,P,2.5,2015-02-12
18317,2015-04-08 10:48:00,2015-04-08,0.0819,0.0,0.0,0.0,0.0819,0.0819,0.0819,10000056,2015-09-23,2015-09-23,P,2.5,2015-02-12
18318,2015-04-08 10:49:00,2015-04-08,0.0819,0.0,0.0,0.0,0.0819,0.0819,0.0819,10000056,2015-09-23,2015-09-23,P,2.5,2015-02-12
18319,2015-04-08 10:50:00,2015-04-08,0.0819,0.0,0.0,0.0,0.0819,0.0819,0.0819,10000056,2015-09-23,2015-09-23,P,2.5,2015-02-12
18320,2015-04-08 10:51:00,2015-04-08,0.0819,0.0,0.0,0.0,0.0819,0.0819,0.0819,10000056,2015-09-23,2015-09-23,P,2.5,2015-02-12
18321,2015-04-08 10:52:00,2015-04-08,0.0819,0.0,0.0,0.0,0.0819,0.0819,0.0819,10000056,2015-09-23,2015-09-23,P,2.5,2015-02-12
18322,2015-04-08 10:53:00,2015-04-08,0.0819,0.0,0.0,0.0,0.0819,0.0819,0.0819,10000056,2015-09-23,2015-09-23,P,2.5,2015-02-12
18323,2015-04-08 10:54:00,2015-04-08,0.0819,0.0,0.0,0.0,0.0819,0.0819,0.0819,10000056,2015-09-23,2015-09-23,P,2.5,2015-02-12
18324,2015-04-08 10:55:00,2015-04-08,0.0819,0.0,0.0,0.0,0.0819,0.0819,0.0819,10000056,2015-09-23,2015-09-23,P,2.5,2015-02-12
18325,2015-04-08 10:56:00,2015-04-08,0.0819,0.0,0.0,0.0,0.0819,0.0819,0.0819,10000056,2015-09-23,2015-09-23,P,2.5,2015-02-12
18326,2015-04-08 10:57:00,2015-04-08,0.0819,0.0,0.0,0.0,0.0819,0.0819,0.0819,10000056,2015-09-23,2015-09-23,P,2.5,2015-02-12
18327,2015-04-08 10:58:00,2015-04-08,0.0819,0.0,0.0,0.0,0.0819,0.0819,0.0819,10000056,2015-09-23,2015-09-23,P,2.5,2015-02-12
18328,2015-04-08 10:59:00,2015-04-08,0.0819,0.0,0.0,0.0,0.0819,0.0819,0.0819,10000056,2015-09-23,2015-09-23,P,2.5,2015-02-12
18329,2015-04-08 11:00:00,2015-04-08,0.0819,0.0,0.0,0.0,0.0819,0.0819,0.0819,10000056,2015-09-23,2015-09-23,P,2.5,2015-02-12
18330,2015-04-08 11:01:00,2015-04-08,0.0819,0.0,0.0,0.0,0.0819,0.0819,0.0819,10000056,2015-09-23,2015-09-23,P,2.5,2015-02-12
18331,2015-04-08 11:02:00,2015-04-08,0.0819,0.0,0.0,0.0,0.0819,0.0819,0.0819,10000056,2015-09-23,2015-09-23,P,2.5,2015-02-12
18332,2015-04-08 11:03:00,2015-04-08,0.0819,0.0,0.0,0.0,0.0819,0.0819,0.0819,10000056,2015-09-23,2015-09-23,P,2.5,2015-02-12
18333,2015-04-08 11:04:00,2015-04-08,0.0819,0.0,0.0,0.0,0.0819,0.0819,0.0819,10000056,2015-09-23,2015-09-23,P,2.5,2015-02-12
18334,2015-04-08 11:05:00,2015-04-08,0.0819,0.0,0.0,0.0,0.0819,0.0819,0.0819,10000056,2015-09-23,2015-09-23,P,2.5,2015-02-12
18335,2015-04-08 11:06:00,2015-04-08,0.0819,0.0,0.0,0.0,0.0819,0.0819,0.0819,10000056,2015-09-23,2015-09-23,P,2.5,2015-02-12
18336,2015-04-08 11:07:00,2015-04-08,0.0819,0.0,0.0,0.0,0.0819,0.0819,0.0819,10000056,2015-09-23,2015-09-23,P,2.5,2015-02-12
18337,2015-04-08 11:08:00,2015-04-08,0.0819,0.0,0.0,0.0,0.0819,0.0819,0.0819,10000056,2015-09-23,2015-09-23,P,2.5,2015-02-12
18338,2015-04-08 11:09:00,2015-04-08,0.0819,0.0,0.0,0.0,0.0819,0.0819,0.0819,10000056,2015-09-23,2015-09-23,P,2.5,2015-02-12
18339,2015-04-08 11:10:00,2015-04-08,0.0819,0.0,0.0,0.0,0.0819,0.0819,0.0819,10000056,2015-09-23,2015-09-23,P,2.5,2015-02-12
18340,2015-04-08 11:11:00,2015-04-08,0.0819,0.0,0.0,0.0,0.0819,0.0819,0.0819,10000056,2015-09-23,2015-09-23,P,2.5,2015-02-12
18341,2015-04-08 11:12:00,2015-04-08,0.0819,0.0,0.0,0.0,0.0819,0.0819,0.0819,10000056,2015-09-23,2015-09-23,P,2.5,2015-02-12
18342,2015-04-08 11:13:00,2015-04-08,0.0819,0.0,0.0,0.0,0.0819,0.0819,0.0819,10000056,2015-09-23,2015-09-23,P,2.5,2015-02-12
18343,2015-04-08 11:14:00,2015-04-08,0.0819,0.0,0.0,0.0,0.0819,0.0819,0.0819,10000056,2015-09-23,2015-09-23,P,2.5,2015-02-12
18344,2015-04-08 11:15:00,2015-04-08,0.0819,0.0,0.0,0.0,0.0819,0.0819,0.0819,10000056,2015-09-23,2015-09-23,P,2.5,2015-02-12
18345,2015-04-08 11:16:00,2015-04-08,0.0819,0.0,0.0,0.0,0.0819,0.0819,0.0819,10000056,2015-09-23,2015-09-23,P,2.5,2015-02-12
18346,2015-04-08 11:17:00,2015-04-08,0.0819,0.0,0.0,0.0,0.0819,0.0819,0.0819,10000056,2015-09-23,2015-09-23,P,2.5,2015-02-12
18347,2015-04-08 11:18:00,2015-04-08,0.0819,0.0,0.0,0.0,0.0819,0.0819,0.0819,10000056,2015-09-23,2015-09-23,P,2.5,2015-02-12
18348,2015-04-08 11:19:00,2015-04-08,0.0819,0.0,0.0,0.0,0.0819,0.0819,0.0819,10000056,2015-09-23,2015-09-23,P,2.5,2015-02-12
18349,2015-04-08 11:20:00,2015-04-08,0.0819,0.0,0.0,0.0,0.0819,0.0819,0.0819,10000056,2015-09-23,2015-09-23,P,2.5,2015-02-12
18350,2015-04-08 11:21:00,2015-04-08,0.0819,0.0,0.0,0.0,0.0819,0.0819,0.0819,10000056,2015-09-23,2015-09-23,P,2.5,2015-02-12
18351,2015-04-08 11:22:00,2015-04-08,0.0819,0.0,0.0,0.0,0.0819,0.0819,0.0819,10000056,2015-09-23,2015-09-23,P,2.5,2015-02-12
18352,2015-04-08 11:23:00,2015-04-08,0.0819,0.0,0.0,0.0,0.0819,0.0819,0.0819,10000056,2015-09-23,2015-09-23,P,2.5,2015-02-12
18353,2015-04-08 11:24:00,2015-04-08,0.0819,0.0,0.0,0.0,0.0819,0.0819,0.0819,10000056,2015-09-23,2015-09-23,P,2.5,2015-02-12
18354,2015-04-08 11:25:00,2015-04-08,0.0819,0.0,0.0,0.0,0.0819,0.0819,0.0819,10000056,2015-09-23,2015-09-23,P,2.5,2015-02-12
18355,2015-04-08 11:26:00,2015-04-08,0.0819,0.0,0.0,0.0,0.0819,0.0819,0.0819,10000056,2015-09-23,2015-09-23,P,2.5,2015-02-12
18356,2015-04-08 11:27:00,2015-04-08,0.0819,0.0,0.0,0.0,0.0819,0.0819,0.0819,10000056,2015-09-23,2015-09-23,P,2.5,2015-02-12
18357,2015-04-08 11:28:00,2015-04-08,0.0819,0.0,0.0,0.0,0.0819,0.0819,0.0819,10000056,2015-09-23,2015-09-23,P,2.5,2015-02-12
18358,2015-04-08 11:29:00,2015-04-08,0.0819,0.0,0.0,0.0,0.0819,0.0819,0.0819,10000056,2015-09-23,2015-09-23,P,2.5,2015-02-12
18359,2015-04-08 11:30:00,2015-04-08,0.0819,0.0,0.0,0.0,0.0819,0.0819,0.0819,10000056,2015-09-23,2015-09-23,P,2.5,2015-02-12
18360,2015-04-08 13:01:00,2015-04-08,0.0819,0.0,0.0,0.0,0.0819,0.0819,0.0819,10000056,2015-09-23,2015-09-23,P,2.5,2015-02-12
18361,2015-04-08 13:02:00,2015-04-08,0.0819,0.0,0.0,0.0,0.0819,0.0819,0.0819,10000056,2015-09-23,2015-09-23,P,2.5,2015-02-12
18362,2015-04-08 13:03:00,2015-04-08,0.0819,0.0,0.0,0.0,0.0819,0.0819,0.0819,10000056,2015-09-23,2015-09-23,P,2.5,2015-02-12
18363,2015-04-08 13:04:00,2015-04-08,0.0819,0.0,0.0,0.0,0.0819,0.0819,0.0819,10000056,2015-09-23,2015-09-23,P,2.5,2015-02-12
18364,2015-04-08 13:05:00,2015-04-08,0.0819,0.0,0.0,0.0,0.0819,0.0819,0.0819,10000056,2015-09-23,2015-09-23,P,2.5,2015-02-12
18365,2015-04-08 13:06:00,2015-04-08,0.0819,0.0,0.0,0.0,0.0819,0.0819,0.0819,10000056,2015-09-23,2015-09-23,P,2.5,2015-02-12
18366,2015-04-08 13:07:00,2015-04-08,0.0819,0.0,0.0,0.0,0.0819,0.0819,0.0819,10000056,2015-09-23,2015-09-23,P,2.5,2015-02-12
18367,2015-04-08 13:08:00,2015-04-08,0.0819,0.0,0.0,0.0,0.0819,0.0819,0.0819,10000056,2015-09-23,2015-09-23,P,2.5,2015-02-12
18368,2015-04-08 13:09:00,2015-04-08,0.0819,0.0,0.0,0.0,0.0819,0.0819,0.0819,10000056,2015-09-23,2015-09-23,P,2.5,2015-02-12
18369,2015-04-08 13:10:00,2015-04-08,0.0819,0.0,0.0,0.0,0.0819,0.0819,0.0819,10000056,2015-09-23,2015-09-23,P,2.5,2015-02-12
18370,2015-04-08 13:11:00,2015-04-08,0.0819,0.0,0.0,0.0,0.0819,0.0819,0.0819,10000056,2015-09-23,2015-09-23,P,2.5,2015-02-12
18371,2015-04-08 13:12:00,2015-04-08,0.0819,0.0,0.0,0.0,0.0819,0.0819,0.0819,10000056,2015-09-23,2015-09-23,P,2.5,2015-02-12
18372,2015-04-08 13:13:00,2015-04-08,0.0819,0.0,0.0,0.0,0.0819,0.0819,0.0819,10000056,2015-09-23,2015-09-23,P,2.5,2015-02-12
18373,2015-04-08 13:14:00,2015-04-08,0.0819,0.0,0.0,0.0,0.0819,0.0819,0.0819,10000056,2015-09-23,2015-09-23,P,2.5,2015-02-12
18374,2015-04-08 13:15:00,2015-04-08,0.0819,0.0,0.0,0.0,0.0819,0.0819,0.0819,10000056,2015-09-23,2015-09-23,P,2.5,2015-02-12
18375,2015-04-08 13:16:00,2015-04-08,0.0819,0.0,0.0,0.0,0.0819,0.0819,0.0819,10000056,2015-09-23,2015-09-23,P,2.5,2015-02-12
18376,2015-04-08 13:17:00,2015-04-08,0.0819,0.0,0.0,0.0,0.0819,0.0819,0.0819,10000056,2015-09-23,2015-09-23,P,2.5,2015-02-12
18377,2015-04-08 13:18:00,2015-04-08,0.0819,0.0,0.0,0.0,0.0819,0.0819,0.0819,10000056,2015-09-23,2015-09-23,P,2.5,2015-02-12
18378,2015-04-08 13:19:00,2015-04-08,0.0819,0.0,0.0,0.0,0.0819,0.0819,0.0819,10000056,2015-09-23,2015-09-23,P,2.5,2015-02-12
18379,2015-04-08 13:20:00,2015-04-08,0.0819,0.0,0.0,0.0,0.0819,0.0819,0.0819,10000056,2015-09-23,2015-09-23,P,2.5,2015-02-12
18380,2015-04-08 13:21:00,2015-04-08,0.0819,0.0,0.0,0.0,0.0819,0.0819,0.0819,10000056,2015-09-23,2015-09-23,P,2.5,2015-02-12
18381,2015-04-08 13:22:00,2015-04-08,0.0819,0.0,0.0,0.0,0.0819,0.0819,0.0819,10000056,2015-09-23,2015-09-23,P,2.5,2015-02-12
18382,2015-04-08 13:23:00,2015-04-08,0.0819,0.0,0.0,0.0,0.0819,0.0819,0.0819,10000056,2015-09-23,2015-09-23,P,2.5,2015-02-12
18383,2015-04-08 13:24:00,2015-04-08,0.0819,0.0,0.0,0.0,0.0819,0.0819,0.0819,10000056,2015-09-23,2015-09-23,P,2.5,2015-02-12
18384,2015-04-08 13:25:00,2015-04-08,0.0819,0.0,0.0,0.0,0.0819,0.0819,0.0819,10000056,2015-09-23,2015-09-23,P,2.5,2015-02-12
18385,2015-04-08 13:26:00,2015-04-08,0.0819,0.0,0.0,0.0,0.0819,0.0819,0.0819,10000056,2015-09-23,2015-09-23,P,2.5,2015-02-12
18386,2015-04-08 13:27:00,2015-04-08,0.0819,0.0,0.0,0.0,0.0819,0.0819,0.0819,10000056,2015-09-23,2015-09-23,P,2.5,2015-02-12
18387,2015-04-08 13:28:00,2015-04-08,0.0819,0.0,0.0,0.0,0.0819,0.0819,0.0819,10000056,2015-09-23,2015-09-23,P,2.5,2015-02-12
18388,2015-04-08 13:29:00,2015-04-08,0.0819,0.0,0.0,0.0,0.0819,0.0819,0.0819,10000056,2015-09-23,2015-09-23,P,2.5,2015-02-12
18389,2015-04-08 13:30:00,2015-04-08,0.0819,0.0,0.0,0.0,0.0819,0.0819,0.0819,10000056,2015-09-23,2015-09-23,P,2.5,2015-02-12
18390,2015-04-08 13:31:00,2015-04-08,0.0819,0.0,0.0,0.0,0.0819,0.0819,0.0819,10000056,2015-09-23,2015-09-23,P,2.5,2015-02-12
18391,2015-04-08 13:32:00,2015-04-08,0.0819,0.0,0.0,0.0,0.0819,0.0819,0.0819,10000056,2015-09-23,2015-09-23,P,2.5,2015-02-12
18392,2015-04-08 13:33:00,2015-04-08,0.0819,0.0,0.0,0.0,0.0819,0.0819,0.0819,10000056,2015-09-23,2015-09-23,P,2.5,2015-02-12
18393,2015-04-08 13:34:00,2015-04-08,0.0819,0.0,0.0,0.0,0.0819,0.0819,0.0819,10000056,2015-09-23,2015-09-23,P,2.5,2015-02-12
18394,2015-04-08 13:35:00,2015-04-08,0.0819,0.0,0.0,0.0,0.0819,0.0819,0.0819,10000056,2015-09-23,2015-09-23,P,2.5,2015-02-12
18395,2015-04-08 13:36:00,2015-04-08,0.0819,0.0,0.0,0.0,0.0819,0.0819,0.0819,10000056,2015-09-23,2015-09-23,P,2.5,2015-02-12
18396,2015-04-08 13:37:00,2015-04-08,0.0819,0.0,0.0,0.0,0.0819,0.0819,0.0819,10000056,2015-09-23,2015-09-23,P,2.5,2015-02-12
18397,2015-04-08 13:38:00,2015-04-08,0.0819,0.0,0.0,0.0,0.0819,0.0819,0.0819,10000056,2015-09-23,2015-09-23,P,2.5,2015-02-12
18398,2015-04-08 13:39:00,2015-04-08,0.0819,0.0,0.0,0.0,0.0819,0.0819,0.0819,10000056,2015-09-23,2015-09-23,P,2.5,2015-02-12
18399,2015-04-08 13:40:00,2015-04-08,0.0819,0.0,0.0,0.0,0.0819,0.0819,0.0819,10000056,2015-09-23,2015-09-23,P,2.5,2015-02-12
18400,2015-04-08 13:41:00,2015-04-08,0.0819,0.0,0.0,0.0,0.0819,0.0819,0.0819,10000056,2015-09-23,2015-09-23,P,2.5,2015-02-12
18401,2015-04-08 13:42:00,2015-04-08,0.0819,0.0,0.0,0.0,0.0819,0.0819,0.0819,10000056,2015-09-23,2015-09-23,P,2.5,2015-02-12
18402,2015-04-08 13:43:00,2015-04-08,0.0819,0.0,0.0,0.0,0.0819,0.0819,0.0819,10000056,2015-09-23,2015-09-23,P,2.5,2015-02-12
18403,2015-04-08 13:44:00,2015-04-08,0.0819,0.0,0.0,0.0,0.0819,0.0819,0.0819,10000056,2015-09-23,2015-09-23,P,2.5,2015-02-12
18404,2015-04-08 13:45:00,2015-04-08,0.0819,0.0,0.0,0.0,0.0819,0.0819,0.0819,10000056,2015-09-23,2015-09-23,P,2.5,2015-02-12
18405,2015-04-08 13:46:00,2015-04-08,0.0819,0.0,0.0,0.0,0.0819,0.0819,0.0819,10000056,2015-09-23,2015-09-23,P,2.5,2015-02-12
18406,2015-04-08 13:47:00,2015-04-08,0.0819,0.0,0.0,0.0,0.0819,0.0819,0.0819,10000056,2015-09-23,2015-09-23,P,2.5,2015-02-12
18407,2015-04-08 13:48:00,2015-04-08,0.0819,0.0,0.0,0.0,0.0819,0.0819,0.0819,10000056,2015-09-23,2015-09-23,P,2.5,2015-02-12
18408,2015-04-08 13:49:00,2015-04-08,0.0819,0.0,0.0,0.0,0.0819,0.0819,0.0819,10000056,2015-09-23,2015-09-23,P,2.5,2015-02-12
18409,2015-04-08 13:50:00,2015-04-08,0.0819,0.0,0.0,0.0,0.0819,0.0819,0.0819,10000056,2015-09-23,2015-09-23,P,2.5,2015-02-12
18410,2015-04-08 13:51:00,2015-04-08,0.0819,0.0,0.0,0.0,0.0819,0.0819,0.0819,10000056,2015-09-23,2015-09-23,P,2.5,2015-02-12
18411,2015-04-08 13:52:00,2015-04-08,0.0819,0.0,0.0,0.0,0.0819,0.0819,0.0819,10000056,2015-09-23,2015-09-23,P,2.5,2015-02-12
18412,2015-04-08 13:53:00,2015-04-08,0.0819,0.0,0.0,0.0,0.0819,0.0819,0.0819,10000056,2015-09-23,2015-09-23,P,2.5,2015-02-12
18413,2015-04-08 13:54:00,2015-04-08,0.0819,0.0,0.0,0.0,0.0819,0.0819,0.0819,10000056,2015-09-23,2015-09-23,P,2.5,2015-02-12
18414,2015-04-08 13:55:00,2015-04-08,0.0819,0.0,0.0,0.0,0.0819,0.0819,0.0819,10000056,2015-09-23,2015-09-23,P,2.5,2015-02-12
18415,2015-04-08 13:56:00,2015-04-08,0.0819,0.0,0.0,0.0,0.0819,0.0819,0.0819,10000056,2015-09-23,2015-09-23,P,2.5,2015-02-12
18416,2015-04-08 13:57:00,2015-04-08,0.0819,0.0,0.0,0.0,0.0819,0.0819,0.0819,10000056,2015-09-23,2015-09-23,P,2.5,2015-02-12
18417,2015-04-08 13:58:00,2015-04-08,0.0819,0.0,0.0,0.0,0.0819,0.0819,0.0819,10000056,2015-09-23,2015-09-23,P,2.5,2015-02-12
18418,2015-04-08 13:59:00,2015-04-08,0.0819,0.0,0.0,0.0,0.0819,0.0819,0.0819,10000056,2015-09-23,2015-09-23,P,2.5,2015-02-12
18419,2015-04-08 14:00:00,2015-04-08,0.0819,0.0,0.0,0.0,0.0819,0.0819,0.0819,10000056,2015-09-23,2015-09-23,P,2.5,2015-02-12
18420,2015-04-08 14:01:00,2015-04-08,0.0819,0.0,0.0,0.0,0.0819,0.0819,0.0819,10000056,2015-09-23,2015-09-23,P,2.5,2015-02-12
18421,2015-04-08 14:02:00,2015-04-08,0.0819,0.0,0.0,0.0,0.0819,0.0819,0.0819,10000056,2015-09-23,2015-09-23,P,2.5,2015-02-12
18422,2015-04-08 14:03:00,2015-04-08,0.0819,0.0,0.0,0.0,0.0819,0.0819,0.0819,10000056,2015-09-23,2015-09-23,P,2.5,2015-02-12
18423,2015-04-08 14:04:00,2015-04-08,0.0819,0.0,0.0,0.0,0.0819,0.0819,0.0819,10000056,2015-09-23,2015-09-23,P,2.5,2015-02-12
18424,2015-04-08 14:05:00,2015-04-08,0.0819,0.0,0.0,0.0,0.0819,0.0819,0.0819,10000056,2015-09-23,2015-09-23,P,2.5,2015-02-12
18425,2015-04-08 14:06:00,2015-04-08,0.0819,0.0,0.0,0.0,0.0819,0.0819,0.0819,10000056,2015-09-23,2015-09-23,P,2.5,2015-02-12
18426,2015-04-08 14:07:00,2015-04-08,0.0819,0.0,0.0,0.0,0.0819,0.0819,0.0819,10000056,2015-09-23,2015-09-23,P,2.5,2015-02-12
18427,2015-04-08 14:08:00,2015-04-08,0.0819,0.0,0.0,0.0,0.0819,0.0819,0.0819,10000056,2015-09-23,2015-09-23,P,2.5,2015-02-12
18428,2015-04-08 14:09:00,2015-04-08,0.0819,0.0,0.0,0.0,0.0819,0.0819,0.0819,10000056,2015-09-23,2015-09-23,P,2.5,2015-02-12
18429,2015-04-08 14:10:00,2015-04-08,0.0819,0.0,0.0,0.0,0.0819,0.0819,0.0819,10000056,2015-09-23,2015-09-23,P,2.5,2015-02-12
18430,2015-04-08 14:11:00,2015-04-08,0.0819,0.0,0.0,0.0,0.0819,0.0819,0.0819,10000056,2015-09-23,2015-09-23,P,2.5,2015-02-12
18431,2015-04-08 14:12:00,2015-04-08,0.0819,0.0,0.0,0.0,0.0819,0.0819,0.0819,10000056,2015-09-23,2015-09-23,P,2.5,2015-02-12
18432,2015-04-08 14:13:00,2015-04-08,0.0819,0.0,0.0,0.0,0.0819,0.0819,0.0819,10000056,2015-09-23,2015-09-23,P,2.5,2015-02-12
18433,2015-04-08 14:14:00,2015-04-08,0.0819,0.0,0.0,0.0,0.0819,0.0819,0.0819,10000056,2015-09-23,2015-09-23,P,2.5,2015-02-12
18434,2015-04-08 14:15:00,2015-04-08,0.0819,0.0,0.0,0.0,0.0819,0.0819,0.0819,10000056,2015-09-23,2015-09-23,P,2.5,2015-02-12
18435,2015-04-08 14:16:00,2015-04-08,0.0819,0.0,0.0,0.0,0.0819,0.0819,0.0819,10000056,2015-09-23,2015-09-23,P,2.5,2015-02-12
18436,2015-04-08 14:17:00,2015-04-08,0.0819,0.0,0.0,0.0,0.0819,0.0819,0.0819,10000056,2015-09-23,2015-09-23,P,2.5,2015-02-12
18437,2015-04-08 14:18:00,2015-04-08,0.0819,0.0,0.0,0.0,0.0819,0.0819,0.0819,10000056,2015-09-23,2015-09-23,P,2.5,2015-02-12
18438,2015-04-08 14:19:00,2015-04-08,0.0819,0.0,0.0,0.0,0.0819,0.0819,0.0819,10000056,2015-09-23,2015-09-23,P,2.5,2015-02-12
18439,2015-04-08 14:20:00,2015-04-08,0.0819,0.0,0.0,0.0,0.0819,0.0819,0.0819,10000056,2015-09-23,2015-09-23,P,2.5,2015-02-12
18440,2015-04-08 14:21:00,2015-04-08,0.0819,0.0,0.0,0.0,0.0819,0.0819,0.0819,10000056,2015-09-23,2015-09-23,P,2.5,2015-02-12
18441,2015-04-08 14:22:00,2015-04-08,0.0819,0.0,0.0,0.0,0.0819,0.0819,0.0819,10000056,2015-09-23,2015-09-23,P,2.5,2015-02-12
18442,2015-04-08 14:23:00,2015-04-08,0.0819,0.0,0.0,0.0,0.0819,0.0819,0.0819,10000056,2015-09-23,2015-09-23,P,2.5,2015-02-12
18443,2015-04-08 14:24:00,2015-04-08,0.0819,0.0,0.0,0.0,0.0819,0.0819,0.0819,10000056,2015-09-23,2015-09-23,P,2.5,2015-02-12
18444,2015-04-08 14:25:00,2015-04-08,0.0819,0.0,0.0,0.0,0.0819,0.0819,0.0819,10000056,2015-09-23,2015-09-23,P,2.5,2015-02-12
18445,2015-04-08 14:26:00,2015-04-08,0.0819,0.0,0.0,0.0,0.0819,0.0819,0.0819,10000056,2015-09-23,2015-09-23,P,2.5,2015-02-12
18446,2015-04-08 14:27:00,2015-04-08,0.0819,0.0,0.0,0.0,0.0819,0.0819,0.0819,10000056,2015-09-23,2015-09-23,P,2.5,2015-02-12
18447,2015-04-08 14:28:00,2015-04-08,0.0819,0.0,0.0,0.0,0.0819,0.0819,0.0819,10000056,2015-09-23,2015-09-23,P,2.5,2015-02-12
18448,2015-04-08 14:29:00,2015-04-08,0.0819,0.0,0.0,0.0,0.0819,0.0819,0.0819,10000056,2015-09-23,2015-09-23,P,2.5,2015-02-12
18449,2015-04-08 14:30:00,2015-04-08,0.0819,0.0,0.0,0.0,0.0819,0.0819,0.0819,10000056,2015-09-23,2015-09-23,P,2.5,2015-02-12
18450,2015-04-08 14:31:00,2015-04-08,0.0819,0.0,0.0,0.0,0.0819,0.0819,0.0819,10000056,2015-09-23,2015-09-23,P,2.5,2015-02-12
18451,2015-04-08 14:32:00,2015-04-08,0.0819,0.0,0.0,0.0,0.0819,0.0819,0.0819,10000056,2015-09-23,2015-09-23,P,2.5,2015-02-12
18452,2015-04-08 14:33:00,2015-04-08,0.0819,0.0,0.0,0.0,0.0819,0.0819,0.0819,10000056,2015-09-23,2015-09-23,P,2.5,2015-02-12
18453,2015-04-08 14:34:00,2015-04-08,0.0819,0.0,0.0,0.0,0.0819,0.0819,0.0819,10000056,2015-09-23,2015-09-23,P,2.5,2015-02-12
18454,2015-04-08 14:35:00,2015-04-08,0.0819,0.0,0.0,0.0,0.0819,0.0819,0.0819,10000056,2015-09-23,2015-09-23,P,2.5,2015-02-12
18455,2015-04-08 14:36:00,2015-04-08,0.0819,0.0,0.0,0.0,0.0819,0.0819,0.0819,10000056,2015-09-23,2015-09-23,P,2.5,2015-02-12
18456,2015-04-08 14:37:00,2015-04-08,0.0819,0.0,0.0,0.0,0.0819,0.0819,0.0819,10000056,2015-09-23,2015-09-23,P,2.5,2015-02-12
18457,2015-04-08 14:38:00,2015-04-08,0.0819,0.0,0.0,0.0,0.0819,0.0819,0.0819,10000056,2015-09-23,2015-09-23,P,2.5,2015-02-12
18458,2015-04-08 14:39:00,2015-04-08,0.0819,0.0,0.0,0.0,0.0819,0.0819,0.0819,10000056,2015-09-23,2015-09-23,P,2.5,2015-02-12
18459,2015-04-08 14:40:00,2015-04-08,0.0819,0.0,0.0,0.0,0.0819,0.0819,0.0819,10000056,2015-09-23,2015-09-23,P,2.5,2015-02-12
18460,2015-04-08 14:41:00,2015-04-08,0.0819,0.0,0.0,0.0,0.0819,0.0819,0.0819,10000056,2015-09-23,2015-09-23,P,2.5,2015-02-12
18461,2015-04-08 14:42:00,2015-04-08,0.0819,0.0,0.0,0.0,0.0819,0.0819,0.0819,10000056,2015-09-23,2015-09-23,P,2.5,2015-02-12
18462,2015-04-08 14:43:00,2015-04-08,0.0819,0.0,0.0,0.0,0.0819,0.0819,0.0819,10000056,2015-09-23,2015-09-23,P,2.5,2015-02-12
18463,2015-04-08 14:44:00,2015-04-08,0.0819,0.0,0.0,0.0,0.0819,0.0819,0.0819,10000056,2015-09-23,2015-09-23,P,2.5,2015-02-12
18464,2015-04-08 14:45:00,2015-04-08,0.0819,0.0,0.0,0.0,0.0819,0.0819,0.0819,10000056,2015-09-23,2015-09-23,P,2.5,2015-02-12
18465,2015-04-08 14:46:00,2015-04-08,0.0819,0.0,0.0,0.0,0.0819,0.0819,0.0819,10000056,2015-09-23,2015-09-23,P,2.5,2015-02-12
18466,2015-04-08 14:47:00,2015-04-08,0.0819,0.0,0.0,0.0,0.0819,0.0819,0.0819,10000056,2015-09-23,2015-09-23,P,2.5,2015-02-12
18467,2015-04-08 14:48:00,2015-04-08,0.0819,0.0,0.0,0.0,0.0819,0.0819,0.0819,10000056,2015-09-23,2015-09-23,P,2.5,2015-02-12
18468,2015-04-08 14:49:00,2015-04-08,0.0819,0.0,0.0,0.0,0.0819,0.0819,0.0819,10000056,2015-09-23,2015-09-23,P,2.5,2015-02-12
18469,2015-04-08 14:50:00,2015-04-08,0.0819,0.0,0.0,0.0,0.0819,0.0819,0.0819,10000056,2015-09-23,2015-09-23,P,2.5,2015-02-12
18470,2015-04-08 14:51:00,2015-04-08,0.0819,0.0,0.0,0.0,0.0819,0.0819,0.0819,10000056,2015-09-23,2015-09-23,P,2.5,2015-02-12
18471,2015-04-08 14:52:00,2015-04-08,0.0819,0.0,0.0,0.0,0.0819,0.0819,0.0819,10000056,2015-09-23,2015-09-23,P,2.5,2015-02-12
18472,2015-04-08 14:53:00,2015-04-08,0.0819,0.0,0.0,0.0,0.0819,0.0819,0.0819,10000056,2015-09-23,2015-09-23,P,2.5,2015-02-12
18473,2015-04-08 14:54:00,2015-04-08,0.0819,0.0,0.0,0.0,0.0819,0.0819,0.0819,10000056,2015-09-23,2015-09-23,P,2.5,2015-02-12
18474,2015-04-08 14:55:00,2015-04-08,0.0819,0.0,0.0,0.0,0.0819,0.0819,0.0819,10000056,2015-09-23,2015-09-23,P,2.5,2015-02-12
18475,2015-04-08 14:56:00,2015-04-08,0.0819,0.0,0.0,0.0,0.0819,0.0819,0.0819,10000056,2015-09-23,2015-09-23,P,2.5,2015-02-12
18476,2015-04-08 14:57:00,2015-04-08,0.0819,0.0,0.0,0.0,0.0819,0.0819,0.0819,10000056,2015-09-23,2015-09-23,P,2.5,2015-02-12
18477,2015-04-08 14:58:00,2015-04-08,0.0819,0.0,0.0,0.0,0.0819,0.0819,0.0819,10000056,2015-09-23,2015-09-23,P,2.5,2015-02-12
18478,2015-04-08 14:59:00,2015-04-08,0.0819,0.0,0.0,0.0,0.0819,0.0819,0.0819,10000056,2015-09-23,2015-09-23,P,2.5,2015-02-12
18479,2015-04-08 15:00:00,2015-04-08,0.0819,0.0,0.0,0.0,0.0819,0.0819,0.0819,10000056,2015-09-23,2015-09-23,P,2.5,2015-02-12
18480,2015-04-08 09:31:00,2015-04-08,0.5389,0.0,0.0,0.0,0.5389,0.5389,0.5389,10000035,2015-09-23,2015-09-23,C,2.4,2015-02-09
18481,2015-04-08 09:32:00,2015-04-08,0.5389,0.0,0.0,0.0,0.5389,0.5389,0.5389,10000035,2015-09-23,2015-09-23,C,2.4,2015-02-09
18482,2015-04-08 09:33:00,2015-04-08,0.5389,0.0,0.0,0.0,0.5389,0.5389,0.5389,10000035,2015-09-23,2015-09-23,C,2.4,2015-02-09
18483,2015-04-08 09:34:00,2015-04-08,0.5389,0.0,0.0,0.0,0.5389,0.5389,0.5389,10000035,2015-09-23,2015-09-23,C,2.4,2015-02-09
18484,2015-04-08 09:35:00,2015-04-08,0.5389,0.0,0.0,0.0,0.5389,0.5389,0.5389,10000035,2015-09-23,2015-09-23,C,2.4,2015-02-09
18485,2015-04-08 09:36:00,2015-04-08,0.5389,0.0,0.0,0.0,0.5389,0.5389,0.5389,10000035,2015-09-23,2015-09-23,C,2.4,2015-02-09
18486,2015-04-08 09:37:00,2015-04-08,0.5389,0.0,0.0,0.0,0.5389,0.5389,0.5389,10000035,2015-09-23,2015-09-23,C,2.4,2015-02-09
18487,2015-04-08 09:38:00,2015-04-08,0.5389,0.0,0.0,0.0,0.5389,0.5389,0.5389,10000035,2015-09-23,2015-09-23,C,2.4,2015-02-09
18488,2015-04-08 09:39:00,2015-04-08,0.5389,0.0,0.0,0.0,0.5389,0.5389,0.5389,10000035,2015-09-23,2015-09-23,C,2.4,2015-02-09
18489,2015-04-08 09:40:00,2015-04-08,0.5389,0.0,0.0,0.0,0.5389,0.5389,0.5389,10000035,2015-09-23,2015-09-23,C,2.4,2015-02-09
18490,2015-04-08 09:41:00,2015-04-08,0.5389,0.0,0.0,0.0,0.5389,0.5389,0.5389,10000035,2015-09-23,2015-09-23,C,2.4,2015-02-09
18491,2015-04-08 09:42:00,2015-04-08,0.5389,0.0,0.0,0.0,0.5389,0.5389,0.5389,10000035,2015-09-23,2015-09-23,C,2.4,2015-02-09
18492,2015-04-08 09:43:00,2015-04-08,0.5389,0.0,0.0,0.0,0.5389,0.5389,0.5389,10000035,2015-09-23,2015-09-23,C,2.4,2015-02-09
18493,2015-04-08 09:44:00,2015-04-08,0.5389,0.0,0.0,0.0,0.5389,0.5389,0.5389,10000035,2015-09-23,2015-09-23,C,2.4,2015-02-09
18494,2015-04-08 09:45:00,2015-04-08,0.5389,0.0,0.0,0.0,0.5389,0.5389,0.5389,10000035,2015-09-23,2015-09-23,C,2.4,2015-02-09
18495,2015-04-08 09:46:00,2015-04-08,0.5389,0.0,0.0,0.0,0.5389,0.5389,0.5389,10000035,2015-09-23,2015-09-23,C,2.4,2015-02-09
18496,2015-04-08 09:47:00,2015-04-08,0.5389,0.0,0.0,0.0,0.5389,0.5389,0.5389,10000035,2015-09-23,2015-09-23,C,2.4,2015-02-09
18497,2015-04-08 09:48:00,2015-04-08,0.5389,0.0,0.0,0.0,0.5389,0.5389,0.5389,10000035,2015-09-23,2015-09-23,C,2.4,2015-02-09
18498,2015-04-08 09:49:00,2015-04-08,0.5389,0.0,0.0,0.0,0.5389,0.5389,0.5389,10000035,2015-09-23,2015-09-23,C,2.4,2015-02-09
18499,2015-04-08 09:50:00,2015-04-08,0.5389,0.0,0.0,0.0,0.5389,0.5389,0.5389,10000035,2015-09-23,2015-09-23,C,2.4,2015-02-09
18500,2015-04-08 09:51:00,2015-04-08,0.5389,0.0,0.0,0.0,0.5389,0.5389,0.5389,10000035,2015-09-23,2015-09-23,C,2.4,2015-02-09
18501,2015-04-08 09:52:00,2015-04-08,0.5389,0.0,0.0,0.0,0.5389,0.5389,0.5389,10000035,2015-09-23,2015-09-23,C,2.4,2015-02-09
18502,2015-04-08 09:53:00,2015-04-08,0.5389,0.0,0.0,0.0,0.5389,0.5389,0.5389,10000035,2015-09-23,2015-09-23,C,2.4,2015-02-09
18503,2015-04-08 09:54:00,2015-04-08,0.5389,0.0,0.0,0.0,0.5389,0.5389,0.5389,10000035,2015-09-23,2015-09-23,C,2.4,2015-02-09
18504,2015-04-08 09:55:00,2015-04-08,0.5389,0.0,0.0,0.0,0.5389,0.5389,0.5389,10000035,2015-09-23,2015-09-23,C,2.4,2015-02-09
18505,2015-04-08 09:56:00,2015-04-08,0.5389,0.0,0.0,0.0,0.5389,0.5389,0.5389,10000035,2015-09-23,2015-09-23,C,2.4,2015-02-09
18506,2015-04-08 09:57:00,2015-04-08,0.5389,0.0,0.0,0.0,0.5389,0.5389,0.5389,10000035,2015-09-23,2015-09-23,C,2.4,2015-02-09
18507,2015-04-08 09:58:00,2015-04-08,0.5389,0.0,0.0,0.0,0.5389,0.5389,0.5389,10000035,2015-09-23,2015-09-23,C,2.4,2015-02-09
18508,2015-04-08 09:59:00,2015-04-08,0.5389,0.0,0.0,0.0,0.5389,0.5389,0.5389,10000035,2015-09-23,2015-09-23,C,2.4,2015-02-09
18509,2015-04-08 10:00:00,2015-04-08,0.5389,0.0,0.0,0.0,0.5389,0.5389,0.5389,10000035,2015-09-23,2015-09-23,C,2.4,2015-02-09
18510,2015-04-08 10:01:00,2015-04-08,0.5389,0.0,0.0,0.0,0.5389,0.5389,0.5389,10000035,2015-09-23,2015-09-23,C,2.4,2015-02-09
18511,2015-04-08 10:02:00,2015-04-08,0.5389,0.0,0.0,0.0,0.5389,0.5389,0.5389,10000035,2015-09-23,2015-09-23,C,2.4,2015-02-09
18512,2015-04-08 10:03:00,2015-04-08,0.5389,0.0,0.0,0.0,0.5389,0.5389,0.5389,10000035,2015-09-23,2015-09-23,C,2.4,2015-02-09
18513,2015-04-08 10:04:00,2015-04-08,0.5389,0.0,0.0,0.0,0.5389,0.5389,0.5389,10000035,2015-09-23,2015-09-23,C,2.4,2015-02-09
18514,2015-04-08 10:05:00,2015-04-08,0.5389,0.0,0.0,0.0,0.5389,0.5389,0.5389,10000035,2015-09-23,2015-09-23,C,2.4,2015-02-09
18515,2015-04-08 10:06:00,2015-04-08,0.5389,0.0,0.0,0.0,0.5389,0.5389,0.5389,10000035,2015-09-23,2015-09-23,C,2.4,2015-02-09
18516,2015-04-08 10:07:00,2015-04-08,0.5389,0.0,0.0,0.0,0.5389,0.5389,0.5389,10000035,2015-09-23,2015-09-23,C,2.4,2015-02-09
18517,2015-04-08 10:08:00,2015-04-08,0.5389,0.0,0.0,0.0,0.5389,0.5389,0.5389,10000035,2015-09-23,2015-09-23,C,2.4,2015-02-09
18518,2015-04-08 10:09:00,2015-04-08,0.5389,0.0,0.0,0.0,0.5389,0.5389,0.5389,10000035,2015-09-23,2015-09-23,C,2.4,2015-02-09
18519,2015-04-08 10:10:00,2015-04-08,0.5389,0.0,0.0,0.0,0.5389,0.5389,0.5389,10000035,2015-09-23,2015-09-23,C,2.4,2015-02-09
18520,2015-04-08 10:11:00,2015-04-08,0.5389,0.0,0.0,0.0,0.5389,0.5389,0.5389,10000035,2015-09-23,2015-09-23,C,2.4,2015-02-09
18521,2015-04-08 10:12:00,2015-04-08,0.5389,0.0,0.0,0.0,0.5389,0.5389,0.5389,10000035,2015-09-23,2015-09-23,C,2.4,2015-02-09
18522,2015-04-08 10:13:00,2015-04-08,0.5389,0.0,0.0,0.0,0.5389,0.5389,0.5389,10000035,2015-09-23,2015-09-23,C,2.4,2015-02-09
18523,2015-04-08 10:14:00,2015-04-08,0.5389,0.0,0.0,0.0,0.5389,0.5389,0.5389,10000035,2015-09-23,2015-09-23,C,2.4,2015-02-09
18524,2015-04-08 10:15:00,2015-04-08,0.5389,0.0,0.0,0.0,0.5389,0.5389,0.5389,10000035,2015-09-23,2015-09-23,C,2.4,2015-02-09
18525,2015-04-08 10:16:00,2015-04-08,0.5389,0.0,0.0,0.0,0.5389,0.5389,0.5389,10000035,2015-09-23,2015-09-23,C,2.4,2015-02-09
18526,2015-04-08 10:17:00,2015-04-08,0.5389,0.0,0.0,0.0,0.5389,0.5389,0.5389,10000035,2015-09-23,2015-09-23,C,2.4,2015-02-09
18527,2015-04-08 10:18:00,2015-04-08,0.5389,0.0,0.0,0.0,0.5389,0.5389,0.5389,10000035,2015-09-23,2015-09-23,C,2.4,2015-02-09
18528,2015-04-08 10:19:00,2015-04-08,0.5389,0.0,0.0,0.0,0.5389,0.5389,0.5389,10000035,2015-09-23,2015-09-23,C,2.4,2015-02-09
18529,2015-04-08 10:20:00,2015-04-08,0.5389,0.0,0.0,0.0,0.5389,0.5389,0.5389,10000035,2015-09-23,2015-09-23,C,2.4,2015-02-09
18530,2015-04-08 10:21:00,2015-04-08,0.5389,0.0,0.0,0.0,0.5389,0.5389,0.5389,10000035,2015-09-23,2015-09-23,C,2.4,2015-02-09
18531,2015-04-08 10:22:00,2015-04-08,0.5389,0.0,0.0,0.0,0.5389,0.5389,0.5389,10000035,2015-09-23,2015-09-23,C,2.4,2015-02-09
18532,2015-04-08 10:23:00,2015-04-08,0.5389,0.0,0.0,0.0,0.5389,0.5389,0.5389,10000035,2015-09-23,2015-09-23,C,2.4,2015-02-09
18533,2015-04-08 10:24:00,2015-04-08,0.5389,0.0,0.0,0.0,0.5389,0.5389,0.5389,10000035,2015-09-23,2015-09-23,C,2.4,2015-02-09
18534,2015-04-08 10:25:00,2015-04-08,0.5389,0.0,0.0,0.0,0.5389,0.5389,0.5389,10000035,2015-09-23,2015-09-23,C,2.4,2015-02-09
18535,2015-04-08 10:26:00,2015-04-08,0.5389,0.0,0.0,0.0,0.5389,0.5389,0.5389,10000035,2015-09-23,2015-09-23,C,2.4,2015-02-09
18536,2015-04-08 10:27:00,2015-04-08,0.5389,0.0,0.0,0.0,0.5389,0.5389,0.5389,10000035,2015-09-23,2015-09-23,C,2.4,2015-02-09
18537,2015-04-08 10:28:00,2015-04-08,0.5389,0.0,0.0,0.0,0.5389,0.5389,0.5389,10000035,2015-09-23,2015-09-23,C,2.4,2015-02-09
18538,2015-04-08 10:29:00,2015-04-08,0.5389,0.0,0.0,0.0,0.5389,0.5389,0.5389,10000035,2015-09-23,2015-09-23,C,2.4,2015-02-09
18539,2015-04-08 10:30:00,2015-04-08,0.5389,0.0,0.0,0.0,0.5389,0.5389,0.5389,10000035,2015-09-23,2015-09-23,C,2.4,2015-02-09
18540,2015-04-08 10:31:00,2015-04-08,0.5389,0.0,0.0,0.0,0.5389,0.5389,0.5389,10000035,2015-09-23,2015-09-23,C,2.4,2015-02-09
18541,2015-04-08 10:32:00,2015-04-08,0.5389,0.0,0.0,0.0,0.5389,0.5389,0.5389,10000035,2015-09-23,2015-09-23,C,2.4,2015-02-09
18542,2015-04-08 10:33:00,2015-04-08,0.5389,0.0,0.0,0.0,0.5389,0.5389,0.5389,10000035,2015-09-23,2015-09-23,C,2.4,2015-02-09
18543,2015-04-08 10:34:00,2015-04-08,0.5389,0.0,0.0,0.0,0.5389,0.5389,0.5389,10000035,2015-09-23,2015-09-23,C,2.4,2015-02-09
18544,2015-04-08 10:35:00,2015-04-08,0.5389,0.0,0.0,0.0,0.5389,0.5389,0.5389,10000035,2015-09-23,2015-09-23,C,2.4,2015-02-09
18545,2015-04-08 10:36:00,2015-04-08,0.5389,0.0,0.0,0.0,0.5389,0.5389,0.5389,10000035,2015-09-23,2015-09-23,C,2.4,2015-02-09
18546,2015-04-08 10:37:00,2015-04-08,0.5389,0.0,0.0,0.0,0.5389,0.5389,0.5389,10000035,2015-09-23,2015-09-23,C,2.4,2015-02-09
18547,2015-04-08 10:38:00,2015-04-08,0.5389,0.0,0.0,0.0,0.5389,0.5389,0.5389,10000035,2015-09-23,2015-09-23,C,2.4,2015-02-09
18548,2015-04-08 10:39:00,2015-04-08,0.5389,0.0,0.0,0.0,0.5389,0.5389,0.5389,10000035,2015-09-23,2015-09-23,C,2.4,2015-02-09
18549,2015-04-08 10:40:00,2015-04-08,0.5459,-74701.0,-13.0,440.0,0.5459,0.5459,0.5459,10000035,2015-09-23,2015-09-23,C,2.4,2015-02-09
18550,2015-04-08 10:41:00,2015-04-08,0.5459,0.0,0.0,440.0,0.5459,0.5459,0.5459,10000035,2015-09-23,2015-09-23,C,2.4,2015-02-09
18551,2015-04-08 10:42:00,2015-04-08,0.5459,0.0,0.0,440.0,0.5459,0.5459,0.5459,10000035,2015-09-23,2015-09-23,C,2.4,2015-02-09
18552,2015-04-08 10:43:00,2015-04-08,0.5459,0.0,0.0,440.0,0.5459,0.5459,0.5459,10000035,2015-09-23,2015-09-23,C,2.4,2015-02-09
18553,2015-04-08 10:44:00,2015-04-08,0.5459,0.0,0.0,440.0,0.5459,0.5459,0.5459,10000035,2015-09-23,2015-09-23,C,2.4,2015-02-09
18554,2015-04-08 10:45:00,2015-04-08,0.5459,0.0,0.0,440.0,0.5459,0.5459,0.5459,10000035,2015-09-23,2015-09-23,C,2.4,2015-02-09
18555,2015-04-08 10:46:00,2015-04-08,0.5459,0.0,0.0,440.0,0.5459,0.5459,0.5459,10000035,2015-09-23,2015-09-23,C,2.4,2015-02-09
18556,2015-04-08 10:47:00,2015-04-08,0.5459,0.0,0.0,440.0,0.5459,0.5459,0.5459,10000035,2015-09-23,2015-09-23,C,2.4,2015-02-09
18557,2015-04-08 10:48:00,2015-04-08,0.5459,0.0,0.0,440.0,0.5459,0.5459,0.5459,10000035,2015-09-23,2015-09-23,C,2.4,2015-02-09
18558,2015-04-08 10:49:00,2015-04-08,0.5459,0.0,0.0,440.0,0.5459,0.5459,0.5459,10000035,2015-09-23,2015-09-23,C,2.4,2015-02-09
18559,2015-04-08 10:50:00,2015-04-08,0.5459,0.0,0.0,440.0,0.5459,0.5459,0.5459,10000035,2015-09-23,2015-09-23,C,2.4,2015-02-09
18560,2015-04-08 10:51:00,2015-04-08,0.5459,0.0,0.0,440.0,0.5459,0.5459,0.5459,10000035,2015-09-23,2015-09-23,C,2.4,2015-02-09
18561,2015-04-08 10:52:00,2015-04-08,0.5459,0.0,0.0,440.0,0.5459,0.5459,0.5459,10000035,2015-09-23,2015-09-23,C,2.4,2015-02-09
18562,2015-04-08 10:53:00,2015-04-08,0.5459,0.0,0.0,440.0,0.5459,0.5459,0.5459,10000035,2015-09-23,2015-09-23,C,2.4,2015-02-09
18563,2015-04-08 10:54:00,2015-04-08,0.5459,0.0,0.0,440.0,0.5459,0.5459,0.5459,10000035,2015-09-23,2015-09-23,C,2.4,2015-02-09
18564,2015-04-08 10:55:00,2015-04-08,0.5459,0.0,0.0,440.0,0.5459,0.5459,0.5459,10000035,2015-09-23,2015-09-23,C,2.4,2015-02-09
18565,2015-04-08 10:56:00,2015-04-08,0.5459,0.0,0.0,440.0,0.5459,0.5459,0.5459,10000035,2015-09-23,2015-09-23,C,2.4,2015-02-09
18566,2015-04-08 10:57:00,2015-04-08,0.5459,0.0,0.0,440.0,0.5459,0.5459,0.5459,10000035,2015-09-23,2015-09-23,C,2.4,2015-02-09
18567,2015-04-08 10:58:00,2015-04-08,0.5459,0.0,0.0,440.0,0.5459,0.5459,0.5459,10000035,2015-09-23,2015-09-23,C,2.4,2015-02-09
18568,2015-04-08 10:59:00,2015-04-08,0.5459,0.0,0.0,440.0,0.5459,0.5459,0.5459,10000035,2015-09-23,2015-09-23,C,2.4,2015-02-09
18569,2015-04-08 11:00:00,2015-04-08,0.5459,0.0,0.0,440.0,0.5459,0.5459,0.5459,10000035,2015-09-23,2015-09-23,C,2.4,2015-02-09
18570,2015-04-08 11:01:00,2015-04-08,0.5459,0.0,0.0,440.0,0.5459,0.5459,0.5459,10000035,2015-09-23,2015-09-23,C,2.4,2015-02-09
18571,2015-04-08 11:02:00,2015-04-08,0.5459,0.0,0.0,440.0,0.5459,0.5459,0.5459,10000035,2015-09-23,2015-09-23,C,2.4,2015-02-09
18572,2015-04-08 11:03:00,2015-04-08,0.5459,0.0,0.0,440.0,0.5459,0.5459,0.5459,10000035,2015-09-23,2015-09-23,C,2.4,2015-02-09
18573,2015-04-08 11:04:00,2015-04-08,0.5459,0.0,0.0,440.0,0.5459,0.5459,0.5459,10000035,2015-09-23,2015-09-23,C,2.4,2015-02-09
18574,2015-04-08 11:05:00,2015-04-08,0.5459,0.0,0.0,440.0,0.5459,0.5459,0.5459,10000035,2015-09-23,2015-09-23,C,2.4,2015-02-09
18575,2015-04-08 11:06:00,2015-04-08,0.5459,0.0,0.0,440.0,0.5459,0.5459,0.5459,10000035,2015-09-23,2015-09-23,C,2.4,2015-02-09
18576,2015-04-08 11:07:00,2015-04-08,0.5459,0.0,0.0,440.0,0.5459,0.5459,0.5459,10000035,2015-09-23,2015-09-23,C,2.4,2015-02-09
18577,2015-04-08 11:08:00,2015-04-08,0.5459,0.0,0.0,440.0,0.5459,0.5459,0.5459,10000035,2015-09-23,2015-09-23,C,2.4,2015-02-09
18578,2015-04-08 11:09:00,2015-04-08,0.5459,0.0,0.0,440.0,0.5459,0.5459,0.5459,10000035,2015-09-23,2015-09-23,C,2.4,2015-02-09
18579,2015-04-08 11:10:00,2015-04-08,0.5459,0.0,0.0,440.0,0.5459,0.5459,0.5459,10000035,2015-09-23,2015-09-23,C,2.4,2015-02-09
18580,2015-04-08 11:11:00,2015-04-08,0.5459,0.0,0.0,440.0,0.5459,0.5459,0.5459,10000035,2015-09-23,2015-09-23,C,2.4,2015-02-09
18581,2015-04-08 11:12:00,2015-04-08,0.5459,0.0,0.0,440.0,0.5459,0.5459,0.5459,10000035,2015-09-23,2015-09-23,C,2.4,2015-02-09
18582,2015-04-08 11:13:00,2015-04-08,0.5459,0.0,0.0,440.0,0.5459,0.5459,0.5459,10000035,2015-09-23,2015-09-23,C,2.4,2015-02-09
18583,2015-04-08 11:14:00,2015-04-08,0.5459,0.0,0.0,440.0,0.5459,0.5459,0.5459,10000035,2015-09-23,2015-09-23,C,2.4,2015-02-09
18584,2015-04-08 11:15:00,2015-04-08,0.5459,0.0,0.0,440.0,0.5459,0.5459,0.5459,10000035,2015-09-23,2015-09-23,C,2.4,2015-02-09
18585,2015-04-08 11:16:00,2015-04-08,0.5459,0.0,0.0,440.0,0.5459,0.5459,0.5459,10000035,2015-09-23,2015-09-23,C,2.4,2015-02-09
18586,2015-04-08 11:17:00,2015-04-08,0.5459,0.0,0.0,440.0,0.5459,0.5459,0.5459,10000035,2015-09-23,2015-09-23,C,2.4,2015-02-09
18587,2015-04-08 11:18:00,2015-04-08,0.5459,0.0,0.0,440.0,0.5459,0.5459,0.5459,10000035,2015-09-23,2015-09-23,C,2.4,2015-02-09
18588,2015-04-08 11:19:00,2015-04-08,0.5459,0.0,0.0,440.0,0.5459,0.5459,0.5459,10000035,2015-09-23,2015-09-23,C,2.4,2015-02-09
18589,2015-04-08 11:20:00,2015-04-08,0.5459,0.0,0.0,440.0,0.5459,0.5459,0.5459,10000035,2015-09-23,2015-09-23,C,2.4,2015-02-09
18590,2015-04-08 11:21:00,2015-04-08,0.5459,0.0,0.0,440.0,0.5459,0.5459,0.5459,10000035,2015-09-23,2015-09-23,C,2.4,2015-02-09
18591,2015-04-08 11:22:00,2015-04-08,0.5459,0.0,0.0,440.0,0.5459,0.5459,0.5459,10000035,2015-09-23,2015-09-23,C,2.4,2015-02-09
18592,2015-04-08 11:23:00,2015-04-08,0.5459,0.0,0.0,440.0,0.5459,0.5459,0.5459,10000035,2015-09-23,2015-09-23,C,2.4,2015-02-09
18593,2015-04-08 11:24:00,2015-04-08,0.5459,0.0,0.0,440.0,0.5459,0.5459,0.5459,10000035,2015-09-23,2015-09-23,C,2.4,2015-02-09
18594,2015-04-08 11:25:00,2015-04-08,0.5459,0.0,0.0,440.0,0.5459,0.5459,0.5459,10000035,2015-09-23,2015-09-23,C,2.4,2015-02-09
18595,2015-04-08 11:26:00,2015-04-08,0.5459,0.0,0.0,440.0,0.5459,0.5459,0.5459,10000035,2015-09-23,2015-09-23,C,2.4,2015-02-09
18596,2015-04-08 11:27:00,2015-04-08,0.5459,0.0,0.0,440.0,0.5459,0.5459,0.5459,10000035,2015-09-23,2015-09-23,C,2.4,2015-02-09
18597,2015-04-08 11:28:00,2015-04-08,0.5459,0.0,0.0,440.0,0.5459,0.5459,0.5459,10000035,2015-09-23,2015-09-23,C,2.4,2015-02-09
18598,2015-04-08 11:29:00,2015-04-08,0.5459,0.0,0.0,440.0,0.5459,0.5459,0.5459,10000035,2015-09-23,2015-09-23,C,2.4,2015-02-09
18599,2015-04-08 11:30:00,2015-04-08,0.5459,0.0,0.0,440.0,0.5459,0.5459,0.5459,10000035,2015-09-23,2015-09-23,C,2.4,2015-02-09
18600,2015-04-08 13:01:00,2015-04-08,0.5459,0.0,0.0,440.0,0.5459,0.5459,0.5459,10000035,2015-09-23,2015-09-23,C,2.4,2015-02-09
18601,2015-04-08 13:02:00,2015-04-08,0.5459,0.0,0.0,440.0,0.5459,0.5459,0.5459,10000035,2015-09-23,2015-09-23,C,2.4,2015-02-09
18602,2015-04-08 13:03:00,2015-04-08,0.5459,0.0,0.0,440.0,0.5459,0.5459,0.5459,10000035,2015-09-23,2015-09-23,C,2.4,2015-02-09
18603,2015-04-08 13:04:00,2015-04-08,0.5459,0.0,0.0,440.0,0.5459,0.5459,0.5459,10000035,2015-09-23,2015-09-23,C,2.4,2015-02-09
18604,2015-04-08 13:05:00,2015-04-08,0.5459,0.0,0.0,440.0,0.5459,0.5459,0.5459,10000035,2015-09-23,2015-09-23,C,2.4,2015-02-09
18605,2015-04-08 13:06:00,2015-04-08,0.5619,16801.0,3.0,438.0,0.5563,0.5563,0.5563,10000035,2015-09-23,2015-09-23,C,2.4,2015-02-09
18606,2015-04-08 13:07:00,2015-04-08,0.5563,0.0,0.0,438.0,0.5563,0.5563,0.5563,10000035,2015-09-23,2015-09-23,C,2.4,2015-02-09
18607,2015-04-08 13:08:00,2015-04-08,0.5563,0.0,0.0,438.0,0.5563,0.5563,0.5563,10000035,2015-09-23,2015-09-23,C,2.4,2015-02-09
18608,2015-04-08 13:09:00,2015-04-08,0.5563,0.0,0.0,438.0,0.5563,0.5563,0.5563,10000035,2015-09-23,2015-09-23,C,2.4,2015-02-09
18609,2015-04-08 13:10:00,2015-04-08,0.5563,0.0,0.0,438.0,0.5563,0.5563,0.5563,10000035,2015-09-23,2015-09-23,C,2.4,2015-02-09
18610,2015-04-08 13:11:00,2015-04-08,0.5563,0.0,0.0,438.0,0.5563,0.5563,0.5563,10000035,2015-09-23,2015-09-23,C,2.4,2015-02-09
18611,2015-04-08 13:12:00,2015-04-08,0.5563,0.0,0.0,438.0,0.5563,0.5563,0.5563,10000035,2015-09-23,2015-09-23,C,2.4,2015-02-09
18612,2015-04-08 13:13:00,2015-04-08,0.5563,0.0,0.0,438.0,0.5563,0.5563,0.5563,10000035,2015-09-23,2015-09-23,C,2.4,2015-02-09
18613,2015-04-08 13:14:00,2015-04-08,0.5563,0.0,0.0,438.0,0.5563,0.5563,0.5563,10000035,2015-09-23,2015-09-23,C,2.4,2015-02-09
18614,2015-04-08 13:15:00,2015-04-08,0.5563,0.0,0.0,438.0,0.5563,0.5563,0.5563,10000035,2015-09-23,2015-09-23,C,2.4,2015-02-09
18615,2015-04-08 13:16:00,2015-04-08,0.5563,0.0,0.0,438.0,0.5563,0.5563,0.5563,10000035,2015-09-23,2015-09-23,C,2.4,2015-02-09
18616,2015-04-08 13:17:00,2015-04-08,0.5563,0.0,0.0,438.0,0.5563,0.5563,0.5563,10000035,2015-09-23,2015-09-23,C,2.4,2015-02-09
18617,2015-04-08 13:18:00,2015-04-08,0.5563,0.0,0.0,438.0,0.5563,0.5563,0.5563,10000035,2015-09-23,2015-09-23,C,2.4,2015-02-09
18618,2015-04-08 13:19:00,2015-04-08,0.5563,0.0,0.0,438.0,0.5563,0.5563,0.5563,10000035,2015-09-23,2015-09-23,C,2.4,2015-02-09
18619,2015-04-08 13:20:00,2015-04-08,0.5563,0.0,0.0,438.0,0.5563,0.5563,0.5563,10000035,2015-09-23,2015-09-23,C,2.4,2015-02-09
18620,2015-04-08 13:21:00,2015-04-08,0.579,11580.0,2.0,438.0,0.579,0.579,0.579,10000035,2015-09-23,2015-09-23,C,2.4,2015-02-09
18621,2015-04-08 13:22:00,2015-04-08,0.579,0.0,0.0,438.0,0.579,0.579,0.579,10000035,2015-09-23,2015-09-23,C,2.4,2015-02-09
18622,2015-04-08 13:23:00,2015-04-08,0.579,46320.0,8.0,438.0,0.579,0.579,0.579,10000035,2015-09-23,2015-09-23,C,2.4,2015-02-09
18623,2015-04-08 13:24:00,2015-04-08,0.579,0.0,0.0,438.0,0.579,0.579,0.579,10000035,2015-09-23,2015-09-23,C,2.4,2015-02-09
18624,2015-04-08 13:25:00,2015-04-08,0.579,0.0,0.0,438.0,0.579,0.579,0.579,10000035,2015-09-23,2015-09-23,C,2.4,2015-02-09
18625,2015-04-08 13:26:00,2015-04-08,0.579,0.0,0.0,438.0,0.579,0.579,0.579,10000035,2015-09-23,2015-09-23,C,2.4,2015-02-09
18626,2015-04-08 13:27:00,2015-04-08,0.579,0.0,0.0,438.0,0.579,0.579,0.579,10000035,2015-09-23,2015-09-23,C,2.4,2015-02-09
18627,2015-04-08 13:28:00,2015-04-08,0.579,0.0,0.0,438.0,0.579,0.579,0.579,10000035,2015-09-23,2015-09-23,C,2.4,2015-02-09
18628,2015-04-08 13:29:00,2015-04-08,0.579,0.0,0.0,438.0,0.579,0.579,0.579,10000035,2015-09-23,2015-09-23,C,2.4,2015-02-09
18629,2015-04-08 13:30:00,2015-04-08,0.579,0.0,0.0,438.0,0.579,0.579,0.579,10000035,2015-09-23,2015-09-23,C,2.4,2015-02-09
18630,2015-04-08 13:31:00,2015-04-08,0.579,0.0,0.0,438.0,0.579,0.579,0.579,10000035,2015-09-23,2015-09-23,C,2.4,2015-02-09
18631,2015-04-08 13:32:00,2015-04-08,0.579,0.0,0.0,438.0,0.579,0.579,0.579,10000035,2015-09-23,2015-09-23,C,2.4,2015-02-09
18632,2015-04-08 13:33:00,2015-04-08,0.579,0.0,0.0,438.0,0.579,0.579,0.579,10000035,2015-09-23,2015-09-23,C,2.4,2015-02-09
18633,2015-04-08 13:34:00,2015-04-08,0.579,0.0,0.0,438.0,0.579,0.579,0.579,10000035,2015-09-23,2015-09-23,C,2.4,2015-02-09
18634,2015-04-08 13:35:00,2015-04-08,0.579,0.0,0.0,438.0,0.579,0.579,0.579,10000035,2015-09-23,2015-09-23,C,2.4,2015-02-09
18635,2015-04-08 13:36:00,2015-04-08,0.579,0.0,0.0,438.0,0.579,0.579,0.579,10000035,2015-09-23,2015-09-23,C,2.4,2015-02-09
18636,2015-04-08 13:37:00,2015-04-08,0.579,0.0,0.0,438.0,0.579,0.579,0.579,10000035,2015-09-23,2015-09-23,C,2.4,2015-02-09
18637,2015-04-08 13:38:00,2015-04-08,0.579,0.0,0.0,438.0,0.579,0.579,0.579,10000035,2015-09-23,2015-09-23,C,2.4,2015-02-09
18638,2015-04-08 13:39:00,2015-04-08,0.579,0.0,0.0,438.0,0.579,0.579,0.579,10000035,2015-09-23,2015-09-23,C,2.4,2015-02-09
18639,2015-04-08 13:40:00,2015-04-08,0.579,0.0,0.0,438.0,0.579,0.579,0.579,10000035,2015-09-23,2015-09-23,C,2.4,2015-02-09
18640,2015-04-08 13:41:00,2015-04-08,0.579,0.0,0.0,438.0,0.579,0.579,0.579,10000035,2015-09-23,2015-09-23,C,2.4,2015-02-09
18641,2015-04-08 13:42:00,2015-04-08,0.579,0.0,0.0,438.0,0.579,0.579,0.579,10000035,2015-09-23,2015-09-23,C,2.4,2015-02-09
18642,2015-04-08 13:43:00,2015-04-08,0.579,0.0,0.0,438.0,0.579,0.579,0.579,10000035,2015-09-23,2015-09-23,C,2.4,2015-02-09
18643,2015-04-08 13:44:00,2015-04-08,0.579,0.0,0.0,438.0,0.579,0.579,0.579,10000035,2015-09-23,2015-09-23,C,2.4,2015-02-09
18644,2015-04-08 13:45:00,2015-04-08,0.579,0.0,0.0,438.0,0.579,0.579,0.579,10000035,2015-09-23,2015-09-23,C,2.4,2015-02-09
18645,2015-04-08 13:46:00,2015-04-08,0.579,0.0,0.0,438.0,0.579,0.579,0.579,10000035,2015-09-23,2015-09-23,C,2.4,2015-02-09
18646,2015-04-08 13:47:00,2015-04-08,0.579,0.0,0.0,438.0,0.579,0.579,0.579,10000035,2015-09-23,2015-09-23,C,2.4,2015-02-09
18647,2015-04-08 13:48:00,2015-04-08,0.579,0.0,0.0,438.0,0.579,0.579,0.579,10000035,2015-09-23,2015-09-23,C,2.4,2015-02-09
18648,2015-04-08 13:49:00,2015-04-08,0.579,0.0,0.0,438.0,0.579,0.579,0.579,10000035,2015-09-23,2015-09-23,C,2.4,2015-02-09
18649,2015-04-08 13:50:00,2015-04-08,0.579,0.0,0.0,438.0,0.579,0.579,0.579,10000035,2015-09-23,2015-09-23,C,2.4,2015-02-09
18650,2015-04-08 13:51:00,2015-04-08,0.579,0.0,0.0,438.0,0.579,0.579,0.579,10000035,2015-09-23,2015-09-23,C,2.4,2015-02-09
18651,2015-04-08 13:52:00,2015-04-08,0.579,0.0,0.0,438.0,0.579,0.579,0.579,10000035,2015-09-23,2015-09-23,C,2.4,2015-02-09
18652,2015-04-08 13:53:00,2015-04-08,0.579,0.0,0.0,438.0,0.579,0.579,0.579,10000035,2015-09-23,2015-09-23,C,2.4,2015-02-09
18653,2015-04-08 13:54:00,2015-04-08,0.579,0.0,0.0,438.0,0.579,0.579,0.579,10000035,2015-09-23,2015-09-23,C,2.4,2015-02-09
18654,2015-04-08 13:55:00,2015-04-08,0.579,0.0,0.0,438.0,0.579,0.579,0.579,10000035,2015-09-23,2015-09-23,C,2.4,2015-02-09
18655,2015-04-08 13:56:00,2015-04-08,0.579,0.0,0.0,438.0,0.579,0.579,0.579,10000035,2015-09-23,2015-09-23,C,2.4,2015-02-09
18656,2015-04-08 13:57:00,2015-04-08,0.579,0.0,0.0,438.0,0.579,0.579,0.579,10000035,2015-09-23,2015-09-23,C,2.4,2015-02-09
18657,2015-04-08 13:58:00,2015-04-08,0.579,0.0,0.0,438.0,0.579,0.579,0.579,10000035,2015-09-23,2015-09-23,C,2.4,2015-02-09
18658,2015-04-08 13:59:00,2015-04-08,0.579,0.0,0.0,438.0,0.579,0.579,0.579,10000035,2015-09-23,2015-09-23,C,2.4,2015-02-09
18659,2015-04-08 14:00:00,2015-04-08,0.579,0.0,0.0,438.0,0.579,0.579,0.579,10000035,2015-09-23,2015-09-23,C,2.4,2015-02-09
18660,2015-04-08 14:01:00,2015-04-08,0.579,0.0,0.0,438.0,0.579,0.579,0.579,10000035,2015-09-23,2015-09-23,C,2.4,2015-02-09
18661,2015-04-08 14:02:00,2015-04-08,0.579,0.0,0.0,438.0,0.579,0.579,0.579,10000035,2015-09-23,2015-09-23,C,2.4,2015-02-09
18662,2015-04-08 14:03:00,2015-04-08,0.579,0.0,0.0,438.0,0.579,0.579,0.579,10000035,2015-09-23,2015-09-23,C,2.4,2015-02-09
18663,2015-04-08 14:04:00,2015-04-08,0.579,0.0,0.0,438.0,0.579,0.579,0.579,10000035,2015-09-23,2015-09-23,C,2.4,2015-02-09
18664,2015-04-08 14:05:00,2015-04-08,0.579,0.0,0.0,438.0,0.579,0.579,0.579,10000035,2015-09-23,2015-09-23,C,2.4,2015-02-09
18665,2015-04-08 14:06:00,2015-04-08,0.579,0.0,0.0,438.0,0.579,0.579,0.579,10000035,2015-09-23,2015-09-23,C,2.4,2015-02-09
18666,2015-04-08 14:07:00,2015-04-08,0.579,0.0,0.0,438.0,0.579,0.579,0.579,10000035,2015-09-23,2015-09-23,C,2.4,2015-02-09
18667,2015-04-08 14:08:00,2015-04-08,0.579,0.0,0.0,438.0,0.579,0.579,0.579,10000035,2015-09-23,2015-09-23,C,2.4,2015-02-09
18668,2015-04-08 14:09:00,2015-04-08,0.579,0.0,0.0,438.0,0.579,0.579,0.579,10000035,2015-09-23,2015-09-23,C,2.4,2015-02-09
18669,2015-04-08 14:10:00,2015-04-08,0.579,0.0,0.0,438.0,0.579,0.579,0.579,10000035,2015-09-23,2015-09-23,C,2.4,2015-02-09
18670,2015-04-08 14:11:00,2015-04-08,0.579,0.0,0.0,438.0,0.579,0.579,0.579,10000035,2015-09-23,2015-09-23,C,2.4,2015-02-09
18671,2015-04-08 14:12:00,2015-04-08,0.579,0.0,0.0,438.0,0.579,0.579,0.579,10000035,2015-09-23,2015-09-23,C,2.4,2015-02-09
18672,2015-04-08 14:13:00,2015-04-08,0.579,0.0,0.0,438.0,0.579,0.579,0.579,10000035,2015-09-23,2015-09-23,C,2.4,2015-02-09
18673,2015-04-08 14:14:00,2015-04-08,0.579,0.0,0.0,438.0,0.579,0.579,0.579,10000035,2015-09-23,2015-09-23,C,2.4,2015-02-09
18674,2015-04-08 14:15:00,2015-04-08,0.579,0.0,0.0,438.0,0.579,0.579,0.579,10000035,2015-09-23,2015-09-23,C,2.4,2015-02-09
18675,2015-04-08 14:16:00,2015-04-08,0.579,0.0,0.0,438.0,0.579,0.579,0.579,10000035,2015-09-23,2015-09-23,C,2.4,2015-02-09
18676,2015-04-08 14:17:00,2015-04-08,0.579,0.0,0.0,438.0,0.579,0.579,0.579,10000035,2015-09-23,2015-09-23,C,2.4,2015-02-09
18677,2015-04-08 14:18:00,2015-04-08,0.579,0.0,0.0,438.0,0.579,0.579,0.579,10000035,2015-09-23,2015-09-23,C,2.4,2015-02-09
18678,2015-04-08 14:19:00,2015-04-08,0.579,0.0,0.0,438.0,0.579,0.579,0.579,10000035,2015-09-23,2015-09-23,C,2.4,2015-02-09
18679,2015-04-08 14:20:00,2015-04-08,0.579,0.0,0.0,438.0,0.579,0.579,0.579,10000035,2015-09-23,2015-09-23,C,2.4,2015-02-09
18680,2015-04-08 14:21:00,2015-04-08,0.579,0.0,0.0,438.0,0.579,0.579,0.579,10000035,2015-09-23,2015-09-23,C,2.4,2015-02-09
18681,2015-04-08 14:22:00,2015-04-08,0.579,0.0,0.0,438.0,0.579,0.579,0.579,10000035,2015-09-23,2015-09-23,C,2.4,2015-02-09
18682,2015-04-08 14:23:00,2015-04-08,0.579,0.0,0.0,438.0,0.579,0.579,0.579,10000035,2015-09-23,2015-09-23,C,2.4,2015-02-09
18683,2015-04-08 14:24:00,2015-04-08,0.579,0.0,0.0,438.0,0.579,0.579,0.579,10000035,2015-09-23,2015-09-23,C,2.4,2015-02-09
18684,2015-04-08 14:25:00,2015-04-08,0.579,0.0,0.0,438.0,0.579,0.579,0.579,10000035,2015-09-23,2015-09-23,C,2.4,2015-02-09
18685,2015-04-08 14:26:00,2015-04-08,0.579,0.0,0.0,438.0,0.579,0.579,0.579,10000035,2015-09-23,2015-09-23,C,2.4,2015-02-09
18686,2015-04-08 14:27:00,2015-04-08,0.579,0.0,0.0,438.0,0.579,0.579,0.579,10000035,2015-09-23,2015-09-23,C,2.4,2015-02-09
18687,2015-04-08 14:28:00,2015-04-08,0.579,0.0,0.0,438.0,0.579,0.579,0.579,10000035,2015-09-23,2015-09-23,C,2.4,2015-02-09
18688,2015-04-08 14:29:00,2015-04-08,0.579,0.0,0.0,438.0,0.579,0.579,0.579,10000035,2015-09-23,2015-09-23,C,2.4,2015-02-09
18689,2015-04-08 14:30:00,2015-04-08,0.579,0.0,0.0,438.0,0.579,0.579,0.579,10000035,2015-09-23,2015-09-23,C,2.4,2015-02-09
18690,2015-04-08 14:31:00,2015-04-08,0.579,0.0,0.0,438.0,0.579,0.579,0.579,10000035,2015-09-23,2015-09-23,C,2.4,2015-02-09
18691,2015-04-08 14:32:00,2015-04-08,0.579,0.0,0.0,438.0,0.579,0.579,0.579,10000035,2015-09-23,2015-09-23,C,2.4,2015-02-09
18692,2015-04-08 14:33:00,2015-04-08,0.579,0.0,0.0,438.0,0.579,0.579,0.579,10000035,2015-09-23,2015-09-23,C,2.4,2015-02-09
18693,2015-04-08 14:34:00,2015-04-08,0.579,0.0,0.0,438.0,0.579,0.579,0.579,10000035,2015-09-23,2015-09-23,C,2.4,2015-02-09
18694,2015-04-08 14:35:00,2015-04-08,0.579,0.0,0.0,438.0,0.579,0.579,0.579,10000035,2015-09-23,2015-09-23,C,2.4,2015-02-09
18695,2015-04-08 14:36:00,2015-04-08,0.579,0.0,0.0,438.0,0.579,0.579,0.579,10000035,2015-09-23,2015-09-23,C,2.4,2015-02-09
18696,2015-04-08 14:37:00,2015-04-08,0.579,0.0,0.0,438.0,0.579,0.579,0.579,10000035,2015-09-23,2015-09-23,C,2.4,2015-02-09
18697,2015-04-08 14:38:00,2015-04-08,0.579,0.0,0.0,438.0,0.579,0.579,0.579,10000035,2015-09-23,2015-09-23,C,2.4,2015-02-09
18698,2015-04-08 14:39:00,2015-04-08,0.579,0.0,0.0,438.0,0.579,0.579,0.579,10000035,2015-09-23,2015-09-23,C,2.4,2015-02-09
18699,2015-04-08 14:40:00,2015-04-08,0.579,0.0,0.0,438.0,0.579,0.579,0.579,10000035,2015-09-23,2015-09-23,C,2.4,2015-02-09
18700,2015-04-08 14:41:00,2015-04-08,0.579,0.0,0.0,438.0,0.579,0.579,0.579,10000035,2015-09-23,2015-09-23,C,2.4,2015-02-09
18701,2015-04-08 14:42:00,2015-04-08,0.579,0.0,0.0,438.0,0.579,0.579,0.579,10000035,2015-09-23,2015-09-23,C,2.4,2015-02-09
18702,2015-04-08 14:43:00,2015-04-08,0.579,0.0,0.0,438.0,0.579,0.579,0.579,10000035,2015-09-23,2015-09-23,C,2.4,2015-02-09
18703,2015-04-08 14:44:00,2015-04-08,0.579,0.0,0.0,438.0,0.579,0.579,0.579,10000035,2015-09-23,2015-09-23,C,2.4,2015-02-09
18704,2015-04-08 14:45:00,2015-04-08,0.579,0.0,0.0,438.0,0.579,0.579,0.579,10000035,2015-09-23,2015-09-23,C,2.4,2015-02-09
18705,2015-04-08 14:46:00,2015-04-08,0.579,0.0,0.0,438.0,0.579,0.579,0.579,10000035,2015-09-23,2015-09-23,C,2.4,2015-02-09
18706,2015-04-08 14:47:00,2015-04-08,0.579,0.0,0.0,438.0,0.579,0.579,0.579,10000035,2015-09-23,2015-09-23,C,2.4,2015-02-09
18707,2015-04-08 14:48:00,2015-04-08,0.579,0.0,0.0,438.0,0.579,0.579,0.579,10000035,2015-09-23,2015-09-23,C,2.4,2015-02-09
18708,2015-04-08 14:49:00,2015-04-08,0.579,0.0,0.0,438.0,0.579,0.579,0.579,10000035,2015-09-23,2015-09-23,C,2.4,2015-02-09
18709,2015-04-08 14:50:00,2015-04-08,0.579,0.0,0.0,438.0,0.579,0.579,0.579,10000035,2015-09-23,2015-09-23,C,2.4,2015-02-09
18710,2015-04-08 14:51:00,2015-04-08,0.579,0.0,0.0,438.0,0.579,0.579,0.579,10000035,2015-09-23,2015-09-23,C,2.4,2015-02-09
18711,2015-04-08 14:52:00,2015-04-08,0.579,0.0,0.0,438.0,0.579,0.579,0.579,10000035,2015-09-23,2015-09-23,C,2.4,2015-02-09
18712,2015-04-08 14:53:00,2015-04-08,0.579,0.0,0.0,438.0,0.579,0.579,0.579,10000035,2015-09-23,2015-09-23,C,2.4,2015-02-09
18713,2015-04-08 14:54:00,2015-04-08,0.579,0.0,0.0,438.0,0.579,0.579,0.579,10000035,2015-09-23,2015-09-23,C,2.4,2015-02-09
18714,2015-04-08 14:55:00,2015-04-08,0.579,0.0,0.0,438.0,0.579,0.579,0.579,10000035,2015-09-23,2015-09-23,C,2.4,2015-02-09
18715,2015-04-08 14:56:00,2015-04-08,0.579,0.0,0.0,438.0,0.579,0.579,0.579,10000035,2015-09-23,2015-09-23,C,2.4,2015-02-09
18716,2015-04-08 14:57:00,2015-04-08,0.579,0.0,0.0,438.0,0.579,0.579,0.579,10000035,2015-09-23,2015-09-23,C,2.4,2015-02-09
18717,2015-04-08 14:58:00,2015-04-08,0.579,0.0,0.0,438.0,0.579,0.579,0.579,10000035,2015-09-23,2015-09-23,C,2.4,2015-02-09
18718,2015-04-08 14:59:00,2015-04-08,0.579,0.0,0.0,438.0,0.579,0.579,0.579,10000035,2015-09-23,2015-09-23,C,2.4,2015-02-09
18719,2015-04-08 15:00:00,2015-04-08,0.579,0.0,0.0,438.0,0.579,0.579,0.579,10000035,2015-09-23,2015-09-23,C,2.4,2015-02-09
18720,2015-04-08 09:31:00,2015-04-08,0.3355,3355.0,1.0,353.0,0.3355,0.3355,0.3355,10000087,2015-09-23,2015-09-23,C,2.7,2015-03-19
18721,2015-04-08 09:32:00,2015-04-08,0.3355,0.0,0.0,353.0,0.3355,0.3355,0.3355,10000087,2015-09-23,2015-09-23,C,2.7,2015-03-19
18722,2015-04-08 09:33:00,2015-04-08,0.3355,0.0,0.0,353.0,0.3355,0.3355,0.3355,10000087,2015-09-23,2015-09-23,C,2.7,2015-03-19
18723,2015-04-08 09:34:00,2015-04-08,0.3355,0.0,0.0,353.0,0.3355,0.3355,0.3355,10000087,2015-09-23,2015-09-23,C,2.7,2015-03-19
18724,2015-04-08 09:35:00,2015-04-08,0.3355,0.0,0.0,353.0,0.3355,0.3355,0.3355,10000087,2015-09-23,2015-09-23,C,2.7,2015-03-19
18725,2015-04-08 09:36:00,2015-04-08,0.3355,0.0,0.0,353.0,0.3355,0.3355,0.3355,10000087,2015-09-23,2015-09-23,C,2.7,2015-03-19
18726,2015-04-08 09:37:00,2015-04-08,0.3355,0.0,0.0,353.0,0.3355,0.3355,0.3355,10000087,2015-09-23,2015-09-23,C,2.7,2015-03-19
18727,2015-04-08 09:38:00,2015-04-08,0.3355,0.0,0.0,353.0,0.3355,0.3355,0.3355,10000087,2015-09-23,2015-09-23,C,2.7,2015-03-19
18728,2015-04-08 09:39:00,2015-04-08,0.3355,0.0,0.0,353.0,0.3355,0.3355,0.3355,10000087,2015-09-23,2015-09-23,C,2.7,2015-03-19
18729,2015-04-08 09:40:00,2015-04-08,0.3355,0.0,0.0,353.0,0.3355,0.3355,0.3355,10000087,2015-09-23,2015-09-23,C,2.7,2015-03-19
18730,2015-04-08 09:41:00,2015-04-08,0.3355,0.0,0.0,353.0,0.3355,0.3355,0.3355,10000087,2015-09-23,2015-09-23,C,2.7,2015-03-19
18731,2015-04-08 09:42:00,2015-04-08,0.3355,0.0,0.0,353.0,0.3355,0.3355,0.3355,10000087,2015-09-23,2015-09-23,C,2.7,2015-03-19
18732,2015-04-08 09:43:00,2015-04-08,0.3355,0.0,0.0,353.0,0.3355,0.3355,0.3355,10000087,2015-09-23,2015-09-23,C,2.7,2015-03-19
18733,2015-04-08 09:44:00,2015-04-08,0.3355,0.0,0.0,353.0,0.3355,0.3355,0.3355,10000087,2015-09-23,2015-09-23,C,2.7,2015-03-19
18734,2015-04-08 09:45:00,2015-04-08,0.3355,0.0,0.0,353.0,0.3355,0.3355,0.3355,10000087,2015-09-23,2015-09-23,C,2.7,2015-03-19
18735,2015-04-08 09:46:00,2015-04-08,0.3355,0.0,0.0,353.0,0.3355,0.3355,0.3355,10000087,2015-09-23,2015-09-23,C,2.7,2015-03-19
18736,2015-04-08 09:47:00,2015-04-08,0.3355,0.0,0.0,353.0,0.3355,0.3355,0.3355,10000087,2015-09-23,2015-09-23,C,2.7,2015-03-19
18737,2015-04-08 09:48:00,2015-04-08,0.3355,0.0,0.0,353.0,0.3355,0.3355,0.3355,10000087,2015-09-23,2015-09-23,C,2.7,2015-03-19
18738,2015-04-08 09:49:00,2015-04-08,0.3355,0.0,0.0,353.0,0.3355,0.3355,0.3355,10000087,2015-09-23,2015-09-23,C,2.7,2015-03-19
18739,2015-04-08 09:50:00,2015-04-08,0.3355,0.0,0.0,353.0,0.3355,0.3355,0.3355,10000087,2015-09-23,2015-09-23,C,2.7,2015-03-19
18740,2015-04-08 09:51:00,2015-04-08,0.3355,0.0,0.0,353.0,0.3355,0.3355,0.3355,10000087,2015-09-23,2015-09-23,C,2.7,2015-03-19
18741,2015-04-08 09:52:00,2015-04-08,0.3355,0.0,0.0,353.0,0.3355,0.3355,0.3355,10000087,2015-09-23,2015-09-23,C,2.7,2015-03-19
18742,2015-04-08 09:53:00,2015-04-08,0.3355,0.0,0.0,353.0,0.3355,0.3355,0.3355,10000087,2015-09-23,2015-09-23,C,2.7,2015-03-19
18743,2015-04-08 09:54:00,2015-04-08,0.3355,0.0,0.0,353.0,0.3355,0.3355,0.3355,10000087,2015-09-23,2015-09-23,C,2.7,2015-03-19
18744,2015-04-08 09:55:00,2015-04-08,0.3355,0.0,0.0,353.0,0.3355,0.3355,0.3355,10000087,2015-09-23,2015-09-23,C,2.7,2015-03-19
18745,2015-04-08 09:56:00,2015-04-08,0.3355,0.0,0.0,353.0,0.3355,0.3355,0.3355,10000087,2015-09-23,2015-09-23,C,2.7,2015-03-19
18746,2015-04-08 09:57:00,2015-04-08,0.3355,0.0,0.0,353.0,0.3355,0.3355,0.3355,10000087,2015-09-23,2015-09-23,C,2.7,2015-03-19
18747,2015-04-08 09:58:00,2015-04-08,0.3355,0.0,0.0,353.0,0.3355,0.3355,0.3355,10000087,2015-09-23,2015-09-23,C,2.7,2015-03-19
18748,2015-04-08 09:59:00,2015-04-08,0.3355,0.0,0.0,353.0,0.3355,0.3355,0.3355,10000087,2015-09-23,2015-09-23,C,2.7,2015-03-19
18749,2015-04-08 10:00:00,2015-04-08,0.3355,0.0,0.0,353.0,0.3355,0.3355,0.3355,10000087,2015-09-23,2015-09-23,C,2.7,2015-03-19
18750,2015-04-08 10:01:00,2015-04-08,0.3355,0.0,0.0,353.0,0.3355,0.3355,0.3355,10000087,2015-09-23,2015-09-23,C,2.7,2015-03-19
18751,2015-04-08 10:02:00,2015-04-08,0.3355,0.0,0.0,353.0,0.3355,0.3355,0.3355,10000087,2015-09-23,2015-09-23,C,2.7,2015-03-19
18752,2015-04-08 10:03:00,2015-04-08,0.3355,0.0,0.0,353.0,0.3355,0.3355,0.3355,10000087,2015-09-23,2015-09-23,C,2.7,2015-03-19
18753,2015-04-08 10:04:00,2015-04-08,0.3355,0.0,0.0,353.0,0.3355,0.3355,0.3355,10000087,2015-09-23,2015-09-23,C,2.7,2015-03-19
18754,2015-04-08 10:05:00,2015-04-08,0.3355,0.0,0.0,353.0,0.3355,0.3355,0.3355,10000087,2015-09-23,2015-09-23,C,2.7,2015-03-19
18755,2015-04-08 10:06:00,2015-04-08,0.3721,3721.0,1.0,354.0,0.3721,0.3721,0.3721,10000087,2015-09-23,2015-09-23,C,2.7,2015-03-19
18756,2015-04-08 10:07:00,2015-04-08,0.3721,0.0,0.0,354.0,0.3721,0.3721,0.3721,10000087,2015-09-23,2015-09-23,C,2.7,2015-03-19
18757,2015-04-08 10:08:00,2015-04-08,0.3721,0.0,0.0,354.0,0.3721,0.3721,0.3721,10000087,2015-09-23,2015-09-23,C,2.7,2015-03-19
18758,2015-04-08 10:09:00,2015-04-08,0.3721,0.0,0.0,354.0,0.3721,0.3721,0.3721,10000087,2015-09-23,2015-09-23,C,2.7,2015-03-19
18759,2015-04-08 10:10:00,2015-04-08,0.3721,0.0,0.0,354.0,0.3721,0.3721,0.3721,10000087,2015-09-23,2015-09-23,C,2.7,2015-03-19
18760,2015-04-08 10:11:00,2015-04-08,0.3721,0.0,0.0,354.0,0.3721,0.3721,0.3721,10000087,2015-09-23,2015-09-23,C,2.7,2015-03-19
18761,2015-04-08 10:12:00,2015-04-08,0.3721,0.0,0.0,354.0,0.3721,0.3721,0.3721,10000087,2015-09-23,2015-09-23,C,2.7,2015-03-19
18762,2015-04-08 10:13:00,2015-04-08,0.3721,0.0,0.0,354.0,0.3721,0.3721,0.3721,10000087,2015-09-23,2015-09-23,C,2.7,2015-03-19
18763,2015-04-08 10:14:00,2015-04-08,0.3721,0.0,0.0,354.0,0.3721,0.3721,0.3721,10000087,2015-09-23,2015-09-23,C,2.7,2015-03-19
18764,2015-04-08 10:15:00,2015-04-08,0.3721,0.0,0.0,354.0,0.3721,0.3721,0.3721,10000087,2015-09-23,2015-09-23,C,2.7,2015-03-19
18765,2015-04-08 10:16:00,2015-04-08,0.3721,0.0,0.0,354.0,0.3721,0.3721,0.3721,10000087,2015-09-23,2015-09-23,C,2.7,2015-03-19
18766,2015-04-08 10:17:00,2015-04-08,0.3721,0.0,0.0,354.0,0.3721,0.3721,0.3721,10000087,2015-09-23,2015-09-23,C,2.7,2015-03-19
18767,2015-04-08 10:18:00,2015-04-08,0.3721,0.0,0.0,354.0,0.3721,0.3721,0.3721,10000087,2015-09-23,2015-09-23,C,2.7,2015-03-19
18768,2015-04-08 10:19:00,2015-04-08,0.3721,0.0,0.0,354.0,0.3721,0.3721,0.3721,10000087,2015-09-23,2015-09-23,C,2.7,2015-03-19
18769,2015-04-08 10:20:00,2015-04-08,0.3456,3456.0,1.0,354.0,0.3456,0.3456,0.3456,10000087,2015-09-23,2015-09-23,C,2.7,2015-03-19
18770,2015-04-08 10:21:00,2015-04-08,0.3456,0.0,0.0,354.0,0.3456,0.3456,0.3456,10000087,2015-09-23,2015-09-23,C,2.7,2015-03-19
18771,2015-04-08 10:22:00,2015-04-08,0.3456,0.0,0.0,354.0,0.3456,0.3456,0.3456,10000087,2015-09-23,2015-09-23,C,2.7,2015-03-19
18772,2015-04-08 10:23:00,2015-04-08,0.3456,0.0,0.0,354.0,0.3456,0.3456,0.3456,10000087,2015-09-23,2015-09-23,C,2.7,2015-03-19
18773,2015-04-08 10:24:00,2015-04-08,0.3456,0.0,0.0,354.0,0.3456,0.3456,0.3456,10000087,2015-09-23,2015-09-23,C,2.7,2015-03-19
18774,2015-04-08 10:25:00,2015-04-08,0.3456,0.0,0.0,354.0,0.3456,0.3456,0.3456,10000087,2015-09-23,2015-09-23,C,2.7,2015-03-19
18775,2015-04-08 10:26:00,2015-04-08,0.3456,0.0,0.0,354.0,0.3456,0.3456,0.3456,10000087,2015-09-23,2015-09-23,C,2.7,2015-03-19
18776,2015-04-08 10:27:00,2015-04-08,0.3456,0.0,0.0,354.0,0.3456,0.3456,0.3456,10000087,2015-09-23,2015-09-23,C,2.7,2015-03-19
18777,2015-04-08 10:28:00,2015-04-08,0.3456,0.0,0.0,354.0,0.3456,0.3456,0.3456,10000087,2015-09-23,2015-09-23,C,2.7,2015-03-19
18778,2015-04-08 10:29:00,2015-04-08,0.3456,0.0,0.0,354.0,0.3456,0.3456,0.3456,10000087,2015-09-23,2015-09-23,C,2.7,2015-03-19
18779,2015-04-08 10:30:00,2015-04-08,0.3456,0.0,0.0,354.0,0.3456,0.3456,0.3456,10000087,2015-09-23,2015-09-23,C,2.7,2015-03-19
18780,2015-04-08 10:31:00,2015-04-08,0.3456,0.0,0.0,354.0,0.3456,0.3456,0.3456,10000087,2015-09-23,2015-09-23,C,2.7,2015-03-19
18781,2015-04-08 10:32:00,2015-04-08,0.3456,0.0,0.0,354.0,0.3456,0.3456,0.3456,10000087,2015-09-23,2015-09-23,C,2.7,2015-03-19
18782,2015-04-08 10:33:00,2015-04-08,0.3456,0.0,0.0,354.0,0.3456,0.3456,0.3456,10000087,2015-09-23,2015-09-23,C,2.7,2015-03-19
18783,2015-04-08 10:34:00,2015-04-08,0.3456,0.0,0.0,354.0,0.3456,0.3456,0.3456,10000087,2015-09-23,2015-09-23,C,2.7,2015-03-19
18784,2015-04-08 10:35:00,2015-04-08,0.3456,0.0,0.0,354.0,0.3456,0.3456,0.3456,10000087,2015-09-23,2015-09-23,C,2.7,2015-03-19
18785,2015-04-08 10:36:00,2015-04-08,0.3456,0.0,0.0,354.0,0.3456,0.3456,0.3456,10000087,2015-09-23,2015-09-23,C,2.7,2015-03-19
18786,2015-04-08 10:37:00,2015-04-08,0.3456,0.0,0.0,354.0,0.3456,0.3456,0.3456,10000087,2015-09-23,2015-09-23,C,2.7,2015-03-19
18787,2015-04-08 10:38:00,2015-04-08,0.3456,0.0,0.0,354.0,0.3456,0.3456,0.3456,10000087,2015-09-23,2015-09-23,C,2.7,2015-03-19
18788,2015-04-08 10:39:00,2015-04-08,0.3456,0.0,0.0,354.0,0.3456,0.3456,0.3456,10000087,2015-09-23,2015-09-23,C,2.7,2015-03-19
18789,2015-04-08 10:40:00,2015-04-08,0.3456,0.0,0.0,354.0,0.3456,0.3456,0.3456,10000087,2015-09-23,2015-09-23,C,2.7,2015-03-19
18790,2015-04-08 10:41:00,2015-04-08,0.3456,0.0,0.0,354.0,0.3456,0.3456,0.3456,10000087,2015-09-23,2015-09-23,C,2.7,2015-03-19
18791,2015-04-08 10:42:00,2015-04-08,0.3456,0.0,0.0,354.0,0.3456,0.3456,0.3456,10000087,2015-09-23,2015-09-23,C,2.7,2015-03-19
18792,2015-04-08 10:43:00,2015-04-08,0.3456,0.0,0.0,354.0,0.3456,0.3456,0.3456,10000087,2015-09-23,2015-09-23,C,2.7,2015-03-19
18793,2015-04-08 10:44:00,2015-04-08,0.3456,0.0,0.0,354.0,0.3456,0.3456,0.3456,10000087,2015-09-23,2015-09-23,C,2.7,2015-03-19
18794,2015-04-08 10:45:00,2015-04-08,0.3456,0.0,0.0,354.0,0.3456,0.3456,0.3456,10000087,2015-09-23,2015-09-23,C,2.7,2015-03-19
18795,2015-04-08 10:46:00,2015-04-08,0.3456,0.0,0.0,354.0,0.3456,0.3456,0.3456,10000087,2015-09-23,2015-09-23,C,2.7,2015-03-19
18796,2015-04-08 10:47:00,2015-04-08,0.3456,0.0,0.0,354.0,0.3456,0.3456,0.3456,10000087,2015-09-23,2015-09-23,C,2.7,2015-03-19
18797,2015-04-08 10:48:00,2015-04-08,0.3456,0.0,0.0,354.0,0.3456,0.3456,0.3456,10000087,2015-09-23,2015-09-23,C,2.7,2015-03-19
18798,2015-04-08 10:49:00,2015-04-08,0.3456,0.0,0.0,354.0,0.3456,0.3456,0.3456,10000087,2015-09-23,2015-09-23,C,2.7,2015-03-19
18799,2015-04-08 10:50:00,2015-04-08,0.3456,0.0,0.0,354.0,0.3456,0.3456,0.3456,10000087,2015-09-23,2015-09-23,C,2.7,2015-03-19
18800,2015-04-08 10:51:00,2015-04-08,0.3456,0.0,0.0,354.0,0.3456,0.3456,0.3456,10000087,2015-09-23,2015-09-23,C,2.7,2015-03-19
18801,2015-04-08 10:52:00,2015-04-08,0.3456,0.0,0.0,354.0,0.3456,0.3456,0.3456,10000087,2015-09-23,2015-09-23,C,2.7,2015-03-19
18802,2015-04-08 10:53:00,2015-04-08,0.3456,0.0,0.0,354.0,0.3456,0.3456,0.3456,10000087,2015-09-23,2015-09-23,C,2.7,2015-03-19
18803,2015-04-08 10:54:00,2015-04-08,0.3456,0.0,0.0,354.0,0.3456,0.3456,0.3456,10000087,2015-09-23,2015-09-23,C,2.7,2015-03-19
18804,2015-04-08 10:55:00,2015-04-08,0.3456,0.0,0.0,354.0,0.3456,0.3456,0.3456,10000087,2015-09-23,2015-09-23,C,2.7,2015-03-19
18805,2015-04-08 10:56:00,2015-04-08,0.348,3480.0,1.0,354.0,0.348,0.348,0.348,10000087,2015-09-23,2015-09-23,C,2.7,2015-03-19
18806,2015-04-08 10:57:00,2015-04-08,0.348,0.0,0.0,354.0,0.348,0.348,0.348,10000087,2015-09-23,2015-09-23,C,2.7,2015-03-19
18807,2015-04-08 10:58:00,2015-04-08,0.348,0.0,0.0,354.0,0.348,0.348,0.348,10000087,2015-09-23,2015-09-23,C,2.7,2015-03-19
18808,2015-04-08 10:59:00,2015-04-08,0.348,0.0,0.0,354.0,0.348,0.348,0.348,10000087,2015-09-23,2015-09-23,C,2.7,2015-03-19
18809,2015-04-08 11:00:00,2015-04-08,0.348,0.0,0.0,354.0,0.348,0.348,0.348,10000087,2015-09-23,2015-09-23,C,2.7,2015-03-19
18810,2015-04-08 11:01:00,2015-04-08,0.348,0.0,0.0,354.0,0.348,0.348,0.348,10000087,2015-09-23,2015-09-23,C,2.7,2015-03-19
18811,2015-04-08 11:02:00,2015-04-08,0.348,0.0,0.0,354.0,0.348,0.348,0.348,10000087,2015-09-23,2015-09-23,C,2.7,2015-03-19
18812,2015-04-08 11:03:00,2015-04-08,0.348,0.0,0.0,354.0,0.348,0.348,0.348,10000087,2015-09-23,2015-09-23,C,2.7,2015-03-19
18813,2015-04-08 11:04:00,2015-04-08,0.348,0.0,0.0,354.0,0.348,0.348,0.348,10000087,2015-09-23,2015-09-23,C,2.7,2015-03-19
18814,2015-04-08 11:05:00,2015-04-08,0.348,0.0,0.0,354.0,0.348,0.348,0.348,10000087,2015-09-23,2015-09-23,C,2.7,2015-03-19
18815,2015-04-08 11:06:00,2015-04-08,0.348,0.0,0.0,354.0,0.348,0.348,0.348,10000087,2015-09-23,2015-09-23,C,2.7,2015-03-19
18816,2015-04-08 11:07:00,2015-04-08,0.348,0.0,0.0,354.0,0.348,0.348,0.348,10000087,2015-09-23,2015-09-23,C,2.7,2015-03-19
18817,2015-04-08 11:08:00,2015-04-08,0.348,0.0,0.0,354.0,0.348,0.348,0.348,10000087,2015-09-23,2015-09-23,C,2.7,2015-03-19
18818,2015-04-08 11:09:00,2015-04-08,0.348,0.0,0.0,354.0,0.348,0.348,0.348,10000087,2015-09-23,2015-09-23,C,2.7,2015-03-19
18819,2015-04-08 11:10:00,2015-04-08,0.348,0.0,0.0,354.0,0.348,0.348,0.348,10000087,2015-09-23,2015-09-23,C,2.7,2015-03-19
18820,2015-04-08 11:11:00,2015-04-08,0.348,0.0,0.0,354.0,0.348,0.348,0.348,10000087,2015-09-23,2015-09-23,C,2.7,2015-03-19
18821,2015-04-08 11:12:00,2015-04-08,0.348,0.0,0.0,354.0,0.348,0.348,0.348,10000087,2015-09-23,2015-09-23,C,2.7,2015-03-19
18822,2015-04-08 11:13:00,2015-04-08,0.348,0.0,0.0,354.0,0.348,0.348,0.348,10000087,2015-09-23,2015-09-23,C,2.7,2015-03-19
18823,2015-04-08 11:14:00,2015-04-08,0.348,0.0,0.0,354.0,0.348,0.348,0.348,10000087,2015-09-23,2015-09-23,C,2.7,2015-03-19
18824,2015-04-08 11:15:00,2015-04-08,0.348,0.0,0.0,354.0,0.348,0.348,0.348,10000087,2015-09-23,2015-09-23,C,2.7,2015-03-19
18825,2015-04-08 11:16:00,2015-04-08,0.348,0.0,0.0,354.0,0.348,0.348,0.348,10000087,2015-09-23,2015-09-23,C,2.7,2015-03-19
18826,2015-04-08 11:17:00,2015-04-08,0.348,0.0,0.0,354.0,0.348,0.348,0.348,10000087,2015-09-23,2015-09-23,C,2.7,2015-03-19
18827,2015-04-08 11:18:00,2015-04-08,0.348,0.0,0.0,354.0,0.348,0.348,0.348,10000087,2015-09-23,2015-09-23,C,2.7,2015-03-19
18828,2015-04-08 11:19:00,2015-04-08,0.348,0.0,0.0,354.0,0.348,0.348,0.348,10000087,2015-09-23,2015-09-23,C,2.7,2015-03-19
18829,2015-04-08 11:20:00,2015-04-08,0.348,0.0,0.0,354.0,0.348,0.348,0.348,10000087,2015-09-23,2015-09-23,C,2.7,2015-03-19
18830,2015-04-08 11:21:00,2015-04-08,0.3306,3306.0,1.0,354.0,0.3306,0.3306,0.3306,10000087,2015-09-23,2015-09-23,C,2.7,2015-03-19
18831,2015-04-08 11:22:00,2015-04-08,0.3306,0.0,0.0,354.0,0.3306,0.3306,0.3306,10000087,2015-09-23,2015-09-23,C,2.7,2015-03-19
18832,2015-04-08 11:23:00,2015-04-08,0.3306,0.0,0.0,354.0,0.3306,0.3306,0.3306,10000087,2015-09-23,2015-09-23,C,2.7,2015-03-19
18833,2015-04-08 11:24:00,2015-04-08,0.3306,0.0,0.0,354.0,0.3306,0.3306,0.3306,10000087,2015-09-23,2015-09-23,C,2.7,2015-03-19
18834,2015-04-08 11:25:00,2015-04-08,0.3306,0.0,0.0,354.0,0.3306,0.3306,0.3306,10000087,2015-09-23,2015-09-23,C,2.7,2015-03-19
18835,2015-04-08 11:26:00,2015-04-08,0.3306,0.0,0.0,354.0,0.3306,0.3306,0.3306,10000087,2015-09-23,2015-09-23,C,2.7,2015-03-19
18836,2015-04-08 11:27:00,2015-04-08,0.3306,0.0,0.0,354.0,0.3306,0.3306,0.3306,10000087,2015-09-23,2015-09-23,C,2.7,2015-03-19
18837,2015-04-08 11:28:00,2015-04-08,0.3306,0.0,0.0,354.0,0.3306,0.3306,0.3306,10000087,2015-09-23,2015-09-23,C,2.7,2015-03-19
18838,2015-04-08 11:29:00,2015-04-08,0.3306,0.0,0.0,354.0,0.3306,0.3306,0.3306,10000087,2015-09-23,2015-09-23,C,2.7,2015-03-19
18839,2015-04-08 11:30:00,2015-04-08,0.3306,0.0,0.0,354.0,0.3306,0.3306,0.3306,10000087,2015-09-23,2015-09-23,C,2.7,2015-03-19
18840,2015-04-08 13:01:00,2015-04-08,0.3306,0.0,0.0,354.0,0.3306,0.3306,0.3306,10000087,2015-09-23,2015-09-23,C,2.7,2015-03-19
18841,2015-04-08 13:02:00,2015-04-08,0.3306,0.0,0.0,354.0,0.3306,0.3306,0.3306,10000087,2015-09-23,2015-09-23,C,2.7,2015-03-19
18842,2015-04-08 13:03:00,2015-04-08,0.3306,0.0,0.0,354.0,0.3306,0.3306,0.3306,10000087,2015-09-23,2015-09-23,C,2.7,2015-03-19
18843,2015-04-08 13:04:00,2015-04-08,0.3306,0.0,0.0,354.0,0.3306,0.3306,0.3306,10000087,2015-09-23,2015-09-23,C,2.7,2015-03-19
18844,2015-04-08 13:05:00,2015-04-08,0.3306,0.0,0.0,354.0,0.3306,0.3306,0.3306,10000087,2015-09-23,2015-09-23,C,2.7,2015-03-19
18845,2015-04-08 13:06:00,2015-04-08,0.3306,0.0,0.0,354.0,0.3306,0.3306,0.3306,10000087,2015-09-23,2015-09-23,C,2.7,2015-03-19
18846,2015-04-08 13:07:00,2015-04-08,0.3306,0.0,0.0,354.0,0.3306,0.3306,0.3306,10000087,2015-09-23,2015-09-23,C,2.7,2015-03-19
18847,2015-04-08 13:08:00,2015-04-08,0.3306,0.0,0.0,354.0,0.3306,0.3306,0.3306,10000087,2015-09-23,2015-09-23,C,2.7,2015-03-19
18848,2015-04-08 13:09:00,2015-04-08,0.3306,0.0,0.0,354.0,0.3306,0.3306,0.3306,10000087,2015-09-23,2015-09-23,C,2.7,2015-03-19
18849,2015-04-08 13:10:00,2015-04-08,0.3306,0.0,0.0,354.0,0.3306,0.3306,0.3306,10000087,2015-09-23,2015-09-23,C,2.7,2015-03-19
18850,2015-04-08 13:11:00,2015-04-08,0.35700000000000004,17850.0,5.0,356.0,0.35700000000000004,0.35700000000000004,0.35700000000000004,10000087,2015-09-23,2015-09-23,C,2.7,2015-03-19
18851,2015-04-08 13:12:00,2015-04-08,0.35700000000000004,0.0,0.0,356.0,0.35700000000000004,0.35700000000000004,0.35700000000000004,10000087,2015-09-23,2015-09-23,C,2.7,2015-03-19
18852,2015-04-08 13:13:00,2015-04-08,0.35700000000000004,0.0,0.0,356.0,0.35700000000000004,0.35700000000000004,0.35700000000000004,10000087,2015-09-23,2015-09-23,C,2.7,2015-03-19
18853,2015-04-08 13:14:00,2015-04-08,0.35700000000000004,0.0,0.0,356.0,0.35700000000000004,0.35700000000000004,0.35700000000000004,10000087,2015-09-23,2015-09-23,C,2.7,2015-03-19
18854,2015-04-08 13:15:00,2015-04-08,0.35700000000000004,0.0,0.0,356.0,0.35700000000000004,0.35700000000000004,0.35700000000000004,10000087,2015-09-23,2015-09-23,C,2.7,2015-03-19
18855,2015-04-08 13:16:00,2015-04-08,0.35700000000000004,0.0,0.0,356.0,0.35700000000000004,0.35700000000000004,0.35700000000000004,10000087,2015-09-23,2015-09-23,C,2.7,2015-03-19
18856,2015-04-08 13:17:00,2015-04-08,0.35700000000000004,0.0,0.0,356.0,0.35700000000000004,0.35700000000000004,0.35700000000000004,10000087,2015-09-23,2015-09-23,C,2.7,2015-03-19
18857,2015-04-08 13:18:00,2015-04-08,0.35700000000000004,0.0,0.0,356.0,0.35700000000000004,0.35700000000000004,0.35700000000000004,10000087,2015-09-23,2015-09-23,C,2.7,2015-03-19
18858,2015-04-08 13:19:00,2015-04-08,0.35700000000000004,0.0,0.0,356.0,0.35700000000000004,0.35700000000000004,0.35700000000000004,10000087,2015-09-23,2015-09-23,C,2.7,2015-03-19
18859,2015-04-08 13:20:00,2015-04-08,0.35700000000000004,0.0,0.0,356.0,0.35700000000000004,0.35700000000000004,0.35700000000000004,10000087,2015-09-23,2015-09-23,C,2.7,2015-03-19
18860,2015-04-08 13:21:00,2015-04-08,0.35700000000000004,0.0,0.0,356.0,0.35700000000000004,0.35700000000000004,0.35700000000000004,10000087,2015-09-23,2015-09-23,C,2.7,2015-03-19
18861,2015-04-08 13:22:00,2015-04-08,0.35700000000000004,0.0,0.0,356.0,0.35700000000000004,0.35700000000000004,0.35700000000000004,10000087,2015-09-23,2015-09-23,C,2.7,2015-03-19
18862,2015-04-08 13:23:00,2015-04-08,0.35700000000000004,0.0,0.0,356.0,0.35700000000000004,0.35700000000000004,0.35700000000000004,10000087,2015-09-23,2015-09-23,C,2.7,2015-03-19
18863,2015-04-08 13:24:00,2015-04-08,0.35700000000000004,0.0,0.0,356.0,0.35700000000000004,0.35700000000000004,0.35700000000000004,10000087,2015-09-23,2015-09-23,C,2.7,2015-03-19
18864,2015-04-08 13:25:00,2015-04-08,0.35700000000000004,0.0,0.0,356.0,0.35700000000000004,0.35700000000000004,0.35700000000000004,10000087,2015-09-23,2015-09-23,C,2.7,2015-03-19
18865,2015-04-08 13:26:00,2015-04-08,0.35700000000000004,0.0,0.0,356.0,0.35700000000000004,0.35700000000000004,0.35700000000000004,10000087,2015-09-23,2015-09-23,C,2.7,2015-03-19
18866,2015-04-08 13:27:00,2015-04-08,0.35700000000000004,0.0,0.0,356.0,0.35700000000000004,0.35700000000000004,0.35700000000000004,10000087,2015-09-23,2015-09-23,C,2.7,2015-03-19
18867,2015-04-08 13:28:00,2015-04-08,0.35700000000000004,0.0,0.0,356.0,0.35700000000000004,0.35700000000000004,0.35700000000000004,10000087,2015-09-23,2015-09-23,C,2.7,2015-03-19
18868,2015-04-08 13:29:00,2015-04-08,0.35700000000000004,0.0,0.0,356.0,0.35700000000000004,0.35700000000000004,0.35700000000000004,10000087,2015-09-23,2015-09-23,C,2.7,2015-03-19
18869,2015-04-08 13:30:00,2015-04-08,0.35700000000000004,0.0,0.0,356.0,0.35700000000000004,0.35700000000000004,0.35700000000000004,10000087,2015-09-23,2015-09-23,C,2.7,2015-03-19
18870,2015-04-08 13:31:00,2015-04-08,0.35700000000000004,0.0,0.0,356.0,0.35700000000000004,0.35700000000000004,0.35700000000000004,10000087,2015-09-23,2015-09-23,C,2.7,2015-03-19
18871,2015-04-08 13:32:00,2015-04-08,0.35700000000000004,0.0,0.0,356.0,0.35700000000000004,0.35700000000000004,0.35700000000000004,10000087,2015-09-23,2015-09-23,C,2.7,2015-03-19
18872,2015-04-08 13:33:00,2015-04-08,0.35700000000000004,0.0,0.0,356.0,0.35700000000000004,0.35700000000000004,0.35700000000000004,10000087,2015-09-23,2015-09-23,C,2.7,2015-03-19
18873,2015-04-08 13:34:00,2015-04-08,0.35700000000000004,0.0,0.0,356.0,0.35700000000000004,0.35700000000000004,0.35700000000000004,10000087,2015-09-23,2015-09-23,C,2.7,2015-03-19
18874,2015-04-08 13:35:00,2015-04-08,0.35700000000000004,0.0,0.0,356.0,0.35700000000000004,0.35700000000000004,0.35700000000000004,10000087,2015-09-23,2015-09-23,C,2.7,2015-03-19
18875,2015-04-08 13:36:00,2015-04-08,0.35700000000000004,0.0,0.0,356.0,0.35700000000000004,0.35700000000000004,0.35700000000000004,10000087,2015-09-23,2015-09-23,C,2.7,2015-03-19
18876,2015-04-08 13:37:00,2015-04-08,0.35700000000000004,0.0,0.0,356.0,0.35700000000000004,0.35700000000000004,0.35700000000000004,10000087,2015-09-23,2015-09-23,C,2.7,2015-03-19
18877,2015-04-08 13:38:00,2015-04-08,0.35700000000000004,0.0,0.0,356.0,0.35700000000000004,0.35700000000000004,0.35700000000000004,10000087,2015-09-23,2015-09-23,C,2.7,2015-03-19
18878,2015-04-08 13:39:00,2015-04-08,0.3984,23904.0,6.0,356.0,0.3984,0.3984,0.3984,10000087,2015-09-23,2015-09-23,C,2.7,2015-03-19
18879,2015-04-08 13:40:00,2015-04-08,0.3984,0.0,0.0,356.0,0.3984,0.3984,0.3984,10000087,2015-09-23,2015-09-23,C,2.7,2015-03-19
18880,2015-04-08 13:41:00,2015-04-08,0.3984,0.0,0.0,356.0,0.3984,0.3984,0.3984,10000087,2015-09-23,2015-09-23,C,2.7,2015-03-19
18881,2015-04-08 13:42:00,2015-04-08,0.3984,0.0,0.0,356.0,0.3984,0.3984,0.3984,10000087,2015-09-23,2015-09-23,C,2.7,2015-03-19
18882,2015-04-08 13:43:00,2015-04-08,0.3984,0.0,0.0,356.0,0.3984,0.3984,0.3984,10000087,2015-09-23,2015-09-23,C,2.7,2015-03-19
18883,2015-04-08 13:44:00,2015-04-08,0.3984,0.0,0.0,356.0,0.3984,0.3984,0.3984,10000087,2015-09-23,2015-09-23,C,2.7,2015-03-19
18884,2015-04-08 13:45:00,2015-04-08,0.3984,0.0,0.0,356.0,0.3984,0.3984,0.3984,10000087,2015-09-23,2015-09-23,C,2.7,2015-03-19
18885,2015-04-08 13:46:00,2015-04-08,0.3984,0.0,0.0,356.0,0.3984,0.3984,0.3984,10000087,2015-09-23,2015-09-23,C,2.7,2015-03-19
18886,2015-04-08 13:47:00,2015-04-08,0.3984,0.0,0.0,356.0,0.3984,0.3984,0.3984,10000087,2015-09-23,2015-09-23,C,2.7,2015-03-19
18887,2015-04-08 13:48:00,2015-04-08,0.3984,0.0,0.0,356.0,0.3984,0.3984,0.3984,10000087,2015-09-23,2015-09-23,C,2.7,2015-03-19
18888,2015-04-08 13:49:00,2015-04-08,0.3984,0.0,0.0,356.0,0.3984,0.3984,0.3984,10000087,2015-09-23,2015-09-23,C,2.7,2015-03-19
18889,2015-04-08 13:50:00,2015-04-08,0.3984,0.0,0.0,356.0,0.3984,0.3984,0.3984,10000087,2015-09-23,2015-09-23,C,2.7,2015-03-19
18890,2015-04-08 13:51:00,2015-04-08,0.3984,0.0,0.0,356.0,0.3984,0.3984,0.3984,10000087,2015-09-23,2015-09-23,C,2.7,2015-03-19
18891,2015-04-08 13:52:00,2015-04-08,0.3984,0.0,0.0,356.0,0.3984,0.3984,0.3984,10000087,2015-09-23,2015-09-23,C,2.7,2015-03-19
18892,2015-04-08 13:53:00,2015-04-08,0.3984,0.0,0.0,356.0,0.3984,0.3984,0.3984,10000087,2015-09-23,2015-09-23,C,2.7,2015-03-19
18893,2015-04-08 13:54:00,2015-04-08,0.3984,0.0,0.0,356.0,0.3984,0.3984,0.3984,10000087,2015-09-23,2015-09-23,C,2.7,2015-03-19
18894,2015-04-08 13:55:00,2015-04-08,0.3984,0.0,0.0,356.0,0.3984,0.3984,0.3984,10000087,2015-09-23,2015-09-23,C,2.7,2015-03-19
18895,2015-04-08 13:56:00,2015-04-08,0.3984,0.0,0.0,356.0,0.3984,0.3984,0.3984,10000087,2015-09-23,2015-09-23,C,2.7,2015-03-19
18896,2015-04-08 13:57:00,2015-04-08,0.3984,0.0,0.0,356.0,0.3984,0.3984,0.3984,10000087,2015-09-23,2015-09-23,C,2.7,2015-03-19
18897,2015-04-08 13:58:00,2015-04-08,0.3984,0.0,0.0,356.0,0.3984,0.3984,0.3984,10000087,2015-09-23,2015-09-23,C,2.7,2015-03-19
18898,2015-04-08 13:59:00,2015-04-08,0.3984,0.0,0.0,356.0,0.3984,0.3984,0.3984,10000087,2015-09-23,2015-09-23,C,2.7,2015-03-19
18899,2015-04-08 14:00:00,2015-04-08,0.3984,0.0,0.0,356.0,0.3984,0.3984,0.3984,10000087,2015-09-23,2015-09-23,C,2.7,2015-03-19
18900,2015-04-08 14:01:00,2015-04-08,0.3984,0.0,0.0,356.0,0.3984,0.3984,0.3984,10000087,2015-09-23,2015-09-23,C,2.7,2015-03-19
18901,2015-04-08 14:02:00,2015-04-08,0.3984,0.0,0.0,356.0,0.3984,0.3984,0.3984,10000087,2015-09-23,2015-09-23,C,2.7,2015-03-19
18902,2015-04-08 14:03:00,2015-04-08,0.3984,0.0,0.0,356.0,0.3984,0.3984,0.3984,10000087,2015-09-23,2015-09-23,C,2.7,2015-03-19
18903,2015-04-08 14:04:00,2015-04-08,0.3984,0.0,0.0,356.0,0.3984,0.3984,0.3984,10000087,2015-09-23,2015-09-23,C,2.7,2015-03-19
18904,2015-04-08 14:05:00,2015-04-08,0.3984,0.0,0.0,356.0,0.3984,0.3984,0.3984,10000087,2015-09-23,2015-09-23,C,2.7,2015-03-19
18905,2015-04-08 14:06:00,2015-04-08,0.3984,0.0,0.0,356.0,0.3984,0.3984,0.3984,10000087,2015-09-23,2015-09-23,C,2.7,2015-03-19
18906,2015-04-08 14:07:00,2015-04-08,0.3984,0.0,0.0,356.0,0.3984,0.3984,0.3984,10000087,2015-09-23,2015-09-23,C,2.7,2015-03-19
18907,2015-04-08 14:08:00,2015-04-08,0.3984,0.0,0.0,356.0,0.3984,0.3984,0.3984,10000087,2015-09-23,2015-09-23,C,2.7,2015-03-19
18908,2015-04-08 14:09:00,2015-04-08,0.3984,0.0,0.0,356.0,0.3984,0.3984,0.3984,10000087,2015-09-23,2015-09-23,C,2.7,2015-03-19
18909,2015-04-08 14:10:00,2015-04-08,0.3984,0.0,0.0,356.0,0.3984,0.3984,0.3984,10000087,2015-09-23,2015-09-23,C,2.7,2015-03-19
18910,2015-04-08 14:11:00,2015-04-08,0.3984,0.0,0.0,356.0,0.3984,0.3984,0.3984,10000087,2015-09-23,2015-09-23,C,2.7,2015-03-19
18911,2015-04-08 14:12:00,2015-04-08,0.3984,0.0,0.0,356.0,0.3984,0.3984,0.3984,10000087,2015-09-23,2015-09-23,C,2.7,2015-03-19
18912,2015-04-08 14:13:00,2015-04-08,0.3984,0.0,0.0,356.0,0.3984,0.3984,0.3984,10000087,2015-09-23,2015-09-23,C,2.7,2015-03-19
18913,2015-04-08 14:14:00,2015-04-08,0.3984,0.0,0.0,356.0,0.3984,0.3984,0.3984,10000087,2015-09-23,2015-09-23,C,2.7,2015-03-19
18914,2015-04-08 14:15:00,2015-04-08,0.3984,0.0,0.0,356.0,0.3984,0.3984,0.3984,10000087,2015-09-23,2015-09-23,C,2.7,2015-03-19
18915,2015-04-08 14:16:00,2015-04-08,0.3984,0.0,0.0,356.0,0.3984,0.3984,0.3984,10000087,2015-09-23,2015-09-23,C,2.7,2015-03-19
18916,2015-04-08 14:17:00,2015-04-08,0.3984,0.0,0.0,356.0,0.3984,0.3984,0.3984,10000087,2015-09-23,2015-09-23,C,2.7,2015-03-19
18917,2015-04-08 14:18:00,2015-04-08,0.3984,0.0,0.0,356.0,0.3984,0.3984,0.3984,10000087,2015-09-23,2015-09-23,C,2.7,2015-03-19
18918,2015-04-08 14:19:00,2015-04-08,0.3984,0.0,0.0,356.0,0.3984,0.3984,0.3984,10000087,2015-09-23,2015-09-23,C,2.7,2015-03-19
18919,2015-04-08 14:20:00,2015-04-08,0.3984,0.0,0.0,356.0,0.3984,0.3984,0.3984,10000087,2015-09-23,2015-09-23,C,2.7,2015-03-19
18920,2015-04-08 14:21:00,2015-04-08,0.3984,0.0,0.0,356.0,0.3984,0.3984,0.3984,10000087,2015-09-23,2015-09-23,C,2.7,2015-03-19
18921,2015-04-08 14:22:00,2015-04-08,0.3984,0.0,0.0,356.0,0.3984,0.3984,0.3984,10000087,2015-09-23,2015-09-23,C,2.7,2015-03-19
18922,2015-04-08 14:23:00,2015-04-08,0.3984,0.0,0.0,356.0,0.3984,0.3984,0.3984,10000087,2015-09-23,2015-09-23,C,2.7,2015-03-19
18923,2015-04-08 14:24:00,2015-04-08,0.3984,0.0,0.0,356.0,0.3984,0.3984,0.3984,10000087,2015-09-23,2015-09-23,C,2.7,2015-03-19
18924,2015-04-08 14:25:00,2015-04-08,0.3984,0.0,0.0,356.0,0.3984,0.3984,0.3984,10000087,2015-09-23,2015-09-23,C,2.7,2015-03-19
18925,2015-04-08 14:26:00,2015-04-08,0.3984,0.0,0.0,356.0,0.3984,0.3984,0.3984,10000087,2015-09-23,2015-09-23,C,2.7,2015-03-19
18926,2015-04-08 14:27:00,2015-04-08,0.3984,0.0,0.0,356.0,0.3984,0.3984,0.3984,10000087,2015-09-23,2015-09-23,C,2.7,2015-03-19
18927,2015-04-08 14:28:00,2015-04-08,0.3984,0.0,0.0,356.0,0.3984,0.3984,0.3984,10000087,2015-09-23,2015-09-23,C,2.7,2015-03-19
18928,2015-04-08 14:29:00,2015-04-08,0.3984,0.0,0.0,356.0,0.3984,0.3984,0.3984,10000087,2015-09-23,2015-09-23,C,2.7,2015-03-19
18929,2015-04-08 14:30:00,2015-04-08,0.3984,0.0,0.0,356.0,0.3984,0.3984,0.3984,10000087,2015-09-23,2015-09-23,C,2.7,2015-03-19
18930,2015-04-08 14:31:00,2015-04-08,0.3984,0.0,0.0,356.0,0.3984,0.3984,0.3984,10000087,2015-09-23,2015-09-23,C,2.7,2015-03-19
18931,2015-04-08 14:32:00,2015-04-08,0.3984,0.0,0.0,356.0,0.3984,0.3984,0.3984,10000087,2015-09-23,2015-09-23,C,2.7,2015-03-19
18932,2015-04-08 14:33:00,2015-04-08,0.3984,0.0,0.0,356.0,0.3984,0.3984,0.3984,10000087,2015-09-23,2015-09-23,C,2.7,2015-03-19
18933,2015-04-08 14:34:00,2015-04-08,0.3984,0.0,0.0,356.0,0.3984,0.3984,0.3984,10000087,2015-09-23,2015-09-23,C,2.7,2015-03-19
18934,2015-04-08 14:35:00,2015-04-08,0.3984,0.0,0.0,356.0,0.3984,0.3984,0.3984,10000087,2015-09-23,2015-09-23,C,2.7,2015-03-19
18935,2015-04-08 14:36:00,2015-04-08,0.3984,0.0,0.0,356.0,0.3984,0.3984,0.3984,10000087,2015-09-23,2015-09-23,C,2.7,2015-03-19
18936,2015-04-08 14:37:00,2015-04-08,0.3984,0.0,0.0,356.0,0.3984,0.3984,0.3984,10000087,2015-09-23,2015-09-23,C,2.7,2015-03-19
18937,2015-04-08 14:38:00,2015-04-08,0.3984,0.0,0.0,356.0,0.3984,0.3984,0.3984,10000087,2015-09-23,2015-09-23,C,2.7,2015-03-19
18938,2015-04-08 14:39:00,2015-04-08,0.3984,0.0,0.0,356.0,0.3984,0.3984,0.3984,10000087,2015-09-23,2015-09-23,C,2.7,2015-03-19
18939,2015-04-08 14:40:00,2015-04-08,0.3984,0.0,0.0,356.0,0.3984,0.3984,0.3984,10000087,2015-09-23,2015-09-23,C,2.7,2015-03-19
18940,2015-04-08 14:41:00,2015-04-08,0.3984,0.0,0.0,356.0,0.3984,0.3984,0.3984,10000087,2015-09-23,2015-09-23,C,2.7,2015-03-19
18941,2015-04-08 14:42:00,2015-04-08,0.3984,0.0,0.0,356.0,0.3984,0.3984,0.3984,10000087,2015-09-23,2015-09-23,C,2.7,2015-03-19
18942,2015-04-08 14:43:00,2015-04-08,0.3984,0.0,0.0,356.0,0.3984,0.3984,0.3984,10000087,2015-09-23,2015-09-23,C,2.7,2015-03-19
18943,2015-04-08 14:44:00,2015-04-08,0.3984,0.0,0.0,356.0,0.3984,0.3984,0.3984,10000087,2015-09-23,2015-09-23,C,2.7,2015-03-19
18944,2015-04-08 14:45:00,2015-04-08,0.3984,0.0,0.0,356.0,0.3984,0.3984,0.3984,10000087,2015-09-23,2015-09-23,C,2.7,2015-03-19
18945,2015-04-08 14:46:00,2015-04-08,0.3984,0.0,0.0,356.0,0.3984,0.3984,0.3984,10000087,2015-09-23,2015-09-23,C,2.7,2015-03-19
18946,2015-04-08 14:47:00,2015-04-08,0.3984,0.0,0.0,356.0,0.3984,0.3984,0.3984,10000087,2015-09-23,2015-09-23,C,2.7,2015-03-19
18947,2015-04-08 14:48:00,2015-04-08,0.3984,0.0,0.0,356.0,0.3984,0.3984,0.3984,10000087,2015-09-23,2015-09-23,C,2.7,2015-03-19
18948,2015-04-08 14:49:00,2015-04-08,0.3984,0.0,0.0,356.0,0.3984,0.3984,0.3984,10000087,2015-09-23,2015-09-23,C,2.7,2015-03-19
18949,2015-04-08 14:50:00,2015-04-08,0.3984,0.0,0.0,356.0,0.3984,0.3984,0.3984,10000087,2015-09-23,2015-09-23,C,2.7,2015-03-19
18950,2015-04-08 14:51:00,2015-04-08,0.3984,0.0,0.0,356.0,0.3984,0.3984,0.3984,10000087,2015-09-23,2015-09-23,C,2.7,2015-03-19
18951,2015-04-08 14:52:00,2015-04-08,0.3984,0.0,0.0,356.0,0.3984,0.3984,0.3984,10000087,2015-09-23,2015-09-23,C,2.7,2015-03-19
18952,2015-04-08 14:53:00,2015-04-08,0.3984,0.0,0.0,356.0,0.3984,0.3984,0.3984,10000087,2015-09-23,2015-09-23,C,2.7,2015-03-19
18953,2015-04-08 14:54:00,2015-04-08,0.3984,0.0,0.0,356.0,0.3984,0.3984,0.3984,10000087,2015-09-23,2015-09-23,C,2.7,2015-03-19
18954,2015-04-08 14:55:00,2015-04-08,0.3984,0.0,0.0,356.0,0.3984,0.3984,0.3984,10000087,2015-09-23,2015-09-23,C,2.7,2015-03-19
18955,2015-04-08 14:56:00,2015-04-08,0.3984,0.0,0.0,356.0,0.3984,0.3984,0.3984,10000087,2015-09-23,2015-09-23,C,2.7,2015-03-19
18956,2015-04-08 14:57:00,2015-04-08,0.3984,0.0,0.0,356.0,0.3984,0.3984,0.3984,10000087,2015-09-23,2015-09-23,C,2.7,2015-03-19
18957,2015-04-08 14:58:00,2015-04-08,0.3984,0.0,0.0,356.0,0.3984,0.3984,0.3984,10000087,2015-09-23,2015-09-23,C,2.7,2015-03-19
18958,2015-04-08 14:59:00,2015-04-08,0.3984,0.0,0.0,356.0,0.3984,0.3984,0.3984,10000087,2015-09-23,2015-09-23,C,2.7,2015-03-19
18959,2015-04-08 15:00:00,2015-04-08,0.3984,0.0,0.0,356.0,0.3984,0.3984,0.3984,10000087,2015-09-23,2015-09-23,C,2.7,2015-03-19
18960,2015-04-08 09:31:00,2015-04-08,0.2232,0.0,0.0,0.0,0.2232,0.2232,0.2232,10000093,2015-06-24,2015-06-24,C,2.75,2015-03-23
18961,2015-04-08 09:32:00,2015-04-08,0.2232,0.0,0.0,0.0,0.2232,0.2232,0.2232,10000093,2015-06-24,2015-06-24,C,2.75,2015-03-23
18962,2015-04-08 09:33:00,2015-04-08,0.2232,0.0,0.0,0.0,0.2232,0.2232,0.2232,10000093,2015-06-24,2015-06-24,C,2.75,2015-03-23
18963,2015-04-08 09:34:00,2015-04-08,0.2232,0.0,0.0,0.0,0.2232,0.2232,0.2232,10000093,2015-06-24,2015-06-24,C,2.75,2015-03-23
18964,2015-04-08 09:35:00,2015-04-08,0.2232,0.0,0.0,0.0,0.2232,0.2232,0.2232,10000093,2015-06-24,2015-06-24,C,2.75,2015-03-23
18965,2015-04-08 09:36:00,2015-04-08,0.2232,0.0,0.0,0.0,0.2232,0.2232,0.2232,10000093,2015-06-24,2015-06-24,C,2.75,2015-03-23
18966,2015-04-08 09:37:00,2015-04-08,0.2232,0.0,0.0,0.0,0.2232,0.2232,0.2232,10000093,2015-06-24,2015-06-24,C,2.75,2015-03-23
18967,2015-04-08 09:38:00,2015-04-08,0.2232,0.0,0.0,0.0,0.2232,0.2232,0.2232,10000093,2015-06-24,2015-06-24,C,2.75,2015-03-23
18968,2015-04-08 09:39:00,2015-04-08,0.2232,0.0,0.0,0.0,0.2232,0.2232,0.2232,10000093,2015-06-24,2015-06-24,C,2.75,2015-03-23
18969,2015-04-08 09:40:00,2015-04-08,0.2232,0.0,0.0,0.0,0.2232,0.2232,0.2232,10000093,2015-06-24,2015-06-24,C,2.75,2015-03-23
18970,2015-04-08 09:41:00,2015-04-08,0.2232,0.0,0.0,0.0,0.2232,0.2232,0.2232,10000093,2015-06-24,2015-06-24,C,2.75,2015-03-23
18971,2015-04-08 09:42:00,2015-04-08,0.2232,0.0,0.0,0.0,0.2232,0.2232,0.2232,10000093,2015-06-24,2015-06-24,C,2.75,2015-03-23
18972,2015-04-08 09:43:00,2015-04-08,0.2232,0.0,0.0,0.0,0.2232,0.2232,0.2232,10000093,2015-06-24,2015-06-24,C,2.75,2015-03-23
18973,2015-04-08 09:44:00,2015-04-08,0.2232,0.0,0.0,0.0,0.2232,0.2232,0.2232,10000093,2015-06-24,2015-06-24,C,2.75,2015-03-23
18974,2015-04-08 09:45:00,2015-04-08,0.2232,0.0,0.0,0.0,0.2232,0.2232,0.2232,10000093,2015-06-24,2015-06-24,C,2.75,2015-03-23
18975,2015-04-08 09:46:00,2015-04-08,0.2232,0.0,0.0,0.0,0.2232,0.2232,0.2232,10000093,2015-06-24,2015-06-24,C,2.75,2015-03-23
18976,2015-04-08 09:47:00,2015-04-08,0.2232,0.0,0.0,0.0,0.2232,0.2232,0.2232,10000093,2015-06-24,2015-06-24,C,2.75,2015-03-23
18977,2015-04-08 09:48:00,2015-04-08,0.2232,0.0,0.0,0.0,0.2232,0.2232,0.2232,10000093,2015-06-24,2015-06-24,C,2.75,2015-03-23
18978,2015-04-08 09:49:00,2015-04-08,0.2232,0.0,0.0,0.0,0.2232,0.2232,0.2232,10000093,2015-06-24,2015-06-24,C,2.75,2015-03-23
18979,2015-04-08 09:50:00,2015-04-08,0.2232,0.0,0.0,0.0,0.2232,0.2232,0.2232,10000093,2015-06-24,2015-06-24,C,2.75,2015-03-23
18980,2015-04-08 09:51:00,2015-04-08,0.2232,0.0,0.0,0.0,0.2232,0.2232,0.2232,10000093,2015-06-24,2015-06-24,C,2.75,2015-03-23
18981,2015-04-08 09:52:00,2015-04-08,0.2232,0.0,0.0,0.0,0.2232,0.2232,0.2232,10000093,2015-06-24,2015-06-24,C,2.75,2015-03-23
18982,2015-04-08 09:53:00,2015-04-08,0.2232,0.0,0.0,0.0,0.2232,0.2232,0.2232,10000093,2015-06-24,2015-06-24,C,2.75,2015-03-23
18983,2015-04-08 09:54:00,2015-04-08,0.2232,0.0,0.0,0.0,0.2232,0.2232,0.2232,10000093,2015-06-24,2015-06-24,C,2.75,2015-03-23
18984,2015-04-08 09:55:00,2015-04-08,0.2232,0.0,0.0,0.0,0.2232,0.2232,0.2232,10000093,2015-06-24,2015-06-24,C,2.75,2015-03-23
18985,2015-04-08 09:56:00,2015-04-08,0.2232,0.0,0.0,0.0,0.2232,0.2232,0.2232,10000093,2015-06-24,2015-06-24,C,2.75,2015-03-23
18986,2015-04-08 09:57:00,2015-04-08,0.2415,-130291.0,-50.0,177.0,0.2415,0.2415,0.2415,10000093,2015-06-24,2015-06-24,C,2.75,2015-03-23
18987,2015-04-08 09:58:00,2015-04-08,0.2415,0.0,0.0,177.0,0.2415,0.2415,0.2415,10000093,2015-06-24,2015-06-24,C,2.75,2015-03-23
18988,2015-04-08 09:59:00,2015-04-08,0.2415,0.0,0.0,177.0,0.2415,0.2415,0.2415,10000093,2015-06-24,2015-06-24,C,2.75,2015-03-23
18989,2015-04-08 10:00:00,2015-04-08,0.2415,0.0,0.0,177.0,0.2415,0.2415,0.2415,10000093,2015-06-24,2015-06-24,C,2.75,2015-03-23
18990,2015-04-08 10:01:00,2015-04-08,0.2415,0.0,0.0,177.0,0.2415,0.2415,0.2415,10000093,2015-06-24,2015-06-24,C,2.75,2015-03-23
18991,2015-04-08 10:02:00,2015-04-08,0.2415,0.0,0.0,177.0,0.2415,0.2415,0.2415,10000093,2015-06-24,2015-06-24,C,2.75,2015-03-23
18992,2015-04-08 10:03:00,2015-04-08,0.2415,0.0,0.0,177.0,0.2415,0.2415,0.2415,10000093,2015-06-24,2015-06-24,C,2.75,2015-03-23
18993,2015-04-08 10:04:00,2015-04-08,0.2415,0.0,0.0,177.0,0.2415,0.2415,0.2415,10000093,2015-06-24,2015-06-24,C,2.75,2015-03-23
18994,2015-04-08 10:05:00,2015-04-08,0.2415,0.0,0.0,177.0,0.2415,0.2415,0.2415,10000093,2015-06-24,2015-06-24,C,2.75,2015-03-23
18995,2015-04-08 10:06:00,2015-04-08,0.2415,0.0,0.0,177.0,0.2415,0.2415,0.2415,10000093,2015-06-24,2015-06-24,C,2.75,2015-03-23
18996,2015-04-08 10:07:00,2015-04-08,0.2415,0.0,0.0,177.0,0.2415,0.2415,0.2415,10000093,2015-06-24,2015-06-24,C,2.75,2015-03-23
18997,2015-04-08 10:08:00,2015-04-08,0.2415,0.0,0.0,177.0,0.2415,0.2415,0.2415,10000093,2015-06-24,2015-06-24,C,2.75,2015-03-23
18998,2015-04-08 10:09:00,2015-04-08,0.2415,0.0,0.0,177.0,0.2415,0.2415,0.2415,10000093,2015-06-24,2015-06-24,C,2.75,2015-03-23
18999,2015-04-08 10:10:00,2015-04-08,0.2415,0.0,0.0,177.0,0.2415,0.2415,0.2415,10000093,2015-06-24,2015-06-24,C,2.75,2015-03-23
19000,2015-04-08 10:11:00,2015-04-08,0.2415,0.0,0.0,177.0,0.2415,0.2415,0.2415,10000093,2015-06-24,2015-06-24,C,2.75,2015-03-23
19001,2015-04-08 10:12:00,2015-04-08,0.2415,0.0,0.0,177.0,0.2415,0.2415,0.2415,10000093,2015-06-24,2015-06-24,C,2.75,2015-03-23
19002,2015-04-08 10:13:00,2015-04-08,0.24,4800.0,2.0,177.0,0.24,0.24,0.24,10000093,2015-06-24,2015-06-24,C,2.75,2015-03-23
19003,2015-04-08 10:14:00,2015-04-08,0.24,0.0,0.0,177.0,0.24,0.24,0.24,10000093,2015-06-24,2015-06-24,C,2.75,2015-03-23
19004,2015-04-08 10:15:00,2015-04-08,0.24,0.0,0.0,177.0,0.24,0.24,0.24,10000093,2015-06-24,2015-06-24,C,2.75,2015-03-23
19005,2015-04-08 10:16:00,2015-04-08,0.24,0.0,0.0,177.0,0.24,0.24,0.24,10000093,2015-06-24,2015-06-24,C,2.75,2015-03-23
19006,2015-04-08 10:17:00,2015-04-08,0.24,0.0,0.0,177.0,0.24,0.24,0.24,10000093,2015-06-24,2015-06-24,C,2.75,2015-03-23
19007,2015-04-08 10:18:00,2015-04-08,0.24,0.0,0.0,177.0,0.24,0.24,0.24,10000093,2015-06-24,2015-06-24,C,2.75,2015-03-23
19008,2015-04-08 10:19:00,2015-04-08,0.24,0.0,0.0,177.0,0.24,0.24,0.24,10000093,2015-06-24,2015-06-24,C,2.75,2015-03-23
19009,2015-04-08 10:20:00,2015-04-08,0.24,0.0,0.0,177.0,0.24,0.24,0.24,10000093,2015-06-24,2015-06-24,C,2.75,2015-03-23
19010,2015-04-08 10:21:00,2015-04-08,0.24,0.0,0.0,177.0,0.24,0.24,0.24,10000093,2015-06-24,2015-06-24,C,2.75,2015-03-23
19011,2015-04-08 10:22:00,2015-04-08,0.24,0.0,0.0,177.0,0.24,0.24,0.24,10000093,2015-06-24,2015-06-24,C,2.75,2015-03-23
19012,2015-04-08 10:23:00,2015-04-08,0.24,0.0,0.0,177.0,0.24,0.24,0.24,10000093,2015-06-24,2015-06-24,C,2.75,2015-03-23
19013,2015-04-08 10:24:00,2015-04-08,0.24,0.0,0.0,177.0,0.24,0.24,0.24,10000093,2015-06-24,2015-06-24,C,2.75,2015-03-23
19014,2015-04-08 10:25:00,2015-04-08,0.24,0.0,0.0,177.0,0.24,0.24,0.24,10000093,2015-06-24,2015-06-24,C,2.75,2015-03-23
19015,2015-04-08 10:26:00,2015-04-08,0.24,0.0,0.0,177.0,0.24,0.24,0.24,10000093,2015-06-24,2015-06-24,C,2.75,2015-03-23
19016,2015-04-08 10:27:00,2015-04-08,0.24,0.0,0.0,177.0,0.24,0.24,0.24,10000093,2015-06-24,2015-06-24,C,2.75,2015-03-23
19017,2015-04-08 10:28:00,2015-04-08,0.24,0.0,0.0,177.0,0.24,0.24,0.24,10000093,2015-06-24,2015-06-24,C,2.75,2015-03-23
19018,2015-04-08 10:29:00,2015-04-08,0.24,0.0,0.0,177.0,0.24,0.24,0.24,10000093,2015-06-24,2015-06-24,C,2.75,2015-03-23
19019,2015-04-08 10:30:00,2015-04-08,0.24,0.0,0.0,177.0,0.24,0.24,0.24,10000093,2015-06-24,2015-06-24,C,2.75,2015-03-23
19020,2015-04-08 10:31:00,2015-04-08,0.24,0.0,0.0,177.0,0.24,0.24,0.24,10000093,2015-06-24,2015-06-24,C,2.75,2015-03-23
19021,2015-04-08 10:32:00,2015-04-08,0.24,0.0,0.0,177.0,0.24,0.24,0.24,10000093,2015-06-24,2015-06-24,C,2.75,2015-03-23
19022,2015-04-08 10:33:00,2015-04-08,0.24,0.0,0.0,177.0,0.24,0.24,0.24,10000093,2015-06-24,2015-06-24,C,2.75,2015-03-23
19023,2015-04-08 10:34:00,2015-04-08,0.24,0.0,0.0,177.0,0.24,0.24,0.24,10000093,2015-06-24,2015-06-24,C,2.75,2015-03-23
19024,2015-04-08 10:35:00,2015-04-08,0.24,0.0,0.0,177.0,0.24,0.24,0.24,10000093,2015-06-24,2015-06-24,C,2.75,2015-03-23
19025,2015-04-08 10:36:00,2015-04-08,0.24,0.0,0.0,177.0,0.24,0.24,0.24,10000093,2015-06-24,2015-06-24,C,2.75,2015-03-23
19026,2015-04-08 10:37:00,2015-04-08,0.24,0.0,0.0,177.0,0.24,0.24,0.24,10000093,2015-06-24,2015-06-24,C,2.75,2015-03-23
19027,2015-04-08 10:38:00,2015-04-08,0.24,0.0,0.0,177.0,0.24,0.24,0.24,10000093,2015-06-24,2015-06-24,C,2.75,2015-03-23
19028,2015-04-08 10:39:00,2015-04-08,0.24,0.0,0.0,177.0,0.24,0.24,0.24,10000093,2015-06-24,2015-06-24,C,2.75,2015-03-23
19029,2015-04-08 10:40:00,2015-04-08,0.24,0.0,0.0,177.0,0.24,0.24,0.24,10000093,2015-06-24,2015-06-24,C,2.75,2015-03-23
19030,2015-04-08 10:41:00,2015-04-08,0.24,0.0,0.0,177.0,0.24,0.24,0.24,10000093,2015-06-24,2015-06-24,C,2.75,2015-03-23
19031,2015-04-08 10:42:00,2015-04-08,0.24,0.0,0.0,177.0,0.24,0.24,0.24,10000093,2015-06-24,2015-06-24,C,2.75,2015-03-23
19032,2015-04-08 10:43:00,2015-04-08,0.24,0.0,0.0,177.0,0.24,0.24,0.24,10000093,2015-06-24,2015-06-24,C,2.75,2015-03-23
19033,2015-04-08 10:44:00,2015-04-08,0.24,0.0,0.0,177.0,0.24,0.24,0.24,10000093,2015-06-24,2015-06-24,C,2.75,2015-03-23
19034,2015-04-08 10:45:00,2015-04-08,0.24,0.0,0.0,177.0,0.24,0.24,0.24,10000093,2015-06-24,2015-06-24,C,2.75,2015-03-23
19035,2015-04-08 10:46:00,2015-04-08,0.24,0.0,0.0,177.0,0.24,0.24,0.24,10000093,2015-06-24,2015-06-24,C,2.75,2015-03-23
19036,2015-04-08 10:47:00,2015-04-08,0.24,0.0,0.0,177.0,0.24,0.24,0.24,10000093,2015-06-24,2015-06-24,C,2.75,2015-03-23
19037,2015-04-08 10:48:00,2015-04-08,0.24,0.0,0.0,177.0,0.24,0.24,0.24,10000093,2015-06-24,2015-06-24,C,2.75,2015-03-23
19038,2015-04-08 10:49:00,2015-04-08,0.24,0.0,0.0,177.0,0.24,0.24,0.24,10000093,2015-06-24,2015-06-24,C,2.75,2015-03-23
19039,2015-04-08 10:50:00,2015-04-08,0.24,0.0,0.0,177.0,0.24,0.24,0.24,10000093,2015-06-24,2015-06-24,C,2.75,2015-03-23
19040,2015-04-08 10:51:00,2015-04-08,0.24,0.0,0.0,177.0,0.24,0.24,0.24,10000093,2015-06-24,2015-06-24,C,2.75,2015-03-23
19041,2015-04-08 10:52:00,2015-04-08,0.24,0.0,0.0,177.0,0.24,0.24,0.24,10000093,2015-06-24,2015-06-24,C,2.75,2015-03-23
19042,2015-04-08 10:53:00,2015-04-08,0.24,0.0,0.0,177.0,0.24,0.24,0.24,10000093,2015-06-24,2015-06-24,C,2.75,2015-03-23
19043,2015-04-08 10:54:00,2015-04-08,0.24,0.0,0.0,177.0,0.24,0.24,0.24,10000093,2015-06-24,2015-06-24,C,2.75,2015-03-23
19044,2015-04-08 10:55:00,2015-04-08,0.24,0.0,0.0,177.0,0.24,0.24,0.24,10000093,2015-06-24,2015-06-24,C,2.75,2015-03-23
19045,2015-04-08 10:56:00,2015-04-08,0.24,0.0,0.0,177.0,0.24,0.24,0.24,10000093,2015-06-24,2015-06-24,C,2.75,2015-03-23
19046,2015-04-08 10:57:00,2015-04-08,0.24,0.0,0.0,177.0,0.24,0.24,0.24,10000093,2015-06-24,2015-06-24,C,2.75,2015-03-23
19047,2015-04-08 10:58:00,2015-04-08,0.24,0.0,0.0,177.0,0.24,0.24,0.24,10000093,2015-06-24,2015-06-24,C,2.75,2015-03-23
19048,2015-04-08 10:59:00,2015-04-08,0.24,0.0,0.0,177.0,0.24,0.24,0.24,10000093,2015-06-24,2015-06-24,C,2.75,2015-03-23
19049,2015-04-08 11:00:00,2015-04-08,0.24,0.0,0.0,177.0,0.24,0.24,0.24,10000093,2015-06-24,2015-06-24,C,2.75,2015-03-23
19050,2015-04-08 11:01:00,2015-04-08,0.2199,4398.0,2.0,177.0,0.2199,0.2199,0.2199,10000093,2015-06-24,2015-06-24,C,2.75,2015-03-23
19051,2015-04-08 11:02:00,2015-04-08,0.2199,0.0,0.0,177.0,0.2199,0.2199,0.2199,10000093,2015-06-24,2015-06-24,C,2.75,2015-03-23
19052,2015-04-08 11:03:00,2015-04-08,0.2199,0.0,0.0,177.0,0.2199,0.2199,0.2199,10000093,2015-06-24,2015-06-24,C,2.75,2015-03-23
19053,2015-04-08 11:04:00,2015-04-08,0.2199,0.0,0.0,177.0,0.2199,0.2199,0.2199,10000093,2015-06-24,2015-06-24,C,2.75,2015-03-23
19054,2015-04-08 11:05:00,2015-04-08,0.2199,0.0,0.0,177.0,0.2199,0.2199,0.2199,10000093,2015-06-24,2015-06-24,C,2.75,2015-03-23
19055,2015-04-08 11:06:00,2015-04-08,0.2199,0.0,0.0,177.0,0.2199,0.2199,0.2199,10000093,2015-06-24,2015-06-24,C,2.75,2015-03-23
19056,2015-04-08 11:07:00,2015-04-08,0.2199,0.0,0.0,177.0,0.2199,0.2199,0.2199,10000093,2015-06-24,2015-06-24,C,2.75,2015-03-23
19057,2015-04-08 11:08:00,2015-04-08,0.2199,0.0,0.0,177.0,0.2199,0.2199,0.2199,10000093,2015-06-24,2015-06-24,C,2.75,2015-03-23
19058,2015-04-08 11:09:00,2015-04-08,0.2199,0.0,0.0,177.0,0.2199,0.2199,0.2199,10000093,2015-06-24,2015-06-24,C,2.75,2015-03-23
19059,2015-04-08 11:10:00,2015-04-08,0.2199,0.0,0.0,177.0,0.2199,0.2199,0.2199,10000093,2015-06-24,2015-06-24,C,2.75,2015-03-23
19060,2015-04-08 11:11:00,2015-04-08,0.2199,0.0,0.0,177.0,0.2199,0.2199,0.2199,10000093,2015-06-24,2015-06-24,C,2.75,2015-03-23
19061,2015-04-08 11:12:00,2015-04-08,0.2199,0.0,0.0,177.0,0.2199,0.2199,0.2199,10000093,2015-06-24,2015-06-24,C,2.75,2015-03-23
19062,2015-04-08 11:13:00,2015-04-08,0.2199,0.0,0.0,177.0,0.2199,0.2199,0.2199,10000093,2015-06-24,2015-06-24,C,2.75,2015-03-23
19063,2015-04-08 11:14:00,2015-04-08,0.2199,0.0,0.0,177.0,0.2199,0.2199,0.2199,10000093,2015-06-24,2015-06-24,C,2.75,2015-03-23
19064,2015-04-08 11:15:00,2015-04-08,0.2199,0.0,0.0,177.0,0.2199,0.2199,0.2199,10000093,2015-06-24,2015-06-24,C,2.75,2015-03-23
19065,2015-04-08 11:16:00,2015-04-08,0.2199,0.0,0.0,177.0,0.2199,0.2199,0.2199,10000093,2015-06-24,2015-06-24,C,2.75,2015-03-23
19066,2015-04-08 11:17:00,2015-04-08,0.2199,0.0,0.0,177.0,0.2199,0.2199,0.2199,10000093,2015-06-24,2015-06-24,C,2.75,2015-03-23
19067,2015-04-08 11:18:00,2015-04-08,0.2199,0.0,0.0,177.0,0.2199,0.2199,0.2199,10000093,2015-06-24,2015-06-24,C,2.75,2015-03-23
19068,2015-04-08 11:19:00,2015-04-08,0.2199,0.0,0.0,177.0,0.2199,0.2199,0.2199,10000093,2015-06-24,2015-06-24,C,2.75,2015-03-23
19069,2015-04-08 11:20:00,2015-04-08,0.2199,0.0,0.0,177.0,0.2199,0.2199,0.2199,10000093,2015-06-24,2015-06-24,C,2.75,2015-03-23
19070,2015-04-08 11:21:00,2015-04-08,0.2199,0.0,0.0,177.0,0.2199,0.2199,0.2199,10000093,2015-06-24,2015-06-24,C,2.75,2015-03-23
19071,2015-04-08 11:22:00,2015-04-08,0.2199,0.0,0.0,177.0,0.2199,0.2199,0.2199,10000093,2015-06-24,2015-06-24,C,2.75,2015-03-23
19072,2015-04-08 11:23:00,2015-04-08,0.2199,0.0,0.0,177.0,0.2199,0.2199,0.2199,10000093,2015-06-24,2015-06-24,C,2.75,2015-03-23
19073,2015-04-08 11:24:00,2015-04-08,0.2199,0.0,0.0,177.0,0.2199,0.2199,0.2199,10000093,2015-06-24,2015-06-24,C,2.75,2015-03-23
19074,2015-04-08 11:25:00,2015-04-08,0.2199,0.0,0.0,177.0,0.2199,0.2199,0.2199,10000093,2015-06-24,2015-06-24,C,2.75,2015-03-23
19075,2015-04-08 11:26:00,2015-04-08,0.2199,0.0,0.0,177.0,0.2199,0.2199,0.2199,10000093,2015-06-24,2015-06-24,C,2.75,2015-03-23
19076,2015-04-08 11:27:00,2015-04-08,0.2199,0.0,0.0,177.0,0.2199,0.2199,0.2199,10000093,2015-06-24,2015-06-24,C,2.75,2015-03-23
19077,2015-04-08 11:28:00,2015-04-08,0.2199,0.0,0.0,177.0,0.2199,0.2199,0.2199,10000093,2015-06-24,2015-06-24,C,2.75,2015-03-23
19078,2015-04-08 11:29:00,2015-04-08,0.2199,0.0,0.0,177.0,0.2199,0.2199,0.2199,10000093,2015-06-24,2015-06-24,C,2.75,2015-03-23
19079,2015-04-08 11:30:00,2015-04-08,0.2199,0.0,0.0,177.0,0.2199,0.2199,0.2199,10000093,2015-06-24,2015-06-24,C,2.75,2015-03-23
19080,2015-04-08 13:01:00,2015-04-08,0.2199,0.0,0.0,177.0,0.2199,0.2199,0.2199,10000093,2015-06-24,2015-06-24,C,2.75,2015-03-23
19081,2015-04-08 13:02:00,2015-04-08,0.2199,0.0,0.0,177.0,0.2199,0.2199,0.2199,10000093,2015-06-24,2015-06-24,C,2.75,2015-03-23
19082,2015-04-08 13:03:00,2015-04-08,0.2199,0.0,0.0,177.0,0.2199,0.2199,0.2199,10000093,2015-06-24,2015-06-24,C,2.75,2015-03-23
19083,2015-04-08 13:04:00,2015-04-08,0.2199,0.0,0.0,177.0,0.2199,0.2199,0.2199,10000093,2015-06-24,2015-06-24,C,2.75,2015-03-23
19084,2015-04-08 13:05:00,2015-04-08,0.2199,0.0,0.0,177.0,0.2199,0.2199,0.2199,10000093,2015-06-24,2015-06-24,C,2.75,2015-03-23
19085,2015-04-08 13:06:00,2015-04-08,0.2199,0.0,0.0,177.0,0.2199,0.2199,0.2199,10000093,2015-06-24,2015-06-24,C,2.75,2015-03-23
19086,2015-04-08 13:07:00,2015-04-08,0.2199,0.0,0.0,177.0,0.2199,0.2199,0.2199,10000093,2015-06-24,2015-06-24,C,2.75,2015-03-23
19087,2015-04-08 13:08:00,2015-04-08,0.2199,0.0,0.0,177.0,0.2199,0.2199,0.2199,10000093,2015-06-24,2015-06-24,C,2.75,2015-03-23
19088,2015-04-08 13:09:00,2015-04-08,0.2199,0.0,0.0,177.0,0.2199,0.2199,0.2199,10000093,2015-06-24,2015-06-24,C,2.75,2015-03-23
19089,2015-04-08 13:10:00,2015-04-08,0.2646,94833.0,36.0,186.0,0.2646,0.2624,0.2624,10000093,2015-06-24,2015-06-24,C,2.75,2015-03-23
19090,2015-04-08 13:11:00,2015-04-08,0.2635,26260.0,10.0,196.0,0.2625,0.2635,0.2625,10000093,2015-06-24,2015-06-24,C,2.75,2015-03-23
19091,2015-04-08 13:12:00,2015-04-08,0.2635,0.0,0.0,196.0,0.2635,0.2635,0.2635,10000093,2015-06-24,2015-06-24,C,2.75,2015-03-23
19092,2015-04-08 13:13:00,2015-04-08,0.2635,0.0,0.0,196.0,0.2635,0.2635,0.2635,10000093,2015-06-24,2015-06-24,C,2.75,2015-03-23
19093,2015-04-08 13:14:00,2015-04-08,0.2635,0.0,0.0,196.0,0.2635,0.2635,0.2635,10000093,2015-06-24,2015-06-24,C,2.75,2015-03-23
19094,2015-04-08 13:15:00,2015-04-08,0.2635,0.0,0.0,196.0,0.2635,0.2635,0.2635,10000093,2015-06-24,2015-06-24,C,2.75,2015-03-23
19095,2015-04-08 13:16:00,2015-04-08,0.2635,0.0,0.0,196.0,0.2635,0.2635,0.2635,10000093,2015-06-24,2015-06-24,C,2.75,2015-03-23
19096,2015-04-08 13:17:00,2015-04-08,0.2635,0.0,0.0,196.0,0.2635,0.2635,0.2635,10000093,2015-06-24,2015-06-24,C,2.75,2015-03-23
19097,2015-04-08 13:18:00,2015-04-08,0.2635,0.0,0.0,196.0,0.2635,0.2635,0.2635,10000093,2015-06-24,2015-06-24,C,2.75,2015-03-23
19098,2015-04-08 13:19:00,2015-04-08,0.2635,0.0,0.0,196.0,0.2635,0.2635,0.2635,10000093,2015-06-24,2015-06-24,C,2.75,2015-03-23
19099,2015-04-08 13:20:00,2015-04-08,0.2635,0.0,0.0,196.0,0.2635,0.2635,0.2635,10000093,2015-06-24,2015-06-24,C,2.75,2015-03-23
19100,2015-04-08 13:21:00,2015-04-08,0.2635,0.0,0.0,196.0,0.2635,0.2635,0.2635,10000093,2015-06-24,2015-06-24,C,2.75,2015-03-23
19101,2015-04-08 13:22:00,2015-04-08,0.2635,0.0,0.0,196.0,0.2635,0.2635,0.2635,10000093,2015-06-24,2015-06-24,C,2.75,2015-03-23
19102,2015-04-08 13:23:00,2015-04-08,0.2635,0.0,0.0,196.0,0.2635,0.2635,0.2635,10000093,2015-06-24,2015-06-24,C,2.75,2015-03-23
19103,2015-04-08 13:24:00,2015-04-08,0.2635,0.0,0.0,196.0,0.2635,0.2635,0.2635,10000093,2015-06-24,2015-06-24,C,2.75,2015-03-23
19104,2015-04-08 13:25:00,2015-04-08,0.2635,0.0,0.0,196.0,0.2635,0.2635,0.2635,10000093,2015-06-24,2015-06-24,C,2.75,2015-03-23
19105,2015-04-08 13:26:00,2015-04-08,0.2635,0.0,0.0,196.0,0.2635,0.2635,0.2635,10000093,2015-06-24,2015-06-24,C,2.75,2015-03-23
19106,2015-04-08 13:27:00,2015-04-08,0.2635,0.0,0.0,196.0,0.2635,0.2635,0.2635,10000093,2015-06-24,2015-06-24,C,2.75,2015-03-23
19107,2015-04-08 13:28:00,2015-04-08,0.2635,0.0,0.0,196.0,0.2635,0.2635,0.2635,10000093,2015-06-24,2015-06-24,C,2.75,2015-03-23
19108,2015-04-08 13:29:00,2015-04-08,0.2635,0.0,0.0,196.0,0.2635,0.2635,0.2635,10000093,2015-06-24,2015-06-24,C,2.75,2015-03-23
19109,2015-04-08 13:30:00,2015-04-08,0.2635,0.0,0.0,196.0,0.2635,0.2635,0.2635,10000093,2015-06-24,2015-06-24,C,2.75,2015-03-23
19110,2015-04-08 13:31:00,2015-04-08,0.2635,0.0,0.0,196.0,0.2635,0.2635,0.2635,10000093,2015-06-24,2015-06-24,C,2.75,2015-03-23
19111,2015-04-08 13:32:00,2015-04-08,0.2635,0.0,0.0,196.0,0.2635,0.2635,0.2635,10000093,2015-06-24,2015-06-24,C,2.75,2015-03-23
19112,2015-04-08 13:33:00,2015-04-08,0.2635,0.0,0.0,196.0,0.2635,0.2635,0.2635,10000093,2015-06-24,2015-06-24,C,2.75,2015-03-23
19113,2015-04-08 13:34:00,2015-04-08,0.2635,0.0,0.0,196.0,0.2635,0.2635,0.2635,10000093,2015-06-24,2015-06-24,C,2.75,2015-03-23
19114,2015-04-08 13:35:00,2015-04-08,0.2635,0.0,0.0,196.0,0.2635,0.2635,0.2635,10000093,2015-06-24,2015-06-24,C,2.75,2015-03-23
19115,2015-04-08 13:36:00,2015-04-08,0.2635,0.0,0.0,196.0,0.2635,0.2635,0.2635,10000093,2015-06-24,2015-06-24,C,2.75,2015-03-23
19116,2015-04-08 13:37:00,2015-04-08,0.2635,0.0,0.0,196.0,0.2635,0.2635,0.2635,10000093,2015-06-24,2015-06-24,C,2.75,2015-03-23
19117,2015-04-08 13:38:00,2015-04-08,0.2635,0.0,0.0,196.0,0.2635,0.2635,0.2635,10000093,2015-06-24,2015-06-24,C,2.75,2015-03-23
19118,2015-04-08 13:39:00,2015-04-08,0.2635,0.0,0.0,196.0,0.2635,0.2635,0.2635,10000093,2015-06-24,2015-06-24,C,2.75,2015-03-23
19119,2015-04-08 13:40:00,2015-04-08,0.2635,0.0,0.0,196.0,0.2635,0.2635,0.2635,10000093,2015-06-24,2015-06-24,C,2.75,2015-03-23
19120,2015-04-08 13:41:00,2015-04-08,0.2635,0.0,0.0,196.0,0.2635,0.2635,0.2635,10000093,2015-06-24,2015-06-24,C,2.75,2015-03-23
19121,2015-04-08 13:42:00,2015-04-08,0.2635,0.0,0.0,196.0,0.2635,0.2635,0.2635,10000093,2015-06-24,2015-06-24,C,2.75,2015-03-23
19122,2015-04-08 13:43:00,2015-04-08,0.2635,0.0,0.0,196.0,0.2635,0.2635,0.2635,10000093,2015-06-24,2015-06-24,C,2.75,2015-03-23
19123,2015-04-08 13:44:00,2015-04-08,0.2635,0.0,0.0,196.0,0.2635,0.2635,0.2635,10000093,2015-06-24,2015-06-24,C,2.75,2015-03-23
19124,2015-04-08 13:45:00,2015-04-08,0.2635,0.0,0.0,196.0,0.2635,0.2635,0.2635,10000093,2015-06-24,2015-06-24,C,2.75,2015-03-23
19125,2015-04-08 13:46:00,2015-04-08,0.2635,0.0,0.0,196.0,0.2635,0.2635,0.2635,10000093,2015-06-24,2015-06-24,C,2.75,2015-03-23
19126,2015-04-08 13:47:00,2015-04-08,0.2635,0.0,0.0,196.0,0.2635,0.2635,0.2635,10000093,2015-06-24,2015-06-24,C,2.75,2015-03-23
19127,2015-04-08 13:48:00,2015-04-08,0.2635,0.0,0.0,196.0,0.2635,0.2635,0.2635,10000093,2015-06-24,2015-06-24,C,2.75,2015-03-23
19128,2015-04-08 13:49:00,2015-04-08,0.2635,0.0,0.0,196.0,0.2635,0.2635,0.2635,10000093,2015-06-24,2015-06-24,C,2.75,2015-03-23
19129,2015-04-08 13:50:00,2015-04-08,0.2635,0.0,0.0,196.0,0.2635,0.2635,0.2635,10000093,2015-06-24,2015-06-24,C,2.75,2015-03-23
19130,2015-04-08 13:51:00,2015-04-08,0.2635,0.0,0.0,196.0,0.2635,0.2635,0.2635,10000093,2015-06-24,2015-06-24,C,2.75,2015-03-23
19131,2015-04-08 13:52:00,2015-04-08,0.2635,0.0,0.0,196.0,0.2635,0.2635,0.2635,10000093,2015-06-24,2015-06-24,C,2.75,2015-03-23
19132,2015-04-08 13:53:00,2015-04-08,0.2635,0.0,0.0,196.0,0.2635,0.2635,0.2635,10000093,2015-06-24,2015-06-24,C,2.75,2015-03-23
19133,2015-04-08 13:54:00,2015-04-08,0.2635,0.0,0.0,196.0,0.2635,0.2635,0.2635,10000093,2015-06-24,2015-06-24,C,2.75,2015-03-23
19134,2015-04-08 13:55:00,2015-04-08,0.2635,0.0,0.0,196.0,0.2635,0.2635,0.2635,10000093,2015-06-24,2015-06-24,C,2.75,2015-03-23
19135,2015-04-08 13:56:00,2015-04-08,0.2635,0.0,0.0,196.0,0.2635,0.2635,0.2635,10000093,2015-06-24,2015-06-24,C,2.75,2015-03-23
19136,2015-04-08 13:57:00,2015-04-08,0.2635,0.0,0.0,196.0,0.2635,0.2635,0.2635,10000093,2015-06-24,2015-06-24,C,2.75,2015-03-23
19137,2015-04-08 13:58:00,2015-04-08,0.2635,0.0,0.0,196.0,0.2635,0.2635,0.2635,10000093,2015-06-24,2015-06-24,C,2.75,2015-03-23
19138,2015-04-08 13:59:00,2015-04-08,0.2635,0.0,0.0,196.0,0.2635,0.2635,0.2635,10000093,2015-06-24,2015-06-24,C,2.75,2015-03-23
19139,2015-04-08 14:00:00,2015-04-08,0.2635,0.0,0.0,196.0,0.2635,0.2635,0.2635,10000093,2015-06-24,2015-06-24,C,2.75,2015-03-23
19140,2015-04-08 14:01:00,2015-04-08,0.2635,0.0,0.0,196.0,0.2635,0.2635,0.2635,10000093,2015-06-24,2015-06-24,C,2.75,2015-03-23
19141,2015-04-08 14:02:00,2015-04-08,0.2635,0.0,0.0,196.0,0.2635,0.2635,0.2635,10000093,2015-06-24,2015-06-24,C,2.75,2015-03-23
19142,2015-04-08 14:03:00,2015-04-08,0.2635,0.0,0.0,196.0,0.2635,0.2635,0.2635,10000093,2015-06-24,2015-06-24,C,2.75,2015-03-23
19143,2015-04-08 14:04:00,2015-04-08,0.2635,0.0,0.0,196.0,0.2635,0.2635,0.2635,10000093,2015-06-24,2015-06-24,C,2.75,2015-03-23
19144,2015-04-08 14:05:00,2015-04-08,0.2635,0.0,0.0,196.0,0.2635,0.2635,0.2635,10000093,2015-06-24,2015-06-24,C,2.75,2015-03-23
19145,2015-04-08 14:06:00,2015-04-08,0.2635,0.0,0.0,196.0,0.2635,0.2635,0.2635,10000093,2015-06-24,2015-06-24,C,2.75,2015-03-23
19146,2015-04-08 14:07:00,2015-04-08,0.2635,0.0,0.0,196.0,0.2635,0.2635,0.2635,10000093,2015-06-24,2015-06-24,C,2.75,2015-03-23
19147,2015-04-08 14:08:00,2015-04-08,0.2635,0.0,0.0,196.0,0.2635,0.2635,0.2635,10000093,2015-06-24,2015-06-24,C,2.75,2015-03-23
19148,2015-04-08 14:09:00,2015-04-08,0.2635,0.0,0.0,196.0,0.2635,0.2635,0.2635,10000093,2015-06-24,2015-06-24,C,2.75,2015-03-23
19149,2015-04-08 14:10:00,2015-04-08,0.2635,0.0,0.0,196.0,0.2635,0.2635,0.2635,10000093,2015-06-24,2015-06-24,C,2.75,2015-03-23
19150,2015-04-08 14:11:00,2015-04-08,0.2635,0.0,0.0,196.0,0.2635,0.2635,0.2635,10000093,2015-06-24,2015-06-24,C,2.75,2015-03-23
19151,2015-04-08 14:12:00,2015-04-08,0.2635,0.0,0.0,196.0,0.2635,0.2635,0.2635,10000093,2015-06-24,2015-06-24,C,2.75,2015-03-23
19152,2015-04-08 14:13:00,2015-04-08,0.2635,0.0,0.0,196.0,0.2635,0.2635,0.2635,10000093,2015-06-24,2015-06-24,C,2.75,2015-03-23
19153,2015-04-08 14:14:00,2015-04-08,0.2635,0.0,0.0,196.0,0.2635,0.2635,0.2635,10000093,2015-06-24,2015-06-24,C,2.75,2015-03-23
19154,2015-04-08 14:15:00,2015-04-08,0.2635,0.0,0.0,196.0,0.2635,0.2635,0.2635,10000093,2015-06-24,2015-06-24,C,2.75,2015-03-23
19155,2015-04-08 14:16:00,2015-04-08,0.2635,0.0,0.0,196.0,0.2635,0.2635,0.2635,10000093,2015-06-24,2015-06-24,C,2.75,2015-03-23
19156,2015-04-08 14:17:00,2015-04-08,0.2635,0.0,0.0,196.0,0.2635,0.2635,0.2635,10000093,2015-06-24,2015-06-24,C,2.75,2015-03-23
19157,2015-04-08 14:18:00,2015-04-08,0.2635,0.0,0.0,196.0,0.2635,0.2635,0.2635,10000093,2015-06-24,2015-06-24,C,2.75,2015-03-23
19158,2015-04-08 14:19:00,2015-04-08,0.2635,0.0,0.0,196.0,0.2635,0.2635,0.2635,10000093,2015-06-24,2015-06-24,C,2.75,2015-03-23
19159,2015-04-08 14:20:00,2015-04-08,0.2635,0.0,0.0,196.0,0.2635,0.2635,0.2635,10000093,2015-06-24,2015-06-24,C,2.75,2015-03-23
19160,2015-04-08 14:21:00,2015-04-08,0.2635,0.0,0.0,196.0,0.2635,0.2635,0.2635,10000093,2015-06-24,2015-06-24,C,2.75,2015-03-23
19161,2015-04-08 14:22:00,2015-04-08,0.2635,0.0,0.0,196.0,0.2635,0.2635,0.2635,10000093,2015-06-24,2015-06-24,C,2.75,2015-03-23
19162,2015-04-08 14:23:00,2015-04-08,0.2635,0.0,0.0,196.0,0.2635,0.2635,0.2635,10000093,2015-06-24,2015-06-24,C,2.75,2015-03-23
19163,2015-04-08 14:24:00,2015-04-08,0.2635,0.0,0.0,196.0,0.2635,0.2635,0.2635,10000093,2015-06-24,2015-06-24,C,2.75,2015-03-23
19164,2015-04-08 14:25:00,2015-04-08,0.2635,0.0,0.0,196.0,0.2635,0.2635,0.2635,10000093,2015-06-24,2015-06-24,C,2.75,2015-03-23
19165,2015-04-08 14:26:00,2015-04-08,0.2635,0.0,0.0,196.0,0.2635,0.2635,0.2635,10000093,2015-06-24,2015-06-24,C,2.75,2015-03-23
19166,2015-04-08 14:27:00,2015-04-08,0.2635,0.0,0.0,196.0,0.2635,0.2635,0.2635,10000093,2015-06-24,2015-06-24,C,2.75,2015-03-23
19167,2015-04-08 14:28:00,2015-04-08,0.2635,0.0,0.0,196.0,0.2635,0.2635,0.2635,10000093,2015-06-24,2015-06-24,C,2.75,2015-03-23
19168,2015-04-08 14:29:00,2015-04-08,0.2635,0.0,0.0,196.0,0.2635,0.2635,0.2635,10000093,2015-06-24,2015-06-24,C,2.75,2015-03-23
19169,2015-04-08 14:30:00,2015-04-08,0.2635,0.0,0.0,196.0,0.2635,0.2635,0.2635,10000093,2015-06-24,2015-06-24,C,2.75,2015-03-23
19170,2015-04-08 14:31:00,2015-04-08,0.2635,0.0,0.0,196.0,0.2635,0.2635,0.2635,10000093,2015-06-24,2015-06-24,C,2.75,2015-03-23
19171,2015-04-08 14:32:00,2015-04-08,0.2635,0.0,0.0,196.0,0.2635,0.2635,0.2635,10000093,2015-06-24,2015-06-24,C,2.75,2015-03-23
19172,2015-04-08 14:33:00,2015-04-08,0.2635,0.0,0.0,196.0,0.2635,0.2635,0.2635,10000093,2015-06-24,2015-06-24,C,2.75,2015-03-23
19173,2015-04-08 14:34:00,2015-04-08,0.2635,0.0,0.0,196.0,0.2635,0.2635,0.2635,10000093,2015-06-24,2015-06-24,C,2.75,2015-03-23
19174,2015-04-08 14:35:00,2015-04-08,0.2635,0.0,0.0,196.0,0.2635,0.2635,0.2635,10000093,2015-06-24,2015-06-24,C,2.75,2015-03-23
19175,2015-04-08 14:36:00,2015-04-08,0.2635,0.0,0.0,196.0,0.2635,0.2635,0.2635,10000093,2015-06-24,2015-06-24,C,2.75,2015-03-23
19176,2015-04-08 14:37:00,2015-04-08,0.2635,0.0,0.0,196.0,0.2635,0.2635,0.2635,10000093,2015-06-24,2015-06-24,C,2.75,2015-03-23
19177,2015-04-08 14:38:00,2015-04-08,0.2635,0.0,0.0,196.0,0.2635,0.2635,0.2635,10000093,2015-06-24,2015-06-24,C,2.75,2015-03-23
19178,2015-04-08 14:39:00,2015-04-08,0.2635,0.0,0.0,196.0,0.2635,0.2635,0.2635,10000093,2015-06-24,2015-06-24,C,2.75,2015-03-23
19179,2015-04-08 14:40:00,2015-04-08,0.2635,0.0,0.0,196.0,0.2635,0.2635,0.2635,10000093,2015-06-24,2015-06-24,C,2.75,2015-03-23
19180,2015-04-08 14:41:00,2015-04-08,0.2635,0.0,0.0,196.0,0.2635,0.2635,0.2635,10000093,2015-06-24,2015-06-24,C,2.75,2015-03-23
19181,2015-04-08 14:42:00,2015-04-08,0.2635,0.0,0.0,196.0,0.2635,0.2635,0.2635,10000093,2015-06-24,2015-06-24,C,2.75,2015-03-23
19182,2015-04-08 14:43:00,2015-04-08,0.2635,0.0,0.0,196.0,0.2635,0.2635,0.2635,10000093,2015-06-24,2015-06-24,C,2.75,2015-03-23
19183,2015-04-08 14:44:00,2015-04-08,0.2635,0.0,0.0,196.0,0.2635,0.2635,0.2635,10000093,2015-06-24,2015-06-24,C,2.75,2015-03-23
19184,2015-04-08 14:45:00,2015-04-08,0.2635,0.0,0.0,196.0,0.2635,0.2635,0.2635,10000093,2015-06-24,2015-06-24,C,2.75,2015-03-23
19185,2015-04-08 14:46:00,2015-04-08,0.2635,0.0,0.0,196.0,0.2635,0.2635,0.2635,10000093,2015-06-24,2015-06-24,C,2.75,2015-03-23
19186,2015-04-08 14:47:00,2015-04-08,0.2635,0.0,0.0,196.0,0.2635,0.2635,0.2635,10000093,2015-06-24,2015-06-24,C,2.75,2015-03-23
19187,2015-04-08 14:48:00,2015-04-08,0.2635,0.0,0.0,196.0,0.2635,0.2635,0.2635,10000093,2015-06-24,2015-06-24,C,2.75,2015-03-23
19188,2015-04-08 14:49:00,2015-04-08,0.2635,0.0,0.0,196.0,0.2635,0.2635,0.2635,10000093,2015-06-24,2015-06-24,C,2.75,2015-03-23
19189,2015-04-08 14:50:00,2015-04-08,0.2635,0.0,0.0,196.0,0.2635,0.2635,0.2635,10000093,2015-06-24,2015-06-24,C,2.75,2015-03-23
19190,2015-04-08 14:51:00,2015-04-08,0.2635,0.0,0.0,196.0,0.2635,0.2635,0.2635,10000093,2015-06-24,2015-06-24,C,2.75,2015-03-23
19191,2015-04-08 14:52:00,2015-04-08,0.2635,0.0,0.0,196.0,0.2635,0.2635,0.2635,10000093,2015-06-24,2015-06-24,C,2.75,2015-03-23
19192,2015-04-08 14:53:00,2015-04-08,0.2635,0.0,0.0,196.0,0.2635,0.2635,0.2635,10000093,2015-06-24,2015-06-24,C,2.75,2015-03-23
19193,2015-04-08 14:54:00,2015-04-08,0.2635,0.0,0.0,196.0,0.2635,0.2635,0.2635,10000093,2015-06-24,2015-06-24,C,2.75,2015-03-23
19194,2015-04-08 14:55:00,2015-04-08,0.2635,0.0,0.0,196.0,0.2635,0.2635,0.2635,10000093,2015-06-24,2015-06-24,C,2.75,2015-03-23
19195,2015-04-08 14:56:00,2015-04-08,0.2635,0.0,0.0,196.0,0.2635,0.2635,0.2635,10000093,2015-06-24,2015-06-24,C,2.75,2015-03-23
19196,2015-04-08 14:57:00,2015-04-08,0.2635,0.0,0.0,196.0,0.2635,0.2635,0.2635,10000093,2015-06-24,2015-06-24,C,2.75,2015-03-23
19197,2015-04-08 14:58:00,2015-04-08,0.2635,0.0,0.0,196.0,0.2635,0.2635,0.2635,10000093,2015-06-24,2015-06-24,C,2.75,2015-03-23
19198,2015-04-08 14:59:00,2015-04-08,0.2635,0.0,0.0,196.0,0.2635,0.2635,0.2635,10000093,2015-06-24,2015-06-24,C,2.75,2015-03-23
19199,2015-04-08 15:00:00,2015-04-08,0.2635,0.0,0.0,196.0,0.2635,0.2635,0.2635,10000093,2015-06-24,2015-06-24,C,2.75,2015-03-23
19200,2015-04-08 09:31:00,2015-04-08,0.0365,12877.0,36.0,254.0,0.0365,0.0339,0.0339,10000111,2015-05-27,2015-05-27,P,2.55,2015-03-26
19201,2015-04-08 09:32:00,2015-04-08,0.0339,0.0,0.0,254.0,0.0339,0.0339,0.0339,10000111,2015-05-27,2015-05-27,P,2.55,2015-03-26
19202,2015-04-08 09:33:00,2015-04-08,0.0339,0.0,0.0,254.0,0.0339,0.0339,0.0339,10000111,2015-05-27,2015-05-27,P,2.55,2015-03-26
19203,2015-04-08 09:34:00,2015-04-08,0.0339,0.0,0.0,254.0,0.0339,0.0339,0.0339,10000111,2015-05-27,2015-05-27,P,2.55,2015-03-26
19204,2015-04-08 09:35:00,2015-04-08,0.0339,0.0,0.0,254.0,0.0339,0.0339,0.0339,10000111,2015-05-27,2015-05-27,P,2.55,2015-03-26
19205,2015-04-08 09:36:00,2015-04-08,0.0339,0.0,0.0,254.0,0.0339,0.0339,0.0339,10000111,2015-05-27,2015-05-27,P,2.55,2015-03-26
19206,2015-04-08 09:37:00,2015-04-08,0.0339,0.0,0.0,254.0,0.0339,0.0339,0.0339,10000111,2015-05-27,2015-05-27,P,2.55,2015-03-26
19207,2015-04-08 09:38:00,2015-04-08,0.0339,0.0,0.0,254.0,0.0339,0.0339,0.0339,10000111,2015-05-27,2015-05-27,P,2.55,2015-03-26
19208,2015-04-08 09:39:00,2015-04-08,0.0339,0.0,0.0,254.0,0.0339,0.0339,0.0339,10000111,2015-05-27,2015-05-27,P,2.55,2015-03-26
19209,2015-04-08 09:40:00,2015-04-08,0.0339,0.0,0.0,254.0,0.0339,0.0339,0.0339,10000111,2015-05-27,2015-05-27,P,2.55,2015-03-26
19210,2015-04-08 09:41:00,2015-04-08,0.0339,0.0,0.0,254.0,0.0339,0.0339,0.0339,10000111,2015-05-27,2015-05-27,P,2.55,2015-03-26
19211,2015-04-08 09:42:00,2015-04-08,0.0339,0.0,0.0,254.0,0.0339,0.0339,0.0339,10000111,2015-05-27,2015-05-27,P,2.55,2015-03-26
19212,2015-04-08 09:43:00,2015-04-08,0.0339,0.0,0.0,254.0,0.0339,0.0339,0.0339,10000111,2015-05-27,2015-05-27,P,2.55,2015-03-26
19213,2015-04-08 09:44:00,2015-04-08,0.0339,0.0,0.0,254.0,0.0339,0.0339,0.0339,10000111,2015-05-27,2015-05-27,P,2.55,2015-03-26
19214,2015-04-08 09:45:00,2015-04-08,0.0339,0.0,0.0,254.0,0.0339,0.0339,0.0339,10000111,2015-05-27,2015-05-27,P,2.55,2015-03-26
19215,2015-04-08 09:46:00,2015-04-08,0.0339,0.0,0.0,254.0,0.0339,0.0339,0.0339,10000111,2015-05-27,2015-05-27,P,2.55,2015-03-26
19216,2015-04-08 09:47:00,2015-04-08,0.0339,0.0,0.0,254.0,0.0339,0.0339,0.0339,10000111,2015-05-27,2015-05-27,P,2.55,2015-03-26
19217,2015-04-08 09:48:00,2015-04-08,0.0339,0.0,0.0,254.0,0.0339,0.0339,0.0339,10000111,2015-05-27,2015-05-27,P,2.55,2015-03-26
19218,2015-04-08 09:49:00,2015-04-08,0.0339,0.0,0.0,254.0,0.0339,0.0339,0.0339,10000111,2015-05-27,2015-05-27,P,2.55,2015-03-26
19219,2015-04-08 09:50:00,2015-04-08,0.0339,0.0,0.0,254.0,0.0339,0.0339,0.0339,10000111,2015-05-27,2015-05-27,P,2.55,2015-03-26
19220,2015-04-08 09:51:00,2015-04-08,0.0339,0.0,0.0,254.0,0.0339,0.0339,0.0339,10000111,2015-05-27,2015-05-27,P,2.55,2015-03-26
19221,2015-04-08 09:52:00,2015-04-08,0.0339,0.0,0.0,254.0,0.0339,0.0339,0.0339,10000111,2015-05-27,2015-05-27,P,2.55,2015-03-26
19222,2015-04-08 09:53:00,2015-04-08,0.0339,0.0,0.0,254.0,0.0339,0.0339,0.0339,10000111,2015-05-27,2015-05-27,P,2.55,2015-03-26
19223,2015-04-08 09:54:00,2015-04-08,0.0357,357.0,1.0,255.0,0.0357,0.0357,0.0357,10000111,2015-05-27,2015-05-27,P,2.55,2015-03-26
19224,2015-04-08 09:55:00,2015-04-08,0.0357,0.0,0.0,255.0,0.0357,0.0357,0.0357,10000111,2015-05-27,2015-05-27,P,2.55,2015-03-26
19225,2015-04-08 09:56:00,2015-04-08,0.0342,3420.0,10.0,265.0,0.0342,0.0342,0.0342,10000111,2015-05-27,2015-05-27,P,2.55,2015-03-26
19226,2015-04-08 09:57:00,2015-04-08,0.0342,0.0,0.0,265.0,0.0342,0.0342,0.0342,10000111,2015-05-27,2015-05-27,P,2.55,2015-03-26
19227,2015-04-08 09:58:00,2015-04-08,0.0342,0.0,0.0,265.0,0.0342,0.0342,0.0342,10000111,2015-05-27,2015-05-27,P,2.55,2015-03-26
19228,2015-04-08 09:59:00,2015-04-08,0.0342,0.0,0.0,265.0,0.0342,0.0342,0.0342,10000111,2015-05-27,2015-05-27,P,2.55,2015-03-26
19229,2015-04-08 10:00:00,2015-04-08,0.0342,0.0,0.0,265.0,0.0342,0.0342,0.0342,10000111,2015-05-27,2015-05-27,P,2.55,2015-03-26
19230,2015-04-08 10:01:00,2015-04-08,0.0342,0.0,0.0,265.0,0.0342,0.0342,0.0342,10000111,2015-05-27,2015-05-27,P,2.55,2015-03-26
19231,2015-04-08 10:02:00,2015-04-08,0.0342,0.0,0.0,265.0,0.0342,0.0342,0.0342,10000111,2015-05-27,2015-05-27,P,2.55,2015-03-26
19232,2015-04-08 10:03:00,2015-04-08,0.0342,0.0,0.0,265.0,0.0342,0.0342,0.0342,10000111,2015-05-27,2015-05-27,P,2.55,2015-03-26
19233,2015-04-08 10:04:00,2015-04-08,0.0342,0.0,0.0,265.0,0.0342,0.0342,0.0342,10000111,2015-05-27,2015-05-27,P,2.55,2015-03-26
19234,2015-04-08 10:05:00,2015-04-08,0.0342,0.0,0.0,265.0,0.0342,0.0342,0.0342,10000111,2015-05-27,2015-05-27,P,2.55,2015-03-26
19235,2015-04-08 10:06:00,2015-04-08,0.0342,0.0,0.0,265.0,0.0342,0.0342,0.0342,10000111,2015-05-27,2015-05-27,P,2.55,2015-03-26
19236,2015-04-08 10:07:00,2015-04-08,0.0342,0.0,0.0,265.0,0.0342,0.0342,0.0342,10000111,2015-05-27,2015-05-27,P,2.55,2015-03-26
19237,2015-04-08 10:08:00,2015-04-08,0.0343,1029.0,3.0,265.0,0.0343,0.0343,0.0343,10000111,2015-05-27,2015-05-27,P,2.55,2015-03-26
19238,2015-04-08 10:09:00,2015-04-08,0.0343,0.0,0.0,265.0,0.0343,0.0343,0.0343,10000111,2015-05-27,2015-05-27,P,2.55,2015-03-26
19239,2015-04-08 10:10:00,2015-04-08,0.0343,0.0,0.0,265.0,0.0343,0.0343,0.0343,10000111,2015-05-27,2015-05-27,P,2.55,2015-03-26
19240,2015-04-08 10:11:00,2015-04-08,0.0343,0.0,0.0,265.0,0.0343,0.0343,0.0343,10000111,2015-05-27,2015-05-27,P,2.55,2015-03-26
19241,2015-04-08 10:12:00,2015-04-08,0.0343,0.0,0.0,265.0,0.0343,0.0343,0.0343,10000111,2015-05-27,2015-05-27,P,2.55,2015-03-26
19242,2015-04-08 10:13:00,2015-04-08,0.0343,0.0,0.0,265.0,0.0343,0.0343,0.0343,10000111,2015-05-27,2015-05-27,P,2.55,2015-03-26
19243,2015-04-08 10:14:00,2015-04-08,0.0343,0.0,0.0,265.0,0.0343,0.0343,0.0343,10000111,2015-05-27,2015-05-27,P,2.55,2015-03-26
19244,2015-04-08 10:15:00,2015-04-08,0.0343,0.0,0.0,265.0,0.0343,0.0343,0.0343,10000111,2015-05-27,2015-05-27,P,2.55,2015-03-26
19245,2015-04-08 10:16:00,2015-04-08,0.0343,0.0,0.0,265.0,0.0343,0.0343,0.0343,10000111,2015-05-27,2015-05-27,P,2.55,2015-03-26
19246,2015-04-08 10:17:00,2015-04-08,0.0343,0.0,0.0,265.0,0.0343,0.0343,0.0343,10000111,2015-05-27,2015-05-27,P,2.55,2015-03-26
19247,2015-04-08 10:18:00,2015-04-08,0.0343,0.0,0.0,265.0,0.0343,0.0343,0.0343,10000111,2015-05-27,2015-05-27,P,2.55,2015-03-26
19248,2015-04-08 10:19:00,2015-04-08,0.0343,0.0,0.0,265.0,0.0343,0.0343,0.0343,10000111,2015-05-27,2015-05-27,P,2.55,2015-03-26
19249,2015-04-08 10:20:00,2015-04-08,0.0343,0.0,0.0,265.0,0.0343,0.0343,0.0343,10000111,2015-05-27,2015-05-27,P,2.55,2015-03-26
19250,2015-04-08 10:21:00,2015-04-08,0.0343,0.0,0.0,265.0,0.0343,0.0343,0.0343,10000111,2015-05-27,2015-05-27,P,2.55,2015-03-26
19251,2015-04-08 10:22:00,2015-04-08,0.0343,0.0,0.0,265.0,0.0343,0.0343,0.0343,10000111,2015-05-27,2015-05-27,P,2.55,2015-03-26
19252,2015-04-08 10:23:00,2015-04-08,0.0343,0.0,0.0,265.0,0.0343,0.0343,0.0343,10000111,2015-05-27,2015-05-27,P,2.55,2015-03-26
19253,2015-04-08 10:24:00,2015-04-08,0.0343,0.0,0.0,265.0,0.0343,0.0343,0.0343,10000111,2015-05-27,2015-05-27,P,2.55,2015-03-26
19254,2015-04-08 10:25:00,2015-04-08,0.0343,0.0,0.0,265.0,0.0343,0.0343,0.0343,10000111,2015-05-27,2015-05-27,P,2.55,2015-03-26
19255,2015-04-08 10:26:00,2015-04-08,0.0343,0.0,0.0,265.0,0.0343,0.0343,0.0343,10000111,2015-05-27,2015-05-27,P,2.55,2015-03-26
19256,2015-04-08 10:27:00,2015-04-08,0.0343,0.0,0.0,265.0,0.0343,0.0343,0.0343,10000111,2015-05-27,2015-05-27,P,2.55,2015-03-26
19257,2015-04-08 10:28:00,2015-04-08,0.0343,0.0,0.0,265.0,0.0343,0.0343,0.0343,10000111,2015-05-27,2015-05-27,P,2.55,2015-03-26
19258,2015-04-08 10:29:00,2015-04-08,0.0343,0.0,0.0,265.0,0.0343,0.0343,0.0343,10000111,2015-05-27,2015-05-27,P,2.55,2015-03-26
19259,2015-04-08 10:30:00,2015-04-08,0.0343,0.0,0.0,265.0,0.0343,0.0343,0.0343,10000111,2015-05-27,2015-05-27,P,2.55,2015-03-26
19260,2015-04-08 10:31:00,2015-04-08,0.0343,0.0,0.0,265.0,0.0343,0.0343,0.0343,10000111,2015-05-27,2015-05-27,P,2.55,2015-03-26
19261,2015-04-08 10:32:00,2015-04-08,0.0343,0.0,0.0,265.0,0.0343,0.0343,0.0343,10000111,2015-05-27,2015-05-27,P,2.55,2015-03-26
19262,2015-04-08 10:33:00,2015-04-08,0.0343,0.0,0.0,265.0,0.0343,0.0343,0.0343,10000111,2015-05-27,2015-05-27,P,2.55,2015-03-26
19263,2015-04-08 10:34:00,2015-04-08,0.0343,0.0,0.0,265.0,0.0343,0.0343,0.0343,10000111,2015-05-27,2015-05-27,P,2.55,2015-03-26
19264,2015-04-08 10:35:00,2015-04-08,0.0343,0.0,0.0,265.0,0.0343,0.0343,0.0343,10000111,2015-05-27,2015-05-27,P,2.55,2015-03-26
19265,2015-04-08 10:36:00,2015-04-08,0.0343,0.0,0.0,265.0,0.0343,0.0343,0.0343,10000111,2015-05-27,2015-05-27,P,2.55,2015-03-26
19266,2015-04-08 10:37:00,2015-04-08,0.0343,0.0,0.0,265.0,0.0343,0.0343,0.0343,10000111,2015-05-27,2015-05-27,P,2.55,2015-03-26
19267,2015-04-08 10:38:00,2015-04-08,0.0343,0.0,0.0,265.0,0.0343,0.0343,0.0343,10000111,2015-05-27,2015-05-27,P,2.55,2015-03-26
19268,2015-04-08 10:39:00,2015-04-08,0.0343,0.0,0.0,265.0,0.0343,0.0343,0.0343,10000111,2015-05-27,2015-05-27,P,2.55,2015-03-26
19269,2015-04-08 10:40:00,2015-04-08,0.0343,0.0,0.0,265.0,0.0343,0.0343,0.0343,10000111,2015-05-27,2015-05-27,P,2.55,2015-03-26
19270,2015-04-08 10:41:00,2015-04-08,0.0343,0.0,0.0,265.0,0.0343,0.0343,0.0343,10000111,2015-05-27,2015-05-27,P,2.55,2015-03-26
19271,2015-04-08 10:42:00,2015-04-08,0.0343,0.0,0.0,265.0,0.0343,0.0343,0.0343,10000111,2015-05-27,2015-05-27,P,2.55,2015-03-26
19272,2015-04-08 10:43:00,2015-04-08,0.0343,0.0,0.0,265.0,0.0343,0.0343,0.0343,10000111,2015-05-27,2015-05-27,P,2.55,2015-03-26
19273,2015-04-08 10:44:00,2015-04-08,0.0343,0.0,0.0,265.0,0.0343,0.0343,0.0343,10000111,2015-05-27,2015-05-27,P,2.55,2015-03-26
19274,2015-04-08 10:45:00,2015-04-08,0.0343,0.0,0.0,265.0,0.0343,0.0343,0.0343,10000111,2015-05-27,2015-05-27,P,2.55,2015-03-26
19275,2015-04-08 10:46:00,2015-04-08,0.0325,325.0,1.0,265.0,0.0325,0.0325,0.0325,10000111,2015-05-27,2015-05-27,P,2.55,2015-03-26
19276,2015-04-08 10:47:00,2015-04-08,0.0325,0.0,0.0,265.0,0.0325,0.0325,0.0325,10000111,2015-05-27,2015-05-27,P,2.55,2015-03-26
19277,2015-04-08 10:48:00,2015-04-08,0.0325,0.0,0.0,265.0,0.0325,0.0325,0.0325,10000111,2015-05-27,2015-05-27,P,2.55,2015-03-26
19278,2015-04-08 10:49:00,2015-04-08,0.0325,0.0,0.0,265.0,0.0325,0.0325,0.0325,10000111,2015-05-27,2015-05-27,P,2.55,2015-03-26
19279,2015-04-08 10:50:00,2015-04-08,0.0325,0.0,0.0,265.0,0.0325,0.0325,0.0325,10000111,2015-05-27,2015-05-27,P,2.55,2015-03-26
19280,2015-04-08 10:51:00,2015-04-08,0.0325,0.0,0.0,265.0,0.0325,0.0325,0.0325,10000111,2015-05-27,2015-05-27,P,2.55,2015-03-26
19281,2015-04-08 10:52:00,2015-04-08,0.0377,5645.0,15.0,275.0,0.0375,0.0377,0.0375,10000111,2015-05-27,2015-05-27,P,2.55,2015-03-26
19282,2015-04-08 10:53:00,2015-04-08,0.0379,5675.0,15.0,280.0,0.0377,0.0379,0.0377,10000111,2015-05-27,2015-05-27,P,2.55,2015-03-26
19283,2015-04-08 10:54:00,2015-04-08,0.0393,3925.0,10.0,290.0,0.0392,0.0393,0.0392,10000111,2015-05-27,2015-05-27,P,2.55,2015-03-26
19284,2015-04-08 10:55:00,2015-04-08,0.0393,0.0,0.0,290.0,0.0393,0.0393,0.0393,10000111,2015-05-27,2015-05-27,P,2.55,2015-03-26
19285,2015-04-08 10:56:00,2015-04-08,0.0372,3720.0,10.0,285.0,0.0372,0.0372,0.0372,10000111,2015-05-27,2015-05-27,P,2.55,2015-03-26
19286,2015-04-08 10:57:00,2015-04-08,0.0372,0.0,0.0,285.0,0.0372,0.0372,0.0372,10000111,2015-05-27,2015-05-27,P,2.55,2015-03-26
19287,2015-04-08 10:58:00,2015-04-08,0.0372,0.0,0.0,285.0,0.0372,0.0372,0.0372,10000111,2015-05-27,2015-05-27,P,2.55,2015-03-26
19288,2015-04-08 10:59:00,2015-04-08,0.0372,0.0,0.0,285.0,0.0372,0.0372,0.0372,10000111,2015-05-27,2015-05-27,P,2.55,2015-03-26
19289,2015-04-08 11:00:00,2015-04-08,0.0372,0.0,0.0,285.0,0.0372,0.0372,0.0372,10000111,2015-05-27,2015-05-27,P,2.55,2015-03-26
19290,2015-04-08 11:01:00,2015-04-08,0.0372,0.0,0.0,285.0,0.0372,0.0372,0.0372,10000111,2015-05-27,2015-05-27,P,2.55,2015-03-26
19291,2015-04-08 11:02:00,2015-04-08,0.0372,0.0,0.0,285.0,0.0372,0.0372,0.0372,10000111,2015-05-27,2015-05-27,P,2.55,2015-03-26
19292,2015-04-08 11:03:00,2015-04-08,0.0372,0.0,0.0,285.0,0.0372,0.0372,0.0372,10000111,2015-05-27,2015-05-27,P,2.55,2015-03-26
19293,2015-04-08 11:04:00,2015-04-08,0.0372,0.0,0.0,285.0,0.0372,0.0372,0.0372,10000111,2015-05-27,2015-05-27,P,2.55,2015-03-26
19294,2015-04-08 11:05:00,2015-04-08,0.0372,0.0,0.0,285.0,0.0372,0.0372,0.0372,10000111,2015-05-27,2015-05-27,P,2.55,2015-03-26
19295,2015-04-08 11:06:00,2015-04-08,0.0372,0.0,0.0,285.0,0.0372,0.0372,0.0372,10000111,2015-05-27,2015-05-27,P,2.55,2015-03-26
19296,2015-04-08 11:07:00,2015-04-08,0.0372,0.0,0.0,285.0,0.0372,0.0372,0.0372,10000111,2015-05-27,2015-05-27,P,2.55,2015-03-26
19297,2015-04-08 11:08:00,2015-04-08,0.0372,0.0,0.0,285.0,0.0372,0.0372,0.0372,10000111,2015-05-27,2015-05-27,P,2.55,2015-03-26
19298,2015-04-08 11:09:00,2015-04-08,0.0372,0.0,0.0,285.0,0.0372,0.0372,0.0372,10000111,2015-05-27,2015-05-27,P,2.55,2015-03-26
19299,2015-04-08 11:10:00,2015-04-08,0.0372,0.0,0.0,285.0,0.0372,0.0372,0.0372,10000111,2015-05-27,2015-05-27,P,2.55,2015-03-26
19300,2015-04-08 11:11:00,2015-04-08,0.0372,0.0,0.0,285.0,0.0372,0.0372,0.0372,10000111,2015-05-27,2015-05-27,P,2.55,2015-03-26
19301,2015-04-08 11:12:00,2015-04-08,0.0402,4019.0,10.0,286.0,0.0402,0.0402,0.0402,10000111,2015-05-27,2015-05-27,P,2.55,2015-03-26
19302,2015-04-08 11:13:00,2015-04-08,0.04,11990.0,30.0,316.0,0.04,0.04,0.0399,10000111,2015-05-27,2015-05-27,P,2.55,2015-03-26
19303,2015-04-08 11:14:00,2015-04-08,0.04,0.0,0.0,316.0,0.04,0.04,0.04,10000111,2015-05-27,2015-05-27,P,2.55,2015-03-26
19304,2015-04-08 11:15:00,2015-04-08,0.04,0.0,0.0,316.0,0.04,0.04,0.04,10000111,2015-05-27,2015-05-27,P,2.55,2015-03-26
19305,2015-04-08 11:16:00,2015-04-08,0.04,0.0,0.0,316.0,0.04,0.04,0.04,10000111,2015-05-27,2015-05-27,P,2.55,2015-03-26
19306,2015-04-08 11:17:00,2015-04-08,0.04,0.0,0.0,316.0,0.04,0.04,0.04,10000111,2015-05-27,2015-05-27,P,2.55,2015-03-26
19307,2015-04-08 11:18:00,2015-04-08,0.04,0.0,0.0,316.0,0.04,0.04,0.04,10000111,2015-05-27,2015-05-27,P,2.55,2015-03-26
19308,2015-04-08 11:19:00,2015-04-08,0.04,0.0,0.0,316.0,0.04,0.04,0.04,10000111,2015-05-27,2015-05-27,P,2.55,2015-03-26
19309,2015-04-08 11:20:00,2015-04-08,0.04,0.0,0.0,316.0,0.04,0.04,0.04,10000111,2015-05-27,2015-05-27,P,2.55,2015-03-26
19310,2015-04-08 11:21:00,2015-04-08,0.04,0.0,0.0,316.0,0.04,0.04,0.04,10000111,2015-05-27,2015-05-27,P,2.55,2015-03-26
19311,2015-04-08 11:22:00,2015-04-08,0.04,0.0,0.0,316.0,0.04,0.04,0.04,10000111,2015-05-27,2015-05-27,P,2.55,2015-03-26
19312,2015-04-08 11:23:00,2015-04-08,0.04,0.0,0.0,316.0,0.04,0.04,0.04,10000111,2015-05-27,2015-05-27,P,2.55,2015-03-26
19313,2015-04-08 11:24:00,2015-04-08,0.04,0.0,0.0,316.0,0.04,0.04,0.04,10000111,2015-05-27,2015-05-27,P,2.55,2015-03-26
19314,2015-04-08 11:25:00,2015-04-08,0.0388,9545.0,25.0,341.0,0.0388,0.0379,0.0379,10000111,2015-05-27,2015-05-27,P,2.55,2015-03-26
19315,2015-04-08 11:26:00,2015-04-08,0.0379,1516.0,4.0,345.0,0.0379,0.0379,0.0379,10000111,2015-05-27,2015-05-27,P,2.55,2015-03-26
19316,2015-04-08 11:27:00,2015-04-08,0.0379,0.0,0.0,345.0,0.0379,0.0379,0.0379,10000111,2015-05-27,2015-05-27,P,2.55,2015-03-26
19317,2015-04-08 11:28:00,2015-04-08,0.0379,0.0,0.0,345.0,0.0379,0.0379,0.0379,10000111,2015-05-27,2015-05-27,P,2.55,2015-03-26
19318,2015-04-08 11:29:00,2015-04-08,0.0379,0.0,0.0,345.0,0.0379,0.0379,0.0379,10000111,2015-05-27,2015-05-27,P,2.55,2015-03-26
19319,2015-04-08 11:30:00,2015-04-08,0.0379,0.0,0.0,345.0,0.0379,0.0379,0.0379,10000111,2015-05-27,2015-05-27,P,2.55,2015-03-26
19320,2015-04-08 13:01:00,2015-04-08,0.0335,3350.0,10.0,354.0,0.0335,0.0335,0.0335,10000111,2015-05-27,2015-05-27,P,2.55,2015-03-26
19321,2015-04-08 13:02:00,2015-04-08,0.0328,1640.0,5.0,359.0,0.0328,0.0328,0.0328,10000111,2015-05-27,2015-05-27,P,2.55,2015-03-26
19322,2015-04-08 13:03:00,2015-04-08,0.0328,0.0,0.0,359.0,0.0328,0.0328,0.0328,10000111,2015-05-27,2015-05-27,P,2.55,2015-03-26
19323,2015-04-08 13:04:00,2015-04-08,0.0328,0.0,0.0,359.0,0.0328,0.0328,0.0328,10000111,2015-05-27,2015-05-27,P,2.55,2015-03-26
19324,2015-04-08 13:05:00,2015-04-08,0.0328,0.0,0.0,359.0,0.0328,0.0328,0.0328,10000111,2015-05-27,2015-05-27,P,2.55,2015-03-26
19325,2015-04-08 13:06:00,2015-04-08,0.0328,0.0,0.0,359.0,0.0328,0.0328,0.0328,10000111,2015-05-27,2015-05-27,P,2.55,2015-03-26
19326,2015-04-08 13:07:00,2015-04-08,0.0328,0.0,0.0,359.0,0.0328,0.0328,0.0328,10000111,2015-05-27,2015-05-27,P,2.55,2015-03-26
19327,2015-04-08 13:08:00,2015-04-08,0.0328,0.0,0.0,359.0,0.0328,0.0328,0.0328,10000111,2015-05-27,2015-05-27,P,2.55,2015-03-26
19328,2015-04-08 13:09:00,2015-04-08,0.0328,0.0,0.0,359.0,0.0328,0.0328,0.0328,10000111,2015-05-27,2015-05-27,P,2.55,2015-03-26
19329,2015-04-08 13:10:00,2015-04-08,0.0328,0.0,0.0,359.0,0.0328,0.0328,0.0328,10000111,2015-05-27,2015-05-27,P,2.55,2015-03-26
19330,2015-04-08 13:11:00,2015-04-08,0.0328,0.0,0.0,359.0,0.0328,0.0328,0.0328,10000111,2015-05-27,2015-05-27,P,2.55,2015-03-26
19331,2015-04-08 13:12:00,2015-04-08,0.0328,0.0,0.0,359.0,0.0328,0.0328,0.0328,10000111,2015-05-27,2015-05-27,P,2.55,2015-03-26
19332,2015-04-08 13:13:00,2015-04-08,0.0328,0.0,0.0,359.0,0.0328,0.0328,0.0328,10000111,2015-05-27,2015-05-27,P,2.55,2015-03-26
19333,2015-04-08 13:14:00,2015-04-08,0.0328,0.0,0.0,359.0,0.0328,0.0328,0.0328,10000111,2015-05-27,2015-05-27,P,2.55,2015-03-26
19334,2015-04-08 13:15:00,2015-04-08,0.0328,0.0,0.0,359.0,0.0328,0.0328,0.0328,10000111,2015-05-27,2015-05-27,P,2.55,2015-03-26
19335,2015-04-08 13:16:00,2015-04-08,0.0328,0.0,0.0,359.0,0.0328,0.0328,0.0328,10000111,2015-05-27,2015-05-27,P,2.55,2015-03-26
19336,2015-04-08 13:17:00,2015-04-08,0.0328,0.0,0.0,359.0,0.0328,0.0328,0.0328,10000111,2015-05-27,2015-05-27,P,2.55,2015-03-26
19337,2015-04-08 13:18:00,2015-04-08,0.0328,0.0,0.0,359.0,0.0328,0.0328,0.0328,10000111,2015-05-27,2015-05-27,P,2.55,2015-03-26
19338,2015-04-08 13:19:00,2015-04-08,0.0328,0.0,0.0,359.0,0.0328,0.0328,0.0328,10000111,2015-05-27,2015-05-27,P,2.55,2015-03-26
19339,2015-04-08 13:20:00,2015-04-08,0.0328,0.0,0.0,359.0,0.0328,0.0328,0.0328,10000111,2015-05-27,2015-05-27,P,2.55,2015-03-26
19340,2015-04-08 13:21:00,2015-04-08,0.0328,0.0,0.0,359.0,0.0328,0.0328,0.0328,10000111,2015-05-27,2015-05-27,P,2.55,2015-03-26
19341,2015-04-08 13:22:00,2015-04-08,0.0328,0.0,0.0,359.0,0.0328,0.0328,0.0328,10000111,2015-05-27,2015-05-27,P,2.55,2015-03-26
19342,2015-04-08 13:23:00,2015-04-08,0.0299,897.0,3.0,359.0,0.0299,0.0299,0.0299,10000111,2015-05-27,2015-05-27,P,2.55,2015-03-26
19343,2015-04-08 13:24:00,2015-04-08,0.0299,0.0,0.0,359.0,0.0299,0.0299,0.0299,10000111,2015-05-27,2015-05-27,P,2.55,2015-03-26
19344,2015-04-08 13:25:00,2015-04-08,0.0299,0.0,0.0,359.0,0.0299,0.0299,0.0299,10000111,2015-05-27,2015-05-27,P,2.55,2015-03-26
19345,2015-04-08 13:26:00,2015-04-08,0.0299,0.0,0.0,359.0,0.0299,0.0299,0.0299,10000111,2015-05-27,2015-05-27,P,2.55,2015-03-26
19346,2015-04-08 13:27:00,2015-04-08,0.0299,0.0,0.0,359.0,0.0299,0.0299,0.0299,10000111,2015-05-27,2015-05-27,P,2.55,2015-03-26
19347,2015-04-08 13:28:00,2015-04-08,0.0299,0.0,0.0,359.0,0.0299,0.0299,0.0299,10000111,2015-05-27,2015-05-27,P,2.55,2015-03-26
19348,2015-04-08 13:29:00,2015-04-08,0.0299,0.0,0.0,359.0,0.0299,0.0299,0.0299,10000111,2015-05-27,2015-05-27,P,2.55,2015-03-26
19349,2015-04-08 13:30:00,2015-04-08,0.0299,0.0,0.0,359.0,0.0299,0.0299,0.0299,10000111,2015-05-27,2015-05-27,P,2.55,2015-03-26
19350,2015-04-08 13:31:00,2015-04-08,0.0299,0.0,0.0,359.0,0.0299,0.0299,0.0299,10000111,2015-05-27,2015-05-27,P,2.55,2015-03-26
19351,2015-04-08 13:32:00,2015-04-08,0.0299,0.0,0.0,359.0,0.0299,0.0299,0.0299,10000111,2015-05-27,2015-05-27,P,2.55,2015-03-26
19352,2015-04-08 13:33:00,2015-04-08,0.0299,0.0,0.0,359.0,0.0299,0.0299,0.0299,10000111,2015-05-27,2015-05-27,P,2.55,2015-03-26
19353,2015-04-08 13:34:00,2015-04-08,0.0299,0.0,0.0,359.0,0.0299,0.0299,0.0299,10000111,2015-05-27,2015-05-27,P,2.55,2015-03-26
19354,2015-04-08 13:35:00,2015-04-08,0.0299,0.0,0.0,359.0,0.0299,0.0299,0.0299,10000111,2015-05-27,2015-05-27,P,2.55,2015-03-26
19355,2015-04-08 13:36:00,2015-04-08,0.0299,0.0,0.0,359.0,0.0299,0.0299,0.0299,10000111,2015-05-27,2015-05-27,P,2.55,2015-03-26
19356,2015-04-08 13:37:00,2015-04-08,0.0299,0.0,0.0,359.0,0.0299,0.0299,0.0299,10000111,2015-05-27,2015-05-27,P,2.55,2015-03-26
19357,2015-04-08 13:38:00,2015-04-08,0.0299,0.0,0.0,359.0,0.0299,0.0299,0.0299,10000111,2015-05-27,2015-05-27,P,2.55,2015-03-26
19358,2015-04-08 13:39:00,2015-04-08,0.0299,0.0,0.0,359.0,0.0299,0.0299,0.0299,10000111,2015-05-27,2015-05-27,P,2.55,2015-03-26
19359,2015-04-08 13:40:00,2015-04-08,0.0299,0.0,0.0,359.0,0.0299,0.0299,0.0299,10000111,2015-05-27,2015-05-27,P,2.55,2015-03-26
19360,2015-04-08 13:41:00,2015-04-08,0.0299,0.0,0.0,359.0,0.0299,0.0299,0.0299,10000111,2015-05-27,2015-05-27,P,2.55,2015-03-26
19361,2015-04-08 13:42:00,2015-04-08,0.0324,12695.0,40.0,379.0,0.0313,0.0324,0.0313,10000111,2015-05-27,2015-05-27,P,2.55,2015-03-26
19362,2015-04-08 13:43:00,2015-04-08,0.0318,6350.0,20.0,399.0,0.0317,0.0317,0.0317,10000111,2015-05-27,2015-05-27,P,2.55,2015-03-26
19363,2015-04-08 13:44:00,2015-04-08,0.0317,0.0,0.0,399.0,0.0317,0.0317,0.0317,10000111,2015-05-27,2015-05-27,P,2.55,2015-03-26
19364,2015-04-08 13:45:00,2015-04-08,0.0317,0.0,0.0,399.0,0.0317,0.0317,0.0317,10000111,2015-05-27,2015-05-27,P,2.55,2015-03-26
19365,2015-04-08 13:46:00,2015-04-08,0.0317,0.0,0.0,399.0,0.0317,0.0317,0.0317,10000111,2015-05-27,2015-05-27,P,2.55,2015-03-26
19366,2015-04-08 13:47:00,2015-04-08,0.0317,0.0,0.0,399.0,0.0317,0.0317,0.0317,10000111,2015-05-27,2015-05-27,P,2.55,2015-03-26
19367,2015-04-08 13:48:00,2015-04-08,0.0317,0.0,0.0,399.0,0.0317,0.0317,0.0317,10000111,2015-05-27,2015-05-27,P,2.55,2015-03-26
19368,2015-04-08 13:49:00,2015-04-08,0.0317,0.0,0.0,399.0,0.0317,0.0317,0.0317,10000111,2015-05-27,2015-05-27,P,2.55,2015-03-26
19369,2015-04-08 13:50:00,2015-04-08,0.0317,0.0,0.0,399.0,0.0317,0.0317,0.0317,10000111,2015-05-27,2015-05-27,P,2.55,2015-03-26
19370,2015-04-08 13:51:00,2015-04-08,0.0317,0.0,0.0,399.0,0.0317,0.0317,0.0317,10000111,2015-05-27,2015-05-27,P,2.55,2015-03-26
19371,2015-04-08 13:52:00,2015-04-08,0.0317,0.0,0.0,399.0,0.0317,0.0317,0.0317,10000111,2015-05-27,2015-05-27,P,2.55,2015-03-26
19372,2015-04-08 13:53:00,2015-04-08,0.0317,0.0,0.0,399.0,0.0317,0.0317,0.0317,10000111,2015-05-27,2015-05-27,P,2.55,2015-03-26
19373,2015-04-08 13:54:00,2015-04-08,0.0317,0.0,0.0,399.0,0.0317,0.0317,0.0317,10000111,2015-05-27,2015-05-27,P,2.55,2015-03-26
19374,2015-04-08 13:55:00,2015-04-08,0.0317,0.0,0.0,399.0,0.0317,0.0317,0.0317,10000111,2015-05-27,2015-05-27,P,2.55,2015-03-26
19375,2015-04-08 13:56:00,2015-04-08,0.0317,0.0,0.0,399.0,0.0317,0.0317,0.0317,10000111,2015-05-27,2015-05-27,P,2.55,2015-03-26
19376,2015-04-08 13:57:00,2015-04-08,0.0317,0.0,0.0,399.0,0.0317,0.0317,0.0317,10000111,2015-05-27,2015-05-27,P,2.55,2015-03-26
19377,2015-04-08 13:58:00,2015-04-08,0.0317,0.0,0.0,399.0,0.0317,0.0317,0.0317,10000111,2015-05-27,2015-05-27,P,2.55,2015-03-26
19378,2015-04-08 13:59:00,2015-04-08,0.0317,0.0,0.0,399.0,0.0317,0.0317,0.0317,10000111,2015-05-27,2015-05-27,P,2.55,2015-03-26
19379,2015-04-08 14:00:00,2015-04-08,0.0317,0.0,0.0,399.0,0.0317,0.0317,0.0317,10000111,2015-05-27,2015-05-27,P,2.55,2015-03-26
19380,2015-04-08 14:01:00,2015-04-08,0.0317,0.0,0.0,399.0,0.0317,0.0317,0.0317,10000111,2015-05-27,2015-05-27,P,2.55,2015-03-26
19381,2015-04-08 14:02:00,2015-04-08,0.0317,0.0,0.0,399.0,0.0317,0.0317,0.0317,10000111,2015-05-27,2015-05-27,P,2.55,2015-03-26
19382,2015-04-08 14:03:00,2015-04-08,0.0317,0.0,0.0,399.0,0.0317,0.0317,0.0317,10000111,2015-05-27,2015-05-27,P,2.55,2015-03-26
19383,2015-04-08 14:04:00,2015-04-08,0.0317,0.0,0.0,399.0,0.0317,0.0317,0.0317,10000111,2015-05-27,2015-05-27,P,2.55,2015-03-26
19384,2015-04-08 14:05:00,2015-04-08,0.0317,0.0,0.0,399.0,0.0317,0.0317,0.0317,10000111,2015-05-27,2015-05-27,P,2.55,2015-03-26
19385,2015-04-08 14:06:00,2015-04-08,0.0317,0.0,0.0,399.0,0.0317,0.0317,0.0317,10000111,2015-05-27,2015-05-27,P,2.55,2015-03-26
19386,2015-04-08 14:07:00,2015-04-08,0.0317,0.0,0.0,399.0,0.0317,0.0317,0.0317,10000111,2015-05-27,2015-05-27,P,2.55,2015-03-26
19387,2015-04-08 14:08:00,2015-04-08,0.0317,0.0,0.0,399.0,0.0317,0.0317,0.0317,10000111,2015-05-27,2015-05-27,P,2.55,2015-03-26
19388,2015-04-08 14:09:00,2015-04-08,0.0317,0.0,0.0,399.0,0.0317,0.0317,0.0317,10000111,2015-05-27,2015-05-27,P,2.55,2015-03-26
19389,2015-04-08 14:10:00,2015-04-08,0.0317,0.0,0.0,399.0,0.0317,0.0317,0.0317,10000111,2015-05-27,2015-05-27,P,2.55,2015-03-26
19390,2015-04-08 14:11:00,2015-04-08,0.0317,0.0,0.0,399.0,0.0317,0.0317,0.0317,10000111,2015-05-27,2015-05-27,P,2.55,2015-03-26
19391,2015-04-08 14:12:00,2015-04-08,0.0317,0.0,0.0,399.0,0.0317,0.0317,0.0317,10000111,2015-05-27,2015-05-27,P,2.55,2015-03-26
19392,2015-04-08 14:13:00,2015-04-08,0.0317,0.0,0.0,399.0,0.0317,0.0317,0.0317,10000111,2015-05-27,2015-05-27,P,2.55,2015-03-26
19393,2015-04-08 14:14:00,2015-04-08,0.0317,0.0,0.0,399.0,0.0317,0.0317,0.0317,10000111,2015-05-27,2015-05-27,P,2.55,2015-03-26
19394,2015-04-08 14:15:00,2015-04-08,0.0317,0.0,0.0,399.0,0.0317,0.0317,0.0317,10000111,2015-05-27,2015-05-27,P,2.55,2015-03-26
19395,2015-04-08 14:16:00,2015-04-08,0.0317,0.0,0.0,399.0,0.0317,0.0317,0.0317,10000111,2015-05-27,2015-05-27,P,2.55,2015-03-26
19396,2015-04-08 14:17:00,2015-04-08,0.0317,0.0,0.0,399.0,0.0317,0.0317,0.0317,10000111,2015-05-27,2015-05-27,P,2.55,2015-03-26
19397,2015-04-08 14:18:00,2015-04-08,0.0317,0.0,0.0,399.0,0.0317,0.0317,0.0317,10000111,2015-05-27,2015-05-27,P,2.55,2015-03-26
19398,2015-04-08 14:19:00,2015-04-08,0.0317,0.0,0.0,399.0,0.0317,0.0317,0.0317,10000111,2015-05-27,2015-05-27,P,2.55,2015-03-26
19399,2015-04-08 14:20:00,2015-04-08,0.0317,0.0,0.0,399.0,0.0317,0.0317,0.0317,10000111,2015-05-27,2015-05-27,P,2.55,2015-03-26
19400,2015-04-08 14:21:00,2015-04-08,0.0317,0.0,0.0,399.0,0.0317,0.0317,0.0317,10000111,2015-05-27,2015-05-27,P,2.55,2015-03-26
19401,2015-04-08 14:22:00,2015-04-08,0.0317,0.0,0.0,399.0,0.0317,0.0317,0.0317,10000111,2015-05-27,2015-05-27,P,2.55,2015-03-26
19402,2015-04-08 14:23:00,2015-04-08,0.0317,0.0,0.0,399.0,0.0317,0.0317,0.0317,10000111,2015-05-27,2015-05-27,P,2.55,2015-03-26
19403,2015-04-08 14:24:00,2015-04-08,0.0317,0.0,0.0,399.0,0.0317,0.0317,0.0317,10000111,2015-05-27,2015-05-27,P,2.55,2015-03-26
19404,2015-04-08 14:25:00,2015-04-08,0.0317,0.0,0.0,399.0,0.0317,0.0317,0.0317,10000111,2015-05-27,2015-05-27,P,2.55,2015-03-26
19405,2015-04-08 14:26:00,2015-04-08,0.0317,0.0,0.0,399.0,0.0317,0.0317,0.0317,10000111,2015-05-27,2015-05-27,P,2.55,2015-03-26
19406,2015-04-08 14:27:00,2015-04-08,0.0317,0.0,0.0,399.0,0.0317,0.0317,0.0317,10000111,2015-05-27,2015-05-27,P,2.55,2015-03-26
19407,2015-04-08 14:28:00,2015-04-08,0.0317,0.0,0.0,399.0,0.0317,0.0317,0.0317,10000111,2015-05-27,2015-05-27,P,2.55,2015-03-26
19408,2015-04-08 14:29:00,2015-04-08,0.0317,0.0,0.0,399.0,0.0317,0.0317,0.0317,10000111,2015-05-27,2015-05-27,P,2.55,2015-03-26
19409,2015-04-08 14:30:00,2015-04-08,0.0317,0.0,0.0,399.0,0.0317,0.0317,0.0317,10000111,2015-05-27,2015-05-27,P,2.55,2015-03-26
19410,2015-04-08 14:31:00,2015-04-08,0.0317,0.0,0.0,399.0,0.0317,0.0317,0.0317,10000111,2015-05-27,2015-05-27,P,2.55,2015-03-26
19411,2015-04-08 14:32:00,2015-04-08,0.0317,0.0,0.0,399.0,0.0317,0.0317,0.0317,10000111,2015-05-27,2015-05-27,P,2.55,2015-03-26
19412,2015-04-08 14:33:00,2015-04-08,0.0317,0.0,0.0,399.0,0.0317,0.0317,0.0317,10000111,2015-05-27,2015-05-27,P,2.55,2015-03-26
19413,2015-04-08 14:34:00,2015-04-08,0.0317,0.0,0.0,399.0,0.0317,0.0317,0.0317,10000111,2015-05-27,2015-05-27,P,2.55,2015-03-26
19414,2015-04-08 14:35:00,2015-04-08,0.0317,0.0,0.0,399.0,0.0317,0.0317,0.0317,10000111,2015-05-27,2015-05-27,P,2.55,2015-03-26
19415,2015-04-08 14:36:00,2015-04-08,0.0317,0.0,0.0,399.0,0.0317,0.0317,0.0317,10000111,2015-05-27,2015-05-27,P,2.55,2015-03-26
19416,2015-04-08 14:37:00,2015-04-08,0.0317,0.0,0.0,399.0,0.0317,0.0317,0.0317,10000111,2015-05-27,2015-05-27,P,2.55,2015-03-26
19417,2015-04-08 14:38:00,2015-04-08,0.0317,0.0,0.0,399.0,0.0317,0.0317,0.0317,10000111,2015-05-27,2015-05-27,P,2.55,2015-03-26
19418,2015-04-08 14:39:00,2015-04-08,0.0317,0.0,0.0,399.0,0.0317,0.0317,0.0317,10000111,2015-05-27,2015-05-27,P,2.55,2015-03-26
19419,2015-04-08 14:40:00,2015-04-08,0.0317,0.0,0.0,399.0,0.0317,0.0317,0.0317,10000111,2015-05-27,2015-05-27,P,2.55,2015-03-26
19420,2015-04-08 14:41:00,2015-04-08,0.0317,0.0,0.0,399.0,0.0317,0.0317,0.0317,10000111,2015-05-27,2015-05-27,P,2.55,2015-03-26
19421,2015-04-08 14:42:00,2015-04-08,0.0317,0.0,0.0,399.0,0.0317,0.0317,0.0317,10000111,2015-05-27,2015-05-27,P,2.55,2015-03-26
19422,2015-04-08 14:43:00,2015-04-08,0.0317,0.0,0.0,399.0,0.0317,0.0317,0.0317,10000111,2015-05-27,2015-05-27,P,2.55,2015-03-26
19423,2015-04-08 14:44:00,2015-04-08,0.0317,0.0,0.0,399.0,0.0317,0.0317,0.0317,10000111,2015-05-27,2015-05-27,P,2.55,2015-03-26
19424,2015-04-08 14:45:00,2015-04-08,0.0309,3090.0,10.0,409.0,0.0309,0.0309,0.0309,10000111,2015-05-27,2015-05-27,P,2.55,2015-03-26
19425,2015-04-08 14:46:00,2015-04-08,0.0309,0.0,0.0,409.0,0.0309,0.0309,0.0309,10000111,2015-05-27,2015-05-27,P,2.55,2015-03-26
19426,2015-04-08 14:47:00,2015-04-08,0.0309,0.0,0.0,409.0,0.0309,0.0309,0.0309,10000111,2015-05-27,2015-05-27,P,2.55,2015-03-26
19427,2015-04-08 14:48:00,2015-04-08,0.0309,0.0,0.0,409.0,0.0309,0.0309,0.0309,10000111,2015-05-27,2015-05-27,P,2.55,2015-03-26
19428,2015-04-08 14:49:00,2015-04-08,0.0309,0.0,0.0,409.0,0.0309,0.0309,0.0309,10000111,2015-05-27,2015-05-27,P,2.55,2015-03-26
19429,2015-04-08 14:50:00,2015-04-08,0.0309,0.0,0.0,409.0,0.0309,0.0309,0.0309,10000111,2015-05-27,2015-05-27,P,2.55,2015-03-26
19430,2015-04-08 14:51:00,2015-04-08,0.0309,0.0,0.0,409.0,0.0309,0.0309,0.0309,10000111,2015-05-27,2015-05-27,P,2.55,2015-03-26
19431,2015-04-08 14:52:00,2015-04-08,0.0309,0.0,0.0,409.0,0.0309,0.0309,0.0309,10000111,2015-05-27,2015-05-27,P,2.55,2015-03-26
19432,2015-04-08 14:53:00,2015-04-08,0.0309,0.0,0.0,409.0,0.0309,0.0309,0.0309,10000111,2015-05-27,2015-05-27,P,2.55,2015-03-26
19433,2015-04-08 14:54:00,2015-04-08,0.0309,0.0,0.0,409.0,0.0309,0.0309,0.0309,10000111,2015-05-27,2015-05-27,P,2.55,2015-03-26
19434,2015-04-08 14:55:00,2015-04-08,0.0309,0.0,0.0,409.0,0.0309,0.0309,0.0309,10000111,2015-05-27,2015-05-27,P,2.55,2015-03-26
19435,2015-04-08 14:56:00,2015-04-08,0.0309,0.0,0.0,409.0,0.0309,0.0309,0.0309,10000111,2015-05-27,2015-05-27,P,2.55,2015-03-26
19436,2015-04-08 14:57:00,2015-04-08,0.0309,0.0,0.0,409.0,0.0309,0.0309,0.0309,10000111,2015-05-27,2015-05-27,P,2.55,2015-03-26
19437,2015-04-08 14:58:00,2015-04-08,0.0309,0.0,0.0,409.0,0.0309,0.0309,0.0309,10000111,2015-05-27,2015-05-27,P,2.55,2015-03-26
19438,2015-04-08 14:59:00,2015-04-08,0.0309,0.0,0.0,409.0,0.0309,0.0309,0.0309,10000111,2015-05-27,2015-05-27,P,2.55,2015-03-26
19439,2015-04-08 15:00:00,2015-04-08,0.0309,0.0,0.0,409.0,0.0309,0.0309,0.0309,10000111,2015-05-27,2015-05-27,P,2.55,2015-03-26
19440,2015-04-08 09:31:00,2015-04-08,0.0273,6685.0,25.0,644.0,0.0273,0.0261,0.0261,10000110,2015-05-27,2015-05-27,P,2.5,2015-03-26
19441,2015-04-08 09:32:00,2015-04-08,0.0261,0.0,0.0,644.0,0.0261,0.0261,0.0261,10000110,2015-05-27,2015-05-27,P,2.5,2015-03-26
19442,2015-04-08 09:33:00,2015-04-08,0.0261,0.0,0.0,644.0,0.0261,0.0261,0.0261,10000110,2015-05-27,2015-05-27,P,2.5,2015-03-26
19443,2015-04-08 09:34:00,2015-04-08,0.0261,0.0,0.0,644.0,0.0261,0.0261,0.0261,10000110,2015-05-27,2015-05-27,P,2.5,2015-03-26
19444,2015-04-08 09:35:00,2015-04-08,0.0261,0.0,0.0,644.0,0.0261,0.0261,0.0261,10000110,2015-05-27,2015-05-27,P,2.5,2015-03-26
19445,2015-04-08 09:36:00,2015-04-08,0.0261,0.0,0.0,644.0,0.0261,0.0261,0.0261,10000110,2015-05-27,2015-05-27,P,2.5,2015-03-26
19446,2015-04-08 09:37:00,2015-04-08,0.0261,0.0,0.0,644.0,0.0261,0.0261,0.0261,10000110,2015-05-27,2015-05-27,P,2.5,2015-03-26
19447,2015-04-08 09:38:00,2015-04-08,0.0261,0.0,0.0,644.0,0.0261,0.0261,0.0261,10000110,2015-05-27,2015-05-27,P,2.5,2015-03-26
19448,2015-04-08 09:39:00,2015-04-08,0.0261,0.0,0.0,644.0,0.0261,0.0261,0.0261,10000110,2015-05-27,2015-05-27,P,2.5,2015-03-26
19449,2015-04-08 09:40:00,2015-04-08,0.0261,0.0,0.0,644.0,0.0261,0.0261,0.0261,10000110,2015-05-27,2015-05-27,P,2.5,2015-03-26
19450,2015-04-08 09:41:00,2015-04-08,0.0284,1420.0,5.0,649.0,0.0284,0.0284,0.0284,10000110,2015-05-27,2015-05-27,P,2.5,2015-03-26
19451,2015-04-08 09:42:00,2015-04-08,0.028,1400.0,5.0,654.0,0.028,0.028,0.028,10000110,2015-05-27,2015-05-27,P,2.5,2015-03-26
19452,2015-04-08 09:43:00,2015-04-08,0.028,0.0,0.0,654.0,0.028,0.028,0.028,10000110,2015-05-27,2015-05-27,P,2.5,2015-03-26
19453,2015-04-08 09:44:00,2015-04-08,0.028,0.0,0.0,654.0,0.028,0.028,0.028,10000110,2015-05-27,2015-05-27,P,2.5,2015-03-26
19454,2015-04-08 09:45:00,2015-04-08,0.028,0.0,0.0,654.0,0.028,0.028,0.028,10000110,2015-05-27,2015-05-27,P,2.5,2015-03-26
19455,2015-04-08 09:46:00,2015-04-08,0.028,0.0,0.0,654.0,0.028,0.028,0.028,10000110,2015-05-27,2015-05-27,P,2.5,2015-03-26
19456,2015-04-08 09:47:00,2015-04-08,0.028,0.0,0.0,654.0,0.028,0.028,0.028,10000110,2015-05-27,2015-05-27,P,2.5,2015-03-26
19457,2015-04-08 09:48:00,2015-04-08,0.028,0.0,0.0,654.0,0.028,0.028,0.028,10000110,2015-05-27,2015-05-27,P,2.5,2015-03-26
19458,2015-04-08 09:49:00,2015-04-08,0.028,0.0,0.0,654.0,0.028,0.028,0.028,10000110,2015-05-27,2015-05-27,P,2.5,2015-03-26
19459,2015-04-08 09:50:00,2015-04-08,0.028,0.0,0.0,654.0,0.028,0.028,0.028,10000110,2015-05-27,2015-05-27,P,2.5,2015-03-26
19460,2015-04-08 09:51:00,2015-04-08,0.028,0.0,0.0,654.0,0.028,0.028,0.028,10000110,2015-05-27,2015-05-27,P,2.5,2015-03-26
19461,2015-04-08 09:52:00,2015-04-08,0.028,0.0,0.0,654.0,0.028,0.028,0.028,10000110,2015-05-27,2015-05-27,P,2.5,2015-03-26
19462,2015-04-08 09:53:00,2015-04-08,0.0266,1064.0,4.0,654.0,0.0266,0.0266,0.0266,10000110,2015-05-27,2015-05-27,P,2.5,2015-03-26
19463,2015-04-08 09:54:00,2015-04-08,0.0261,1305.0,5.0,659.0,0.0261,0.0261,0.0261,10000110,2015-05-27,2015-05-27,P,2.5,2015-03-26
19464,2015-04-08 09:55:00,2015-04-08,0.026,2600.0,10.0,669.0,0.026,0.026,0.026,10000110,2015-05-27,2015-05-27,P,2.5,2015-03-26
19465,2015-04-08 09:56:00,2015-04-08,0.0255,2535.0,10.0,674.0,0.0255,0.0255,0.0252,10000110,2015-05-27,2015-05-27,P,2.5,2015-03-26
19466,2015-04-08 09:57:00,2015-04-08,0.0251,6255.0,25.0,699.0,0.0251,0.025,0.025,10000110,2015-05-27,2015-05-27,P,2.5,2015-03-26
19467,2015-04-08 09:58:00,2015-04-08,0.0244,2440.0,10.0,709.0,0.0244,0.0244,0.0244,10000110,2015-05-27,2015-05-27,P,2.5,2015-03-26
19468,2015-04-08 09:59:00,2015-04-08,0.0244,0.0,0.0,709.0,0.0244,0.0244,0.0244,10000110,2015-05-27,2015-05-27,P,2.5,2015-03-26
19469,2015-04-08 10:00:00,2015-04-08,0.0244,0.0,0.0,709.0,0.0244,0.0244,0.0244,10000110,2015-05-27,2015-05-27,P,2.5,2015-03-26
19470,2015-04-08 10:01:00,2015-04-08,0.0244,0.0,0.0,709.0,0.0244,0.0244,0.0244,10000110,2015-05-27,2015-05-27,P,2.5,2015-03-26
19471,2015-04-08 10:02:00,2015-04-08,0.0244,0.0,0.0,709.0,0.0244,0.0244,0.0244,10000110,2015-05-27,2015-05-27,P,2.5,2015-03-26
19472,2015-04-08 10:03:00,2015-04-08,0.0244,0.0,0.0,709.0,0.0244,0.0244,0.0244,10000110,2015-05-27,2015-05-27,P,2.5,2015-03-26
19473,2015-04-08 10:04:00,2015-04-08,0.0244,0.0,0.0,709.0,0.0244,0.0244,0.0244,10000110,2015-05-27,2015-05-27,P,2.5,2015-03-26
19474,2015-04-08 10:05:00,2015-04-08,0.0244,0.0,0.0,709.0,0.0244,0.0244,0.0244,10000110,2015-05-27,2015-05-27,P,2.5,2015-03-26
19475,2015-04-08 10:06:00,2015-04-08,0.0244,0.0,0.0,709.0,0.0244,0.0244,0.0244,10000110,2015-05-27,2015-05-27,P,2.5,2015-03-26
19476,2015-04-08 10:07:00,2015-04-08,0.0244,0.0,0.0,709.0,0.0244,0.0244,0.0244,10000110,2015-05-27,2015-05-27,P,2.5,2015-03-26
19477,2015-04-08 10:08:00,2015-04-08,0.0265,6875.0,26.0,708.0,0.0265,0.0265,0.0265,10000110,2015-05-27,2015-05-27,P,2.5,2015-03-26
19478,2015-04-08 10:09:00,2015-04-08,0.0265,0.0,0.0,708.0,0.0265,0.0265,0.0265,10000110,2015-05-27,2015-05-27,P,2.5,2015-03-26
19479,2015-04-08 10:10:00,2015-04-08,0.0265,0.0,0.0,708.0,0.0265,0.0265,0.0265,10000110,2015-05-27,2015-05-27,P,2.5,2015-03-26
19480,2015-04-08 10:11:00,2015-04-08,0.0265,0.0,0.0,708.0,0.0265,0.0265,0.0265,10000110,2015-05-27,2015-05-27,P,2.5,2015-03-26
19481,2015-04-08 10:12:00,2015-04-08,0.0265,0.0,0.0,708.0,0.0265,0.0265,0.0265,10000110,2015-05-27,2015-05-27,P,2.5,2015-03-26
19482,2015-04-08 10:13:00,2015-04-08,0.0275,275.0,1.0,709.0,0.0275,0.0275,0.0275,10000110,2015-05-27,2015-05-27,P,2.5,2015-03-26
19483,2015-04-08 10:14:00,2015-04-08,0.0275,0.0,0.0,709.0,0.0275,0.0275,0.0275,10000110,2015-05-27,2015-05-27,P,2.5,2015-03-26
19484,2015-04-08 10:15:00,2015-04-08,0.0275,0.0,0.0,709.0,0.0275,0.0275,0.0275,10000110,2015-05-27,2015-05-27,P,2.5,2015-03-26
19485,2015-04-08 10:16:00,2015-04-08,0.0275,0.0,0.0,709.0,0.0275,0.0275,0.0275,10000110,2015-05-27,2015-05-27,P,2.5,2015-03-26
19486,2015-04-08 10:17:00,2015-04-08,0.0271,271.0,1.0,709.0,0.0271,0.0271,0.0271,10000110,2015-05-27,2015-05-27,P,2.5,2015-03-26
19487,2015-04-08 10:18:00,2015-04-08,0.0271,0.0,0.0,709.0,0.0271,0.0271,0.0271,10000110,2015-05-27,2015-05-27,P,2.5,2015-03-26
19488,2015-04-08 10:19:00,2015-04-08,0.0271,0.0,0.0,709.0,0.0271,0.0271,0.0271,10000110,2015-05-27,2015-05-27,P,2.5,2015-03-26
19489,2015-04-08 10:20:00,2015-04-08,0.0271,0.0,0.0,709.0,0.0271,0.0271,0.0271,10000110,2015-05-27,2015-05-27,P,2.5,2015-03-26
19490,2015-04-08 10:21:00,2015-04-08,0.0281,1405.0,5.0,714.0,0.0281,0.0281,0.0281,10000110,2015-05-27,2015-05-27,P,2.5,2015-03-26
19491,2015-04-08 10:22:00,2015-04-08,0.0281,0.0,0.0,714.0,0.0281,0.0281,0.0281,10000110,2015-05-27,2015-05-27,P,2.5,2015-03-26
19492,2015-04-08 10:23:00,2015-04-08,0.0269,1342.0,5.0,715.0,0.0266,0.0269,0.0266,10000110,2015-05-27,2015-05-27,P,2.5,2015-03-26
19493,2015-04-08 10:24:00,2015-04-08,0.0269,0.0,0.0,715.0,0.0269,0.0269,0.0269,10000110,2015-05-27,2015-05-27,P,2.5,2015-03-26
19494,2015-04-08 10:25:00,2015-04-08,0.0269,0.0,0.0,715.0,0.0269,0.0269,0.0269,10000110,2015-05-27,2015-05-27,P,2.5,2015-03-26
19495,2015-04-08 10:26:00,2015-04-08,0.0269,0.0,0.0,715.0,0.0269,0.0269,0.0269,10000110,2015-05-27,2015-05-27,P,2.5,2015-03-26
19496,2015-04-08 10:27:00,2015-04-08,0.0284,1136.0,4.0,719.0,0.0284,0.0284,0.0284,10000110,2015-05-27,2015-05-27,P,2.5,2015-03-26
19497,2015-04-08 10:28:00,2015-04-08,0.0284,0.0,0.0,719.0,0.0284,0.0284,0.0284,10000110,2015-05-27,2015-05-27,P,2.5,2015-03-26
19498,2015-04-08 10:29:00,2015-04-08,0.0284,0.0,0.0,719.0,0.0284,0.0284,0.0284,10000110,2015-05-27,2015-05-27,P,2.5,2015-03-26
19499,2015-04-08 10:30:00,2015-04-08,0.0284,0.0,0.0,719.0,0.0284,0.0284,0.0284,10000110,2015-05-27,2015-05-27,P,2.5,2015-03-26
19500,2015-04-08 10:31:00,2015-04-08,0.0284,0.0,0.0,719.0,0.0284,0.0284,0.0284,10000110,2015-05-27,2015-05-27,P,2.5,2015-03-26
19501,2015-04-08 10:32:00,2015-04-08,0.0284,0.0,0.0,719.0,0.0284,0.0284,0.0284,10000110,2015-05-27,2015-05-27,P,2.5,2015-03-26
19502,2015-04-08 10:33:00,2015-04-08,0.0284,0.0,0.0,719.0,0.0284,0.0284,0.0284,10000110,2015-05-27,2015-05-27,P,2.5,2015-03-26
19503,2015-04-08 10:34:00,2015-04-08,0.0284,0.0,0.0,719.0,0.0284,0.0284,0.0284,10000110,2015-05-27,2015-05-27,P,2.5,2015-03-26
19504,2015-04-08 10:35:00,2015-04-08,0.0269,1076.0,4.0,723.0,0.0269,0.0269,0.0269,10000110,2015-05-27,2015-05-27,P,2.5,2015-03-26
19505,2015-04-08 10:36:00,2015-04-08,0.0258,2580.0,10.0,733.0,0.0258,0.0258,0.0258,10000110,2015-05-27,2015-05-27,P,2.5,2015-03-26
19506,2015-04-08 10:37:00,2015-04-08,0.0262,3930.0,15.0,748.0,0.0262,0.0262,0.0262,10000110,2015-05-27,2015-05-27,P,2.5,2015-03-26
19507,2015-04-08 10:38:00,2015-04-08,0.0247,988.0,4.0,748.0,0.0247,0.0247,0.0247,10000110,2015-05-27,2015-05-27,P,2.5,2015-03-26
19508,2015-04-08 10:39:00,2015-04-08,0.0247,0.0,0.0,748.0,0.0247,0.0247,0.0247,10000110,2015-05-27,2015-05-27,P,2.5,2015-03-26
19509,2015-04-08 10:40:00,2015-04-08,0.0255,1275.0,5.0,753.0,0.0255,0.0255,0.0255,10000110,2015-05-27,2015-05-27,P,2.5,2015-03-26
19510,2015-04-08 10:41:00,2015-04-08,0.0255,0.0,0.0,753.0,0.0255,0.0255,0.0255,10000110,2015-05-27,2015-05-27,P,2.5,2015-03-26
19511,2015-04-08 10:42:00,2015-04-08,0.0255,0.0,0.0,753.0,0.0255,0.0255,0.0255,10000110,2015-05-27,2015-05-27,P,2.5,2015-03-26
19512,2015-04-08 10:43:00,2015-04-08,0.0255,0.0,0.0,753.0,0.0255,0.0255,0.0255,10000110,2015-05-27,2015-05-27,P,2.5,2015-03-26
19513,2015-04-08 10:44:00,2015-04-08,0.0255,0.0,0.0,753.0,0.0255,0.0255,0.0255,10000110,2015-05-27,2015-05-27,P,2.5,2015-03-26
19514,2015-04-08 10:45:00,2015-04-08,0.0255,0.0,0.0,753.0,0.0255,0.0255,0.0255,10000110,2015-05-27,2015-05-27,P,2.5,2015-03-26
19515,2015-04-08 10:46:00,2015-04-08,0.0256,256.0,1.0,753.0,0.0256,0.0256,0.0256,10000110,2015-05-27,2015-05-27,P,2.5,2015-03-26
19516,2015-04-08 10:47:00,2015-04-08,0.0257,3805.0,15.0,758.0,0.0252,0.0257,0.0252,10000110,2015-05-27,2015-05-27,P,2.5,2015-03-26
19517,2015-04-08 10:48:00,2015-04-08,0.0257,0.0,0.0,758.0,0.0257,0.0257,0.0257,10000110,2015-05-27,2015-05-27,P,2.5,2015-03-26
19518,2015-04-08 10:49:00,2015-04-08,0.0257,0.0,0.0,758.0,0.0257,0.0257,0.0257,10000110,2015-05-27,2015-05-27,P,2.5,2015-03-26
19519,2015-04-08 10:50:00,2015-04-08,0.0257,0.0,0.0,758.0,0.0257,0.0257,0.0257,10000110,2015-05-27,2015-05-27,P,2.5,2015-03-26
19520,2015-04-08 10:51:00,2015-04-08,0.0257,0.0,0.0,758.0,0.0257,0.0257,0.0257,10000110,2015-05-27,2015-05-27,P,2.5,2015-03-26
19521,2015-04-08 10:52:00,2015-04-08,0.0257,0.0,0.0,758.0,0.0257,0.0257,0.0257,10000110,2015-05-27,2015-05-27,P,2.5,2015-03-26
19522,2015-04-08 10:53:00,2015-04-08,0.0257,0.0,0.0,758.0,0.0257,0.0257,0.0257,10000110,2015-05-27,2015-05-27,P,2.5,2015-03-26
19523,2015-04-08 10:54:00,2015-04-08,0.0283,283.0,1.0,758.0,0.0283,0.0283,0.0283,10000110,2015-05-27,2015-05-27,P,2.5,2015-03-26
19524,2015-04-08 10:55:00,2015-04-08,0.028,280.0,1.0,758.0,0.028,0.028,0.028,10000110,2015-05-27,2015-05-27,P,2.5,2015-03-26
19525,2015-04-08 10:56:00,2015-04-08,0.029,2900.0,10.0,768.0,0.029,0.029,0.029,10000110,2015-05-27,2015-05-27,P,2.5,2015-03-26
19526,2015-04-08 10:57:00,2015-04-08,0.0299,2990.0,10.0,778.0,0.0299,0.0299,0.0299,10000110,2015-05-27,2015-05-27,P,2.5,2015-03-26
19527,2015-04-08 10:58:00,2015-04-08,0.0299,0.0,0.0,778.0,0.0299,0.0299,0.0299,10000110,2015-05-27,2015-05-27,P,2.5,2015-03-26
19528,2015-04-08 10:59:00,2015-04-08,0.0303,3015.0,10.0,788.0,0.0303,0.0303,0.0303,10000110,2015-05-27,2015-05-27,P,2.5,2015-03-26
19529,2015-04-08 11:00:00,2015-04-08,0.0302,6020.0,20.0,808.0,0.03,0.0302,0.03,10000110,2015-05-27,2015-05-27,P,2.5,2015-03-26
19530,2015-04-08 11:01:00,2015-04-08,0.0302,17343.0,58.0,848.0,0.0302,0.0296,0.0296,10000110,2015-05-27,2015-05-27,P,2.5,2015-03-26
19531,2015-04-08 11:02:00,2015-04-08,0.0296,0.0,0.0,848.0,0.0296,0.0296,0.0296,10000110,2015-05-27,2015-05-27,P,2.5,2015-03-26
19532,2015-04-08 11:03:00,2015-04-08,0.0296,0.0,0.0,848.0,0.0296,0.0296,0.0296,10000110,2015-05-27,2015-05-27,P,2.5,2015-03-26
19533,2015-04-08 11:04:00,2015-04-08,0.0296,0.0,0.0,848.0,0.0296,0.0296,0.0296,10000110,2015-05-27,2015-05-27,P,2.5,2015-03-26
19534,2015-04-08 11:05:00,2015-04-08,0.0298,596.0,2.0,850.0,0.0298,0.0298,0.0298,10000110,2015-05-27,2015-05-27,P,2.5,2015-03-26
19535,2015-04-08 11:06:00,2015-04-08,0.0298,0.0,0.0,850.0,0.0298,0.0298,0.0298,10000110,2015-05-27,2015-05-27,P,2.5,2015-03-26
19536,2015-04-08 11:07:00,2015-04-08,0.0298,0.0,0.0,850.0,0.0298,0.0298,0.0298,10000110,2015-05-27,2015-05-27,P,2.5,2015-03-26
19537,2015-04-08 11:08:00,2015-04-08,0.0298,0.0,0.0,850.0,0.0298,0.0298,0.0298,10000110,2015-05-27,2015-05-27,P,2.5,2015-03-26
19538,2015-04-08 11:09:00,2015-04-08,0.0298,0.0,0.0,850.0,0.0298,0.0298,0.0298,10000110,2015-05-27,2015-05-27,P,2.5,2015-03-26
19539,2015-04-08 11:10:00,2015-04-08,0.0298,0.0,0.0,850.0,0.0298,0.0298,0.0298,10000110,2015-05-27,2015-05-27,P,2.5,2015-03-26
19540,2015-04-08 11:11:00,2015-04-08,0.0298,0.0,0.0,850.0,0.0298,0.0298,0.0298,10000110,2015-05-27,2015-05-27,P,2.5,2015-03-26
19541,2015-04-08 11:12:00,2015-04-08,0.0298,0.0,0.0,850.0,0.0298,0.0298,0.0298,10000110,2015-05-27,2015-05-27,P,2.5,2015-03-26
19542,2015-04-08 11:13:00,2015-04-08,0.03,300.0,1.0,851.0,0.03,0.03,0.03,10000110,2015-05-27,2015-05-27,P,2.5,2015-03-26
19543,2015-04-08 11:14:00,2015-04-08,0.03,0.0,0.0,851.0,0.03,0.03,0.03,10000110,2015-05-27,2015-05-27,P,2.5,2015-03-26
19544,2015-04-08 11:15:00,2015-04-08,0.03,0.0,0.0,851.0,0.03,0.03,0.03,10000110,2015-05-27,2015-05-27,P,2.5,2015-03-26
19545,2015-04-08 11:16:00,2015-04-08,0.03,0.0,0.0,851.0,0.03,0.03,0.03,10000110,2015-05-27,2015-05-27,P,2.5,2015-03-26
19546,2015-04-08 11:17:00,2015-04-08,0.03,0.0,0.0,851.0,0.03,0.03,0.03,10000110,2015-05-27,2015-05-27,P,2.5,2015-03-26
19547,2015-04-08 11:18:00,2015-04-08,0.03,0.0,0.0,851.0,0.03,0.03,0.03,10000110,2015-05-27,2015-05-27,P,2.5,2015-03-26
19548,2015-04-08 11:19:00,2015-04-08,0.03,0.0,0.0,851.0,0.03,0.03,0.03,10000110,2015-05-27,2015-05-27,P,2.5,2015-03-26
19549,2015-04-08 11:20:00,2015-04-08,0.03,0.0,0.0,851.0,0.03,0.03,0.03,10000110,2015-05-27,2015-05-27,P,2.5,2015-03-26
19550,2015-04-08 11:21:00,2015-04-08,0.03,0.0,0.0,851.0,0.03,0.03,0.03,10000110,2015-05-27,2015-05-27,P,2.5,2015-03-26
19551,2015-04-08 11:22:00,2015-04-08,0.03,0.0,0.0,851.0,0.03,0.03,0.03,10000110,2015-05-27,2015-05-27,P,2.5,2015-03-26
19552,2015-04-08 11:23:00,2015-04-08,0.03,0.0,0.0,851.0,0.03,0.03,0.03,10000110,2015-05-27,2015-05-27,P,2.5,2015-03-26
19553,2015-04-08 11:24:00,2015-04-08,0.03,0.0,0.0,851.0,0.03,0.03,0.03,10000110,2015-05-27,2015-05-27,P,2.5,2015-03-26
19554,2015-04-08 11:25:00,2015-04-08,0.03,0.0,0.0,851.0,0.03,0.03,0.03,10000110,2015-05-27,2015-05-27,P,2.5,2015-03-26
19555,2015-04-08 11:26:00,2015-04-08,0.03,0.0,0.0,851.0,0.03,0.03,0.03,10000110,2015-05-27,2015-05-27,P,2.5,2015-03-26
19556,2015-04-08 11:27:00,2015-04-08,0.03,0.0,0.0,851.0,0.03,0.03,0.03,10000110,2015-05-27,2015-05-27,P,2.5,2015-03-26
19557,2015-04-08 11:28:00,2015-04-08,0.03,0.0,0.0,851.0,0.03,0.03,0.03,10000110,2015-05-27,2015-05-27,P,2.5,2015-03-26
19558,2015-04-08 11:29:00,2015-04-08,0.03,0.0,0.0,851.0,0.03,0.03,0.03,10000110,2015-05-27,2015-05-27,P,2.5,2015-03-26
19559,2015-04-08 11:30:00,2015-04-08,0.03,0.0,0.0,851.0,0.03,0.03,0.03,10000110,2015-05-27,2015-05-27,P,2.5,2015-03-26
19560,2015-04-08 13:01:00,2015-04-08,0.026,2760.0,11.0,861.0,0.026,0.025,0.025,10000110,2015-05-27,2015-05-27,P,2.5,2015-03-26
19561,2015-04-08 13:02:00,2015-04-08,0.0245,1225.0,5.0,866.0,0.0245,0.0245,0.0245,10000110,2015-05-27,2015-05-27,P,2.5,2015-03-26
19562,2015-04-08 13:03:00,2015-04-08,0.0245,0.0,0.0,866.0,0.0245,0.0245,0.0245,10000110,2015-05-27,2015-05-27,P,2.5,2015-03-26
19563,2015-04-08 13:04:00,2015-04-08,0.0245,0.0,0.0,866.0,0.0245,0.0245,0.0245,10000110,2015-05-27,2015-05-27,P,2.5,2015-03-26
19564,2015-04-08 13:05:00,2015-04-08,0.024,1200.0,5.0,871.0,0.024,0.024,0.024,10000110,2015-05-27,2015-05-27,P,2.5,2015-03-26
19565,2015-04-08 13:06:00,2015-04-08,0.024,0.0,0.0,871.0,0.024,0.024,0.024,10000110,2015-05-27,2015-05-27,P,2.5,2015-03-26
19566,2015-04-08 13:07:00,2015-04-08,0.024,1200.0,5.0,876.0,0.024,0.024,0.024,10000110,2015-05-27,2015-05-27,P,2.5,2015-03-26
19567,2015-04-08 13:08:00,2015-04-08,0.024,0.0,0.0,876.0,0.024,0.024,0.024,10000110,2015-05-27,2015-05-27,P,2.5,2015-03-26
19568,2015-04-08 13:09:00,2015-04-08,0.024,0.0,0.0,876.0,0.024,0.024,0.024,10000110,2015-05-27,2015-05-27,P,2.5,2015-03-26
19569,2015-04-08 13:10:00,2015-04-08,0.024,0.0,0.0,876.0,0.024,0.024,0.024,10000110,2015-05-27,2015-05-27,P,2.5,2015-03-26
19570,2015-04-08 13:11:00,2015-04-08,0.024,0.0,0.0,876.0,0.024,0.024,0.024,10000110,2015-05-27,2015-05-27,P,2.5,2015-03-26
19571,2015-04-08 13:12:00,2015-04-08,0.024,0.0,0.0,876.0,0.024,0.024,0.024,10000110,2015-05-27,2015-05-27,P,2.5,2015-03-26
19572,2015-04-08 13:13:00,2015-04-08,0.0254,254.0,1.0,877.0,0.0254,0.0254,0.0254,10000110,2015-05-27,2015-05-27,P,2.5,2015-03-26
19573,2015-04-08 13:14:00,2015-04-08,0.0254,0.0,0.0,877.0,0.0254,0.0254,0.0254,10000110,2015-05-27,2015-05-27,P,2.5,2015-03-26
19574,2015-04-08 13:15:00,2015-04-08,0.0254,0.0,0.0,877.0,0.0254,0.0254,0.0254,10000110,2015-05-27,2015-05-27,P,2.5,2015-03-26
19575,2015-04-08 13:16:00,2015-04-08,0.0254,0.0,0.0,877.0,0.0254,0.0254,0.0254,10000110,2015-05-27,2015-05-27,P,2.5,2015-03-26
19576,2015-04-08 13:17:00,2015-04-08,0.0254,0.0,0.0,877.0,0.0254,0.0254,0.0254,10000110,2015-05-27,2015-05-27,P,2.5,2015-03-26
19577,2015-04-08 13:18:00,2015-04-08,0.023,1150.0,5.0,882.0,0.023,0.023,0.023,10000110,2015-05-27,2015-05-27,P,2.5,2015-03-26
19578,2015-04-08 13:19:00,2015-04-08,0.023,1150.0,5.0,886.0,0.023,0.023,0.023,10000110,2015-05-27,2015-05-27,P,2.5,2015-03-26
19579,2015-04-08 13:20:00,2015-04-08,0.023,0.0,0.0,886.0,0.023,0.023,0.023,10000110,2015-05-27,2015-05-27,P,2.5,2015-03-26
19580,2015-04-08 13:21:00,2015-04-08,0.023,0.0,0.0,886.0,0.023,0.023,0.023,10000110,2015-05-27,2015-05-27,P,2.5,2015-03-26
19581,2015-04-08 13:22:00,2015-04-08,0.023,0.0,0.0,886.0,0.023,0.023,0.023,10000110,2015-05-27,2015-05-27,P,2.5,2015-03-26
19582,2015-04-08 13:23:00,2015-04-08,0.023,0.0,0.0,886.0,0.023,0.023,0.023,10000110,2015-05-27,2015-05-27,P,2.5,2015-03-26
19583,2015-04-08 13:24:00,2015-04-08,0.023,0.0,0.0,886.0,0.023,0.023,0.023,10000110,2015-05-27,2015-05-27,P,2.5,2015-03-26
19584,2015-04-08 13:25:00,2015-04-08,0.023,0.0,0.0,886.0,0.023,0.023,0.023,10000110,2015-05-27,2015-05-27,P,2.5,2015-03-26
19585,2015-04-08 13:26:00,2015-04-08,0.023,0.0,0.0,886.0,0.023,0.023,0.023,10000110,2015-05-27,2015-05-27,P,2.5,2015-03-26
19586,2015-04-08 13:27:00,2015-04-08,0.023,0.0,0.0,886.0,0.023,0.023,0.023,10000110,2015-05-27,2015-05-27,P,2.5,2015-03-26
19587,2015-04-08 13:28:00,2015-04-08,0.023,0.0,0.0,886.0,0.023,0.023,0.023,10000110,2015-05-27,2015-05-27,P,2.5,2015-03-26
19588,2015-04-08 13:29:00,2015-04-08,0.023,0.0,0.0,886.0,0.023,0.023,0.023,10000110,2015-05-27,2015-05-27,P,2.5,2015-03-26
19589,2015-04-08 13:30:00,2015-04-08,0.023,0.0,0.0,886.0,0.023,0.023,0.023,10000110,2015-05-27,2015-05-27,P,2.5,2015-03-26
19590,2015-04-08 13:31:00,2015-04-08,0.0216,1725.0,8.0,894.0,0.0216,0.0215,0.0215,10000110,2015-05-27,2015-05-27,P,2.5,2015-03-26
19591,2015-04-08 13:32:00,2015-04-08,0.0215,0.0,0.0,894.0,0.0215,0.0215,0.0215,10000110,2015-05-27,2015-05-27,P,2.5,2015-03-26
19592,2015-04-08 13:33:00,2015-04-08,0.0215,0.0,0.0,894.0,0.0215,0.0215,0.0215,10000110,2015-05-27,2015-05-27,P,2.5,2015-03-26
19593,2015-04-08 13:34:00,2015-04-08,0.0215,0.0,0.0,894.0,0.0215,0.0215,0.0215,10000110,2015-05-27,2015-05-27,P,2.5,2015-03-26
19594,2015-04-08 13:35:00,2015-04-08,0.0221,4390.0,20.0,904.0,0.0221,0.0217,0.0217,10000110,2015-05-27,2015-05-27,P,2.5,2015-03-26
19595,2015-04-08 13:36:00,2015-04-08,0.0219,2185.0,10.0,904.0,0.0218,0.0219,0.0218,10000110,2015-05-27,2015-05-27,P,2.5,2015-03-26
19596,2015-04-08 13:37:00,2015-04-08,0.0219,0.0,0.0,904.0,0.0219,0.0219,0.0219,10000110,2015-05-27,2015-05-27,P,2.5,2015-03-26
19597,2015-04-08 13:38:00,2015-04-08,0.0227,1135.0,5.0,904.0,0.0227,0.0227,0.0227,10000110,2015-05-27,2015-05-27,P,2.5,2015-03-26
19598,2015-04-08 13:39:00,2015-04-08,0.0227,0.0,0.0,904.0,0.0227,0.0227,0.0227,10000110,2015-05-27,2015-05-27,P,2.5,2015-03-26
19599,2015-04-08 13:40:00,2015-04-08,0.0227,0.0,0.0,904.0,0.0227,0.0227,0.0227,10000110,2015-05-27,2015-05-27,P,2.5,2015-03-26
19600,2015-04-08 13:41:00,2015-04-08,0.0227,0.0,0.0,904.0,0.0227,0.0227,0.0227,10000110,2015-05-27,2015-05-27,P,2.5,2015-03-26
19601,2015-04-08 13:42:00,2015-04-08,0.0227,0.0,0.0,904.0,0.0227,0.0227,0.0227,10000110,2015-05-27,2015-05-27,P,2.5,2015-03-26
19602,2015-04-08 13:43:00,2015-04-08,0.0227,0.0,0.0,904.0,0.0227,0.0227,0.0227,10000110,2015-05-27,2015-05-27,P,2.5,2015-03-26
19603,2015-04-08 13:44:00,2015-04-08,0.0227,0.0,0.0,904.0,0.0227,0.0227,0.0227,10000110,2015-05-27,2015-05-27,P,2.5,2015-03-26
19604,2015-04-08 13:45:00,2015-04-08,0.0227,0.0,0.0,904.0,0.0227,0.0227,0.0227,10000110,2015-05-27,2015-05-27,P,2.5,2015-03-26
19605,2015-04-08 13:46:00,2015-04-08,0.0227,0.0,0.0,904.0,0.0227,0.0227,0.0227,10000110,2015-05-27,2015-05-27,P,2.5,2015-03-26
19606,2015-04-08 13:47:00,2015-04-08,0.0227,0.0,0.0,904.0,0.0227,0.0227,0.0227,10000110,2015-05-27,2015-05-27,P,2.5,2015-03-26
19607,2015-04-08 13:48:00,2015-04-08,0.0227,0.0,0.0,904.0,0.0227,0.0227,0.0227,10000110,2015-05-27,2015-05-27,P,2.5,2015-03-26
19608,2015-04-08 13:49:00,2015-04-08,0.0227,0.0,0.0,904.0,0.0227,0.0227,0.0227,10000110,2015-05-27,2015-05-27,P,2.5,2015-03-26
19609,2015-04-08 13:50:00,2015-04-08,0.0227,0.0,0.0,904.0,0.0227,0.0227,0.0227,10000110,2015-05-27,2015-05-27,P,2.5,2015-03-26
19610,2015-04-08 13:51:00,2015-04-08,0.0227,0.0,0.0,904.0,0.0227,0.0227,0.0227,10000110,2015-05-27,2015-05-27,P,2.5,2015-03-26
19611,2015-04-08 13:52:00,2015-04-08,0.0227,0.0,0.0,904.0,0.0227,0.0227,0.0227,10000110,2015-05-27,2015-05-27,P,2.5,2015-03-26
19612,2015-04-08 13:53:00,2015-04-08,0.0227,0.0,0.0,904.0,0.0227,0.0227,0.0227,10000110,2015-05-27,2015-05-27,P,2.5,2015-03-26
19613,2015-04-08 13:54:00,2015-04-08,0.0227,0.0,0.0,904.0,0.0227,0.0227,0.0227,10000110,2015-05-27,2015-05-27,P,2.5,2015-03-26
19614,2015-04-08 13:55:00,2015-04-08,0.0227,0.0,0.0,904.0,0.0227,0.0227,0.0227,10000110,2015-05-27,2015-05-27,P,2.5,2015-03-26
19615,2015-04-08 13:56:00,2015-04-08,0.0227,0.0,0.0,904.0,0.0227,0.0227,0.0227,10000110,2015-05-27,2015-05-27,P,2.5,2015-03-26
19616,2015-04-08 13:57:00,2015-04-08,0.0227,0.0,0.0,904.0,0.0227,0.0227,0.0227,10000110,2015-05-27,2015-05-27,P,2.5,2015-03-26
19617,2015-04-08 13:58:00,2015-04-08,0.0227,0.0,0.0,904.0,0.0227,0.0227,0.0227,10000110,2015-05-27,2015-05-27,P,2.5,2015-03-26
19618,2015-04-08 13:59:00,2015-04-08,0.0227,0.0,0.0,904.0,0.0227,0.0227,0.0227,10000110,2015-05-27,2015-05-27,P,2.5,2015-03-26
19619,2015-04-08 14:00:00,2015-04-08,0.0227,0.0,0.0,904.0,0.0227,0.0227,0.0227,10000110,2015-05-27,2015-05-27,P,2.5,2015-03-26
19620,2015-04-08 14:01:00,2015-04-08,0.0227,0.0,0.0,904.0,0.0227,0.0227,0.0227,10000110,2015-05-27,2015-05-27,P,2.5,2015-03-26
19621,2015-04-08 14:02:00,2015-04-08,0.0227,0.0,0.0,904.0,0.0227,0.0227,0.0227,10000110,2015-05-27,2015-05-27,P,2.5,2015-03-26
19622,2015-04-08 14:03:00,2015-04-08,0.0227,0.0,0.0,904.0,0.0227,0.0227,0.0227,10000110,2015-05-27,2015-05-27,P,2.5,2015-03-26
19623,2015-04-08 14:04:00,2015-04-08,0.0227,0.0,0.0,904.0,0.0227,0.0227,0.0227,10000110,2015-05-27,2015-05-27,P,2.5,2015-03-26
19624,2015-04-08 14:05:00,2015-04-08,0.0227,0.0,0.0,904.0,0.0227,0.0227,0.0227,10000110,2015-05-27,2015-05-27,P,2.5,2015-03-26
19625,2015-04-08 14:06:00,2015-04-08,0.0227,0.0,0.0,904.0,0.0227,0.0227,0.0227,10000110,2015-05-27,2015-05-27,P,2.5,2015-03-26
19626,2015-04-08 14:07:00,2015-04-08,0.0227,0.0,0.0,904.0,0.0227,0.0227,0.0227,10000110,2015-05-27,2015-05-27,P,2.5,2015-03-26
19627,2015-04-08 14:08:00,2015-04-08,0.0227,0.0,0.0,904.0,0.0227,0.0227,0.0227,10000110,2015-05-27,2015-05-27,P,2.5,2015-03-26
19628,2015-04-08 14:09:00,2015-04-08,0.0227,0.0,0.0,904.0,0.0227,0.0227,0.0227,10000110,2015-05-27,2015-05-27,P,2.5,2015-03-26
19629,2015-04-08 14:10:00,2015-04-08,0.0227,0.0,0.0,904.0,0.0227,0.0227,0.0227,10000110,2015-05-27,2015-05-27,P,2.5,2015-03-26
19630,2015-04-08 14:11:00,2015-04-08,0.0227,0.0,0.0,904.0,0.0227,0.0227,0.0227,10000110,2015-05-27,2015-05-27,P,2.5,2015-03-26
19631,2015-04-08 14:12:00,2015-04-08,0.0227,0.0,0.0,904.0,0.0227,0.0227,0.0227,10000110,2015-05-27,2015-05-27,P,2.5,2015-03-26
19632,2015-04-08 14:13:00,2015-04-08,0.0227,0.0,0.0,904.0,0.0227,0.0227,0.0227,10000110,2015-05-27,2015-05-27,P,2.5,2015-03-26
19633,2015-04-08 14:14:00,2015-04-08,0.0234,2320.0,10.0,914.0,0.023,0.0234,0.023,10000110,2015-05-27,2015-05-27,P,2.5,2015-03-26
19634,2015-04-08 14:15:00,2015-04-08,0.0234,1170.0,5.0,919.0,0.0234,0.0234,0.0234,10000110,2015-05-27,2015-05-27,P,2.5,2015-03-26
19635,2015-04-08 14:16:00,2015-04-08,0.0234,0.0,0.0,919.0,0.0234,0.0234,0.0234,10000110,2015-05-27,2015-05-27,P,2.5,2015-03-26
19636,2015-04-08 14:17:00,2015-04-08,0.0234,0.0,0.0,919.0,0.0234,0.0234,0.0234,10000110,2015-05-27,2015-05-27,P,2.5,2015-03-26
19637,2015-04-08 14:18:00,2015-04-08,0.0234,0.0,0.0,919.0,0.0234,0.0234,0.0234,10000110,2015-05-27,2015-05-27,P,2.5,2015-03-26
19638,2015-04-08 14:19:00,2015-04-08,0.0234,0.0,0.0,919.0,0.0234,0.0234,0.0234,10000110,2015-05-27,2015-05-27,P,2.5,2015-03-26
19639,2015-04-08 14:20:00,2015-04-08,0.0234,0.0,0.0,919.0,0.0234,0.0234,0.0234,10000110,2015-05-27,2015-05-27,P,2.5,2015-03-26
19640,2015-04-08 14:21:00,2015-04-08,0.0234,0.0,0.0,919.0,0.0234,0.0234,0.0234,10000110,2015-05-27,2015-05-27,P,2.5,2015-03-26
19641,2015-04-08 14:22:00,2015-04-08,0.0234,0.0,0.0,919.0,0.0234,0.0234,0.0234,10000110,2015-05-27,2015-05-27,P,2.5,2015-03-26
19642,2015-04-08 14:23:00,2015-04-08,0.0234,0.0,0.0,919.0,0.0234,0.0234,0.0234,10000110,2015-05-27,2015-05-27,P,2.5,2015-03-26
19643,2015-04-08 14:24:00,2015-04-08,0.0234,0.0,0.0,919.0,0.0234,0.0234,0.0234,10000110,2015-05-27,2015-05-27,P,2.5,2015-03-26
19644,2015-04-08 14:25:00,2015-04-08,0.0234,0.0,0.0,919.0,0.0234,0.0234,0.0234,10000110,2015-05-27,2015-05-27,P,2.5,2015-03-26
19645,2015-04-08 14:26:00,2015-04-08,0.0234,0.0,0.0,919.0,0.0234,0.0234,0.0234,10000110,2015-05-27,2015-05-27,P,2.5,2015-03-26
19646,2015-04-08 14:27:00,2015-04-08,0.0234,0.0,0.0,919.0,0.0234,0.0234,0.0234,10000110,2015-05-27,2015-05-27,P,2.5,2015-03-26
19647,2015-04-08 14:28:00,2015-04-08,0.0234,0.0,0.0,919.0,0.0234,0.0234,0.0234,10000110,2015-05-27,2015-05-27,P,2.5,2015-03-26
19648,2015-04-08 14:29:00,2015-04-08,0.0257,2570.0,10.0,919.0,0.0257,0.0257,0.0257,10000110,2015-05-27,2015-05-27,P,2.5,2015-03-26
19649,2015-04-08 14:30:00,2015-04-08,0.0255,5090.0,20.0,919.0,0.0255,0.0254,0.0254,10000110,2015-05-27,2015-05-27,P,2.5,2015-03-26
19650,2015-04-08 14:31:00,2015-04-08,0.0252,2520.0,10.0,919.0,0.0252,0.0252,0.0252,10000110,2015-05-27,2015-05-27,P,2.5,2015-03-26
19651,2015-04-08 14:32:00,2015-04-08,0.0252,0.0,0.0,919.0,0.0252,0.0252,0.0252,10000110,2015-05-27,2015-05-27,P,2.5,2015-03-26
19652,2015-04-08 14:33:00,2015-04-08,0.0252,0.0,0.0,919.0,0.0252,0.0252,0.0252,10000110,2015-05-27,2015-05-27,P,2.5,2015-03-26
19653,2015-04-08 14:34:00,2015-04-08,0.0252,0.0,0.0,919.0,0.0252,0.0252,0.0252,10000110,2015-05-27,2015-05-27,P,2.5,2015-03-26
19654,2015-04-08 14:35:00,2015-04-08,0.0252,0.0,0.0,919.0,0.0252,0.0252,0.0252,10000110,2015-05-27,2015-05-27,P,2.5,2015-03-26
19655,2015-04-08 14:36:00,2015-04-08,0.0252,0.0,0.0,919.0,0.0252,0.0252,0.0252,10000110,2015-05-27,2015-05-27,P,2.5,2015-03-26
19656,2015-04-08 14:37:00,2015-04-08,0.0252,0.0,0.0,919.0,0.0252,0.0252,0.0252,10000110,2015-05-27,2015-05-27,P,2.5,2015-03-26
19657,2015-04-08 14:38:00,2015-04-08,0.0252,0.0,0.0,919.0,0.0252,0.0252,0.0252,10000110,2015-05-27,2015-05-27,P,2.5,2015-03-26
19658,2015-04-08 14:39:00,2015-04-08,0.0252,0.0,0.0,919.0,0.0252,0.0252,0.0252,10000110,2015-05-27,2015-05-27,P,2.5,2015-03-26
19659,2015-04-08 14:40:00,2015-04-08,0.0252,0.0,0.0,919.0,0.0252,0.0252,0.0252,10000110,2015-05-27,2015-05-27,P,2.5,2015-03-26
19660,2015-04-08 14:41:00,2015-04-08,0.0252,0.0,0.0,919.0,0.0252,0.0252,0.0252,10000110,2015-05-27,2015-05-27,P,2.5,2015-03-26
19661,2015-04-08 14:42:00,2015-04-08,0.0252,0.0,0.0,919.0,0.0252,0.0252,0.0252,10000110,2015-05-27,2015-05-27,P,2.5,2015-03-26
19662,2015-04-08 14:43:00,2015-04-08,0.0252,0.0,0.0,919.0,0.0252,0.0252,0.0252,10000110,2015-05-27,2015-05-27,P,2.5,2015-03-26
19663,2015-04-08 14:44:00,2015-04-08,0.0252,0.0,0.0,919.0,0.0252,0.0252,0.0252,10000110,2015-05-27,2015-05-27,P,2.5,2015-03-26
19664,2015-04-08 14:45:00,2015-04-08,0.0233,2330.0,10.0,929.0,0.0233,0.0233,0.0233,10000110,2015-05-27,2015-05-27,P,2.5,2015-03-26
19665,2015-04-08 14:46:00,2015-04-08,0.0233,0.0,0.0,929.0,0.0233,0.0233,0.0233,10000110,2015-05-27,2015-05-27,P,2.5,2015-03-26
19666,2015-04-08 14:47:00,2015-04-08,0.0233,0.0,0.0,929.0,0.0233,0.0233,0.0233,10000110,2015-05-27,2015-05-27,P,2.5,2015-03-26
19667,2015-04-08 14:48:00,2015-04-08,0.0233,0.0,0.0,929.0,0.0233,0.0233,0.0233,10000110,2015-05-27,2015-05-27,P,2.5,2015-03-26
19668,2015-04-08 14:49:00,2015-04-08,0.0233,0.0,0.0,929.0,0.0233,0.0233,0.0233,10000110,2015-05-27,2015-05-27,P,2.5,2015-03-26
19669,2015-04-08 14:50:00,2015-04-08,0.0233,0.0,0.0,929.0,0.0233,0.0233,0.0233,10000110,2015-05-27,2015-05-27,P,2.5,2015-03-26
19670,2015-04-08 14:51:00,2015-04-08,0.0233,0.0,0.0,929.0,0.0233,0.0233,0.0233,10000110,2015-05-27,2015-05-27,P,2.5,2015-03-26
19671,2015-04-08 14:52:00,2015-04-08,0.0233,0.0,0.0,929.0,0.0233,0.0233,0.0233,10000110,2015-05-27,2015-05-27,P,2.5,2015-03-26
19672,2015-04-08 14:53:00,2015-04-08,0.0233,0.0,0.0,929.0,0.0233,0.0233,0.0233,10000110,2015-05-27,2015-05-27,P,2.5,2015-03-26
19673,2015-04-08 14:54:00,2015-04-08,0.0233,0.0,0.0,929.0,0.0233,0.0233,0.0233,10000110,2015-05-27,2015-05-27,P,2.5,2015-03-26
19674,2015-04-08 14:55:00,2015-04-08,0.0233,0.0,0.0,929.0,0.0233,0.0233,0.0233,10000110,2015-05-27,2015-05-27,P,2.5,2015-03-26
19675,2015-04-08 14:56:00,2015-04-08,0.0233,0.0,0.0,929.0,0.0233,0.0233,0.0233,10000110,2015-05-27,2015-05-27,P,2.5,2015-03-26
19676,2015-04-08 14:57:00,2015-04-08,0.0233,0.0,0.0,929.0,0.0233,0.0233,0.0233,10000110,2015-05-27,2015-05-27,P,2.5,2015-03-26
19677,2015-04-08 14:58:00,2015-04-08,0.0233,0.0,0.0,929.0,0.0233,0.0233,0.0233,10000110,2015-05-27,2015-05-27,P,2.5,2015-03-26
19678,2015-04-08 14:59:00,2015-04-08,0.0233,0.0,0.0,929.0,0.0233,0.0233,0.0233,10000110,2015-05-27,2015-05-27,P,2.5,2015-03-26
19679,2015-04-08 15:00:00,2015-04-08,0.0239,239.0,1.0,898.0,0.0239,0.0239,0.0239,10000110,2015-05-27,2015-05-27,P,2.5,2015-03-26
19680,2015-04-08 09:31:00,2015-04-08,0.0003,15.0,5.0,1205.0,0.0003,0.0003,0.0003,10000017,2015-04-22,2015-04-22,P,2.25,2015-02-09
19681,2015-04-08 09:32:00,2015-04-08,0.0003,0.0,0.0,1205.0,0.0003,0.0003,0.0003,10000017,2015-04-22,2015-04-22,P,2.25,2015-02-09
19682,2015-04-08 09:33:00,2015-04-08,0.0003,0.0,0.0,1205.0,0.0003,0.0003,0.0003,10000017,2015-04-22,2015-04-22,P,2.25,2015-02-09
19683,2015-04-08 09:34:00,2015-04-08,0.0003,0.0,0.0,1205.0,0.0003,0.0003,0.0003,10000017,2015-04-22,2015-04-22,P,2.25,2015-02-09
19684,2015-04-08 09:35:00,2015-04-08,0.0003,0.0,0.0,1205.0,0.0003,0.0003,0.0003,10000017,2015-04-22,2015-04-22,P,2.25,2015-02-09
19685,2015-04-08 09:36:00,2015-04-08,0.0003,0.0,0.0,1205.0,0.0003,0.0003,0.0003,10000017,2015-04-22,2015-04-22,P,2.25,2015-02-09
19686,2015-04-08 09:37:00,2015-04-08,0.0003,0.0,0.0,1205.0,0.0003,0.0003,0.0003,10000017,2015-04-22,2015-04-22,P,2.25,2015-02-09
19687,2015-04-08 09:38:00,2015-04-08,0.0003,0.0,0.0,1205.0,0.0003,0.0003,0.0003,10000017,2015-04-22,2015-04-22,P,2.25,2015-02-09
19688,2015-04-08 09:39:00,2015-04-08,0.0003,0.0,0.0,1205.0,0.0003,0.0003,0.0003,10000017,2015-04-22,2015-04-22,P,2.25,2015-02-09
19689,2015-04-08 09:40:00,2015-04-08,0.0003,0.0,0.0,1205.0,0.0003,0.0003,0.0003,10000017,2015-04-22,2015-04-22,P,2.25,2015-02-09
19690,2015-04-08 09:41:00,2015-04-08,0.0003,0.0,0.0,1205.0,0.0003,0.0003,0.0003,10000017,2015-04-22,2015-04-22,P,2.25,2015-02-09
19691,2015-04-08 09:42:00,2015-04-08,0.0003,0.0,0.0,1205.0,0.0003,0.0003,0.0003,10000017,2015-04-22,2015-04-22,P,2.25,2015-02-09
19692,2015-04-08 09:43:00,2015-04-08,0.0003,0.0,0.0,1205.0,0.0003,0.0003,0.0003,10000017,2015-04-22,2015-04-22,P,2.25,2015-02-09
19693,2015-04-08 09:44:00,2015-04-08,0.0003,0.0,0.0,1205.0,0.0003,0.0003,0.0003,10000017,2015-04-22,2015-04-22,P,2.25,2015-02-09
19694,2015-04-08 09:45:00,2015-04-08,0.0003,0.0,0.0,1205.0,0.0003,0.0003,0.0003,10000017,2015-04-22,2015-04-22,P,2.25,2015-02-09
19695,2015-04-08 09:46:00,2015-04-08,0.0001,3.0,3.0,1204.0,0.0001,0.0001,0.0001,10000017,2015-04-22,2015-04-22,P,2.25,2015-02-09
19696,2015-04-08 09:47:00,2015-04-08,0.0001,6.0,6.0,1198.0,0.0001,0.0001,0.0001,10000017,2015-04-22,2015-04-22,P,2.25,2015-02-09
19697,2015-04-08 09:48:00,2015-04-08,0.0001,0.0,0.0,1198.0,0.0001,0.0001,0.0001,10000017,2015-04-22,2015-04-22,P,2.25,2015-02-09
19698,2015-04-08 09:49:00,2015-04-08,0.0001,0.0,0.0,1198.0,0.0001,0.0001,0.0001,10000017,2015-04-22,2015-04-22,P,2.25,2015-02-09
19699,2015-04-08 09:50:00,2015-04-08,0.0001,0.0,0.0,1198.0,0.0001,0.0001,0.0001,10000017,2015-04-22,2015-04-22,P,2.25,2015-02-09
19700,2015-04-08 09:51:00,2015-04-08,0.0001,0.0,0.0,1198.0,0.0001,0.0001,0.0001,10000017,2015-04-22,2015-04-22,P,2.25,2015-02-09
19701,2015-04-08 09:52:00,2015-04-08,0.0001,0.0,0.0,1198.0,0.0001,0.0001,0.0001,10000017,2015-04-22,2015-04-22,P,2.25,2015-02-09
19702,2015-04-08 09:53:00,2015-04-08,0.0001,0.0,0.0,1198.0,0.0001,0.0001,0.0001,10000017,2015-04-22,2015-04-22,P,2.25,2015-02-09
19703,2015-04-08 09:54:00,2015-04-08,0.0001,0.0,0.0,1198.0,0.0001,0.0001,0.0001,10000017,2015-04-22,2015-04-22,P,2.25,2015-02-09
19704,2015-04-08 09:55:00,2015-04-08,0.0001,1.0,1.0,1198.0,0.0001,0.0001,0.0001,10000017,2015-04-22,2015-04-22,P,2.25,2015-02-09
19705,2015-04-08 09:56:00,2015-04-08,0.0003,12.0,4.0,1202.0,0.0003,0.0003,0.0003,10000017,2015-04-22,2015-04-22,P,2.25,2015-02-09
19706,2015-04-08 09:57:00,2015-04-08,0.0003,0.0,0.0,1202.0,0.0003,0.0003,0.0003,10000017,2015-04-22,2015-04-22,P,2.25,2015-02-09
19707,2015-04-08 09:58:00,2015-04-08,0.0003,0.0,0.0,1202.0,0.0003,0.0003,0.0003,10000017,2015-04-22,2015-04-22,P,2.25,2015-02-09
19708,2015-04-08 09:59:00,2015-04-08,0.0003,0.0,0.0,1202.0,0.0003,0.0003,0.0003,10000017,2015-04-22,2015-04-22,P,2.25,2015-02-09
19709,2015-04-08 10:00:00,2015-04-08,0.0003,0.0,0.0,1202.0,0.0003,0.0003,0.0003,10000017,2015-04-22,2015-04-22,P,2.25,2015-02-09
19710,2015-04-08 10:01:00,2015-04-08,0.0003,0.0,0.0,1202.0,0.0003,0.0003,0.0003,10000017,2015-04-22,2015-04-22,P,2.25,2015-02-09
19711,2015-04-08 10:02:00,2015-04-08,0.0003,0.0,0.0,1202.0,0.0003,0.0003,0.0003,10000017,2015-04-22,2015-04-22,P,2.25,2015-02-09
19712,2015-04-08 10:03:00,2015-04-08,0.0003,0.0,0.0,1202.0,0.0003,0.0003,0.0003,10000017,2015-04-22,2015-04-22,P,2.25,2015-02-09
19713,2015-04-08 10:04:00,2015-04-08,0.0003,3.0,1.0,1203.0,0.0003,0.0003,0.0003,10000017,2015-04-22,2015-04-22,P,2.25,2015-02-09
19714,2015-04-08 10:05:00,2015-04-08,0.0003,0.0,0.0,1203.0,0.0003,0.0003,0.0003,10000017,2015-04-22,2015-04-22,P,2.25,2015-02-09
19715,2015-04-08 10:06:00,2015-04-08,0.0003,0.0,0.0,1203.0,0.0003,0.0003,0.0003,10000017,2015-04-22,2015-04-22,P,2.25,2015-02-09
19716,2015-04-08 10:07:00,2015-04-08,0.0003,0.0,0.0,1203.0,0.0003,0.0003,0.0003,10000017,2015-04-22,2015-04-22,P,2.25,2015-02-09
19717,2015-04-08 10:08:00,2015-04-08,0.0003,0.0,0.0,1203.0,0.0003,0.0003,0.0003,10000017,2015-04-22,2015-04-22,P,2.25,2015-02-09
19718,2015-04-08 10:09:00,2015-04-08,0.0003,0.0,0.0,1203.0,0.0003,0.0003,0.0003,10000017,2015-04-22,2015-04-22,P,2.25,2015-02-09
19719,2015-04-08 10:10:00,2015-04-08,0.0003,0.0,0.0,1203.0,0.0003,0.0003,0.0003,10000017,2015-04-22,2015-04-22,P,2.25,2015-02-09
19720,2015-04-08 10:11:00,2015-04-08,0.0003,0.0,0.0,1203.0,0.0003,0.0003,0.0003,10000017,2015-04-22,2015-04-22,P,2.25,2015-02-09
19721,2015-04-08 10:12:00,2015-04-08,0.0003,0.0,0.0,1203.0,0.0003,0.0003,0.0003,10000017,2015-04-22,2015-04-22,P,2.25,2015-02-09
19722,2015-04-08 10:13:00,2015-04-08,0.0003,0.0,0.0,1203.0,0.0003,0.0003,0.0003,10000017,2015-04-22,2015-04-22,P,2.25,2015-02-09
19723,2015-04-08 10:14:00,2015-04-08,0.0003,0.0,0.0,1203.0,0.0003,0.0003,0.0003,10000017,2015-04-22,2015-04-22,P,2.25,2015-02-09
19724,2015-04-08 10:15:00,2015-04-08,0.0003,0.0,0.0,1203.0,0.0003,0.0003,0.0003,10000017,2015-04-22,2015-04-22,P,2.25,2015-02-09
19725,2015-04-08 10:16:00,2015-04-08,0.0003,0.0,0.0,1203.0,0.0003,0.0003,0.0003,10000017,2015-04-22,2015-04-22,P,2.25,2015-02-09
19726,2015-04-08 10:17:00,2015-04-08,0.0003,0.0,0.0,1203.0,0.0003,0.0003,0.0003,10000017,2015-04-22,2015-04-22,P,2.25,2015-02-09
19727,2015-04-08 10:18:00,2015-04-08,0.0003,0.0,0.0,1203.0,0.0003,0.0003,0.0003,10000017,2015-04-22,2015-04-22,P,2.25,2015-02-09
19728,2015-04-08 10:19:00,2015-04-08,0.0001,1.0,1.0,1202.0,0.0001,0.0001,0.0001,10000017,2015-04-22,2015-04-22,P,2.25,2015-02-09
19729,2015-04-08 10:20:00,2015-04-08,0.0001,0.0,0.0,1202.0,0.0001,0.0001,0.0001,10000017,2015-04-22,2015-04-22,P,2.25,2015-02-09
19730,2015-04-08 10:21:00,2015-04-08,0.0003,6.0,2.0,1204.0,0.0003,0.0003,0.0003,10000017,2015-04-22,2015-04-22,P,2.25,2015-02-09
19731,2015-04-08 10:22:00,2015-04-08,0.0003,0.0,0.0,1204.0,0.0003,0.0003,0.0003,10000017,2015-04-22,2015-04-22,P,2.25,2015-02-09
19732,2015-04-08 10:23:00,2015-04-08,0.0003,0.0,0.0,1204.0,0.0003,0.0003,0.0003,10000017,2015-04-22,2015-04-22,P,2.25,2015-02-09
19733,2015-04-08 10:24:00,2015-04-08,0.0003,0.0,0.0,1204.0,0.0003,0.0003,0.0003,10000017,2015-04-22,2015-04-22,P,2.25,2015-02-09
19734,2015-04-08 10:25:00,2015-04-08,0.0003,0.0,0.0,1204.0,0.0003,0.0003,0.0003,10000017,2015-04-22,2015-04-22,P,2.25,2015-02-09
19735,2015-04-08 10:26:00,2015-04-08,0.0003,0.0,0.0,1204.0,0.0003,0.0003,0.0003,10000017,2015-04-22,2015-04-22,P,2.25,2015-02-09
19736,2015-04-08 10:27:00,2015-04-08,0.0003,0.0,0.0,1204.0,0.0003,0.0003,0.0003,10000017,2015-04-22,2015-04-22,P,2.25,2015-02-09
19737,2015-04-08 10:28:00,2015-04-08,0.0003,0.0,0.0,1204.0,0.0003,0.0003,0.0003,10000017,2015-04-22,2015-04-22,P,2.25,2015-02-09
19738,2015-04-08 10:29:00,2015-04-08,0.0003,0.0,0.0,1204.0,0.0003,0.0003,0.0003,10000017,2015-04-22,2015-04-22,P,2.25,2015-02-09
19739,2015-04-08 10:30:00,2015-04-08,0.0003,0.0,0.0,1204.0,0.0003,0.0003,0.0003,10000017,2015-04-22,2015-04-22,P,2.25,2015-02-09
19740,2015-04-08 10:31:00,2015-04-08,0.0003,0.0,0.0,1204.0,0.0003,0.0003,0.0003,10000017,2015-04-22,2015-04-22,P,2.25,2015-02-09
19741,2015-04-08 10:32:00,2015-04-08,0.0003,0.0,0.0,1204.0,0.0003,0.0003,0.0003,10000017,2015-04-22,2015-04-22,P,2.25,2015-02-09
19742,2015-04-08 10:33:00,2015-04-08,0.0003,0.0,0.0,1204.0,0.0003,0.0003,0.0003,10000017,2015-04-22,2015-04-22,P,2.25,2015-02-09
19743,2015-04-08 10:34:00,2015-04-08,0.0003,0.0,0.0,1204.0,0.0003,0.0003,0.0003,10000017,2015-04-22,2015-04-22,P,2.25,2015-02-09
19744,2015-04-08 10:35:00,2015-04-08,0.0001,5.0,5.0,1199.0,0.0001,0.0001,0.0001,10000017,2015-04-22,2015-04-22,P,2.25,2015-02-09
19745,2015-04-08 10:36:00,2015-04-08,0.0001,0.0,0.0,1199.0,0.0001,0.0001,0.0001,10000017,2015-04-22,2015-04-22,P,2.25,2015-02-09
19746,2015-04-08 10:37:00,2015-04-08,0.0001,0.0,0.0,1199.0,0.0001,0.0001,0.0001,10000017,2015-04-22,2015-04-22,P,2.25,2015-02-09
19747,2015-04-08 10:38:00,2015-04-08,0.0001,0.0,0.0,1199.0,0.0001,0.0001,0.0001,10000017,2015-04-22,2015-04-22,P,2.25,2015-02-09
19748,2015-04-08 10:39:00,2015-04-08,0.0001,0.0,0.0,1199.0,0.0001,0.0001,0.0001,10000017,2015-04-22,2015-04-22,P,2.25,2015-02-09
19749,2015-04-08 10:40:00,2015-04-08,0.0001,0.0,0.0,1199.0,0.0001,0.0001,0.0001,10000017,2015-04-22,2015-04-22,P,2.25,2015-02-09
19750,2015-04-08 10:41:00,2015-04-08,0.0001,0.0,0.0,1199.0,0.0001,0.0001,0.0001,10000017,2015-04-22,2015-04-22,P,2.25,2015-02-09
19751,2015-04-08 10:42:00,2015-04-08,0.0001,0.0,0.0,1199.0,0.0001,0.0001,0.0001,10000017,2015-04-22,2015-04-22,P,2.25,2015-02-09
19752,2015-04-08 10:43:00,2015-04-08,0.0001,0.0,0.0,1199.0,0.0001,0.0001,0.0001,10000017,2015-04-22,2015-04-22,P,2.25,2015-02-09
19753,2015-04-08 10:44:00,2015-04-08,0.0001,0.0,0.0,1199.0,0.0001,0.0001,0.0001,10000017,2015-04-22,2015-04-22,P,2.25,2015-02-09
19754,2015-04-08 10:45:00,2015-04-08,0.0001,0.0,0.0,1199.0,0.0001,0.0001,0.0001,10000017,2015-04-22,2015-04-22,P,2.25,2015-02-09
19755,2015-04-08 10:46:00,2015-04-08,0.0001,0.0,0.0,1199.0,0.0001,0.0001,0.0001,10000017,2015-04-22,2015-04-22,P,2.25,2015-02-09
19756,2015-04-08 10:47:00,2015-04-08,0.0001,0.0,0.0,1199.0,0.0001,0.0001,0.0001,10000017,2015-04-22,2015-04-22,P,2.25,2015-02-09
19757,2015-04-08 10:48:00,2015-04-08,0.0003,6.0,2.0,1201.0,0.0003,0.0003,0.0003,10000017,2015-04-22,2015-04-22,P,2.25,2015-02-09
19758,2015-04-08 10:49:00,2015-04-08,0.0003,0.0,0.0,1201.0,0.0003,0.0003,0.0003,10000017,2015-04-22,2015-04-22,P,2.25,2015-02-09
19759,2015-04-08 10:50:00,2015-04-08,0.0003,0.0,0.0,1201.0,0.0003,0.0003,0.0003,10000017,2015-04-22,2015-04-22,P,2.25,2015-02-09
19760,2015-04-08 10:51:00,2015-04-08,0.0003,0.0,0.0,1201.0,0.0003,0.0003,0.0003,10000017,2015-04-22,2015-04-22,P,2.25,2015-02-09
19761,2015-04-08 10:52:00,2015-04-08,0.0003,0.0,0.0,1201.0,0.0003,0.0003,0.0003,10000017,2015-04-22,2015-04-22,P,2.25,2015-02-09
19762,2015-04-08 10:53:00,2015-04-08,0.0003,0.0,0.0,1201.0,0.0003,0.0003,0.0003,10000017,2015-04-22,2015-04-22,P,2.25,2015-02-09
19763,2015-04-08 10:54:00,2015-04-08,0.0003,0.0,0.0,1201.0,0.0003,0.0003,0.0003,10000017,2015-04-22,2015-04-22,P,2.25,2015-02-09
19764,2015-04-08 10:55:00,2015-04-08,0.0003,0.0,0.0,1201.0,0.0003,0.0003,0.0003,10000017,2015-04-22,2015-04-22,P,2.25,2015-02-09
19765,2015-04-08 10:56:00,2015-04-08,0.0003,0.0,0.0,1201.0,0.0003,0.0003,0.0003,10000017,2015-04-22,2015-04-22,P,2.25,2015-02-09
19766,2015-04-08 10:57:00,2015-04-08,0.0003,0.0,0.0,1201.0,0.0003,0.0003,0.0003,10000017,2015-04-22,2015-04-22,P,2.25,2015-02-09
19767,2015-04-08 10:58:00,2015-04-08,0.0003,0.0,0.0,1201.0,0.0003,0.0003,0.0003,10000017,2015-04-22,2015-04-22,P,2.25,2015-02-09
19768,2015-04-08 10:59:00,2015-04-08,0.0003,0.0,0.0,1201.0,0.0003,0.0003,0.0003,10000017,2015-04-22,2015-04-22,P,2.25,2015-02-09
19769,2015-04-08 11:00:00,2015-04-08,0.0003,0.0,0.0,1201.0,0.0003,0.0003,0.0003,10000017,2015-04-22,2015-04-22,P,2.25,2015-02-09
19770,2015-04-08 11:01:00,2015-04-08,0.0003,0.0,0.0,1201.0,0.0003,0.0003,0.0003,10000017,2015-04-22,2015-04-22,P,2.25,2015-02-09
19771,2015-04-08 11:02:00,2015-04-08,0.0003,0.0,0.0,1201.0,0.0003,0.0003,0.0003,10000017,2015-04-22,2015-04-22,P,2.25,2015-02-09
19772,2015-04-08 11:03:00,2015-04-08,0.0003,0.0,0.0,1201.0,0.0003,0.0003,0.0003,10000017,2015-04-22,2015-04-22,P,2.25,2015-02-09
19773,2015-04-08 11:04:00,2015-04-08,0.0003,0.0,0.0,1201.0,0.0003,0.0003,0.0003,10000017,2015-04-22,2015-04-22,P,2.25,2015-02-09
19774,2015-04-08 11:05:00,2015-04-08,0.0003,0.0,0.0,1201.0,0.0003,0.0003,0.0003,10000017,2015-04-22,2015-04-22,P,2.25,2015-02-09
19775,2015-04-08 11:06:00,2015-04-08,0.0003,0.0,0.0,1201.0,0.0003,0.0003,0.0003,10000017,2015-04-22,2015-04-22,P,2.25,2015-02-09
19776,2015-04-08 11:07:00,2015-04-08,0.0003,0.0,0.0,1201.0,0.0003,0.0003,0.0003,10000017,2015-04-22,2015-04-22,P,2.25,2015-02-09
19777,2015-04-08 11:08:00,2015-04-08,0.0003,0.0,0.0,1201.0,0.0003,0.0003,0.0003,10000017,2015-04-22,2015-04-22,P,2.25,2015-02-09
19778,2015-04-08 11:09:00,2015-04-08,0.0003,0.0,0.0,1201.0,0.0003,0.0003,0.0003,10000017,2015-04-22,2015-04-22,P,2.25,2015-02-09
19779,2015-04-08 11:10:00,2015-04-08,0.0003,0.0,0.0,1201.0,0.0003,0.0003,0.0003,10000017,2015-04-22,2015-04-22,P,2.25,2015-02-09
19780,2015-04-08 11:11:00,2015-04-08,0.0003,0.0,0.0,1201.0,0.0003,0.0003,0.0003,10000017,2015-04-22,2015-04-22,P,2.25,2015-02-09
19781,2015-04-08 11:12:00,2015-04-08,0.0003,0.0,0.0,1201.0,0.0003,0.0003,0.0003,10000017,2015-04-22,2015-04-22,P,2.25,2015-02-09
19782,2015-04-08 11:13:00,2015-04-08,0.0003,0.0,0.0,1201.0,0.0003,0.0003,0.0003,10000017,2015-04-22,2015-04-22,P,2.25,2015-02-09
19783,2015-04-08 11:14:00,2015-04-08,0.0003,0.0,0.0,1201.0,0.0003,0.0003,0.0003,10000017,2015-04-22,2015-04-22,P,2.25,2015-02-09
19784,2015-04-08 11:15:00,2015-04-08,0.0003,0.0,0.0,1201.0,0.0003,0.0003,0.0003,10000017,2015-04-22,2015-04-22,P,2.25,2015-02-09
19785,2015-04-08 11:16:00,2015-04-08,0.0003,0.0,0.0,1201.0,0.0003,0.0003,0.0003,10000017,2015-04-22,2015-04-22,P,2.25,2015-02-09
19786,2015-04-08 11:17:00,2015-04-08,0.0003,0.0,0.0,1201.0,0.0003,0.0003,0.0003,10000017,2015-04-22,2015-04-22,P,2.25,2015-02-09
19787,2015-04-08 11:18:00,2015-04-08,0.0003,0.0,0.0,1201.0,0.0003,0.0003,0.0003,10000017,2015-04-22,2015-04-22,P,2.25,2015-02-09
19788,2015-04-08 11:19:00,2015-04-08,0.0003,0.0,0.0,1201.0,0.0003,0.0003,0.0003,10000017,2015-04-22,2015-04-22,P,2.25,2015-02-09
19789,2015-04-08 11:20:00,2015-04-08,0.0003,0.0,0.0,1201.0,0.0003,0.0003,0.0003,10000017,2015-04-22,2015-04-22,P,2.25,2015-02-09
19790,2015-04-08 11:21:00,2015-04-08,0.0003,0.0,0.0,1201.0,0.0003,0.0003,0.0003,10000017,2015-04-22,2015-04-22,P,2.25,2015-02-09
19791,2015-04-08 11:22:00,2015-04-08,0.0003,0.0,0.0,1201.0,0.0003,0.0003,0.0003,10000017,2015-04-22,2015-04-22,P,2.25,2015-02-09
19792,2015-04-08 11:23:00,2015-04-08,0.0003,0.0,0.0,1201.0,0.0003,0.0003,0.0003,10000017,2015-04-22,2015-04-22,P,2.25,2015-02-09
19793,2015-04-08 11:24:00,2015-04-08,0.0003,0.0,0.0,1201.0,0.0003,0.0003,0.0003,10000017,2015-04-22,2015-04-22,P,2.25,2015-02-09
19794,2015-04-08 11:25:00,2015-04-08,0.0003,0.0,0.0,1201.0,0.0003,0.0003,0.0003,10000017,2015-04-22,2015-04-22,P,2.25,2015-02-09
19795,2015-04-08 11:26:00,2015-04-08,0.0003,0.0,0.0,1201.0,0.0003,0.0003,0.0003,10000017,2015-04-22,2015-04-22,P,2.25,2015-02-09
19796,2015-04-08 11:27:00,2015-04-08,0.0003,0.0,0.0,1201.0,0.0003,0.0003,0.0003,10000017,2015-04-22,2015-04-22,P,2.25,2015-02-09
19797,2015-04-08 11:28:00,2015-04-08,0.0003,0.0,0.0,1201.0,0.0003,0.0003,0.0003,10000017,2015-04-22,2015-04-22,P,2.25,2015-02-09
19798,2015-04-08 11:29:00,2015-04-08,0.0003,0.0,0.0,1201.0,0.0003,0.0003,0.0003,10000017,2015-04-22,2015-04-22,P,2.25,2015-02-09
19799,2015-04-08 11:30:00,2015-04-08,0.0003,0.0,0.0,1201.0,0.0003,0.0003,0.0003,10000017,2015-04-22,2015-04-22,P,2.25,2015-02-09
19800,2015-04-08 13:01:00,2015-04-08,0.0003,0.0,0.0,1201.0,0.0003,0.0003,0.0003,10000017,2015-04-22,2015-04-22,P,2.25,2015-02-09
19801,2015-04-08 13:02:00,2015-04-08,0.0003,0.0,0.0,1201.0,0.0003,0.0003,0.0003,10000017,2015-04-22,2015-04-22,P,2.25,2015-02-09
19802,2015-04-08 13:03:00,2015-04-08,0.0003,0.0,0.0,1201.0,0.0003,0.0003,0.0003,10000017,2015-04-22,2015-04-22,P,2.25,2015-02-09
19803,2015-04-08 13:04:00,2015-04-08,0.0003,0.0,0.0,1201.0,0.0003,0.0003,0.0003,10000017,2015-04-22,2015-04-22,P,2.25,2015-02-09
19804,2015-04-08 13:05:00,2015-04-08,0.0003,15.0,5.0,1206.0,0.0003,0.0003,0.0003,10000017,2015-04-22,2015-04-22,P,2.25,2015-02-09
19805,2015-04-08 13:06:00,2015-04-08,0.0003,25.0,15.0,1211.0,0.0001,0.0003,0.0001,10000017,2015-04-22,2015-04-22,P,2.25,2015-02-09
19806,2015-04-08 13:07:00,2015-04-08,0.0001,1.0,1.0,1211.0,0.0001,0.0001,0.0001,10000017,2015-04-22,2015-04-22,P,2.25,2015-02-09
19807,2015-04-08 13:08:00,2015-04-08,0.0005,30.0,10.0,1211.0,0.0005,0.0001,0.0001,10000017,2015-04-22,2015-04-22,P,2.25,2015-02-09
19808,2015-04-08 13:09:00,2015-04-08,0.0005,25.0,5.0,1211.0,0.0005,0.0005,0.0005,10000017,2015-04-22,2015-04-22,P,2.25,2015-02-09
19809,2015-04-08 13:10:00,2015-04-08,0.0006,65.0,20.0,1211.0,0.0001,0.0005,0.0001,10000017,2015-04-22,2015-04-22,P,2.25,2015-02-09
19810,2015-04-08 13:11:00,2015-04-08,0.0006,40.0,15.0,1211.0,0.0001,0.0001,0.0001,10000017,2015-04-22,2015-04-22,P,2.25,2015-02-09
19811,2015-04-08 13:12:00,2015-04-08,0.0007,7.0,1.0,1211.0,0.0007,0.0007,0.0007,10000017,2015-04-22,2015-04-22,P,2.25,2015-02-09
19812,2015-04-08 13:13:00,2015-04-08,0.0007,0.0,0.0,1211.0,0.0007,0.0007,0.0007,10000017,2015-04-22,2015-04-22,P,2.25,2015-02-09
19813,2015-04-08 13:14:00,2015-04-08,0.0007,0.0,0.0,1211.0,0.0007,0.0007,0.0007,10000017,2015-04-22,2015-04-22,P,2.25,2015-02-09
19814,2015-04-08 13:15:00,2015-04-08,0.0007,0.0,0.0,1211.0,0.0007,0.0007,0.0007,10000017,2015-04-22,2015-04-22,P,2.25,2015-02-09
19815,2015-04-08 13:16:00,2015-04-08,0.0007,0.0,0.0,1211.0,0.0007,0.0007,0.0007,10000017,2015-04-22,2015-04-22,P,2.25,2015-02-09
19816,2015-04-08 13:17:00,2015-04-08,0.0007,0.0,0.0,1211.0,0.0007,0.0007,0.0007,10000017,2015-04-22,2015-04-22,P,2.25,2015-02-09
19817,2015-04-08 13:18:00,2015-04-08,0.0004,19.0,6.0,1211.0,0.0004,0.0004,0.0004,10000017,2015-04-22,2015-04-22,P,2.25,2015-02-09
19818,2015-04-08 13:19:00,2015-04-08,0.0004,0.0,0.0,1211.0,0.0004,0.0004,0.0004,10000017,2015-04-22,2015-04-22,P,2.25,2015-02-09
19819,2015-04-08 13:20:00,2015-04-08,0.0004,0.0,0.0,1211.0,0.0004,0.0004,0.0004,10000017,2015-04-22,2015-04-22,P,2.25,2015-02-09
19820,2015-04-08 13:21:00,2015-04-08,0.0004,0.0,0.0,1211.0,0.0004,0.0004,0.0004,10000017,2015-04-22,2015-04-22,P,2.25,2015-02-09
19821,2015-04-08 13:22:00,2015-04-08,0.0004,0.0,0.0,1211.0,0.0004,0.0004,0.0004,10000017,2015-04-22,2015-04-22,P,2.25,2015-02-09
19822,2015-04-08 13:23:00,2015-04-08,0.0004,0.0,0.0,1211.0,0.0004,0.0004,0.0004,10000017,2015-04-22,2015-04-22,P,2.25,2015-02-09
19823,2015-04-08 13:24:00,2015-04-08,0.0004,0.0,0.0,1211.0,0.0004,0.0004,0.0004,10000017,2015-04-22,2015-04-22,P,2.25,2015-02-09
19824,2015-04-08 13:25:00,2015-04-08,0.0004,0.0,0.0,1211.0,0.0004,0.0004,0.0004,10000017,2015-04-22,2015-04-22,P,2.25,2015-02-09
19825,2015-04-08 13:26:00,2015-04-08,0.0004,0.0,0.0,1211.0,0.0004,0.0004,0.0004,10000017,2015-04-22,2015-04-22,P,2.25,2015-02-09
19826,2015-04-08 13:27:00,2015-04-08,0.0004,0.0,0.0,1211.0,0.0004,0.0004,0.0004,10000017,2015-04-22,2015-04-22,P,2.25,2015-02-09
19827,2015-04-08 13:28:00,2015-04-08,0.0004,0.0,0.0,1211.0,0.0004,0.0004,0.0004,10000017,2015-04-22,2015-04-22,P,2.25,2015-02-09
19828,2015-04-08 13:29:00,2015-04-08,0.0004,0.0,0.0,1211.0,0.0004,0.0004,0.0004,10000017,2015-04-22,2015-04-22,P,2.25,2015-02-09
19829,2015-04-08 13:30:00,2015-04-08,0.0004,0.0,0.0,1211.0,0.0004,0.0004,0.0004,10000017,2015-04-22,2015-04-22,P,2.25,2015-02-09
19830,2015-04-08 13:31:00,2015-04-08,0.0004,0.0,0.0,1211.0,0.0004,0.0004,0.0004,10000017,2015-04-22,2015-04-22,P,2.25,2015-02-09
19831,2015-04-08 13:32:00,2015-04-08,0.0004,0.0,0.0,1211.0,0.0004,0.0004,0.0004,10000017,2015-04-22,2015-04-22,P,2.25,2015-02-09
19832,2015-04-08 13:33:00,2015-04-08,0.0004,0.0,0.0,1211.0,0.0004,0.0004,0.0004,10000017,2015-04-22,2015-04-22,P,2.25,2015-02-09
19833,2015-04-08 13:34:00,2015-04-08,0.0004,0.0,0.0,1211.0,0.0004,0.0004,0.0004,10000017,2015-04-22,2015-04-22,P,2.25,2015-02-09
19834,2015-04-08 13:35:00,2015-04-08,0.0004,0.0,0.0,1211.0,0.0004,0.0004,0.0004,10000017,2015-04-22,2015-04-22,P,2.25,2015-02-09
19835,2015-04-08 13:36:00,2015-04-08,0.0002,2.0,1.0,1211.0,0.0002,0.0002,0.0002,10000017,2015-04-22,2015-04-22,P,2.25,2015-02-09
19836,2015-04-08 13:37:00,2015-04-08,0.0002,0.0,0.0,1211.0,0.0002,0.0002,0.0002,10000017,2015-04-22,2015-04-22,P,2.25,2015-02-09
19837,2015-04-08 13:38:00,2015-04-08,0.0002,0.0,0.0,1211.0,0.0002,0.0002,0.0002,10000017,2015-04-22,2015-04-22,P,2.25,2015-02-09
19838,2015-04-08 13:39:00,2015-04-08,0.0002,0.0,0.0,1211.0,0.0002,0.0002,0.0002,10000017,2015-04-22,2015-04-22,P,2.25,2015-02-09
19839,2015-04-08 13:40:00,2015-04-08,0.0002,0.0,0.0,1211.0,0.0002,0.0002,0.0002,10000017,2015-04-22,2015-04-22,P,2.25,2015-02-09
19840,2015-04-08 13:41:00,2015-04-08,0.0002,0.0,0.0,1211.0,0.0002,0.0002,0.0002,10000017,2015-04-22,2015-04-22,P,2.25,2015-02-09
19841,2015-04-08 13:42:00,2015-04-08,0.0002,5.0,3.0,1211.0,0.0002,0.0001,0.0001,10000017,2015-04-22,2015-04-22,P,2.25,2015-02-09
19842,2015-04-08 13:43:00,2015-04-08,0.0001,0.0,0.0,1211.0,0.0001,0.0001,0.0001,10000017,2015-04-22,2015-04-22,P,2.25,2015-02-09
19843,2015-04-08 13:44:00,2015-04-08,0.0001,0.0,0.0,1211.0,0.0001,0.0001,0.0001,10000017,2015-04-22,2015-04-22,P,2.25,2015-02-09
19844,2015-04-08 13:45:00,2015-04-08,0.0003,6.0,2.0,1213.0,0.0003,0.0003,0.0003,10000017,2015-04-22,2015-04-22,P,2.25,2015-02-09
19845,2015-04-08 13:46:00,2015-04-08,0.0001,2.0,2.0,1213.0,0.0001,0.0001,0.0001,10000017,2015-04-22,2015-04-22,P,2.25,2015-02-09
19846,2015-04-08 13:47:00,2015-04-08,0.0001,0.0,0.0,1213.0,0.0001,0.0001,0.0001,10000017,2015-04-22,2015-04-22,P,2.25,2015-02-09
19847,2015-04-08 13:48:00,2015-04-08,0.0001,0.0,0.0,1213.0,0.0001,0.0001,0.0001,10000017,2015-04-22,2015-04-22,P,2.25,2015-02-09
19848,2015-04-08 13:49:00,2015-04-08,0.0001,0.0,0.0,1213.0,0.0001,0.0001,0.0001,10000017,2015-04-22,2015-04-22,P,2.25,2015-02-09
19849,2015-04-08 13:50:00,2015-04-08,0.0001,0.0,0.0,1213.0,0.0001,0.0001,0.0001,10000017,2015-04-22,2015-04-22,P,2.25,2015-02-09
19850,2015-04-08 13:51:00,2015-04-08,0.0001,0.0,0.0,1213.0,0.0001,0.0001,0.0001,10000017,2015-04-22,2015-04-22,P,2.25,2015-02-09
19851,2015-04-08 13:52:00,2015-04-08,0.0001,0.0,0.0,1213.0,0.0001,0.0001,0.0001,10000017,2015-04-22,2015-04-22,P,2.25,2015-02-09
19852,2015-04-08 13:53:00,2015-04-08,0.0001,0.0,0.0,1213.0,0.0001,0.0001,0.0001,10000017,2015-04-22,2015-04-22,P,2.25,2015-02-09
19853,2015-04-08 13:54:00,2015-04-08,0.0003,6.0,2.0,1215.0,0.0003,0.0003,0.0003,10000017,2015-04-22,2015-04-22,P,2.25,2015-02-09
19854,2015-04-08 13:55:00,2015-04-08,0.0003,0.0,0.0,1215.0,0.0003,0.0003,0.0003,10000017,2015-04-22,2015-04-22,P,2.25,2015-02-09
19855,2015-04-08 13:56:00,2015-04-08,0.0003,0.0,0.0,1215.0,0.0003,0.0003,0.0003,10000017,2015-04-22,2015-04-22,P,2.25,2015-02-09
19856,2015-04-08 13:57:00,2015-04-08,0.0003,0.0,0.0,1215.0,0.0003,0.0003,0.0003,10000017,2015-04-22,2015-04-22,P,2.25,2015-02-09
19857,2015-04-08 13:58:00,2015-04-08,0.0003,0.0,0.0,1215.0,0.0003,0.0003,0.0003,10000017,2015-04-22,2015-04-22,P,2.25,2015-02-09
19858,2015-04-08 13:59:00,2015-04-08,0.0003,0.0,0.0,1215.0,0.0003,0.0003,0.0003,10000017,2015-04-22,2015-04-22,P,2.25,2015-02-09
19859,2015-04-08 14:00:00,2015-04-08,0.0003,0.0,0.0,1215.0,0.0003,0.0003,0.0003,10000017,2015-04-22,2015-04-22,P,2.25,2015-02-09
19860,2015-04-08 14:01:00,2015-04-08,0.0003,0.0,0.0,1215.0,0.0003,0.0003,0.0003,10000017,2015-04-22,2015-04-22,P,2.25,2015-02-09
19861,2015-04-08 14:02:00,2015-04-08,0.0003,0.0,0.0,1215.0,0.0003,0.0003,0.0003,10000017,2015-04-22,2015-04-22,P,2.25,2015-02-09
19862,2015-04-08 14:03:00,2015-04-08,0.0003,0.0,0.0,1215.0,0.0003,0.0003,0.0003,10000017,2015-04-22,2015-04-22,P,2.25,2015-02-09
19863,2015-04-08 14:04:00,2015-04-08,0.0003,0.0,0.0,1215.0,0.0003,0.0003,0.0003,10000017,2015-04-22,2015-04-22,P,2.25,2015-02-09
19864,2015-04-08 14:05:00,2015-04-08,0.0003,0.0,0.0,1215.0,0.0003,0.0003,0.0003,10000017,2015-04-22,2015-04-22,P,2.25,2015-02-09
19865,2015-04-08 14:06:00,2015-04-08,0.0003,0.0,0.0,1215.0,0.0003,0.0003,0.0003,10000017,2015-04-22,2015-04-22,P,2.25,2015-02-09
19866,2015-04-08 14:07:00,2015-04-08,0.0003,0.0,0.0,1215.0,0.0003,0.0003,0.0003,10000017,2015-04-22,2015-04-22,P,2.25,2015-02-09
19867,2015-04-08 14:08:00,2015-04-08,0.0003,0.0,0.0,1215.0,0.0003,0.0003,0.0003,10000017,2015-04-22,2015-04-22,P,2.25,2015-02-09
19868,2015-04-08 14:09:00,2015-04-08,0.0001,1.0,1.0,1215.0,0.0001,0.0001,0.0001,10000017,2015-04-22,2015-04-22,P,2.25,2015-02-09
19869,2015-04-08 14:10:00,2015-04-08,0.0001,0.0,0.0,1215.0,0.0001,0.0001,0.0001,10000017,2015-04-22,2015-04-22,P,2.25,2015-02-09
19870,2015-04-08 14:11:00,2015-04-08,0.0001,1.0,1.0,1215.0,0.0001,0.0001,0.0001,10000017,2015-04-22,2015-04-22,P,2.25,2015-02-09
19871,2015-04-08 14:12:00,2015-04-08,0.0001,0.0,0.0,1215.0,0.0001,0.0001,0.0001,10000017,2015-04-22,2015-04-22,P,2.25,2015-02-09
19872,2015-04-08 14:13:00,2015-04-08,0.0001,0.0,0.0,1215.0,0.0001,0.0001,0.0001,10000017,2015-04-22,2015-04-22,P,2.25,2015-02-09
19873,2015-04-08 14:14:00,2015-04-08,0.0001,0.0,0.0,1215.0,0.0001,0.0001,0.0001,10000017,2015-04-22,2015-04-22,P,2.25,2015-02-09
19874,2015-04-08 14:15:00,2015-04-08,0.0001,0.0,0.0,1215.0,0.0001,0.0001,0.0001,10000017,2015-04-22,2015-04-22,P,2.25,2015-02-09
19875,2015-04-08 14:16:00,2015-04-08,0.0001,0.0,0.0,1215.0,0.0001,0.0001,0.0001,10000017,2015-04-22,2015-04-22,P,2.25,2015-02-09
19876,2015-04-08 14:17:00,2015-04-08,0.0001,0.0,0.0,1215.0,0.0001,0.0001,0.0001,10000017,2015-04-22,2015-04-22,P,2.25,2015-02-09
19877,2015-04-08 14:18:00,2015-04-08,0.0001,0.0,0.0,1215.0,0.0001,0.0001,0.0001,10000017,2015-04-22,2015-04-22,P,2.25,2015-02-09
19878,2015-04-08 14:19:00,2015-04-08,0.0001,0.0,0.0,1215.0,0.0001,0.0001,0.0001,10000017,2015-04-22,2015-04-22,P,2.25,2015-02-09
19879,2015-04-08 14:20:00,2015-04-08,0.0001,0.0,0.0,1215.0,0.0001,0.0001,0.0001,10000017,2015-04-22,2015-04-22,P,2.25,2015-02-09
19880,2015-04-08 14:21:00,2015-04-08,0.0001,0.0,0.0,1215.0,0.0001,0.0001,0.0001,10000017,2015-04-22,2015-04-22,P,2.25,2015-02-09
19881,2015-04-08 14:22:00,2015-04-08,0.0001,0.0,0.0,1215.0,0.0001,0.0001,0.0001,10000017,2015-04-22,2015-04-22,P,2.25,2015-02-09
19882,2015-04-08 14:23:00,2015-04-08,0.0002,20.0,10.0,1225.0,0.0002,0.0002,0.0002,10000017,2015-04-22,2015-04-22,P,2.25,2015-02-09
19883,2015-04-08 14:24:00,2015-04-08,0.0002,0.0,0.0,1225.0,0.0002,0.0002,0.0002,10000017,2015-04-22,2015-04-22,P,2.25,2015-02-09
19884,2015-04-08 14:25:00,2015-04-08,0.0002,0.0,0.0,1225.0,0.0002,0.0002,0.0002,10000017,2015-04-22,2015-04-22,P,2.25,2015-02-09
19885,2015-04-08 14:26:00,2015-04-08,0.0002,0.0,0.0,1225.0,0.0002,0.0002,0.0002,10000017,2015-04-22,2015-04-22,P,2.25,2015-02-09
19886,2015-04-08 14:27:00,2015-04-08,0.0002,0.0,0.0,1225.0,0.0002,0.0002,0.0002,10000017,2015-04-22,2015-04-22,P,2.25,2015-02-09
19887,2015-04-08 14:28:00,2015-04-08,0.0006,60.0,10.0,1225.0,0.0006,0.0006,0.0006,10000017,2015-04-22,2015-04-22,P,2.25,2015-02-09
19888,2015-04-08 14:29:00,2015-04-08,0.0006,0.0,0.0,1225.0,0.0006,0.0006,0.0006,10000017,2015-04-22,2015-04-22,P,2.25,2015-02-09
19889,2015-04-08 14:30:00,2015-04-08,0.0006,0.0,0.0,1225.0,0.0006,0.0006,0.0006,10000017,2015-04-22,2015-04-22,P,2.25,2015-02-09
19890,2015-04-08 14:31:00,2015-04-08,0.0006,0.0,0.0,1225.0,0.0006,0.0006,0.0006,10000017,2015-04-22,2015-04-22,P,2.25,2015-02-09
19891,2015-04-08 14:32:00,2015-04-08,0.0006,0.0,0.0,1225.0,0.0006,0.0006,0.0006,10000017,2015-04-22,2015-04-22,P,2.25,2015-02-09
19892,2015-04-08 14:33:00,2015-04-08,0.0006,0.0,0.0,1225.0,0.0006,0.0006,0.0006,10000017,2015-04-22,2015-04-22,P,2.25,2015-02-09
19893,2015-04-08 14:34:00,2015-04-08,0.0006,0.0,0.0,1225.0,0.0006,0.0006,0.0006,10000017,2015-04-22,2015-04-22,P,2.25,2015-02-09
19894,2015-04-08 14:35:00,2015-04-08,0.0006,0.0,0.0,1225.0,0.0006,0.0006,0.0006,10000017,2015-04-22,2015-04-22,P,2.25,2015-02-09
19895,2015-04-08 14:36:00,2015-04-08,0.0006,0.0,0.0,1225.0,0.0006,0.0006,0.0006,10000017,2015-04-22,2015-04-22,P,2.25,2015-02-09
19896,2015-04-08 14:37:00,2015-04-08,0.0001,1.0,1.0,1226.0,0.0001,0.0001,0.0001,10000017,2015-04-22,2015-04-22,P,2.25,2015-02-09
19897,2015-04-08 14:38:00,2015-04-08,0.0001,0.0,0.0,1226.0,0.0001,0.0001,0.0001,10000017,2015-04-22,2015-04-22,P,2.25,2015-02-09
19898,2015-04-08 14:39:00,2015-04-08,0.0001,0.0,0.0,1226.0,0.0001,0.0001,0.0001,10000017,2015-04-22,2015-04-22,P,2.25,2015-02-09
19899,2015-04-08 14:40:00,2015-04-08,0.0001,0.0,0.0,1226.0,0.0001,0.0001,0.0001,10000017,2015-04-22,2015-04-22,P,2.25,2015-02-09
19900,2015-04-08 14:41:00,2015-04-08,0.0001,0.0,0.0,1226.0,0.0001,0.0001,0.0001,10000017,2015-04-22,2015-04-22,P,2.25,2015-02-09
19901,2015-04-08 14:42:00,2015-04-08,0.0001,0.0,0.0,1226.0,0.0001,0.0001,0.0001,10000017,2015-04-22,2015-04-22,P,2.25,2015-02-09
19902,2015-04-08 14:43:00,2015-04-08,0.0001,0.0,0.0,1226.0,0.0001,0.0001,0.0001,10000017,2015-04-22,2015-04-22,P,2.25,2015-02-09
19903,2015-04-08 14:44:00,2015-04-08,0.0001,0.0,0.0,1226.0,0.0001,0.0001,0.0001,10000017,2015-04-22,2015-04-22,P,2.25,2015-02-09
19904,2015-04-08 14:45:00,2015-04-08,0.0001,0.0,0.0,1226.0,0.0001,0.0001,0.0001,10000017,2015-04-22,2015-04-22,P,2.25,2015-02-09
19905,2015-04-08 14:46:00,2015-04-08,0.0001,0.0,0.0,1226.0,0.0001,0.0001,0.0001,10000017,2015-04-22,2015-04-22,P,2.25,2015-02-09
19906,2015-04-08 14:47:00,2015-04-08,0.0001,0.0,0.0,1226.0,0.0001,0.0001,0.0001,10000017,2015-04-22,2015-04-22,P,2.25,2015-02-09
19907,2015-04-08 14:48:00,2015-04-08,0.0001,0.0,0.0,1226.0,0.0001,0.0001,0.0001,10000017,2015-04-22,2015-04-22,P,2.25,2015-02-09
19908,2015-04-08 14:49:00,2015-04-08,0.0001,0.0,0.0,1226.0,0.0001,0.0001,0.0001,10000017,2015-04-22,2015-04-22,P,2.25,2015-02-09
19909,2015-04-08 14:50:00,2015-04-08,0.0001,0.0,0.0,1226.0,0.0001,0.0001,0.0001,10000017,2015-04-22,2015-04-22,P,2.25,2015-02-09
19910,2015-04-08 14:51:00,2015-04-08,0.0001,0.0,0.0,1226.0,0.0001,0.0001,0.0001,10000017,2015-04-22,2015-04-22,P,2.25,2015-02-09
19911,2015-04-08 14:52:00,2015-04-08,0.0001,0.0,0.0,1226.0,0.0001,0.0001,0.0001,10000017,2015-04-22,2015-04-22,P,2.25,2015-02-09
19912,2015-04-08 14:53:00,2015-04-08,0.0001,0.0,0.0,1226.0,0.0001,0.0001,0.0001,10000017,2015-04-22,2015-04-22,P,2.25,2015-02-09
19913,2015-04-08 14:54:00,2015-04-08,0.0001,0.0,0.0,1226.0,0.0001,0.0001,0.0001,10000017,2015-04-22,2015-04-22,P,2.25,2015-02-09
19914,2015-04-08 14:55:00,2015-04-08,0.0001,0.0,0.0,1226.0,0.0001,0.0001,0.0001,10000017,2015-04-22,2015-04-22,P,2.25,2015-02-09
19915,2015-04-08 14:56:00,2015-04-08,0.0001,0.0,0.0,1226.0,0.0001,0.0001,0.0001,10000017,2015-04-22,2015-04-22,P,2.25,2015-02-09
19916,2015-04-08 14:57:00,2015-04-08,0.0001,0.0,0.0,1226.0,0.0001,0.0001,0.0001,10000017,2015-04-22,2015-04-22,P,2.25,2015-02-09
19917,2015-04-08 14:58:00,2015-04-08,0.0001,0.0,0.0,1226.0,0.0001,0.0001,0.0001,10000017,2015-04-22,2015-04-22,P,2.25,2015-02-09
19918,2015-04-08 14:59:00,2015-04-08,0.0001,0.0,0.0,1226.0,0.0001,0.0001,0.0001,10000017,2015-04-22,2015-04-22,P,2.25,2015-02-09
19919,2015-04-08 15:00:00,2015-04-08,0.0001,0.0,0.0,1226.0,0.0001,0.0001,0.0001,10000017,2015-04-22,2015-04-22,P,2.25,2015-02-09
19920,2015-04-08 09:31:00,2015-04-08,0.5092,0.0,0.0,0.0,0.5092,0.5092,0.5092,10000024,2015-06-24,2015-06-24,C,2.35,2015-02-09
19921,2015-04-08 09:32:00,2015-04-08,0.5092,0.0,0.0,0.0,0.5092,0.5092,0.5092,10000024,2015-06-24,2015-06-24,C,2.35,2015-02-09
19922,2015-04-08 09:33:00,2015-04-08,0.5092,0.0,0.0,0.0,0.5092,0.5092,0.5092,10000024,2015-06-24,2015-06-24,C,2.35,2015-02-09
19923,2015-04-08 09:34:00,2015-04-08,0.5092,0.0,0.0,0.0,0.5092,0.5092,0.5092,10000024,2015-06-24,2015-06-24,C,2.35,2015-02-09
19924,2015-04-08 09:35:00,2015-04-08,0.5092,0.0,0.0,0.0,0.5092,0.5092,0.5092,10000024,2015-06-24,2015-06-24,C,2.35,2015-02-09
19925,2015-04-08 09:36:00,2015-04-08,0.5092,0.0,0.0,0.0,0.5092,0.5092,0.5092,10000024,2015-06-24,2015-06-24,C,2.35,2015-02-09
19926,2015-04-08 09:37:00,2015-04-08,0.5092,0.0,0.0,0.0,0.5092,0.5092,0.5092,10000024,2015-06-24,2015-06-24,C,2.35,2015-02-09
19927,2015-04-08 09:38:00,2015-04-08,0.5092,0.0,0.0,0.0,0.5092,0.5092,0.5092,10000024,2015-06-24,2015-06-24,C,2.35,2015-02-09
19928,2015-04-08 09:39:00,2015-04-08,0.5092,0.0,0.0,0.0,0.5092,0.5092,0.5092,10000024,2015-06-24,2015-06-24,C,2.35,2015-02-09
19929,2015-04-08 09:40:00,2015-04-08,0.5092,0.0,0.0,0.0,0.5092,0.5092,0.5092,10000024,2015-06-24,2015-06-24,C,2.35,2015-02-09
19930,2015-04-08 09:41:00,2015-04-08,0.5092,0.0,0.0,0.0,0.5092,0.5092,0.5092,10000024,2015-06-24,2015-06-24,C,2.35,2015-02-09
19931,2015-04-08 09:42:00,2015-04-08,0.5092,0.0,0.0,0.0,0.5092,0.5092,0.5092,10000024,2015-06-24,2015-06-24,C,2.35,2015-02-09
19932,2015-04-08 09:43:00,2015-04-08,0.5092,0.0,0.0,0.0,0.5092,0.5092,0.5092,10000024,2015-06-24,2015-06-24,C,2.35,2015-02-09
19933,2015-04-08 09:44:00,2015-04-08,0.5092,0.0,0.0,0.0,0.5092,0.5092,0.5092,10000024,2015-06-24,2015-06-24,C,2.35,2015-02-09
19934,2015-04-08 09:45:00,2015-04-08,0.5092,0.0,0.0,0.0,0.5092,0.5092,0.5092,10000024,2015-06-24,2015-06-24,C,2.35,2015-02-09
19935,2015-04-08 09:46:00,2015-04-08,0.5092,0.0,0.0,0.0,0.5092,0.5092,0.5092,10000024,2015-06-24,2015-06-24,C,2.35,2015-02-09
19936,2015-04-08 09:47:00,2015-04-08,0.5092,0.0,0.0,0.0,0.5092,0.5092,0.5092,10000024,2015-06-24,2015-06-24,C,2.35,2015-02-09
19937,2015-04-08 09:48:00,2015-04-08,0.5092,0.0,0.0,0.0,0.5092,0.5092,0.5092,10000024,2015-06-24,2015-06-24,C,2.35,2015-02-09
19938,2015-04-08 09:49:00,2015-04-08,0.5092,0.0,0.0,0.0,0.5092,0.5092,0.5092,10000024,2015-06-24,2015-06-24,C,2.35,2015-02-09
19939,2015-04-08 09:50:00,2015-04-08,0.5092,0.0,0.0,0.0,0.5092,0.5092,0.5092,10000024,2015-06-24,2015-06-24,C,2.35,2015-02-09
19940,2015-04-08 09:51:00,2015-04-08,0.5092,0.0,0.0,0.0,0.5092,0.5092,0.5092,10000024,2015-06-24,2015-06-24,C,2.35,2015-02-09
19941,2015-04-08 09:52:00,2015-04-08,0.5092,0.0,0.0,0.0,0.5092,0.5092,0.5092,10000024,2015-06-24,2015-06-24,C,2.35,2015-02-09
19942,2015-04-08 09:53:00,2015-04-08,0.5092,0.0,0.0,0.0,0.5092,0.5092,0.5092,10000024,2015-06-24,2015-06-24,C,2.35,2015-02-09
19943,2015-04-08 09:54:00,2015-04-08,0.5092,0.0,0.0,0.0,0.5092,0.5092,0.5092,10000024,2015-06-24,2015-06-24,C,2.35,2015-02-09
19944,2015-04-08 09:55:00,2015-04-08,0.5092,0.0,0.0,0.0,0.5092,0.5092,0.5092,10000024,2015-06-24,2015-06-24,C,2.35,2015-02-09
19945,2015-04-08 09:56:00,2015-04-08,0.5092,0.0,0.0,0.0,0.5092,0.5092,0.5092,10000024,2015-06-24,2015-06-24,C,2.35,2015-02-09
19946,2015-04-08 09:57:00,2015-04-08,0.5092,0.0,0.0,0.0,0.5092,0.5092,0.5092,10000024,2015-06-24,2015-06-24,C,2.35,2015-02-09
19947,2015-04-08 09:58:00,2015-04-08,0.5092,0.0,0.0,0.0,0.5092,0.5092,0.5092,10000024,2015-06-24,2015-06-24,C,2.35,2015-02-09
19948,2015-04-08 09:59:00,2015-04-08,0.5092,0.0,0.0,0.0,0.5092,0.5092,0.5092,10000024,2015-06-24,2015-06-24,C,2.35,2015-02-09
19949,2015-04-08 10:00:00,2015-04-08,0.5092,0.0,0.0,0.0,0.5092,0.5092,0.5092,10000024,2015-06-24,2015-06-24,C,2.35,2015-02-09
19950,2015-04-08 10:01:00,2015-04-08,0.5092,0.0,0.0,0.0,0.5092,0.5092,0.5092,10000024,2015-06-24,2015-06-24,C,2.35,2015-02-09
19951,2015-04-08 10:02:00,2015-04-08,0.5092,0.0,0.0,0.0,0.5092,0.5092,0.5092,10000024,2015-06-24,2015-06-24,C,2.35,2015-02-09
19952,2015-04-08 10:03:00,2015-04-08,0.5092,0.0,0.0,0.0,0.5092,0.5092,0.5092,10000024,2015-06-24,2015-06-24,C,2.35,2015-02-09
19953,2015-04-08 10:04:00,2015-04-08,0.5092,0.0,0.0,0.0,0.5092,0.5092,0.5092,10000024,2015-06-24,2015-06-24,C,2.35,2015-02-09
19954,2015-04-08 10:05:00,2015-04-08,0.5092,0.0,0.0,0.0,0.5092,0.5092,0.5092,10000024,2015-06-24,2015-06-24,C,2.35,2015-02-09
19955,2015-04-08 10:06:00,2015-04-08,0.5092,0.0,0.0,0.0,0.5092,0.5092,0.5092,10000024,2015-06-24,2015-06-24,C,2.35,2015-02-09
19956,2015-04-08 10:07:00,2015-04-08,0.5092,0.0,0.0,0.0,0.5092,0.5092,0.5092,10000024,2015-06-24,2015-06-24,C,2.35,2015-02-09
19957,2015-04-08 10:08:00,2015-04-08,0.5092,0.0,0.0,0.0,0.5092,0.5092,0.5092,10000024,2015-06-24,2015-06-24,C,2.35,2015-02-09
19958,2015-04-08 10:09:00,2015-04-08,0.5092,0.0,0.0,0.0,0.5092,0.5092,0.5092,10000024,2015-06-24,2015-06-24,C,2.35,2015-02-09
19959,2015-04-08 10:10:00,2015-04-08,0.5092,0.0,0.0,0.0,0.5092,0.5092,0.5092,10000024,2015-06-24,2015-06-24,C,2.35,2015-02-09
19960,2015-04-08 10:11:00,2015-04-08,0.5092,0.0,0.0,0.0,0.5092,0.5092,0.5092,10000024,2015-06-24,2015-06-24,C,2.35,2015-02-09
19961,2015-04-08 10:12:00,2015-04-08,0.5092,0.0,0.0,0.0,0.5092,0.5092,0.5092,10000024,2015-06-24,2015-06-24,C,2.35,2015-02-09
19962,2015-04-08 10:13:00,2015-04-08,0.5092,0.0,0.0,0.0,0.5092,0.5092,0.5092,10000024,2015-06-24,2015-06-24,C,2.35,2015-02-09
19963,2015-04-08 10:14:00,2015-04-08,0.5092,0.0,0.0,0.0,0.5092,0.5092,0.5092,10000024,2015-06-24,2015-06-24,C,2.35,2015-02-09
19964,2015-04-08 10:15:00,2015-04-08,0.5092,0.0,0.0,0.0,0.5092,0.5092,0.5092,10000024,2015-06-24,2015-06-24,C,2.35,2015-02-09
19965,2015-04-08 10:16:00,2015-04-08,0.5092,0.0,0.0,0.0,0.5092,0.5092,0.5092,10000024,2015-06-24,2015-06-24,C,2.35,2015-02-09
19966,2015-04-08 10:17:00,2015-04-08,0.5092,0.0,0.0,0.0,0.5092,0.5092,0.5092,10000024,2015-06-24,2015-06-24,C,2.35,2015-02-09
19967,2015-04-08 10:18:00,2015-04-08,0.5092,0.0,0.0,0.0,0.5092,0.5092,0.5092,10000024,2015-06-24,2015-06-24,C,2.35,2015-02-09
19968,2015-04-08 10:19:00,2015-04-08,0.5092,0.0,0.0,0.0,0.5092,0.5092,0.5092,10000024,2015-06-24,2015-06-24,C,2.35,2015-02-09
19969,2015-04-08 10:20:00,2015-04-08,0.5092,0.0,0.0,0.0,0.5092,0.5092,0.5092,10000024,2015-06-24,2015-06-24,C,2.35,2015-02-09
19970,2015-04-08 10:21:00,2015-04-08,0.5092,0.0,0.0,0.0,0.5092,0.5092,0.5092,10000024,2015-06-24,2015-06-24,C,2.35,2015-02-09
19971,2015-04-08 10:22:00,2015-04-08,0.5092,0.0,0.0,0.0,0.5092,0.5092,0.5092,10000024,2015-06-24,2015-06-24,C,2.35,2015-02-09
19972,2015-04-08 10:23:00,2015-04-08,0.5092,0.0,0.0,0.0,0.5092,0.5092,0.5092,10000024,2015-06-24,2015-06-24,C,2.35,2015-02-09
19973,2015-04-08 10:24:00,2015-04-08,0.5092,0.0,0.0,0.0,0.5092,0.5092,0.5092,10000024,2015-06-24,2015-06-24,C,2.35,2015-02-09
19974,2015-04-08 10:25:00,2015-04-08,0.5092,0.0,0.0,0.0,0.5092,0.5092,0.5092,10000024,2015-06-24,2015-06-24,C,2.35,2015-02-09
19975,2015-04-08 10:26:00,2015-04-08,0.5092,0.0,0.0,0.0,0.5092,0.5092,0.5092,10000024,2015-06-24,2015-06-24,C,2.35,2015-02-09
19976,2015-04-08 10:27:00,2015-04-08,0.5092,0.0,0.0,0.0,0.5092,0.5092,0.5092,10000024,2015-06-24,2015-06-24,C,2.35,2015-02-09
19977,2015-04-08 10:28:00,2015-04-08,0.5092,0.0,0.0,0.0,0.5092,0.5092,0.5092,10000024,2015-06-24,2015-06-24,C,2.35,2015-02-09
19978,2015-04-08 10:29:00,2015-04-08,0.5092,0.0,0.0,0.0,0.5092,0.5092,0.5092,10000024,2015-06-24,2015-06-24,C,2.35,2015-02-09
19979,2015-04-08 10:30:00,2015-04-08,0.5092,0.0,0.0,0.0,0.5092,0.5092,0.5092,10000024,2015-06-24,2015-06-24,C,2.35,2015-02-09
19980,2015-04-08 10:31:00,2015-04-08,0.5092,0.0,0.0,0.0,0.5092,0.5092,0.5092,10000024,2015-06-24,2015-06-24,C,2.35,2015-02-09
19981,2015-04-08 10:32:00,2015-04-08,0.5092,0.0,0.0,0.0,0.5092,0.5092,0.5092,10000024,2015-06-24,2015-06-24,C,2.35,2015-02-09
19982,2015-04-08 10:33:00,2015-04-08,0.5092,0.0,0.0,0.0,0.5092,0.5092,0.5092,10000024,2015-06-24,2015-06-24,C,2.35,2015-02-09
19983,2015-04-08 10:34:00,2015-04-08,0.5092,0.0,0.0,0.0,0.5092,0.5092,0.5092,10000024,2015-06-24,2015-06-24,C,2.35,2015-02-09
19984,2015-04-08 10:35:00,2015-04-08,0.5092,0.0,0.0,0.0,0.5092,0.5092,0.5092,10000024,2015-06-24,2015-06-24,C,2.35,2015-02-09
19985,2015-04-08 10:36:00,2015-04-08,0.5092,0.0,0.0,0.0,0.5092,0.5092,0.5092,10000024,2015-06-24,2015-06-24,C,2.35,2015-02-09
19986,2015-04-08 10:37:00,2015-04-08,0.5092,0.0,0.0,0.0,0.5092,0.5092,0.5092,10000024,2015-06-24,2015-06-24,C,2.35,2015-02-09
19987,2015-04-08 10:38:00,2015-04-08,0.5092,0.0,0.0,0.0,0.5092,0.5092,0.5092,10000024,2015-06-24,2015-06-24,C,2.35,2015-02-09
19988,2015-04-08 10:39:00,2015-04-08,0.5092,0.0,0.0,0.0,0.5092,0.5092,0.5092,10000024,2015-06-24,2015-06-24,C,2.35,2015-02-09
19989,2015-04-08 10:40:00,2015-04-08,0.5092,0.0,0.0,0.0,0.5092,0.5092,0.5092,10000024,2015-06-24,2015-06-24,C,2.35,2015-02-09
19990,2015-04-08 10:41:00,2015-04-08,0.5092,0.0,0.0,0.0,0.5092,0.5092,0.5092,10000024,2015-06-24,2015-06-24,C,2.35,2015-02-09
19991,2015-04-08 10:42:00,2015-04-08,0.5092,0.0,0.0,0.0,0.5092,0.5092,0.5092,10000024,2015-06-24,2015-06-24,C,2.35,2015-02-09
19992,2015-04-08 10:43:00,2015-04-08,0.5092,0.0,0.0,0.0,0.5092,0.5092,0.5092,10000024,2015-06-24,2015-06-24,C,2.35,2015-02-09
19993,2015-04-08 10:44:00,2015-04-08,0.5092,0.0,0.0,0.0,0.5092,0.5092,0.5092,10000024,2015-06-24,2015-06-24,C,2.35,2015-02-09
19994,2015-04-08 10:45:00,2015-04-08,0.5092,0.0,0.0,0.0,0.5092,0.5092,0.5092,10000024,2015-06-24,2015-06-24,C,2.35,2015-02-09
19995,2015-04-08 10:46:00,2015-04-08,0.5092,0.0,0.0,0.0,0.5092,0.5092,0.5092,10000024,2015-06-24,2015-06-24,C,2.35,2015-02-09
19996,2015-04-08 10:47:00,2015-04-08,0.5092,0.0,0.0,0.0,0.5092,0.5092,0.5092,10000024,2015-06-24,2015-06-24,C,2.35,2015-02-09
19997,2015-04-08 10:48:00,2015-04-08,0.5092,0.0,0.0,0.0,0.5092,0.5092,0.5092,10000024,2015-06-24,2015-06-24,C,2.35,2015-02-09
19998,2015-04-08 10:49:00,2015-04-08,0.5092,0.0,0.0,0.0,0.5092,0.5092,0.5092,10000024,2015-06-24,2015-06-24,C,2.35,2015-02-09
19999,2015-04-08 10:50:00,2015-04-08,0.5092,0.0,0.0,0.0,0.5092,0.5092,0.5092,10000024,2015-06-24,2015-06-24,C,2.35,2015-02-09
20000,2015-04-08 10:51:00,2015-04-08,0.5092,0.0,0.0,0.0,0.5092,0.5092,0.5092,10000024,2015-06-24,2015-06-24,C,2.35,2015-02-09
20001,2015-04-08 10:52:00,2015-04-08,0.5092,0.0,0.0,0.0,0.5092,0.5092,0.5092,10000024,2015-06-24,2015-06-24,C,2.35,2015-02-09
20002,2015-04-08 10:53:00,2015-04-08,0.5092,0.0,0.0,0.0,0.5092,0.5092,0.5092,10000024,2015-06-24,2015-06-24,C,2.35,2015-02-09
20003,2015-04-08 10:54:00,2015-04-08,0.5092,0.0,0.0,0.0,0.5092,0.5092,0.5092,10000024,2015-06-24,2015-06-24,C,2.35,2015-02-09
20004,2015-04-08 10:55:00,2015-04-08,0.5092,0.0,0.0,0.0,0.5092,0.5092,0.5092,10000024,2015-06-24,2015-06-24,C,2.35,2015-02-09
20005,2015-04-08 10:56:00,2015-04-08,0.5092,0.0,0.0,0.0,0.5092,0.5092,0.5092,10000024,2015-06-24,2015-06-24,C,2.35,2015-02-09
20006,2015-04-08 10:57:00,2015-04-08,0.5092,0.0,0.0,0.0,0.5092,0.5092,0.5092,10000024,2015-06-24,2015-06-24,C,2.35,2015-02-09
20007,2015-04-08 10:58:00,2015-04-08,0.5092,0.0,0.0,0.0,0.5092,0.5092,0.5092,10000024,2015-06-24,2015-06-24,C,2.35,2015-02-09
20008,2015-04-08 10:59:00,2015-04-08,0.5092,0.0,0.0,0.0,0.5092,0.5092,0.5092,10000024,2015-06-24,2015-06-24,C,2.35,2015-02-09
20009,2015-04-08 11:00:00,2015-04-08,0.5092,0.0,0.0,0.0,0.5092,0.5092,0.5092,10000024,2015-06-24,2015-06-24,C,2.35,2015-02-09
20010,2015-04-08 11:01:00,2015-04-08,0.5092,0.0,0.0,0.0,0.5092,0.5092,0.5092,10000024,2015-06-24,2015-06-24,C,2.35,2015-02-09
20011,2015-04-08 11:02:00,2015-04-08,0.5092,0.0,0.0,0.0,0.5092,0.5092,0.5092,10000024,2015-06-24,2015-06-24,C,2.35,2015-02-09
20012,2015-04-08 11:03:00,2015-04-08,0.5092,0.0,0.0,0.0,0.5092,0.5092,0.5092,10000024,2015-06-24,2015-06-24,C,2.35,2015-02-09
20013,2015-04-08 11:04:00,2015-04-08,0.5092,0.0,0.0,0.0,0.5092,0.5092,0.5092,10000024,2015-06-24,2015-06-24,C,2.35,2015-02-09
20014,2015-04-08 11:05:00,2015-04-08,0.5092,0.0,0.0,0.0,0.5092,0.5092,0.5092,10000024,2015-06-24,2015-06-24,C,2.35,2015-02-09
20015,2015-04-08 11:06:00,2015-04-08,0.5092,0.0,0.0,0.0,0.5092,0.5092,0.5092,10000024,2015-06-24,2015-06-24,C,2.35,2015-02-09
20016,2015-04-08 11:07:00,2015-04-08,0.5092,0.0,0.0,0.0,0.5092,0.5092,0.5092,10000024,2015-06-24,2015-06-24,C,2.35,2015-02-09
20017,2015-04-08 11:08:00,2015-04-08,0.5092,0.0,0.0,0.0,0.5092,0.5092,0.5092,10000024,2015-06-24,2015-06-24,C,2.35,2015-02-09
20018,2015-04-08 11:09:00,2015-04-08,0.5092,0.0,0.0,0.0,0.5092,0.5092,0.5092,10000024,2015-06-24,2015-06-24,C,2.35,2015-02-09
20019,2015-04-08 11:10:00,2015-04-08,0.5092,0.0,0.0,0.0,0.5092,0.5092,0.5092,10000024,2015-06-24,2015-06-24,C,2.35,2015-02-09
20020,2015-04-08 11:11:00,2015-04-08,0.5092,0.0,0.0,0.0,0.5092,0.5092,0.5092,10000024,2015-06-24,2015-06-24,C,2.35,2015-02-09
20021,2015-04-08 11:12:00,2015-04-08,0.5092,0.0,0.0,0.0,0.5092,0.5092,0.5092,10000024,2015-06-24,2015-06-24,C,2.35,2015-02-09
20022,2015-04-08 11:13:00,2015-04-08,0.5092,0.0,0.0,0.0,0.5092,0.5092,0.5092,10000024,2015-06-24,2015-06-24,C,2.35,2015-02-09
20023,2015-04-08 11:14:00,2015-04-08,0.5092,0.0,0.0,0.0,0.5092,0.5092,0.5092,10000024,2015-06-24,2015-06-24,C,2.35,2015-02-09
20024,2015-04-08 11:15:00,2015-04-08,0.5092,0.0,0.0,0.0,0.5092,0.5092,0.5092,10000024,2015-06-24,2015-06-24,C,2.35,2015-02-09
20025,2015-04-08 11:16:00,2015-04-08,0.5092,0.0,0.0,0.0,0.5092,0.5092,0.5092,10000024,2015-06-24,2015-06-24,C,2.35,2015-02-09
20026,2015-04-08 11:17:00,2015-04-08,0.5136,-28350.0,-5.0,951.0,0.5136,0.5136,0.5136,10000024,2015-06-24,2015-06-24,C,2.35,2015-02-09
20027,2015-04-08 11:18:00,2015-04-08,0.5136,0.0,0.0,951.0,0.5136,0.5136,0.5136,10000024,2015-06-24,2015-06-24,C,2.35,2015-02-09
20028,2015-04-08 11:19:00,2015-04-08,0.5136,0.0,0.0,951.0,0.5136,0.5136,0.5136,10000024,2015-06-24,2015-06-24,C,2.35,2015-02-09
20029,2015-04-08 11:20:00,2015-04-08,0.5136,0.0,0.0,951.0,0.5136,0.5136,0.5136,10000024,2015-06-24,2015-06-24,C,2.35,2015-02-09
20030,2015-04-08 11:21:00,2015-04-08,0.5136,0.0,0.0,951.0,0.5136,0.5136,0.5136,10000024,2015-06-24,2015-06-24,C,2.35,2015-02-09
20031,2015-04-08 11:22:00,2015-04-08,0.5136,0.0,0.0,951.0,0.5136,0.5136,0.5136,10000024,2015-06-24,2015-06-24,C,2.35,2015-02-09
20032,2015-04-08 11:23:00,2015-04-08,0.5136,0.0,0.0,951.0,0.5136,0.5136,0.5136,10000024,2015-06-24,2015-06-24,C,2.35,2015-02-09
20033,2015-04-08 11:24:00,2015-04-08,0.5136,0.0,0.0,951.0,0.5136,0.5136,0.5136,10000024,2015-06-24,2015-06-24,C,2.35,2015-02-09
20034,2015-04-08 11:25:00,2015-04-08,0.5136,0.0,0.0,951.0,0.5136,0.5136,0.5136,10000024,2015-06-24,2015-06-24,C,2.35,2015-02-09
20035,2015-04-08 11:26:00,2015-04-08,0.5136,0.0,0.0,951.0,0.5136,0.5136,0.5136,10000024,2015-06-24,2015-06-24,C,2.35,2015-02-09
20036,2015-04-08 11:27:00,2015-04-08,0.5136,0.0,0.0,951.0,0.5136,0.5136,0.5136,10000024,2015-06-24,2015-06-24,C,2.35,2015-02-09
20037,2015-04-08 11:28:00,2015-04-08,0.5136,0.0,0.0,951.0,0.5136,0.5136,0.5136,10000024,2015-06-24,2015-06-24,C,2.35,2015-02-09
20038,2015-04-08 11:29:00,2015-04-08,0.5136,0.0,0.0,951.0,0.5136,0.5136,0.5136,10000024,2015-06-24,2015-06-24,C,2.35,2015-02-09
20039,2015-04-08 11:30:00,2015-04-08,0.5136,0.0,0.0,951.0,0.5136,0.5136,0.5136,10000024,2015-06-24,2015-06-24,C,2.35,2015-02-09
20040,2015-04-08 13:01:00,2015-04-08,0.5136,0.0,0.0,951.0,0.5136,0.5136,0.5136,10000024,2015-06-24,2015-06-24,C,2.35,2015-02-09
20041,2015-04-08 13:02:00,2015-04-08,0.5136,0.0,0.0,951.0,0.5136,0.5136,0.5136,10000024,2015-06-24,2015-06-24,C,2.35,2015-02-09
20042,2015-04-08 13:03:00,2015-04-08,0.5136,0.0,0.0,951.0,0.5136,0.5136,0.5136,10000024,2015-06-24,2015-06-24,C,2.35,2015-02-09
20043,2015-04-08 13:04:00,2015-04-08,0.5136,0.0,0.0,951.0,0.5136,0.5136,0.5136,10000024,2015-06-24,2015-06-24,C,2.35,2015-02-09
20044,2015-04-08 13:05:00,2015-04-08,0.5136,0.0,0.0,951.0,0.5136,0.5136,0.5136,10000024,2015-06-24,2015-06-24,C,2.35,2015-02-09
20045,2015-04-08 13:06:00,2015-04-08,0.5136,0.0,0.0,951.0,0.5136,0.5136,0.5136,10000024,2015-06-24,2015-06-24,C,2.35,2015-02-09
20046,2015-04-08 13:07:00,2015-04-08,0.5136,0.0,0.0,951.0,0.5136,0.5136,0.5136,10000024,2015-06-24,2015-06-24,C,2.35,2015-02-09
20047,2015-04-08 13:08:00,2015-04-08,0.5136,0.0,0.0,951.0,0.5136,0.5136,0.5136,10000024,2015-06-24,2015-06-24,C,2.35,2015-02-09
20048,2015-04-08 13:09:00,2015-04-08,0.5136,0.0,0.0,951.0,0.5136,0.5136,0.5136,10000024,2015-06-24,2015-06-24,C,2.35,2015-02-09
20049,2015-04-08 13:10:00,2015-04-08,0.5136,0.0,0.0,951.0,0.5136,0.5136,0.5136,10000024,2015-06-24,2015-06-24,C,2.35,2015-02-09
20050,2015-04-08 13:11:00,2015-04-08,0.5136,0.0,0.0,951.0,0.5136,0.5136,0.5136,10000024,2015-06-24,2015-06-24,C,2.35,2015-02-09
20051,2015-04-08 13:12:00,2015-04-08,0.5136,0.0,0.0,951.0,0.5136,0.5136,0.5136,10000024,2015-06-24,2015-06-24,C,2.35,2015-02-09
20052,2015-04-08 13:13:00,2015-04-08,0.5136,0.0,0.0,951.0,0.5136,0.5136,0.5136,10000024,2015-06-24,2015-06-24,C,2.35,2015-02-09
20053,2015-04-08 13:14:00,2015-04-08,0.5136,0.0,0.0,951.0,0.5136,0.5136,0.5136,10000024,2015-06-24,2015-06-24,C,2.35,2015-02-09
20054,2015-04-08 13:15:00,2015-04-08,0.5136,0.0,0.0,951.0,0.5136,0.5136,0.5136,10000024,2015-06-24,2015-06-24,C,2.35,2015-02-09
20055,2015-04-08 13:16:00,2015-04-08,0.5136,0.0,0.0,951.0,0.5136,0.5136,0.5136,10000024,2015-06-24,2015-06-24,C,2.35,2015-02-09
20056,2015-04-08 13:17:00,2015-04-08,0.5136,0.0,0.0,951.0,0.5136,0.5136,0.5136,10000024,2015-06-24,2015-06-24,C,2.35,2015-02-09
20057,2015-04-08 13:18:00,2015-04-08,0.5136,0.0,0.0,951.0,0.5136,0.5136,0.5136,10000024,2015-06-24,2015-06-24,C,2.35,2015-02-09
20058,2015-04-08 13:19:00,2015-04-08,0.5670000000000001,28350.0,5.0,954.0,0.5670000000000001,0.5670000000000001,0.5670000000000001,10000024,2015-06-24,2015-06-24,C,2.35,2015-02-09
20059,2015-04-08 13:20:00,2015-04-08,0.5670000000000001,0.0,0.0,954.0,0.5670000000000001,0.5670000000000001,0.5670000000000001,10000024,2015-06-24,2015-06-24,C,2.35,2015-02-09
20060,2015-04-08 13:21:00,2015-04-08,0.5670000000000001,0.0,0.0,954.0,0.5670000000000001,0.5670000000000001,0.5670000000000001,10000024,2015-06-24,2015-06-24,C,2.35,2015-02-09
20061,2015-04-08 13:22:00,2015-04-08,0.5670000000000001,0.0,0.0,954.0,0.5670000000000001,0.5670000000000001,0.5670000000000001,10000024,2015-06-24,2015-06-24,C,2.35,2015-02-09
20062,2015-04-08 13:23:00,2015-04-08,0.5670000000000001,0.0,0.0,954.0,0.5670000000000001,0.5670000000000001,0.5670000000000001,10000024,2015-06-24,2015-06-24,C,2.35,2015-02-09
20063,2015-04-08 13:24:00,2015-04-08,0.5670000000000001,0.0,0.0,954.0,0.5670000000000001,0.5670000000000001,0.5670000000000001,10000024,2015-06-24,2015-06-24,C,2.35,2015-02-09
20064,2015-04-08 13:25:00,2015-04-08,0.5670000000000001,0.0,0.0,954.0,0.5670000000000001,0.5670000000000001,0.5670000000000001,10000024,2015-06-24,2015-06-24,C,2.35,2015-02-09
20065,2015-04-08 13:26:00,2015-04-08,0.5670000000000001,0.0,0.0,954.0,0.5670000000000001,0.5670000000000001,0.5670000000000001,10000024,2015-06-24,2015-06-24,C,2.35,2015-02-09
20066,2015-04-08 13:27:00,2015-04-08,0.5670000000000001,0.0,0.0,954.0,0.5670000000000001,0.5670000000000001,0.5670000000000001,10000024,2015-06-24,2015-06-24,C,2.35,2015-02-09
20067,2015-04-08 13:28:00,2015-04-08,0.5670000000000001,0.0,0.0,954.0,0.5670000000000001,0.5670000000000001,0.5670000000000001,10000024,2015-06-24,2015-06-24,C,2.35,2015-02-09
20068,2015-04-08 13:29:00,2015-04-08,0.5670000000000001,0.0,0.0,954.0,0.5670000000000001,0.5670000000000001,0.5670000000000001,10000024,2015-06-24,2015-06-24,C,2.35,2015-02-09
20069,2015-04-08 13:30:00,2015-04-08,0.5670000000000001,0.0,0.0,954.0,0.5670000000000001,0.5670000000000001,0.5670000000000001,10000024,2015-06-24,2015-06-24,C,2.35,2015-02-09
20070,2015-04-08 13:31:00,2015-04-08,0.5670000000000001,0.0,0.0,954.0,0.5670000000000001,0.5670000000000001,0.5670000000000001,10000024,2015-06-24,2015-06-24,C,2.35,2015-02-09
20071,2015-04-08 13:32:00,2015-04-08,0.5670000000000001,0.0,0.0,954.0,0.5670000000000001,0.5670000000000001,0.5670000000000001,10000024,2015-06-24,2015-06-24,C,2.35,2015-02-09
20072,2015-04-08 13:33:00,2015-04-08,0.5670000000000001,0.0,0.0,954.0,0.5670000000000001,0.5670000000000001,0.5670000000000001,10000024,2015-06-24,2015-06-24,C,2.35,2015-02-09
20073,2015-04-08 13:34:00,2015-04-08,0.5670000000000001,0.0,0.0,954.0,0.5670000000000001,0.5670000000000001,0.5670000000000001,10000024,2015-06-24,2015-06-24,C,2.35,2015-02-09
20074,2015-04-08 13:35:00,2015-04-08,0.5670000000000001,0.0,0.0,954.0,0.5670000000000001,0.5670000000000001,0.5670000000000001,10000024,2015-06-24,2015-06-24,C,2.35,2015-02-09
20075,2015-04-08 13:36:00,2015-04-08,0.5670000000000001,0.0,0.0,954.0,0.5670000000000001,0.5670000000000001,0.5670000000000001,10000024,2015-06-24,2015-06-24,C,2.35,2015-02-09
20076,2015-04-08 13:37:00,2015-04-08,0.5670000000000001,0.0,0.0,954.0,0.5670000000000001,0.5670000000000001,0.5670000000000001,10000024,2015-06-24,2015-06-24,C,2.35,2015-02-09
20077,2015-04-08 13:38:00,2015-04-08,0.5670000000000001,0.0,0.0,954.0,0.5670000000000001,0.5670000000000001,0.5670000000000001,10000024,2015-06-24,2015-06-24,C,2.35,2015-02-09
20078,2015-04-08 13:39:00,2015-04-08,0.5670000000000001,0.0,0.0,954.0,0.5670000000000001,0.5670000000000001,0.5670000000000001,10000024,2015-06-24,2015-06-24,C,2.35,2015-02-09
20079,2015-04-08 13:40:00,2015-04-08,0.5670000000000001,0.0,0.0,954.0,0.5670000000000001,0.5670000000000001,0.5670000000000001,10000024,2015-06-24,2015-06-24,C,2.35,2015-02-09
20080,2015-04-08 13:41:00,2015-04-08,0.5670000000000001,0.0,0.0,954.0,0.5670000000000001,0.5670000000000001,0.5670000000000001,10000024,2015-06-24,2015-06-24,C,2.35,2015-02-09
20081,2015-04-08 13:42:00,2015-04-08,0.5670000000000001,0.0,0.0,954.0,0.5670000000000001,0.5670000000000001,0.5670000000000001,10000024,2015-06-24,2015-06-24,C,2.35,2015-02-09
20082,2015-04-08 13:43:00,2015-04-08,0.5670000000000001,0.0,0.0,954.0,0.5670000000000001,0.5670000000000001,0.5670000000000001,10000024,2015-06-24,2015-06-24,C,2.35,2015-02-09
20083,2015-04-08 13:44:00,2015-04-08,0.5670000000000001,0.0,0.0,954.0,0.5670000000000001,0.5670000000000001,0.5670000000000001,10000024,2015-06-24,2015-06-24,C,2.35,2015-02-09
20084,2015-04-08 13:45:00,2015-04-08,0.5670000000000001,0.0,0.0,954.0,0.5670000000000001,0.5670000000000001,0.5670000000000001,10000024,2015-06-24,2015-06-24,C,2.35,2015-02-09
20085,2015-04-08 13:46:00,2015-04-08,0.5670000000000001,0.0,0.0,954.0,0.5670000000000001,0.5670000000000001,0.5670000000000001,10000024,2015-06-24,2015-06-24,C,2.35,2015-02-09
20086,2015-04-08 13:47:00,2015-04-08,0.5670000000000001,0.0,0.0,954.0,0.5670000000000001,0.5670000000000001,0.5670000000000001,10000024,2015-06-24,2015-06-24,C,2.35,2015-02-09
20087,2015-04-08 13:48:00,2015-04-08,0.5670000000000001,0.0,0.0,954.0,0.5670000000000001,0.5670000000000001,0.5670000000000001,10000024,2015-06-24,2015-06-24,C,2.35,2015-02-09
20088,2015-04-08 13:49:00,2015-04-08,0.5670000000000001,0.0,0.0,954.0,0.5670000000000001,0.5670000000000001,0.5670000000000001,10000024,2015-06-24,2015-06-24,C,2.35,2015-02-09
20089,2015-04-08 13:50:00,2015-04-08,0.5670000000000001,0.0,0.0,954.0,0.5670000000000001,0.5670000000000001,0.5670000000000001,10000024,2015-06-24,2015-06-24,C,2.35,2015-02-09
20090,2015-04-08 13:51:00,2015-04-08,0.5670000000000001,0.0,0.0,954.0,0.5670000000000001,0.5670000000000001,0.5670000000000001,10000024,2015-06-24,2015-06-24,C,2.35,2015-02-09
20091,2015-04-08 13:52:00,2015-04-08,0.5670000000000001,0.0,0.0,954.0,0.5670000000000001,0.5670000000000001,0.5670000000000001,10000024,2015-06-24,2015-06-24,C,2.35,2015-02-09
20092,2015-04-08 13:53:00,2015-04-08,0.5670000000000001,0.0,0.0,954.0,0.5670000000000001,0.5670000000000001,0.5670000000000001,10000024,2015-06-24,2015-06-24,C,2.35,2015-02-09
20093,2015-04-08 13:54:00,2015-04-08,0.5670000000000001,0.0,0.0,954.0,0.5670000000000001,0.5670000000000001,0.5670000000000001,10000024,2015-06-24,2015-06-24,C,2.35,2015-02-09
20094,2015-04-08 13:55:00,2015-04-08,0.5670000000000001,0.0,0.0,954.0,0.5670000000000001,0.5670000000000001,0.5670000000000001,10000024,2015-06-24,2015-06-24,C,2.35,2015-02-09
20095,2015-04-08 13:56:00,2015-04-08,0.5670000000000001,0.0,0.0,954.0,0.5670000000000001,0.5670000000000001,0.5670000000000001,10000024,2015-06-24,2015-06-24,C,2.35,2015-02-09
20096,2015-04-08 13:57:00,2015-04-08,0.5670000000000001,0.0,0.0,954.0,0.5670000000000001,0.5670000000000001,0.5670000000000001,10000024,2015-06-24,2015-06-24,C,2.35,2015-02-09
20097,2015-04-08 13:58:00,2015-04-08,0.5670000000000001,0.0,0.0,954.0,0.5670000000000001,0.5670000000000001,0.5670000000000001,10000024,2015-06-24,2015-06-24,C,2.35,2015-02-09
20098,2015-04-08 13:59:00,2015-04-08,0.5670000000000001,0.0,0.0,954.0,0.5670000000000001,0.5670000000000001,0.5670000000000001,10000024,2015-06-24,2015-06-24,C,2.35,2015-02-09
20099,2015-04-08 14:00:00,2015-04-08,0.5670000000000001,0.0,0.0,954.0,0.5670000000000001,0.5670000000000001,0.5670000000000001,10000024,2015-06-24,2015-06-24,C,2.35,2015-02-09
20100,2015-04-08 14:01:00,2015-04-08,0.5670000000000001,0.0,0.0,954.0,0.5670000000000001,0.5670000000000001,0.5670000000000001,10000024,2015-06-24,2015-06-24,C,2.35,2015-02-09
20101,2015-04-08 14:02:00,2015-04-08,0.5670000000000001,0.0,0.0,954.0,0.5670000000000001,0.5670000000000001,0.5670000000000001,10000024,2015-06-24,2015-06-24,C,2.35,2015-02-09
20102,2015-04-08 14:03:00,2015-04-08,0.5670000000000001,0.0,0.0,954.0,0.5670000000000001,0.5670000000000001,0.5670000000000001,10000024,2015-06-24,2015-06-24,C,2.35,2015-02-09
20103,2015-04-08 14:04:00,2015-04-08,0.5670000000000001,0.0,0.0,954.0,0.5670000000000001,0.5670000000000001,0.5670000000000001,10000024,2015-06-24,2015-06-24,C,2.35,2015-02-09
20104,2015-04-08 14:05:00,2015-04-08,0.5670000000000001,0.0,0.0,954.0,0.5670000000000001,0.5670000000000001,0.5670000000000001,10000024,2015-06-24,2015-06-24,C,2.35,2015-02-09
20105,2015-04-08 14:06:00,2015-04-08,0.5670000000000001,0.0,0.0,954.0,0.5670000000000001,0.5670000000000001,0.5670000000000001,10000024,2015-06-24,2015-06-24,C,2.35,2015-02-09
20106,2015-04-08 14:07:00,2015-04-08,0.5670000000000001,0.0,0.0,954.0,0.5670000000000001,0.5670000000000001,0.5670000000000001,10000024,2015-06-24,2015-06-24,C,2.35,2015-02-09
20107,2015-04-08 14:08:00,2015-04-08,0.5670000000000001,0.0,0.0,954.0,0.5670000000000001,0.5670000000000001,0.5670000000000001,10000024,2015-06-24,2015-06-24,C,2.35,2015-02-09
20108,2015-04-08 14:09:00,2015-04-08,0.5670000000000001,0.0,0.0,954.0,0.5670000000000001,0.5670000000000001,0.5670000000000001,10000024,2015-06-24,2015-06-24,C,2.35,2015-02-09
20109,2015-04-08 14:10:00,2015-04-08,0.5670000000000001,0.0,0.0,954.0,0.5670000000000001,0.5670000000000001,0.5670000000000001,10000024,2015-06-24,2015-06-24,C,2.35,2015-02-09
20110,2015-04-08 14:11:00,2015-04-08,0.5670000000000001,0.0,0.0,954.0,0.5670000000000001,0.5670000000000001,0.5670000000000001,10000024,2015-06-24,2015-06-24,C,2.35,2015-02-09
20111,2015-04-08 14:12:00,2015-04-08,0.5670000000000001,0.0,0.0,954.0,0.5670000000000001,0.5670000000000001,0.5670000000000001,10000024,2015-06-24,2015-06-24,C,2.35,2015-02-09
20112,2015-04-08 14:13:00,2015-04-08,0.5670000000000001,0.0,0.0,954.0,0.5670000000000001,0.5670000000000001,0.5670000000000001,10000024,2015-06-24,2015-06-24,C,2.35,2015-02-09
20113,2015-04-08 14:14:00,2015-04-08,0.5670000000000001,0.0,0.0,954.0,0.5670000000000001,0.5670000000000001,0.5670000000000001,10000024,2015-06-24,2015-06-24,C,2.35,2015-02-09
20114,2015-04-08 14:15:00,2015-04-08,0.5670000000000001,0.0,0.0,954.0,0.5670000000000001,0.5670000000000001,0.5670000000000001,10000024,2015-06-24,2015-06-24,C,2.35,2015-02-09
20115,2015-04-08 14:16:00,2015-04-08,0.5670000000000001,0.0,0.0,954.0,0.5670000000000001,0.5670000000000001,0.5670000000000001,10000024,2015-06-24,2015-06-24,C,2.35,2015-02-09
20116,2015-04-08 14:17:00,2015-04-08,0.5670000000000001,0.0,0.0,954.0,0.5670000000000001,0.5670000000000001,0.5670000000000001,10000024,2015-06-24,2015-06-24,C,2.35,2015-02-09
20117,2015-04-08 14:18:00,2015-04-08,0.5670000000000001,0.0,0.0,954.0,0.5670000000000001,0.5670000000000001,0.5670000000000001,10000024,2015-06-24,2015-06-24,C,2.35,2015-02-09
20118,2015-04-08 14:19:00,2015-04-08,0.5670000000000001,0.0,0.0,954.0,0.5670000000000001,0.5670000000000001,0.5670000000000001,10000024,2015-06-24,2015-06-24,C,2.35,2015-02-09
20119,2015-04-08 14:20:00,2015-04-08,0.5670000000000001,0.0,0.0,954.0,0.5670000000000001,0.5670000000000001,0.5670000000000001,10000024,2015-06-24,2015-06-24,C,2.35,2015-02-09
20120,2015-04-08 14:21:00,2015-04-08,0.5670000000000001,0.0,0.0,954.0,0.5670000000000001,0.5670000000000001,0.5670000000000001,10000024,2015-06-24,2015-06-24,C,2.35,2015-02-09
20121,2015-04-08 14:22:00,2015-04-08,0.5670000000000001,0.0,0.0,954.0,0.5670000000000001,0.5670000000000001,0.5670000000000001,10000024,2015-06-24,2015-06-24,C,2.35,2015-02-09
20122,2015-04-08 14:23:00,2015-04-08,0.5670000000000001,0.0,0.0,954.0,0.5670000000000001,0.5670000000000001,0.5670000000000001,10000024,2015-06-24,2015-06-24,C,2.35,2015-02-09
20123,2015-04-08 14:24:00,2015-04-08,0.5670000000000001,0.0,0.0,954.0,0.5670000000000001,0.5670000000000001,0.5670000000000001,10000024,2015-06-24,2015-06-24,C,2.35,2015-02-09
20124,2015-04-08 14:25:00,2015-04-08,0.5670000000000001,0.0,0.0,954.0,0.5670000000000001,0.5670000000000001,0.5670000000000001,10000024,2015-06-24,2015-06-24,C,2.35,2015-02-09
20125,2015-04-08 14:26:00,2015-04-08,0.5670000000000001,0.0,0.0,954.0,0.5670000000000001,0.5670000000000001,0.5670000000000001,10000024,2015-06-24,2015-06-24,C,2.35,2015-02-09
20126,2015-04-08 14:27:00,2015-04-08,0.5670000000000001,0.0,0.0,954.0,0.5670000000000001,0.5670000000000001,0.5670000000000001,10000024,2015-06-24,2015-06-24,C,2.35,2015-02-09
20127,2015-04-08 14:28:00,2015-04-08,0.5670000000000001,0.0,0.0,954.0,0.5670000000000001,0.5670000000000001,0.5670000000000001,10000024,2015-06-24,2015-06-24,C,2.35,2015-02-09
20128,2015-04-08 14:29:00,2015-04-08,0.5670000000000001,0.0,0.0,954.0,0.5670000000000001,0.5670000000000001,0.5670000000000001,10000024,2015-06-24,2015-06-24,C,2.35,2015-02-09
20129,2015-04-08 14:30:00,2015-04-08,0.5670000000000001,0.0,0.0,954.0,0.5670000000000001,0.5670000000000001,0.5670000000000001,10000024,2015-06-24,2015-06-24,C,2.35,2015-02-09
20130,2015-04-08 14:31:00,2015-04-08,0.5670000000000001,0.0,0.0,954.0,0.5670000000000001,0.5670000000000001,0.5670000000000001,10000024,2015-06-24,2015-06-24,C,2.35,2015-02-09
20131,2015-04-08 14:32:00,2015-04-08,0.5670000000000001,0.0,0.0,954.0,0.5670000000000001,0.5670000000000001,0.5670000000000001,10000024,2015-06-24,2015-06-24,C,2.35,2015-02-09
20132,2015-04-08 14:33:00,2015-04-08,0.5670000000000001,0.0,0.0,954.0,0.5670000000000001,0.5670000000000001,0.5670000000000001,10000024,2015-06-24,2015-06-24,C,2.35,2015-02-09
20133,2015-04-08 14:34:00,2015-04-08,0.5670000000000001,0.0,0.0,954.0,0.5670000000000001,0.5670000000000001,0.5670000000000001,10000024,2015-06-24,2015-06-24,C,2.35,2015-02-09
20134,2015-04-08 14:35:00,2015-04-08,0.5670000000000001,0.0,0.0,954.0,0.5670000000000001,0.5670000000000001,0.5670000000000001,10000024,2015-06-24,2015-06-24,C,2.35,2015-02-09
20135,2015-04-08 14:36:00,2015-04-08,0.5670000000000001,0.0,0.0,954.0,0.5670000000000001,0.5670000000000001,0.5670000000000001,10000024,2015-06-24,2015-06-24,C,2.35,2015-02-09
20136,2015-04-08 14:37:00,2015-04-08,0.5670000000000001,0.0,0.0,954.0,0.5670000000000001,0.5670000000000001,0.5670000000000001,10000024,2015-06-24,2015-06-24,C,2.35,2015-02-09
20137,2015-04-08 14:38:00,2015-04-08,0.5670000000000001,0.0,0.0,954.0,0.5670000000000001,0.5670000000000001,0.5670000000000001,10000024,2015-06-24,2015-06-24,C,2.35,2015-02-09
20138,2015-04-08 14:39:00,2015-04-08,0.5670000000000001,0.0,0.0,954.0,0.5670000000000001,0.5670000000000001,0.5670000000000001,10000024,2015-06-24,2015-06-24,C,2.35,2015-02-09
20139,2015-04-08 14:40:00,2015-04-08,0.5670000000000001,0.0,0.0,954.0,0.5670000000000001,0.5670000000000001,0.5670000000000001,10000024,2015-06-24,2015-06-24,C,2.35,2015-02-09
20140,2015-04-08 14:41:00,2015-04-08,0.5670000000000001,0.0,0.0,954.0,0.5670000000000001,0.5670000000000001,0.5670000000000001,10000024,2015-06-24,2015-06-24,C,2.35,2015-02-09
20141,2015-04-08 14:42:00,2015-04-08,0.5670000000000001,0.0,0.0,954.0,0.5670000000000001,0.5670000000000001,0.5670000000000001,10000024,2015-06-24,2015-06-24,C,2.35,2015-02-09
20142,2015-04-08 14:43:00,2015-04-08,0.5670000000000001,0.0,0.0,954.0,0.5670000000000001,0.5670000000000001,0.5670000000000001,10000024,2015-06-24,2015-06-24,C,2.35,2015-02-09
20143,2015-04-08 14:44:00,2015-04-08,0.5670000000000001,0.0,0.0,954.0,0.5670000000000001,0.5670000000000001,0.5670000000000001,10000024,2015-06-24,2015-06-24,C,2.35,2015-02-09
20144,2015-04-08 14:45:00,2015-04-08,0.5670000000000001,0.0,0.0,954.0,0.5670000000000001,0.5670000000000001,0.5670000000000001,10000024,2015-06-24,2015-06-24,C,2.35,2015-02-09
20145,2015-04-08 14:46:00,2015-04-08,0.5670000000000001,0.0,0.0,954.0,0.5670000000000001,0.5670000000000001,0.5670000000000001,10000024,2015-06-24,2015-06-24,C,2.35,2015-02-09
20146,2015-04-08 14:47:00,2015-04-08,0.5670000000000001,0.0,0.0,954.0,0.5670000000000001,0.5670000000000001,0.5670000000000001,10000024,2015-06-24,2015-06-24,C,2.35,2015-02-09
20147,2015-04-08 14:48:00,2015-04-08,0.5670000000000001,0.0,0.0,954.0,0.5670000000000001,0.5670000000000001,0.5670000000000001,10000024,2015-06-24,2015-06-24,C,2.35,2015-02-09
20148,2015-04-08 14:49:00,2015-04-08,0.5670000000000001,0.0,0.0,954.0,0.5670000000000001,0.5670000000000001,0.5670000000000001,10000024,2015-06-24,2015-06-24,C,2.35,2015-02-09
20149,2015-04-08 14:50:00,2015-04-08,0.5670000000000001,0.0,0.0,954.0,0.5670000000000001,0.5670000000000001,0.5670000000000001,10000024,2015-06-24,2015-06-24,C,2.35,2015-02-09
20150,2015-04-08 14:51:00,2015-04-08,0.5670000000000001,0.0,0.0,954.0,0.5670000000000001,0.5670000000000001,0.5670000000000001,10000024,2015-06-24,2015-06-24,C,2.35,2015-02-09
20151,2015-04-08 14:52:00,2015-04-08,0.5670000000000001,0.0,0.0,954.0,0.5670000000000001,0.5670000000000001,0.5670000000000001,10000024,2015-06-24,2015-06-24,C,2.35,2015-02-09
20152,2015-04-08 14:53:00,2015-04-08,0.5670000000000001,0.0,0.0,954.0,0.5670000000000001,0.5670000000000001,0.5670000000000001,10000024,2015-06-24,2015-06-24,C,2.35,2015-02-09
20153,2015-04-08 14:54:00,2015-04-08,0.5670000000000001,0.0,0.0,954.0,0.5670000000000001,0.5670000000000001,0.5670000000000001,10000024,2015-06-24,2015-06-24,C,2.35,2015-02-09
20154,2015-04-08 14:55:00,2015-04-08,0.5670000000000001,0.0,0.0,954.0,0.5670000000000001,0.5670000000000001,0.5670000000000001,10000024,2015-06-24,2015-06-24,C,2.35,2015-02-09
20155,2015-04-08 14:56:00,2015-04-08,0.5670000000000001,0.0,0.0,954.0,0.5670000000000001,0.5670000000000001,0.5670000000000001,10000024,2015-06-24,2015-06-24,C,2.35,2015-02-09
20156,2015-04-08 14:57:00,2015-04-08,0.5670000000000001,0.0,0.0,954.0,0.5670000000000001,0.5670000000000001,0.5670000000000001,10000024,2015-06-24,2015-06-24,C,2.35,2015-02-09
20157,2015-04-08 14:58:00,2015-04-08,0.5670000000000001,0.0,0.0,954.0,0.5670000000000001,0.5670000000000001,0.5670000000000001,10000024,2015-06-24,2015-06-24,C,2.35,2015-02-09
20158,2015-04-08 14:59:00,2015-04-08,0.5670000000000001,0.0,0.0,954.0,0.5670000000000001,0.5670000000000001,0.5670000000000001,10000024,2015-06-24,2015-06-24,C,2.35,2015-02-09
20159,2015-04-08 15:00:00,2015-04-08,0.5670000000000001,0.0,0.0,954.0,0.5670000000000001,0.5670000000000001,0.5670000000000001,10000024,2015-06-24,2015-06-24,C,2.35,2015-02-09
20160,2015-04-08 09:31:00,2015-04-08,0.2933,0.0,0.0,0.0,0.2933,0.2933,0.2933,10000059,2015-04-22,2015-04-22,C,2.55,2015-02-27
20161,2015-04-08 09:32:00,2015-04-08,0.2933,0.0,0.0,0.0,0.2933,0.2933,0.2933,10000059,2015-04-22,2015-04-22,C,2.55,2015-02-27
20162,2015-04-08 09:33:00,2015-04-08,0.2933,0.0,0.0,0.0,0.2933,0.2933,0.2933,10000059,2015-04-22,2015-04-22,C,2.55,2015-02-27
20163,2015-04-08 09:34:00,2015-04-08,0.2949,-884456.0,-274.0,1359.0,0.2949,0.2949,0.2949,10000059,2015-04-22,2015-04-22,C,2.55,2015-02-27
20164,2015-04-08 09:35:00,2015-04-08,0.2949,0.0,0.0,1359.0,0.2949,0.2949,0.2949,10000059,2015-04-22,2015-04-22,C,2.55,2015-02-27
20165,2015-04-08 09:36:00,2015-04-08,0.2949,0.0,0.0,1359.0,0.2949,0.2949,0.2949,10000059,2015-04-22,2015-04-22,C,2.55,2015-02-27
20166,2015-04-08 09:37:00,2015-04-08,0.2949,0.0,0.0,1359.0,0.2949,0.2949,0.2949,10000059,2015-04-22,2015-04-22,C,2.55,2015-02-27
20167,2015-04-08 09:38:00,2015-04-08,0.2849,11396.0,4.0,1355.0,0.2849,0.2849,0.2849,10000059,2015-04-22,2015-04-22,C,2.55,2015-02-27
20168,2015-04-08 09:39:00,2015-04-08,0.2849,25641.0,9.0,1346.0,0.2849,0.2849,0.2849,10000059,2015-04-22,2015-04-22,C,2.55,2015-02-27
20169,2015-04-08 09:40:00,2015-04-08,0.2849,0.0,0.0,1346.0,0.2849,0.2849,0.2849,10000059,2015-04-22,2015-04-22,C,2.55,2015-02-27
20170,2015-04-08 09:41:00,2015-04-08,0.2849,0.0,0.0,1346.0,0.2849,0.2849,0.2849,10000059,2015-04-22,2015-04-22,C,2.55,2015-02-27
20171,2015-04-08 09:42:00,2015-04-08,0.2849,0.0,0.0,1346.0,0.2849,0.2849,0.2849,10000059,2015-04-22,2015-04-22,C,2.55,2015-02-27
20172,2015-04-08 09:43:00,2015-04-08,0.2849,0.0,0.0,1346.0,0.2849,0.2849,0.2849,10000059,2015-04-22,2015-04-22,C,2.55,2015-02-27
20173,2015-04-08 09:44:00,2015-04-08,0.2849,0.0,0.0,1346.0,0.2849,0.2849,0.2849,10000059,2015-04-22,2015-04-22,C,2.55,2015-02-27
20174,2015-04-08 09:45:00,2015-04-08,0.2849,0.0,0.0,1346.0,0.2849,0.2849,0.2849,10000059,2015-04-22,2015-04-22,C,2.55,2015-02-27
20175,2015-04-08 09:46:00,2015-04-08,0.2849,0.0,0.0,1346.0,0.2849,0.2849,0.2849,10000059,2015-04-22,2015-04-22,C,2.55,2015-02-27
20176,2015-04-08 09:47:00,2015-04-08,0.306,6120.0,2.0,1346.0,0.306,0.306,0.306,10000059,2015-04-22,2015-04-22,C,2.55,2015-02-27
20177,2015-04-08 09:48:00,2015-04-08,0.306,3060.0,1.0,1346.0,0.306,0.306,0.306,10000059,2015-04-22,2015-04-22,C,2.55,2015-02-27
20178,2015-04-08 09:49:00,2015-04-08,0.306,0.0,0.0,1346.0,0.306,0.306,0.306,10000059,2015-04-22,2015-04-22,C,2.55,2015-02-27
20179,2015-04-08 09:50:00,2015-04-08,0.306,0.0,0.0,1346.0,0.306,0.306,0.306,10000059,2015-04-22,2015-04-22,C,2.55,2015-02-27
20180,2015-04-08 09:51:00,2015-04-08,0.306,0.0,0.0,1346.0,0.306,0.306,0.306,10000059,2015-04-22,2015-04-22,C,2.55,2015-02-27
20181,2015-04-08 09:52:00,2015-04-08,0.306,0.0,0.0,1346.0,0.306,0.306,0.306,10000059,2015-04-22,2015-04-22,C,2.55,2015-02-27
20182,2015-04-08 09:53:00,2015-04-08,0.306,0.0,0.0,1346.0,0.306,0.306,0.306,10000059,2015-04-22,2015-04-22,C,2.55,2015-02-27
20183,2015-04-08 09:54:00,2015-04-08,0.31,15264.0,5.0,1346.0,0.3041,0.31,0.3041,10000059,2015-04-22,2015-04-22,C,2.55,2015-02-27
20184,2015-04-08 09:55:00,2015-04-08,0.3121,12481.0,4.0,1346.0,0.3121,0.312,0.312,10000059,2015-04-22,2015-04-22,C,2.55,2015-02-27
20185,2015-04-08 09:56:00,2015-04-08,0.3121,9361.0,3.0,1346.0,0.312,0.3121,0.312,10000059,2015-04-22,2015-04-22,C,2.55,2015-02-27
20186,2015-04-08 09:57:00,2015-04-08,0.3202,3202.0,1.0,1346.0,0.3202,0.3202,0.3202,10000059,2015-04-22,2015-04-22,C,2.55,2015-02-27
20187,2015-04-08 09:58:00,2015-04-08,0.3237,22519.0,7.0,1346.0,0.3202,0.3237,0.3202,10000059,2015-04-22,2015-04-22,C,2.55,2015-02-27
20188,2015-04-08 09:59:00,2015-04-08,0.3237,38784.0,12.0,1339.0,0.3237,0.3237,0.3225,10000059,2015-04-22,2015-04-22,C,2.55,2015-02-27
20189,2015-04-08 10:00:00,2015-04-08,0.3275,61743.0,19.0,1340.0,0.3242,0.3275,0.3242,10000059,2015-04-22,2015-04-22,C,2.55,2015-02-27
20190,2015-04-08 10:01:00,2015-04-08,0.3272,6544.0,2.0,1342.0,0.3272,0.3272,0.3272,10000059,2015-04-22,2015-04-22,C,2.55,2015-02-27
20191,2015-04-08 10:02:00,2015-04-08,0.3272,0.0,0.0,1342.0,0.3272,0.3272,0.3272,10000059,2015-04-22,2015-04-22,C,2.55,2015-02-27
20192,2015-04-08 10:03:00,2015-04-08,0.3272,0.0,0.0,1342.0,0.3272,0.3272,0.3272,10000059,2015-04-22,2015-04-22,C,2.55,2015-02-27
20193,2015-04-08 10:04:00,2015-04-08,0.3272,0.0,0.0,1342.0,0.3272,0.3272,0.3272,10000059,2015-04-22,2015-04-22,C,2.55,2015-02-27
20194,2015-04-08 10:05:00,2015-04-08,0.317,6340.0,2.0,1344.0,0.317,0.317,0.317,10000059,2015-04-22,2015-04-22,C,2.55,2015-02-27
20195,2015-04-08 10:06:00,2015-04-08,0.317,0.0,0.0,1344.0,0.317,0.317,0.317,10000059,2015-04-22,2015-04-22,C,2.55,2015-02-27
20196,2015-04-08 10:07:00,2015-04-08,0.3111,12444.0,4.0,1344.0,0.3111,0.3111,0.3111,10000059,2015-04-22,2015-04-22,C,2.55,2015-02-27
20197,2015-04-08 10:08:00,2015-04-08,0.3111,0.0,0.0,1344.0,0.3111,0.3111,0.3111,10000059,2015-04-22,2015-04-22,C,2.55,2015-02-27
20198,2015-04-08 10:09:00,2015-04-08,0.3111,0.0,0.0,1344.0,0.3111,0.3111,0.3111,10000059,2015-04-22,2015-04-22,C,2.55,2015-02-27
20199,2015-04-08 10:10:00,2015-04-08,0.3111,0.0,0.0,1344.0,0.3111,0.3111,0.3111,10000059,2015-04-22,2015-04-22,C,2.55,2015-02-27
20200,2015-04-08 10:11:00,2015-04-08,0.3111,0.0,0.0,1344.0,0.3111,0.3111,0.3111,10000059,2015-04-22,2015-04-22,C,2.55,2015-02-27
20201,2015-04-08 10:12:00,2015-04-08,0.3111,0.0,0.0,1344.0,0.3111,0.3111,0.3111,10000059,2015-04-22,2015-04-22,C,2.55,2015-02-27
20202,2015-04-08 10:13:00,2015-04-08,0.306,15300.0,5.0,1344.0,0.306,0.306,0.306,10000059,2015-04-22,2015-04-22,C,2.55,2015-02-27
20203,2015-04-08 10:14:00,2015-04-08,0.306,0.0,0.0,1344.0,0.306,0.306,0.306,10000059,2015-04-22,2015-04-22,C,2.55,2015-02-27
20204,2015-04-08 10:15:00,2015-04-08,0.306,0.0,0.0,1344.0,0.306,0.306,0.306,10000059,2015-04-22,2015-04-22,C,2.55,2015-02-27
20205,2015-04-08 10:16:00,2015-04-08,0.306,0.0,0.0,1344.0,0.306,0.306,0.306,10000059,2015-04-22,2015-04-22,C,2.55,2015-02-27
20206,2015-04-08 10:17:00,2015-04-08,0.2951,11810.0,4.0,1340.0,0.2951,0.2951,0.2951,10000059,2015-04-22,2015-04-22,C,2.55,2015-02-27
20207,2015-04-08 10:18:00,2015-04-08,0.2951,0.0,0.0,1340.0,0.2951,0.2951,0.2951,10000059,2015-04-22,2015-04-22,C,2.55,2015-02-27
20208,2015-04-08 10:19:00,2015-04-08,0.3044,18199.0,6.0,1345.0,0.3031,0.3044,0.3031,10000059,2015-04-22,2015-04-22,C,2.55,2015-02-27
20209,2015-04-08 10:20:00,2015-04-08,0.3044,0.0,0.0,1345.0,0.3044,0.3044,0.3044,10000059,2015-04-22,2015-04-22,C,2.55,2015-02-27
20210,2015-04-08 10:21:00,2015-04-08,0.3044,0.0,0.0,1345.0,0.3044,0.3044,0.3044,10000059,2015-04-22,2015-04-22,C,2.55,2015-02-27
20211,2015-04-08 10:22:00,2015-04-08,0.3044,0.0,0.0,1345.0,0.3044,0.3044,0.3044,10000059,2015-04-22,2015-04-22,C,2.55,2015-02-27
20212,2015-04-08 10:23:00,2015-04-08,0.3044,0.0,0.0,1345.0,0.3044,0.3044,0.3044,10000059,2015-04-22,2015-04-22,C,2.55,2015-02-27
20213,2015-04-08 10:24:00,2015-04-08,0.3044,0.0,0.0,1345.0,0.3044,0.3044,0.3044,10000059,2015-04-22,2015-04-22,C,2.55,2015-02-27
20214,2015-04-08 10:25:00,2015-04-08,0.3044,0.0,0.0,1345.0,0.3044,0.3044,0.3044,10000059,2015-04-22,2015-04-22,C,2.55,2015-02-27
20215,2015-04-08 10:26:00,2015-04-08,0.3044,0.0,0.0,1345.0,0.3044,0.3044,0.3044,10000059,2015-04-22,2015-04-22,C,2.55,2015-02-27
20216,2015-04-08 10:27:00,2015-04-08,0.3044,0.0,0.0,1345.0,0.3044,0.3044,0.3044,10000059,2015-04-22,2015-04-22,C,2.55,2015-02-27
20217,2015-04-08 10:28:00,2015-04-08,0.3044,0.0,0.0,1345.0,0.3044,0.3044,0.3044,10000059,2015-04-22,2015-04-22,C,2.55,2015-02-27
20218,2015-04-08 10:29:00,2015-04-08,0.3044,0.0,0.0,1345.0,0.3044,0.3044,0.3044,10000059,2015-04-22,2015-04-22,C,2.55,2015-02-27
20219,2015-04-08 10:30:00,2015-04-08,0.3044,0.0,0.0,1345.0,0.3044,0.3044,0.3044,10000059,2015-04-22,2015-04-22,C,2.55,2015-02-27
20220,2015-04-08 10:31:00,2015-04-08,0.3044,0.0,0.0,1345.0,0.3044,0.3044,0.3044,10000059,2015-04-22,2015-04-22,C,2.55,2015-02-27
20221,2015-04-08 10:32:00,2015-04-08,0.3044,0.0,0.0,1345.0,0.3044,0.3044,0.3044,10000059,2015-04-22,2015-04-22,C,2.55,2015-02-27
20222,2015-04-08 10:33:00,2015-04-08,0.3044,0.0,0.0,1345.0,0.3044,0.3044,0.3044,10000059,2015-04-22,2015-04-22,C,2.55,2015-02-27
20223,2015-04-08 10:34:00,2015-04-08,0.3044,0.0,0.0,1345.0,0.3044,0.3044,0.3044,10000059,2015-04-22,2015-04-22,C,2.55,2015-02-27
20224,2015-04-08 10:35:00,2015-04-08,0.315,6300.0,2.0,1345.0,0.315,0.315,0.315,10000059,2015-04-22,2015-04-22,C,2.55,2015-02-27
20225,2015-04-08 10:36:00,2015-04-08,0.315,25171.0,8.0,1345.0,0.315,0.315,0.3121,10000059,2015-04-22,2015-04-22,C,2.55,2015-02-27
20226,2015-04-08 10:37:00,2015-04-08,0.315,0.0,0.0,1345.0,0.315,0.315,0.315,10000059,2015-04-22,2015-04-22,C,2.55,2015-02-27
20227,2015-04-08 10:38:00,2015-04-08,0.315,0.0,0.0,1345.0,0.315,0.315,0.315,10000059,2015-04-22,2015-04-22,C,2.55,2015-02-27
20228,2015-04-08 10:39:00,2015-04-08,0.3272,3272.0,1.0,1346.0,0.3272,0.3272,0.3272,10000059,2015-04-22,2015-04-22,C,2.55,2015-02-27
20229,2015-04-08 10:40:00,2015-04-08,0.3272,0.0,0.0,1346.0,0.3272,0.3272,0.3272,10000059,2015-04-22,2015-04-22,C,2.55,2015-02-27
20230,2015-04-08 10:41:00,2015-04-08,0.3193,15965.0,5.0,1346.0,0.3193,0.3193,0.3193,10000059,2015-04-22,2015-04-22,C,2.55,2015-02-27
20231,2015-04-08 10:42:00,2015-04-08,0.3193,0.0,0.0,1346.0,0.3193,0.3193,0.3193,10000059,2015-04-22,2015-04-22,C,2.55,2015-02-27
20232,2015-04-08 10:43:00,2015-04-08,0.3219,16095.0,5.0,1345.0,0.3219,0.3219,0.3219,10000059,2015-04-22,2015-04-22,C,2.55,2015-02-27
20233,2015-04-08 10:44:00,2015-04-08,0.3219,0.0,0.0,1345.0,0.3219,0.3219,0.3219,10000059,2015-04-22,2015-04-22,C,2.55,2015-02-27
20234,2015-04-08 10:45:00,2015-04-08,0.3219,0.0,0.0,1345.0,0.3219,0.3219,0.3219,10000059,2015-04-22,2015-04-22,C,2.55,2015-02-27
20235,2015-04-08 10:46:00,2015-04-08,0.3219,0.0,0.0,1345.0,0.3219,0.3219,0.3219,10000059,2015-04-22,2015-04-22,C,2.55,2015-02-27
20236,2015-04-08 10:47:00,2015-04-08,0.3219,0.0,0.0,1345.0,0.3219,0.3219,0.3219,10000059,2015-04-22,2015-04-22,C,2.55,2015-02-27
20237,2015-04-08 10:48:00,2015-04-08,0.3219,0.0,0.0,1345.0,0.3219,0.3219,0.3219,10000059,2015-04-22,2015-04-22,C,2.55,2015-02-27
20238,2015-04-08 10:49:00,2015-04-08,0.3219,0.0,0.0,1345.0,0.3219,0.3219,0.3219,10000059,2015-04-22,2015-04-22,C,2.55,2015-02-27
20239,2015-04-08 10:50:00,2015-04-08,0.3148,3148.0,1.0,1345.0,0.3148,0.3148,0.3148,10000059,2015-04-22,2015-04-22,C,2.55,2015-02-27
20240,2015-04-08 10:51:00,2015-04-08,0.3148,0.0,0.0,1345.0,0.3148,0.3148,0.3148,10000059,2015-04-22,2015-04-22,C,2.55,2015-02-27
20241,2015-04-08 10:52:00,2015-04-08,0.3148,0.0,0.0,1345.0,0.3148,0.3148,0.3148,10000059,2015-04-22,2015-04-22,C,2.55,2015-02-27
20242,2015-04-08 10:53:00,2015-04-08,0.3021,9189.0,3.0,1344.0,0.3021,0.302,0.302,10000059,2015-04-22,2015-04-22,C,2.55,2015-02-27
20243,2015-04-08 10:54:00,2015-04-08,0.2993,59800.0,20.0,1344.0,0.2993,0.2987,0.2987,10000059,2015-04-22,2015-04-22,C,2.55,2015-02-27
20244,2015-04-08 10:55:00,2015-04-08,0.2987,0.0,0.0,1344.0,0.2987,0.2987,0.2987,10000059,2015-04-22,2015-04-22,C,2.55,2015-02-27
20245,2015-04-08 10:56:00,2015-04-08,0.2923,5847.0,2.0,1344.0,0.2923,0.2923,0.2923,10000059,2015-04-22,2015-04-22,C,2.55,2015-02-27
20246,2015-04-08 10:57:00,2015-04-08,0.2923,0.0,0.0,1344.0,0.2923,0.2923,0.2923,10000059,2015-04-22,2015-04-22,C,2.55,2015-02-27
20247,2015-04-08 10:58:00,2015-04-08,0.293,2930.0,1.0,1345.0,0.293,0.293,0.293,10000059,2015-04-22,2015-04-22,C,2.55,2015-02-27
20248,2015-04-08 10:59:00,2015-04-08,0.293,0.0,0.0,1345.0,0.293,0.293,0.293,10000059,2015-04-22,2015-04-22,C,2.55,2015-02-27
20249,2015-04-08 11:00:00,2015-04-08,0.293,0.0,0.0,1345.0,0.293,0.293,0.293,10000059,2015-04-22,2015-04-22,C,2.55,2015-02-27
20250,2015-04-08 11:01:00,2015-04-08,0.293,0.0,0.0,1345.0,0.293,0.293,0.293,10000059,2015-04-22,2015-04-22,C,2.55,2015-02-27
20251,2015-04-08 11:02:00,2015-04-08,0.293,0.0,0.0,1345.0,0.293,0.293,0.293,10000059,2015-04-22,2015-04-22,C,2.55,2015-02-27
20252,2015-04-08 11:03:00,2015-04-08,0.293,0.0,0.0,1345.0,0.293,0.293,0.293,10000059,2015-04-22,2015-04-22,C,2.55,2015-02-27
20253,2015-04-08 11:04:00,2015-04-08,0.293,0.0,0.0,1345.0,0.293,0.293,0.293,10000059,2015-04-22,2015-04-22,C,2.55,2015-02-27
20254,2015-04-08 11:05:00,2015-04-08,0.293,0.0,0.0,1345.0,0.293,0.293,0.293,10000059,2015-04-22,2015-04-22,C,2.55,2015-02-27
20255,2015-04-08 11:06:00,2015-04-08,0.293,0.0,0.0,1345.0,0.293,0.293,0.293,10000059,2015-04-22,2015-04-22,C,2.55,2015-02-27
20256,2015-04-08 11:07:00,2015-04-08,0.293,0.0,0.0,1345.0,0.293,0.293,0.293,10000059,2015-04-22,2015-04-22,C,2.55,2015-02-27
20257,2015-04-08 11:08:00,2015-04-08,0.293,0.0,0.0,1345.0,0.293,0.293,0.293,10000059,2015-04-22,2015-04-22,C,2.55,2015-02-27
20258,2015-04-08 11:09:00,2015-04-08,0.293,0.0,0.0,1345.0,0.293,0.293,0.293,10000059,2015-04-22,2015-04-22,C,2.55,2015-02-27
20259,2015-04-08 11:10:00,2015-04-08,0.293,0.0,0.0,1345.0,0.293,0.293,0.293,10000059,2015-04-22,2015-04-22,C,2.55,2015-02-27
20260,2015-04-08 11:11:00,2015-04-08,0.293,0.0,0.0,1345.0,0.293,0.293,0.293,10000059,2015-04-22,2015-04-22,C,2.55,2015-02-27
20261,2015-04-08 11:12:00,2015-04-08,0.293,0.0,0.0,1345.0,0.293,0.293,0.293,10000059,2015-04-22,2015-04-22,C,2.55,2015-02-27
20262,2015-04-08 11:13:00,2015-04-08,0.293,0.0,0.0,1345.0,0.293,0.293,0.293,10000059,2015-04-22,2015-04-22,C,2.55,2015-02-27
20263,2015-04-08 11:14:00,2015-04-08,0.293,0.0,0.0,1345.0,0.293,0.293,0.293,10000059,2015-04-22,2015-04-22,C,2.55,2015-02-27
20264,2015-04-08 11:15:00,2015-04-08,0.293,0.0,0.0,1345.0,0.293,0.293,0.293,10000059,2015-04-22,2015-04-22,C,2.55,2015-02-27
20265,2015-04-08 11:16:00,2015-04-08,0.3019,6038.0,2.0,1343.0,0.3019,0.3019,0.3019,10000059,2015-04-22,2015-04-22,C,2.55,2015-02-27
20266,2015-04-08 11:17:00,2015-04-08,0.3019,0.0,0.0,1343.0,0.3019,0.3019,0.3019,10000059,2015-04-22,2015-04-22,C,2.55,2015-02-27
20267,2015-04-08 11:18:00,2015-04-08,0.3019,0.0,0.0,1343.0,0.3019,0.3019,0.3019,10000059,2015-04-22,2015-04-22,C,2.55,2015-02-27
20268,2015-04-08 11:19:00,2015-04-08,0.3019,0.0,0.0,1343.0,0.3019,0.3019,0.3019,10000059,2015-04-22,2015-04-22,C,2.55,2015-02-27
20269,2015-04-08 11:20:00,2015-04-08,0.3019,0.0,0.0,1343.0,0.3019,0.3019,0.3019,10000059,2015-04-22,2015-04-22,C,2.55,2015-02-27
20270,2015-04-08 11:21:00,2015-04-08,0.3019,0.0,0.0,1343.0,0.3019,0.3019,0.3019,10000059,2015-04-22,2015-04-22,C,2.55,2015-02-27
20271,2015-04-08 11:22:00,2015-04-08,0.3019,0.0,0.0,1343.0,0.3019,0.3019,0.3019,10000059,2015-04-22,2015-04-22,C,2.55,2015-02-27
20272,2015-04-08 11:23:00,2015-04-08,0.3019,0.0,0.0,1343.0,0.3019,0.3019,0.3019,10000059,2015-04-22,2015-04-22,C,2.55,2015-02-27
20273,2015-04-08 11:24:00,2015-04-08,0.3019,0.0,0.0,1343.0,0.3019,0.3019,0.3019,10000059,2015-04-22,2015-04-22,C,2.55,2015-02-27
20274,2015-04-08 11:25:00,2015-04-08,0.3019,9057.0,3.0,1340.0,0.3019,0.3019,0.3019,10000059,2015-04-22,2015-04-22,C,2.55,2015-02-27
20275,2015-04-08 11:26:00,2015-04-08,0.3054,30540.0,10.0,1340.0,0.3054,0.3054,0.3054,10000059,2015-04-22,2015-04-22,C,2.55,2015-02-27
20276,2015-04-08 11:27:00,2015-04-08,0.3119,46635.0,15.0,1328.0,0.3089,0.3119,0.3089,10000059,2015-04-22,2015-04-22,C,2.55,2015-02-27
20277,2015-04-08 11:28:00,2015-04-08,0.3126,15630.0,5.0,1333.0,0.3126,0.3126,0.3126,10000059,2015-04-22,2015-04-22,C,2.55,2015-02-27
20278,2015-04-08 11:29:00,2015-04-08,0.3126,0.0,0.0,1333.0,0.3126,0.3126,0.3126,10000059,2015-04-22,2015-04-22,C,2.55,2015-02-27
20279,2015-04-08 11:30:00,2015-04-08,0.3126,0.0,0.0,1333.0,0.3126,0.3126,0.3126,10000059,2015-04-22,2015-04-22,C,2.55,2015-02-27
20280,2015-04-08 13:01:00,2015-04-08,0.3301,9903.0,3.0,1336.0,0.3301,0.3301,0.3301,10000059,2015-04-22,2015-04-22,C,2.55,2015-02-27
20281,2015-04-08 13:02:00,2015-04-08,0.3301,0.0,0.0,1336.0,0.3301,0.3301,0.3301,10000059,2015-04-22,2015-04-22,C,2.55,2015-02-27
20282,2015-04-08 13:03:00,2015-04-08,0.3301,0.0,0.0,1336.0,0.3301,0.3301,0.3301,10000059,2015-04-22,2015-04-22,C,2.55,2015-02-27
20283,2015-04-08 13:04:00,2015-04-08,0.3301,0.0,0.0,1336.0,0.3301,0.3301,0.3301,10000059,2015-04-22,2015-04-22,C,2.55,2015-02-27
20284,2015-04-08 13:05:00,2015-04-08,0.3325,19950.0,6.0,1330.0,0.3325,0.3325,0.3325,10000059,2015-04-22,2015-04-22,C,2.55,2015-02-27
20285,2015-04-08 13:06:00,2015-04-08,0.3325,0.0,0.0,1330.0,0.3325,0.3325,0.3325,10000059,2015-04-22,2015-04-22,C,2.55,2015-02-27
20286,2015-04-08 13:07:00,2015-04-08,0.3335,33350.0,10.0,1340.0,0.3335,0.3335,0.3335,10000059,2015-04-22,2015-04-22,C,2.55,2015-02-27
20287,2015-04-08 13:08:00,2015-04-08,0.3335,0.0,0.0,1340.0,0.3335,0.3335,0.3335,10000059,2015-04-22,2015-04-22,C,2.55,2015-02-27
20288,2015-04-08 13:09:00,2015-04-08,0.3335,0.0,0.0,1340.0,0.3335,0.3335,0.3335,10000059,2015-04-22,2015-04-22,C,2.55,2015-02-27
20289,2015-04-08 13:10:00,2015-04-08,0.3335,0.0,0.0,1340.0,0.3335,0.3335,0.3335,10000059,2015-04-22,2015-04-22,C,2.55,2015-02-27
20290,2015-04-08 13:11:00,2015-04-08,0.3335,0.0,0.0,1340.0,0.3335,0.3335,0.3335,10000059,2015-04-22,2015-04-22,C,2.55,2015-02-27
20291,2015-04-08 13:12:00,2015-04-08,0.3335,0.0,0.0,1340.0,0.3335,0.3335,0.3335,10000059,2015-04-22,2015-04-22,C,2.55,2015-02-27
20292,2015-04-08 13:13:00,2015-04-08,0.3335,0.0,0.0,1340.0,0.3335,0.3335,0.3335,10000059,2015-04-22,2015-04-22,C,2.55,2015-02-27
20293,2015-04-08 13:14:00,2015-04-08,0.3335,0.0,0.0,1340.0,0.3335,0.3335,0.3335,10000059,2015-04-22,2015-04-22,C,2.55,2015-02-27
20294,2015-04-08 13:15:00,2015-04-08,0.3335,0.0,0.0,1340.0,0.3335,0.3335,0.3335,10000059,2015-04-22,2015-04-22,C,2.55,2015-02-27
20295,2015-04-08 13:16:00,2015-04-08,0.3335,0.0,0.0,1340.0,0.3335,0.3335,0.3335,10000059,2015-04-22,2015-04-22,C,2.55,2015-02-27
20296,2015-04-08 13:17:00,2015-04-08,0.3335,0.0,0.0,1340.0,0.3335,0.3335,0.3335,10000059,2015-04-22,2015-04-22,C,2.55,2015-02-27
20297,2015-04-08 13:18:00,2015-04-08,0.3388,3388.0,1.0,1339.0,0.3388,0.3388,0.3388,10000059,2015-04-22,2015-04-22,C,2.55,2015-02-27
20298,2015-04-08 13:19:00,2015-04-08,0.3388,0.0,0.0,1339.0,0.3388,0.3388,0.3388,10000059,2015-04-22,2015-04-22,C,2.55,2015-02-27
20299,2015-04-08 13:20:00,2015-04-08,0.3388,0.0,0.0,1339.0,0.3388,0.3388,0.3388,10000059,2015-04-22,2015-04-22,C,2.55,2015-02-27
20300,2015-04-08 13:21:00,2015-04-08,0.35,3500.0,1.0,1339.0,0.35,0.35,0.35,10000059,2015-04-22,2015-04-22,C,2.55,2015-02-27
20301,2015-04-08 13:22:00,2015-04-08,0.35,0.0,0.0,1339.0,0.35,0.35,0.35,10000059,2015-04-22,2015-04-22,C,2.55,2015-02-27
20302,2015-04-08 13:23:00,2015-04-08,0.35,0.0,0.0,1339.0,0.35,0.35,0.35,10000059,2015-04-22,2015-04-22,C,2.55,2015-02-27
20303,2015-04-08 13:24:00,2015-04-08,0.35,0.0,0.0,1339.0,0.35,0.35,0.35,10000059,2015-04-22,2015-04-22,C,2.55,2015-02-27
20304,2015-04-08 13:25:00,2015-04-08,0.35,0.0,0.0,1339.0,0.35,0.35,0.35,10000059,2015-04-22,2015-04-22,C,2.55,2015-02-27
20305,2015-04-08 13:26:00,2015-04-08,0.35,0.0,0.0,1339.0,0.35,0.35,0.35,10000059,2015-04-22,2015-04-22,C,2.55,2015-02-27
20306,2015-04-08 13:27:00,2015-04-08,0.35,0.0,0.0,1339.0,0.35,0.35,0.35,10000059,2015-04-22,2015-04-22,C,2.55,2015-02-27
20307,2015-04-08 13:28:00,2015-04-08,0.348,3480.0,1.0,1338.0,0.348,0.348,0.348,10000059,2015-04-22,2015-04-22,C,2.55,2015-02-27
20308,2015-04-08 13:29:00,2015-04-08,0.348,0.0,0.0,1338.0,0.348,0.348,0.348,10000059,2015-04-22,2015-04-22,C,2.55,2015-02-27
20309,2015-04-08 13:30:00,2015-04-08,0.348,0.0,0.0,1338.0,0.348,0.348,0.348,10000059,2015-04-22,2015-04-22,C,2.55,2015-02-27
20310,2015-04-08 13:31:00,2015-04-08,0.361,14332.0,4.0,1339.0,0.3502,0.361,0.3502,10000059,2015-04-22,2015-04-22,C,2.55,2015-02-27
20311,2015-04-08 13:32:00,2015-04-08,0.361,0.0,0.0,1339.0,0.361,0.361,0.361,10000059,2015-04-22,2015-04-22,C,2.55,2015-02-27
20312,2015-04-08 13:33:00,2015-04-08,0.361,0.0,0.0,1339.0,0.361,0.361,0.361,10000059,2015-04-22,2015-04-22,C,2.55,2015-02-27
20313,2015-04-08 13:34:00,2015-04-08,0.361,0.0,0.0,1339.0,0.361,0.361,0.361,10000059,2015-04-22,2015-04-22,C,2.55,2015-02-27
20314,2015-04-08 13:35:00,2015-04-08,0.361,0.0,0.0,1339.0,0.361,0.361,0.361,10000059,2015-04-22,2015-04-22,C,2.55,2015-02-27
20315,2015-04-08 13:36:00,2015-04-08,0.361,0.0,0.0,1339.0,0.361,0.361,0.361,10000059,2015-04-22,2015-04-22,C,2.55,2015-02-27
20316,2015-04-08 13:37:00,2015-04-08,0.3514,7028.0,2.0,1337.0,0.3514,0.3514,0.3514,10000059,2015-04-22,2015-04-22,C,2.55,2015-02-27
20317,2015-04-08 13:38:00,2015-04-08,0.3514,0.0,0.0,1337.0,0.3514,0.3514,0.3514,10000059,2015-04-22,2015-04-22,C,2.55,2015-02-27
20318,2015-04-08 13:39:00,2015-04-08,0.3514,0.0,0.0,1337.0,0.3514,0.3514,0.3514,10000059,2015-04-22,2015-04-22,C,2.55,2015-02-27
20319,2015-04-08 13:40:00,2015-04-08,0.3514,28112.0,8.0,1337.0,0.3514,0.3514,0.3514,10000059,2015-04-22,2015-04-22,C,2.55,2015-02-27
20320,2015-04-08 13:41:00,2015-04-08,0.3514,0.0,0.0,1337.0,0.3514,0.3514,0.3514,10000059,2015-04-22,2015-04-22,C,2.55,2015-02-27
20321,2015-04-08 13:42:00,2015-04-08,0.3514,0.0,0.0,1337.0,0.3514,0.3514,0.3514,10000059,2015-04-22,2015-04-22,C,2.55,2015-02-27
20322,2015-04-08 13:43:00,2015-04-08,0.3514,0.0,0.0,1337.0,0.3514,0.3514,0.3514,10000059,2015-04-22,2015-04-22,C,2.55,2015-02-27
20323,2015-04-08 13:44:00,2015-04-08,0.3514,0.0,0.0,1337.0,0.3514,0.3514,0.3514,10000059,2015-04-22,2015-04-22,C,2.55,2015-02-27
20324,2015-04-08 13:45:00,2015-04-08,0.3471,3471.0,1.0,1337.0,0.3471,0.3471,0.3471,10000059,2015-04-22,2015-04-22,C,2.55,2015-02-27
20325,2015-04-08 13:46:00,2015-04-08,0.3471,0.0,0.0,1337.0,0.3471,0.3471,0.3471,10000059,2015-04-22,2015-04-22,C,2.55,2015-02-27
20326,2015-04-08 13:47:00,2015-04-08,0.3471,0.0,0.0,1337.0,0.3471,0.3471,0.3471,10000059,2015-04-22,2015-04-22,C,2.55,2015-02-27
20327,2015-04-08 13:48:00,2015-04-08,0.3471,0.0,0.0,1337.0,0.3471,0.3471,0.3471,10000059,2015-04-22,2015-04-22,C,2.55,2015-02-27
20328,2015-04-08 13:49:00,2015-04-08,0.3471,0.0,0.0,1337.0,0.3471,0.3471,0.3471,10000059,2015-04-22,2015-04-22,C,2.55,2015-02-27
20329,2015-04-08 13:50:00,2015-04-08,0.3471,0.0,0.0,1337.0,0.3471,0.3471,0.3471,10000059,2015-04-22,2015-04-22,C,2.55,2015-02-27
20330,2015-04-08 13:51:00,2015-04-08,0.3471,0.0,0.0,1337.0,0.3471,0.3471,0.3471,10000059,2015-04-22,2015-04-22,C,2.55,2015-02-27
20331,2015-04-08 13:52:00,2015-04-08,0.3471,0.0,0.0,1337.0,0.3471,0.3471,0.3471,10000059,2015-04-22,2015-04-22,C,2.55,2015-02-27
20332,2015-04-08 13:53:00,2015-04-08,0.3471,0.0,0.0,1337.0,0.3471,0.3471,0.3471,10000059,2015-04-22,2015-04-22,C,2.55,2015-02-27
20333,2015-04-08 13:54:00,2015-04-08,0.3471,0.0,0.0,1337.0,0.3471,0.3471,0.3471,10000059,2015-04-22,2015-04-22,C,2.55,2015-02-27
20334,2015-04-08 13:55:00,2015-04-08,0.3472,3472.0,1.0,1336.0,0.3472,0.3472,0.3472,10000059,2015-04-22,2015-04-22,C,2.55,2015-02-27
20335,2015-04-08 13:56:00,2015-04-08,0.3472,0.0,0.0,1336.0,0.3472,0.3472,0.3472,10000059,2015-04-22,2015-04-22,C,2.55,2015-02-27
20336,2015-04-08 13:57:00,2015-04-08,0.35700000000000004,3570.0,1.0,1335.0,0.35700000000000004,0.35700000000000004,0.35700000000000004,10000059,2015-04-22,2015-04-22,C,2.55,2015-02-27
20337,2015-04-08 13:58:00,2015-04-08,0.35700000000000004,0.0,0.0,1335.0,0.35700000000000004,0.35700000000000004,0.35700000000000004,10000059,2015-04-22,2015-04-22,C,2.55,2015-02-27
20338,2015-04-08 13:59:00,2015-04-08,0.35700000000000004,0.0,0.0,1335.0,0.35700000000000004,0.35700000000000004,0.35700000000000004,10000059,2015-04-22,2015-04-22,C,2.55,2015-02-27
20339,2015-04-08 14:00:00,2015-04-08,0.35700000000000004,0.0,0.0,1335.0,0.35700000000000004,0.35700000000000004,0.35700000000000004,10000059,2015-04-22,2015-04-22,C,2.55,2015-02-27
20340,2015-04-08 14:01:00,2015-04-08,0.35700000000000004,0.0,0.0,1335.0,0.35700000000000004,0.35700000000000004,0.35700000000000004,10000059,2015-04-22,2015-04-22,C,2.55,2015-02-27
20341,2015-04-08 14:02:00,2015-04-08,0.35700000000000004,0.0,0.0,1335.0,0.35700000000000004,0.35700000000000004,0.35700000000000004,10000059,2015-04-22,2015-04-22,C,2.55,2015-02-27
20342,2015-04-08 14:03:00,2015-04-08,0.35700000000000004,0.0,0.0,1335.0,0.35700000000000004,0.35700000000000004,0.35700000000000004,10000059,2015-04-22,2015-04-22,C,2.55,2015-02-27
20343,2015-04-08 14:04:00,2015-04-08,0.35700000000000004,0.0,0.0,1335.0,0.35700000000000004,0.35700000000000004,0.35700000000000004,10000059,2015-04-22,2015-04-22,C,2.55,2015-02-27
20344,2015-04-08 14:05:00,2015-04-08,0.348,3480.0,1.0,1335.0,0.348,0.348,0.348,10000059,2015-04-22,2015-04-22,C,2.55,2015-02-27
20345,2015-04-08 14:06:00,2015-04-08,0.3477,3477.0,1.0,1334.0,0.3477,0.3477,0.3477,10000059,2015-04-22,2015-04-22,C,2.55,2015-02-27
20346,2015-04-08 14:07:00,2015-04-08,0.3487,13948.0,4.0,1335.0,0.3487,0.3487,0.3487,10000059,2015-04-22,2015-04-22,C,2.55,2015-02-27
20347,2015-04-08 14:08:00,2015-04-08,0.3497,17485.0,5.0,1340.0,0.3497,0.3497,0.3497,10000059,2015-04-22,2015-04-22,C,2.55,2015-02-27
20348,2015-04-08 14:09:00,2015-04-08,0.3539,17695.0,5.0,1345.0,0.3539,0.3539,0.3539,10000059,2015-04-22,2015-04-22,C,2.55,2015-02-27
20349,2015-04-08 14:10:00,2015-04-08,0.3533,38389.0,11.0,1350.0,0.3533,0.3454,0.3454,10000059,2015-04-22,2015-04-22,C,2.55,2015-02-27
20350,2015-04-08 14:11:00,2015-04-08,0.3454,0.0,0.0,1350.0,0.3454,0.3454,0.3454,10000059,2015-04-22,2015-04-22,C,2.55,2015-02-27
20351,2015-04-08 14:12:00,2015-04-08,0.3454,0.0,0.0,1350.0,0.3454,0.3454,0.3454,10000059,2015-04-22,2015-04-22,C,2.55,2015-02-27
20352,2015-04-08 14:13:00,2015-04-08,0.3454,0.0,0.0,1350.0,0.3454,0.3454,0.3454,10000059,2015-04-22,2015-04-22,C,2.55,2015-02-27
20353,2015-04-08 14:14:00,2015-04-08,0.3454,0.0,0.0,1350.0,0.3454,0.3454,0.3454,10000059,2015-04-22,2015-04-22,C,2.55,2015-02-27
20354,2015-04-08 14:15:00,2015-04-08,0.3454,0.0,0.0,1350.0,0.3454,0.3454,0.3454,10000059,2015-04-22,2015-04-22,C,2.55,2015-02-27
20355,2015-04-08 14:16:00,2015-04-08,0.3454,0.0,0.0,1350.0,0.3454,0.3454,0.3454,10000059,2015-04-22,2015-04-22,C,2.55,2015-02-27
20356,2015-04-08 14:17:00,2015-04-08,0.3454,0.0,0.0,1350.0,0.3454,0.3454,0.3454,10000059,2015-04-22,2015-04-22,C,2.55,2015-02-27
20357,2015-04-08 14:18:00,2015-04-08,0.3454,0.0,0.0,1350.0,0.3454,0.3454,0.3454,10000059,2015-04-22,2015-04-22,C,2.55,2015-02-27
20358,2015-04-08 14:19:00,2015-04-08,0.3399,37389.0,11.0,1356.0,0.3399,0.3399,0.3399,10000059,2015-04-22,2015-04-22,C,2.55,2015-02-27
20359,2015-04-08 14:20:00,2015-04-08,0.3399,0.0,0.0,1356.0,0.3399,0.3399,0.3399,10000059,2015-04-22,2015-04-22,C,2.55,2015-02-27
20360,2015-04-08 14:21:00,2015-04-08,0.3399,0.0,0.0,1356.0,0.3399,0.3399,0.3399,10000059,2015-04-22,2015-04-22,C,2.55,2015-02-27
20361,2015-04-08 14:22:00,2015-04-08,0.3399,0.0,0.0,1356.0,0.3399,0.3399,0.3399,10000059,2015-04-22,2015-04-22,C,2.55,2015-02-27
20362,2015-04-08 14:23:00,2015-04-08,0.3399,0.0,0.0,1356.0,0.3399,0.3399,0.3399,10000059,2015-04-22,2015-04-22,C,2.55,2015-02-27
20363,2015-04-08 14:24:00,2015-04-08,0.3399,0.0,0.0,1356.0,0.3399,0.3399,0.3399,10000059,2015-04-22,2015-04-22,C,2.55,2015-02-27
20364,2015-04-08 14:25:00,2015-04-08,0.3399,0.0,0.0,1356.0,0.3399,0.3399,0.3399,10000059,2015-04-22,2015-04-22,C,2.55,2015-02-27
20365,2015-04-08 14:26:00,2015-04-08,0.3289,3289.0,1.0,1356.0,0.3289,0.3289,0.3289,10000059,2015-04-22,2015-04-22,C,2.55,2015-02-27
20366,2015-04-08 14:27:00,2015-04-08,0.3289,0.0,0.0,1356.0,0.3289,0.3289,0.3289,10000059,2015-04-22,2015-04-22,C,2.55,2015-02-27
20367,2015-04-08 14:28:00,2015-04-08,0.3289,0.0,0.0,1356.0,0.3289,0.3289,0.3289,10000059,2015-04-22,2015-04-22,C,2.55,2015-02-27
20368,2015-04-08 14:29:00,2015-04-08,0.3289,0.0,0.0,1356.0,0.3289,0.3289,0.3289,10000059,2015-04-22,2015-04-22,C,2.55,2015-02-27
20369,2015-04-08 14:30:00,2015-04-08,0.3289,0.0,0.0,1356.0,0.3289,0.3289,0.3289,10000059,2015-04-22,2015-04-22,C,2.55,2015-02-27
20370,2015-04-08 14:31:00,2015-04-08,0.3289,0.0,0.0,1356.0,0.3289,0.3289,0.3289,10000059,2015-04-22,2015-04-22,C,2.55,2015-02-27
20371,2015-04-08 14:32:00,2015-04-08,0.3289,0.0,0.0,1356.0,0.3289,0.3289,0.3289,10000059,2015-04-22,2015-04-22,C,2.55,2015-02-27
20372,2015-04-08 14:33:00,2015-04-08,0.3289,0.0,0.0,1356.0,0.3289,0.3289,0.3289,10000059,2015-04-22,2015-04-22,C,2.55,2015-02-27
20373,2015-04-08 14:34:00,2015-04-08,0.3289,0.0,0.0,1356.0,0.3289,0.3289,0.3289,10000059,2015-04-22,2015-04-22,C,2.55,2015-02-27
20374,2015-04-08 14:35:00,2015-04-08,0.3289,0.0,0.0,1356.0,0.3289,0.3289,0.3289,10000059,2015-04-22,2015-04-22,C,2.55,2015-02-27
20375,2015-04-08 14:36:00,2015-04-08,0.3289,0.0,0.0,1356.0,0.3289,0.3289,0.3289,10000059,2015-04-22,2015-04-22,C,2.55,2015-02-27
20376,2015-04-08 14:37:00,2015-04-08,0.3289,0.0,0.0,1356.0,0.3289,0.3289,0.3289,10000059,2015-04-22,2015-04-22,C,2.55,2015-02-27
20377,2015-04-08 14:38:00,2015-04-08,0.3289,0.0,0.0,1356.0,0.3289,0.3289,0.3289,10000059,2015-04-22,2015-04-22,C,2.55,2015-02-27
20378,2015-04-08 14:39:00,2015-04-08,0.3289,0.0,0.0,1356.0,0.3289,0.3289,0.3289,10000059,2015-04-22,2015-04-22,C,2.55,2015-02-27
20379,2015-04-08 14:40:00,2015-04-08,0.3289,0.0,0.0,1356.0,0.3289,0.3289,0.3289,10000059,2015-04-22,2015-04-22,C,2.55,2015-02-27
20380,2015-04-08 14:41:00,2015-04-08,0.3289,0.0,0.0,1356.0,0.3289,0.3289,0.3289,10000059,2015-04-22,2015-04-22,C,2.55,2015-02-27
20381,2015-04-08 14:42:00,2015-04-08,0.3289,0.0,0.0,1356.0,0.3289,0.3289,0.3289,10000059,2015-04-22,2015-04-22,C,2.55,2015-02-27
20382,2015-04-08 14:43:00,2015-04-08,0.3289,0.0,0.0,1356.0,0.3289,0.3289,0.3289,10000059,2015-04-22,2015-04-22,C,2.55,2015-02-27
20383,2015-04-08 14:44:00,2015-04-08,0.343,6860.0,2.0,1355.0,0.343,0.343,0.343,10000059,2015-04-22,2015-04-22,C,2.55,2015-02-27
20384,2015-04-08 14:45:00,2015-04-08,0.3511,14044.0,4.0,1359.0,0.3511,0.3511,0.3511,10000059,2015-04-22,2015-04-22,C,2.55,2015-02-27
20385,2015-04-08 14:46:00,2015-04-08,0.3511,0.0,0.0,1359.0,0.3511,0.3511,0.3511,10000059,2015-04-22,2015-04-22,C,2.55,2015-02-27
20386,2015-04-08 14:47:00,2015-04-08,0.34700000000000003,6940.0,2.0,1359.0,0.34700000000000003,0.34700000000000003,0.34700000000000003,10000059,2015-04-22,2015-04-22,C,2.55,2015-02-27
20387,2015-04-08 14:48:00,2015-04-08,0.34700000000000003,0.0,0.0,1359.0,0.34700000000000003,0.34700000000000003,0.34700000000000003,10000059,2015-04-22,2015-04-22,C,2.55,2015-02-27
20388,2015-04-08 14:49:00,2015-04-08,0.34700000000000003,0.0,0.0,1359.0,0.34700000000000003,0.34700000000000003,0.34700000000000003,10000059,2015-04-22,2015-04-22,C,2.55,2015-02-27
20389,2015-04-08 14:50:00,2015-04-08,0.3537,7074.0,2.0,1359.0,0.3537,0.3537,0.3537,10000059,2015-04-22,2015-04-22,C,2.55,2015-02-27
20390,2015-04-08 14:51:00,2015-04-08,0.3464,41533.0,12.0,1347.0,0.3464,0.3457,0.3457,10000059,2015-04-22,2015-04-22,C,2.55,2015-02-27
20391,2015-04-08 14:52:00,2015-04-08,0.3457,0.0,0.0,1347.0,0.3457,0.3457,0.3457,10000059,2015-04-22,2015-04-22,C,2.55,2015-02-27
20392,2015-04-08 14:53:00,2015-04-08,0.3457,0.0,0.0,1347.0,0.3457,0.3457,0.3457,10000059,2015-04-22,2015-04-22,C,2.55,2015-02-27
20393,2015-04-08 14:54:00,2015-04-08,0.3457,0.0,0.0,1347.0,0.3457,0.3457,0.3457,10000059,2015-04-22,2015-04-22,C,2.55,2015-02-27
20394,2015-04-08 14:55:00,2015-04-08,0.3457,0.0,0.0,1347.0,0.3457,0.3457,0.3457,10000059,2015-04-22,2015-04-22,C,2.55,2015-02-27
20395,2015-04-08 14:56:00,2015-04-08,0.3457,0.0,0.0,1347.0,0.3457,0.3457,0.3457,10000059,2015-04-22,2015-04-22,C,2.55,2015-02-27
20396,2015-04-08 14:57:00,2015-04-08,0.3457,0.0,0.0,1347.0,0.3457,0.3457,0.3457,10000059,2015-04-22,2015-04-22,C,2.55,2015-02-27
20397,2015-04-08 14:58:00,2015-04-08,0.3457,0.0,0.0,1347.0,0.3457,0.3457,0.3457,10000059,2015-04-22,2015-04-22,C,2.55,2015-02-27
20398,2015-04-08 14:59:00,2015-04-08,0.3457,0.0,0.0,1347.0,0.3457,0.3457,0.3457,10000059,2015-04-22,2015-04-22,C,2.55,2015-02-27
20399,2015-04-08 15:00:00,2015-04-08,0.3472,3472.0,1.0,1299.0,0.3472,0.3472,0.3472,10000059,2015-04-22,2015-04-22,C,2.55,2015-02-27
20400,2015-04-08 09:31:00,2015-04-08,0.0492,28402.0,60.0,383.0,0.0476,0.0469,0.0469,10000112,2015-05-27,2015-05-27,P,2.6,2015-03-26
20401,2015-04-08 09:32:00,2015-04-08,0.0469,0.0,0.0,383.0,0.0469,0.0469,0.0469,10000112,2015-05-27,2015-05-27,P,2.6,2015-03-26
20402,2015-04-08 09:33:00,2015-04-08,0.0469,0.0,0.0,383.0,0.0469,0.0469,0.0469,10000112,2015-05-27,2015-05-27,P,2.6,2015-03-26
20403,2015-04-08 09:34:00,2015-04-08,0.0469,0.0,0.0,383.0,0.0469,0.0469,0.0469,10000112,2015-05-27,2015-05-27,P,2.6,2015-03-26
20404,2015-04-08 09:35:00,2015-04-08,0.0469,0.0,0.0,383.0,0.0469,0.0469,0.0469,10000112,2015-05-27,2015-05-27,P,2.6,2015-03-26
20405,2015-04-08 09:36:00,2015-04-08,0.0469,0.0,0.0,383.0,0.0469,0.0469,0.0469,10000112,2015-05-27,2015-05-27,P,2.6,2015-03-26
20406,2015-04-08 09:37:00,2015-04-08,0.0469,0.0,0.0,383.0,0.0469,0.0469,0.0469,10000112,2015-05-27,2015-05-27,P,2.6,2015-03-26
20407,2015-04-08 09:38:00,2015-04-08,0.0469,0.0,0.0,383.0,0.0469,0.0469,0.0469,10000112,2015-05-27,2015-05-27,P,2.6,2015-03-26
20408,2015-04-08 09:39:00,2015-04-08,0.0469,0.0,0.0,383.0,0.0469,0.0469,0.0469,10000112,2015-05-27,2015-05-27,P,2.6,2015-03-26
20409,2015-04-08 09:40:00,2015-04-08,0.0469,0.0,0.0,383.0,0.0469,0.0469,0.0469,10000112,2015-05-27,2015-05-27,P,2.6,2015-03-26
20410,2015-04-08 09:41:00,2015-04-08,0.0469,0.0,0.0,383.0,0.0469,0.0469,0.0469,10000112,2015-05-27,2015-05-27,P,2.6,2015-03-26
20411,2015-04-08 09:42:00,2015-04-08,0.0497,4965.0,10.0,393.0,0.0496,0.0497,0.0496,10000112,2015-05-27,2015-05-27,P,2.6,2015-03-26
20412,2015-04-08 09:43:00,2015-04-08,0.0497,0.0,0.0,393.0,0.0497,0.0497,0.0497,10000112,2015-05-27,2015-05-27,P,2.6,2015-03-26
20413,2015-04-08 09:44:00,2015-04-08,0.0497,0.0,0.0,393.0,0.0497,0.0497,0.0497,10000112,2015-05-27,2015-05-27,P,2.6,2015-03-26
20414,2015-04-08 09:45:00,2015-04-08,0.0497,0.0,0.0,393.0,0.0497,0.0497,0.0497,10000112,2015-05-27,2015-05-27,P,2.6,2015-03-26
20415,2015-04-08 09:46:00,2015-04-08,0.0497,0.0,0.0,393.0,0.0497,0.0497,0.0497,10000112,2015-05-27,2015-05-27,P,2.6,2015-03-26
20416,2015-04-08 09:47:00,2015-04-08,0.0465,4650.0,10.0,393.0,0.0465,0.0465,0.0465,10000112,2015-05-27,2015-05-27,P,2.6,2015-03-26
20417,2015-04-08 09:48:00,2015-04-08,0.0465,0.0,0.0,393.0,0.0465,0.0465,0.0465,10000112,2015-05-27,2015-05-27,P,2.6,2015-03-26
20418,2015-04-08 09:49:00,2015-04-08,0.0465,0.0,0.0,393.0,0.0465,0.0465,0.0465,10000112,2015-05-27,2015-05-27,P,2.6,2015-03-26
20419,2015-04-08 09:50:00,2015-04-08,0.0465,0.0,0.0,393.0,0.0465,0.0465,0.0465,10000112,2015-05-27,2015-05-27,P,2.6,2015-03-26
20420,2015-04-08 09:51:00,2015-04-08,0.0465,0.0,0.0,393.0,0.0465,0.0465,0.0465,10000112,2015-05-27,2015-05-27,P,2.6,2015-03-26
20421,2015-04-08 09:52:00,2015-04-08,0.0465,0.0,0.0,393.0,0.0465,0.0465,0.0465,10000112,2015-05-27,2015-05-27,P,2.6,2015-03-26
20422,2015-04-08 09:53:00,2015-04-08,0.0465,0.0,0.0,393.0,0.0465,0.0465,0.0465,10000112,2015-05-27,2015-05-27,P,2.6,2015-03-26
20423,2015-04-08 09:54:00,2015-04-08,0.0465,0.0,0.0,393.0,0.0465,0.0465,0.0465,10000112,2015-05-27,2015-05-27,P,2.6,2015-03-26
20424,2015-04-08 09:55:00,2015-04-08,0.0465,0.0,0.0,393.0,0.0465,0.0465,0.0465,10000112,2015-05-27,2015-05-27,P,2.6,2015-03-26
20425,2015-04-08 09:56:00,2015-04-08,0.0465,0.0,0.0,393.0,0.0465,0.0465,0.0465,10000112,2015-05-27,2015-05-27,P,2.6,2015-03-26
20426,2015-04-08 09:57:00,2015-04-08,0.0465,0.0,0.0,393.0,0.0465,0.0465,0.0465,10000112,2015-05-27,2015-05-27,P,2.6,2015-03-26
20427,2015-04-08 09:58:00,2015-04-08,0.0465,0.0,0.0,393.0,0.0465,0.0465,0.0465,10000112,2015-05-27,2015-05-27,P,2.6,2015-03-26
20428,2015-04-08 09:59:00,2015-04-08,0.0438,4380.0,10.0,393.0,0.0438,0.0438,0.0438,10000112,2015-05-27,2015-05-27,P,2.6,2015-03-26
20429,2015-04-08 10:00:00,2015-04-08,0.0438,0.0,0.0,393.0,0.0438,0.0438,0.0438,10000112,2015-05-27,2015-05-27,P,2.6,2015-03-26
20430,2015-04-08 10:01:00,2015-04-08,0.0438,0.0,0.0,393.0,0.0438,0.0438,0.0438,10000112,2015-05-27,2015-05-27,P,2.6,2015-03-26
20431,2015-04-08 10:02:00,2015-04-08,0.0438,0.0,0.0,393.0,0.0438,0.0438,0.0438,10000112,2015-05-27,2015-05-27,P,2.6,2015-03-26
20432,2015-04-08 10:03:00,2015-04-08,0.0438,0.0,0.0,393.0,0.0438,0.0438,0.0438,10000112,2015-05-27,2015-05-27,P,2.6,2015-03-26
20433,2015-04-08 10:04:00,2015-04-08,0.0438,0.0,0.0,393.0,0.0438,0.0438,0.0438,10000112,2015-05-27,2015-05-27,P,2.6,2015-03-26
20434,2015-04-08 10:05:00,2015-04-08,0.0438,0.0,0.0,393.0,0.0438,0.0438,0.0438,10000112,2015-05-27,2015-05-27,P,2.6,2015-03-26
20435,2015-04-08 10:06:00,2015-04-08,0.0438,0.0,0.0,393.0,0.0438,0.0438,0.0438,10000112,2015-05-27,2015-05-27,P,2.6,2015-03-26
20436,2015-04-08 10:07:00,2015-04-08,0.0438,0.0,0.0,393.0,0.0438,0.0438,0.0438,10000112,2015-05-27,2015-05-27,P,2.6,2015-03-26
20437,2015-04-08 10:08:00,2015-04-08,0.0438,0.0,0.0,393.0,0.0438,0.0438,0.0438,10000112,2015-05-27,2015-05-27,P,2.6,2015-03-26
20438,2015-04-08 10:09:00,2015-04-08,0.0438,0.0,0.0,393.0,0.0438,0.0438,0.0438,10000112,2015-05-27,2015-05-27,P,2.6,2015-03-26
20439,2015-04-08 10:10:00,2015-04-08,0.0438,0.0,0.0,393.0,0.0438,0.0438,0.0438,10000112,2015-05-27,2015-05-27,P,2.6,2015-03-26
20440,2015-04-08 10:11:00,2015-04-08,0.0438,0.0,0.0,393.0,0.0438,0.0438,0.0438,10000112,2015-05-27,2015-05-27,P,2.6,2015-03-26
20441,2015-04-08 10:12:00,2015-04-08,0.0438,0.0,0.0,393.0,0.0438,0.0438,0.0438,10000112,2015-05-27,2015-05-27,P,2.6,2015-03-26
20442,2015-04-08 10:13:00,2015-04-08,0.0438,0.0,0.0,393.0,0.0438,0.0438,0.0438,10000112,2015-05-27,2015-05-27,P,2.6,2015-03-26
20443,2015-04-08 10:14:00,2015-04-08,0.0438,0.0,0.0,393.0,0.0438,0.0438,0.0438,10000112,2015-05-27,2015-05-27,P,2.6,2015-03-26
20444,2015-04-08 10:15:00,2015-04-08,0.0438,0.0,0.0,393.0,0.0438,0.0438,0.0438,10000112,2015-05-27,2015-05-27,P,2.6,2015-03-26
20445,2015-04-08 10:16:00,2015-04-08,0.0438,0.0,0.0,393.0,0.0438,0.0438,0.0438,10000112,2015-05-27,2015-05-27,P,2.6,2015-03-26
20446,2015-04-08 10:17:00,2015-04-08,0.0438,0.0,0.0,393.0,0.0438,0.0438,0.0438,10000112,2015-05-27,2015-05-27,P,2.6,2015-03-26
20447,2015-04-08 10:18:00,2015-04-08,0.0438,0.0,0.0,393.0,0.0438,0.0438,0.0438,10000112,2015-05-27,2015-05-27,P,2.6,2015-03-26
20448,2015-04-08 10:19:00,2015-04-08,0.0438,0.0,0.0,393.0,0.0438,0.0438,0.0438,10000112,2015-05-27,2015-05-27,P,2.6,2015-03-26
20449,2015-04-08 10:20:00,2015-04-08,0.0438,0.0,0.0,393.0,0.0438,0.0438,0.0438,10000112,2015-05-27,2015-05-27,P,2.6,2015-03-26
20450,2015-04-08 10:21:00,2015-04-08,0.0438,0.0,0.0,393.0,0.0438,0.0438,0.0438,10000112,2015-05-27,2015-05-27,P,2.6,2015-03-26
20451,2015-04-08 10:22:00,2015-04-08,0.0438,0.0,0.0,393.0,0.0438,0.0438,0.0438,10000112,2015-05-27,2015-05-27,P,2.6,2015-03-26
20452,2015-04-08 10:23:00,2015-04-08,0.0438,0.0,0.0,393.0,0.0438,0.0438,0.0438,10000112,2015-05-27,2015-05-27,P,2.6,2015-03-26
20453,2015-04-08 10:24:00,2015-04-08,0.0438,0.0,0.0,393.0,0.0438,0.0438,0.0438,10000112,2015-05-27,2015-05-27,P,2.6,2015-03-26
20454,2015-04-08 10:25:00,2015-04-08,0.0438,0.0,0.0,393.0,0.0438,0.0438,0.0438,10000112,2015-05-27,2015-05-27,P,2.6,2015-03-26
20455,2015-04-08 10:26:00,2015-04-08,0.0438,0.0,0.0,393.0,0.0438,0.0438,0.0438,10000112,2015-05-27,2015-05-27,P,2.6,2015-03-26
20456,2015-04-08 10:27:00,2015-04-08,0.0438,0.0,0.0,393.0,0.0438,0.0438,0.0438,10000112,2015-05-27,2015-05-27,P,2.6,2015-03-26
20457,2015-04-08 10:28:00,2015-04-08,0.0438,0.0,0.0,393.0,0.0438,0.0438,0.0438,10000112,2015-05-27,2015-05-27,P,2.6,2015-03-26
20458,2015-04-08 10:29:00,2015-04-08,0.0438,0.0,0.0,393.0,0.0438,0.0438,0.0438,10000112,2015-05-27,2015-05-27,P,2.6,2015-03-26
20459,2015-04-08 10:30:00,2015-04-08,0.0438,0.0,0.0,393.0,0.0438,0.0438,0.0438,10000112,2015-05-27,2015-05-27,P,2.6,2015-03-26
20460,2015-04-08 10:31:00,2015-04-08,0.0438,0.0,0.0,393.0,0.0438,0.0438,0.0438,10000112,2015-05-27,2015-05-27,P,2.6,2015-03-26
20461,2015-04-08 10:32:00,2015-04-08,0.0438,0.0,0.0,393.0,0.0438,0.0438,0.0438,10000112,2015-05-27,2015-05-27,P,2.6,2015-03-26
20462,2015-04-08 10:33:00,2015-04-08,0.0438,0.0,0.0,393.0,0.0438,0.0438,0.0438,10000112,2015-05-27,2015-05-27,P,2.6,2015-03-26
20463,2015-04-08 10:34:00,2015-04-08,0.0438,0.0,0.0,393.0,0.0438,0.0438,0.0438,10000112,2015-05-27,2015-05-27,P,2.6,2015-03-26
20464,2015-04-08 10:35:00,2015-04-08,0.0468,1404.0,3.0,396.0,0.0468,0.0468,0.0468,10000112,2015-05-27,2015-05-27,P,2.6,2015-03-26
20465,2015-04-08 10:36:00,2015-04-08,0.0468,0.0,0.0,396.0,0.0468,0.0468,0.0468,10000112,2015-05-27,2015-05-27,P,2.6,2015-03-26
20466,2015-04-08 10:37:00,2015-04-08,0.0468,0.0,0.0,396.0,0.0468,0.0468,0.0468,10000112,2015-05-27,2015-05-27,P,2.6,2015-03-26
20467,2015-04-08 10:38:00,2015-04-08,0.0468,0.0,0.0,396.0,0.0468,0.0468,0.0468,10000112,2015-05-27,2015-05-27,P,2.6,2015-03-26
20468,2015-04-08 10:39:00,2015-04-08,0.0468,0.0,0.0,396.0,0.0468,0.0468,0.0468,10000112,2015-05-27,2015-05-27,P,2.6,2015-03-26
20469,2015-04-08 10:40:00,2015-04-08,0.0468,0.0,0.0,396.0,0.0468,0.0468,0.0468,10000112,2015-05-27,2015-05-27,P,2.6,2015-03-26
20470,2015-04-08 10:41:00,2015-04-08,0.0468,0.0,0.0,396.0,0.0468,0.0468,0.0468,10000112,2015-05-27,2015-05-27,P,2.6,2015-03-26
20471,2015-04-08 10:42:00,2015-04-08,0.0468,0.0,0.0,396.0,0.0468,0.0468,0.0468,10000112,2015-05-27,2015-05-27,P,2.6,2015-03-26
20472,2015-04-08 10:43:00,2015-04-08,0.0468,0.0,0.0,396.0,0.0468,0.0468,0.0468,10000112,2015-05-27,2015-05-27,P,2.6,2015-03-26
20473,2015-04-08 10:44:00,2015-04-08,0.0468,0.0,0.0,396.0,0.0468,0.0468,0.0468,10000112,2015-05-27,2015-05-27,P,2.6,2015-03-26
20474,2015-04-08 10:45:00,2015-04-08,0.0468,0.0,0.0,396.0,0.0468,0.0468,0.0468,10000112,2015-05-27,2015-05-27,P,2.6,2015-03-26
20475,2015-04-08 10:46:00,2015-04-08,0.0468,0.0,0.0,396.0,0.0468,0.0468,0.0468,10000112,2015-05-27,2015-05-27,P,2.6,2015-03-26
20476,2015-04-08 10:47:00,2015-04-08,0.0468,0.0,0.0,396.0,0.0468,0.0468,0.0468,10000112,2015-05-27,2015-05-27,P,2.6,2015-03-26
20477,2015-04-08 10:48:00,2015-04-08,0.0468,0.0,0.0,396.0,0.0468,0.0468,0.0468,10000112,2015-05-27,2015-05-27,P,2.6,2015-03-26
20478,2015-04-08 10:49:00,2015-04-08,0.0468,0.0,0.0,396.0,0.0468,0.0468,0.0468,10000112,2015-05-27,2015-05-27,P,2.6,2015-03-26
20479,2015-04-08 10:50:00,2015-04-08,0.0468,0.0,0.0,396.0,0.0468,0.0468,0.0468,10000112,2015-05-27,2015-05-27,P,2.6,2015-03-26
20480,2015-04-08 10:51:00,2015-04-08,0.0468,0.0,0.0,396.0,0.0468,0.0468,0.0468,10000112,2015-05-27,2015-05-27,P,2.6,2015-03-26
20481,2015-04-08 10:52:00,2015-04-08,0.0468,0.0,0.0,396.0,0.0468,0.0468,0.0468,10000112,2015-05-27,2015-05-27,P,2.6,2015-03-26
20482,2015-04-08 10:53:00,2015-04-08,0.0468,0.0,0.0,396.0,0.0468,0.0468,0.0468,10000112,2015-05-27,2015-05-27,P,2.6,2015-03-26
20483,2015-04-08 10:54:00,2015-04-08,0.052000000000000005,5200.0,10.0,406.0,0.052000000000000005,0.052000000000000005,0.052000000000000005,10000112,2015-05-27,2015-05-27,P,2.6,2015-03-26
20484,2015-04-08 10:55:00,2015-04-08,0.052000000000000005,0.0,0.0,406.0,0.052000000000000005,0.052000000000000005,0.052000000000000005,10000112,2015-05-27,2015-05-27,P,2.6,2015-03-26
20485,2015-04-08 10:56:00,2015-04-08,0.0489,4890.0,10.0,396.0,0.0489,0.0489,0.0489,10000112,2015-05-27,2015-05-27,P,2.6,2015-03-26
20486,2015-04-08 10:57:00,2015-04-08,0.0489,0.0,0.0,396.0,0.0489,0.0489,0.0489,10000112,2015-05-27,2015-05-27,P,2.6,2015-03-26
20487,2015-04-08 10:58:00,2015-04-08,0.0489,0.0,0.0,396.0,0.0489,0.0489,0.0489,10000112,2015-05-27,2015-05-27,P,2.6,2015-03-26
20488,2015-04-08 10:59:00,2015-04-08,0.0489,0.0,0.0,396.0,0.0489,0.0489,0.0489,10000112,2015-05-27,2015-05-27,P,2.6,2015-03-26
20489,2015-04-08 11:00:00,2015-04-08,0.0489,0.0,0.0,396.0,0.0489,0.0489,0.0489,10000112,2015-05-27,2015-05-27,P,2.6,2015-03-26
20490,2015-04-08 11:01:00,2015-04-08,0.0489,0.0,0.0,396.0,0.0489,0.0489,0.0489,10000112,2015-05-27,2015-05-27,P,2.6,2015-03-26
20491,2015-04-08 11:02:00,2015-04-08,0.0489,0.0,0.0,396.0,0.0489,0.0489,0.0489,10000112,2015-05-27,2015-05-27,P,2.6,2015-03-26
20492,2015-04-08 11:03:00,2015-04-08,0.0489,0.0,0.0,396.0,0.0489,0.0489,0.0489,10000112,2015-05-27,2015-05-27,P,2.6,2015-03-26
20493,2015-04-08 11:04:00,2015-04-08,0.0489,0.0,0.0,396.0,0.0489,0.0489,0.0489,10000112,2015-05-27,2015-05-27,P,2.6,2015-03-26
20494,2015-04-08 11:05:00,2015-04-08,0.0489,0.0,0.0,396.0,0.0489,0.0489,0.0489,10000112,2015-05-27,2015-05-27,P,2.6,2015-03-26
20495,2015-04-08 11:06:00,2015-04-08,0.0489,0.0,0.0,396.0,0.0489,0.0489,0.0489,10000112,2015-05-27,2015-05-27,P,2.6,2015-03-26
20496,2015-04-08 11:07:00,2015-04-08,0.0489,0.0,0.0,396.0,0.0489,0.0489,0.0489,10000112,2015-05-27,2015-05-27,P,2.6,2015-03-26
20497,2015-04-08 11:08:00,2015-04-08,0.0489,0.0,0.0,396.0,0.0489,0.0489,0.0489,10000112,2015-05-27,2015-05-27,P,2.6,2015-03-26
20498,2015-04-08 11:09:00,2015-04-08,0.0489,0.0,0.0,396.0,0.0489,0.0489,0.0489,10000112,2015-05-27,2015-05-27,P,2.6,2015-03-26
20499,2015-04-08 11:10:00,2015-04-08,0.0489,0.0,0.0,396.0,0.0489,0.0489,0.0489,10000112,2015-05-27,2015-05-27,P,2.6,2015-03-26
20500,2015-04-08 11:11:00,2015-04-08,0.0489,0.0,0.0,396.0,0.0489,0.0489,0.0489,10000112,2015-05-27,2015-05-27,P,2.6,2015-03-26
20501,2015-04-08 11:12:00,2015-04-08,0.0489,0.0,0.0,396.0,0.0489,0.0489,0.0489,10000112,2015-05-27,2015-05-27,P,2.6,2015-03-26
20502,2015-04-08 11:13:00,2015-04-08,0.0524,5240.0,10.0,406.0,0.0524,0.0524,0.0524,10000112,2015-05-27,2015-05-27,P,2.6,2015-03-26
20503,2015-04-08 11:14:00,2015-04-08,0.0524,0.0,0.0,406.0,0.0524,0.0524,0.0524,10000112,2015-05-27,2015-05-27,P,2.6,2015-03-26
20504,2015-04-08 11:15:00,2015-04-08,0.0524,0.0,0.0,406.0,0.0524,0.0524,0.0524,10000112,2015-05-27,2015-05-27,P,2.6,2015-03-26
20505,2015-04-08 11:16:00,2015-04-08,0.0524,0.0,0.0,406.0,0.0524,0.0524,0.0524,10000112,2015-05-27,2015-05-27,P,2.6,2015-03-26
20506,2015-04-08 11:17:00,2015-04-08,0.0524,0.0,0.0,406.0,0.0524,0.0524,0.0524,10000112,2015-05-27,2015-05-27,P,2.6,2015-03-26
20507,2015-04-08 11:18:00,2015-04-08,0.0524,0.0,0.0,406.0,0.0524,0.0524,0.0524,10000112,2015-05-27,2015-05-27,P,2.6,2015-03-26
20508,2015-04-08 11:19:00,2015-04-08,0.0524,0.0,0.0,406.0,0.0524,0.0524,0.0524,10000112,2015-05-27,2015-05-27,P,2.6,2015-03-26
20509,2015-04-08 11:20:00,2015-04-08,0.0524,0.0,0.0,406.0,0.0524,0.0524,0.0524,10000112,2015-05-27,2015-05-27,P,2.6,2015-03-26
20510,2015-04-08 11:21:00,2015-04-08,0.0524,0.0,0.0,406.0,0.0524,0.0524,0.0524,10000112,2015-05-27,2015-05-27,P,2.6,2015-03-26
20511,2015-04-08 11:22:00,2015-04-08,0.0524,0.0,0.0,406.0,0.0524,0.0524,0.0524,10000112,2015-05-27,2015-05-27,P,2.6,2015-03-26
20512,2015-04-08 11:23:00,2015-04-08,0.0524,0.0,0.0,406.0,0.0524,0.0524,0.0524,10000112,2015-05-27,2015-05-27,P,2.6,2015-03-26
20513,2015-04-08 11:24:00,2015-04-08,0.0524,0.0,0.0,406.0,0.0524,0.0524,0.0524,10000112,2015-05-27,2015-05-27,P,2.6,2015-03-26
20514,2015-04-08 11:25:00,2015-04-08,0.0524,0.0,0.0,406.0,0.0524,0.0524,0.0524,10000112,2015-05-27,2015-05-27,P,2.6,2015-03-26
20515,2015-04-08 11:26:00,2015-04-08,0.0524,0.0,0.0,406.0,0.0524,0.0524,0.0524,10000112,2015-05-27,2015-05-27,P,2.6,2015-03-26
20516,2015-04-08 11:27:00,2015-04-08,0.0471,942.0,2.0,408.0,0.0471,0.0471,0.0471,10000112,2015-05-27,2015-05-27,P,2.6,2015-03-26
20517,2015-04-08 11:28:00,2015-04-08,0.0471,0.0,0.0,408.0,0.0471,0.0471,0.0471,10000112,2015-05-27,2015-05-27,P,2.6,2015-03-26
20518,2015-04-08 11:29:00,2015-04-08,0.0471,0.0,0.0,408.0,0.0471,0.0471,0.0471,10000112,2015-05-27,2015-05-27,P,2.6,2015-03-26
20519,2015-04-08 11:30:00,2015-04-08,0.0471,0.0,0.0,408.0,0.0471,0.0471,0.0471,10000112,2015-05-27,2015-05-27,P,2.6,2015-03-26
20520,2015-04-08 13:01:00,2015-04-08,0.0471,0.0,0.0,408.0,0.0471,0.0471,0.0471,10000112,2015-05-27,2015-05-27,P,2.6,2015-03-26
20521,2015-04-08 13:02:00,2015-04-08,0.0471,0.0,0.0,408.0,0.0471,0.0471,0.0471,10000112,2015-05-27,2015-05-27,P,2.6,2015-03-26
20522,2015-04-08 13:03:00,2015-04-08,0.0471,0.0,0.0,408.0,0.0471,0.0471,0.0471,10000112,2015-05-27,2015-05-27,P,2.6,2015-03-26
20523,2015-04-08 13:04:00,2015-04-08,0.0471,0.0,0.0,408.0,0.0471,0.0471,0.0471,10000112,2015-05-27,2015-05-27,P,2.6,2015-03-26
20524,2015-04-08 13:05:00,2015-04-08,0.0471,0.0,0.0,408.0,0.0471,0.0471,0.0471,10000112,2015-05-27,2015-05-27,P,2.6,2015-03-26
20525,2015-04-08 13:06:00,2015-04-08,0.0471,0.0,0.0,408.0,0.0471,0.0471,0.0471,10000112,2015-05-27,2015-05-27,P,2.6,2015-03-26
20526,2015-04-08 13:07:00,2015-04-08,0.0471,0.0,0.0,408.0,0.0471,0.0471,0.0471,10000112,2015-05-27,2015-05-27,P,2.6,2015-03-26
20527,2015-04-08 13:08:00,2015-04-08,0.0471,0.0,0.0,408.0,0.0471,0.0471,0.0471,10000112,2015-05-27,2015-05-27,P,2.6,2015-03-26
20528,2015-04-08 13:09:00,2015-04-08,0.0471,0.0,0.0,408.0,0.0471,0.0471,0.0471,10000112,2015-05-27,2015-05-27,P,2.6,2015-03-26
20529,2015-04-08 13:10:00,2015-04-08,0.0471,0.0,0.0,408.0,0.0471,0.0471,0.0471,10000112,2015-05-27,2015-05-27,P,2.6,2015-03-26
20530,2015-04-08 13:11:00,2015-04-08,0.0471,0.0,0.0,408.0,0.0471,0.0471,0.0471,10000112,2015-05-27,2015-05-27,P,2.6,2015-03-26
20531,2015-04-08 13:12:00,2015-04-08,0.0471,0.0,0.0,408.0,0.0471,0.0471,0.0471,10000112,2015-05-27,2015-05-27,P,2.6,2015-03-26
20532,2015-04-08 13:13:00,2015-04-08,0.0471,0.0,0.0,408.0,0.0471,0.0471,0.0471,10000112,2015-05-27,2015-05-27,P,2.6,2015-03-26
20533,2015-04-08 13:14:00,2015-04-08,0.0471,0.0,0.0,408.0,0.0471,0.0471,0.0471,10000112,2015-05-27,2015-05-27,P,2.6,2015-03-26
20534,2015-04-08 13:15:00,2015-04-08,0.0471,0.0,0.0,408.0,0.0471,0.0471,0.0471,10000112,2015-05-27,2015-05-27,P,2.6,2015-03-26
20535,2015-04-08 13:16:00,2015-04-08,0.0471,0.0,0.0,408.0,0.0471,0.0471,0.0471,10000112,2015-05-27,2015-05-27,P,2.6,2015-03-26
20536,2015-04-08 13:17:00,2015-04-08,0.0471,0.0,0.0,408.0,0.0471,0.0471,0.0471,10000112,2015-05-27,2015-05-27,P,2.6,2015-03-26
20537,2015-04-08 13:18:00,2015-04-08,0.0471,0.0,0.0,408.0,0.0471,0.0471,0.0471,10000112,2015-05-27,2015-05-27,P,2.6,2015-03-26
20538,2015-04-08 13:19:00,2015-04-08,0.0471,0.0,0.0,408.0,0.0471,0.0471,0.0471,10000112,2015-05-27,2015-05-27,P,2.6,2015-03-26
20539,2015-04-08 13:20:00,2015-04-08,0.0471,0.0,0.0,408.0,0.0471,0.0471,0.0471,10000112,2015-05-27,2015-05-27,P,2.6,2015-03-26
20540,2015-04-08 13:21:00,2015-04-08,0.04,4000.0,10.0,418.0,0.04,0.04,0.04,10000112,2015-05-27,2015-05-27,P,2.6,2015-03-26
20541,2015-04-08 13:22:00,2015-04-08,0.04,0.0,0.0,418.0,0.04,0.04,0.04,10000112,2015-05-27,2015-05-27,P,2.6,2015-03-26
20542,2015-04-08 13:23:00,2015-04-08,0.04,0.0,0.0,418.0,0.04,0.04,0.04,10000112,2015-05-27,2015-05-27,P,2.6,2015-03-26
20543,2015-04-08 13:24:00,2015-04-08,0.04,0.0,0.0,418.0,0.04,0.04,0.04,10000112,2015-05-27,2015-05-27,P,2.6,2015-03-26
20544,2015-04-08 13:25:00,2015-04-08,0.04,0.0,0.0,418.0,0.04,0.04,0.04,10000112,2015-05-27,2015-05-27,P,2.6,2015-03-26
20545,2015-04-08 13:26:00,2015-04-08,0.04,0.0,0.0,418.0,0.04,0.04,0.04,10000112,2015-05-27,2015-05-27,P,2.6,2015-03-26
20546,2015-04-08 13:27:00,2015-04-08,0.04,0.0,0.0,418.0,0.04,0.04,0.04,10000112,2015-05-27,2015-05-27,P,2.6,2015-03-26
20547,2015-04-08 13:28:00,2015-04-08,0.04,0.0,0.0,418.0,0.04,0.04,0.04,10000112,2015-05-27,2015-05-27,P,2.6,2015-03-26
20548,2015-04-08 13:29:00,2015-04-08,0.04,0.0,0.0,418.0,0.04,0.04,0.04,10000112,2015-05-27,2015-05-27,P,2.6,2015-03-26
20549,2015-04-08 13:30:00,2015-04-08,0.04,0.0,0.0,418.0,0.04,0.04,0.04,10000112,2015-05-27,2015-05-27,P,2.6,2015-03-26
20550,2015-04-08 13:31:00,2015-04-08,0.04,0.0,0.0,418.0,0.04,0.04,0.04,10000112,2015-05-27,2015-05-27,P,2.6,2015-03-26
20551,2015-04-08 13:32:00,2015-04-08,0.04,0.0,0.0,418.0,0.04,0.04,0.04,10000112,2015-05-27,2015-05-27,P,2.6,2015-03-26
20552,2015-04-08 13:33:00,2015-04-08,0.04,0.0,0.0,418.0,0.04,0.04,0.04,10000112,2015-05-27,2015-05-27,P,2.6,2015-03-26
20553,2015-04-08 13:34:00,2015-04-08,0.04,0.0,0.0,418.0,0.04,0.04,0.04,10000112,2015-05-27,2015-05-27,P,2.6,2015-03-26
20554,2015-04-08 13:35:00,2015-04-08,0.04,0.0,0.0,418.0,0.04,0.04,0.04,10000112,2015-05-27,2015-05-27,P,2.6,2015-03-26
20555,2015-04-08 13:36:00,2015-04-08,0.04,0.0,0.0,418.0,0.04,0.04,0.04,10000112,2015-05-27,2015-05-27,P,2.6,2015-03-26
20556,2015-04-08 13:37:00,2015-04-08,0.04,0.0,0.0,418.0,0.04,0.04,0.04,10000112,2015-05-27,2015-05-27,P,2.6,2015-03-26
20557,2015-04-08 13:38:00,2015-04-08,0.04,0.0,0.0,418.0,0.04,0.04,0.04,10000112,2015-05-27,2015-05-27,P,2.6,2015-03-26
20558,2015-04-08 13:39:00,2015-04-08,0.04,0.0,0.0,418.0,0.04,0.04,0.04,10000112,2015-05-27,2015-05-27,P,2.6,2015-03-26
20559,2015-04-08 13:40:00,2015-04-08,0.04,0.0,0.0,418.0,0.04,0.04,0.04,10000112,2015-05-27,2015-05-27,P,2.6,2015-03-26
20560,2015-04-08 13:41:00,2015-04-08,0.04,0.0,0.0,418.0,0.04,0.04,0.04,10000112,2015-05-27,2015-05-27,P,2.6,2015-03-26
20561,2015-04-08 13:42:00,2015-04-08,0.04,0.0,0.0,418.0,0.04,0.04,0.04,10000112,2015-05-27,2015-05-27,P,2.6,2015-03-26
20562,2015-04-08 13:43:00,2015-04-08,0.0422,2110.0,5.0,423.0,0.0422,0.0422,0.0422,10000112,2015-05-27,2015-05-27,P,2.6,2015-03-26
20563,2015-04-08 13:44:00,2015-04-08,0.0422,0.0,0.0,423.0,0.0422,0.0422,0.0422,10000112,2015-05-27,2015-05-27,P,2.6,2015-03-26
20564,2015-04-08 13:45:00,2015-04-08,0.0422,0.0,0.0,423.0,0.0422,0.0422,0.0422,10000112,2015-05-27,2015-05-27,P,2.6,2015-03-26
20565,2015-04-08 13:46:00,2015-04-08,0.0422,0.0,0.0,423.0,0.0422,0.0422,0.0422,10000112,2015-05-27,2015-05-27,P,2.6,2015-03-26
20566,2015-04-08 13:47:00,2015-04-08,0.0422,0.0,0.0,423.0,0.0422,0.0422,0.0422,10000112,2015-05-27,2015-05-27,P,2.6,2015-03-26
20567,2015-04-08 13:48:00,2015-04-08,0.0422,0.0,0.0,423.0,0.0422,0.0422,0.0422,10000112,2015-05-27,2015-05-27,P,2.6,2015-03-26
20568,2015-04-08 13:49:00,2015-04-08,0.0422,0.0,0.0,423.0,0.0422,0.0422,0.0422,10000112,2015-05-27,2015-05-27,P,2.6,2015-03-26
20569,2015-04-08 13:50:00,2015-04-08,0.0422,0.0,0.0,423.0,0.0422,0.0422,0.0422,10000112,2015-05-27,2015-05-27,P,2.6,2015-03-26
20570,2015-04-08 13:51:00,2015-04-08,0.0422,0.0,0.0,423.0,0.0422,0.0422,0.0422,10000112,2015-05-27,2015-05-27,P,2.6,2015-03-26
20571,2015-04-08 13:52:00,2015-04-08,0.0422,0.0,0.0,423.0,0.0422,0.0422,0.0422,10000112,2015-05-27,2015-05-27,P,2.6,2015-03-26
20572,2015-04-08 13:53:00,2015-04-08,0.0422,0.0,0.0,423.0,0.0422,0.0422,0.0422,10000112,2015-05-27,2015-05-27,P,2.6,2015-03-26
20573,2015-04-08 13:54:00,2015-04-08,0.0422,0.0,0.0,423.0,0.0422,0.0422,0.0422,10000112,2015-05-27,2015-05-27,P,2.6,2015-03-26
20574,2015-04-08 13:55:00,2015-04-08,0.0422,0.0,0.0,423.0,0.0422,0.0422,0.0422,10000112,2015-05-27,2015-05-27,P,2.6,2015-03-26
20575,2015-04-08 13:56:00,2015-04-08,0.0422,0.0,0.0,423.0,0.0422,0.0422,0.0422,10000112,2015-05-27,2015-05-27,P,2.6,2015-03-26
20576,2015-04-08 13:57:00,2015-04-08,0.0422,0.0,0.0,423.0,0.0422,0.0422,0.0422,10000112,2015-05-27,2015-05-27,P,2.6,2015-03-26
20577,2015-04-08 13:58:00,2015-04-08,0.0422,0.0,0.0,423.0,0.0422,0.0422,0.0422,10000112,2015-05-27,2015-05-27,P,2.6,2015-03-26
20578,2015-04-08 13:59:00,2015-04-08,0.0422,0.0,0.0,423.0,0.0422,0.0422,0.0422,10000112,2015-05-27,2015-05-27,P,2.6,2015-03-26
20579,2015-04-08 14:00:00,2015-04-08,0.0422,0.0,0.0,423.0,0.0422,0.0422,0.0422,10000112,2015-05-27,2015-05-27,P,2.6,2015-03-26
20580,2015-04-08 14:01:00,2015-04-08,0.0422,0.0,0.0,423.0,0.0422,0.0422,0.0422,10000112,2015-05-27,2015-05-27,P,2.6,2015-03-26
20581,2015-04-08 14:02:00,2015-04-08,0.0422,0.0,0.0,423.0,0.0422,0.0422,0.0422,10000112,2015-05-27,2015-05-27,P,2.6,2015-03-26
20582,2015-04-08 14:03:00,2015-04-08,0.0422,0.0,0.0,423.0,0.0422,0.0422,0.0422,10000112,2015-05-27,2015-05-27,P,2.6,2015-03-26
20583,2015-04-08 14:04:00,2015-04-08,0.0422,0.0,0.0,423.0,0.0422,0.0422,0.0422,10000112,2015-05-27,2015-05-27,P,2.6,2015-03-26
20584,2015-04-08 14:05:00,2015-04-08,0.0422,0.0,0.0,423.0,0.0422,0.0422,0.0422,10000112,2015-05-27,2015-05-27,P,2.6,2015-03-26
20585,2015-04-08 14:06:00,2015-04-08,0.0422,0.0,0.0,423.0,0.0422,0.0422,0.0422,10000112,2015-05-27,2015-05-27,P,2.6,2015-03-26
20586,2015-04-08 14:07:00,2015-04-08,0.0422,0.0,0.0,423.0,0.0422,0.0422,0.0422,10000112,2015-05-27,2015-05-27,P,2.6,2015-03-26
20587,2015-04-08 14:08:00,2015-04-08,0.0422,0.0,0.0,423.0,0.0422,0.0422,0.0422,10000112,2015-05-27,2015-05-27,P,2.6,2015-03-26
20588,2015-04-08 14:09:00,2015-04-08,0.0422,0.0,0.0,423.0,0.0422,0.0422,0.0422,10000112,2015-05-27,2015-05-27,P,2.6,2015-03-26
20589,2015-04-08 14:10:00,2015-04-08,0.0422,0.0,0.0,423.0,0.0422,0.0422,0.0422,10000112,2015-05-27,2015-05-27,P,2.6,2015-03-26
20590,2015-04-08 14:11:00,2015-04-08,0.0422,0.0,0.0,423.0,0.0422,0.0422,0.0422,10000112,2015-05-27,2015-05-27,P,2.6,2015-03-26
20591,2015-04-08 14:12:00,2015-04-08,0.0422,0.0,0.0,423.0,0.0422,0.0422,0.0422,10000112,2015-05-27,2015-05-27,P,2.6,2015-03-26
20592,2015-04-08 14:13:00,2015-04-08,0.0422,0.0,0.0,423.0,0.0422,0.0422,0.0422,10000112,2015-05-27,2015-05-27,P,2.6,2015-03-26
20593,2015-04-08 14:14:00,2015-04-08,0.0422,0.0,0.0,423.0,0.0422,0.0422,0.0422,10000112,2015-05-27,2015-05-27,P,2.6,2015-03-26
20594,2015-04-08 14:15:00,2015-04-08,0.0422,0.0,0.0,423.0,0.0422,0.0422,0.0422,10000112,2015-05-27,2015-05-27,P,2.6,2015-03-26
20595,2015-04-08 14:16:00,2015-04-08,0.0422,0.0,0.0,423.0,0.0422,0.0422,0.0422,10000112,2015-05-27,2015-05-27,P,2.6,2015-03-26
20596,2015-04-08 14:17:00,2015-04-08,0.0422,0.0,0.0,423.0,0.0422,0.0422,0.0422,10000112,2015-05-27,2015-05-27,P,2.6,2015-03-26
20597,2015-04-08 14:18:00,2015-04-08,0.0422,0.0,0.0,423.0,0.0422,0.0422,0.0422,10000112,2015-05-27,2015-05-27,P,2.6,2015-03-26
20598,2015-04-08 14:19:00,2015-04-08,0.0422,0.0,0.0,423.0,0.0422,0.0422,0.0422,10000112,2015-05-27,2015-05-27,P,2.6,2015-03-26
20599,2015-04-08 14:20:00,2015-04-08,0.0422,0.0,0.0,423.0,0.0422,0.0422,0.0422,10000112,2015-05-27,2015-05-27,P,2.6,2015-03-26
20600,2015-04-08 14:21:00,2015-04-08,0.0422,0.0,0.0,423.0,0.0422,0.0422,0.0422,10000112,2015-05-27,2015-05-27,P,2.6,2015-03-26
20601,2015-04-08 14:22:00,2015-04-08,0.0422,0.0,0.0,423.0,0.0422,0.0422,0.0422,10000112,2015-05-27,2015-05-27,P,2.6,2015-03-26
20602,2015-04-08 14:23:00,2015-04-08,0.0422,0.0,0.0,423.0,0.0422,0.0422,0.0422,10000112,2015-05-27,2015-05-27,P,2.6,2015-03-26
20603,2015-04-08 14:24:00,2015-04-08,0.0422,0.0,0.0,423.0,0.0422,0.0422,0.0422,10000112,2015-05-27,2015-05-27,P,2.6,2015-03-26
20604,2015-04-08 14:25:00,2015-04-08,0.0422,0.0,0.0,423.0,0.0422,0.0422,0.0422,10000112,2015-05-27,2015-05-27,P,2.6,2015-03-26
20605,2015-04-08 14:26:00,2015-04-08,0.0422,0.0,0.0,423.0,0.0422,0.0422,0.0422,10000112,2015-05-27,2015-05-27,P,2.6,2015-03-26
20606,2015-04-08 14:27:00,2015-04-08,0.0422,0.0,0.0,423.0,0.0422,0.0422,0.0422,10000112,2015-05-27,2015-05-27,P,2.6,2015-03-26
20607,2015-04-08 14:28:00,2015-04-08,0.0422,0.0,0.0,423.0,0.0422,0.0422,0.0422,10000112,2015-05-27,2015-05-27,P,2.6,2015-03-26
20608,2015-04-08 14:29:00,2015-04-08,0.0422,0.0,0.0,423.0,0.0422,0.0422,0.0422,10000112,2015-05-27,2015-05-27,P,2.6,2015-03-26
20609,2015-04-08 14:30:00,2015-04-08,0.0422,0.0,0.0,423.0,0.0422,0.0422,0.0422,10000112,2015-05-27,2015-05-27,P,2.6,2015-03-26
20610,2015-04-08 14:31:00,2015-04-08,0.0422,0.0,0.0,423.0,0.0422,0.0422,0.0422,10000112,2015-05-27,2015-05-27,P,2.6,2015-03-26
20611,2015-04-08 14:32:00,2015-04-08,0.0422,0.0,0.0,423.0,0.0422,0.0422,0.0422,10000112,2015-05-27,2015-05-27,P,2.6,2015-03-26
20612,2015-04-08 14:33:00,2015-04-08,0.0422,0.0,0.0,423.0,0.0422,0.0422,0.0422,10000112,2015-05-27,2015-05-27,P,2.6,2015-03-26
20613,2015-04-08 14:34:00,2015-04-08,0.0422,0.0,0.0,423.0,0.0422,0.0422,0.0422,10000112,2015-05-27,2015-05-27,P,2.6,2015-03-26
20614,2015-04-08 14:35:00,2015-04-08,0.0422,0.0,0.0,423.0,0.0422,0.0422,0.0422,10000112,2015-05-27,2015-05-27,P,2.6,2015-03-26
20615,2015-04-08 14:36:00,2015-04-08,0.0422,0.0,0.0,423.0,0.0422,0.0422,0.0422,10000112,2015-05-27,2015-05-27,P,2.6,2015-03-26
20616,2015-04-08 14:37:00,2015-04-08,0.0422,0.0,0.0,423.0,0.0422,0.0422,0.0422,10000112,2015-05-27,2015-05-27,P,2.6,2015-03-26
20617,2015-04-08 14:38:00,2015-04-08,0.0422,0.0,0.0,423.0,0.0422,0.0422,0.0422,10000112,2015-05-27,2015-05-27,P,2.6,2015-03-26
20618,2015-04-08 14:39:00,2015-04-08,0.0422,0.0,0.0,423.0,0.0422,0.0422,0.0422,10000112,2015-05-27,2015-05-27,P,2.6,2015-03-26
20619,2015-04-08 14:40:00,2015-04-08,0.0422,0.0,0.0,423.0,0.0422,0.0422,0.0422,10000112,2015-05-27,2015-05-27,P,2.6,2015-03-26
20620,2015-04-08 14:41:00,2015-04-08,0.0422,0.0,0.0,423.0,0.0422,0.0422,0.0422,10000112,2015-05-27,2015-05-27,P,2.6,2015-03-26
20621,2015-04-08 14:42:00,2015-04-08,0.0422,0.0,0.0,423.0,0.0422,0.0422,0.0422,10000112,2015-05-27,2015-05-27,P,2.6,2015-03-26
20622,2015-04-08 14:43:00,2015-04-08,0.0422,0.0,0.0,423.0,0.0422,0.0422,0.0422,10000112,2015-05-27,2015-05-27,P,2.6,2015-03-26
20623,2015-04-08 14:44:00,2015-04-08,0.0422,0.0,0.0,423.0,0.0422,0.0422,0.0422,10000112,2015-05-27,2015-05-27,P,2.6,2015-03-26
20624,2015-04-08 14:45:00,2015-04-08,0.0408,2040.0,5.0,428.0,0.0408,0.0408,0.0408,10000112,2015-05-27,2015-05-27,P,2.6,2015-03-26
20625,2015-04-08 14:46:00,2015-04-08,0.0408,0.0,0.0,428.0,0.0408,0.0408,0.0408,10000112,2015-05-27,2015-05-27,P,2.6,2015-03-26
20626,2015-04-08 14:47:00,2015-04-08,0.0408,0.0,0.0,428.0,0.0408,0.0408,0.0408,10000112,2015-05-27,2015-05-27,P,2.6,2015-03-26
20627,2015-04-08 14:48:00,2015-04-08,0.0408,0.0,0.0,428.0,0.0408,0.0408,0.0408,10000112,2015-05-27,2015-05-27,P,2.6,2015-03-26
20628,2015-04-08 14:49:00,2015-04-08,0.0408,0.0,0.0,428.0,0.0408,0.0408,0.0408,10000112,2015-05-27,2015-05-27,P,2.6,2015-03-26
20629,2015-04-08 14:50:00,2015-04-08,0.0408,0.0,0.0,428.0,0.0408,0.0408,0.0408,10000112,2015-05-27,2015-05-27,P,2.6,2015-03-26
20630,2015-04-08 14:51:00,2015-04-08,0.0408,0.0,0.0,428.0,0.0408,0.0408,0.0408,10000112,2015-05-27,2015-05-27,P,2.6,2015-03-26
20631,2015-04-08 14:52:00,2015-04-08,0.0408,0.0,0.0,428.0,0.0408,0.0408,0.0408,10000112,2015-05-27,2015-05-27,P,2.6,2015-03-26
20632,2015-04-08 14:53:00,2015-04-08,0.0408,0.0,0.0,428.0,0.0408,0.0408,0.0408,10000112,2015-05-27,2015-05-27,P,2.6,2015-03-26
20633,2015-04-08 14:54:00,2015-04-08,0.0408,0.0,0.0,428.0,0.0408,0.0408,0.0408,10000112,2015-05-27,2015-05-27,P,2.6,2015-03-26
20634,2015-04-08 14:55:00,2015-04-08,0.0408,0.0,0.0,428.0,0.0408,0.0408,0.0408,10000112,2015-05-27,2015-05-27,P,2.6,2015-03-26
20635,2015-04-08 14:56:00,2015-04-08,0.0408,0.0,0.0,428.0,0.0408,0.0408,0.0408,10000112,2015-05-27,2015-05-27,P,2.6,2015-03-26
20636,2015-04-08 14:57:00,2015-04-08,0.0408,0.0,0.0,428.0,0.0408,0.0408,0.0408,10000112,2015-05-27,2015-05-27,P,2.6,2015-03-26
20637,2015-04-08 14:58:00,2015-04-08,0.0408,0.0,0.0,428.0,0.0408,0.0408,0.0408,10000112,2015-05-27,2015-05-27,P,2.6,2015-03-26
20638,2015-04-08 14:59:00,2015-04-08,0.0408,0.0,0.0,428.0,0.0408,0.0408,0.0408,10000112,2015-05-27,2015-05-27,P,2.6,2015-03-26
20639,2015-04-08 15:00:00,2015-04-08,0.0408,0.0,0.0,428.0,0.0408,0.0408,0.0408,10000112,2015-05-27,2015-05-27,P,2.6,2015-03-26
20640,2015-04-08 09:31:00,2015-04-08,0.4157,164946.0,46.0,209.0,0.3036,0.3261,0.3036,10000095,2015-09-23,2015-09-23,C,2.75,2015-03-23
20641,2015-04-08 09:32:00,2015-04-08,0.4233,51535.0,15.0,219.0,0.4233,0.3321,0.3321,10000095,2015-09-23,2015-09-23,C,2.75,2015-03-23
20642,2015-04-08 09:33:00,2015-04-08,0.3321,0.0,0.0,219.0,0.3321,0.3321,0.3321,10000095,2015-09-23,2015-09-23,C,2.75,2015-03-23
20643,2015-04-08 09:34:00,2015-04-08,0.3321,0.0,0.0,219.0,0.3321,0.3321,0.3321,10000095,2015-09-23,2015-09-23,C,2.75,2015-03-23
20644,2015-04-08 09:35:00,2015-04-08,0.3321,0.0,0.0,219.0,0.3321,0.3321,0.3321,10000095,2015-09-23,2015-09-23,C,2.75,2015-03-23
20645,2015-04-08 09:36:00,2015-04-08,0.3321,0.0,0.0,219.0,0.3321,0.3321,0.3321,10000095,2015-09-23,2015-09-23,C,2.75,2015-03-23
20646,2015-04-08 09:37:00,2015-04-08,0.3321,0.0,0.0,219.0,0.3321,0.3321,0.3321,10000095,2015-09-23,2015-09-23,C,2.75,2015-03-23
20647,2015-04-08 09:38:00,2015-04-08,0.3321,0.0,0.0,219.0,0.3321,0.3321,0.3321,10000095,2015-09-23,2015-09-23,C,2.75,2015-03-23
20648,2015-04-08 09:39:00,2015-04-08,0.3321,0.0,0.0,219.0,0.3321,0.3321,0.3321,10000095,2015-09-23,2015-09-23,C,2.75,2015-03-23
20649,2015-04-08 09:40:00,2015-04-08,0.3321,0.0,0.0,219.0,0.3321,0.3321,0.3321,10000095,2015-09-23,2015-09-23,C,2.75,2015-03-23
20650,2015-04-08 09:41:00,2015-04-08,0.3321,0.0,0.0,219.0,0.3321,0.3321,0.3321,10000095,2015-09-23,2015-09-23,C,2.75,2015-03-23
20651,2015-04-08 09:42:00,2015-04-08,0.3321,0.0,0.0,219.0,0.3321,0.3321,0.3321,10000095,2015-09-23,2015-09-23,C,2.75,2015-03-23
20652,2015-04-08 09:43:00,2015-04-08,0.3321,0.0,0.0,219.0,0.3321,0.3321,0.3321,10000095,2015-09-23,2015-09-23,C,2.75,2015-03-23
20653,2015-04-08 09:44:00,2015-04-08,0.3321,0.0,0.0,219.0,0.3321,0.3321,0.3321,10000095,2015-09-23,2015-09-23,C,2.75,2015-03-23
20654,2015-04-08 09:45:00,2015-04-08,0.3321,0.0,0.0,219.0,0.3321,0.3321,0.3321,10000095,2015-09-23,2015-09-23,C,2.75,2015-03-23
20655,2015-04-08 09:46:00,2015-04-08,0.3321,0.0,0.0,219.0,0.3321,0.3321,0.3321,10000095,2015-09-23,2015-09-23,C,2.75,2015-03-23
20656,2015-04-08 09:47:00,2015-04-08,0.3321,0.0,0.0,219.0,0.3321,0.3321,0.3321,10000095,2015-09-23,2015-09-23,C,2.75,2015-03-23
20657,2015-04-08 09:48:00,2015-04-08,0.3321,0.0,0.0,219.0,0.3321,0.3321,0.3321,10000095,2015-09-23,2015-09-23,C,2.75,2015-03-23
20658,2015-04-08 09:49:00,2015-04-08,0.3321,0.0,0.0,219.0,0.3321,0.3321,0.3321,10000095,2015-09-23,2015-09-23,C,2.75,2015-03-23
20659,2015-04-08 09:50:00,2015-04-08,0.3321,0.0,0.0,219.0,0.3321,0.3321,0.3321,10000095,2015-09-23,2015-09-23,C,2.75,2015-03-23
20660,2015-04-08 09:51:00,2015-04-08,0.3321,0.0,0.0,219.0,0.3321,0.3321,0.3321,10000095,2015-09-23,2015-09-23,C,2.75,2015-03-23
20661,2015-04-08 09:52:00,2015-04-08,0.3321,0.0,0.0,219.0,0.3321,0.3321,0.3321,10000095,2015-09-23,2015-09-23,C,2.75,2015-03-23
20662,2015-04-08 09:53:00,2015-04-08,0.3321,0.0,0.0,219.0,0.3321,0.3321,0.3321,10000095,2015-09-23,2015-09-23,C,2.75,2015-03-23
20663,2015-04-08 09:54:00,2015-04-08,0.3321,0.0,0.0,219.0,0.3321,0.3321,0.3321,10000095,2015-09-23,2015-09-23,C,2.75,2015-03-23
20664,2015-04-08 09:55:00,2015-04-08,0.3321,0.0,0.0,219.0,0.3321,0.3321,0.3321,10000095,2015-09-23,2015-09-23,C,2.75,2015-03-23
20665,2015-04-08 09:56:00,2015-04-08,0.3321,0.0,0.0,219.0,0.3321,0.3321,0.3321,10000095,2015-09-23,2015-09-23,C,2.75,2015-03-23
20666,2015-04-08 09:57:00,2015-04-08,0.3321,0.0,0.0,219.0,0.3321,0.3321,0.3321,10000095,2015-09-23,2015-09-23,C,2.75,2015-03-23
20667,2015-04-08 09:58:00,2015-04-08,0.3321,0.0,0.0,219.0,0.3321,0.3321,0.3321,10000095,2015-09-23,2015-09-23,C,2.75,2015-03-23
20668,2015-04-08 09:59:00,2015-04-08,0.3321,0.0,0.0,219.0,0.3321,0.3321,0.3321,10000095,2015-09-23,2015-09-23,C,2.75,2015-03-23
20669,2015-04-08 10:00:00,2015-04-08,0.3321,0.0,0.0,219.0,0.3321,0.3321,0.3321,10000095,2015-09-23,2015-09-23,C,2.75,2015-03-23
20670,2015-04-08 10:01:00,2015-04-08,0.3321,0.0,0.0,219.0,0.3321,0.3321,0.3321,10000095,2015-09-23,2015-09-23,C,2.75,2015-03-23
20671,2015-04-08 10:02:00,2015-04-08,0.3321,0.0,0.0,219.0,0.3321,0.3321,0.3321,10000095,2015-09-23,2015-09-23,C,2.75,2015-03-23
20672,2015-04-08 10:03:00,2015-04-08,0.3321,0.0,0.0,219.0,0.3321,0.3321,0.3321,10000095,2015-09-23,2015-09-23,C,2.75,2015-03-23
20673,2015-04-08 10:04:00,2015-04-08,0.3321,0.0,0.0,219.0,0.3321,0.3321,0.3321,10000095,2015-09-23,2015-09-23,C,2.75,2015-03-23
20674,2015-04-08 10:05:00,2015-04-08,0.3321,0.0,0.0,219.0,0.3321,0.3321,0.3321,10000095,2015-09-23,2015-09-23,C,2.75,2015-03-23
20675,2015-04-08 10:06:00,2015-04-08,0.3321,0.0,0.0,219.0,0.3321,0.3321,0.3321,10000095,2015-09-23,2015-09-23,C,2.75,2015-03-23
20676,2015-04-08 10:07:00,2015-04-08,0.3321,0.0,0.0,219.0,0.3321,0.3321,0.3321,10000095,2015-09-23,2015-09-23,C,2.75,2015-03-23
20677,2015-04-08 10:08:00,2015-04-08,0.3321,0.0,0.0,219.0,0.3321,0.3321,0.3321,10000095,2015-09-23,2015-09-23,C,2.75,2015-03-23
20678,2015-04-08 10:09:00,2015-04-08,0.3321,0.0,0.0,219.0,0.3321,0.3321,0.3321,10000095,2015-09-23,2015-09-23,C,2.75,2015-03-23
20679,2015-04-08 10:10:00,2015-04-08,0.3321,0.0,0.0,219.0,0.3321,0.3321,0.3321,10000095,2015-09-23,2015-09-23,C,2.75,2015-03-23
20680,2015-04-08 10:11:00,2015-04-08,0.3321,0.0,0.0,219.0,0.3321,0.3321,0.3321,10000095,2015-09-23,2015-09-23,C,2.75,2015-03-23
20681,2015-04-08 10:12:00,2015-04-08,0.3321,0.0,0.0,219.0,0.3321,0.3321,0.3321,10000095,2015-09-23,2015-09-23,C,2.75,2015-03-23
20682,2015-04-08 10:13:00,2015-04-08,0.3321,0.0,0.0,219.0,0.3321,0.3321,0.3321,10000095,2015-09-23,2015-09-23,C,2.75,2015-03-23
20683,2015-04-08 10:14:00,2015-04-08,0.3321,0.0,0.0,219.0,0.3321,0.3321,0.3321,10000095,2015-09-23,2015-09-23,C,2.75,2015-03-23
20684,2015-04-08 10:15:00,2015-04-08,0.3321,0.0,0.0,219.0,0.3321,0.3321,0.3321,10000095,2015-09-23,2015-09-23,C,2.75,2015-03-23
20685,2015-04-08 10:16:00,2015-04-08,0.3321,0.0,0.0,219.0,0.3321,0.3321,0.3321,10000095,2015-09-23,2015-09-23,C,2.75,2015-03-23
20686,2015-04-08 10:17:00,2015-04-08,0.3321,0.0,0.0,219.0,0.3321,0.3321,0.3321,10000095,2015-09-23,2015-09-23,C,2.75,2015-03-23
20687,2015-04-08 10:18:00,2015-04-08,0.3321,0.0,0.0,219.0,0.3321,0.3321,0.3321,10000095,2015-09-23,2015-09-23,C,2.75,2015-03-23
20688,2015-04-08 10:19:00,2015-04-08,0.3321,0.0,0.0,219.0,0.3321,0.3321,0.3321,10000095,2015-09-23,2015-09-23,C,2.75,2015-03-23
20689,2015-04-08 10:20:00,2015-04-08,0.3321,0.0,0.0,219.0,0.3321,0.3321,0.3321,10000095,2015-09-23,2015-09-23,C,2.75,2015-03-23
20690,2015-04-08 10:21:00,2015-04-08,0.3321,0.0,0.0,219.0,0.3321,0.3321,0.3321,10000095,2015-09-23,2015-09-23,C,2.75,2015-03-23
20691,2015-04-08 10:22:00,2015-04-08,0.3321,0.0,0.0,219.0,0.3321,0.3321,0.3321,10000095,2015-09-23,2015-09-23,C,2.75,2015-03-23
20692,2015-04-08 10:23:00,2015-04-08,0.3321,0.0,0.0,219.0,0.3321,0.3321,0.3321,10000095,2015-09-23,2015-09-23,C,2.75,2015-03-23
20693,2015-04-08 10:24:00,2015-04-08,0.3321,0.0,0.0,219.0,0.3321,0.3321,0.3321,10000095,2015-09-23,2015-09-23,C,2.75,2015-03-23
20694,2015-04-08 10:25:00,2015-04-08,0.3321,0.0,0.0,219.0,0.3321,0.3321,0.3321,10000095,2015-09-23,2015-09-23,C,2.75,2015-03-23
20695,2015-04-08 10:26:00,2015-04-08,0.3321,0.0,0.0,219.0,0.3321,0.3321,0.3321,10000095,2015-09-23,2015-09-23,C,2.75,2015-03-23
20696,2015-04-08 10:27:00,2015-04-08,0.3321,0.0,0.0,219.0,0.3321,0.3321,0.3321,10000095,2015-09-23,2015-09-23,C,2.75,2015-03-23
20697,2015-04-08 10:28:00,2015-04-08,0.3321,0.0,0.0,219.0,0.3321,0.3321,0.3321,10000095,2015-09-23,2015-09-23,C,2.75,2015-03-23
20698,2015-04-08 10:29:00,2015-04-08,0.3321,0.0,0.0,219.0,0.3321,0.3321,0.3321,10000095,2015-09-23,2015-09-23,C,2.75,2015-03-23
20699,2015-04-08 10:30:00,2015-04-08,0.3321,0.0,0.0,219.0,0.3321,0.3321,0.3321,10000095,2015-09-23,2015-09-23,C,2.75,2015-03-23
20700,2015-04-08 10:31:00,2015-04-08,0.3321,0.0,0.0,219.0,0.3321,0.3321,0.3321,10000095,2015-09-23,2015-09-23,C,2.75,2015-03-23
20701,2015-04-08 10:32:00,2015-04-08,0.3321,0.0,0.0,219.0,0.3321,0.3321,0.3321,10000095,2015-09-23,2015-09-23,C,2.75,2015-03-23
20702,2015-04-08 10:33:00,2015-04-08,0.3321,0.0,0.0,219.0,0.3321,0.3321,0.3321,10000095,2015-09-23,2015-09-23,C,2.75,2015-03-23
20703,2015-04-08 10:34:00,2015-04-08,0.3321,0.0,0.0,219.0,0.3321,0.3321,0.3321,10000095,2015-09-23,2015-09-23,C,2.75,2015-03-23
20704,2015-04-08 10:35:00,2015-04-08,0.3321,0.0,0.0,219.0,0.3321,0.3321,0.3321,10000095,2015-09-23,2015-09-23,C,2.75,2015-03-23
20705,2015-04-08 10:36:00,2015-04-08,0.3321,0.0,0.0,219.0,0.3321,0.3321,0.3321,10000095,2015-09-23,2015-09-23,C,2.75,2015-03-23
20706,2015-04-08 10:37:00,2015-04-08,0.3321,0.0,0.0,219.0,0.3321,0.3321,0.3321,10000095,2015-09-23,2015-09-23,C,2.75,2015-03-23
20707,2015-04-08 10:38:00,2015-04-08,0.3321,0.0,0.0,219.0,0.3321,0.3321,0.3321,10000095,2015-09-23,2015-09-23,C,2.75,2015-03-23
20708,2015-04-08 10:39:00,2015-04-08,0.3321,0.0,0.0,219.0,0.3321,0.3321,0.3321,10000095,2015-09-23,2015-09-23,C,2.75,2015-03-23
20709,2015-04-08 10:40:00,2015-04-08,0.3321,0.0,0.0,219.0,0.3321,0.3321,0.3321,10000095,2015-09-23,2015-09-23,C,2.75,2015-03-23
20710,2015-04-08 10:41:00,2015-04-08,0.3321,0.0,0.0,219.0,0.3321,0.3321,0.3321,10000095,2015-09-23,2015-09-23,C,2.75,2015-03-23
20711,2015-04-08 10:42:00,2015-04-08,0.3321,0.0,0.0,219.0,0.3321,0.3321,0.3321,10000095,2015-09-23,2015-09-23,C,2.75,2015-03-23
20712,2015-04-08 10:43:00,2015-04-08,0.3321,0.0,0.0,219.0,0.3321,0.3321,0.3321,10000095,2015-09-23,2015-09-23,C,2.75,2015-03-23
20713,2015-04-08 10:44:00,2015-04-08,0.3321,0.0,0.0,219.0,0.3321,0.3321,0.3321,10000095,2015-09-23,2015-09-23,C,2.75,2015-03-23
20714,2015-04-08 10:45:00,2015-04-08,0.3321,0.0,0.0,219.0,0.3321,0.3321,0.3321,10000095,2015-09-23,2015-09-23,C,2.75,2015-03-23
20715,2015-04-08 10:46:00,2015-04-08,0.3321,0.0,0.0,219.0,0.3321,0.3321,0.3321,10000095,2015-09-23,2015-09-23,C,2.75,2015-03-23
20716,2015-04-08 10:47:00,2015-04-08,0.3321,0.0,0.0,219.0,0.3321,0.3321,0.3321,10000095,2015-09-23,2015-09-23,C,2.75,2015-03-23
20717,2015-04-08 10:48:00,2015-04-08,0.3321,0.0,0.0,219.0,0.3321,0.3321,0.3321,10000095,2015-09-23,2015-09-23,C,2.75,2015-03-23
20718,2015-04-08 10:49:00,2015-04-08,0.3321,0.0,0.0,219.0,0.3321,0.3321,0.3321,10000095,2015-09-23,2015-09-23,C,2.75,2015-03-23
20719,2015-04-08 10:50:00,2015-04-08,0.3321,0.0,0.0,219.0,0.3321,0.3321,0.3321,10000095,2015-09-23,2015-09-23,C,2.75,2015-03-23
20720,2015-04-08 10:51:00,2015-04-08,0.3321,0.0,0.0,219.0,0.3321,0.3321,0.3321,10000095,2015-09-23,2015-09-23,C,2.75,2015-03-23
20721,2015-04-08 10:52:00,2015-04-08,0.3321,0.0,0.0,219.0,0.3321,0.3321,0.3321,10000095,2015-09-23,2015-09-23,C,2.75,2015-03-23
20722,2015-04-08 10:53:00,2015-04-08,0.3321,0.0,0.0,219.0,0.3321,0.3321,0.3321,10000095,2015-09-23,2015-09-23,C,2.75,2015-03-23
20723,2015-04-08 10:54:00,2015-04-08,0.3321,0.0,0.0,219.0,0.3321,0.3321,0.3321,10000095,2015-09-23,2015-09-23,C,2.75,2015-03-23
20724,2015-04-08 10:55:00,2015-04-08,0.3321,0.0,0.0,219.0,0.3321,0.3321,0.3321,10000095,2015-09-23,2015-09-23,C,2.75,2015-03-23
20725,2015-04-08 10:56:00,2015-04-08,0.3321,0.0,0.0,219.0,0.3321,0.3321,0.3321,10000095,2015-09-23,2015-09-23,C,2.75,2015-03-23
20726,2015-04-08 10:57:00,2015-04-08,0.3321,0.0,0.0,219.0,0.3321,0.3321,0.3321,10000095,2015-09-23,2015-09-23,C,2.75,2015-03-23
20727,2015-04-08 10:58:00,2015-04-08,0.3321,0.0,0.0,219.0,0.3321,0.3321,0.3321,10000095,2015-09-23,2015-09-23,C,2.75,2015-03-23
20728,2015-04-08 10:59:00,2015-04-08,0.3321,0.0,0.0,219.0,0.3321,0.3321,0.3321,10000095,2015-09-23,2015-09-23,C,2.75,2015-03-23
20729,2015-04-08 11:00:00,2015-04-08,0.3321,0.0,0.0,219.0,0.3321,0.3321,0.3321,10000095,2015-09-23,2015-09-23,C,2.75,2015-03-23
20730,2015-04-08 11:01:00,2015-04-08,0.3321,0.0,0.0,219.0,0.3321,0.3321,0.3321,10000095,2015-09-23,2015-09-23,C,2.75,2015-03-23
20731,2015-04-08 11:02:00,2015-04-08,0.3321,0.0,0.0,219.0,0.3321,0.3321,0.3321,10000095,2015-09-23,2015-09-23,C,2.75,2015-03-23
20732,2015-04-08 11:03:00,2015-04-08,0.3321,0.0,0.0,219.0,0.3321,0.3321,0.3321,10000095,2015-09-23,2015-09-23,C,2.75,2015-03-23
20733,2015-04-08 11:04:00,2015-04-08,0.3321,0.0,0.0,219.0,0.3321,0.3321,0.3321,10000095,2015-09-23,2015-09-23,C,2.75,2015-03-23
20734,2015-04-08 11:05:00,2015-04-08,0.3321,0.0,0.0,219.0,0.3321,0.3321,0.3321,10000095,2015-09-23,2015-09-23,C,2.75,2015-03-23
20735,2015-04-08 11:06:00,2015-04-08,0.3321,0.0,0.0,219.0,0.3321,0.3321,0.3321,10000095,2015-09-23,2015-09-23,C,2.75,2015-03-23
20736,2015-04-08 11:07:00,2015-04-08,0.3321,0.0,0.0,219.0,0.3321,0.3321,0.3321,10000095,2015-09-23,2015-09-23,C,2.75,2015-03-23
20737,2015-04-08 11:08:00,2015-04-08,0.3321,0.0,0.0,219.0,0.3321,0.3321,0.3321,10000095,2015-09-23,2015-09-23,C,2.75,2015-03-23
20738,2015-04-08 11:09:00,2015-04-08,0.3321,0.0,0.0,219.0,0.3321,0.3321,0.3321,10000095,2015-09-23,2015-09-23,C,2.75,2015-03-23
20739,2015-04-08 11:10:00,2015-04-08,0.3321,0.0,0.0,219.0,0.3321,0.3321,0.3321,10000095,2015-09-23,2015-09-23,C,2.75,2015-03-23
20740,2015-04-08 11:11:00,2015-04-08,0.3321,0.0,0.0,219.0,0.3321,0.3321,0.3321,10000095,2015-09-23,2015-09-23,C,2.75,2015-03-23
20741,2015-04-08 11:12:00,2015-04-08,0.3321,0.0,0.0,219.0,0.3321,0.3321,0.3321,10000095,2015-09-23,2015-09-23,C,2.75,2015-03-23
20742,2015-04-08 11:13:00,2015-04-08,0.3321,0.0,0.0,219.0,0.3321,0.3321,0.3321,10000095,2015-09-23,2015-09-23,C,2.75,2015-03-23
20743,2015-04-08 11:14:00,2015-04-08,0.3321,0.0,0.0,219.0,0.3321,0.3321,0.3321,10000095,2015-09-23,2015-09-23,C,2.75,2015-03-23
20744,2015-04-08 11:15:00,2015-04-08,0.3321,0.0,0.0,219.0,0.3321,0.3321,0.3321,10000095,2015-09-23,2015-09-23,C,2.75,2015-03-23
20745,2015-04-08 11:16:00,2015-04-08,0.3321,0.0,0.0,219.0,0.3321,0.3321,0.3321,10000095,2015-09-23,2015-09-23,C,2.75,2015-03-23
20746,2015-04-08 11:17:00,2015-04-08,0.3321,0.0,0.0,219.0,0.3321,0.3321,0.3321,10000095,2015-09-23,2015-09-23,C,2.75,2015-03-23
20747,2015-04-08 11:18:00,2015-04-08,0.3321,0.0,0.0,219.0,0.3321,0.3321,0.3321,10000095,2015-09-23,2015-09-23,C,2.75,2015-03-23
20748,2015-04-08 11:19:00,2015-04-08,0.3321,0.0,0.0,219.0,0.3321,0.3321,0.3321,10000095,2015-09-23,2015-09-23,C,2.75,2015-03-23
20749,2015-04-08 11:20:00,2015-04-08,0.3321,0.0,0.0,219.0,0.3321,0.3321,0.3321,10000095,2015-09-23,2015-09-23,C,2.75,2015-03-23
20750,2015-04-08 11:21:00,2015-04-08,0.3321,0.0,0.0,219.0,0.3321,0.3321,0.3321,10000095,2015-09-23,2015-09-23,C,2.75,2015-03-23
20751,2015-04-08 11:22:00,2015-04-08,0.3321,0.0,0.0,219.0,0.3321,0.3321,0.3321,10000095,2015-09-23,2015-09-23,C,2.75,2015-03-23
20752,2015-04-08 11:23:00,2015-04-08,0.3321,0.0,0.0,219.0,0.3321,0.3321,0.3321,10000095,2015-09-23,2015-09-23,C,2.75,2015-03-23
20753,2015-04-08 11:24:00,2015-04-08,0.3321,0.0,0.0,219.0,0.3321,0.3321,0.3321,10000095,2015-09-23,2015-09-23,C,2.75,2015-03-23
20754,2015-04-08 11:25:00,2015-04-08,0.3321,0.0,0.0,219.0,0.3321,0.3321,0.3321,10000095,2015-09-23,2015-09-23,C,2.75,2015-03-23
20755,2015-04-08 11:26:00,2015-04-08,0.3321,0.0,0.0,219.0,0.3321,0.3321,0.3321,10000095,2015-09-23,2015-09-23,C,2.75,2015-03-23
20756,2015-04-08 11:27:00,2015-04-08,0.3321,0.0,0.0,219.0,0.3321,0.3321,0.3321,10000095,2015-09-23,2015-09-23,C,2.75,2015-03-23
20757,2015-04-08 11:28:00,2015-04-08,0.3321,0.0,0.0,219.0,0.3321,0.3321,0.3321,10000095,2015-09-23,2015-09-23,C,2.75,2015-03-23
20758,2015-04-08 11:29:00,2015-04-08,0.3321,0.0,0.0,219.0,0.3321,0.3321,0.3321,10000095,2015-09-23,2015-09-23,C,2.75,2015-03-23
20759,2015-04-08 11:30:00,2015-04-08,0.3321,0.0,0.0,219.0,0.3321,0.3321,0.3321,10000095,2015-09-23,2015-09-23,C,2.75,2015-03-23
20760,2015-04-08 13:01:00,2015-04-08,0.3321,0.0,0.0,219.0,0.3321,0.3321,0.3321,10000095,2015-09-23,2015-09-23,C,2.75,2015-03-23
20761,2015-04-08 13:02:00,2015-04-08,0.3321,0.0,0.0,219.0,0.3321,0.3321,0.3321,10000095,2015-09-23,2015-09-23,C,2.75,2015-03-23
20762,2015-04-08 13:03:00,2015-04-08,0.3321,0.0,0.0,219.0,0.3321,0.3321,0.3321,10000095,2015-09-23,2015-09-23,C,2.75,2015-03-23
20763,2015-04-08 13:04:00,2015-04-08,0.3321,0.0,0.0,219.0,0.3321,0.3321,0.3321,10000095,2015-09-23,2015-09-23,C,2.75,2015-03-23
20764,2015-04-08 13:05:00,2015-04-08,0.3321,0.0,0.0,219.0,0.3321,0.3321,0.3321,10000095,2015-09-23,2015-09-23,C,2.75,2015-03-23
20765,2015-04-08 13:06:00,2015-04-08,0.3321,0.0,0.0,219.0,0.3321,0.3321,0.3321,10000095,2015-09-23,2015-09-23,C,2.75,2015-03-23
20766,2015-04-08 13:07:00,2015-04-08,0.3321,0.0,0.0,219.0,0.3321,0.3321,0.3321,10000095,2015-09-23,2015-09-23,C,2.75,2015-03-23
20767,2015-04-08 13:08:00,2015-04-08,0.3321,0.0,0.0,219.0,0.3321,0.3321,0.3321,10000095,2015-09-23,2015-09-23,C,2.75,2015-03-23
20768,2015-04-08 13:09:00,2015-04-08,0.3321,0.0,0.0,219.0,0.3321,0.3321,0.3321,10000095,2015-09-23,2015-09-23,C,2.75,2015-03-23
20769,2015-04-08 13:10:00,2015-04-08,0.3321,0.0,0.0,219.0,0.3321,0.3321,0.3321,10000095,2015-09-23,2015-09-23,C,2.75,2015-03-23
20770,2015-04-08 13:11:00,2015-04-08,0.3321,0.0,0.0,219.0,0.3321,0.3321,0.3321,10000095,2015-09-23,2015-09-23,C,2.75,2015-03-23
20771,2015-04-08 13:12:00,2015-04-08,0.3321,0.0,0.0,219.0,0.3321,0.3321,0.3321,10000095,2015-09-23,2015-09-23,C,2.75,2015-03-23
20772,2015-04-08 13:13:00,2015-04-08,0.3321,0.0,0.0,219.0,0.3321,0.3321,0.3321,10000095,2015-09-23,2015-09-23,C,2.75,2015-03-23
20773,2015-04-08 13:14:00,2015-04-08,0.3321,0.0,0.0,219.0,0.3321,0.3321,0.3321,10000095,2015-09-23,2015-09-23,C,2.75,2015-03-23
20774,2015-04-08 13:15:00,2015-04-08,0.3321,0.0,0.0,219.0,0.3321,0.3321,0.3321,10000095,2015-09-23,2015-09-23,C,2.75,2015-03-23
20775,2015-04-08 13:16:00,2015-04-08,0.3321,0.0,0.0,219.0,0.3321,0.3321,0.3321,10000095,2015-09-23,2015-09-23,C,2.75,2015-03-23
20776,2015-04-08 13:17:00,2015-04-08,0.3321,0.0,0.0,219.0,0.3321,0.3321,0.3321,10000095,2015-09-23,2015-09-23,C,2.75,2015-03-23
20777,2015-04-08 13:18:00,2015-04-08,0.3321,0.0,0.0,219.0,0.3321,0.3321,0.3321,10000095,2015-09-23,2015-09-23,C,2.75,2015-03-23
20778,2015-04-08 13:19:00,2015-04-08,0.3321,0.0,0.0,219.0,0.3321,0.3321,0.3321,10000095,2015-09-23,2015-09-23,C,2.75,2015-03-23
20779,2015-04-08 13:20:00,2015-04-08,0.3321,0.0,0.0,219.0,0.3321,0.3321,0.3321,10000095,2015-09-23,2015-09-23,C,2.75,2015-03-23
20780,2015-04-08 13:21:00,2015-04-08,0.3321,0.0,0.0,219.0,0.3321,0.3321,0.3321,10000095,2015-09-23,2015-09-23,C,2.75,2015-03-23
20781,2015-04-08 13:22:00,2015-04-08,0.3321,0.0,0.0,219.0,0.3321,0.3321,0.3321,10000095,2015-09-23,2015-09-23,C,2.75,2015-03-23
20782,2015-04-08 13:23:00,2015-04-08,0.3321,0.0,0.0,219.0,0.3321,0.3321,0.3321,10000095,2015-09-23,2015-09-23,C,2.75,2015-03-23
20783,2015-04-08 13:24:00,2015-04-08,0.3321,0.0,0.0,219.0,0.3321,0.3321,0.3321,10000095,2015-09-23,2015-09-23,C,2.75,2015-03-23
20784,2015-04-08 13:25:00,2015-04-08,0.3321,0.0,0.0,219.0,0.3321,0.3321,0.3321,10000095,2015-09-23,2015-09-23,C,2.75,2015-03-23
20785,2015-04-08 13:26:00,2015-04-08,0.3321,0.0,0.0,219.0,0.3321,0.3321,0.3321,10000095,2015-09-23,2015-09-23,C,2.75,2015-03-23
20786,2015-04-08 13:27:00,2015-04-08,0.3321,0.0,0.0,219.0,0.3321,0.3321,0.3321,10000095,2015-09-23,2015-09-23,C,2.75,2015-03-23
20787,2015-04-08 13:28:00,2015-04-08,0.3321,0.0,0.0,219.0,0.3321,0.3321,0.3321,10000095,2015-09-23,2015-09-23,C,2.75,2015-03-23
20788,2015-04-08 13:29:00,2015-04-08,0.3321,0.0,0.0,219.0,0.3321,0.3321,0.3321,10000095,2015-09-23,2015-09-23,C,2.75,2015-03-23
20789,2015-04-08 13:30:00,2015-04-08,0.3321,0.0,0.0,219.0,0.3321,0.3321,0.3321,10000095,2015-09-23,2015-09-23,C,2.75,2015-03-23
20790,2015-04-08 13:31:00,2015-04-08,0.3321,0.0,0.0,219.0,0.3321,0.3321,0.3321,10000095,2015-09-23,2015-09-23,C,2.75,2015-03-23
20791,2015-04-08 13:32:00,2015-04-08,0.3321,0.0,0.0,219.0,0.3321,0.3321,0.3321,10000095,2015-09-23,2015-09-23,C,2.75,2015-03-23
20792,2015-04-08 13:33:00,2015-04-08,0.3321,0.0,0.0,219.0,0.3321,0.3321,0.3321,10000095,2015-09-23,2015-09-23,C,2.75,2015-03-23
20793,2015-04-08 13:34:00,2015-04-08,0.3321,0.0,0.0,219.0,0.3321,0.3321,0.3321,10000095,2015-09-23,2015-09-23,C,2.75,2015-03-23
20794,2015-04-08 13:35:00,2015-04-08,0.3321,0.0,0.0,219.0,0.3321,0.3321,0.3321,10000095,2015-09-23,2015-09-23,C,2.75,2015-03-23
20795,2015-04-08 13:36:00,2015-04-08,0.3321,0.0,0.0,219.0,0.3321,0.3321,0.3321,10000095,2015-09-23,2015-09-23,C,2.75,2015-03-23
20796,2015-04-08 13:37:00,2015-04-08,0.3321,0.0,0.0,219.0,0.3321,0.3321,0.3321,10000095,2015-09-23,2015-09-23,C,2.75,2015-03-23
20797,2015-04-08 13:38:00,2015-04-08,0.3321,0.0,0.0,219.0,0.3321,0.3321,0.3321,10000095,2015-09-23,2015-09-23,C,2.75,2015-03-23
20798,2015-04-08 13:39:00,2015-04-08,0.3321,0.0,0.0,219.0,0.3321,0.3321,0.3321,10000095,2015-09-23,2015-09-23,C,2.75,2015-03-23
20799,2015-04-08 13:40:00,2015-04-08,0.3321,0.0,0.0,219.0,0.3321,0.3321,0.3321,10000095,2015-09-23,2015-09-23,C,2.75,2015-03-23
20800,2015-04-08 13:41:00,2015-04-08,0.3321,0.0,0.0,219.0,0.3321,0.3321,0.3321,10000095,2015-09-23,2015-09-23,C,2.75,2015-03-23
20801,2015-04-08 13:42:00,2015-04-08,0.3321,0.0,0.0,219.0,0.3321,0.3321,0.3321,10000095,2015-09-23,2015-09-23,C,2.75,2015-03-23
20802,2015-04-08 13:43:00,2015-04-08,0.3321,0.0,0.0,219.0,0.3321,0.3321,0.3321,10000095,2015-09-23,2015-09-23,C,2.75,2015-03-23
20803,2015-04-08 13:44:00,2015-04-08,0.3321,0.0,0.0,219.0,0.3321,0.3321,0.3321,10000095,2015-09-23,2015-09-23,C,2.75,2015-03-23
20804,2015-04-08 13:45:00,2015-04-08,0.3321,0.0,0.0,219.0,0.3321,0.3321,0.3321,10000095,2015-09-23,2015-09-23,C,2.75,2015-03-23
20805,2015-04-08 13:46:00,2015-04-08,0.3321,0.0,0.0,219.0,0.3321,0.3321,0.3321,10000095,2015-09-23,2015-09-23,C,2.75,2015-03-23
20806,2015-04-08 13:47:00,2015-04-08,0.3321,0.0,0.0,219.0,0.3321,0.3321,0.3321,10000095,2015-09-23,2015-09-23,C,2.75,2015-03-23
20807,2015-04-08 13:48:00,2015-04-08,0.3321,0.0,0.0,219.0,0.3321,0.3321,0.3321,10000095,2015-09-23,2015-09-23,C,2.75,2015-03-23
20808,2015-04-08 13:49:00,2015-04-08,0.3321,0.0,0.0,219.0,0.3321,0.3321,0.3321,10000095,2015-09-23,2015-09-23,C,2.75,2015-03-23
20809,2015-04-08 13:50:00,2015-04-08,0.3321,0.0,0.0,219.0,0.3321,0.3321,0.3321,10000095,2015-09-23,2015-09-23,C,2.75,2015-03-23
20810,2015-04-08 13:51:00,2015-04-08,0.3321,0.0,0.0,219.0,0.3321,0.3321,0.3321,10000095,2015-09-23,2015-09-23,C,2.75,2015-03-23
20811,2015-04-08 13:52:00,2015-04-08,0.3321,0.0,0.0,219.0,0.3321,0.3321,0.3321,10000095,2015-09-23,2015-09-23,C,2.75,2015-03-23
20812,2015-04-08 13:53:00,2015-04-08,0.3321,0.0,0.0,219.0,0.3321,0.3321,0.3321,10000095,2015-09-23,2015-09-23,C,2.75,2015-03-23
20813,2015-04-08 13:54:00,2015-04-08,0.3321,0.0,0.0,219.0,0.3321,0.3321,0.3321,10000095,2015-09-23,2015-09-23,C,2.75,2015-03-23
20814,2015-04-08 13:55:00,2015-04-08,0.3321,0.0,0.0,219.0,0.3321,0.3321,0.3321,10000095,2015-09-23,2015-09-23,C,2.75,2015-03-23
20815,2015-04-08 13:56:00,2015-04-08,0.3321,0.0,0.0,219.0,0.3321,0.3321,0.3321,10000095,2015-09-23,2015-09-23,C,2.75,2015-03-23
20816,2015-04-08 13:57:00,2015-04-08,0.3321,0.0,0.0,219.0,0.3321,0.3321,0.3321,10000095,2015-09-23,2015-09-23,C,2.75,2015-03-23
20817,2015-04-08 13:58:00,2015-04-08,0.3321,0.0,0.0,219.0,0.3321,0.3321,0.3321,10000095,2015-09-23,2015-09-23,C,2.75,2015-03-23
20818,2015-04-08 13:59:00,2015-04-08,0.3321,0.0,0.0,219.0,0.3321,0.3321,0.3321,10000095,2015-09-23,2015-09-23,C,2.75,2015-03-23
20819,2015-04-08 14:00:00,2015-04-08,0.3321,0.0,0.0,219.0,0.3321,0.3321,0.3321,10000095,2015-09-23,2015-09-23,C,2.75,2015-03-23
20820,2015-04-08 14:01:00,2015-04-08,0.3321,0.0,0.0,219.0,0.3321,0.3321,0.3321,10000095,2015-09-23,2015-09-23,C,2.75,2015-03-23
20821,2015-04-08 14:02:00,2015-04-08,0.3321,0.0,0.0,219.0,0.3321,0.3321,0.3321,10000095,2015-09-23,2015-09-23,C,2.75,2015-03-23
20822,2015-04-08 14:03:00,2015-04-08,0.3321,0.0,0.0,219.0,0.3321,0.3321,0.3321,10000095,2015-09-23,2015-09-23,C,2.75,2015-03-23
20823,2015-04-08 14:04:00,2015-04-08,0.3321,0.0,0.0,219.0,0.3321,0.3321,0.3321,10000095,2015-09-23,2015-09-23,C,2.75,2015-03-23
20824,2015-04-08 14:05:00,2015-04-08,0.3321,0.0,0.0,219.0,0.3321,0.3321,0.3321,10000095,2015-09-23,2015-09-23,C,2.75,2015-03-23
20825,2015-04-08 14:06:00,2015-04-08,0.3321,0.0,0.0,219.0,0.3321,0.3321,0.3321,10000095,2015-09-23,2015-09-23,C,2.75,2015-03-23
20826,2015-04-08 14:07:00,2015-04-08,0.3321,0.0,0.0,219.0,0.3321,0.3321,0.3321,10000095,2015-09-23,2015-09-23,C,2.75,2015-03-23
20827,2015-04-08 14:08:00,2015-04-08,0.3321,0.0,0.0,219.0,0.3321,0.3321,0.3321,10000095,2015-09-23,2015-09-23,C,2.75,2015-03-23
20828,2015-04-08 14:09:00,2015-04-08,0.3321,0.0,0.0,219.0,0.3321,0.3321,0.3321,10000095,2015-09-23,2015-09-23,C,2.75,2015-03-23
20829,2015-04-08 14:10:00,2015-04-08,0.3321,0.0,0.0,219.0,0.3321,0.3321,0.3321,10000095,2015-09-23,2015-09-23,C,2.75,2015-03-23
20830,2015-04-08 14:11:00,2015-04-08,0.3321,0.0,0.0,219.0,0.3321,0.3321,0.3321,10000095,2015-09-23,2015-09-23,C,2.75,2015-03-23
20831,2015-04-08 14:12:00,2015-04-08,0.3321,0.0,0.0,219.0,0.3321,0.3321,0.3321,10000095,2015-09-23,2015-09-23,C,2.75,2015-03-23
20832,2015-04-08 14:13:00,2015-04-08,0.3321,0.0,0.0,219.0,0.3321,0.3321,0.3321,10000095,2015-09-23,2015-09-23,C,2.75,2015-03-23
20833,2015-04-08 14:14:00,2015-04-08,0.3321,0.0,0.0,219.0,0.3321,0.3321,0.3321,10000095,2015-09-23,2015-09-23,C,2.75,2015-03-23
20834,2015-04-08 14:15:00,2015-04-08,0.3321,0.0,0.0,219.0,0.3321,0.3321,0.3321,10000095,2015-09-23,2015-09-23,C,2.75,2015-03-23
20835,2015-04-08 14:16:00,2015-04-08,0.3321,0.0,0.0,219.0,0.3321,0.3321,0.3321,10000095,2015-09-23,2015-09-23,C,2.75,2015-03-23
20836,2015-04-08 14:17:00,2015-04-08,0.3321,0.0,0.0,219.0,0.3321,0.3321,0.3321,10000095,2015-09-23,2015-09-23,C,2.75,2015-03-23
20837,2015-04-08 14:18:00,2015-04-08,0.3321,0.0,0.0,219.0,0.3321,0.3321,0.3321,10000095,2015-09-23,2015-09-23,C,2.75,2015-03-23
20838,2015-04-08 14:19:00,2015-04-08,0.3321,0.0,0.0,219.0,0.3321,0.3321,0.3321,10000095,2015-09-23,2015-09-23,C,2.75,2015-03-23
20839,2015-04-08 14:20:00,2015-04-08,0.3321,0.0,0.0,219.0,0.3321,0.3321,0.3321,10000095,2015-09-23,2015-09-23,C,2.75,2015-03-23
20840,2015-04-08 14:21:00,2015-04-08,0.3321,0.0,0.0,219.0,0.3321,0.3321,0.3321,10000095,2015-09-23,2015-09-23,C,2.75,2015-03-23
20841,2015-04-08 14:22:00,2015-04-08,0.3321,0.0,0.0,219.0,0.3321,0.3321,0.3321,10000095,2015-09-23,2015-09-23,C,2.75,2015-03-23
20842,2015-04-08 14:23:00,2015-04-08,0.3321,0.0,0.0,219.0,0.3321,0.3321,0.3321,10000095,2015-09-23,2015-09-23,C,2.75,2015-03-23
20843,2015-04-08 14:24:00,2015-04-08,0.3321,0.0,0.0,219.0,0.3321,0.3321,0.3321,10000095,2015-09-23,2015-09-23,C,2.75,2015-03-23
20844,2015-04-08 14:25:00,2015-04-08,0.3321,0.0,0.0,219.0,0.3321,0.3321,0.3321,10000095,2015-09-23,2015-09-23,C,2.75,2015-03-23
20845,2015-04-08 14:26:00,2015-04-08,0.3585,24670.0,7.0,221.0,0.3585,0.35,0.35,10000095,2015-09-23,2015-09-23,C,2.75,2015-03-23
20846,2015-04-08 14:27:00,2015-04-08,0.35,0.0,0.0,221.0,0.35,0.35,0.35,10000095,2015-09-23,2015-09-23,C,2.75,2015-03-23
20847,2015-04-08 14:28:00,2015-04-08,0.35,0.0,0.0,221.0,0.35,0.35,0.35,10000095,2015-09-23,2015-09-23,C,2.75,2015-03-23
20848,2015-04-08 14:29:00,2015-04-08,0.35,0.0,0.0,221.0,0.35,0.35,0.35,10000095,2015-09-23,2015-09-23,C,2.75,2015-03-23
20849,2015-04-08 14:30:00,2015-04-08,0.35,0.0,0.0,221.0,0.35,0.35,0.35,10000095,2015-09-23,2015-09-23,C,2.75,2015-03-23
20850,2015-04-08 14:31:00,2015-04-08,0.35,0.0,0.0,221.0,0.35,0.35,0.35,10000095,2015-09-23,2015-09-23,C,2.75,2015-03-23
20851,2015-04-08 14:32:00,2015-04-08,0.35,0.0,0.0,221.0,0.35,0.35,0.35,10000095,2015-09-23,2015-09-23,C,2.75,2015-03-23
20852,2015-04-08 14:33:00,2015-04-08,0.35,0.0,0.0,221.0,0.35,0.35,0.35,10000095,2015-09-23,2015-09-23,C,2.75,2015-03-23
20853,2015-04-08 14:34:00,2015-04-08,0.35,0.0,0.0,221.0,0.35,0.35,0.35,10000095,2015-09-23,2015-09-23,C,2.75,2015-03-23
20854,2015-04-08 14:35:00,2015-04-08,0.35,0.0,0.0,221.0,0.35,0.35,0.35,10000095,2015-09-23,2015-09-23,C,2.75,2015-03-23
20855,2015-04-08 14:36:00,2015-04-08,0.35,0.0,0.0,221.0,0.35,0.35,0.35,10000095,2015-09-23,2015-09-23,C,2.75,2015-03-23
20856,2015-04-08 14:37:00,2015-04-08,0.35,0.0,0.0,221.0,0.35,0.35,0.35,10000095,2015-09-23,2015-09-23,C,2.75,2015-03-23
20857,2015-04-08 14:38:00,2015-04-08,0.35,0.0,0.0,221.0,0.35,0.35,0.35,10000095,2015-09-23,2015-09-23,C,2.75,2015-03-23
20858,2015-04-08 14:39:00,2015-04-08,0.35,0.0,0.0,221.0,0.35,0.35,0.35,10000095,2015-09-23,2015-09-23,C,2.75,2015-03-23
20859,2015-04-08 14:40:00,2015-04-08,0.35,0.0,0.0,221.0,0.35,0.35,0.35,10000095,2015-09-23,2015-09-23,C,2.75,2015-03-23
20860,2015-04-08 14:41:00,2015-04-08,0.35,0.0,0.0,221.0,0.35,0.35,0.35,10000095,2015-09-23,2015-09-23,C,2.75,2015-03-23
20861,2015-04-08 14:42:00,2015-04-08,0.35,0.0,0.0,221.0,0.35,0.35,0.35,10000095,2015-09-23,2015-09-23,C,2.75,2015-03-23
20862,2015-04-08 14:43:00,2015-04-08,0.35,0.0,0.0,221.0,0.35,0.35,0.35,10000095,2015-09-23,2015-09-23,C,2.75,2015-03-23
20863,2015-04-08 14:44:00,2015-04-08,0.3546,17730.0,5.0,221.0,0.3546,0.3546,0.3546,10000095,2015-09-23,2015-09-23,C,2.75,2015-03-23
20864,2015-04-08 14:45:00,2015-04-08,0.3546,0.0,0.0,221.0,0.3546,0.3546,0.3546,10000095,2015-09-23,2015-09-23,C,2.75,2015-03-23
20865,2015-04-08 14:46:00,2015-04-08,0.3546,0.0,0.0,221.0,0.3546,0.3546,0.3546,10000095,2015-09-23,2015-09-23,C,2.75,2015-03-23
20866,2015-04-08 14:47:00,2015-04-08,0.3546,0.0,0.0,221.0,0.3546,0.3546,0.3546,10000095,2015-09-23,2015-09-23,C,2.75,2015-03-23
20867,2015-04-08 14:48:00,2015-04-08,0.3546,0.0,0.0,221.0,0.3546,0.3546,0.3546,10000095,2015-09-23,2015-09-23,C,2.75,2015-03-23
20868,2015-04-08 14:49:00,2015-04-08,0.3546,0.0,0.0,221.0,0.3546,0.3546,0.3546,10000095,2015-09-23,2015-09-23,C,2.75,2015-03-23
20869,2015-04-08 14:50:00,2015-04-08,0.3546,0.0,0.0,221.0,0.3546,0.3546,0.3546,10000095,2015-09-23,2015-09-23,C,2.75,2015-03-23
20870,2015-04-08 14:51:00,2015-04-08,0.3546,0.0,0.0,221.0,0.3546,0.3546,0.3546,10000095,2015-09-23,2015-09-23,C,2.75,2015-03-23
20871,2015-04-08 14:52:00,2015-04-08,0.3546,0.0,0.0,221.0,0.3546,0.3546,0.3546,10000095,2015-09-23,2015-09-23,C,2.75,2015-03-23
20872,2015-04-08 14:53:00,2015-04-08,0.3546,0.0,0.0,221.0,0.3546,0.3546,0.3546,10000095,2015-09-23,2015-09-23,C,2.75,2015-03-23
20873,2015-04-08 14:54:00,2015-04-08,0.3546,0.0,0.0,221.0,0.3546,0.3546,0.3546,10000095,2015-09-23,2015-09-23,C,2.75,2015-03-23
20874,2015-04-08 14:55:00,2015-04-08,0.3546,0.0,0.0,221.0,0.3546,0.3546,0.3546,10000095,2015-09-23,2015-09-23,C,2.75,2015-03-23
20875,2015-04-08 14:56:00,2015-04-08,0.3546,0.0,0.0,221.0,0.3546,0.3546,0.3546,10000095,2015-09-23,2015-09-23,C,2.75,2015-03-23
20876,2015-04-08 14:57:00,2015-04-08,0.3546,0.0,0.0,221.0,0.3546,0.3546,0.3546,10000095,2015-09-23,2015-09-23,C,2.75,2015-03-23
20877,2015-04-08 14:58:00,2015-04-08,0.3546,0.0,0.0,221.0,0.3546,0.3546,0.3546,10000095,2015-09-23,2015-09-23,C,2.75,2015-03-23
20878,2015-04-08 14:59:00,2015-04-08,0.3546,0.0,0.0,221.0,0.3546,0.3546,0.3546,10000095,2015-09-23,2015-09-23,C,2.75,2015-03-23
20879,2015-04-08 15:00:00,2015-04-08,0.3546,0.0,0.0,221.0,0.3546,0.3546,0.3546,10000095,2015-09-23,2015-09-23,C,2.75,2015-03-23
20880,2015-04-08 09:31:00,2015-04-08,0.0706,22822.0,36.0,309.0,0.0606,0.0633,0.0582,10000113,2015-05-27,2015-05-27,P,2.65,2015-03-26
20881,2015-04-08 09:32:00,2015-04-08,0.0611,6070.0,10.0,319.0,0.0611,0.0611,0.0611,10000113,2015-05-27,2015-05-27,P,2.65,2015-03-26
20882,2015-04-08 09:33:00,2015-04-08,0.0611,0.0,0.0,319.0,0.0611,0.0611,0.0611,10000113,2015-05-27,2015-05-27,P,2.65,2015-03-26
20883,2015-04-08 09:34:00,2015-04-08,0.0611,0.0,0.0,319.0,0.0611,0.0611,0.0611,10000113,2015-05-27,2015-05-27,P,2.65,2015-03-26
20884,2015-04-08 09:35:00,2015-04-08,0.0611,0.0,0.0,319.0,0.0611,0.0611,0.0611,10000113,2015-05-27,2015-05-27,P,2.65,2015-03-26
20885,2015-04-08 09:36:00,2015-04-08,0.0611,0.0,0.0,319.0,0.0611,0.0611,0.0611,10000113,2015-05-27,2015-05-27,P,2.65,2015-03-26
20886,2015-04-08 09:37:00,2015-04-08,0.0611,0.0,0.0,319.0,0.0611,0.0611,0.0611,10000113,2015-05-27,2015-05-27,P,2.65,2015-03-26
20887,2015-04-08 09:38:00,2015-04-08,0.0611,0.0,0.0,319.0,0.0611,0.0611,0.0611,10000113,2015-05-27,2015-05-27,P,2.65,2015-03-26
20888,2015-04-08 09:39:00,2015-04-08,0.0611,0.0,0.0,319.0,0.0611,0.0611,0.0611,10000113,2015-05-27,2015-05-27,P,2.65,2015-03-26
20889,2015-04-08 09:40:00,2015-04-08,0.0611,0.0,0.0,319.0,0.0611,0.0611,0.0611,10000113,2015-05-27,2015-05-27,P,2.65,2015-03-26
20890,2015-04-08 09:41:00,2015-04-08,0.0611,0.0,0.0,319.0,0.0611,0.0611,0.0611,10000113,2015-05-27,2015-05-27,P,2.65,2015-03-26
20891,2015-04-08 09:42:00,2015-04-08,0.0611,0.0,0.0,319.0,0.0611,0.0611,0.0611,10000113,2015-05-27,2015-05-27,P,2.65,2015-03-26
20892,2015-04-08 09:43:00,2015-04-08,0.0611,0.0,0.0,319.0,0.0611,0.0611,0.0611,10000113,2015-05-27,2015-05-27,P,2.65,2015-03-26
20893,2015-04-08 09:44:00,2015-04-08,0.0611,0.0,0.0,319.0,0.0611,0.0611,0.0611,10000113,2015-05-27,2015-05-27,P,2.65,2015-03-26
20894,2015-04-08 09:45:00,2015-04-08,0.0611,0.0,0.0,319.0,0.0611,0.0611,0.0611,10000113,2015-05-27,2015-05-27,P,2.65,2015-03-26
20895,2015-04-08 09:46:00,2015-04-08,0.0611,0.0,0.0,319.0,0.0611,0.0611,0.0611,10000113,2015-05-27,2015-05-27,P,2.65,2015-03-26
20896,2015-04-08 09:47:00,2015-04-08,0.0611,0.0,0.0,319.0,0.0611,0.0611,0.0611,10000113,2015-05-27,2015-05-27,P,2.65,2015-03-26
20897,2015-04-08 09:48:00,2015-04-08,0.06,6000.0,10.0,329.0,0.06,0.06,0.06,10000113,2015-05-27,2015-05-27,P,2.65,2015-03-26
20898,2015-04-08 09:49:00,2015-04-08,0.06,0.0,0.0,329.0,0.06,0.06,0.06,10000113,2015-05-27,2015-05-27,P,2.65,2015-03-26
20899,2015-04-08 09:50:00,2015-04-08,0.06,0.0,0.0,329.0,0.06,0.06,0.06,10000113,2015-05-27,2015-05-27,P,2.65,2015-03-26
20900,2015-04-08 09:51:00,2015-04-08,0.06,0.0,0.0,329.0,0.06,0.06,0.06,10000113,2015-05-27,2015-05-27,P,2.65,2015-03-26
20901,2015-04-08 09:52:00,2015-04-08,0.06,0.0,0.0,329.0,0.06,0.06,0.06,10000113,2015-05-27,2015-05-27,P,2.65,2015-03-26
20902,2015-04-08 09:53:00,2015-04-08,0.06,0.0,0.0,329.0,0.06,0.06,0.06,10000113,2015-05-27,2015-05-27,P,2.65,2015-03-26
20903,2015-04-08 09:54:00,2015-04-08,0.06,0.0,0.0,329.0,0.06,0.06,0.06,10000113,2015-05-27,2015-05-27,P,2.65,2015-03-26
20904,2015-04-08 09:55:00,2015-04-08,0.06,0.0,0.0,329.0,0.06,0.06,0.06,10000113,2015-05-27,2015-05-27,P,2.65,2015-03-26
20905,2015-04-08 09:56:00,2015-04-08,0.06,0.0,0.0,329.0,0.06,0.06,0.06,10000113,2015-05-27,2015-05-27,P,2.65,2015-03-26
20906,2015-04-08 09:57:00,2015-04-08,0.0559,559.0,1.0,330.0,0.0559,0.0559,0.0559,10000113,2015-05-27,2015-05-27,P,2.65,2015-03-26
20907,2015-04-08 09:58:00,2015-04-08,0.0559,0.0,0.0,330.0,0.0559,0.0559,0.0559,10000113,2015-05-27,2015-05-27,P,2.65,2015-03-26
20908,2015-04-08 09:59:00,2015-04-08,0.0559,0.0,0.0,330.0,0.0559,0.0559,0.0559,10000113,2015-05-27,2015-05-27,P,2.65,2015-03-26
20909,2015-04-08 10:00:00,2015-04-08,0.0559,0.0,0.0,330.0,0.0559,0.0559,0.0559,10000113,2015-05-27,2015-05-27,P,2.65,2015-03-26
20910,2015-04-08 10:01:00,2015-04-08,0.0559,0.0,0.0,330.0,0.0559,0.0559,0.0559,10000113,2015-05-27,2015-05-27,P,2.65,2015-03-26
20911,2015-04-08 10:02:00,2015-04-08,0.0559,0.0,0.0,330.0,0.0559,0.0559,0.0559,10000113,2015-05-27,2015-05-27,P,2.65,2015-03-26
20912,2015-04-08 10:03:00,2015-04-08,0.0559,0.0,0.0,330.0,0.0559,0.0559,0.0559,10000113,2015-05-27,2015-05-27,P,2.65,2015-03-26
20913,2015-04-08 10:04:00,2015-04-08,0.0559,0.0,0.0,330.0,0.0559,0.0559,0.0559,10000113,2015-05-27,2015-05-27,P,2.65,2015-03-26
20914,2015-04-08 10:05:00,2015-04-08,0.0559,0.0,0.0,330.0,0.0559,0.0559,0.0559,10000113,2015-05-27,2015-05-27,P,2.65,2015-03-26
20915,2015-04-08 10:06:00,2015-04-08,0.0559,0.0,0.0,330.0,0.0559,0.0559,0.0559,10000113,2015-05-27,2015-05-27,P,2.65,2015-03-26
20916,2015-04-08 10:07:00,2015-04-08,0.0559,0.0,0.0,330.0,0.0559,0.0559,0.0559,10000113,2015-05-27,2015-05-27,P,2.65,2015-03-26
20917,2015-04-08 10:08:00,2015-04-08,0.0559,0.0,0.0,330.0,0.0559,0.0559,0.0559,10000113,2015-05-27,2015-05-27,P,2.65,2015-03-26
20918,2015-04-08 10:09:00,2015-04-08,0.0559,0.0,0.0,330.0,0.0559,0.0559,0.0559,10000113,2015-05-27,2015-05-27,P,2.65,2015-03-26
20919,2015-04-08 10:10:00,2015-04-08,0.0559,0.0,0.0,330.0,0.0559,0.0559,0.0559,10000113,2015-05-27,2015-05-27,P,2.65,2015-03-26
20920,2015-04-08 10:11:00,2015-04-08,0.0559,0.0,0.0,330.0,0.0559,0.0559,0.0559,10000113,2015-05-27,2015-05-27,P,2.65,2015-03-26
20921,2015-04-08 10:12:00,2015-04-08,0.0559,0.0,0.0,330.0,0.0559,0.0559,0.0559,10000113,2015-05-27,2015-05-27,P,2.65,2015-03-26
20922,2015-04-08 10:13:00,2015-04-08,0.0559,0.0,0.0,330.0,0.0559,0.0559,0.0559,10000113,2015-05-27,2015-05-27,P,2.65,2015-03-26
20923,2015-04-08 10:14:00,2015-04-08,0.0559,0.0,0.0,330.0,0.0559,0.0559,0.0559,10000113,2015-05-27,2015-05-27,P,2.65,2015-03-26
20924,2015-04-08 10:15:00,2015-04-08,0.0559,0.0,0.0,330.0,0.0559,0.0559,0.0559,10000113,2015-05-27,2015-05-27,P,2.65,2015-03-26
20925,2015-04-08 10:16:00,2015-04-08,0.0559,0.0,0.0,330.0,0.0559,0.0559,0.0559,10000113,2015-05-27,2015-05-27,P,2.65,2015-03-26
20926,2015-04-08 10:17:00,2015-04-08,0.0559,0.0,0.0,330.0,0.0559,0.0559,0.0559,10000113,2015-05-27,2015-05-27,P,2.65,2015-03-26
20927,2015-04-08 10:18:00,2015-04-08,0.0559,0.0,0.0,330.0,0.0559,0.0559,0.0559,10000113,2015-05-27,2015-05-27,P,2.65,2015-03-26
20928,2015-04-08 10:19:00,2015-04-08,0.0559,0.0,0.0,330.0,0.0559,0.0559,0.0559,10000113,2015-05-27,2015-05-27,P,2.65,2015-03-26
20929,2015-04-08 10:20:00,2015-04-08,0.0559,0.0,0.0,330.0,0.0559,0.0559,0.0559,10000113,2015-05-27,2015-05-27,P,2.65,2015-03-26
20930,2015-04-08 10:21:00,2015-04-08,0.0559,0.0,0.0,330.0,0.0559,0.0559,0.0559,10000113,2015-05-27,2015-05-27,P,2.65,2015-03-26
20931,2015-04-08 10:22:00,2015-04-08,0.0559,0.0,0.0,330.0,0.0559,0.0559,0.0559,10000113,2015-05-27,2015-05-27,P,2.65,2015-03-26
20932,2015-04-08 10:23:00,2015-04-08,0.0559,0.0,0.0,330.0,0.0559,0.0559,0.0559,10000113,2015-05-27,2015-05-27,P,2.65,2015-03-26
20933,2015-04-08 10:24:00,2015-04-08,0.0559,0.0,0.0,330.0,0.0559,0.0559,0.0559,10000113,2015-05-27,2015-05-27,P,2.65,2015-03-26
20934,2015-04-08 10:25:00,2015-04-08,0.0559,0.0,0.0,330.0,0.0559,0.0559,0.0559,10000113,2015-05-27,2015-05-27,P,2.65,2015-03-26
20935,2015-04-08 10:26:00,2015-04-08,0.0559,0.0,0.0,330.0,0.0559,0.0559,0.0559,10000113,2015-05-27,2015-05-27,P,2.65,2015-03-26
20936,2015-04-08 10:27:00,2015-04-08,0.0559,0.0,0.0,330.0,0.0559,0.0559,0.0559,10000113,2015-05-27,2015-05-27,P,2.65,2015-03-26
20937,2015-04-08 10:28:00,2015-04-08,0.0559,0.0,0.0,330.0,0.0559,0.0559,0.0559,10000113,2015-05-27,2015-05-27,P,2.65,2015-03-26
20938,2015-04-08 10:29:00,2015-04-08,0.0559,0.0,0.0,330.0,0.0559,0.0559,0.0559,10000113,2015-05-27,2015-05-27,P,2.65,2015-03-26
20939,2015-04-08 10:30:00,2015-04-08,0.0559,0.0,0.0,330.0,0.0559,0.0559,0.0559,10000113,2015-05-27,2015-05-27,P,2.65,2015-03-26
20940,2015-04-08 10:31:00,2015-04-08,0.0559,0.0,0.0,330.0,0.0559,0.0559,0.0559,10000113,2015-05-27,2015-05-27,P,2.65,2015-03-26
20941,2015-04-08 10:32:00,2015-04-08,0.0559,0.0,0.0,330.0,0.0559,0.0559,0.0559,10000113,2015-05-27,2015-05-27,P,2.65,2015-03-26
20942,2015-04-08 10:33:00,2015-04-08,0.0559,0.0,0.0,330.0,0.0559,0.0559,0.0559,10000113,2015-05-27,2015-05-27,P,2.65,2015-03-26
20943,2015-04-08 10:34:00,2015-04-08,0.0559,0.0,0.0,330.0,0.0559,0.0559,0.0559,10000113,2015-05-27,2015-05-27,P,2.65,2015-03-26
20944,2015-04-08 10:35:00,2015-04-08,0.0559,0.0,0.0,330.0,0.0559,0.0559,0.0559,10000113,2015-05-27,2015-05-27,P,2.65,2015-03-26
20945,2015-04-08 10:36:00,2015-04-08,0.0559,0.0,0.0,330.0,0.0559,0.0559,0.0559,10000113,2015-05-27,2015-05-27,P,2.65,2015-03-26
20946,2015-04-08 10:37:00,2015-04-08,0.0559,0.0,0.0,330.0,0.0559,0.0559,0.0559,10000113,2015-05-27,2015-05-27,P,2.65,2015-03-26
20947,2015-04-08 10:38:00,2015-04-08,0.0559,0.0,0.0,330.0,0.0559,0.0559,0.0559,10000113,2015-05-27,2015-05-27,P,2.65,2015-03-26
20948,2015-04-08 10:39:00,2015-04-08,0.0559,0.0,0.0,330.0,0.0559,0.0559,0.0559,10000113,2015-05-27,2015-05-27,P,2.65,2015-03-26
20949,2015-04-08 10:40:00,2015-04-08,0.0559,0.0,0.0,330.0,0.0559,0.0559,0.0559,10000113,2015-05-27,2015-05-27,P,2.65,2015-03-26
20950,2015-04-08 10:41:00,2015-04-08,0.0559,0.0,0.0,330.0,0.0559,0.0559,0.0559,10000113,2015-05-27,2015-05-27,P,2.65,2015-03-26
20951,2015-04-08 10:42:00,2015-04-08,0.0559,0.0,0.0,330.0,0.0559,0.0559,0.0559,10000113,2015-05-27,2015-05-27,P,2.65,2015-03-26
20952,2015-04-08 10:43:00,2015-04-08,0.0559,0.0,0.0,330.0,0.0559,0.0559,0.0559,10000113,2015-05-27,2015-05-27,P,2.65,2015-03-26
20953,2015-04-08 10:44:00,2015-04-08,0.0559,0.0,0.0,330.0,0.0559,0.0559,0.0559,10000113,2015-05-27,2015-05-27,P,2.65,2015-03-26
20954,2015-04-08 10:45:00,2015-04-08,0.0559,0.0,0.0,330.0,0.0559,0.0559,0.0559,10000113,2015-05-27,2015-05-27,P,2.65,2015-03-26
20955,2015-04-08 10:46:00,2015-04-08,0.0559,0.0,0.0,330.0,0.0559,0.0559,0.0559,10000113,2015-05-27,2015-05-27,P,2.65,2015-03-26
20956,2015-04-08 10:47:00,2015-04-08,0.0552,5520.0,10.0,335.0,0.0552,0.0552,0.0552,10000113,2015-05-27,2015-05-27,P,2.65,2015-03-26
20957,2015-04-08 10:48:00,2015-04-08,0.0552,0.0,0.0,335.0,0.0552,0.0552,0.0552,10000113,2015-05-27,2015-05-27,P,2.65,2015-03-26
20958,2015-04-08 10:49:00,2015-04-08,0.0552,0.0,0.0,335.0,0.0552,0.0552,0.0552,10000113,2015-05-27,2015-05-27,P,2.65,2015-03-26
20959,2015-04-08 10:50:00,2015-04-08,0.0552,0.0,0.0,335.0,0.0552,0.0552,0.0552,10000113,2015-05-27,2015-05-27,P,2.65,2015-03-26
20960,2015-04-08 10:51:00,2015-04-08,0.0552,0.0,0.0,335.0,0.0552,0.0552,0.0552,10000113,2015-05-27,2015-05-27,P,2.65,2015-03-26
20961,2015-04-08 10:52:00,2015-04-08,0.0552,0.0,0.0,335.0,0.0552,0.0552,0.0552,10000113,2015-05-27,2015-05-27,P,2.65,2015-03-26
20962,2015-04-08 10:53:00,2015-04-08,0.0552,0.0,0.0,335.0,0.0552,0.0552,0.0552,10000113,2015-05-27,2015-05-27,P,2.65,2015-03-26
20963,2015-04-08 10:54:00,2015-04-08,0.0552,0.0,0.0,335.0,0.0552,0.0552,0.0552,10000113,2015-05-27,2015-05-27,P,2.65,2015-03-26
20964,2015-04-08 10:55:00,2015-04-08,0.0552,0.0,0.0,335.0,0.0552,0.0552,0.0552,10000113,2015-05-27,2015-05-27,P,2.65,2015-03-26
20965,2015-04-08 10:56:00,2015-04-08,0.0552,0.0,0.0,335.0,0.0552,0.0552,0.0552,10000113,2015-05-27,2015-05-27,P,2.65,2015-03-26
20966,2015-04-08 10:57:00,2015-04-08,0.0552,0.0,0.0,335.0,0.0552,0.0552,0.0552,10000113,2015-05-27,2015-05-27,P,2.65,2015-03-26
20967,2015-04-08 10:58:00,2015-04-08,0.0552,0.0,0.0,335.0,0.0552,0.0552,0.0552,10000113,2015-05-27,2015-05-27,P,2.65,2015-03-26
20968,2015-04-08 10:59:00,2015-04-08,0.0552,0.0,0.0,335.0,0.0552,0.0552,0.0552,10000113,2015-05-27,2015-05-27,P,2.65,2015-03-26
20969,2015-04-08 11:00:00,2015-04-08,0.0552,0.0,0.0,335.0,0.0552,0.0552,0.0552,10000113,2015-05-27,2015-05-27,P,2.65,2015-03-26
20970,2015-04-08 11:01:00,2015-04-08,0.0552,0.0,0.0,335.0,0.0552,0.0552,0.0552,10000113,2015-05-27,2015-05-27,P,2.65,2015-03-26
20971,2015-04-08 11:02:00,2015-04-08,0.0552,0.0,0.0,335.0,0.0552,0.0552,0.0552,10000113,2015-05-27,2015-05-27,P,2.65,2015-03-26
20972,2015-04-08 11:03:00,2015-04-08,0.0552,0.0,0.0,335.0,0.0552,0.0552,0.0552,10000113,2015-05-27,2015-05-27,P,2.65,2015-03-26
20973,2015-04-08 11:04:00,2015-04-08,0.0552,0.0,0.0,335.0,0.0552,0.0552,0.0552,10000113,2015-05-27,2015-05-27,P,2.65,2015-03-26
20974,2015-04-08 11:05:00,2015-04-08,0.0552,0.0,0.0,335.0,0.0552,0.0552,0.0552,10000113,2015-05-27,2015-05-27,P,2.65,2015-03-26
20975,2015-04-08 11:06:00,2015-04-08,0.0552,0.0,0.0,335.0,0.0552,0.0552,0.0552,10000113,2015-05-27,2015-05-27,P,2.65,2015-03-26
20976,2015-04-08 11:07:00,2015-04-08,0.0552,0.0,0.0,335.0,0.0552,0.0552,0.0552,10000113,2015-05-27,2015-05-27,P,2.65,2015-03-26
20977,2015-04-08 11:08:00,2015-04-08,0.0552,0.0,0.0,335.0,0.0552,0.0552,0.0552,10000113,2015-05-27,2015-05-27,P,2.65,2015-03-26
20978,2015-04-08 11:09:00,2015-04-08,0.0552,0.0,0.0,335.0,0.0552,0.0552,0.0552,10000113,2015-05-27,2015-05-27,P,2.65,2015-03-26
20979,2015-04-08 11:10:00,2015-04-08,0.0552,0.0,0.0,335.0,0.0552,0.0552,0.0552,10000113,2015-05-27,2015-05-27,P,2.65,2015-03-26
20980,2015-04-08 11:11:00,2015-04-08,0.0552,0.0,0.0,335.0,0.0552,0.0552,0.0552,10000113,2015-05-27,2015-05-27,P,2.65,2015-03-26
20981,2015-04-08 11:12:00,2015-04-08,0.0552,0.0,0.0,335.0,0.0552,0.0552,0.0552,10000113,2015-05-27,2015-05-27,P,2.65,2015-03-26
20982,2015-04-08 11:13:00,2015-04-08,0.0552,0.0,0.0,335.0,0.0552,0.0552,0.0552,10000113,2015-05-27,2015-05-27,P,2.65,2015-03-26
20983,2015-04-08 11:14:00,2015-04-08,0.0552,0.0,0.0,335.0,0.0552,0.0552,0.0552,10000113,2015-05-27,2015-05-27,P,2.65,2015-03-26
20984,2015-04-08 11:15:00,2015-04-08,0.0552,0.0,0.0,335.0,0.0552,0.0552,0.0552,10000113,2015-05-27,2015-05-27,P,2.65,2015-03-26
20985,2015-04-08 11:16:00,2015-04-08,0.0552,0.0,0.0,335.0,0.0552,0.0552,0.0552,10000113,2015-05-27,2015-05-27,P,2.65,2015-03-26
20986,2015-04-08 11:17:00,2015-04-08,0.0552,0.0,0.0,335.0,0.0552,0.0552,0.0552,10000113,2015-05-27,2015-05-27,P,2.65,2015-03-26
20987,2015-04-08 11:18:00,2015-04-08,0.0666,3330.0,5.0,335.0,0.0666,0.0666,0.0666,10000113,2015-05-27,2015-05-27,P,2.65,2015-03-26
20988,2015-04-08 11:19:00,2015-04-08,0.0666,0.0,0.0,335.0,0.0666,0.0666,0.0666,10000113,2015-05-27,2015-05-27,P,2.65,2015-03-26
20989,2015-04-08 11:20:00,2015-04-08,0.0666,0.0,0.0,335.0,0.0666,0.0666,0.0666,10000113,2015-05-27,2015-05-27,P,2.65,2015-03-26
20990,2015-04-08 11:21:00,2015-04-08,0.0666,0.0,0.0,335.0,0.0666,0.0666,0.0666,10000113,2015-05-27,2015-05-27,P,2.65,2015-03-26
20991,2015-04-08 11:22:00,2015-04-08,0.0666,0.0,0.0,335.0,0.0666,0.0666,0.0666,10000113,2015-05-27,2015-05-27,P,2.65,2015-03-26
20992,2015-04-08 11:23:00,2015-04-08,0.0666,0.0,0.0,335.0,0.0666,0.0666,0.0666,10000113,2015-05-27,2015-05-27,P,2.65,2015-03-26
20993,2015-04-08 11:24:00,2015-04-08,0.0666,0.0,0.0,335.0,0.0666,0.0666,0.0666,10000113,2015-05-27,2015-05-27,P,2.65,2015-03-26
20994,2015-04-08 11:25:00,2015-04-08,0.0666,0.0,0.0,335.0,0.0666,0.0666,0.0666,10000113,2015-05-27,2015-05-27,P,2.65,2015-03-26
20995,2015-04-08 11:26:00,2015-04-08,0.0666,0.0,0.0,335.0,0.0666,0.0666,0.0666,10000113,2015-05-27,2015-05-27,P,2.65,2015-03-26
20996,2015-04-08 11:27:00,2015-04-08,0.0666,0.0,0.0,335.0,0.0666,0.0666,0.0666,10000113,2015-05-27,2015-05-27,P,2.65,2015-03-26
20997,2015-04-08 11:28:00,2015-04-08,0.0666,0.0,0.0,335.0,0.0666,0.0666,0.0666,10000113,2015-05-27,2015-05-27,P,2.65,2015-03-26
20998,2015-04-08 11:29:00,2015-04-08,0.0666,0.0,0.0,335.0,0.0666,0.0666,0.0666,10000113,2015-05-27,2015-05-27,P,2.65,2015-03-26
20999,2015-04-08 11:30:00,2015-04-08,0.0554,554.0,1.0,335.0,0.0554,0.0554,0.0554,10000113,2015-05-27,2015-05-27,P,2.65,2015-03-26
21000,2015-04-08 13:01:00,2015-04-08,0.0554,0.0,0.0,335.0,0.0554,0.0554,0.0554,10000113,2015-05-27,2015-05-27,P,2.65,2015-03-26
21001,2015-04-08 13:02:00,2015-04-08,0.0554,0.0,0.0,335.0,0.0554,0.0554,0.0554,10000113,2015-05-27,2015-05-27,P,2.65,2015-03-26
21002,2015-04-08 13:03:00,2015-04-08,0.0554,0.0,0.0,335.0,0.0554,0.0554,0.0554,10000113,2015-05-27,2015-05-27,P,2.65,2015-03-26
21003,2015-04-08 13:04:00,2015-04-08,0.0554,0.0,0.0,335.0,0.0554,0.0554,0.0554,10000113,2015-05-27,2015-05-27,P,2.65,2015-03-26
21004,2015-04-08 13:05:00,2015-04-08,0.055,5500.0,10.0,345.0,0.055,0.055,0.055,10000113,2015-05-27,2015-05-27,P,2.65,2015-03-26
21005,2015-04-08 13:06:00,2015-04-08,0.055,0.0,0.0,345.0,0.055,0.055,0.055,10000113,2015-05-27,2015-05-27,P,2.65,2015-03-26
21006,2015-04-08 13:07:00,2015-04-08,0.055,0.0,0.0,345.0,0.055,0.055,0.055,10000113,2015-05-27,2015-05-27,P,2.65,2015-03-26
21007,2015-04-08 13:08:00,2015-04-08,0.055,0.0,0.0,345.0,0.055,0.055,0.055,10000113,2015-05-27,2015-05-27,P,2.65,2015-03-26
21008,2015-04-08 13:09:00,2015-04-08,0.055,0.0,0.0,345.0,0.055,0.055,0.055,10000113,2015-05-27,2015-05-27,P,2.65,2015-03-26
21009,2015-04-08 13:10:00,2015-04-08,0.055,0.0,0.0,345.0,0.055,0.055,0.055,10000113,2015-05-27,2015-05-27,P,2.65,2015-03-26
21010,2015-04-08 13:11:00,2015-04-08,0.055,0.0,0.0,345.0,0.055,0.055,0.055,10000113,2015-05-27,2015-05-27,P,2.65,2015-03-26
21011,2015-04-08 13:12:00,2015-04-08,0.055,0.0,0.0,345.0,0.055,0.055,0.055,10000113,2015-05-27,2015-05-27,P,2.65,2015-03-26
21012,2015-04-08 13:13:00,2015-04-08,0.055,0.0,0.0,345.0,0.055,0.055,0.055,10000113,2015-05-27,2015-05-27,P,2.65,2015-03-26
21013,2015-04-08 13:14:00,2015-04-08,0.055,0.0,0.0,345.0,0.055,0.055,0.055,10000113,2015-05-27,2015-05-27,P,2.65,2015-03-26
21014,2015-04-08 13:15:00,2015-04-08,0.055,0.0,0.0,345.0,0.055,0.055,0.055,10000113,2015-05-27,2015-05-27,P,2.65,2015-03-26
21015,2015-04-08 13:16:00,2015-04-08,0.055,0.0,0.0,345.0,0.055,0.055,0.055,10000113,2015-05-27,2015-05-27,P,2.65,2015-03-26
21016,2015-04-08 13:17:00,2015-04-08,0.055,0.0,0.0,345.0,0.055,0.055,0.055,10000113,2015-05-27,2015-05-27,P,2.65,2015-03-26
21017,2015-04-08 13:18:00,2015-04-08,0.055,0.0,0.0,345.0,0.055,0.055,0.055,10000113,2015-05-27,2015-05-27,P,2.65,2015-03-26
21018,2015-04-08 13:19:00,2015-04-08,0.055,0.0,0.0,345.0,0.055,0.055,0.055,10000113,2015-05-27,2015-05-27,P,2.65,2015-03-26
21019,2015-04-08 13:20:00,2015-04-08,0.055,0.0,0.0,345.0,0.055,0.055,0.055,10000113,2015-05-27,2015-05-27,P,2.65,2015-03-26
21020,2015-04-08 13:21:00,2015-04-08,0.055,0.0,0.0,345.0,0.055,0.055,0.055,10000113,2015-05-27,2015-05-27,P,2.65,2015-03-26
21021,2015-04-08 13:22:00,2015-04-08,0.055,0.0,0.0,345.0,0.055,0.055,0.055,10000113,2015-05-27,2015-05-27,P,2.65,2015-03-26
21022,2015-04-08 13:23:00,2015-04-08,0.055,0.0,0.0,345.0,0.055,0.055,0.055,10000113,2015-05-27,2015-05-27,P,2.65,2015-03-26
21023,2015-04-08 13:24:00,2015-04-08,0.055,0.0,0.0,345.0,0.055,0.055,0.055,10000113,2015-05-27,2015-05-27,P,2.65,2015-03-26
21024,2015-04-08 13:25:00,2015-04-08,0.055,0.0,0.0,345.0,0.055,0.055,0.055,10000113,2015-05-27,2015-05-27,P,2.65,2015-03-26
21025,2015-04-08 13:26:00,2015-04-08,0.055,0.0,0.0,345.0,0.055,0.055,0.055,10000113,2015-05-27,2015-05-27,P,2.65,2015-03-26
21026,2015-04-08 13:27:00,2015-04-08,0.055,0.0,0.0,345.0,0.055,0.055,0.055,10000113,2015-05-27,2015-05-27,P,2.65,2015-03-26
21027,2015-04-08 13:28:00,2015-04-08,0.055,0.0,0.0,345.0,0.055,0.055,0.055,10000113,2015-05-27,2015-05-27,P,2.65,2015-03-26
21028,2015-04-08 13:29:00,2015-04-08,0.055,0.0,0.0,345.0,0.055,0.055,0.055,10000113,2015-05-27,2015-05-27,P,2.65,2015-03-26
21029,2015-04-08 13:30:00,2015-04-08,0.055,0.0,0.0,345.0,0.055,0.055,0.055,10000113,2015-05-27,2015-05-27,P,2.65,2015-03-26
21030,2015-04-08 13:31:00,2015-04-08,0.0504,1008.0,2.0,347.0,0.0504,0.0504,0.0504,10000113,2015-05-27,2015-05-27,P,2.65,2015-03-26
21031,2015-04-08 13:32:00,2015-04-08,0.047,470.0,1.0,347.0,0.047,0.047,0.047,10000113,2015-05-27,2015-05-27,P,2.65,2015-03-26
21032,2015-04-08 13:33:00,2015-04-08,0.047,0.0,0.0,347.0,0.047,0.047,0.047,10000113,2015-05-27,2015-05-27,P,2.65,2015-03-26
21033,2015-04-08 13:34:00,2015-04-08,0.047,0.0,0.0,347.0,0.047,0.047,0.047,10000113,2015-05-27,2015-05-27,P,2.65,2015-03-26
21034,2015-04-08 13:35:00,2015-04-08,0.047,0.0,0.0,347.0,0.047,0.047,0.047,10000113,2015-05-27,2015-05-27,P,2.65,2015-03-26
21035,2015-04-08 13:36:00,2015-04-08,0.047,0.0,0.0,347.0,0.047,0.047,0.047,10000113,2015-05-27,2015-05-27,P,2.65,2015-03-26
21036,2015-04-08 13:37:00,2015-04-08,0.047,0.0,0.0,347.0,0.047,0.047,0.047,10000113,2015-05-27,2015-05-27,P,2.65,2015-03-26
21037,2015-04-08 13:38:00,2015-04-08,0.047,0.0,0.0,347.0,0.047,0.047,0.047,10000113,2015-05-27,2015-05-27,P,2.65,2015-03-26
21038,2015-04-08 13:39:00,2015-04-08,0.047,0.0,0.0,347.0,0.047,0.047,0.047,10000113,2015-05-27,2015-05-27,P,2.65,2015-03-26
21039,2015-04-08 13:40:00,2015-04-08,0.047,0.0,0.0,347.0,0.047,0.047,0.047,10000113,2015-05-27,2015-05-27,P,2.65,2015-03-26
21040,2015-04-08 13:41:00,2015-04-08,0.047,0.0,0.0,347.0,0.047,0.047,0.047,10000113,2015-05-27,2015-05-27,P,2.65,2015-03-26
21041,2015-04-08 13:42:00,2015-04-08,0.047,0.0,0.0,347.0,0.047,0.047,0.047,10000113,2015-05-27,2015-05-27,P,2.65,2015-03-26
21042,2015-04-08 13:43:00,2015-04-08,0.047,0.0,0.0,347.0,0.047,0.047,0.047,10000113,2015-05-27,2015-05-27,P,2.65,2015-03-26
21043,2015-04-08 13:44:00,2015-04-08,0.047,0.0,0.0,347.0,0.047,0.047,0.047,10000113,2015-05-27,2015-05-27,P,2.65,2015-03-26
21044,2015-04-08 13:45:00,2015-04-08,0.047,0.0,0.0,347.0,0.047,0.047,0.047,10000113,2015-05-27,2015-05-27,P,2.65,2015-03-26
21045,2015-04-08 13:46:00,2015-04-08,0.047,0.0,0.0,347.0,0.047,0.047,0.047,10000113,2015-05-27,2015-05-27,P,2.65,2015-03-26
21046,2015-04-08 13:47:00,2015-04-08,0.047,0.0,0.0,347.0,0.047,0.047,0.047,10000113,2015-05-27,2015-05-27,P,2.65,2015-03-26
21047,2015-04-08 13:48:00,2015-04-08,0.047,0.0,0.0,347.0,0.047,0.047,0.047,10000113,2015-05-27,2015-05-27,P,2.65,2015-03-26
21048,2015-04-08 13:49:00,2015-04-08,0.047,0.0,0.0,347.0,0.047,0.047,0.047,10000113,2015-05-27,2015-05-27,P,2.65,2015-03-26
21049,2015-04-08 13:50:00,2015-04-08,0.047,0.0,0.0,347.0,0.047,0.047,0.047,10000113,2015-05-27,2015-05-27,P,2.65,2015-03-26
21050,2015-04-08 13:51:00,2015-04-08,0.047,0.0,0.0,347.0,0.047,0.047,0.047,10000113,2015-05-27,2015-05-27,P,2.65,2015-03-26
21051,2015-04-08 13:52:00,2015-04-08,0.047,0.0,0.0,347.0,0.047,0.047,0.047,10000113,2015-05-27,2015-05-27,P,2.65,2015-03-26
21052,2015-04-08 13:53:00,2015-04-08,0.047,0.0,0.0,347.0,0.047,0.047,0.047,10000113,2015-05-27,2015-05-27,P,2.65,2015-03-26
21053,2015-04-08 13:54:00,2015-04-08,0.047,0.0,0.0,347.0,0.047,0.047,0.047,10000113,2015-05-27,2015-05-27,P,2.65,2015-03-26
21054,2015-04-08 13:55:00,2015-04-08,0.047,0.0,0.0,347.0,0.047,0.047,0.047,10000113,2015-05-27,2015-05-27,P,2.65,2015-03-26
21055,2015-04-08 13:56:00,2015-04-08,0.047,0.0,0.0,347.0,0.047,0.047,0.047,10000113,2015-05-27,2015-05-27,P,2.65,2015-03-26
21056,2015-04-08 13:57:00,2015-04-08,0.047,0.0,0.0,347.0,0.047,0.047,0.047,10000113,2015-05-27,2015-05-27,P,2.65,2015-03-26
21057,2015-04-08 13:58:00,2015-04-08,0.047,0.0,0.0,347.0,0.047,0.047,0.047,10000113,2015-05-27,2015-05-27,P,2.65,2015-03-26
21058,2015-04-08 13:59:00,2015-04-08,0.047,0.0,0.0,347.0,0.047,0.047,0.047,10000113,2015-05-27,2015-05-27,P,2.65,2015-03-26
21059,2015-04-08 14:00:00,2015-04-08,0.047,0.0,0.0,347.0,0.047,0.047,0.047,10000113,2015-05-27,2015-05-27,P,2.65,2015-03-26
21060,2015-04-08 14:01:00,2015-04-08,0.047,0.0,0.0,347.0,0.047,0.047,0.047,10000113,2015-05-27,2015-05-27,P,2.65,2015-03-26
21061,2015-04-08 14:02:00,2015-04-08,0.047,0.0,0.0,347.0,0.047,0.047,0.047,10000113,2015-05-27,2015-05-27,P,2.65,2015-03-26
21062,2015-04-08 14:03:00,2015-04-08,0.047,0.0,0.0,347.0,0.047,0.047,0.047,10000113,2015-05-27,2015-05-27,P,2.65,2015-03-26
21063,2015-04-08 14:04:00,2015-04-08,0.047,0.0,0.0,347.0,0.047,0.047,0.047,10000113,2015-05-27,2015-05-27,P,2.65,2015-03-26
21064,2015-04-08 14:05:00,2015-04-08,0.047,0.0,0.0,347.0,0.047,0.047,0.047,10000113,2015-05-27,2015-05-27,P,2.65,2015-03-26
21065,2015-04-08 14:06:00,2015-04-08,0.047,0.0,0.0,347.0,0.047,0.047,0.047,10000113,2015-05-27,2015-05-27,P,2.65,2015-03-26
21066,2015-04-08 14:07:00,2015-04-08,0.047,0.0,0.0,347.0,0.047,0.047,0.047,10000113,2015-05-27,2015-05-27,P,2.65,2015-03-26
21067,2015-04-08 14:08:00,2015-04-08,0.047,0.0,0.0,347.0,0.047,0.047,0.047,10000113,2015-05-27,2015-05-27,P,2.65,2015-03-26
21068,2015-04-08 14:09:00,2015-04-08,0.047,0.0,0.0,347.0,0.047,0.047,0.047,10000113,2015-05-27,2015-05-27,P,2.65,2015-03-26
21069,2015-04-08 14:10:00,2015-04-08,0.047,0.0,0.0,347.0,0.047,0.047,0.047,10000113,2015-05-27,2015-05-27,P,2.65,2015-03-26
21070,2015-04-08 14:11:00,2015-04-08,0.047,0.0,0.0,347.0,0.047,0.047,0.047,10000113,2015-05-27,2015-05-27,P,2.65,2015-03-26
21071,2015-04-08 14:12:00,2015-04-08,0.047,0.0,0.0,347.0,0.047,0.047,0.047,10000113,2015-05-27,2015-05-27,P,2.65,2015-03-26
21072,2015-04-08 14:13:00,2015-04-08,0.047,0.0,0.0,347.0,0.047,0.047,0.047,10000113,2015-05-27,2015-05-27,P,2.65,2015-03-26
21073,2015-04-08 14:14:00,2015-04-08,0.047,0.0,0.0,347.0,0.047,0.047,0.047,10000113,2015-05-27,2015-05-27,P,2.65,2015-03-26
21074,2015-04-08 14:15:00,2015-04-08,0.047,0.0,0.0,347.0,0.047,0.047,0.047,10000113,2015-05-27,2015-05-27,P,2.65,2015-03-26
21075,2015-04-08 14:16:00,2015-04-08,0.047,0.0,0.0,347.0,0.047,0.047,0.047,10000113,2015-05-27,2015-05-27,P,2.65,2015-03-26
21076,2015-04-08 14:17:00,2015-04-08,0.047,0.0,0.0,347.0,0.047,0.047,0.047,10000113,2015-05-27,2015-05-27,P,2.65,2015-03-26
21077,2015-04-08 14:18:00,2015-04-08,0.047,0.0,0.0,347.0,0.047,0.047,0.047,10000113,2015-05-27,2015-05-27,P,2.65,2015-03-26
21078,2015-04-08 14:19:00,2015-04-08,0.047,0.0,0.0,347.0,0.047,0.047,0.047,10000113,2015-05-27,2015-05-27,P,2.65,2015-03-26
21079,2015-04-08 14:20:00,2015-04-08,0.047,0.0,0.0,347.0,0.047,0.047,0.047,10000113,2015-05-27,2015-05-27,P,2.65,2015-03-26
21080,2015-04-08 14:21:00,2015-04-08,0.047,0.0,0.0,347.0,0.047,0.047,0.047,10000113,2015-05-27,2015-05-27,P,2.65,2015-03-26
21081,2015-04-08 14:22:00,2015-04-08,0.047,0.0,0.0,347.0,0.047,0.047,0.047,10000113,2015-05-27,2015-05-27,P,2.65,2015-03-26
21082,2015-04-08 14:23:00,2015-04-08,0.047,0.0,0.0,347.0,0.047,0.047,0.047,10000113,2015-05-27,2015-05-27,P,2.65,2015-03-26
21083,2015-04-08 14:24:00,2015-04-08,0.047,0.0,0.0,347.0,0.047,0.047,0.047,10000113,2015-05-27,2015-05-27,P,2.65,2015-03-26
21084,2015-04-08 14:25:00,2015-04-08,0.047,0.0,0.0,347.0,0.047,0.047,0.047,10000113,2015-05-27,2015-05-27,P,2.65,2015-03-26
21085,2015-04-08 14:26:00,2015-04-08,0.047,0.0,0.0,347.0,0.047,0.047,0.047,10000113,2015-05-27,2015-05-27,P,2.65,2015-03-26
21086,2015-04-08 14:27:00,2015-04-08,0.047,0.0,0.0,347.0,0.047,0.047,0.047,10000113,2015-05-27,2015-05-27,P,2.65,2015-03-26
21087,2015-04-08 14:28:00,2015-04-08,0.047,0.0,0.0,347.0,0.047,0.047,0.047,10000113,2015-05-27,2015-05-27,P,2.65,2015-03-26
21088,2015-04-08 14:29:00,2015-04-08,0.047,0.0,0.0,347.0,0.047,0.047,0.047,10000113,2015-05-27,2015-05-27,P,2.65,2015-03-26
21089,2015-04-08 14:30:00,2015-04-08,0.047,0.0,0.0,347.0,0.047,0.047,0.047,10000113,2015-05-27,2015-05-27,P,2.65,2015-03-26
21090,2015-04-08 14:31:00,2015-04-08,0.047,0.0,0.0,347.0,0.047,0.047,0.047,10000113,2015-05-27,2015-05-27,P,2.65,2015-03-26
21091,2015-04-08 14:32:00,2015-04-08,0.047,0.0,0.0,347.0,0.047,0.047,0.047,10000113,2015-05-27,2015-05-27,P,2.65,2015-03-26
21092,2015-04-08 14:33:00,2015-04-08,0.047,0.0,0.0,347.0,0.047,0.047,0.047,10000113,2015-05-27,2015-05-27,P,2.65,2015-03-26
21093,2015-04-08 14:34:00,2015-04-08,0.047,0.0,0.0,347.0,0.047,0.047,0.047,10000113,2015-05-27,2015-05-27,P,2.65,2015-03-26
21094,2015-04-08 14:35:00,2015-04-08,0.047,0.0,0.0,347.0,0.047,0.047,0.047,10000113,2015-05-27,2015-05-27,P,2.65,2015-03-26
21095,2015-04-08 14:36:00,2015-04-08,0.047,0.0,0.0,347.0,0.047,0.047,0.047,10000113,2015-05-27,2015-05-27,P,2.65,2015-03-26
21096,2015-04-08 14:37:00,2015-04-08,0.047,0.0,0.0,347.0,0.047,0.047,0.047,10000113,2015-05-27,2015-05-27,P,2.65,2015-03-26
21097,2015-04-08 14:38:00,2015-04-08,0.047,0.0,0.0,347.0,0.047,0.047,0.047,10000113,2015-05-27,2015-05-27,P,2.65,2015-03-26
21098,2015-04-08 14:39:00,2015-04-08,0.047,0.0,0.0,347.0,0.047,0.047,0.047,10000113,2015-05-27,2015-05-27,P,2.65,2015-03-26
21099,2015-04-08 14:40:00,2015-04-08,0.047,0.0,0.0,347.0,0.047,0.047,0.047,10000113,2015-05-27,2015-05-27,P,2.65,2015-03-26
21100,2015-04-08 14:41:00,2015-04-08,0.047,0.0,0.0,347.0,0.047,0.047,0.047,10000113,2015-05-27,2015-05-27,P,2.65,2015-03-26
21101,2015-04-08 14:42:00,2015-04-08,0.047,0.0,0.0,347.0,0.047,0.047,0.047,10000113,2015-05-27,2015-05-27,P,2.65,2015-03-26
21102,2015-04-08 14:43:00,2015-04-08,0.047,0.0,0.0,347.0,0.047,0.047,0.047,10000113,2015-05-27,2015-05-27,P,2.65,2015-03-26
21103,2015-04-08 14:44:00,2015-04-08,0.047,0.0,0.0,347.0,0.047,0.047,0.047,10000113,2015-05-27,2015-05-27,P,2.65,2015-03-26
21104,2015-04-08 14:45:00,2015-04-08,0.047,0.0,0.0,347.0,0.047,0.047,0.047,10000113,2015-05-27,2015-05-27,P,2.65,2015-03-26
21105,2015-04-08 14:46:00,2015-04-08,0.047,0.0,0.0,347.0,0.047,0.047,0.047,10000113,2015-05-27,2015-05-27,P,2.65,2015-03-26
21106,2015-04-08 14:47:00,2015-04-08,0.047,0.0,0.0,347.0,0.047,0.047,0.047,10000113,2015-05-27,2015-05-27,P,2.65,2015-03-26
21107,2015-04-08 14:48:00,2015-04-08,0.047,0.0,0.0,347.0,0.047,0.047,0.047,10000113,2015-05-27,2015-05-27,P,2.65,2015-03-26
21108,2015-04-08 14:49:00,2015-04-08,0.047,0.0,0.0,347.0,0.047,0.047,0.047,10000113,2015-05-27,2015-05-27,P,2.65,2015-03-26
21109,2015-04-08 14:50:00,2015-04-08,0.047,0.0,0.0,347.0,0.047,0.047,0.047,10000113,2015-05-27,2015-05-27,P,2.65,2015-03-26
21110,2015-04-08 14:51:00,2015-04-08,0.047,0.0,0.0,347.0,0.047,0.047,0.047,10000113,2015-05-27,2015-05-27,P,2.65,2015-03-26
21111,2015-04-08 14:52:00,2015-04-08,0.047,0.0,0.0,347.0,0.047,0.047,0.047,10000113,2015-05-27,2015-05-27,P,2.65,2015-03-26
21112,2015-04-08 14:53:00,2015-04-08,0.047,0.0,0.0,347.0,0.047,0.047,0.047,10000113,2015-05-27,2015-05-27,P,2.65,2015-03-26
21113,2015-04-08 14:54:00,2015-04-08,0.0525,2625.0,5.0,347.0,0.0525,0.0525,0.0525,10000113,2015-05-27,2015-05-27,P,2.65,2015-03-26
21114,2015-04-08 14:55:00,2015-04-08,0.0525,0.0,0.0,347.0,0.0525,0.0525,0.0525,10000113,2015-05-27,2015-05-27,P,2.65,2015-03-26
21115,2015-04-08 14:56:00,2015-04-08,0.0525,0.0,0.0,347.0,0.0525,0.0525,0.0525,10000113,2015-05-27,2015-05-27,P,2.65,2015-03-26
21116,2015-04-08 14:57:00,2015-04-08,0.0525,0.0,0.0,347.0,0.0525,0.0525,0.0525,10000113,2015-05-27,2015-05-27,P,2.65,2015-03-26
21117,2015-04-08 14:58:00,2015-04-08,0.0525,0.0,0.0,347.0,0.0525,0.0525,0.0525,10000113,2015-05-27,2015-05-27,P,2.65,2015-03-26
21118,2015-04-08 14:59:00,2015-04-08,0.0525,0.0,0.0,347.0,0.0525,0.0525,0.0525,10000113,2015-05-27,2015-05-27,P,2.65,2015-03-26
21119,2015-04-08 15:00:00,2015-04-08,0.0538,538.0,1.0,338.0,0.0538,0.0538,0.0538,10000113,2015-05-27,2015-05-27,P,2.65,2015-03-26
21120,2015-04-08 09:31:00,2015-04-08,0.5483,0.0,0.0,0.0,0.5483,0.5483,0.5483,10000023,2015-06-24,2015-06-24,C,2.3,2015-02-09
21121,2015-04-08 09:32:00,2015-04-08,0.5483,0.0,0.0,0.0,0.5483,0.5483,0.5483,10000023,2015-06-24,2015-06-24,C,2.3,2015-02-09
21122,2015-04-08 09:33:00,2015-04-08,0.5483,0.0,0.0,0.0,0.5483,0.5483,0.5483,10000023,2015-06-24,2015-06-24,C,2.3,2015-02-09
21123,2015-04-08 09:34:00,2015-04-08,0.5483,0.0,0.0,0.0,0.5483,0.5483,0.5483,10000023,2015-06-24,2015-06-24,C,2.3,2015-02-09
21124,2015-04-08 09:35:00,2015-04-08,0.5483,0.0,0.0,0.0,0.5483,0.5483,0.5483,10000023,2015-06-24,2015-06-24,C,2.3,2015-02-09
21125,2015-04-08 09:36:00,2015-04-08,0.5483,0.0,0.0,0.0,0.5483,0.5483,0.5483,10000023,2015-06-24,2015-06-24,C,2.3,2015-02-09
21126,2015-04-08 09:37:00,2015-04-08,0.5483,0.0,0.0,0.0,0.5483,0.5483,0.5483,10000023,2015-06-24,2015-06-24,C,2.3,2015-02-09
21127,2015-04-08 09:38:00,2015-04-08,0.5483,0.0,0.0,0.0,0.5483,0.5483,0.5483,10000023,2015-06-24,2015-06-24,C,2.3,2015-02-09
21128,2015-04-08 09:39:00,2015-04-08,0.5483,0.0,0.0,0.0,0.5483,0.5483,0.5483,10000023,2015-06-24,2015-06-24,C,2.3,2015-02-09
21129,2015-04-08 09:40:00,2015-04-08,0.5483,0.0,0.0,0.0,0.5483,0.5483,0.5483,10000023,2015-06-24,2015-06-24,C,2.3,2015-02-09
21130,2015-04-08 09:41:00,2015-04-08,0.5483,0.0,0.0,0.0,0.5483,0.5483,0.5483,10000023,2015-06-24,2015-06-24,C,2.3,2015-02-09
21131,2015-04-08 09:42:00,2015-04-08,0.5483,0.0,0.0,0.0,0.5483,0.5483,0.5483,10000023,2015-06-24,2015-06-24,C,2.3,2015-02-09
21132,2015-04-08 09:43:00,2015-04-08,0.5483,0.0,0.0,0.0,0.5483,0.5483,0.5483,10000023,2015-06-24,2015-06-24,C,2.3,2015-02-09
21133,2015-04-08 09:44:00,2015-04-08,0.5483,0.0,0.0,0.0,0.5483,0.5483,0.5483,10000023,2015-06-24,2015-06-24,C,2.3,2015-02-09
21134,2015-04-08 09:45:00,2015-04-08,0.5483,0.0,0.0,0.0,0.5483,0.5483,0.5483,10000023,2015-06-24,2015-06-24,C,2.3,2015-02-09
21135,2015-04-08 09:46:00,2015-04-08,0.5483,0.0,0.0,0.0,0.5483,0.5483,0.5483,10000023,2015-06-24,2015-06-24,C,2.3,2015-02-09
21136,2015-04-08 09:47:00,2015-04-08,0.5483,0.0,0.0,0.0,0.5483,0.5483,0.5483,10000023,2015-06-24,2015-06-24,C,2.3,2015-02-09
21137,2015-04-08 09:48:00,2015-04-08,0.5483,0.0,0.0,0.0,0.5483,0.5483,0.5483,10000023,2015-06-24,2015-06-24,C,2.3,2015-02-09
21138,2015-04-08 09:49:00,2015-04-08,0.5483,0.0,0.0,0.0,0.5483,0.5483,0.5483,10000023,2015-06-24,2015-06-24,C,2.3,2015-02-09
21139,2015-04-08 09:50:00,2015-04-08,0.5483,0.0,0.0,0.0,0.5483,0.5483,0.5483,10000023,2015-06-24,2015-06-24,C,2.3,2015-02-09
21140,2015-04-08 09:51:00,2015-04-08,0.5483,0.0,0.0,0.0,0.5483,0.5483,0.5483,10000023,2015-06-24,2015-06-24,C,2.3,2015-02-09
21141,2015-04-08 09:52:00,2015-04-08,0.5483,0.0,0.0,0.0,0.5483,0.5483,0.5483,10000023,2015-06-24,2015-06-24,C,2.3,2015-02-09
21142,2015-04-08 09:53:00,2015-04-08,0.5483,0.0,0.0,0.0,0.5483,0.5483,0.5483,10000023,2015-06-24,2015-06-24,C,2.3,2015-02-09
21143,2015-04-08 09:54:00,2015-04-08,0.5483,0.0,0.0,0.0,0.5483,0.5483,0.5483,10000023,2015-06-24,2015-06-24,C,2.3,2015-02-09
21144,2015-04-08 09:55:00,2015-04-08,0.5483,0.0,0.0,0.0,0.5483,0.5483,0.5483,10000023,2015-06-24,2015-06-24,C,2.3,2015-02-09
21145,2015-04-08 09:56:00,2015-04-08,0.5483,0.0,0.0,0.0,0.5483,0.5483,0.5483,10000023,2015-06-24,2015-06-24,C,2.3,2015-02-09
21146,2015-04-08 09:57:00,2015-04-08,0.5483,0.0,0.0,0.0,0.5483,0.5483,0.5483,10000023,2015-06-24,2015-06-24,C,2.3,2015-02-09
21147,2015-04-08 09:58:00,2015-04-08,0.5483,0.0,0.0,0.0,0.5483,0.5483,0.5483,10000023,2015-06-24,2015-06-24,C,2.3,2015-02-09
21148,2015-04-08 09:59:00,2015-04-08,0.5483,0.0,0.0,0.0,0.5483,0.5483,0.5483,10000023,2015-06-24,2015-06-24,C,2.3,2015-02-09
21149,2015-04-08 10:00:00,2015-04-08,0.5483,0.0,0.0,0.0,0.5483,0.5483,0.5483,10000023,2015-06-24,2015-06-24,C,2.3,2015-02-09
21150,2015-04-08 10:01:00,2015-04-08,0.5483,0.0,0.0,0.0,0.5483,0.5483,0.5483,10000023,2015-06-24,2015-06-24,C,2.3,2015-02-09
21151,2015-04-08 10:02:00,2015-04-08,0.5483,0.0,0.0,0.0,0.5483,0.5483,0.5483,10000023,2015-06-24,2015-06-24,C,2.3,2015-02-09
21152,2015-04-08 10:03:00,2015-04-08,0.5483,0.0,0.0,0.0,0.5483,0.5483,0.5483,10000023,2015-06-24,2015-06-24,C,2.3,2015-02-09
21153,2015-04-08 10:04:00,2015-04-08,0.5483,0.0,0.0,0.0,0.5483,0.5483,0.5483,10000023,2015-06-24,2015-06-24,C,2.3,2015-02-09
21154,2015-04-08 10:05:00,2015-04-08,0.5483,0.0,0.0,0.0,0.5483,0.5483,0.5483,10000023,2015-06-24,2015-06-24,C,2.3,2015-02-09
21155,2015-04-08 10:06:00,2015-04-08,0.5483,0.0,0.0,0.0,0.5483,0.5483,0.5483,10000023,2015-06-24,2015-06-24,C,2.3,2015-02-09
21156,2015-04-08 10:07:00,2015-04-08,0.5483,0.0,0.0,0.0,0.5483,0.5483,0.5483,10000023,2015-06-24,2015-06-24,C,2.3,2015-02-09
21157,2015-04-08 10:08:00,2015-04-08,0.593,-296250.0,-49.0,1081.0,0.593,0.593,0.593,10000023,2015-06-24,2015-06-24,C,2.3,2015-02-09
21158,2015-04-08 10:09:00,2015-04-08,0.593,0.0,0.0,1081.0,0.593,0.593,0.593,10000023,2015-06-24,2015-06-24,C,2.3,2015-02-09
21159,2015-04-08 10:10:00,2015-04-08,0.593,0.0,0.0,1081.0,0.593,0.593,0.593,10000023,2015-06-24,2015-06-24,C,2.3,2015-02-09
21160,2015-04-08 10:11:00,2015-04-08,0.593,0.0,0.0,1081.0,0.593,0.593,0.593,10000023,2015-06-24,2015-06-24,C,2.3,2015-02-09
21161,2015-04-08 10:12:00,2015-04-08,0.585,58500.0,10.0,1081.0,0.585,0.585,0.585,10000023,2015-06-24,2015-06-24,C,2.3,2015-02-09
21162,2015-04-08 10:13:00,2015-04-08,0.585,0.0,0.0,1081.0,0.585,0.585,0.585,10000023,2015-06-24,2015-06-24,C,2.3,2015-02-09
21163,2015-04-08 10:14:00,2015-04-08,0.585,0.0,0.0,1081.0,0.585,0.585,0.585,10000023,2015-06-24,2015-06-24,C,2.3,2015-02-09
21164,2015-04-08 10:15:00,2015-04-08,0.585,0.0,0.0,1081.0,0.585,0.585,0.585,10000023,2015-06-24,2015-06-24,C,2.3,2015-02-09
21165,2015-04-08 10:16:00,2015-04-08,0.585,0.0,0.0,1081.0,0.585,0.585,0.585,10000023,2015-06-24,2015-06-24,C,2.3,2015-02-09
21166,2015-04-08 10:17:00,2015-04-08,0.585,0.0,0.0,1081.0,0.585,0.585,0.585,10000023,2015-06-24,2015-06-24,C,2.3,2015-02-09
21167,2015-04-08 10:18:00,2015-04-08,0.585,0.0,0.0,1081.0,0.585,0.585,0.585,10000023,2015-06-24,2015-06-24,C,2.3,2015-02-09
21168,2015-04-08 10:19:00,2015-04-08,0.585,0.0,0.0,1081.0,0.585,0.585,0.585,10000023,2015-06-24,2015-06-24,C,2.3,2015-02-09
21169,2015-04-08 10:20:00,2015-04-08,0.585,0.0,0.0,1081.0,0.585,0.585,0.585,10000023,2015-06-24,2015-06-24,C,2.3,2015-02-09
21170,2015-04-08 10:21:00,2015-04-08,0.585,0.0,0.0,1081.0,0.585,0.585,0.585,10000023,2015-06-24,2015-06-24,C,2.3,2015-02-09
21171,2015-04-08 10:22:00,2015-04-08,0.585,0.0,0.0,1081.0,0.585,0.585,0.585,10000023,2015-06-24,2015-06-24,C,2.3,2015-02-09
21172,2015-04-08 10:23:00,2015-04-08,0.585,0.0,0.0,1081.0,0.585,0.585,0.585,10000023,2015-06-24,2015-06-24,C,2.3,2015-02-09
21173,2015-04-08 10:24:00,2015-04-08,0.585,0.0,0.0,1081.0,0.585,0.585,0.585,10000023,2015-06-24,2015-06-24,C,2.3,2015-02-09
21174,2015-04-08 10:25:00,2015-04-08,0.585,0.0,0.0,1081.0,0.585,0.585,0.585,10000023,2015-06-24,2015-06-24,C,2.3,2015-02-09
21175,2015-04-08 10:26:00,2015-04-08,0.585,0.0,0.0,1081.0,0.585,0.585,0.585,10000023,2015-06-24,2015-06-24,C,2.3,2015-02-09
21176,2015-04-08 10:27:00,2015-04-08,0.585,0.0,0.0,1081.0,0.585,0.585,0.585,10000023,2015-06-24,2015-06-24,C,2.3,2015-02-09
21177,2015-04-08 10:28:00,2015-04-08,0.585,0.0,0.0,1081.0,0.585,0.585,0.585,10000023,2015-06-24,2015-06-24,C,2.3,2015-02-09
21178,2015-04-08 10:29:00,2015-04-08,0.585,0.0,0.0,1081.0,0.585,0.585,0.585,10000023,2015-06-24,2015-06-24,C,2.3,2015-02-09
21179,2015-04-08 10:30:00,2015-04-08,0.585,0.0,0.0,1081.0,0.585,0.585,0.585,10000023,2015-06-24,2015-06-24,C,2.3,2015-02-09
21180,2015-04-08 10:31:00,2015-04-08,0.5841,5841.0,1.0,1081.0,0.5841,0.5841,0.5841,10000023,2015-06-24,2015-06-24,C,2.3,2015-02-09
21181,2015-04-08 10:32:00,2015-04-08,0.5841,0.0,0.0,1081.0,0.5841,0.5841,0.5841,10000023,2015-06-24,2015-06-24,C,2.3,2015-02-09
21182,2015-04-08 10:33:00,2015-04-08,0.5841,0.0,0.0,1081.0,0.5841,0.5841,0.5841,10000023,2015-06-24,2015-06-24,C,2.3,2015-02-09
21183,2015-04-08 10:34:00,2015-04-08,0.5841,0.0,0.0,1081.0,0.5841,0.5841,0.5841,10000023,2015-06-24,2015-06-24,C,2.3,2015-02-09
21184,2015-04-08 10:35:00,2015-04-08,0.588,5880.0,1.0,1081.0,0.588,0.588,0.588,10000023,2015-06-24,2015-06-24,C,2.3,2015-02-09
21185,2015-04-08 10:36:00,2015-04-08,0.588,5880.0,1.0,1081.0,0.588,0.588,0.588,10000023,2015-06-24,2015-06-24,C,2.3,2015-02-09
21186,2015-04-08 10:37:00,2015-04-08,0.588,47040.0,8.0,1081.0,0.588,0.588,0.588,10000023,2015-06-24,2015-06-24,C,2.3,2015-02-09
21187,2015-04-08 10:38:00,2015-04-08,0.588,0.0,0.0,1081.0,0.588,0.588,0.588,10000023,2015-06-24,2015-06-24,C,2.3,2015-02-09
21188,2015-04-08 10:39:00,2015-04-08,0.588,0.0,0.0,1081.0,0.588,0.588,0.588,10000023,2015-06-24,2015-06-24,C,2.3,2015-02-09
21189,2015-04-08 10:40:00,2015-04-08,0.588,0.0,0.0,1081.0,0.588,0.588,0.588,10000023,2015-06-24,2015-06-24,C,2.3,2015-02-09
21190,2015-04-08 10:41:00,2015-04-08,0.588,0.0,0.0,1081.0,0.588,0.588,0.588,10000023,2015-06-24,2015-06-24,C,2.3,2015-02-09
21191,2015-04-08 10:42:00,2015-04-08,0.588,0.0,0.0,1081.0,0.588,0.588,0.588,10000023,2015-06-24,2015-06-24,C,2.3,2015-02-09
21192,2015-04-08 10:43:00,2015-04-08,0.588,0.0,0.0,1081.0,0.588,0.588,0.588,10000023,2015-06-24,2015-06-24,C,2.3,2015-02-09
21193,2015-04-08 10:44:00,2015-04-08,0.588,0.0,0.0,1081.0,0.588,0.588,0.588,10000023,2015-06-24,2015-06-24,C,2.3,2015-02-09
21194,2015-04-08 10:45:00,2015-04-08,0.588,0.0,0.0,1081.0,0.588,0.588,0.588,10000023,2015-06-24,2015-06-24,C,2.3,2015-02-09
21195,2015-04-08 10:46:00,2015-04-08,0.588,0.0,0.0,1081.0,0.588,0.588,0.588,10000023,2015-06-24,2015-06-24,C,2.3,2015-02-09
21196,2015-04-08 10:47:00,2015-04-08,0.588,0.0,0.0,1081.0,0.588,0.588,0.588,10000023,2015-06-24,2015-06-24,C,2.3,2015-02-09
21197,2015-04-08 10:48:00,2015-04-08,0.588,0.0,0.0,1081.0,0.588,0.588,0.588,10000023,2015-06-24,2015-06-24,C,2.3,2015-02-09
21198,2015-04-08 10:49:00,2015-04-08,0.588,0.0,0.0,1081.0,0.588,0.588,0.588,10000023,2015-06-24,2015-06-24,C,2.3,2015-02-09
21199,2015-04-08 10:50:00,2015-04-08,0.588,0.0,0.0,1081.0,0.588,0.588,0.588,10000023,2015-06-24,2015-06-24,C,2.3,2015-02-09
21200,2015-04-08 10:51:00,2015-04-08,0.588,0.0,0.0,1081.0,0.588,0.588,0.588,10000023,2015-06-24,2015-06-24,C,2.3,2015-02-09
21201,2015-04-08 10:52:00,2015-04-08,0.588,0.0,0.0,1081.0,0.588,0.588,0.588,10000023,2015-06-24,2015-06-24,C,2.3,2015-02-09
21202,2015-04-08 10:53:00,2015-04-08,0.588,0.0,0.0,1081.0,0.588,0.588,0.588,10000023,2015-06-24,2015-06-24,C,2.3,2015-02-09
21203,2015-04-08 10:54:00,2015-04-08,0.588,0.0,0.0,1081.0,0.588,0.588,0.588,10000023,2015-06-24,2015-06-24,C,2.3,2015-02-09
21204,2015-04-08 10:55:00,2015-04-08,0.588,0.0,0.0,1081.0,0.588,0.588,0.588,10000023,2015-06-24,2015-06-24,C,2.3,2015-02-09
21205,2015-04-08 10:56:00,2015-04-08,0.588,0.0,0.0,1081.0,0.588,0.588,0.588,10000023,2015-06-24,2015-06-24,C,2.3,2015-02-09
21206,2015-04-08 10:57:00,2015-04-08,0.588,0.0,0.0,1081.0,0.588,0.588,0.588,10000023,2015-06-24,2015-06-24,C,2.3,2015-02-09
21207,2015-04-08 10:58:00,2015-04-08,0.588,0.0,0.0,1081.0,0.588,0.588,0.588,10000023,2015-06-24,2015-06-24,C,2.3,2015-02-09
21208,2015-04-08 10:59:00,2015-04-08,0.588,0.0,0.0,1081.0,0.588,0.588,0.588,10000023,2015-06-24,2015-06-24,C,2.3,2015-02-09
21209,2015-04-08 11:00:00,2015-04-08,0.588,0.0,0.0,1081.0,0.588,0.588,0.588,10000023,2015-06-24,2015-06-24,C,2.3,2015-02-09
21210,2015-04-08 11:01:00,2015-04-08,0.588,0.0,0.0,1081.0,0.588,0.588,0.588,10000023,2015-06-24,2015-06-24,C,2.3,2015-02-09
21211,2015-04-08 11:02:00,2015-04-08,0.588,0.0,0.0,1081.0,0.588,0.588,0.588,10000023,2015-06-24,2015-06-24,C,2.3,2015-02-09
21212,2015-04-08 11:03:00,2015-04-08,0.588,0.0,0.0,1081.0,0.588,0.588,0.588,10000023,2015-06-24,2015-06-24,C,2.3,2015-02-09
21213,2015-04-08 11:04:00,2015-04-08,0.588,0.0,0.0,1081.0,0.588,0.588,0.588,10000023,2015-06-24,2015-06-24,C,2.3,2015-02-09
21214,2015-04-08 11:05:00,2015-04-08,0.588,0.0,0.0,1081.0,0.588,0.588,0.588,10000023,2015-06-24,2015-06-24,C,2.3,2015-02-09
21215,2015-04-08 11:06:00,2015-04-08,0.588,0.0,0.0,1081.0,0.588,0.588,0.588,10000023,2015-06-24,2015-06-24,C,2.3,2015-02-09
21216,2015-04-08 11:07:00,2015-04-08,0.588,0.0,0.0,1081.0,0.588,0.588,0.588,10000023,2015-06-24,2015-06-24,C,2.3,2015-02-09
21217,2015-04-08 11:08:00,2015-04-08,0.588,0.0,0.0,1081.0,0.588,0.588,0.588,10000023,2015-06-24,2015-06-24,C,2.3,2015-02-09
21218,2015-04-08 11:09:00,2015-04-08,0.588,0.0,0.0,1081.0,0.588,0.588,0.588,10000023,2015-06-24,2015-06-24,C,2.3,2015-02-09
21219,2015-04-08 11:10:00,2015-04-08,0.588,0.0,0.0,1081.0,0.588,0.588,0.588,10000023,2015-06-24,2015-06-24,C,2.3,2015-02-09
21220,2015-04-08 11:11:00,2015-04-08,0.588,0.0,0.0,1081.0,0.588,0.588,0.588,10000023,2015-06-24,2015-06-24,C,2.3,2015-02-09
21221,2015-04-08 11:12:00,2015-04-08,0.588,0.0,0.0,1081.0,0.588,0.588,0.588,10000023,2015-06-24,2015-06-24,C,2.3,2015-02-09
21222,2015-04-08 11:13:00,2015-04-08,0.588,0.0,0.0,1081.0,0.588,0.588,0.588,10000023,2015-06-24,2015-06-24,C,2.3,2015-02-09
21223,2015-04-08 11:14:00,2015-04-08,0.588,0.0,0.0,1081.0,0.588,0.588,0.588,10000023,2015-06-24,2015-06-24,C,2.3,2015-02-09
21224,2015-04-08 11:15:00,2015-04-08,0.588,0.0,0.0,1081.0,0.588,0.588,0.588,10000023,2015-06-24,2015-06-24,C,2.3,2015-02-09
21225,2015-04-08 11:16:00,2015-04-08,0.588,0.0,0.0,1081.0,0.588,0.588,0.588,10000023,2015-06-24,2015-06-24,C,2.3,2015-02-09
21226,2015-04-08 11:17:00,2015-04-08,0.588,0.0,0.0,1081.0,0.588,0.588,0.588,10000023,2015-06-24,2015-06-24,C,2.3,2015-02-09
21227,2015-04-08 11:18:00,2015-04-08,0.588,0.0,0.0,1081.0,0.588,0.588,0.588,10000023,2015-06-24,2015-06-24,C,2.3,2015-02-09
21228,2015-04-08 11:19:00,2015-04-08,0.588,0.0,0.0,1081.0,0.588,0.588,0.588,10000023,2015-06-24,2015-06-24,C,2.3,2015-02-09
21229,2015-04-08 11:20:00,2015-04-08,0.588,0.0,0.0,1081.0,0.588,0.588,0.588,10000023,2015-06-24,2015-06-24,C,2.3,2015-02-09
21230,2015-04-08 11:21:00,2015-04-08,0.588,0.0,0.0,1081.0,0.588,0.588,0.588,10000023,2015-06-24,2015-06-24,C,2.3,2015-02-09
21231,2015-04-08 11:22:00,2015-04-08,0.588,0.0,0.0,1081.0,0.588,0.588,0.588,10000023,2015-06-24,2015-06-24,C,2.3,2015-02-09
21232,2015-04-08 11:23:00,2015-04-08,0.588,0.0,0.0,1081.0,0.588,0.588,0.588,10000023,2015-06-24,2015-06-24,C,2.3,2015-02-09
21233,2015-04-08 11:24:00,2015-04-08,0.5591,5591.0,1.0,1082.0,0.5591,0.5591,0.5591,10000023,2015-06-24,2015-06-24,C,2.3,2015-02-09
21234,2015-04-08 11:25:00,2015-04-08,0.5591,0.0,0.0,1082.0,0.5591,0.5591,0.5591,10000023,2015-06-24,2015-06-24,C,2.3,2015-02-09
21235,2015-04-08 11:26:00,2015-04-08,0.5591,0.0,0.0,1082.0,0.5591,0.5591,0.5591,10000023,2015-06-24,2015-06-24,C,2.3,2015-02-09
21236,2015-04-08 11:27:00,2015-04-08,0.5591,0.0,0.0,1082.0,0.5591,0.5591,0.5591,10000023,2015-06-24,2015-06-24,C,2.3,2015-02-09
21237,2015-04-08 11:28:00,2015-04-08,0.5591,0.0,0.0,1082.0,0.5591,0.5591,0.5591,10000023,2015-06-24,2015-06-24,C,2.3,2015-02-09
21238,2015-04-08 11:29:00,2015-04-08,0.5591,0.0,0.0,1082.0,0.5591,0.5591,0.5591,10000023,2015-06-24,2015-06-24,C,2.3,2015-02-09
21239,2015-04-08 11:30:00,2015-04-08,0.5591,0.0,0.0,1082.0,0.5591,0.5591,0.5591,10000023,2015-06-24,2015-06-24,C,2.3,2015-02-09
21240,2015-04-08 13:01:00,2015-04-08,0.5591,0.0,0.0,1082.0,0.5591,0.5591,0.5591,10000023,2015-06-24,2015-06-24,C,2.3,2015-02-09
21241,2015-04-08 13:02:00,2015-04-08,0.5591,0.0,0.0,1082.0,0.5591,0.5591,0.5591,10000023,2015-06-24,2015-06-24,C,2.3,2015-02-09
21242,2015-04-08 13:03:00,2015-04-08,0.5591,0.0,0.0,1082.0,0.5591,0.5591,0.5591,10000023,2015-06-24,2015-06-24,C,2.3,2015-02-09
21243,2015-04-08 13:04:00,2015-04-08,0.5591,0.0,0.0,1082.0,0.5591,0.5591,0.5591,10000023,2015-06-24,2015-06-24,C,2.3,2015-02-09
21244,2015-04-08 13:05:00,2015-04-08,0.5591,0.0,0.0,1082.0,0.5591,0.5591,0.5591,10000023,2015-06-24,2015-06-24,C,2.3,2015-02-09
21245,2015-04-08 13:06:00,2015-04-08,0.5591,0.0,0.0,1082.0,0.5591,0.5591,0.5591,10000023,2015-06-24,2015-06-24,C,2.3,2015-02-09
21246,2015-04-08 13:07:00,2015-04-08,0.5962,11924.0,2.0,1084.0,0.5962,0.5962,0.5962,10000023,2015-06-24,2015-06-24,C,2.3,2015-02-09
21247,2015-04-08 13:08:00,2015-04-08,0.5962,0.0,0.0,1084.0,0.5962,0.5962,0.5962,10000023,2015-06-24,2015-06-24,C,2.3,2015-02-09
21248,2015-04-08 13:09:00,2015-04-08,0.5962,0.0,0.0,1084.0,0.5962,0.5962,0.5962,10000023,2015-06-24,2015-06-24,C,2.3,2015-02-09
21249,2015-04-08 13:10:00,2015-04-08,0.5962,0.0,0.0,1084.0,0.5962,0.5962,0.5962,10000023,2015-06-24,2015-06-24,C,2.3,2015-02-09
21250,2015-04-08 13:11:00,2015-04-08,0.5962,0.0,0.0,1084.0,0.5962,0.5962,0.5962,10000023,2015-06-24,2015-06-24,C,2.3,2015-02-09
21251,2015-04-08 13:12:00,2015-04-08,0.5962,0.0,0.0,1084.0,0.5962,0.5962,0.5962,10000023,2015-06-24,2015-06-24,C,2.3,2015-02-09
21252,2015-04-08 13:13:00,2015-04-08,0.5962,0.0,0.0,1084.0,0.5962,0.5962,0.5962,10000023,2015-06-24,2015-06-24,C,2.3,2015-02-09
21253,2015-04-08 13:14:00,2015-04-08,0.5962,0.0,0.0,1084.0,0.5962,0.5962,0.5962,10000023,2015-06-24,2015-06-24,C,2.3,2015-02-09
21254,2015-04-08 13:15:00,2015-04-08,0.5962,0.0,0.0,1084.0,0.5962,0.5962,0.5962,10000023,2015-06-24,2015-06-24,C,2.3,2015-02-09
21255,2015-04-08 13:16:00,2015-04-08,0.6061,18181.0,3.0,1084.0,0.6061,0.6061,0.6061,10000023,2015-06-24,2015-06-24,C,2.3,2015-02-09
21256,2015-04-08 13:17:00,2015-04-08,0.6145,55305.0,9.0,1084.0,0.6145,0.6145,0.6145,10000023,2015-06-24,2015-06-24,C,2.3,2015-02-09
21257,2015-04-08 13:18:00,2015-04-08,0.6145,0.0,0.0,1084.0,0.6145,0.6145,0.6145,10000023,2015-06-24,2015-06-24,C,2.3,2015-02-09
21258,2015-04-08 13:19:00,2015-04-08,0.6145,0.0,0.0,1084.0,0.6145,0.6145,0.6145,10000023,2015-06-24,2015-06-24,C,2.3,2015-02-09
21259,2015-04-08 13:20:00,2015-04-08,0.6145,0.0,0.0,1084.0,0.6145,0.6145,0.6145,10000023,2015-06-24,2015-06-24,C,2.3,2015-02-09
21260,2015-04-08 13:21:00,2015-04-08,0.6145,0.0,0.0,1084.0,0.6145,0.6145,0.6145,10000023,2015-06-24,2015-06-24,C,2.3,2015-02-09
21261,2015-04-08 13:22:00,2015-04-08,0.6145,0.0,0.0,1084.0,0.6145,0.6145,0.6145,10000023,2015-06-24,2015-06-24,C,2.3,2015-02-09
21262,2015-04-08 13:23:00,2015-04-08,0.6145,0.0,0.0,1084.0,0.6145,0.6145,0.6145,10000023,2015-06-24,2015-06-24,C,2.3,2015-02-09
21263,2015-04-08 13:24:00,2015-04-08,0.6356,19068.0,3.0,1084.0,0.6356,0.6356,0.6356,10000023,2015-06-24,2015-06-24,C,2.3,2015-02-09
21264,2015-04-08 13:25:00,2015-04-08,0.6356,0.0,0.0,1084.0,0.6356,0.6356,0.6356,10000023,2015-06-24,2015-06-24,C,2.3,2015-02-09
21265,2015-04-08 13:26:00,2015-04-08,0.6356,0.0,0.0,1084.0,0.6356,0.6356,0.6356,10000023,2015-06-24,2015-06-24,C,2.3,2015-02-09
21266,2015-04-08 13:27:00,2015-04-08,0.6356,0.0,0.0,1084.0,0.6356,0.6356,0.6356,10000023,2015-06-24,2015-06-24,C,2.3,2015-02-09
21267,2015-04-08 13:28:00,2015-04-08,0.6356,0.0,0.0,1084.0,0.6356,0.6356,0.6356,10000023,2015-06-24,2015-06-24,C,2.3,2015-02-09
21268,2015-04-08 13:29:00,2015-04-08,0.6356,0.0,0.0,1084.0,0.6356,0.6356,0.6356,10000023,2015-06-24,2015-06-24,C,2.3,2015-02-09
21269,2015-04-08 13:30:00,2015-04-08,0.6356,0.0,0.0,1084.0,0.6356,0.6356,0.6356,10000023,2015-06-24,2015-06-24,C,2.3,2015-02-09
21270,2015-04-08 13:31:00,2015-04-08,0.6356,0.0,0.0,1084.0,0.6356,0.6356,0.6356,10000023,2015-06-24,2015-06-24,C,2.3,2015-02-09
21271,2015-04-08 13:32:00,2015-04-08,0.6356,0.0,0.0,1084.0,0.6356,0.6356,0.6356,10000023,2015-06-24,2015-06-24,C,2.3,2015-02-09
21272,2015-04-08 13:33:00,2015-04-08,0.6356,0.0,0.0,1084.0,0.6356,0.6356,0.6356,10000023,2015-06-24,2015-06-24,C,2.3,2015-02-09
21273,2015-04-08 13:34:00,2015-04-08,0.6356,0.0,0.0,1084.0,0.6356,0.6356,0.6356,10000023,2015-06-24,2015-06-24,C,2.3,2015-02-09
21274,2015-04-08 13:35:00,2015-04-08,0.6356,0.0,0.0,1084.0,0.6356,0.6356,0.6356,10000023,2015-06-24,2015-06-24,C,2.3,2015-02-09
21275,2015-04-08 13:36:00,2015-04-08,0.6356,0.0,0.0,1084.0,0.6356,0.6356,0.6356,10000023,2015-06-24,2015-06-24,C,2.3,2015-02-09
21276,2015-04-08 13:37:00,2015-04-08,0.6356,0.0,0.0,1084.0,0.6356,0.6356,0.6356,10000023,2015-06-24,2015-06-24,C,2.3,2015-02-09
21277,2015-04-08 13:38:00,2015-04-08,0.6356,0.0,0.0,1084.0,0.6356,0.6356,0.6356,10000023,2015-06-24,2015-06-24,C,2.3,2015-02-09
21278,2015-04-08 13:39:00,2015-04-08,0.6356,0.0,0.0,1084.0,0.6356,0.6356,0.6356,10000023,2015-06-24,2015-06-24,C,2.3,2015-02-09
21279,2015-04-08 13:40:00,2015-04-08,0.6356,0.0,0.0,1084.0,0.6356,0.6356,0.6356,10000023,2015-06-24,2015-06-24,C,2.3,2015-02-09
21280,2015-04-08 13:41:00,2015-04-08,0.6356,0.0,0.0,1084.0,0.6356,0.6356,0.6356,10000023,2015-06-24,2015-06-24,C,2.3,2015-02-09
21281,2015-04-08 13:42:00,2015-04-08,0.6356,0.0,0.0,1084.0,0.6356,0.6356,0.6356,10000023,2015-06-24,2015-06-24,C,2.3,2015-02-09
21282,2015-04-08 13:43:00,2015-04-08,0.6356,0.0,0.0,1084.0,0.6356,0.6356,0.6356,10000023,2015-06-24,2015-06-24,C,2.3,2015-02-09
21283,2015-04-08 13:44:00,2015-04-08,0.6356,0.0,0.0,1084.0,0.6356,0.6356,0.6356,10000023,2015-06-24,2015-06-24,C,2.3,2015-02-09
21284,2015-04-08 13:45:00,2015-04-08,0.6356,0.0,0.0,1084.0,0.6356,0.6356,0.6356,10000023,2015-06-24,2015-06-24,C,2.3,2015-02-09
21285,2015-04-08 13:46:00,2015-04-08,0.6356,0.0,0.0,1084.0,0.6356,0.6356,0.6356,10000023,2015-06-24,2015-06-24,C,2.3,2015-02-09
21286,2015-04-08 13:47:00,2015-04-08,0.6356,0.0,0.0,1084.0,0.6356,0.6356,0.6356,10000023,2015-06-24,2015-06-24,C,2.3,2015-02-09
21287,2015-04-08 13:48:00,2015-04-08,0.6356,0.0,0.0,1084.0,0.6356,0.6356,0.6356,10000023,2015-06-24,2015-06-24,C,2.3,2015-02-09
21288,2015-04-08 13:49:00,2015-04-08,0.6356,0.0,0.0,1084.0,0.6356,0.6356,0.6356,10000023,2015-06-24,2015-06-24,C,2.3,2015-02-09
21289,2015-04-08 13:50:00,2015-04-08,0.6356,0.0,0.0,1084.0,0.6356,0.6356,0.6356,10000023,2015-06-24,2015-06-24,C,2.3,2015-02-09
21290,2015-04-08 13:51:00,2015-04-08,0.6356,0.0,0.0,1084.0,0.6356,0.6356,0.6356,10000023,2015-06-24,2015-06-24,C,2.3,2015-02-09
21291,2015-04-08 13:52:00,2015-04-08,0.6304,63040.0,10.0,1084.0,0.6304,0.6304,0.6304,10000023,2015-06-24,2015-06-24,C,2.3,2015-02-09
21292,2015-04-08 13:53:00,2015-04-08,0.6304,0.0,0.0,1084.0,0.6304,0.6304,0.6304,10000023,2015-06-24,2015-06-24,C,2.3,2015-02-09
21293,2015-04-08 13:54:00,2015-04-08,0.6304,0.0,0.0,1084.0,0.6304,0.6304,0.6304,10000023,2015-06-24,2015-06-24,C,2.3,2015-02-09
21294,2015-04-08 13:55:00,2015-04-08,0.6304,0.0,0.0,1084.0,0.6304,0.6304,0.6304,10000023,2015-06-24,2015-06-24,C,2.3,2015-02-09
21295,2015-04-08 13:56:00,2015-04-08,0.6304,0.0,0.0,1084.0,0.6304,0.6304,0.6304,10000023,2015-06-24,2015-06-24,C,2.3,2015-02-09
21296,2015-04-08 13:57:00,2015-04-08,0.6304,0.0,0.0,1084.0,0.6304,0.6304,0.6304,10000023,2015-06-24,2015-06-24,C,2.3,2015-02-09
21297,2015-04-08 13:58:00,2015-04-08,0.6304,0.0,0.0,1084.0,0.6304,0.6304,0.6304,10000023,2015-06-24,2015-06-24,C,2.3,2015-02-09
21298,2015-04-08 13:59:00,2015-04-08,0.6304,0.0,0.0,1084.0,0.6304,0.6304,0.6304,10000023,2015-06-24,2015-06-24,C,2.3,2015-02-09
21299,2015-04-08 14:00:00,2015-04-08,0.6304,0.0,0.0,1084.0,0.6304,0.6304,0.6304,10000023,2015-06-24,2015-06-24,C,2.3,2015-02-09
21300,2015-04-08 14:01:00,2015-04-08,0.6304,0.0,0.0,1084.0,0.6304,0.6304,0.6304,10000023,2015-06-24,2015-06-24,C,2.3,2015-02-09
21301,2015-04-08 14:02:00,2015-04-08,0.6304,0.0,0.0,1084.0,0.6304,0.6304,0.6304,10000023,2015-06-24,2015-06-24,C,2.3,2015-02-09
21302,2015-04-08 14:03:00,2015-04-08,0.6304,0.0,0.0,1084.0,0.6304,0.6304,0.6304,10000023,2015-06-24,2015-06-24,C,2.3,2015-02-09
21303,2015-04-08 14:04:00,2015-04-08,0.6304,0.0,0.0,1084.0,0.6304,0.6304,0.6304,10000023,2015-06-24,2015-06-24,C,2.3,2015-02-09
21304,2015-04-08 14:05:00,2015-04-08,0.6304,0.0,0.0,1084.0,0.6304,0.6304,0.6304,10000023,2015-06-24,2015-06-24,C,2.3,2015-02-09
21305,2015-04-08 14:06:00,2015-04-08,0.6304,0.0,0.0,1084.0,0.6304,0.6304,0.6304,10000023,2015-06-24,2015-06-24,C,2.3,2015-02-09
21306,2015-04-08 14:07:00,2015-04-08,0.6304,0.0,0.0,1084.0,0.6304,0.6304,0.6304,10000023,2015-06-24,2015-06-24,C,2.3,2015-02-09
21307,2015-04-08 14:08:00,2015-04-08,0.6304,0.0,0.0,1084.0,0.6304,0.6304,0.6304,10000023,2015-06-24,2015-06-24,C,2.3,2015-02-09
21308,2015-04-08 14:09:00,2015-04-08,0.6304,0.0,0.0,1084.0,0.6304,0.6304,0.6304,10000023,2015-06-24,2015-06-24,C,2.3,2015-02-09
21309,2015-04-08 14:10:00,2015-04-08,0.6304,0.0,0.0,1084.0,0.6304,0.6304,0.6304,10000023,2015-06-24,2015-06-24,C,2.3,2015-02-09
21310,2015-04-08 14:11:00,2015-04-08,0.6304,0.0,0.0,1084.0,0.6304,0.6304,0.6304,10000023,2015-06-24,2015-06-24,C,2.3,2015-02-09
21311,2015-04-08 14:12:00,2015-04-08,0.6304,0.0,0.0,1084.0,0.6304,0.6304,0.6304,10000023,2015-06-24,2015-06-24,C,2.3,2015-02-09
21312,2015-04-08 14:13:00,2015-04-08,0.6304,0.0,0.0,1084.0,0.6304,0.6304,0.6304,10000023,2015-06-24,2015-06-24,C,2.3,2015-02-09
21313,2015-04-08 14:14:00,2015-04-08,0.6304,0.0,0.0,1084.0,0.6304,0.6304,0.6304,10000023,2015-06-24,2015-06-24,C,2.3,2015-02-09
21314,2015-04-08 14:15:00,2015-04-08,0.6304,0.0,0.0,1084.0,0.6304,0.6304,0.6304,10000023,2015-06-24,2015-06-24,C,2.3,2015-02-09
21315,2015-04-08 14:16:00,2015-04-08,0.6304,0.0,0.0,1084.0,0.6304,0.6304,0.6304,10000023,2015-06-24,2015-06-24,C,2.3,2015-02-09
21316,2015-04-08 14:17:00,2015-04-08,0.6304,0.0,0.0,1084.0,0.6304,0.6304,0.6304,10000023,2015-06-24,2015-06-24,C,2.3,2015-02-09
21317,2015-04-08 14:18:00,2015-04-08,0.6304,0.0,0.0,1084.0,0.6304,0.6304,0.6304,10000023,2015-06-24,2015-06-24,C,2.3,2015-02-09
21318,2015-04-08 14:19:00,2015-04-08,0.6304,0.0,0.0,1084.0,0.6304,0.6304,0.6304,10000023,2015-06-24,2015-06-24,C,2.3,2015-02-09
21319,2015-04-08 14:20:00,2015-04-08,0.6304,0.0,0.0,1084.0,0.6304,0.6304,0.6304,10000023,2015-06-24,2015-06-24,C,2.3,2015-02-09
21320,2015-04-08 14:21:00,2015-04-08,0.6304,0.0,0.0,1084.0,0.6304,0.6304,0.6304,10000023,2015-06-24,2015-06-24,C,2.3,2015-02-09
21321,2015-04-08 14:22:00,2015-04-08,0.6304,0.0,0.0,1084.0,0.6304,0.6304,0.6304,10000023,2015-06-24,2015-06-24,C,2.3,2015-02-09
21322,2015-04-08 14:23:00,2015-04-08,0.6304,0.0,0.0,1084.0,0.6304,0.6304,0.6304,10000023,2015-06-24,2015-06-24,C,2.3,2015-02-09
21323,2015-04-08 14:24:00,2015-04-08,0.6304,0.0,0.0,1084.0,0.6304,0.6304,0.6304,10000023,2015-06-24,2015-06-24,C,2.3,2015-02-09
21324,2015-04-08 14:25:00,2015-04-08,0.6304,0.0,0.0,1084.0,0.6304,0.6304,0.6304,10000023,2015-06-24,2015-06-24,C,2.3,2015-02-09
21325,2015-04-08 14:26:00,2015-04-08,0.6304,0.0,0.0,1084.0,0.6304,0.6304,0.6304,10000023,2015-06-24,2015-06-24,C,2.3,2015-02-09
21326,2015-04-08 14:27:00,2015-04-08,0.6304,0.0,0.0,1084.0,0.6304,0.6304,0.6304,10000023,2015-06-24,2015-06-24,C,2.3,2015-02-09
21327,2015-04-08 14:28:00,2015-04-08,0.6304,0.0,0.0,1084.0,0.6304,0.6304,0.6304,10000023,2015-06-24,2015-06-24,C,2.3,2015-02-09
21328,2015-04-08 14:29:00,2015-04-08,0.6304,0.0,0.0,1084.0,0.6304,0.6304,0.6304,10000023,2015-06-24,2015-06-24,C,2.3,2015-02-09
21329,2015-04-08 14:30:00,2015-04-08,0.6304,0.0,0.0,1084.0,0.6304,0.6304,0.6304,10000023,2015-06-24,2015-06-24,C,2.3,2015-02-09
21330,2015-04-08 14:31:00,2015-04-08,0.6304,0.0,0.0,1084.0,0.6304,0.6304,0.6304,10000023,2015-06-24,2015-06-24,C,2.3,2015-02-09
21331,2015-04-08 14:32:00,2015-04-08,0.6304,0.0,0.0,1084.0,0.6304,0.6304,0.6304,10000023,2015-06-24,2015-06-24,C,2.3,2015-02-09
21332,2015-04-08 14:33:00,2015-04-08,0.6304,0.0,0.0,1084.0,0.6304,0.6304,0.6304,10000023,2015-06-24,2015-06-24,C,2.3,2015-02-09
21333,2015-04-08 14:34:00,2015-04-08,0.6304,0.0,0.0,1084.0,0.6304,0.6304,0.6304,10000023,2015-06-24,2015-06-24,C,2.3,2015-02-09
21334,2015-04-08 14:35:00,2015-04-08,0.6304,0.0,0.0,1084.0,0.6304,0.6304,0.6304,10000023,2015-06-24,2015-06-24,C,2.3,2015-02-09
21335,2015-04-08 14:36:00,2015-04-08,0.6304,0.0,0.0,1084.0,0.6304,0.6304,0.6304,10000023,2015-06-24,2015-06-24,C,2.3,2015-02-09
21336,2015-04-08 14:37:00,2015-04-08,0.6304,0.0,0.0,1084.0,0.6304,0.6304,0.6304,10000023,2015-06-24,2015-06-24,C,2.3,2015-02-09
21337,2015-04-08 14:38:00,2015-04-08,0.6304,0.0,0.0,1084.0,0.6304,0.6304,0.6304,10000023,2015-06-24,2015-06-24,C,2.3,2015-02-09
21338,2015-04-08 14:39:00,2015-04-08,0.6304,0.0,0.0,1084.0,0.6304,0.6304,0.6304,10000023,2015-06-24,2015-06-24,C,2.3,2015-02-09
21339,2015-04-08 14:40:00,2015-04-08,0.6304,0.0,0.0,1084.0,0.6304,0.6304,0.6304,10000023,2015-06-24,2015-06-24,C,2.3,2015-02-09
21340,2015-04-08 14:41:00,2015-04-08,0.6304,0.0,0.0,1084.0,0.6304,0.6304,0.6304,10000023,2015-06-24,2015-06-24,C,2.3,2015-02-09
21341,2015-04-08 14:42:00,2015-04-08,0.6304,0.0,0.0,1084.0,0.6304,0.6304,0.6304,10000023,2015-06-24,2015-06-24,C,2.3,2015-02-09
21342,2015-04-08 14:43:00,2015-04-08,0.6304,0.0,0.0,1084.0,0.6304,0.6304,0.6304,10000023,2015-06-24,2015-06-24,C,2.3,2015-02-09
21343,2015-04-08 14:44:00,2015-04-08,0.6304,0.0,0.0,1084.0,0.6304,0.6304,0.6304,10000023,2015-06-24,2015-06-24,C,2.3,2015-02-09
21344,2015-04-08 14:45:00,2015-04-08,0.6304,0.0,0.0,1084.0,0.6304,0.6304,0.6304,10000023,2015-06-24,2015-06-24,C,2.3,2015-02-09
21345,2015-04-08 14:46:00,2015-04-08,0.6304,0.0,0.0,1084.0,0.6304,0.6304,0.6304,10000023,2015-06-24,2015-06-24,C,2.3,2015-02-09
21346,2015-04-08 14:47:00,2015-04-08,0.6304,0.0,0.0,1084.0,0.6304,0.6304,0.6304,10000023,2015-06-24,2015-06-24,C,2.3,2015-02-09
21347,2015-04-08 14:48:00,2015-04-08,0.6304,0.0,0.0,1084.0,0.6304,0.6304,0.6304,10000023,2015-06-24,2015-06-24,C,2.3,2015-02-09
21348,2015-04-08 14:49:00,2015-04-08,0.6304,0.0,0.0,1084.0,0.6304,0.6304,0.6304,10000023,2015-06-24,2015-06-24,C,2.3,2015-02-09
21349,2015-04-08 14:50:00,2015-04-08,0.6304,0.0,0.0,1084.0,0.6304,0.6304,0.6304,10000023,2015-06-24,2015-06-24,C,2.3,2015-02-09
21350,2015-04-08 14:51:00,2015-04-08,0.6304,0.0,0.0,1084.0,0.6304,0.6304,0.6304,10000023,2015-06-24,2015-06-24,C,2.3,2015-02-09
21351,2015-04-08 14:52:00,2015-04-08,0.6304,0.0,0.0,1084.0,0.6304,0.6304,0.6304,10000023,2015-06-24,2015-06-24,C,2.3,2015-02-09
21352,2015-04-08 14:53:00,2015-04-08,0.6304,0.0,0.0,1084.0,0.6304,0.6304,0.6304,10000023,2015-06-24,2015-06-24,C,2.3,2015-02-09
21353,2015-04-08 14:54:00,2015-04-08,0.6304,0.0,0.0,1084.0,0.6304,0.6304,0.6304,10000023,2015-06-24,2015-06-24,C,2.3,2015-02-09
21354,2015-04-08 14:55:00,2015-04-08,0.6304,0.0,0.0,1084.0,0.6304,0.6304,0.6304,10000023,2015-06-24,2015-06-24,C,2.3,2015-02-09
21355,2015-04-08 14:56:00,2015-04-08,0.6304,0.0,0.0,1084.0,0.6304,0.6304,0.6304,10000023,2015-06-24,2015-06-24,C,2.3,2015-02-09
21356,2015-04-08 14:57:00,2015-04-08,0.6304,0.0,0.0,1084.0,0.6304,0.6304,0.6304,10000023,2015-06-24,2015-06-24,C,2.3,2015-02-09
21357,2015-04-08 14:58:00,2015-04-08,0.6304,0.0,0.0,1084.0,0.6304,0.6304,0.6304,10000023,2015-06-24,2015-06-24,C,2.3,2015-02-09
21358,2015-04-08 14:59:00,2015-04-08,0.6304,0.0,0.0,1084.0,0.6304,0.6304,0.6304,10000023,2015-06-24,2015-06-24,C,2.3,2015-02-09
21359,2015-04-08 15:00:00,2015-04-08,0.6304,0.0,0.0,1084.0,0.6304,0.6304,0.6304,10000023,2015-06-24,2015-06-24,C,2.3,2015-02-09
21360,2015-04-08 09:31:00,2015-04-08,0.0009,90.0,10.0,1545.0,0.0009,0.0009,0.0009,10000020,2015-04-22,2015-04-22,P,2.4,2015-02-09
21361,2015-04-08 09:32:00,2015-04-08,0.0009,0.0,0.0,1545.0,0.0009,0.0009,0.0009,10000020,2015-04-22,2015-04-22,P,2.4,2015-02-09
21362,2015-04-08 09:33:00,2015-04-08,0.0011,55.0,5.0,1545.0,0.0011,0.0011,0.0011,10000020,2015-04-22,2015-04-22,P,2.4,2015-02-09
21363,2015-04-08 09:34:00,2015-04-08,0.0011,0.0,0.0,1545.0,0.0011,0.0011,0.0011,10000020,2015-04-22,2015-04-22,P,2.4,2015-02-09
21364,2015-04-08 09:35:00,2015-04-08,0.0011,0.0,0.0,1545.0,0.0011,0.0011,0.0011,10000020,2015-04-22,2015-04-22,P,2.4,2015-02-09
21365,2015-04-08 09:36:00,2015-04-08,0.0011,55.0,5.0,1550.0,0.0011,0.0011,0.0011,10000020,2015-04-22,2015-04-22,P,2.4,2015-02-09
21366,2015-04-08 09:37:00,2015-04-08,0.0012,60.0,5.0,1550.0,0.0012,0.0012,0.0012,10000020,2015-04-22,2015-04-22,P,2.4,2015-02-09
21367,2015-04-08 09:38:00,2015-04-08,0.0012,0.0,0.0,1550.0,0.0012,0.0012,0.0012,10000020,2015-04-22,2015-04-22,P,2.4,2015-02-09
21368,2015-04-08 09:39:00,2015-04-08,0.0012,0.0,0.0,1550.0,0.0012,0.0012,0.0012,10000020,2015-04-22,2015-04-22,P,2.4,2015-02-09
21369,2015-04-08 09:40:00,2015-04-08,0.0012,12.0,1.0,1550.0,0.0012,0.0012,0.0012,10000020,2015-04-22,2015-04-22,P,2.4,2015-02-09
21370,2015-04-08 09:41:00,2015-04-08,0.0012,0.0,0.0,1550.0,0.0012,0.0012,0.0012,10000020,2015-04-22,2015-04-22,P,2.4,2015-02-09
21371,2015-04-08 09:42:00,2015-04-08,0.0012,0.0,0.0,1550.0,0.0012,0.0012,0.0012,10000020,2015-04-22,2015-04-22,P,2.4,2015-02-09
21372,2015-04-08 09:43:00,2015-04-08,0.0012,0.0,0.0,1550.0,0.0012,0.0012,0.0012,10000020,2015-04-22,2015-04-22,P,2.4,2015-02-09
21373,2015-04-08 09:44:00,2015-04-08,0.0012,0.0,0.0,1550.0,0.0012,0.0012,0.0012,10000020,2015-04-22,2015-04-22,P,2.4,2015-02-09
21374,2015-04-08 09:45:00,2015-04-08,0.0012,0.0,0.0,1550.0,0.0012,0.0012,0.0012,10000020,2015-04-22,2015-04-22,P,2.4,2015-02-09
21375,2015-04-08 09:46:00,2015-04-08,0.0012,0.0,0.0,1550.0,0.0012,0.0012,0.0012,10000020,2015-04-22,2015-04-22,P,2.4,2015-02-09
21376,2015-04-08 09:47:00,2015-04-08,0.0012,0.0,0.0,1550.0,0.0012,0.0012,0.0012,10000020,2015-04-22,2015-04-22,P,2.4,2015-02-09
21377,2015-04-08 09:48:00,2015-04-08,0.0012,0.0,0.0,1550.0,0.0012,0.0012,0.0012,10000020,2015-04-22,2015-04-22,P,2.4,2015-02-09
21378,2015-04-08 09:49:00,2015-04-08,0.0012,0.0,0.0,1550.0,0.0012,0.0012,0.0012,10000020,2015-04-22,2015-04-22,P,2.4,2015-02-09
21379,2015-04-08 09:50:00,2015-04-08,0.0012,0.0,0.0,1550.0,0.0012,0.0012,0.0012,10000020,2015-04-22,2015-04-22,P,2.4,2015-02-09
21380,2015-04-08 09:51:00,2015-04-08,0.0012,0.0,0.0,1550.0,0.0012,0.0012,0.0012,10000020,2015-04-22,2015-04-22,P,2.4,2015-02-09
21381,2015-04-08 09:52:00,2015-04-08,0.0012,0.0,0.0,1550.0,0.0012,0.0012,0.0012,10000020,2015-04-22,2015-04-22,P,2.4,2015-02-09
21382,2015-04-08 09:53:00,2015-04-08,0.0012,0.0,0.0,1550.0,0.0012,0.0012,0.0012,10000020,2015-04-22,2015-04-22,P,2.4,2015-02-09
21383,2015-04-08 09:54:00,2015-04-08,0.0012,0.0,0.0,1550.0,0.0012,0.0012,0.0012,10000020,2015-04-22,2015-04-22,P,2.4,2015-02-09
21384,2015-04-08 09:55:00,2015-04-08,0.0012,0.0,0.0,1550.0,0.0012,0.0012,0.0012,10000020,2015-04-22,2015-04-22,P,2.4,2015-02-09
21385,2015-04-08 09:56:00,2015-04-08,0.0012,0.0,0.0,1550.0,0.0012,0.0012,0.0012,10000020,2015-04-22,2015-04-22,P,2.4,2015-02-09
21386,2015-04-08 09:57:00,2015-04-08,0.0012,0.0,0.0,1550.0,0.0012,0.0012,0.0012,10000020,2015-04-22,2015-04-22,P,2.4,2015-02-09
21387,2015-04-08 09:58:00,2015-04-08,0.0012,0.0,0.0,1550.0,0.0012,0.0012,0.0012,10000020,2015-04-22,2015-04-22,P,2.4,2015-02-09
21388,2015-04-08 09:59:00,2015-04-08,0.0012,0.0,0.0,1550.0,0.0012,0.0012,0.0012,10000020,2015-04-22,2015-04-22,P,2.4,2015-02-09
21389,2015-04-08 10:00:00,2015-04-08,0.0012,0.0,0.0,1550.0,0.0012,0.0012,0.0012,10000020,2015-04-22,2015-04-22,P,2.4,2015-02-09
21390,2015-04-08 10:01:00,2015-04-08,0.0012,0.0,0.0,1550.0,0.0012,0.0012,0.0012,10000020,2015-04-22,2015-04-22,P,2.4,2015-02-09
21391,2015-04-08 10:02:00,2015-04-08,0.0012,0.0,0.0,1550.0,0.0012,0.0012,0.0012,10000020,2015-04-22,2015-04-22,P,2.4,2015-02-09
21392,2015-04-08 10:03:00,2015-04-08,0.0012,0.0,0.0,1550.0,0.0012,0.0012,0.0012,10000020,2015-04-22,2015-04-22,P,2.4,2015-02-09
21393,2015-04-08 10:04:00,2015-04-08,0.0012,0.0,0.0,1550.0,0.0012,0.0012,0.0012,10000020,2015-04-22,2015-04-22,P,2.4,2015-02-09
21394,2015-04-08 10:05:00,2015-04-08,0.0012,0.0,0.0,1550.0,0.0012,0.0012,0.0012,10000020,2015-04-22,2015-04-22,P,2.4,2015-02-09
21395,2015-04-08 10:06:00,2015-04-08,0.0012,0.0,0.0,1550.0,0.0012,0.0012,0.0012,10000020,2015-04-22,2015-04-22,P,2.4,2015-02-09
21396,2015-04-08 10:07:00,2015-04-08,0.0006,48.0,8.0,1550.0,0.0006,0.0006,0.0006,10000020,2015-04-22,2015-04-22,P,2.4,2015-02-09
21397,2015-04-08 10:08:00,2015-04-08,0.0006,0.0,0.0,1550.0,0.0006,0.0006,0.0006,10000020,2015-04-22,2015-04-22,P,2.4,2015-02-09
21398,2015-04-08 10:09:00,2015-04-08,0.0006,0.0,0.0,1550.0,0.0006,0.0006,0.0006,10000020,2015-04-22,2015-04-22,P,2.4,2015-02-09
21399,2015-04-08 10:10:00,2015-04-08,0.0006,0.0,0.0,1550.0,0.0006,0.0006,0.0006,10000020,2015-04-22,2015-04-22,P,2.4,2015-02-09
21400,2015-04-08 10:11:00,2015-04-08,0.0006,0.0,0.0,1550.0,0.0006,0.0006,0.0006,10000020,2015-04-22,2015-04-22,P,2.4,2015-02-09
21401,2015-04-08 10:12:00,2015-04-08,0.0006,0.0,0.0,1550.0,0.0006,0.0006,0.0006,10000020,2015-04-22,2015-04-22,P,2.4,2015-02-09
21402,2015-04-08 10:13:00,2015-04-08,0.0006,0.0,0.0,1550.0,0.0006,0.0006,0.0006,10000020,2015-04-22,2015-04-22,P,2.4,2015-02-09
21403,2015-04-08 10:14:00,2015-04-08,0.0006,0.0,0.0,1550.0,0.0006,0.0006,0.0006,10000020,2015-04-22,2015-04-22,P,2.4,2015-02-09
21404,2015-04-08 10:15:00,2015-04-08,0.0006,0.0,0.0,1550.0,0.0006,0.0006,0.0006,10000020,2015-04-22,2015-04-22,P,2.4,2015-02-09
21405,2015-04-08 10:16:00,2015-04-08,0.0006,0.0,0.0,1550.0,0.0006,0.0006,0.0006,10000020,2015-04-22,2015-04-22,P,2.4,2015-02-09
21406,2015-04-08 10:17:00,2015-04-08,0.0011,55.0,5.0,1550.0,0.0011,0.0011,0.0011,10000020,2015-04-22,2015-04-22,P,2.4,2015-02-09
21407,2015-04-08 10:18:00,2015-04-08,0.0011,0.0,0.0,1550.0,0.0011,0.0011,0.0011,10000020,2015-04-22,2015-04-22,P,2.4,2015-02-09
21408,2015-04-08 10:19:00,2015-04-08,0.0011,55.0,5.0,1550.0,0.0011,0.0011,0.0011,10000020,2015-04-22,2015-04-22,P,2.4,2015-02-09
21409,2015-04-08 10:20:00,2015-04-08,0.0011,0.0,0.0,1550.0,0.0011,0.0011,0.0011,10000020,2015-04-22,2015-04-22,P,2.4,2015-02-09
21410,2015-04-08 10:21:00,2015-04-08,0.0011,0.0,0.0,1550.0,0.0011,0.0011,0.0011,10000020,2015-04-22,2015-04-22,P,2.4,2015-02-09
21411,2015-04-08 10:22:00,2015-04-08,0.0011,0.0,0.0,1550.0,0.0011,0.0011,0.0011,10000020,2015-04-22,2015-04-22,P,2.4,2015-02-09
21412,2015-04-08 10:23:00,2015-04-08,0.0011,0.0,0.0,1550.0,0.0011,0.0011,0.0011,10000020,2015-04-22,2015-04-22,P,2.4,2015-02-09
21413,2015-04-08 10:24:00,2015-04-08,0.0011,0.0,0.0,1550.0,0.0011,0.0011,0.0011,10000020,2015-04-22,2015-04-22,P,2.4,2015-02-09
21414,2015-04-08 10:25:00,2015-04-08,0.0011,0.0,0.0,1550.0,0.0011,0.0011,0.0011,10000020,2015-04-22,2015-04-22,P,2.4,2015-02-09
21415,2015-04-08 10:26:00,2015-04-08,0.0011,0.0,0.0,1550.0,0.0011,0.0011,0.0011,10000020,2015-04-22,2015-04-22,P,2.4,2015-02-09
21416,2015-04-08 10:27:00,2015-04-08,0.0011,0.0,0.0,1550.0,0.0011,0.0011,0.0011,10000020,2015-04-22,2015-04-22,P,2.4,2015-02-09
21417,2015-04-08 10:28:00,2015-04-08,0.0011,0.0,0.0,1550.0,0.0011,0.0011,0.0011,10000020,2015-04-22,2015-04-22,P,2.4,2015-02-09
21418,2015-04-08 10:29:00,2015-04-08,0.0011,0.0,0.0,1550.0,0.0011,0.0011,0.0011,10000020,2015-04-22,2015-04-22,P,2.4,2015-02-09
21419,2015-04-08 10:30:00,2015-04-08,0.0011,0.0,0.0,1550.0,0.0011,0.0011,0.0011,10000020,2015-04-22,2015-04-22,P,2.4,2015-02-09
21420,2015-04-08 10:31:00,2015-04-08,0.0011,0.0,0.0,1550.0,0.0011,0.0011,0.0011,10000020,2015-04-22,2015-04-22,P,2.4,2015-02-09
21421,2015-04-08 10:32:00,2015-04-08,0.0011,0.0,0.0,1550.0,0.0011,0.0011,0.0011,10000020,2015-04-22,2015-04-22,P,2.4,2015-02-09
21422,2015-04-08 10:33:00,2015-04-08,0.0008,92.0,12.0,1550.0,0.0008,0.0006,0.0006,10000020,2015-04-22,2015-04-22,P,2.4,2015-02-09
21423,2015-04-08 10:34:00,2015-04-08,0.0006,0.0,0.0,1550.0,0.0006,0.0006,0.0006,10000020,2015-04-22,2015-04-22,P,2.4,2015-02-09
21424,2015-04-08 10:35:00,2015-04-08,0.0006,0.0,0.0,1550.0,0.0006,0.0006,0.0006,10000020,2015-04-22,2015-04-22,P,2.4,2015-02-09
21425,2015-04-08 10:36:00,2015-04-08,0.0006,0.0,0.0,1550.0,0.0006,0.0006,0.0006,10000020,2015-04-22,2015-04-22,P,2.4,2015-02-09
21426,2015-04-08 10:37:00,2015-04-08,0.0006,0.0,0.0,1550.0,0.0006,0.0006,0.0006,10000020,2015-04-22,2015-04-22,P,2.4,2015-02-09
21427,2015-04-08 10:38:00,2015-04-08,0.0006,0.0,0.0,1550.0,0.0006,0.0006,0.0006,10000020,2015-04-22,2015-04-22,P,2.4,2015-02-09
21428,2015-04-08 10:39:00,2015-04-08,0.0006,0.0,0.0,1550.0,0.0006,0.0006,0.0006,10000020,2015-04-22,2015-04-22,P,2.4,2015-02-09
21429,2015-04-08 10:40:00,2015-04-08,0.0006,0.0,0.0,1550.0,0.0006,0.0006,0.0006,10000020,2015-04-22,2015-04-22,P,2.4,2015-02-09
21430,2015-04-08 10:41:00,2015-04-08,0.0006,0.0,0.0,1550.0,0.0006,0.0006,0.0006,10000020,2015-04-22,2015-04-22,P,2.4,2015-02-09
21431,2015-04-08 10:42:00,2015-04-08,0.0006,0.0,0.0,1550.0,0.0006,0.0006,0.0006,10000020,2015-04-22,2015-04-22,P,2.4,2015-02-09
21432,2015-04-08 10:43:00,2015-04-08,0.0006,0.0,0.0,1550.0,0.0006,0.0006,0.0006,10000020,2015-04-22,2015-04-22,P,2.4,2015-02-09
21433,2015-04-08 10:44:00,2015-04-08,0.0006,0.0,0.0,1550.0,0.0006,0.0006,0.0006,10000020,2015-04-22,2015-04-22,P,2.4,2015-02-09
21434,2015-04-08 10:45:00,2015-04-08,0.0006,0.0,0.0,1550.0,0.0006,0.0006,0.0006,10000020,2015-04-22,2015-04-22,P,2.4,2015-02-09
21435,2015-04-08 10:46:00,2015-04-08,0.0006,0.0,0.0,1550.0,0.0006,0.0006,0.0006,10000020,2015-04-22,2015-04-22,P,2.4,2015-02-09
21436,2015-04-08 10:47:00,2015-04-08,0.0006,0.0,0.0,1550.0,0.0006,0.0006,0.0006,10000020,2015-04-22,2015-04-22,P,2.4,2015-02-09
21437,2015-04-08 10:48:00,2015-04-08,0.0005,5.0,1.0,1550.0,0.0005,0.0005,0.0005,10000020,2015-04-22,2015-04-22,P,2.4,2015-02-09
21438,2015-04-08 10:49:00,2015-04-08,0.0005,0.0,0.0,1550.0,0.0005,0.0005,0.0005,10000020,2015-04-22,2015-04-22,P,2.4,2015-02-09
21439,2015-04-08 10:50:00,2015-04-08,0.0005,0.0,0.0,1550.0,0.0005,0.0005,0.0005,10000020,2015-04-22,2015-04-22,P,2.4,2015-02-09
21440,2015-04-08 10:51:00,2015-04-08,0.0008,24.0,3.0,1553.0,0.0008,0.0008,0.0008,10000020,2015-04-22,2015-04-22,P,2.4,2015-02-09
21441,2015-04-08 10:52:00,2015-04-08,0.0008,0.0,0.0,1553.0,0.0008,0.0008,0.0008,10000020,2015-04-22,2015-04-22,P,2.4,2015-02-09
21442,2015-04-08 10:53:00,2015-04-08,0.0008,0.0,0.0,1553.0,0.0008,0.0008,0.0008,10000020,2015-04-22,2015-04-22,P,2.4,2015-02-09
21443,2015-04-08 10:54:00,2015-04-08,0.0008,0.0,0.0,1553.0,0.0008,0.0008,0.0008,10000020,2015-04-22,2015-04-22,P,2.4,2015-02-09
21444,2015-04-08 10:55:00,2015-04-08,0.0008,0.0,0.0,1553.0,0.0008,0.0008,0.0008,10000020,2015-04-22,2015-04-22,P,2.4,2015-02-09
21445,2015-04-08 10:56:00,2015-04-08,0.0008,0.0,0.0,1553.0,0.0008,0.0008,0.0008,10000020,2015-04-22,2015-04-22,P,2.4,2015-02-09
21446,2015-04-08 10:57:00,2015-04-08,0.0008,0.0,0.0,1553.0,0.0008,0.0008,0.0008,10000020,2015-04-22,2015-04-22,P,2.4,2015-02-09
21447,2015-04-08 10:58:00,2015-04-08,0.0008,8.0,1.0,1553.0,0.0008,0.0008,0.0008,10000020,2015-04-22,2015-04-22,P,2.4,2015-02-09
21448,2015-04-08 10:59:00,2015-04-08,0.0008,0.0,0.0,1553.0,0.0008,0.0008,0.0008,10000020,2015-04-22,2015-04-22,P,2.4,2015-02-09
21449,2015-04-08 11:00:00,2015-04-08,0.0008,0.0,0.0,1553.0,0.0008,0.0008,0.0008,10000020,2015-04-22,2015-04-22,P,2.4,2015-02-09
21450,2015-04-08 11:01:00,2015-04-08,0.0008,0.0,0.0,1553.0,0.0008,0.0008,0.0008,10000020,2015-04-22,2015-04-22,P,2.4,2015-02-09
21451,2015-04-08 11:02:00,2015-04-08,0.0008,0.0,0.0,1553.0,0.0008,0.0008,0.0008,10000020,2015-04-22,2015-04-22,P,2.4,2015-02-09
21452,2015-04-08 11:03:00,2015-04-08,0.0008,0.0,0.0,1553.0,0.0008,0.0008,0.0008,10000020,2015-04-22,2015-04-22,P,2.4,2015-02-09
21453,2015-04-08 11:04:00,2015-04-08,0.0008,0.0,0.0,1553.0,0.0008,0.0008,0.0008,10000020,2015-04-22,2015-04-22,P,2.4,2015-02-09
21454,2015-04-08 11:05:00,2015-04-08,0.0008,0.0,0.0,1553.0,0.0008,0.0008,0.0008,10000020,2015-04-22,2015-04-22,P,2.4,2015-02-09
21455,2015-04-08 11:06:00,2015-04-08,0.0008,0.0,0.0,1553.0,0.0008,0.0008,0.0008,10000020,2015-04-22,2015-04-22,P,2.4,2015-02-09
21456,2015-04-08 11:07:00,2015-04-08,0.0008,0.0,0.0,1553.0,0.0008,0.0008,0.0008,10000020,2015-04-22,2015-04-22,P,2.4,2015-02-09
21457,2015-04-08 11:08:00,2015-04-08,0.0008,0.0,0.0,1553.0,0.0008,0.0008,0.0008,10000020,2015-04-22,2015-04-22,P,2.4,2015-02-09
21458,2015-04-08 11:09:00,2015-04-08,0.0008,21.0,3.0,1555.0,0.0008,0.0006,0.0006,10000020,2015-04-22,2015-04-22,P,2.4,2015-02-09
21459,2015-04-08 11:10:00,2015-04-08,0.0006,48.0,8.0,1563.0,0.0006,0.0006,0.0006,10000020,2015-04-22,2015-04-22,P,2.4,2015-02-09
21460,2015-04-08 11:11:00,2015-04-08,0.0006,0.0,0.0,1563.0,0.0006,0.0006,0.0006,10000020,2015-04-22,2015-04-22,P,2.4,2015-02-09
21461,2015-04-08 11:12:00,2015-04-08,0.0006,0.0,0.0,1563.0,0.0006,0.0006,0.0006,10000020,2015-04-22,2015-04-22,P,2.4,2015-02-09
21462,2015-04-08 11:13:00,2015-04-08,0.0006,0.0,0.0,1563.0,0.0006,0.0006,0.0006,10000020,2015-04-22,2015-04-22,P,2.4,2015-02-09
21463,2015-04-08 11:14:00,2015-04-08,0.0006,0.0,0.0,1563.0,0.0006,0.0006,0.0006,10000020,2015-04-22,2015-04-22,P,2.4,2015-02-09
21464,2015-04-08 11:15:00,2015-04-08,0.0006,0.0,0.0,1563.0,0.0006,0.0006,0.0006,10000020,2015-04-22,2015-04-22,P,2.4,2015-02-09
21465,2015-04-08 11:16:00,2015-04-08,0.0006,0.0,0.0,1563.0,0.0006,0.0006,0.0006,10000020,2015-04-22,2015-04-22,P,2.4,2015-02-09
21466,2015-04-08 11:17:00,2015-04-08,0.0006,0.0,0.0,1563.0,0.0006,0.0006,0.0006,10000020,2015-04-22,2015-04-22,P,2.4,2015-02-09
21467,2015-04-08 11:18:00,2015-04-08,0.0006,0.0,0.0,1563.0,0.0006,0.0006,0.0006,10000020,2015-04-22,2015-04-22,P,2.4,2015-02-09
21468,2015-04-08 11:19:00,2015-04-08,0.0006,0.0,0.0,1563.0,0.0006,0.0006,0.0006,10000020,2015-04-22,2015-04-22,P,2.4,2015-02-09
21469,2015-04-08 11:20:00,2015-04-08,0.0006,0.0,0.0,1563.0,0.0006,0.0006,0.0006,10000020,2015-04-22,2015-04-22,P,2.4,2015-02-09
21470,2015-04-08 11:21:00,2015-04-08,0.0006,0.0,0.0,1563.0,0.0006,0.0006,0.0006,10000020,2015-04-22,2015-04-22,P,2.4,2015-02-09
21471,2015-04-08 11:22:00,2015-04-08,0.0006,0.0,0.0,1563.0,0.0006,0.0006,0.0006,10000020,2015-04-22,2015-04-22,P,2.4,2015-02-09
21472,2015-04-08 11:23:00,2015-04-08,0.0006,0.0,0.0,1563.0,0.0006,0.0006,0.0006,10000020,2015-04-22,2015-04-22,P,2.4,2015-02-09
21473,2015-04-08 11:24:00,2015-04-08,0.0006,0.0,0.0,1563.0,0.0006,0.0006,0.0006,10000020,2015-04-22,2015-04-22,P,2.4,2015-02-09
21474,2015-04-08 11:25:00,2015-04-08,0.0006,0.0,0.0,1563.0,0.0006,0.0006,0.0006,10000020,2015-04-22,2015-04-22,P,2.4,2015-02-09
21475,2015-04-08 11:26:00,2015-04-08,0.0006,0.0,0.0,1563.0,0.0006,0.0006,0.0006,10000020,2015-04-22,2015-04-22,P,2.4,2015-02-09
21476,2015-04-08 11:27:00,2015-04-08,0.0006,0.0,0.0,1563.0,0.0006,0.0006,0.0006,10000020,2015-04-22,2015-04-22,P,2.4,2015-02-09
21477,2015-04-08 11:28:00,2015-04-08,0.0006,0.0,0.0,1563.0,0.0006,0.0006,0.0006,10000020,2015-04-22,2015-04-22,P,2.4,2015-02-09
21478,2015-04-08 11:29:00,2015-04-08,0.0006,0.0,0.0,1563.0,0.0006,0.0006,0.0006,10000020,2015-04-22,2015-04-22,P,2.4,2015-02-09
21479,2015-04-08 11:30:00,2015-04-08,0.0006,0.0,0.0,1563.0,0.0006,0.0006,0.0006,10000020,2015-04-22,2015-04-22,P,2.4,2015-02-09
21480,2015-04-08 13:01:00,2015-04-08,0.0009,18.0,2.0,1565.0,0.0009,0.0009,0.0009,10000020,2015-04-22,2015-04-22,P,2.4,2015-02-09
21481,2015-04-08 13:02:00,2015-04-08,0.0009,0.0,0.0,1565.0,0.0009,0.0009,0.0009,10000020,2015-04-22,2015-04-22,P,2.4,2015-02-09
21482,2015-04-08 13:03:00,2015-04-08,0.0009,0.0,0.0,1565.0,0.0009,0.0009,0.0009,10000020,2015-04-22,2015-04-22,P,2.4,2015-02-09
21483,2015-04-08 13:04:00,2015-04-08,0.0009,0.0,0.0,1565.0,0.0009,0.0009,0.0009,10000020,2015-04-22,2015-04-22,P,2.4,2015-02-09
21484,2015-04-08 13:05:00,2015-04-08,0.0009,0.0,0.0,1565.0,0.0009,0.0009,0.0009,10000020,2015-04-22,2015-04-22,P,2.4,2015-02-09
21485,2015-04-08 13:06:00,2015-04-08,0.0009,0.0,0.0,1565.0,0.0009,0.0009,0.0009,10000020,2015-04-22,2015-04-22,P,2.4,2015-02-09
21486,2015-04-08 13:07:00,2015-04-08,0.0009,0.0,0.0,1565.0,0.0009,0.0009,0.0009,10000020,2015-04-22,2015-04-22,P,2.4,2015-02-09
21487,2015-04-08 13:08:00,2015-04-08,0.0009,0.0,0.0,1565.0,0.0009,0.0009,0.0009,10000020,2015-04-22,2015-04-22,P,2.4,2015-02-09
21488,2015-04-08 13:09:00,2015-04-08,0.0009,0.0,0.0,1565.0,0.0009,0.0009,0.0009,10000020,2015-04-22,2015-04-22,P,2.4,2015-02-09
21489,2015-04-08 13:10:00,2015-04-08,0.0009,0.0,0.0,1565.0,0.0009,0.0009,0.0009,10000020,2015-04-22,2015-04-22,P,2.4,2015-02-09
21490,2015-04-08 13:11:00,2015-04-08,0.0009,0.0,0.0,1565.0,0.0009,0.0009,0.0009,10000020,2015-04-22,2015-04-22,P,2.4,2015-02-09
21491,2015-04-08 13:12:00,2015-04-08,0.0009,0.0,0.0,1565.0,0.0009,0.0009,0.0009,10000020,2015-04-22,2015-04-22,P,2.4,2015-02-09
21492,2015-04-08 13:13:00,2015-04-08,0.0009,0.0,0.0,1565.0,0.0009,0.0009,0.0009,10000020,2015-04-22,2015-04-22,P,2.4,2015-02-09
21493,2015-04-08 13:14:00,2015-04-08,0.0009,0.0,0.0,1565.0,0.0009,0.0009,0.0009,10000020,2015-04-22,2015-04-22,P,2.4,2015-02-09
21494,2015-04-08 13:15:00,2015-04-08,0.0009,0.0,0.0,1565.0,0.0009,0.0009,0.0009,10000020,2015-04-22,2015-04-22,P,2.4,2015-02-09
21495,2015-04-08 13:16:00,2015-04-08,0.0009,0.0,0.0,1565.0,0.0009,0.0009,0.0009,10000020,2015-04-22,2015-04-22,P,2.4,2015-02-09
21496,2015-04-08 13:17:00,2015-04-08,0.0009,0.0,0.0,1565.0,0.0009,0.0009,0.0009,10000020,2015-04-22,2015-04-22,P,2.4,2015-02-09
21497,2015-04-08 13:18:00,2015-04-08,0.0009,0.0,0.0,1565.0,0.0009,0.0009,0.0009,10000020,2015-04-22,2015-04-22,P,2.4,2015-02-09
21498,2015-04-08 13:19:00,2015-04-08,0.0009,0.0,0.0,1565.0,0.0009,0.0009,0.0009,10000020,2015-04-22,2015-04-22,P,2.4,2015-02-09
21499,2015-04-08 13:20:00,2015-04-08,0.0009,0.0,0.0,1565.0,0.0009,0.0009,0.0009,10000020,2015-04-22,2015-04-22,P,2.4,2015-02-09
21500,2015-04-08 13:21:00,2015-04-08,0.0009,0.0,0.0,1565.0,0.0009,0.0009,0.0009,10000020,2015-04-22,2015-04-22,P,2.4,2015-02-09
21501,2015-04-08 13:22:00,2015-04-08,0.0009,0.0,0.0,1565.0,0.0009,0.0009,0.0009,10000020,2015-04-22,2015-04-22,P,2.4,2015-02-09
21502,2015-04-08 13:23:00,2015-04-08,0.0009,0.0,0.0,1565.0,0.0009,0.0009,0.0009,10000020,2015-04-22,2015-04-22,P,2.4,2015-02-09
21503,2015-04-08 13:24:00,2015-04-08,0.0009,0.0,0.0,1565.0,0.0009,0.0009,0.0009,10000020,2015-04-22,2015-04-22,P,2.4,2015-02-09
21504,2015-04-08 13:25:00,2015-04-08,0.0009,0.0,0.0,1565.0,0.0009,0.0009,0.0009,10000020,2015-04-22,2015-04-22,P,2.4,2015-02-09
21505,2015-04-08 13:26:00,2015-04-08,0.0009,0.0,0.0,1565.0,0.0009,0.0009,0.0009,10000020,2015-04-22,2015-04-22,P,2.4,2015-02-09
21506,2015-04-08 13:27:00,2015-04-08,0.0009,0.0,0.0,1565.0,0.0009,0.0009,0.0009,10000020,2015-04-22,2015-04-22,P,2.4,2015-02-09
21507,2015-04-08 13:28:00,2015-04-08,0.0009,0.0,0.0,1565.0,0.0009,0.0009,0.0009,10000020,2015-04-22,2015-04-22,P,2.4,2015-02-09
21508,2015-04-08 13:29:00,2015-04-08,0.0009,0.0,0.0,1565.0,0.0009,0.0009,0.0009,10000020,2015-04-22,2015-04-22,P,2.4,2015-02-09
21509,2015-04-08 13:30:00,2015-04-08,0.0009,0.0,0.0,1565.0,0.0009,0.0009,0.0009,10000020,2015-04-22,2015-04-22,P,2.4,2015-02-09
21510,2015-04-08 13:31:00,2015-04-08,0.0009,0.0,0.0,1565.0,0.0009,0.0009,0.0009,10000020,2015-04-22,2015-04-22,P,2.4,2015-02-09
21511,2015-04-08 13:32:00,2015-04-08,0.0009,9.0,1.0,1565.0,0.0009,0.0009,0.0009,10000020,2015-04-22,2015-04-22,P,2.4,2015-02-09
21512,2015-04-08 13:33:00,2015-04-08,0.0009,0.0,0.0,1565.0,0.0009,0.0009,0.0009,10000020,2015-04-22,2015-04-22,P,2.4,2015-02-09
21513,2015-04-08 13:34:00,2015-04-08,0.0009,0.0,0.0,1565.0,0.0009,0.0009,0.0009,10000020,2015-04-22,2015-04-22,P,2.4,2015-02-09
21514,2015-04-08 13:35:00,2015-04-08,0.0009,0.0,0.0,1565.0,0.0009,0.0009,0.0009,10000020,2015-04-22,2015-04-22,P,2.4,2015-02-09
21515,2015-04-08 13:36:00,2015-04-08,0.0009,0.0,0.0,1565.0,0.0009,0.0009,0.0009,10000020,2015-04-22,2015-04-22,P,2.4,2015-02-09
21516,2015-04-08 13:37:00,2015-04-08,0.0009,0.0,0.0,1565.0,0.0009,0.0009,0.0009,10000020,2015-04-22,2015-04-22,P,2.4,2015-02-09
21517,2015-04-08 13:38:00,2015-04-08,0.0009,0.0,0.0,1565.0,0.0009,0.0009,0.0009,10000020,2015-04-22,2015-04-22,P,2.4,2015-02-09
21518,2015-04-08 13:39:00,2015-04-08,0.0009,0.0,0.0,1565.0,0.0009,0.0009,0.0009,10000020,2015-04-22,2015-04-22,P,2.4,2015-02-09
21519,2015-04-08 13:40:00,2015-04-08,0.0009,0.0,0.0,1565.0,0.0009,0.0009,0.0009,10000020,2015-04-22,2015-04-22,P,2.4,2015-02-09
21520,2015-04-08 13:41:00,2015-04-08,0.0009,0.0,0.0,1565.0,0.0009,0.0009,0.0009,10000020,2015-04-22,2015-04-22,P,2.4,2015-02-09
21521,2015-04-08 13:42:00,2015-04-08,0.0009,0.0,0.0,1565.0,0.0009,0.0009,0.0009,10000020,2015-04-22,2015-04-22,P,2.4,2015-02-09
21522,2015-04-08 13:43:00,2015-04-08,0.0009,0.0,0.0,1565.0,0.0009,0.0009,0.0009,10000020,2015-04-22,2015-04-22,P,2.4,2015-02-09
21523,2015-04-08 13:44:00,2015-04-08,0.0009,0.0,0.0,1565.0,0.0009,0.0009,0.0009,10000020,2015-04-22,2015-04-22,P,2.4,2015-02-09
21524,2015-04-08 13:45:00,2015-04-08,0.0009,0.0,0.0,1565.0,0.0009,0.0009,0.0009,10000020,2015-04-22,2015-04-22,P,2.4,2015-02-09
21525,2015-04-08 13:46:00,2015-04-08,0.0009,0.0,0.0,1565.0,0.0009,0.0009,0.0009,10000020,2015-04-22,2015-04-22,P,2.4,2015-02-09
21526,2015-04-08 13:47:00,2015-04-08,0.0009,0.0,0.0,1565.0,0.0009,0.0009,0.0009,10000020,2015-04-22,2015-04-22,P,2.4,2015-02-09
21527,2015-04-08 13:48:00,2015-04-08,0.0009,0.0,0.0,1565.0,0.0009,0.0009,0.0009,10000020,2015-04-22,2015-04-22,P,2.4,2015-02-09
21528,2015-04-08 13:49:00,2015-04-08,0.0009,0.0,0.0,1565.0,0.0009,0.0009,0.0009,10000020,2015-04-22,2015-04-22,P,2.4,2015-02-09
21529,2015-04-08 13:50:00,2015-04-08,0.0009,0.0,0.0,1565.0,0.0009,0.0009,0.0009,10000020,2015-04-22,2015-04-22,P,2.4,2015-02-09
21530,2015-04-08 13:51:00,2015-04-08,0.0009,0.0,0.0,1565.0,0.0009,0.0009,0.0009,10000020,2015-04-22,2015-04-22,P,2.4,2015-02-09
21531,2015-04-08 13:52:00,2015-04-08,0.0009,0.0,0.0,1565.0,0.0009,0.0009,0.0009,10000020,2015-04-22,2015-04-22,P,2.4,2015-02-09
21532,2015-04-08 13:53:00,2015-04-08,0.0009,0.0,0.0,1565.0,0.0009,0.0009,0.0009,10000020,2015-04-22,2015-04-22,P,2.4,2015-02-09
21533,2015-04-08 13:54:00,2015-04-08,0.0009,0.0,0.0,1565.0,0.0009,0.0009,0.0009,10000020,2015-04-22,2015-04-22,P,2.4,2015-02-09
21534,2015-04-08 13:55:00,2015-04-08,0.0009,0.0,0.0,1565.0,0.0009,0.0009,0.0009,10000020,2015-04-22,2015-04-22,P,2.4,2015-02-09
21535,2015-04-08 13:56:00,2015-04-08,0.0009,0.0,0.0,1565.0,0.0009,0.0009,0.0009,10000020,2015-04-22,2015-04-22,P,2.4,2015-02-09
21536,2015-04-08 13:57:00,2015-04-08,0.0009,0.0,0.0,1565.0,0.0009,0.0009,0.0009,10000020,2015-04-22,2015-04-22,P,2.4,2015-02-09
21537,2015-04-08 13:58:00,2015-04-08,0.0009,0.0,0.0,1565.0,0.0009,0.0009,0.0009,10000020,2015-04-22,2015-04-22,P,2.4,2015-02-09
21538,2015-04-08 13:59:00,2015-04-08,0.0009,0.0,0.0,1565.0,0.0009,0.0009,0.0009,10000020,2015-04-22,2015-04-22,P,2.4,2015-02-09
21539,2015-04-08 14:00:00,2015-04-08,0.0009,0.0,0.0,1565.0,0.0009,0.0009,0.0009,10000020,2015-04-22,2015-04-22,P,2.4,2015-02-09
21540,2015-04-08 14:01:00,2015-04-08,0.0009,0.0,0.0,1565.0,0.0009,0.0009,0.0009,10000020,2015-04-22,2015-04-22,P,2.4,2015-02-09
21541,2015-04-08 14:02:00,2015-04-08,0.0009,0.0,0.0,1565.0,0.0009,0.0009,0.0009,10000020,2015-04-22,2015-04-22,P,2.4,2015-02-09
21542,2015-04-08 14:03:00,2015-04-08,0.0009,0.0,0.0,1565.0,0.0009,0.0009,0.0009,10000020,2015-04-22,2015-04-22,P,2.4,2015-02-09
21543,2015-04-08 14:04:00,2015-04-08,0.0009,0.0,0.0,1565.0,0.0009,0.0009,0.0009,10000020,2015-04-22,2015-04-22,P,2.4,2015-02-09
21544,2015-04-08 14:05:00,2015-04-08,0.0009,0.0,0.0,1565.0,0.0009,0.0009,0.0009,10000020,2015-04-22,2015-04-22,P,2.4,2015-02-09
21545,2015-04-08 14:06:00,2015-04-08,0.0009,0.0,0.0,1565.0,0.0009,0.0009,0.0009,10000020,2015-04-22,2015-04-22,P,2.4,2015-02-09
21546,2015-04-08 14:07:00,2015-04-08,0.0009,0.0,0.0,1565.0,0.0009,0.0009,0.0009,10000020,2015-04-22,2015-04-22,P,2.4,2015-02-09
21547,2015-04-08 14:08:00,2015-04-08,0.0009,0.0,0.0,1565.0,0.0009,0.0009,0.0009,10000020,2015-04-22,2015-04-22,P,2.4,2015-02-09
21548,2015-04-08 14:09:00,2015-04-08,0.0009,0.0,0.0,1565.0,0.0009,0.0009,0.0009,10000020,2015-04-22,2015-04-22,P,2.4,2015-02-09
21549,2015-04-08 14:10:00,2015-04-08,0.0009,0.0,0.0,1565.0,0.0009,0.0009,0.0009,10000020,2015-04-22,2015-04-22,P,2.4,2015-02-09
21550,2015-04-08 14:11:00,2015-04-08,0.0009,0.0,0.0,1565.0,0.0009,0.0009,0.0009,10000020,2015-04-22,2015-04-22,P,2.4,2015-02-09
21551,2015-04-08 14:12:00,2015-04-08,0.0009,0.0,0.0,1565.0,0.0009,0.0009,0.0009,10000020,2015-04-22,2015-04-22,P,2.4,2015-02-09
21552,2015-04-08 14:13:00,2015-04-08,0.0009,0.0,0.0,1565.0,0.0009,0.0009,0.0009,10000020,2015-04-22,2015-04-22,P,2.4,2015-02-09
21553,2015-04-08 14:14:00,2015-04-08,0.0009,0.0,0.0,1565.0,0.0009,0.0009,0.0009,10000020,2015-04-22,2015-04-22,P,2.4,2015-02-09
21554,2015-04-08 14:15:00,2015-04-08,0.0009,0.0,0.0,1565.0,0.0009,0.0009,0.0009,10000020,2015-04-22,2015-04-22,P,2.4,2015-02-09
21555,2015-04-08 14:16:00,2015-04-08,0.0009,0.0,0.0,1565.0,0.0009,0.0009,0.0009,10000020,2015-04-22,2015-04-22,P,2.4,2015-02-09
21556,2015-04-08 14:17:00,2015-04-08,0.0009,0.0,0.0,1565.0,0.0009,0.0009,0.0009,10000020,2015-04-22,2015-04-22,P,2.4,2015-02-09
21557,2015-04-08 14:18:00,2015-04-08,0.0009,0.0,0.0,1565.0,0.0009,0.0009,0.0009,10000020,2015-04-22,2015-04-22,P,2.4,2015-02-09
21558,2015-04-08 14:19:00,2015-04-08,0.0009,0.0,0.0,1565.0,0.0009,0.0009,0.0009,10000020,2015-04-22,2015-04-22,P,2.4,2015-02-09
21559,2015-04-08 14:20:00,2015-04-08,0.0009,0.0,0.0,1565.0,0.0009,0.0009,0.0009,10000020,2015-04-22,2015-04-22,P,2.4,2015-02-09
21560,2015-04-08 14:21:00,2015-04-08,0.0009,0.0,0.0,1565.0,0.0009,0.0009,0.0009,10000020,2015-04-22,2015-04-22,P,2.4,2015-02-09
21561,2015-04-08 14:22:00,2015-04-08,0.0009,0.0,0.0,1565.0,0.0009,0.0009,0.0009,10000020,2015-04-22,2015-04-22,P,2.4,2015-02-09
21562,2015-04-08 14:23:00,2015-04-08,0.0009,0.0,0.0,1565.0,0.0009,0.0009,0.0009,10000020,2015-04-22,2015-04-22,P,2.4,2015-02-09
21563,2015-04-08 14:24:00,2015-04-08,0.0009,0.0,0.0,1565.0,0.0009,0.0009,0.0009,10000020,2015-04-22,2015-04-22,P,2.4,2015-02-09
21564,2015-04-08 14:25:00,2015-04-08,0.0009,0.0,0.0,1565.0,0.0009,0.0009,0.0009,10000020,2015-04-22,2015-04-22,P,2.4,2015-02-09
21565,2015-04-08 14:26:00,2015-04-08,0.0009,0.0,0.0,1565.0,0.0009,0.0009,0.0009,10000020,2015-04-22,2015-04-22,P,2.4,2015-02-09
21566,2015-04-08 14:27:00,2015-04-08,0.0009,0.0,0.0,1565.0,0.0009,0.0009,0.0009,10000020,2015-04-22,2015-04-22,P,2.4,2015-02-09
21567,2015-04-08 14:28:00,2015-04-08,0.0009,0.0,0.0,1565.0,0.0009,0.0009,0.0009,10000020,2015-04-22,2015-04-22,P,2.4,2015-02-09
21568,2015-04-08 14:29:00,2015-04-08,0.0009,45.0,5.0,1565.0,0.0009,0.0009,0.0009,10000020,2015-04-22,2015-04-22,P,2.4,2015-02-09
21569,2015-04-08 14:30:00,2015-04-08,0.0009,0.0,0.0,1565.0,0.0009,0.0009,0.0009,10000020,2015-04-22,2015-04-22,P,2.4,2015-02-09
21570,2015-04-08 14:31:00,2015-04-08,0.0009,0.0,0.0,1565.0,0.0009,0.0009,0.0009,10000020,2015-04-22,2015-04-22,P,2.4,2015-02-09
21571,2015-04-08 14:32:00,2015-04-08,0.0009,0.0,0.0,1565.0,0.0009,0.0009,0.0009,10000020,2015-04-22,2015-04-22,P,2.4,2015-02-09
21572,2015-04-08 14:33:00,2015-04-08,0.0009,0.0,0.0,1565.0,0.0009,0.0009,0.0009,10000020,2015-04-22,2015-04-22,P,2.4,2015-02-09
21573,2015-04-08 14:34:00,2015-04-08,0.0009,0.0,0.0,1565.0,0.0009,0.0009,0.0009,10000020,2015-04-22,2015-04-22,P,2.4,2015-02-09
21574,2015-04-08 14:35:00,2015-04-08,0.0009,0.0,0.0,1565.0,0.0009,0.0009,0.0009,10000020,2015-04-22,2015-04-22,P,2.4,2015-02-09
21575,2015-04-08 14:36:00,2015-04-08,0.0009,0.0,0.0,1565.0,0.0009,0.0009,0.0009,10000020,2015-04-22,2015-04-22,P,2.4,2015-02-09
21576,2015-04-08 14:37:00,2015-04-08,0.0009,0.0,0.0,1565.0,0.0009,0.0009,0.0009,10000020,2015-04-22,2015-04-22,P,2.4,2015-02-09
21577,2015-04-08 14:38:00,2015-04-08,0.0009,0.0,0.0,1565.0,0.0009,0.0009,0.0009,10000020,2015-04-22,2015-04-22,P,2.4,2015-02-09
21578,2015-04-08 14:39:00,2015-04-08,0.0005,5.0,1.0,1565.0,0.0005,0.0005,0.0005,10000020,2015-04-22,2015-04-22,P,2.4,2015-02-09
21579,2015-04-08 14:40:00,2015-04-08,0.0005,0.0,0.0,1565.0,0.0005,0.0005,0.0005,10000020,2015-04-22,2015-04-22,P,2.4,2015-02-09
21580,2015-04-08 14:41:00,2015-04-08,0.0005,0.0,0.0,1565.0,0.0005,0.0005,0.0005,10000020,2015-04-22,2015-04-22,P,2.4,2015-02-09
21581,2015-04-08 14:42:00,2015-04-08,0.0005,0.0,0.0,1565.0,0.0005,0.0005,0.0005,10000020,2015-04-22,2015-04-22,P,2.4,2015-02-09
21582,2015-04-08 14:43:00,2015-04-08,0.0005,0.0,0.0,1565.0,0.0005,0.0005,0.0005,10000020,2015-04-22,2015-04-22,P,2.4,2015-02-09
21583,2015-04-08 14:44:00,2015-04-08,0.0005,0.0,0.0,1565.0,0.0005,0.0005,0.0005,10000020,2015-04-22,2015-04-22,P,2.4,2015-02-09
21584,2015-04-08 14:45:00,2015-04-08,0.0005,0.0,0.0,1565.0,0.0005,0.0005,0.0005,10000020,2015-04-22,2015-04-22,P,2.4,2015-02-09
21585,2015-04-08 14:46:00,2015-04-08,0.0005,0.0,0.0,1565.0,0.0005,0.0005,0.0005,10000020,2015-04-22,2015-04-22,P,2.4,2015-02-09
21586,2015-04-08 14:47:00,2015-04-08,0.0005,0.0,0.0,1565.0,0.0005,0.0005,0.0005,10000020,2015-04-22,2015-04-22,P,2.4,2015-02-09
21587,2015-04-08 14:48:00,2015-04-08,0.0005,0.0,0.0,1565.0,0.0005,0.0005,0.0005,10000020,2015-04-22,2015-04-22,P,2.4,2015-02-09
21588,2015-04-08 14:49:00,2015-04-08,0.0005,0.0,0.0,1565.0,0.0005,0.0005,0.0005,10000020,2015-04-22,2015-04-22,P,2.4,2015-02-09
21589,2015-04-08 14:50:00,2015-04-08,0.0005,0.0,0.0,1565.0,0.0005,0.0005,0.0005,10000020,2015-04-22,2015-04-22,P,2.4,2015-02-09
21590,2015-04-08 14:51:00,2015-04-08,0.0005,0.0,0.0,1565.0,0.0005,0.0005,0.0005,10000020,2015-04-22,2015-04-22,P,2.4,2015-02-09
21591,2015-04-08 14:52:00,2015-04-08,0.0005,0.0,0.0,1565.0,0.0005,0.0005,0.0005,10000020,2015-04-22,2015-04-22,P,2.4,2015-02-09
21592,2015-04-08 14:53:00,2015-04-08,0.0005,0.0,0.0,1565.0,0.0005,0.0005,0.0005,10000020,2015-04-22,2015-04-22,P,2.4,2015-02-09
21593,2015-04-08 14:54:00,2015-04-08,0.0005,0.0,0.0,1565.0,0.0005,0.0005,0.0005,10000020,2015-04-22,2015-04-22,P,2.4,2015-02-09
21594,2015-04-08 14:55:00,2015-04-08,0.0005,0.0,0.0,1565.0,0.0005,0.0005,0.0005,10000020,2015-04-22,2015-04-22,P,2.4,2015-02-09
21595,2015-04-08 14:56:00,2015-04-08,0.0005,0.0,0.0,1565.0,0.0005,0.0005,0.0005,10000020,2015-04-22,2015-04-22,P,2.4,2015-02-09
21596,2015-04-08 14:57:00,2015-04-08,0.0005,0.0,0.0,1565.0,0.0005,0.0005,0.0005,10000020,2015-04-22,2015-04-22,P,2.4,2015-02-09
21597,2015-04-08 14:58:00,2015-04-08,0.0005,0.0,0.0,1565.0,0.0005,0.0005,0.0005,10000020,2015-04-22,2015-04-22,P,2.4,2015-02-09
21598,2015-04-08 14:59:00,2015-04-08,0.0005,0.0,0.0,1565.0,0.0005,0.0005,0.0005,10000020,2015-04-22,2015-04-22,P,2.4,2015-02-09
21599,2015-04-08 15:00:00,2015-04-08,0.0005,0.0,0.0,1565.0,0.0005,0.0005,0.0005,10000020,2015-04-22,2015-04-22,P,2.4,2015-02-09
21600,2015-04-08 09:31:00,2015-04-08,0.1596,0.0,0.0,0.0,0.1596,0.1596,0.1596,10000088,2015-09-23,2015-09-23,P,2.7,2015-03-19
21601,2015-04-08 09:32:00,2015-04-08,0.1596,0.0,0.0,0.0,0.1596,0.1596,0.1596,10000088,2015-09-23,2015-09-23,P,2.7,2015-03-19
21602,2015-04-08 09:33:00,2015-04-08,0.1596,0.0,0.0,0.0,0.1596,0.1596,0.1596,10000088,2015-09-23,2015-09-23,P,2.7,2015-03-19
21603,2015-04-08 09:34:00,2015-04-08,0.1596,0.0,0.0,0.0,0.1596,0.1596,0.1596,10000088,2015-09-23,2015-09-23,P,2.7,2015-03-19
21604,2015-04-08 09:35:00,2015-04-08,0.1596,0.0,0.0,0.0,0.1596,0.1596,0.1596,10000088,2015-09-23,2015-09-23,P,2.7,2015-03-19
21605,2015-04-08 09:36:00,2015-04-08,0.1596,0.0,0.0,0.0,0.1596,0.1596,0.1596,10000088,2015-09-23,2015-09-23,P,2.7,2015-03-19
21606,2015-04-08 09:37:00,2015-04-08,0.1596,0.0,0.0,0.0,0.1596,0.1596,0.1596,10000088,2015-09-23,2015-09-23,P,2.7,2015-03-19
21607,2015-04-08 09:38:00,2015-04-08,0.1596,0.0,0.0,0.0,0.1596,0.1596,0.1596,10000088,2015-09-23,2015-09-23,P,2.7,2015-03-19
21608,2015-04-08 09:39:00,2015-04-08,0.1596,0.0,0.0,0.0,0.1596,0.1596,0.1596,10000088,2015-09-23,2015-09-23,P,2.7,2015-03-19
21609,2015-04-08 09:40:00,2015-04-08,0.1596,0.0,0.0,0.0,0.1596,0.1596,0.1596,10000088,2015-09-23,2015-09-23,P,2.7,2015-03-19
21610,2015-04-08 09:41:00,2015-04-08,0.1596,0.0,0.0,0.0,0.1596,0.1596,0.1596,10000088,2015-09-23,2015-09-23,P,2.7,2015-03-19
21611,2015-04-08 09:42:00,2015-04-08,0.1596,0.0,0.0,0.0,0.1596,0.1596,0.1596,10000088,2015-09-23,2015-09-23,P,2.7,2015-03-19
21612,2015-04-08 09:43:00,2015-04-08,0.1596,0.0,0.0,0.0,0.1596,0.1596,0.1596,10000088,2015-09-23,2015-09-23,P,2.7,2015-03-19
21613,2015-04-08 09:44:00,2015-04-08,0.1596,0.0,0.0,0.0,0.1596,0.1596,0.1596,10000088,2015-09-23,2015-09-23,P,2.7,2015-03-19
21614,2015-04-08 09:45:00,2015-04-08,0.1596,0.0,0.0,0.0,0.1596,0.1596,0.1596,10000088,2015-09-23,2015-09-23,P,2.7,2015-03-19
21615,2015-04-08 09:46:00,2015-04-08,0.1596,0.0,0.0,0.0,0.1596,0.1596,0.1596,10000088,2015-09-23,2015-09-23,P,2.7,2015-03-19
21616,2015-04-08 09:47:00,2015-04-08,0.1596,0.0,0.0,0.0,0.1596,0.1596,0.1596,10000088,2015-09-23,2015-09-23,P,2.7,2015-03-19
21617,2015-04-08 09:48:00,2015-04-08,0.1596,0.0,0.0,0.0,0.1596,0.1596,0.1596,10000088,2015-09-23,2015-09-23,P,2.7,2015-03-19
21618,2015-04-08 09:49:00,2015-04-08,0.1596,0.0,0.0,0.0,0.1596,0.1596,0.1596,10000088,2015-09-23,2015-09-23,P,2.7,2015-03-19
21619,2015-04-08 09:50:00,2015-04-08,0.1596,0.0,0.0,0.0,0.1596,0.1596,0.1596,10000088,2015-09-23,2015-09-23,P,2.7,2015-03-19
21620,2015-04-08 09:51:00,2015-04-08,0.1596,0.0,0.0,0.0,0.1596,0.1596,0.1596,10000088,2015-09-23,2015-09-23,P,2.7,2015-03-19
21621,2015-04-08 09:52:00,2015-04-08,0.1596,0.0,0.0,0.0,0.1596,0.1596,0.1596,10000088,2015-09-23,2015-09-23,P,2.7,2015-03-19
21622,2015-04-08 09:53:00,2015-04-08,0.1596,0.0,0.0,0.0,0.1596,0.1596,0.1596,10000088,2015-09-23,2015-09-23,P,2.7,2015-03-19
21623,2015-04-08 09:54:00,2015-04-08,0.1596,0.0,0.0,0.0,0.1596,0.1596,0.1596,10000088,2015-09-23,2015-09-23,P,2.7,2015-03-19
21624,2015-04-08 09:55:00,2015-04-08,0.1596,0.0,0.0,0.0,0.1596,0.1596,0.1596,10000088,2015-09-23,2015-09-23,P,2.7,2015-03-19
21625,2015-04-08 09:56:00,2015-04-08,0.1596,0.0,0.0,0.0,0.1596,0.1596,0.1596,10000088,2015-09-23,2015-09-23,P,2.7,2015-03-19
21626,2015-04-08 09:57:00,2015-04-08,0.1596,0.0,0.0,0.0,0.1596,0.1596,0.1596,10000088,2015-09-23,2015-09-23,P,2.7,2015-03-19
21627,2015-04-08 09:58:00,2015-04-08,0.1596,0.0,0.0,0.0,0.1596,0.1596,0.1596,10000088,2015-09-23,2015-09-23,P,2.7,2015-03-19
21628,2015-04-08 09:59:00,2015-04-08,0.1596,0.0,0.0,0.0,0.1596,0.1596,0.1596,10000088,2015-09-23,2015-09-23,P,2.7,2015-03-19
21629,2015-04-08 10:00:00,2015-04-08,0.1596,0.0,0.0,0.0,0.1596,0.1596,0.1596,10000088,2015-09-23,2015-09-23,P,2.7,2015-03-19
21630,2015-04-08 10:01:00,2015-04-08,0.1596,0.0,0.0,0.0,0.1596,0.1596,0.1596,10000088,2015-09-23,2015-09-23,P,2.7,2015-03-19
21631,2015-04-08 10:02:00,2015-04-08,0.1596,0.0,0.0,0.0,0.1596,0.1596,0.1596,10000088,2015-09-23,2015-09-23,P,2.7,2015-03-19
21632,2015-04-08 10:03:00,2015-04-08,0.1596,0.0,0.0,0.0,0.1596,0.1596,0.1596,10000088,2015-09-23,2015-09-23,P,2.7,2015-03-19
21633,2015-04-08 10:04:00,2015-04-08,0.1596,0.0,0.0,0.0,0.1596,0.1596,0.1596,10000088,2015-09-23,2015-09-23,P,2.7,2015-03-19
21634,2015-04-08 10:05:00,2015-04-08,0.1596,0.0,0.0,0.0,0.1596,0.1596,0.1596,10000088,2015-09-23,2015-09-23,P,2.7,2015-03-19
21635,2015-04-08 10:06:00,2015-04-08,0.1596,0.0,0.0,0.0,0.1596,0.1596,0.1596,10000088,2015-09-23,2015-09-23,P,2.7,2015-03-19
21636,2015-04-08 10:07:00,2015-04-08,0.1596,0.0,0.0,0.0,0.1596,0.1596,0.1596,10000088,2015-09-23,2015-09-23,P,2.7,2015-03-19
21637,2015-04-08 10:08:00,2015-04-08,0.1596,0.0,0.0,0.0,0.1596,0.1596,0.1596,10000088,2015-09-23,2015-09-23,P,2.7,2015-03-19
21638,2015-04-08 10:09:00,2015-04-08,0.1596,0.0,0.0,0.0,0.1596,0.1596,0.1596,10000088,2015-09-23,2015-09-23,P,2.7,2015-03-19
21639,2015-04-08 10:10:00,2015-04-08,0.1596,0.0,0.0,0.0,0.1596,0.1596,0.1596,10000088,2015-09-23,2015-09-23,P,2.7,2015-03-19
21640,2015-04-08 10:11:00,2015-04-08,0.1596,0.0,0.0,0.0,0.1596,0.1596,0.1596,10000088,2015-09-23,2015-09-23,P,2.7,2015-03-19
21641,2015-04-08 10:12:00,2015-04-08,0.1596,0.0,0.0,0.0,0.1596,0.1596,0.1596,10000088,2015-09-23,2015-09-23,P,2.7,2015-03-19
21642,2015-04-08 10:13:00,2015-04-08,0.1596,0.0,0.0,0.0,0.1596,0.1596,0.1596,10000088,2015-09-23,2015-09-23,P,2.7,2015-03-19
21643,2015-04-08 10:14:00,2015-04-08,0.1596,0.0,0.0,0.0,0.1596,0.1596,0.1596,10000088,2015-09-23,2015-09-23,P,2.7,2015-03-19
21644,2015-04-08 10:15:00,2015-04-08,0.1596,0.0,0.0,0.0,0.1596,0.1596,0.1596,10000088,2015-09-23,2015-09-23,P,2.7,2015-03-19
21645,2015-04-08 10:16:00,2015-04-08,0.1596,0.0,0.0,0.0,0.1596,0.1596,0.1596,10000088,2015-09-23,2015-09-23,P,2.7,2015-03-19
21646,2015-04-08 10:17:00,2015-04-08,0.1596,0.0,0.0,0.0,0.1596,0.1596,0.1596,10000088,2015-09-23,2015-09-23,P,2.7,2015-03-19
21647,2015-04-08 10:18:00,2015-04-08,0.1596,0.0,0.0,0.0,0.1596,0.1596,0.1596,10000088,2015-09-23,2015-09-23,P,2.7,2015-03-19
21648,2015-04-08 10:19:00,2015-04-08,0.1596,0.0,0.0,0.0,0.1596,0.1596,0.1596,10000088,2015-09-23,2015-09-23,P,2.7,2015-03-19
21649,2015-04-08 10:20:00,2015-04-08,0.1596,0.0,0.0,0.0,0.1596,0.1596,0.1596,10000088,2015-09-23,2015-09-23,P,2.7,2015-03-19
21650,2015-04-08 10:21:00,2015-04-08,0.1596,0.0,0.0,0.0,0.1596,0.1596,0.1596,10000088,2015-09-23,2015-09-23,P,2.7,2015-03-19
21651,2015-04-08 10:22:00,2015-04-08,0.1596,0.0,0.0,0.0,0.1596,0.1596,0.1596,10000088,2015-09-23,2015-09-23,P,2.7,2015-03-19
21652,2015-04-08 10:23:00,2015-04-08,0.1596,0.0,0.0,0.0,0.1596,0.1596,0.1596,10000088,2015-09-23,2015-09-23,P,2.7,2015-03-19
21653,2015-04-08 10:24:00,2015-04-08,0.1596,0.0,0.0,0.0,0.1596,0.1596,0.1596,10000088,2015-09-23,2015-09-23,P,2.7,2015-03-19
21654,2015-04-08 10:25:00,2015-04-08,0.1596,0.0,0.0,0.0,0.1596,0.1596,0.1596,10000088,2015-09-23,2015-09-23,P,2.7,2015-03-19
21655,2015-04-08 10:26:00,2015-04-08,0.1596,0.0,0.0,0.0,0.1596,0.1596,0.1596,10000088,2015-09-23,2015-09-23,P,2.7,2015-03-19
21656,2015-04-08 10:27:00,2015-04-08,0.1596,0.0,0.0,0.0,0.1596,0.1596,0.1596,10000088,2015-09-23,2015-09-23,P,2.7,2015-03-19
21657,2015-04-08 10:28:00,2015-04-08,0.1596,0.0,0.0,0.0,0.1596,0.1596,0.1596,10000088,2015-09-23,2015-09-23,P,2.7,2015-03-19
21658,2015-04-08 10:29:00,2015-04-08,0.1596,0.0,0.0,0.0,0.1596,0.1596,0.1596,10000088,2015-09-23,2015-09-23,P,2.7,2015-03-19
21659,2015-04-08 10:30:00,2015-04-08,0.1596,0.0,0.0,0.0,0.1596,0.1596,0.1596,10000088,2015-09-23,2015-09-23,P,2.7,2015-03-19
21660,2015-04-08 10:31:00,2015-04-08,0.1596,0.0,0.0,0.0,0.1596,0.1596,0.1596,10000088,2015-09-23,2015-09-23,P,2.7,2015-03-19
21661,2015-04-08 10:32:00,2015-04-08,0.1596,0.0,0.0,0.0,0.1596,0.1596,0.1596,10000088,2015-09-23,2015-09-23,P,2.7,2015-03-19
21662,2015-04-08 10:33:00,2015-04-08,0.1596,0.0,0.0,0.0,0.1596,0.1596,0.1596,10000088,2015-09-23,2015-09-23,P,2.7,2015-03-19
21663,2015-04-08 10:34:00,2015-04-08,0.1596,0.0,0.0,0.0,0.1596,0.1596,0.1596,10000088,2015-09-23,2015-09-23,P,2.7,2015-03-19
21664,2015-04-08 10:35:00,2015-04-08,0.1596,0.0,0.0,0.0,0.1596,0.1596,0.1596,10000088,2015-09-23,2015-09-23,P,2.7,2015-03-19
21665,2015-04-08 10:36:00,2015-04-08,0.1596,0.0,0.0,0.0,0.1596,0.1596,0.1596,10000088,2015-09-23,2015-09-23,P,2.7,2015-03-19
21666,2015-04-08 10:37:00,2015-04-08,0.1596,0.0,0.0,0.0,0.1596,0.1596,0.1596,10000088,2015-09-23,2015-09-23,P,2.7,2015-03-19
21667,2015-04-08 10:38:00,2015-04-08,0.1596,0.0,0.0,0.0,0.1596,0.1596,0.1596,10000088,2015-09-23,2015-09-23,P,2.7,2015-03-19
21668,2015-04-08 10:39:00,2015-04-08,0.1596,0.0,0.0,0.0,0.1596,0.1596,0.1596,10000088,2015-09-23,2015-09-23,P,2.7,2015-03-19
21669,2015-04-08 10:40:00,2015-04-08,0.1596,0.0,0.0,0.0,0.1596,0.1596,0.1596,10000088,2015-09-23,2015-09-23,P,2.7,2015-03-19
21670,2015-04-08 10:41:00,2015-04-08,0.1596,0.0,0.0,0.0,0.1596,0.1596,0.1596,10000088,2015-09-23,2015-09-23,P,2.7,2015-03-19
21671,2015-04-08 10:42:00,2015-04-08,0.1596,0.0,0.0,0.0,0.1596,0.1596,0.1596,10000088,2015-09-23,2015-09-23,P,2.7,2015-03-19
21672,2015-04-08 10:43:00,2015-04-08,0.1596,0.0,0.0,0.0,0.1596,0.1596,0.1596,10000088,2015-09-23,2015-09-23,P,2.7,2015-03-19
21673,2015-04-08 10:44:00,2015-04-08,0.1596,0.0,0.0,0.0,0.1596,0.1596,0.1596,10000088,2015-09-23,2015-09-23,P,2.7,2015-03-19
21674,2015-04-08 10:45:00,2015-04-08,0.1596,0.0,0.0,0.0,0.1596,0.1596,0.1596,10000088,2015-09-23,2015-09-23,P,2.7,2015-03-19
21675,2015-04-08 10:46:00,2015-04-08,0.1596,0.0,0.0,0.0,0.1596,0.1596,0.1596,10000088,2015-09-23,2015-09-23,P,2.7,2015-03-19
21676,2015-04-08 10:47:00,2015-04-08,0.1596,0.0,0.0,0.0,0.1596,0.1596,0.1596,10000088,2015-09-23,2015-09-23,P,2.7,2015-03-19
21677,2015-04-08 10:48:00,2015-04-08,0.1596,0.0,0.0,0.0,0.1596,0.1596,0.1596,10000088,2015-09-23,2015-09-23,P,2.7,2015-03-19
21678,2015-04-08 10:49:00,2015-04-08,0.1596,0.0,0.0,0.0,0.1596,0.1596,0.1596,10000088,2015-09-23,2015-09-23,P,2.7,2015-03-19
21679,2015-04-08 10:50:00,2015-04-08,0.1596,0.0,0.0,0.0,0.1596,0.1596,0.1596,10000088,2015-09-23,2015-09-23,P,2.7,2015-03-19
21680,2015-04-08 10:51:00,2015-04-08,0.1596,0.0,0.0,0.0,0.1596,0.1596,0.1596,10000088,2015-09-23,2015-09-23,P,2.7,2015-03-19
21681,2015-04-08 10:52:00,2015-04-08,0.1596,0.0,0.0,0.0,0.1596,0.1596,0.1596,10000088,2015-09-23,2015-09-23,P,2.7,2015-03-19
21682,2015-04-08 10:53:00,2015-04-08,0.1596,0.0,0.0,0.0,0.1596,0.1596,0.1596,10000088,2015-09-23,2015-09-23,P,2.7,2015-03-19
21683,2015-04-08 10:54:00,2015-04-08,0.1596,0.0,0.0,0.0,0.1596,0.1596,0.1596,10000088,2015-09-23,2015-09-23,P,2.7,2015-03-19
21684,2015-04-08 10:55:00,2015-04-08,0.1596,0.0,0.0,0.0,0.1596,0.1596,0.1596,10000088,2015-09-23,2015-09-23,P,2.7,2015-03-19
21685,2015-04-08 10:56:00,2015-04-08,0.1596,0.0,0.0,0.0,0.1596,0.1596,0.1596,10000088,2015-09-23,2015-09-23,P,2.7,2015-03-19
21686,2015-04-08 10:57:00,2015-04-08,0.1596,0.0,0.0,0.0,0.1596,0.1596,0.1596,10000088,2015-09-23,2015-09-23,P,2.7,2015-03-19
21687,2015-04-08 10:58:00,2015-04-08,0.1596,0.0,0.0,0.0,0.1596,0.1596,0.1596,10000088,2015-09-23,2015-09-23,P,2.7,2015-03-19
21688,2015-04-08 10:59:00,2015-04-08,0.1596,0.0,0.0,0.0,0.1596,0.1596,0.1596,10000088,2015-09-23,2015-09-23,P,2.7,2015-03-19
21689,2015-04-08 11:00:00,2015-04-08,0.1596,0.0,0.0,0.0,0.1596,0.1596,0.1596,10000088,2015-09-23,2015-09-23,P,2.7,2015-03-19
21690,2015-04-08 11:01:00,2015-04-08,0.1596,0.0,0.0,0.0,0.1596,0.1596,0.1596,10000088,2015-09-23,2015-09-23,P,2.7,2015-03-19
21691,2015-04-08 11:02:00,2015-04-08,0.1596,0.0,0.0,0.0,0.1596,0.1596,0.1596,10000088,2015-09-23,2015-09-23,P,2.7,2015-03-19
21692,2015-04-08 11:03:00,2015-04-08,0.1596,0.0,0.0,0.0,0.1596,0.1596,0.1596,10000088,2015-09-23,2015-09-23,P,2.7,2015-03-19
21693,2015-04-08 11:04:00,2015-04-08,0.1596,0.0,0.0,0.0,0.1596,0.1596,0.1596,10000088,2015-09-23,2015-09-23,P,2.7,2015-03-19
21694,2015-04-08 11:05:00,2015-04-08,0.1596,0.0,0.0,0.0,0.1596,0.1596,0.1596,10000088,2015-09-23,2015-09-23,P,2.7,2015-03-19
21695,2015-04-08 11:06:00,2015-04-08,0.1596,0.0,0.0,0.0,0.1596,0.1596,0.1596,10000088,2015-09-23,2015-09-23,P,2.7,2015-03-19
21696,2015-04-08 11:07:00,2015-04-08,0.1596,0.0,0.0,0.0,0.1596,0.1596,0.1596,10000088,2015-09-23,2015-09-23,P,2.7,2015-03-19
21697,2015-04-08 11:08:00,2015-04-08,0.1596,0.0,0.0,0.0,0.1596,0.1596,0.1596,10000088,2015-09-23,2015-09-23,P,2.7,2015-03-19
21698,2015-04-08 11:09:00,2015-04-08,0.1596,0.0,0.0,0.0,0.1596,0.1596,0.1596,10000088,2015-09-23,2015-09-23,P,2.7,2015-03-19
21699,2015-04-08 11:10:00,2015-04-08,0.1596,0.0,0.0,0.0,0.1596,0.1596,0.1596,10000088,2015-09-23,2015-09-23,P,2.7,2015-03-19
21700,2015-04-08 11:11:00,2015-04-08,0.1596,0.0,0.0,0.0,0.1596,0.1596,0.1596,10000088,2015-09-23,2015-09-23,P,2.7,2015-03-19
21701,2015-04-08 11:12:00,2015-04-08,0.1596,0.0,0.0,0.0,0.1596,0.1596,0.1596,10000088,2015-09-23,2015-09-23,P,2.7,2015-03-19
21702,2015-04-08 11:13:00,2015-04-08,0.1596,0.0,0.0,0.0,0.1596,0.1596,0.1596,10000088,2015-09-23,2015-09-23,P,2.7,2015-03-19
21703,2015-04-08 11:14:00,2015-04-08,0.1596,0.0,0.0,0.0,0.1596,0.1596,0.1596,10000088,2015-09-23,2015-09-23,P,2.7,2015-03-19
21704,2015-04-08 11:15:00,2015-04-08,0.1596,0.0,0.0,0.0,0.1596,0.1596,0.1596,10000088,2015-09-23,2015-09-23,P,2.7,2015-03-19
21705,2015-04-08 11:16:00,2015-04-08,0.1596,0.0,0.0,0.0,0.1596,0.1596,0.1596,10000088,2015-09-23,2015-09-23,P,2.7,2015-03-19
21706,2015-04-08 11:17:00,2015-04-08,0.1596,0.0,0.0,0.0,0.1596,0.1596,0.1596,10000088,2015-09-23,2015-09-23,P,2.7,2015-03-19
21707,2015-04-08 11:18:00,2015-04-08,0.1596,0.0,0.0,0.0,0.1596,0.1596,0.1596,10000088,2015-09-23,2015-09-23,P,2.7,2015-03-19
21708,2015-04-08 11:19:00,2015-04-08,0.1596,0.0,0.0,0.0,0.1596,0.1596,0.1596,10000088,2015-09-23,2015-09-23,P,2.7,2015-03-19
21709,2015-04-08 11:20:00,2015-04-08,0.1596,0.0,0.0,0.0,0.1596,0.1596,0.1596,10000088,2015-09-23,2015-09-23,P,2.7,2015-03-19
21710,2015-04-08 11:21:00,2015-04-08,0.1596,0.0,0.0,0.0,0.1596,0.1596,0.1596,10000088,2015-09-23,2015-09-23,P,2.7,2015-03-19
21711,2015-04-08 11:22:00,2015-04-08,0.1596,0.0,0.0,0.0,0.1596,0.1596,0.1596,10000088,2015-09-23,2015-09-23,P,2.7,2015-03-19
21712,2015-04-08 11:23:00,2015-04-08,0.1596,0.0,0.0,0.0,0.1596,0.1596,0.1596,10000088,2015-09-23,2015-09-23,P,2.7,2015-03-19
21713,2015-04-08 11:24:00,2015-04-08,0.1596,0.0,0.0,0.0,0.1596,0.1596,0.1596,10000088,2015-09-23,2015-09-23,P,2.7,2015-03-19
21714,2015-04-08 11:25:00,2015-04-08,0.1596,0.0,0.0,0.0,0.1596,0.1596,0.1596,10000088,2015-09-23,2015-09-23,P,2.7,2015-03-19
21715,2015-04-08 11:26:00,2015-04-08,0.1596,0.0,0.0,0.0,0.1596,0.1596,0.1596,10000088,2015-09-23,2015-09-23,P,2.7,2015-03-19
21716,2015-04-08 11:27:00,2015-04-08,0.1596,0.0,0.0,0.0,0.1596,0.1596,0.1596,10000088,2015-09-23,2015-09-23,P,2.7,2015-03-19
21717,2015-04-08 11:28:00,2015-04-08,0.1596,0.0,0.0,0.0,0.1596,0.1596,0.1596,10000088,2015-09-23,2015-09-23,P,2.7,2015-03-19
21718,2015-04-08 11:29:00,2015-04-08,0.1596,0.0,0.0,0.0,0.1596,0.1596,0.1596,10000088,2015-09-23,2015-09-23,P,2.7,2015-03-19
21719,2015-04-08 11:30:00,2015-04-08,0.1596,0.0,0.0,0.0,0.1596,0.1596,0.1596,10000088,2015-09-23,2015-09-23,P,2.7,2015-03-19
21720,2015-04-08 13:01:00,2015-04-08,0.14800000000000002,-30680.0,-21.0,98.0,0.14800000000000002,0.14800000000000002,0.14800000000000002,10000088,2015-09-23,2015-09-23,P,2.7,2015-03-19
21721,2015-04-08 13:02:00,2015-04-08,0.14800000000000002,0.0,0.0,98.0,0.14800000000000002,0.14800000000000002,0.14800000000000002,10000088,2015-09-23,2015-09-23,P,2.7,2015-03-19
21722,2015-04-08 13:03:00,2015-04-08,0.14800000000000002,1480.0,1.0,98.0,0.14800000000000002,0.14800000000000002,0.14800000000000002,10000088,2015-09-23,2015-09-23,P,2.7,2015-03-19
21723,2015-04-08 13:04:00,2015-04-08,0.14800000000000002,0.0,0.0,98.0,0.14800000000000002,0.14800000000000002,0.14800000000000002,10000088,2015-09-23,2015-09-23,P,2.7,2015-03-19
21724,2015-04-08 13:05:00,2015-04-08,0.14800000000000002,0.0,0.0,98.0,0.14800000000000002,0.14800000000000002,0.14800000000000002,10000088,2015-09-23,2015-09-23,P,2.7,2015-03-19
21725,2015-04-08 13:06:00,2015-04-08,0.14800000000000002,0.0,0.0,98.0,0.14800000000000002,0.14800000000000002,0.14800000000000002,10000088,2015-09-23,2015-09-23,P,2.7,2015-03-19
21726,2015-04-08 13:07:00,2015-04-08,0.14800000000000002,0.0,0.0,98.0,0.14800000000000002,0.14800000000000002,0.14800000000000002,10000088,2015-09-23,2015-09-23,P,2.7,2015-03-19
21727,2015-04-08 13:08:00,2015-04-08,0.14800000000000002,0.0,0.0,98.0,0.14800000000000002,0.14800000000000002,0.14800000000000002,10000088,2015-09-23,2015-09-23,P,2.7,2015-03-19
21728,2015-04-08 13:09:00,2015-04-08,0.14800000000000002,0.0,0.0,98.0,0.14800000000000002,0.14800000000000002,0.14800000000000002,10000088,2015-09-23,2015-09-23,P,2.7,2015-03-19
21729,2015-04-08 13:10:00,2015-04-08,0.14800000000000002,0.0,0.0,98.0,0.14800000000000002,0.14800000000000002,0.14800000000000002,10000088,2015-09-23,2015-09-23,P,2.7,2015-03-19
21730,2015-04-08 13:11:00,2015-04-08,0.14800000000000002,0.0,0.0,98.0,0.14800000000000002,0.14800000000000002,0.14800000000000002,10000088,2015-09-23,2015-09-23,P,2.7,2015-03-19
21731,2015-04-08 13:12:00,2015-04-08,0.14800000000000002,0.0,0.0,98.0,0.14800000000000002,0.14800000000000002,0.14800000000000002,10000088,2015-09-23,2015-09-23,P,2.7,2015-03-19
21732,2015-04-08 13:13:00,2015-04-08,0.14800000000000002,0.0,0.0,98.0,0.14800000000000002,0.14800000000000002,0.14800000000000002,10000088,2015-09-23,2015-09-23,P,2.7,2015-03-19
21733,2015-04-08 13:14:00,2015-04-08,0.14800000000000002,0.0,0.0,98.0,0.14800000000000002,0.14800000000000002,0.14800000000000002,10000088,2015-09-23,2015-09-23,P,2.7,2015-03-19
21734,2015-04-08 13:15:00,2015-04-08,0.14800000000000002,0.0,0.0,98.0,0.14800000000000002,0.14800000000000002,0.14800000000000002,10000088,2015-09-23,2015-09-23,P,2.7,2015-03-19
21735,2015-04-08 13:16:00,2015-04-08,0.14800000000000002,0.0,0.0,98.0,0.14800000000000002,0.14800000000000002,0.14800000000000002,10000088,2015-09-23,2015-09-23,P,2.7,2015-03-19
21736,2015-04-08 13:17:00,2015-04-08,0.1457,2914.0,2.0,98.0,0.1457,0.1457,0.1457,10000088,2015-09-23,2015-09-23,P,2.7,2015-03-19
21737,2015-04-08 13:18:00,2015-04-08,0.1457,2914.0,2.0,98.0,0.1457,0.1457,0.1457,10000088,2015-09-23,2015-09-23,P,2.7,2015-03-19
21738,2015-04-08 13:19:00,2015-04-08,0.1457,8742.0,6.0,104.0,0.1457,0.1457,0.1457,10000088,2015-09-23,2015-09-23,P,2.7,2015-03-19
21739,2015-04-08 13:20:00,2015-04-08,0.1457,0.0,0.0,104.0,0.1457,0.1457,0.1457,10000088,2015-09-23,2015-09-23,P,2.7,2015-03-19
21740,2015-04-08 13:21:00,2015-04-08,0.1449,7245.0,5.0,109.0,0.1449,0.1449,0.1449,10000088,2015-09-23,2015-09-23,P,2.7,2015-03-19
21741,2015-04-08 13:22:00,2015-04-08,0.1449,0.0,0.0,109.0,0.1449,0.1449,0.1449,10000088,2015-09-23,2015-09-23,P,2.7,2015-03-19
21742,2015-04-08 13:23:00,2015-04-08,0.1449,0.0,0.0,109.0,0.1449,0.1449,0.1449,10000088,2015-09-23,2015-09-23,P,2.7,2015-03-19
21743,2015-04-08 13:24:00,2015-04-08,0.1449,0.0,0.0,109.0,0.1449,0.1449,0.1449,10000088,2015-09-23,2015-09-23,P,2.7,2015-03-19
21744,2015-04-08 13:25:00,2015-04-08,0.1449,0.0,0.0,109.0,0.1449,0.1449,0.1449,10000088,2015-09-23,2015-09-23,P,2.7,2015-03-19
21745,2015-04-08 13:26:00,2015-04-08,0.1449,0.0,0.0,109.0,0.1449,0.1449,0.1449,10000088,2015-09-23,2015-09-23,P,2.7,2015-03-19
21746,2015-04-08 13:27:00,2015-04-08,0.1449,0.0,0.0,109.0,0.1449,0.1449,0.1449,10000088,2015-09-23,2015-09-23,P,2.7,2015-03-19
21747,2015-04-08 13:28:00,2015-04-08,0.1449,0.0,0.0,109.0,0.1449,0.1449,0.1449,10000088,2015-09-23,2015-09-23,P,2.7,2015-03-19
21748,2015-04-08 13:29:00,2015-04-08,0.1449,0.0,0.0,109.0,0.1449,0.1449,0.1449,10000088,2015-09-23,2015-09-23,P,2.7,2015-03-19
21749,2015-04-08 13:30:00,2015-04-08,0.1449,0.0,0.0,109.0,0.1449,0.1449,0.1449,10000088,2015-09-23,2015-09-23,P,2.7,2015-03-19
21750,2015-04-08 13:31:00,2015-04-08,0.1449,0.0,0.0,109.0,0.1449,0.1449,0.1449,10000088,2015-09-23,2015-09-23,P,2.7,2015-03-19
21751,2015-04-08 13:32:00,2015-04-08,0.1449,0.0,0.0,109.0,0.1449,0.1449,0.1449,10000088,2015-09-23,2015-09-23,P,2.7,2015-03-19
21752,2015-04-08 13:33:00,2015-04-08,0.1449,0.0,0.0,109.0,0.1449,0.1449,0.1449,10000088,2015-09-23,2015-09-23,P,2.7,2015-03-19
21753,2015-04-08 13:34:00,2015-04-08,0.1449,0.0,0.0,109.0,0.1449,0.1449,0.1449,10000088,2015-09-23,2015-09-23,P,2.7,2015-03-19
21754,2015-04-08 13:35:00,2015-04-08,0.1449,0.0,0.0,109.0,0.1449,0.1449,0.1449,10000088,2015-09-23,2015-09-23,P,2.7,2015-03-19
21755,2015-04-08 13:36:00,2015-04-08,0.1449,0.0,0.0,109.0,0.1449,0.1449,0.1449,10000088,2015-09-23,2015-09-23,P,2.7,2015-03-19
21756,2015-04-08 13:37:00,2015-04-08,0.1449,0.0,0.0,109.0,0.1449,0.1449,0.1449,10000088,2015-09-23,2015-09-23,P,2.7,2015-03-19
21757,2015-04-08 13:38:00,2015-04-08,0.1449,0.0,0.0,109.0,0.1449,0.1449,0.1449,10000088,2015-09-23,2015-09-23,P,2.7,2015-03-19
21758,2015-04-08 13:39:00,2015-04-08,0.1449,0.0,0.0,109.0,0.1449,0.1449,0.1449,10000088,2015-09-23,2015-09-23,P,2.7,2015-03-19
21759,2015-04-08 13:40:00,2015-04-08,0.1449,0.0,0.0,109.0,0.1449,0.1449,0.1449,10000088,2015-09-23,2015-09-23,P,2.7,2015-03-19
21760,2015-04-08 13:41:00,2015-04-08,0.1449,0.0,0.0,109.0,0.1449,0.1449,0.1449,10000088,2015-09-23,2015-09-23,P,2.7,2015-03-19
21761,2015-04-08 13:42:00,2015-04-08,0.1449,0.0,0.0,109.0,0.1449,0.1449,0.1449,10000088,2015-09-23,2015-09-23,P,2.7,2015-03-19
21762,2015-04-08 13:43:00,2015-04-08,0.1449,0.0,0.0,109.0,0.1449,0.1449,0.1449,10000088,2015-09-23,2015-09-23,P,2.7,2015-03-19
21763,2015-04-08 13:44:00,2015-04-08,0.1449,0.0,0.0,109.0,0.1449,0.1449,0.1449,10000088,2015-09-23,2015-09-23,P,2.7,2015-03-19
21764,2015-04-08 13:45:00,2015-04-08,0.1449,0.0,0.0,109.0,0.1449,0.1449,0.1449,10000088,2015-09-23,2015-09-23,P,2.7,2015-03-19
21765,2015-04-08 13:46:00,2015-04-08,0.1449,0.0,0.0,109.0,0.1449,0.1449,0.1449,10000088,2015-09-23,2015-09-23,P,2.7,2015-03-19
21766,2015-04-08 13:47:00,2015-04-08,0.1449,0.0,0.0,109.0,0.1449,0.1449,0.1449,10000088,2015-09-23,2015-09-23,P,2.7,2015-03-19
21767,2015-04-08 13:48:00,2015-04-08,0.1449,0.0,0.0,109.0,0.1449,0.1449,0.1449,10000088,2015-09-23,2015-09-23,P,2.7,2015-03-19
21768,2015-04-08 13:49:00,2015-04-08,0.1449,0.0,0.0,109.0,0.1449,0.1449,0.1449,10000088,2015-09-23,2015-09-23,P,2.7,2015-03-19
21769,2015-04-08 13:50:00,2015-04-08,0.1449,0.0,0.0,109.0,0.1449,0.1449,0.1449,10000088,2015-09-23,2015-09-23,P,2.7,2015-03-19
21770,2015-04-08 13:51:00,2015-04-08,0.1449,0.0,0.0,109.0,0.1449,0.1449,0.1449,10000088,2015-09-23,2015-09-23,P,2.7,2015-03-19
21771,2015-04-08 13:52:00,2015-04-08,0.1449,0.0,0.0,109.0,0.1449,0.1449,0.1449,10000088,2015-09-23,2015-09-23,P,2.7,2015-03-19
21772,2015-04-08 13:53:00,2015-04-08,0.1449,0.0,0.0,109.0,0.1449,0.1449,0.1449,10000088,2015-09-23,2015-09-23,P,2.7,2015-03-19
21773,2015-04-08 13:54:00,2015-04-08,0.1449,0.0,0.0,109.0,0.1449,0.1449,0.1449,10000088,2015-09-23,2015-09-23,P,2.7,2015-03-19
21774,2015-04-08 13:55:00,2015-04-08,0.1449,0.0,0.0,109.0,0.1449,0.1449,0.1449,10000088,2015-09-23,2015-09-23,P,2.7,2015-03-19
21775,2015-04-08 13:56:00,2015-04-08,0.1449,0.0,0.0,109.0,0.1449,0.1449,0.1449,10000088,2015-09-23,2015-09-23,P,2.7,2015-03-19
21776,2015-04-08 13:57:00,2015-04-08,0.1449,0.0,0.0,109.0,0.1449,0.1449,0.1449,10000088,2015-09-23,2015-09-23,P,2.7,2015-03-19
21777,2015-04-08 13:58:00,2015-04-08,0.1449,0.0,0.0,109.0,0.1449,0.1449,0.1449,10000088,2015-09-23,2015-09-23,P,2.7,2015-03-19
21778,2015-04-08 13:59:00,2015-04-08,0.1449,0.0,0.0,109.0,0.1449,0.1449,0.1449,10000088,2015-09-23,2015-09-23,P,2.7,2015-03-19
21779,2015-04-08 14:00:00,2015-04-08,0.1449,0.0,0.0,109.0,0.1449,0.1449,0.1449,10000088,2015-09-23,2015-09-23,P,2.7,2015-03-19
21780,2015-04-08 14:01:00,2015-04-08,0.1449,0.0,0.0,109.0,0.1449,0.1449,0.1449,10000088,2015-09-23,2015-09-23,P,2.7,2015-03-19
21781,2015-04-08 14:02:00,2015-04-08,0.1449,0.0,0.0,109.0,0.1449,0.1449,0.1449,10000088,2015-09-23,2015-09-23,P,2.7,2015-03-19
21782,2015-04-08 14:03:00,2015-04-08,0.1449,0.0,0.0,109.0,0.1449,0.1449,0.1449,10000088,2015-09-23,2015-09-23,P,2.7,2015-03-19
21783,2015-04-08 14:04:00,2015-04-08,0.1449,0.0,0.0,109.0,0.1449,0.1449,0.1449,10000088,2015-09-23,2015-09-23,P,2.7,2015-03-19
21784,2015-04-08 14:05:00,2015-04-08,0.1449,0.0,0.0,109.0,0.1449,0.1449,0.1449,10000088,2015-09-23,2015-09-23,P,2.7,2015-03-19
21785,2015-04-08 14:06:00,2015-04-08,0.1449,0.0,0.0,109.0,0.1449,0.1449,0.1449,10000088,2015-09-23,2015-09-23,P,2.7,2015-03-19
21786,2015-04-08 14:07:00,2015-04-08,0.1449,0.0,0.0,109.0,0.1449,0.1449,0.1449,10000088,2015-09-23,2015-09-23,P,2.7,2015-03-19
21787,2015-04-08 14:08:00,2015-04-08,0.1449,0.0,0.0,109.0,0.1449,0.1449,0.1449,10000088,2015-09-23,2015-09-23,P,2.7,2015-03-19
21788,2015-04-08 14:09:00,2015-04-08,0.1449,0.0,0.0,109.0,0.1449,0.1449,0.1449,10000088,2015-09-23,2015-09-23,P,2.7,2015-03-19
21789,2015-04-08 14:10:00,2015-04-08,0.1449,0.0,0.0,109.0,0.1449,0.1449,0.1449,10000088,2015-09-23,2015-09-23,P,2.7,2015-03-19
21790,2015-04-08 14:11:00,2015-04-08,0.1449,0.0,0.0,109.0,0.1449,0.1449,0.1449,10000088,2015-09-23,2015-09-23,P,2.7,2015-03-19
21791,2015-04-08 14:12:00,2015-04-08,0.1449,0.0,0.0,109.0,0.1449,0.1449,0.1449,10000088,2015-09-23,2015-09-23,P,2.7,2015-03-19
21792,2015-04-08 14:13:00,2015-04-08,0.1449,0.0,0.0,109.0,0.1449,0.1449,0.1449,10000088,2015-09-23,2015-09-23,P,2.7,2015-03-19
21793,2015-04-08 14:14:00,2015-04-08,0.1449,0.0,0.0,109.0,0.1449,0.1449,0.1449,10000088,2015-09-23,2015-09-23,P,2.7,2015-03-19
21794,2015-04-08 14:15:00,2015-04-08,0.1449,0.0,0.0,109.0,0.1449,0.1449,0.1449,10000088,2015-09-23,2015-09-23,P,2.7,2015-03-19
21795,2015-04-08 14:16:00,2015-04-08,0.1449,0.0,0.0,109.0,0.1449,0.1449,0.1449,10000088,2015-09-23,2015-09-23,P,2.7,2015-03-19
21796,2015-04-08 14:17:00,2015-04-08,0.1449,0.0,0.0,109.0,0.1449,0.1449,0.1449,10000088,2015-09-23,2015-09-23,P,2.7,2015-03-19
21797,2015-04-08 14:18:00,2015-04-08,0.1449,0.0,0.0,109.0,0.1449,0.1449,0.1449,10000088,2015-09-23,2015-09-23,P,2.7,2015-03-19
21798,2015-04-08 14:19:00,2015-04-08,0.1449,0.0,0.0,109.0,0.1449,0.1449,0.1449,10000088,2015-09-23,2015-09-23,P,2.7,2015-03-19
21799,2015-04-08 14:20:00,2015-04-08,0.1449,0.0,0.0,109.0,0.1449,0.1449,0.1449,10000088,2015-09-23,2015-09-23,P,2.7,2015-03-19
21800,2015-04-08 14:21:00,2015-04-08,0.1477,7385.0,5.0,109.0,0.1477,0.1477,0.1477,10000088,2015-09-23,2015-09-23,P,2.7,2015-03-19
21801,2015-04-08 14:22:00,2015-04-08,0.1477,0.0,0.0,109.0,0.1477,0.1477,0.1477,10000088,2015-09-23,2015-09-23,P,2.7,2015-03-19
21802,2015-04-08 14:23:00,2015-04-08,0.1477,0.0,0.0,109.0,0.1477,0.1477,0.1477,10000088,2015-09-23,2015-09-23,P,2.7,2015-03-19
21803,2015-04-08 14:24:00,2015-04-08,0.1477,0.0,0.0,109.0,0.1477,0.1477,0.1477,10000088,2015-09-23,2015-09-23,P,2.7,2015-03-19
21804,2015-04-08 14:25:00,2015-04-08,0.1477,0.0,0.0,109.0,0.1477,0.1477,0.1477,10000088,2015-09-23,2015-09-23,P,2.7,2015-03-19
21805,2015-04-08 14:26:00,2015-04-08,0.1477,0.0,0.0,109.0,0.1477,0.1477,0.1477,10000088,2015-09-23,2015-09-23,P,2.7,2015-03-19
21806,2015-04-08 14:27:00,2015-04-08,0.1477,0.0,0.0,109.0,0.1477,0.1477,0.1477,10000088,2015-09-23,2015-09-23,P,2.7,2015-03-19
21807,2015-04-08 14:28:00,2015-04-08,0.1477,0.0,0.0,109.0,0.1477,0.1477,0.1477,10000088,2015-09-23,2015-09-23,P,2.7,2015-03-19
21808,2015-04-08 14:29:00,2015-04-08,0.1477,0.0,0.0,109.0,0.1477,0.1477,0.1477,10000088,2015-09-23,2015-09-23,P,2.7,2015-03-19
21809,2015-04-08 14:30:00,2015-04-08,0.1477,0.0,0.0,109.0,0.1477,0.1477,0.1477,10000088,2015-09-23,2015-09-23,P,2.7,2015-03-19
21810,2015-04-08 14:31:00,2015-04-08,0.1477,0.0,0.0,109.0,0.1477,0.1477,0.1477,10000088,2015-09-23,2015-09-23,P,2.7,2015-03-19
21811,2015-04-08 14:32:00,2015-04-08,0.1477,0.0,0.0,109.0,0.1477,0.1477,0.1477,10000088,2015-09-23,2015-09-23,P,2.7,2015-03-19
21812,2015-04-08 14:33:00,2015-04-08,0.1477,0.0,0.0,109.0,0.1477,0.1477,0.1477,10000088,2015-09-23,2015-09-23,P,2.7,2015-03-19
21813,2015-04-08 14:34:00,2015-04-08,0.1477,0.0,0.0,109.0,0.1477,0.1477,0.1477,10000088,2015-09-23,2015-09-23,P,2.7,2015-03-19
21814,2015-04-08 14:35:00,2015-04-08,0.1477,0.0,0.0,109.0,0.1477,0.1477,0.1477,10000088,2015-09-23,2015-09-23,P,2.7,2015-03-19
21815,2015-04-08 14:36:00,2015-04-08,0.1477,0.0,0.0,109.0,0.1477,0.1477,0.1477,10000088,2015-09-23,2015-09-23,P,2.7,2015-03-19
21816,2015-04-08 14:37:00,2015-04-08,0.1477,0.0,0.0,109.0,0.1477,0.1477,0.1477,10000088,2015-09-23,2015-09-23,P,2.7,2015-03-19
21817,2015-04-08 14:38:00,2015-04-08,0.1477,0.0,0.0,109.0,0.1477,0.1477,0.1477,10000088,2015-09-23,2015-09-23,P,2.7,2015-03-19
21818,2015-04-08 14:39:00,2015-04-08,0.1477,0.0,0.0,109.0,0.1477,0.1477,0.1477,10000088,2015-09-23,2015-09-23,P,2.7,2015-03-19
21819,2015-04-08 14:40:00,2015-04-08,0.1477,0.0,0.0,109.0,0.1477,0.1477,0.1477,10000088,2015-09-23,2015-09-23,P,2.7,2015-03-19
21820,2015-04-08 14:41:00,2015-04-08,0.1477,0.0,0.0,109.0,0.1477,0.1477,0.1477,10000088,2015-09-23,2015-09-23,P,2.7,2015-03-19
21821,2015-04-08 14:42:00,2015-04-08,0.1477,0.0,0.0,109.0,0.1477,0.1477,0.1477,10000088,2015-09-23,2015-09-23,P,2.7,2015-03-19
21822,2015-04-08 14:43:00,2015-04-08,0.1477,0.0,0.0,109.0,0.1477,0.1477,0.1477,10000088,2015-09-23,2015-09-23,P,2.7,2015-03-19
21823,2015-04-08 14:44:00,2015-04-08,0.1477,0.0,0.0,109.0,0.1477,0.1477,0.1477,10000088,2015-09-23,2015-09-23,P,2.7,2015-03-19
21824,2015-04-08 14:45:00,2015-04-08,0.1477,0.0,0.0,109.0,0.1477,0.1477,0.1477,10000088,2015-09-23,2015-09-23,P,2.7,2015-03-19
21825,2015-04-08 14:46:00,2015-04-08,0.1477,0.0,0.0,109.0,0.1477,0.1477,0.1477,10000088,2015-09-23,2015-09-23,P,2.7,2015-03-19
21826,2015-04-08 14:47:00,2015-04-08,0.1477,0.0,0.0,109.0,0.1477,0.1477,0.1477,10000088,2015-09-23,2015-09-23,P,2.7,2015-03-19
21827,2015-04-08 14:48:00,2015-04-08,0.1477,0.0,0.0,109.0,0.1477,0.1477,0.1477,10000088,2015-09-23,2015-09-23,P,2.7,2015-03-19
21828,2015-04-08 14:49:00,2015-04-08,0.1477,0.0,0.0,109.0,0.1477,0.1477,0.1477,10000088,2015-09-23,2015-09-23,P,2.7,2015-03-19
21829,2015-04-08 14:50:00,2015-04-08,0.1477,0.0,0.0,109.0,0.1477,0.1477,0.1477,10000088,2015-09-23,2015-09-23,P,2.7,2015-03-19
21830,2015-04-08 14:51:00,2015-04-08,0.1477,0.0,0.0,109.0,0.1477,0.1477,0.1477,10000088,2015-09-23,2015-09-23,P,2.7,2015-03-19
21831,2015-04-08 14:52:00,2015-04-08,0.1477,0.0,0.0,109.0,0.1477,0.1477,0.1477,10000088,2015-09-23,2015-09-23,P,2.7,2015-03-19
21832,2015-04-08 14:53:00,2015-04-08,0.1477,0.0,0.0,109.0,0.1477,0.1477,0.1477,10000088,2015-09-23,2015-09-23,P,2.7,2015-03-19
21833,2015-04-08 14:54:00,2015-04-08,0.1477,0.0,0.0,109.0,0.1477,0.1477,0.1477,10000088,2015-09-23,2015-09-23,P,2.7,2015-03-19
21834,2015-04-08 14:55:00,2015-04-08,0.1477,0.0,0.0,109.0,0.1477,0.1477,0.1477,10000088,2015-09-23,2015-09-23,P,2.7,2015-03-19
21835,2015-04-08 14:56:00,2015-04-08,0.1477,0.0,0.0,109.0,0.1477,0.1477,0.1477,10000088,2015-09-23,2015-09-23,P,2.7,2015-03-19
21836,2015-04-08 14:57:00,2015-04-08,0.1477,0.0,0.0,109.0,0.1477,0.1477,0.1477,10000088,2015-09-23,2015-09-23,P,2.7,2015-03-19
21837,2015-04-08 14:58:00,2015-04-08,0.1477,0.0,0.0,109.0,0.1477,0.1477,0.1477,10000088,2015-09-23,2015-09-23,P,2.7,2015-03-19
21838,2015-04-08 14:59:00,2015-04-08,0.1477,0.0,0.0,109.0,0.1477,0.1477,0.1477,10000088,2015-09-23,2015-09-23,P,2.7,2015-03-19
21839,2015-04-08 15:00:00,2015-04-08,0.1477,0.0,0.0,109.0,0.1477,0.1477,0.1477,10000088,2015-09-23,2015-09-23,P,2.7,2015-03-19
21840,2015-04-08 09:31:00,2015-04-08,0.0949,4745.0,5.0,242.0,0.0949,0.0949,0.0949,10000116,2015-05-27,2015-05-27,P,2.75,2015-03-27
21841,2015-04-08 09:32:00,2015-04-08,0.0949,0.0,0.0,242.0,0.0949,0.0949,0.0949,10000116,2015-05-27,2015-05-27,P,2.75,2015-03-27
21842,2015-04-08 09:33:00,2015-04-08,0.0952,4760.0,5.0,242.0,0.0952,0.0952,0.0952,10000116,2015-05-27,2015-05-27,P,2.75,2015-03-27
21843,2015-04-08 09:34:00,2015-04-08,0.0952,0.0,0.0,242.0,0.0952,0.0952,0.0952,10000116,2015-05-27,2015-05-27,P,2.75,2015-03-27
21844,2015-04-08 09:35:00,2015-04-08,0.0974,974.0,1.0,241.0,0.0974,0.0974,0.0974,10000116,2015-05-27,2015-05-27,P,2.75,2015-03-27
21845,2015-04-08 09:36:00,2015-04-08,0.1001,1001.0,1.0,240.0,0.1001,0.1001,0.1001,10000116,2015-05-27,2015-05-27,P,2.75,2015-03-27
21846,2015-04-08 09:37:00,2015-04-08,0.1001,0.0,0.0,240.0,0.1001,0.1001,0.1001,10000116,2015-05-27,2015-05-27,P,2.75,2015-03-27
21847,2015-04-08 09:38:00,2015-04-08,0.1001,0.0,0.0,240.0,0.1001,0.1001,0.1001,10000116,2015-05-27,2015-05-27,P,2.75,2015-03-27
21848,2015-04-08 09:39:00,2015-04-08,0.1001,0.0,0.0,240.0,0.1001,0.1001,0.1001,10000116,2015-05-27,2015-05-27,P,2.75,2015-03-27
21849,2015-04-08 09:40:00,2015-04-08,0.1001,10010.0,10.0,240.0,0.1001,0.1001,0.1001,10000116,2015-05-27,2015-05-27,P,2.75,2015-03-27
21850,2015-04-08 09:41:00,2015-04-08,0.1001,0.0,0.0,240.0,0.1001,0.1001,0.1001,10000116,2015-05-27,2015-05-27,P,2.75,2015-03-27
21851,2015-04-08 09:42:00,2015-04-08,0.1001,0.0,0.0,240.0,0.1001,0.1001,0.1001,10000116,2015-05-27,2015-05-27,P,2.75,2015-03-27
21852,2015-04-08 09:43:00,2015-04-08,0.097,2910.0,3.0,240.0,0.097,0.097,0.097,10000116,2015-05-27,2015-05-27,P,2.75,2015-03-27
21853,2015-04-08 09:44:00,2015-04-08,0.097,0.0,0.0,240.0,0.097,0.097,0.097,10000116,2015-05-27,2015-05-27,P,2.75,2015-03-27
21854,2015-04-08 09:45:00,2015-04-08,0.097,0.0,0.0,240.0,0.097,0.097,0.097,10000116,2015-05-27,2015-05-27,P,2.75,2015-03-27
21855,2015-04-08 09:46:00,2015-04-08,0.0986,4930.0,5.0,245.0,0.0986,0.0986,0.0986,10000116,2015-05-27,2015-05-27,P,2.75,2015-03-27
21856,2015-04-08 09:47:00,2015-04-08,0.0965,965.0,1.0,246.0,0.0965,0.0965,0.0965,10000116,2015-05-27,2015-05-27,P,2.75,2015-03-27
21857,2015-04-08 09:48:00,2015-04-08,0.0965,0.0,0.0,246.0,0.0965,0.0965,0.0965,10000116,2015-05-27,2015-05-27,P,2.75,2015-03-27
21858,2015-04-08 09:49:00,2015-04-08,0.0965,0.0,0.0,246.0,0.0965,0.0965,0.0965,10000116,2015-05-27,2015-05-27,P,2.75,2015-03-27
21859,2015-04-08 09:50:00,2015-04-08,0.0965,0.0,0.0,246.0,0.0965,0.0965,0.0965,10000116,2015-05-27,2015-05-27,P,2.75,2015-03-27
21860,2015-04-08 09:51:00,2015-04-08,0.0965,0.0,0.0,246.0,0.0965,0.0965,0.0965,10000116,2015-05-27,2015-05-27,P,2.75,2015-03-27
21861,2015-04-08 09:52:00,2015-04-08,0.0926,1852.0,2.0,248.0,0.0926,0.0926,0.0926,10000116,2015-05-27,2015-05-27,P,2.75,2015-03-27
21862,2015-04-08 09:53:00,2015-04-08,0.0926,0.0,0.0,248.0,0.0926,0.0926,0.0926,10000116,2015-05-27,2015-05-27,P,2.75,2015-03-27
21863,2015-04-08 09:54:00,2015-04-08,0.0926,0.0,0.0,248.0,0.0926,0.0926,0.0926,10000116,2015-05-27,2015-05-27,P,2.75,2015-03-27
21864,2015-04-08 09:55:00,2015-04-08,0.0926,0.0,0.0,248.0,0.0926,0.0926,0.0926,10000116,2015-05-27,2015-05-27,P,2.75,2015-03-27
21865,2015-04-08 09:56:00,2015-04-08,0.0926,0.0,0.0,248.0,0.0926,0.0926,0.0926,10000116,2015-05-27,2015-05-27,P,2.75,2015-03-27
21866,2015-04-08 09:57:00,2015-04-08,0.0926,0.0,0.0,248.0,0.0926,0.0926,0.0926,10000116,2015-05-27,2015-05-27,P,2.75,2015-03-27
21867,2015-04-08 09:58:00,2015-04-08,0.0926,0.0,0.0,248.0,0.0926,0.0926,0.0926,10000116,2015-05-27,2015-05-27,P,2.75,2015-03-27
21868,2015-04-08 09:59:00,2015-04-08,0.0926,0.0,0.0,248.0,0.0926,0.0926,0.0926,10000116,2015-05-27,2015-05-27,P,2.75,2015-03-27
21869,2015-04-08 10:00:00,2015-04-08,0.0926,0.0,0.0,248.0,0.0926,0.0926,0.0926,10000116,2015-05-27,2015-05-27,P,2.75,2015-03-27
21870,2015-04-08 10:01:00,2015-04-08,0.0926,0.0,0.0,248.0,0.0926,0.0926,0.0926,10000116,2015-05-27,2015-05-27,P,2.75,2015-03-27
21871,2015-04-08 10:02:00,2015-04-08,0.0904,904.0,1.0,248.0,0.0904,0.0904,0.0904,10000116,2015-05-27,2015-05-27,P,2.75,2015-03-27
21872,2015-04-08 10:03:00,2015-04-08,0.0904,0.0,0.0,248.0,0.0904,0.0904,0.0904,10000116,2015-05-27,2015-05-27,P,2.75,2015-03-27
21873,2015-04-08 10:04:00,2015-04-08,0.0904,5424.0,6.0,248.0,0.0904,0.0904,0.0904,10000116,2015-05-27,2015-05-27,P,2.75,2015-03-27
21874,2015-04-08 10:05:00,2015-04-08,0.0904,0.0,0.0,248.0,0.0904,0.0904,0.0904,10000116,2015-05-27,2015-05-27,P,2.75,2015-03-27
21875,2015-04-08 10:06:00,2015-04-08,0.0904,0.0,0.0,248.0,0.0904,0.0904,0.0904,10000116,2015-05-27,2015-05-27,P,2.75,2015-03-27
21876,2015-04-08 10:07:00,2015-04-08,0.0904,0.0,0.0,248.0,0.0904,0.0904,0.0904,10000116,2015-05-27,2015-05-27,P,2.75,2015-03-27
21877,2015-04-08 10:08:00,2015-04-08,0.0904,0.0,0.0,248.0,0.0904,0.0904,0.0904,10000116,2015-05-27,2015-05-27,P,2.75,2015-03-27
21878,2015-04-08 10:09:00,2015-04-08,0.0904,0.0,0.0,248.0,0.0904,0.0904,0.0904,10000116,2015-05-27,2015-05-27,P,2.75,2015-03-27
21879,2015-04-08 10:10:00,2015-04-08,0.0904,0.0,0.0,248.0,0.0904,0.0904,0.0904,10000116,2015-05-27,2015-05-27,P,2.75,2015-03-27
21880,2015-04-08 10:11:00,2015-04-08,0.0904,0.0,0.0,248.0,0.0904,0.0904,0.0904,10000116,2015-05-27,2015-05-27,P,2.75,2015-03-27
21881,2015-04-08 10:12:00,2015-04-08,0.0904,0.0,0.0,248.0,0.0904,0.0904,0.0904,10000116,2015-05-27,2015-05-27,P,2.75,2015-03-27
21882,2015-04-08 10:13:00,2015-04-08,0.0904,0.0,0.0,248.0,0.0904,0.0904,0.0904,10000116,2015-05-27,2015-05-27,P,2.75,2015-03-27
21883,2015-04-08 10:14:00,2015-04-08,0.0904,0.0,0.0,248.0,0.0904,0.0904,0.0904,10000116,2015-05-27,2015-05-27,P,2.75,2015-03-27
21884,2015-04-08 10:15:00,2015-04-08,0.0904,0.0,0.0,248.0,0.0904,0.0904,0.0904,10000116,2015-05-27,2015-05-27,P,2.75,2015-03-27
21885,2015-04-08 10:16:00,2015-04-08,0.0904,0.0,0.0,248.0,0.0904,0.0904,0.0904,10000116,2015-05-27,2015-05-27,P,2.75,2015-03-27
21886,2015-04-08 10:17:00,2015-04-08,0.0904,0.0,0.0,248.0,0.0904,0.0904,0.0904,10000116,2015-05-27,2015-05-27,P,2.75,2015-03-27
21887,2015-04-08 10:18:00,2015-04-08,0.0904,0.0,0.0,248.0,0.0904,0.0904,0.0904,10000116,2015-05-27,2015-05-27,P,2.75,2015-03-27
21888,2015-04-08 10:19:00,2015-04-08,0.0904,0.0,0.0,248.0,0.0904,0.0904,0.0904,10000116,2015-05-27,2015-05-27,P,2.75,2015-03-27
21889,2015-04-08 10:20:00,2015-04-08,0.0904,0.0,0.0,248.0,0.0904,0.0904,0.0904,10000116,2015-05-27,2015-05-27,P,2.75,2015-03-27
21890,2015-04-08 10:21:00,2015-04-08,0.0904,0.0,0.0,248.0,0.0904,0.0904,0.0904,10000116,2015-05-27,2015-05-27,P,2.75,2015-03-27
21891,2015-04-08 10:22:00,2015-04-08,0.0904,0.0,0.0,248.0,0.0904,0.0904,0.0904,10000116,2015-05-27,2015-05-27,P,2.75,2015-03-27
21892,2015-04-08 10:23:00,2015-04-08,0.0904,0.0,0.0,248.0,0.0904,0.0904,0.0904,10000116,2015-05-27,2015-05-27,P,2.75,2015-03-27
21893,2015-04-08 10:24:00,2015-04-08,0.0904,0.0,0.0,248.0,0.0904,0.0904,0.0904,10000116,2015-05-27,2015-05-27,P,2.75,2015-03-27
21894,2015-04-08 10:25:00,2015-04-08,0.0904,0.0,0.0,248.0,0.0904,0.0904,0.0904,10000116,2015-05-27,2015-05-27,P,2.75,2015-03-27
21895,2015-04-08 10:26:00,2015-04-08,0.0904,0.0,0.0,248.0,0.0904,0.0904,0.0904,10000116,2015-05-27,2015-05-27,P,2.75,2015-03-27
21896,2015-04-08 10:27:00,2015-04-08,0.0904,0.0,0.0,248.0,0.0904,0.0904,0.0904,10000116,2015-05-27,2015-05-27,P,2.75,2015-03-27
21897,2015-04-08 10:28:00,2015-04-08,0.0904,0.0,0.0,248.0,0.0904,0.0904,0.0904,10000116,2015-05-27,2015-05-27,P,2.75,2015-03-27
21898,2015-04-08 10:29:00,2015-04-08,0.0904,0.0,0.0,248.0,0.0904,0.0904,0.0904,10000116,2015-05-27,2015-05-27,P,2.75,2015-03-27
21899,2015-04-08 10:30:00,2015-04-08,0.0904,0.0,0.0,248.0,0.0904,0.0904,0.0904,10000116,2015-05-27,2015-05-27,P,2.75,2015-03-27
21900,2015-04-08 10:31:00,2015-04-08,0.0904,0.0,0.0,248.0,0.0904,0.0904,0.0904,10000116,2015-05-27,2015-05-27,P,2.75,2015-03-27
21901,2015-04-08 10:32:00,2015-04-08,0.0904,0.0,0.0,248.0,0.0904,0.0904,0.0904,10000116,2015-05-27,2015-05-27,P,2.75,2015-03-27
21902,2015-04-08 10:33:00,2015-04-08,0.0904,0.0,0.0,248.0,0.0904,0.0904,0.0904,10000116,2015-05-27,2015-05-27,P,2.75,2015-03-27
21903,2015-04-08 10:34:00,2015-04-08,0.0904,0.0,0.0,248.0,0.0904,0.0904,0.0904,10000116,2015-05-27,2015-05-27,P,2.75,2015-03-27
21904,2015-04-08 10:35:00,2015-04-08,0.0904,0.0,0.0,248.0,0.0904,0.0904,0.0904,10000116,2015-05-27,2015-05-27,P,2.75,2015-03-27
21905,2015-04-08 10:36:00,2015-04-08,0.0904,0.0,0.0,248.0,0.0904,0.0904,0.0904,10000116,2015-05-27,2015-05-27,P,2.75,2015-03-27
21906,2015-04-08 10:37:00,2015-04-08,0.0904,0.0,0.0,248.0,0.0904,0.0904,0.0904,10000116,2015-05-27,2015-05-27,P,2.75,2015-03-27
21907,2015-04-08 10:38:00,2015-04-08,0.0904,0.0,0.0,248.0,0.0904,0.0904,0.0904,10000116,2015-05-27,2015-05-27,P,2.75,2015-03-27
21908,2015-04-08 10:39:00,2015-04-08,0.0904,0.0,0.0,248.0,0.0904,0.0904,0.0904,10000116,2015-05-27,2015-05-27,P,2.75,2015-03-27
21909,2015-04-08 10:40:00,2015-04-08,0.0904,0.0,0.0,248.0,0.0904,0.0904,0.0904,10000116,2015-05-27,2015-05-27,P,2.75,2015-03-27
21910,2015-04-08 10:41:00,2015-04-08,0.0904,0.0,0.0,248.0,0.0904,0.0904,0.0904,10000116,2015-05-27,2015-05-27,P,2.75,2015-03-27
21911,2015-04-08 10:42:00,2015-04-08,0.0904,0.0,0.0,248.0,0.0904,0.0904,0.0904,10000116,2015-05-27,2015-05-27,P,2.75,2015-03-27
21912,2015-04-08 10:43:00,2015-04-08,0.0904,0.0,0.0,248.0,0.0904,0.0904,0.0904,10000116,2015-05-27,2015-05-27,P,2.75,2015-03-27
21913,2015-04-08 10:44:00,2015-04-08,0.0904,0.0,0.0,248.0,0.0904,0.0904,0.0904,10000116,2015-05-27,2015-05-27,P,2.75,2015-03-27
21914,2015-04-08 10:45:00,2015-04-08,0.0904,0.0,0.0,248.0,0.0904,0.0904,0.0904,10000116,2015-05-27,2015-05-27,P,2.75,2015-03-27
21915,2015-04-08 10:46:00,2015-04-08,0.0904,0.0,0.0,248.0,0.0904,0.0904,0.0904,10000116,2015-05-27,2015-05-27,P,2.75,2015-03-27
21916,2015-04-08 10:47:00,2015-04-08,0.0904,0.0,0.0,248.0,0.0904,0.0904,0.0904,10000116,2015-05-27,2015-05-27,P,2.75,2015-03-27
21917,2015-04-08 10:48:00,2015-04-08,0.0904,0.0,0.0,248.0,0.0904,0.0904,0.0904,10000116,2015-05-27,2015-05-27,P,2.75,2015-03-27
21918,2015-04-08 10:49:00,2015-04-08,0.0904,0.0,0.0,248.0,0.0904,0.0904,0.0904,10000116,2015-05-27,2015-05-27,P,2.75,2015-03-27
21919,2015-04-08 10:50:00,2015-04-08,0.0904,0.0,0.0,248.0,0.0904,0.0904,0.0904,10000116,2015-05-27,2015-05-27,P,2.75,2015-03-27
21920,2015-04-08 10:51:00,2015-04-08,0.0904,0.0,0.0,248.0,0.0904,0.0904,0.0904,10000116,2015-05-27,2015-05-27,P,2.75,2015-03-27
21921,2015-04-08 10:52:00,2015-04-08,0.0904,0.0,0.0,248.0,0.0904,0.0904,0.0904,10000116,2015-05-27,2015-05-27,P,2.75,2015-03-27
21922,2015-04-08 10:53:00,2015-04-08,0.0904,0.0,0.0,248.0,0.0904,0.0904,0.0904,10000116,2015-05-27,2015-05-27,P,2.75,2015-03-27
21923,2015-04-08 10:54:00,2015-04-08,0.0991,991.0,1.0,249.0,0.0991,0.0991,0.0991,10000116,2015-05-27,2015-05-27,P,2.75,2015-03-27
21924,2015-04-08 10:55:00,2015-04-08,0.0991,0.0,0.0,249.0,0.0991,0.0991,0.0991,10000116,2015-05-27,2015-05-27,P,2.75,2015-03-27
21925,2015-04-08 10:56:00,2015-04-08,0.0991,0.0,0.0,249.0,0.0991,0.0991,0.0991,10000116,2015-05-27,2015-05-27,P,2.75,2015-03-27
21926,2015-04-08 10:57:00,2015-04-08,0.0991,0.0,0.0,249.0,0.0991,0.0991,0.0991,10000116,2015-05-27,2015-05-27,P,2.75,2015-03-27
21927,2015-04-08 10:58:00,2015-04-08,0.0991,0.0,0.0,249.0,0.0991,0.0991,0.0991,10000116,2015-05-27,2015-05-27,P,2.75,2015-03-27
21928,2015-04-08 10:59:00,2015-04-08,0.0991,0.0,0.0,249.0,0.0991,0.0991,0.0991,10000116,2015-05-27,2015-05-27,P,2.75,2015-03-27
21929,2015-04-08 11:00:00,2015-04-08,0.0991,0.0,0.0,249.0,0.0991,0.0991,0.0991,10000116,2015-05-27,2015-05-27,P,2.75,2015-03-27
21930,2015-04-08 11:01:00,2015-04-08,0.0991,0.0,0.0,249.0,0.0991,0.0991,0.0991,10000116,2015-05-27,2015-05-27,P,2.75,2015-03-27
21931,2015-04-08 11:02:00,2015-04-08,0.0991,0.0,0.0,249.0,0.0991,0.0991,0.0991,10000116,2015-05-27,2015-05-27,P,2.75,2015-03-27
21932,2015-04-08 11:03:00,2015-04-08,0.0991,0.0,0.0,249.0,0.0991,0.0991,0.0991,10000116,2015-05-27,2015-05-27,P,2.75,2015-03-27
21933,2015-04-08 11:04:00,2015-04-08,0.0991,0.0,0.0,249.0,0.0991,0.0991,0.0991,10000116,2015-05-27,2015-05-27,P,2.75,2015-03-27
21934,2015-04-08 11:05:00,2015-04-08,0.0991,0.0,0.0,249.0,0.0991,0.0991,0.0991,10000116,2015-05-27,2015-05-27,P,2.75,2015-03-27
21935,2015-04-08 11:06:00,2015-04-08,0.0991,0.0,0.0,249.0,0.0991,0.0991,0.0991,10000116,2015-05-27,2015-05-27,P,2.75,2015-03-27
21936,2015-04-08 11:07:00,2015-04-08,0.0991,0.0,0.0,249.0,0.0991,0.0991,0.0991,10000116,2015-05-27,2015-05-27,P,2.75,2015-03-27
21937,2015-04-08 11:08:00,2015-04-08,0.0991,0.0,0.0,249.0,0.0991,0.0991,0.0991,10000116,2015-05-27,2015-05-27,P,2.75,2015-03-27
21938,2015-04-08 11:09:00,2015-04-08,0.0991,0.0,0.0,249.0,0.0991,0.0991,0.0991,10000116,2015-05-27,2015-05-27,P,2.75,2015-03-27
21939,2015-04-08 11:10:00,2015-04-08,0.0991,0.0,0.0,249.0,0.0991,0.0991,0.0991,10000116,2015-05-27,2015-05-27,P,2.75,2015-03-27
21940,2015-04-08 11:11:00,2015-04-08,0.0991,0.0,0.0,249.0,0.0991,0.0991,0.0991,10000116,2015-05-27,2015-05-27,P,2.75,2015-03-27
21941,2015-04-08 11:12:00,2015-04-08,0.0991,0.0,0.0,249.0,0.0991,0.0991,0.0991,10000116,2015-05-27,2015-05-27,P,2.75,2015-03-27
21942,2015-04-08 11:13:00,2015-04-08,0.0991,0.0,0.0,249.0,0.0991,0.0991,0.0991,10000116,2015-05-27,2015-05-27,P,2.75,2015-03-27
21943,2015-04-08 11:14:00,2015-04-08,0.0991,0.0,0.0,249.0,0.0991,0.0991,0.0991,10000116,2015-05-27,2015-05-27,P,2.75,2015-03-27
21944,2015-04-08 11:15:00,2015-04-08,0.0991,0.0,0.0,249.0,0.0991,0.0991,0.0991,10000116,2015-05-27,2015-05-27,P,2.75,2015-03-27
21945,2015-04-08 11:16:00,2015-04-08,0.0991,0.0,0.0,249.0,0.0991,0.0991,0.0991,10000116,2015-05-27,2015-05-27,P,2.75,2015-03-27
21946,2015-04-08 11:17:00,2015-04-08,0.0991,0.0,0.0,249.0,0.0991,0.0991,0.0991,10000116,2015-05-27,2015-05-27,P,2.75,2015-03-27
21947,2015-04-08 11:18:00,2015-04-08,0.0991,0.0,0.0,249.0,0.0991,0.0991,0.0991,10000116,2015-05-27,2015-05-27,P,2.75,2015-03-27
21948,2015-04-08 11:19:00,2015-04-08,0.0991,0.0,0.0,249.0,0.0991,0.0991,0.0991,10000116,2015-05-27,2015-05-27,P,2.75,2015-03-27
21949,2015-04-08 11:20:00,2015-04-08,0.0991,0.0,0.0,249.0,0.0991,0.0991,0.0991,10000116,2015-05-27,2015-05-27,P,2.75,2015-03-27
21950,2015-04-08 11:21:00,2015-04-08,0.0991,0.0,0.0,249.0,0.0991,0.0991,0.0991,10000116,2015-05-27,2015-05-27,P,2.75,2015-03-27
21951,2015-04-08 11:22:00,2015-04-08,0.0991,0.0,0.0,249.0,0.0991,0.0991,0.0991,10000116,2015-05-27,2015-05-27,P,2.75,2015-03-27
21952,2015-04-08 11:23:00,2015-04-08,0.0991,0.0,0.0,249.0,0.0991,0.0991,0.0991,10000116,2015-05-27,2015-05-27,P,2.75,2015-03-27
21953,2015-04-08 11:24:00,2015-04-08,0.0991,0.0,0.0,249.0,0.0991,0.0991,0.0991,10000116,2015-05-27,2015-05-27,P,2.75,2015-03-27
21954,2015-04-08 11:25:00,2015-04-08,0.0991,0.0,0.0,249.0,0.0991,0.0991,0.0991,10000116,2015-05-27,2015-05-27,P,2.75,2015-03-27
21955,2015-04-08 11:26:00,2015-04-08,0.0991,0.0,0.0,249.0,0.0991,0.0991,0.0991,10000116,2015-05-27,2015-05-27,P,2.75,2015-03-27
21956,2015-04-08 11:27:00,2015-04-08,0.0991,0.0,0.0,249.0,0.0991,0.0991,0.0991,10000116,2015-05-27,2015-05-27,P,2.75,2015-03-27
21957,2015-04-08 11:28:00,2015-04-08,0.0991,0.0,0.0,249.0,0.0991,0.0991,0.0991,10000116,2015-05-27,2015-05-27,P,2.75,2015-03-27
21958,2015-04-08 11:29:00,2015-04-08,0.0991,0.0,0.0,249.0,0.0991,0.0991,0.0991,10000116,2015-05-27,2015-05-27,P,2.75,2015-03-27
21959,2015-04-08 11:30:00,2015-04-08,0.0991,0.0,0.0,249.0,0.0991,0.0991,0.0991,10000116,2015-05-27,2015-05-27,P,2.75,2015-03-27
21960,2015-04-08 13:01:00,2015-04-08,0.0863,6904.0,8.0,241.0,0.0863,0.0863,0.0863,10000116,2015-05-27,2015-05-27,P,2.75,2015-03-27
21961,2015-04-08 13:02:00,2015-04-08,0.0863,0.0,0.0,241.0,0.0863,0.0863,0.0863,10000116,2015-05-27,2015-05-27,P,2.75,2015-03-27
21962,2015-04-08 13:03:00,2015-04-08,0.0863,0.0,0.0,241.0,0.0863,0.0863,0.0863,10000116,2015-05-27,2015-05-27,P,2.75,2015-03-27
21963,2015-04-08 13:04:00,2015-04-08,0.0863,0.0,0.0,241.0,0.0863,0.0863,0.0863,10000116,2015-05-27,2015-05-27,P,2.75,2015-03-27
21964,2015-04-08 13:05:00,2015-04-08,0.0863,0.0,0.0,241.0,0.0863,0.0863,0.0863,10000116,2015-05-27,2015-05-27,P,2.75,2015-03-27
21965,2015-04-08 13:06:00,2015-04-08,0.0863,0.0,0.0,241.0,0.0863,0.0863,0.0863,10000116,2015-05-27,2015-05-27,P,2.75,2015-03-27
21966,2015-04-08 13:07:00,2015-04-08,0.0863,0.0,0.0,241.0,0.0863,0.0863,0.0863,10000116,2015-05-27,2015-05-27,P,2.75,2015-03-27
21967,2015-04-08 13:08:00,2015-04-08,0.0863,0.0,0.0,241.0,0.0863,0.0863,0.0863,10000116,2015-05-27,2015-05-27,P,2.75,2015-03-27
21968,2015-04-08 13:09:00,2015-04-08,0.0863,0.0,0.0,241.0,0.0863,0.0863,0.0863,10000116,2015-05-27,2015-05-27,P,2.75,2015-03-27
21969,2015-04-08 13:10:00,2015-04-08,0.0863,0.0,0.0,241.0,0.0863,0.0863,0.0863,10000116,2015-05-27,2015-05-27,P,2.75,2015-03-27
21970,2015-04-08 13:11:00,2015-04-08,0.0863,0.0,0.0,241.0,0.0863,0.0863,0.0863,10000116,2015-05-27,2015-05-27,P,2.75,2015-03-27
21971,2015-04-08 13:12:00,2015-04-08,0.0863,0.0,0.0,241.0,0.0863,0.0863,0.0863,10000116,2015-05-27,2015-05-27,P,2.75,2015-03-27
21972,2015-04-08 13:13:00,2015-04-08,0.0863,0.0,0.0,241.0,0.0863,0.0863,0.0863,10000116,2015-05-27,2015-05-27,P,2.75,2015-03-27
21973,2015-04-08 13:14:00,2015-04-08,0.0863,0.0,0.0,241.0,0.0863,0.0863,0.0863,10000116,2015-05-27,2015-05-27,P,2.75,2015-03-27
21974,2015-04-08 13:15:00,2015-04-08,0.0863,0.0,0.0,241.0,0.0863,0.0863,0.0863,10000116,2015-05-27,2015-05-27,P,2.75,2015-03-27
21975,2015-04-08 13:16:00,2015-04-08,0.0863,0.0,0.0,241.0,0.0863,0.0863,0.0863,10000116,2015-05-27,2015-05-27,P,2.75,2015-03-27
21976,2015-04-08 13:17:00,2015-04-08,0.0863,0.0,0.0,241.0,0.0863,0.0863,0.0863,10000116,2015-05-27,2015-05-27,P,2.75,2015-03-27
21977,2015-04-08 13:18:00,2015-04-08,0.0863,0.0,0.0,241.0,0.0863,0.0863,0.0863,10000116,2015-05-27,2015-05-27,P,2.75,2015-03-27
21978,2015-04-08 13:19:00,2015-04-08,0.0863,0.0,0.0,241.0,0.0863,0.0863,0.0863,10000116,2015-05-27,2015-05-27,P,2.75,2015-03-27
21979,2015-04-08 13:20:00,2015-04-08,0.0863,0.0,0.0,241.0,0.0863,0.0863,0.0863,10000116,2015-05-27,2015-05-27,P,2.75,2015-03-27
21980,2015-04-08 13:21:00,2015-04-08,0.0863,0.0,0.0,241.0,0.0863,0.0863,0.0863,10000116,2015-05-27,2015-05-27,P,2.75,2015-03-27
21981,2015-04-08 13:22:00,2015-04-08,0.0863,0.0,0.0,241.0,0.0863,0.0863,0.0863,10000116,2015-05-27,2015-05-27,P,2.75,2015-03-27
21982,2015-04-08 13:23:00,2015-04-08,0.0863,0.0,0.0,241.0,0.0863,0.0863,0.0863,10000116,2015-05-27,2015-05-27,P,2.75,2015-03-27
21983,2015-04-08 13:24:00,2015-04-08,0.0863,0.0,0.0,241.0,0.0863,0.0863,0.0863,10000116,2015-05-27,2015-05-27,P,2.75,2015-03-27
21984,2015-04-08 13:25:00,2015-04-08,0.0863,0.0,0.0,241.0,0.0863,0.0863,0.0863,10000116,2015-05-27,2015-05-27,P,2.75,2015-03-27
21985,2015-04-08 13:26:00,2015-04-08,0.0863,0.0,0.0,241.0,0.0863,0.0863,0.0863,10000116,2015-05-27,2015-05-27,P,2.75,2015-03-27
21986,2015-04-08 13:27:00,2015-04-08,0.0863,0.0,0.0,241.0,0.0863,0.0863,0.0863,10000116,2015-05-27,2015-05-27,P,2.75,2015-03-27
21987,2015-04-08 13:28:00,2015-04-08,0.0863,0.0,0.0,241.0,0.0863,0.0863,0.0863,10000116,2015-05-27,2015-05-27,P,2.75,2015-03-27
21988,2015-04-08 13:29:00,2015-04-08,0.0863,0.0,0.0,241.0,0.0863,0.0863,0.0863,10000116,2015-05-27,2015-05-27,P,2.75,2015-03-27
21989,2015-04-08 13:30:00,2015-04-08,0.0815,1630.0,2.0,243.0,0.0815,0.0815,0.0815,10000116,2015-05-27,2015-05-27,P,2.75,2015-03-27
21990,2015-04-08 13:31:00,2015-04-08,0.0782,782.0,1.0,243.0,0.0782,0.0782,0.0782,10000116,2015-05-27,2015-05-27,P,2.75,2015-03-27
21991,2015-04-08 13:32:00,2015-04-08,0.0782,0.0,0.0,243.0,0.0782,0.0782,0.0782,10000116,2015-05-27,2015-05-27,P,2.75,2015-03-27
21992,2015-04-08 13:33:00,2015-04-08,0.0782,0.0,0.0,243.0,0.0782,0.0782,0.0782,10000116,2015-05-27,2015-05-27,P,2.75,2015-03-27
21993,2015-04-08 13:34:00,2015-04-08,0.0782,0.0,0.0,243.0,0.0782,0.0782,0.0782,10000116,2015-05-27,2015-05-27,P,2.75,2015-03-27
21994,2015-04-08 13:35:00,2015-04-08,0.0782,0.0,0.0,243.0,0.0782,0.0782,0.0782,10000116,2015-05-27,2015-05-27,P,2.75,2015-03-27
21995,2015-04-08 13:36:00,2015-04-08,0.0782,0.0,0.0,243.0,0.0782,0.0782,0.0782,10000116,2015-05-27,2015-05-27,P,2.75,2015-03-27
21996,2015-04-08 13:37:00,2015-04-08,0.0782,0.0,0.0,243.0,0.0782,0.0782,0.0782,10000116,2015-05-27,2015-05-27,P,2.75,2015-03-27
21997,2015-04-08 13:38:00,2015-04-08,0.0782,0.0,0.0,243.0,0.0782,0.0782,0.0782,10000116,2015-05-27,2015-05-27,P,2.75,2015-03-27
21998,2015-04-08 13:39:00,2015-04-08,0.0782,0.0,0.0,243.0,0.0782,0.0782,0.0782,10000116,2015-05-27,2015-05-27,P,2.75,2015-03-27
21999,2015-04-08 13:40:00,2015-04-08,0.0782,0.0,0.0,243.0,0.0782,0.0782,0.0782,10000116,2015-05-27,2015-05-27,P,2.75,2015-03-27
22000,2015-04-08 13:41:00,2015-04-08,0.0782,0.0,0.0,243.0,0.0782,0.0782,0.0782,10000116,2015-05-27,2015-05-27,P,2.75,2015-03-27
22001,2015-04-08 13:42:00,2015-04-08,0.0782,0.0,0.0,243.0,0.0782,0.0782,0.0782,10000116,2015-05-27,2015-05-27,P,2.75,2015-03-27
22002,2015-04-08 13:43:00,2015-04-08,0.0782,0.0,0.0,243.0,0.0782,0.0782,0.0782,10000116,2015-05-27,2015-05-27,P,2.75,2015-03-27
22003,2015-04-08 13:44:00,2015-04-08,0.0782,0.0,0.0,243.0,0.0782,0.0782,0.0782,10000116,2015-05-27,2015-05-27,P,2.75,2015-03-27
22004,2015-04-08 13:45:00,2015-04-08,0.0782,0.0,0.0,243.0,0.0782,0.0782,0.0782,10000116,2015-05-27,2015-05-27,P,2.75,2015-03-27
22005,2015-04-08 13:46:00,2015-04-08,0.0782,0.0,0.0,243.0,0.0782,0.0782,0.0782,10000116,2015-05-27,2015-05-27,P,2.75,2015-03-27
22006,2015-04-08 13:47:00,2015-04-08,0.0782,0.0,0.0,243.0,0.0782,0.0782,0.0782,10000116,2015-05-27,2015-05-27,P,2.75,2015-03-27
22007,2015-04-08 13:48:00,2015-04-08,0.0782,0.0,0.0,243.0,0.0782,0.0782,0.0782,10000116,2015-05-27,2015-05-27,P,2.75,2015-03-27
22008,2015-04-08 13:49:00,2015-04-08,0.0782,0.0,0.0,243.0,0.0782,0.0782,0.0782,10000116,2015-05-27,2015-05-27,P,2.75,2015-03-27
22009,2015-04-08 13:50:00,2015-04-08,0.0782,0.0,0.0,243.0,0.0782,0.0782,0.0782,10000116,2015-05-27,2015-05-27,P,2.75,2015-03-27
22010,2015-04-08 13:51:00,2015-04-08,0.0782,0.0,0.0,243.0,0.0782,0.0782,0.0782,10000116,2015-05-27,2015-05-27,P,2.75,2015-03-27
22011,2015-04-08 13:52:00,2015-04-08,0.0782,0.0,0.0,243.0,0.0782,0.0782,0.0782,10000116,2015-05-27,2015-05-27,P,2.75,2015-03-27
22012,2015-04-08 13:53:00,2015-04-08,0.0782,0.0,0.0,243.0,0.0782,0.0782,0.0782,10000116,2015-05-27,2015-05-27,P,2.75,2015-03-27
22013,2015-04-08 13:54:00,2015-04-08,0.0782,0.0,0.0,243.0,0.0782,0.0782,0.0782,10000116,2015-05-27,2015-05-27,P,2.75,2015-03-27
22014,2015-04-08 13:55:00,2015-04-08,0.0782,0.0,0.0,243.0,0.0782,0.0782,0.0782,10000116,2015-05-27,2015-05-27,P,2.75,2015-03-27
22015,2015-04-08 13:56:00,2015-04-08,0.0782,0.0,0.0,243.0,0.0782,0.0782,0.0782,10000116,2015-05-27,2015-05-27,P,2.75,2015-03-27
22016,2015-04-08 13:57:00,2015-04-08,0.0782,0.0,0.0,243.0,0.0782,0.0782,0.0782,10000116,2015-05-27,2015-05-27,P,2.75,2015-03-27
22017,2015-04-08 13:58:00,2015-04-08,0.0782,0.0,0.0,243.0,0.0782,0.0782,0.0782,10000116,2015-05-27,2015-05-27,P,2.75,2015-03-27
22018,2015-04-08 13:59:00,2015-04-08,0.0782,0.0,0.0,243.0,0.0782,0.0782,0.0782,10000116,2015-05-27,2015-05-27,P,2.75,2015-03-27
22019,2015-04-08 14:00:00,2015-04-08,0.0782,0.0,0.0,243.0,0.0782,0.0782,0.0782,10000116,2015-05-27,2015-05-27,P,2.75,2015-03-27
22020,2015-04-08 14:01:00,2015-04-08,0.0782,0.0,0.0,243.0,0.0782,0.0782,0.0782,10000116,2015-05-27,2015-05-27,P,2.75,2015-03-27
22021,2015-04-08 14:02:00,2015-04-08,0.0782,0.0,0.0,243.0,0.0782,0.0782,0.0782,10000116,2015-05-27,2015-05-27,P,2.75,2015-03-27
22022,2015-04-08 14:03:00,2015-04-08,0.0782,0.0,0.0,243.0,0.0782,0.0782,0.0782,10000116,2015-05-27,2015-05-27,P,2.75,2015-03-27
22023,2015-04-08 14:04:00,2015-04-08,0.0782,0.0,0.0,243.0,0.0782,0.0782,0.0782,10000116,2015-05-27,2015-05-27,P,2.75,2015-03-27
22024,2015-04-08 14:05:00,2015-04-08,0.0782,0.0,0.0,243.0,0.0782,0.0782,0.0782,10000116,2015-05-27,2015-05-27,P,2.75,2015-03-27
22025,2015-04-08 14:06:00,2015-04-08,0.0782,0.0,0.0,243.0,0.0782,0.0782,0.0782,10000116,2015-05-27,2015-05-27,P,2.75,2015-03-27
22026,2015-04-08 14:07:00,2015-04-08,0.0782,0.0,0.0,243.0,0.0782,0.0782,0.0782,10000116,2015-05-27,2015-05-27,P,2.75,2015-03-27
22027,2015-04-08 14:08:00,2015-04-08,0.0782,0.0,0.0,243.0,0.0782,0.0782,0.0782,10000116,2015-05-27,2015-05-27,P,2.75,2015-03-27
22028,2015-04-08 14:09:00,2015-04-08,0.0782,0.0,0.0,243.0,0.0782,0.0782,0.0782,10000116,2015-05-27,2015-05-27,P,2.75,2015-03-27
22029,2015-04-08 14:10:00,2015-04-08,0.0782,0.0,0.0,243.0,0.0782,0.0782,0.0782,10000116,2015-05-27,2015-05-27,P,2.75,2015-03-27
22030,2015-04-08 14:11:00,2015-04-08,0.0782,0.0,0.0,243.0,0.0782,0.0782,0.0782,10000116,2015-05-27,2015-05-27,P,2.75,2015-03-27
22031,2015-04-08 14:12:00,2015-04-08,0.0782,0.0,0.0,243.0,0.0782,0.0782,0.0782,10000116,2015-05-27,2015-05-27,P,2.75,2015-03-27
22032,2015-04-08 14:13:00,2015-04-08,0.0782,0.0,0.0,243.0,0.0782,0.0782,0.0782,10000116,2015-05-27,2015-05-27,P,2.75,2015-03-27
22033,2015-04-08 14:14:00,2015-04-08,0.0782,0.0,0.0,243.0,0.0782,0.0782,0.0782,10000116,2015-05-27,2015-05-27,P,2.75,2015-03-27
22034,2015-04-08 14:15:00,2015-04-08,0.084,840.0,1.0,243.0,0.084,0.084,0.084,10000116,2015-05-27,2015-05-27,P,2.75,2015-03-27
22035,2015-04-08 14:16:00,2015-04-08,0.084,0.0,0.0,243.0,0.084,0.084,0.084,10000116,2015-05-27,2015-05-27,P,2.75,2015-03-27
22036,2015-04-08 14:17:00,2015-04-08,0.084,0.0,0.0,243.0,0.084,0.084,0.084,10000116,2015-05-27,2015-05-27,P,2.75,2015-03-27
22037,2015-04-08 14:18:00,2015-04-08,0.084,0.0,0.0,243.0,0.084,0.084,0.084,10000116,2015-05-27,2015-05-27,P,2.75,2015-03-27
22038,2015-04-08 14:19:00,2015-04-08,0.084,0.0,0.0,243.0,0.084,0.084,0.084,10000116,2015-05-27,2015-05-27,P,2.75,2015-03-27
22039,2015-04-08 14:20:00,2015-04-08,0.084,0.0,0.0,243.0,0.084,0.084,0.084,10000116,2015-05-27,2015-05-27,P,2.75,2015-03-27
22040,2015-04-08 14:21:00,2015-04-08,0.084,0.0,0.0,243.0,0.084,0.084,0.084,10000116,2015-05-27,2015-05-27,P,2.75,2015-03-27
22041,2015-04-08 14:22:00,2015-04-08,0.084,0.0,0.0,243.0,0.084,0.084,0.084,10000116,2015-05-27,2015-05-27,P,2.75,2015-03-27
22042,2015-04-08 14:23:00,2015-04-08,0.084,0.0,0.0,243.0,0.084,0.084,0.084,10000116,2015-05-27,2015-05-27,P,2.75,2015-03-27
22043,2015-04-08 14:24:00,2015-04-08,0.084,0.0,0.0,243.0,0.084,0.084,0.084,10000116,2015-05-27,2015-05-27,P,2.75,2015-03-27
22044,2015-04-08 14:25:00,2015-04-08,0.084,0.0,0.0,243.0,0.084,0.084,0.084,10000116,2015-05-27,2015-05-27,P,2.75,2015-03-27
22045,2015-04-08 14:26:00,2015-04-08,0.084,0.0,0.0,243.0,0.084,0.084,0.084,10000116,2015-05-27,2015-05-27,P,2.75,2015-03-27
22046,2015-04-08 14:27:00,2015-04-08,0.084,0.0,0.0,243.0,0.084,0.084,0.084,10000116,2015-05-27,2015-05-27,P,2.75,2015-03-27
22047,2015-04-08 14:28:00,2015-04-08,0.084,0.0,0.0,243.0,0.084,0.084,0.084,10000116,2015-05-27,2015-05-27,P,2.75,2015-03-27
22048,2015-04-08 14:29:00,2015-04-08,0.084,0.0,0.0,243.0,0.084,0.084,0.084,10000116,2015-05-27,2015-05-27,P,2.75,2015-03-27
22049,2015-04-08 14:30:00,2015-04-08,0.084,0.0,0.0,243.0,0.084,0.084,0.084,10000116,2015-05-27,2015-05-27,P,2.75,2015-03-27
22050,2015-04-08 14:31:00,2015-04-08,0.084,0.0,0.0,243.0,0.084,0.084,0.084,10000116,2015-05-27,2015-05-27,P,2.75,2015-03-27
22051,2015-04-08 14:32:00,2015-04-08,0.084,0.0,0.0,243.0,0.084,0.084,0.084,10000116,2015-05-27,2015-05-27,P,2.75,2015-03-27
22052,2015-04-08 14:33:00,2015-04-08,0.084,0.0,0.0,243.0,0.084,0.084,0.084,10000116,2015-05-27,2015-05-27,P,2.75,2015-03-27
22053,2015-04-08 14:34:00,2015-04-08,0.084,0.0,0.0,243.0,0.084,0.084,0.084,10000116,2015-05-27,2015-05-27,P,2.75,2015-03-27
22054,2015-04-08 14:35:00,2015-04-08,0.084,0.0,0.0,243.0,0.084,0.084,0.084,10000116,2015-05-27,2015-05-27,P,2.75,2015-03-27
22055,2015-04-08 14:36:00,2015-04-08,0.084,0.0,0.0,243.0,0.084,0.084,0.084,10000116,2015-05-27,2015-05-27,P,2.75,2015-03-27
22056,2015-04-08 14:37:00,2015-04-08,0.084,0.0,0.0,243.0,0.084,0.084,0.084,10000116,2015-05-27,2015-05-27,P,2.75,2015-03-27
22057,2015-04-08 14:38:00,2015-04-08,0.084,0.0,0.0,243.0,0.084,0.084,0.084,10000116,2015-05-27,2015-05-27,P,2.75,2015-03-27
22058,2015-04-08 14:39:00,2015-04-08,0.084,0.0,0.0,243.0,0.084,0.084,0.084,10000116,2015-05-27,2015-05-27,P,2.75,2015-03-27
22059,2015-04-08 14:40:00,2015-04-08,0.084,0.0,0.0,243.0,0.084,0.084,0.084,10000116,2015-05-27,2015-05-27,P,2.75,2015-03-27
22060,2015-04-08 14:41:00,2015-04-08,0.084,0.0,0.0,243.0,0.084,0.084,0.084,10000116,2015-05-27,2015-05-27,P,2.75,2015-03-27
22061,2015-04-08 14:42:00,2015-04-08,0.084,0.0,0.0,243.0,0.084,0.084,0.084,10000116,2015-05-27,2015-05-27,P,2.75,2015-03-27
22062,2015-04-08 14:43:00,2015-04-08,0.084,0.0,0.0,243.0,0.084,0.084,0.084,10000116,2015-05-27,2015-05-27,P,2.75,2015-03-27
22063,2015-04-08 14:44:00,2015-04-08,0.084,0.0,0.0,243.0,0.084,0.084,0.084,10000116,2015-05-27,2015-05-27,P,2.75,2015-03-27
22064,2015-04-08 14:45:00,2015-04-08,0.084,0.0,0.0,243.0,0.084,0.084,0.084,10000116,2015-05-27,2015-05-27,P,2.75,2015-03-27
22065,2015-04-08 14:46:00,2015-04-08,0.084,0.0,0.0,243.0,0.084,0.084,0.084,10000116,2015-05-27,2015-05-27,P,2.75,2015-03-27
22066,2015-04-08 14:47:00,2015-04-08,0.084,0.0,0.0,243.0,0.084,0.084,0.084,10000116,2015-05-27,2015-05-27,P,2.75,2015-03-27
22067,2015-04-08 14:48:00,2015-04-08,0.084,0.0,0.0,243.0,0.084,0.084,0.084,10000116,2015-05-27,2015-05-27,P,2.75,2015-03-27
22068,2015-04-08 14:49:00,2015-04-08,0.084,0.0,0.0,243.0,0.084,0.084,0.084,10000116,2015-05-27,2015-05-27,P,2.75,2015-03-27
22069,2015-04-08 14:50:00,2015-04-08,0.084,0.0,0.0,243.0,0.084,0.084,0.084,10000116,2015-05-27,2015-05-27,P,2.75,2015-03-27
22070,2015-04-08 14:51:00,2015-04-08,0.084,0.0,0.0,243.0,0.084,0.084,0.084,10000116,2015-05-27,2015-05-27,P,2.75,2015-03-27
22071,2015-04-08 14:52:00,2015-04-08,0.084,0.0,0.0,243.0,0.084,0.084,0.084,10000116,2015-05-27,2015-05-27,P,2.75,2015-03-27
22072,2015-04-08 14:53:00,2015-04-08,0.084,0.0,0.0,243.0,0.084,0.084,0.084,10000116,2015-05-27,2015-05-27,P,2.75,2015-03-27
22073,2015-04-08 14:54:00,2015-04-08,0.084,0.0,0.0,243.0,0.084,0.084,0.084,10000116,2015-05-27,2015-05-27,P,2.75,2015-03-27
22074,2015-04-08 14:55:00,2015-04-08,0.084,0.0,0.0,243.0,0.084,0.084,0.084,10000116,2015-05-27,2015-05-27,P,2.75,2015-03-27
22075,2015-04-08 14:56:00,2015-04-08,0.084,0.0,0.0,243.0,0.084,0.084,0.084,10000116,2015-05-27,2015-05-27,P,2.75,2015-03-27
22076,2015-04-08 14:57:00,2015-04-08,0.084,0.0,0.0,243.0,0.084,0.084,0.084,10000116,2015-05-27,2015-05-27,P,2.75,2015-03-27
22077,2015-04-08 14:58:00,2015-04-08,0.084,0.0,0.0,243.0,0.084,0.084,0.084,10000116,2015-05-27,2015-05-27,P,2.75,2015-03-27
22078,2015-04-08 14:59:00,2015-04-08,0.084,0.0,0.0,243.0,0.084,0.084,0.084,10000116,2015-05-27,2015-05-27,P,2.75,2015-03-27
22079,2015-04-08 15:00:00,2015-04-08,0.084,0.0,0.0,243.0,0.084,0.084,0.084,10000116,2015-05-27,2015-05-27,P,2.75,2015-03-27
22080,2015-04-08 09:31:00,2015-04-08,0.0002,4.0,2.0,3048.0,0.0002,0.0002,0.0002,10000016,2015-04-22,2015-04-22,P,2.2,2015-02-09
22081,2015-04-08 09:32:00,2015-04-08,0.0002,0.0,0.0,3048.0,0.0002,0.0002,0.0002,10000016,2015-04-22,2015-04-22,P,2.2,2015-02-09
22082,2015-04-08 09:33:00,2015-04-08,0.0003,6.0,2.0,3050.0,0.0003,0.0003,0.0003,10000016,2015-04-22,2015-04-22,P,2.2,2015-02-09
22083,2015-04-08 09:34:00,2015-04-08,0.0003,0.0,0.0,3050.0,0.0003,0.0003,0.0003,10000016,2015-04-22,2015-04-22,P,2.2,2015-02-09
22084,2015-04-08 09:35:00,2015-04-08,0.0003,0.0,0.0,3050.0,0.0003,0.0003,0.0003,10000016,2015-04-22,2015-04-22,P,2.2,2015-02-09
22085,2015-04-08 09:36:00,2015-04-08,0.0003,0.0,0.0,3050.0,0.0003,0.0003,0.0003,10000016,2015-04-22,2015-04-22,P,2.2,2015-02-09
22086,2015-04-08 09:37:00,2015-04-08,0.0003,3.0,1.0,3051.0,0.0003,0.0003,0.0003,10000016,2015-04-22,2015-04-22,P,2.2,2015-02-09
22087,2015-04-08 09:38:00,2015-04-08,0.0003,0.0,0.0,3051.0,0.0003,0.0003,0.0003,10000016,2015-04-22,2015-04-22,P,2.2,2015-02-09
22088,2015-04-08 09:39:00,2015-04-08,0.0003,0.0,0.0,3051.0,0.0003,0.0003,0.0003,10000016,2015-04-22,2015-04-22,P,2.2,2015-02-09
22089,2015-04-08 09:40:00,2015-04-08,0.0003,0.0,0.0,3051.0,0.0003,0.0003,0.0003,10000016,2015-04-22,2015-04-22,P,2.2,2015-02-09
22090,2015-04-08 09:41:00,2015-04-08,0.0003,0.0,0.0,3051.0,0.0003,0.0003,0.0003,10000016,2015-04-22,2015-04-22,P,2.2,2015-02-09
22091,2015-04-08 09:42:00,2015-04-08,0.0003,0.0,0.0,3051.0,0.0003,0.0003,0.0003,10000016,2015-04-22,2015-04-22,P,2.2,2015-02-09
22092,2015-04-08 09:43:00,2015-04-08,0.0003,0.0,0.0,3051.0,0.0003,0.0003,0.0003,10000016,2015-04-22,2015-04-22,P,2.2,2015-02-09
22093,2015-04-08 09:44:00,2015-04-08,0.0003,0.0,0.0,3051.0,0.0003,0.0003,0.0003,10000016,2015-04-22,2015-04-22,P,2.2,2015-02-09
22094,2015-04-08 09:45:00,2015-04-08,0.0003,0.0,0.0,3051.0,0.0003,0.0003,0.0003,10000016,2015-04-22,2015-04-22,P,2.2,2015-02-09
22095,2015-04-08 09:46:00,2015-04-08,0.0003,0.0,0.0,3051.0,0.0003,0.0003,0.0003,10000016,2015-04-22,2015-04-22,P,2.2,2015-02-09
22096,2015-04-08 09:47:00,2015-04-08,0.0003,0.0,0.0,3051.0,0.0003,0.0003,0.0003,10000016,2015-04-22,2015-04-22,P,2.2,2015-02-09
22097,2015-04-08 09:48:00,2015-04-08,0.0003,0.0,0.0,3051.0,0.0003,0.0003,0.0003,10000016,2015-04-22,2015-04-22,P,2.2,2015-02-09
22098,2015-04-08 09:49:00,2015-04-08,0.0003,0.0,0.0,3051.0,0.0003,0.0003,0.0003,10000016,2015-04-22,2015-04-22,P,2.2,2015-02-09
22099,2015-04-08 09:50:00,2015-04-08,0.0003,3.0,1.0,3052.0,0.0003,0.0003,0.0003,10000016,2015-04-22,2015-04-22,P,2.2,2015-02-09
22100,2015-04-08 09:51:00,2015-04-08,0.0003,0.0,0.0,3052.0,0.0003,0.0003,0.0003,10000016,2015-04-22,2015-04-22,P,2.2,2015-02-09
22101,2015-04-08 09:52:00,2015-04-08,0.0003,0.0,0.0,3052.0,0.0003,0.0003,0.0003,10000016,2015-04-22,2015-04-22,P,2.2,2015-02-09
22102,2015-04-08 09:53:00,2015-04-08,0.0003,0.0,0.0,3052.0,0.0003,0.0003,0.0003,10000016,2015-04-22,2015-04-22,P,2.2,2015-02-09
22103,2015-04-08 09:54:00,2015-04-08,0.0003,0.0,0.0,3052.0,0.0003,0.0003,0.0003,10000016,2015-04-22,2015-04-22,P,2.2,2015-02-09
22104,2015-04-08 09:55:00,2015-04-08,0.0003,0.0,0.0,3052.0,0.0003,0.0003,0.0003,10000016,2015-04-22,2015-04-22,P,2.2,2015-02-09
22105,2015-04-08 09:56:00,2015-04-08,0.0003,0.0,0.0,3052.0,0.0003,0.0003,0.0003,10000016,2015-04-22,2015-04-22,P,2.2,2015-02-09
22106,2015-04-08 09:57:00,2015-04-08,0.0003,0.0,0.0,3052.0,0.0003,0.0003,0.0003,10000016,2015-04-22,2015-04-22,P,2.2,2015-02-09
22107,2015-04-08 09:58:00,2015-04-08,0.0003,0.0,0.0,3052.0,0.0003,0.0003,0.0003,10000016,2015-04-22,2015-04-22,P,2.2,2015-02-09
22108,2015-04-08 09:59:00,2015-04-08,0.0003,0.0,0.0,3052.0,0.0003,0.0003,0.0003,10000016,2015-04-22,2015-04-22,P,2.2,2015-02-09
22109,2015-04-08 10:00:00,2015-04-08,0.0003,3.0,1.0,3053.0,0.0003,0.0003,0.0003,10000016,2015-04-22,2015-04-22,P,2.2,2015-02-09
22110,2015-04-08 10:01:00,2015-04-08,0.0003,0.0,0.0,3053.0,0.0003,0.0003,0.0003,10000016,2015-04-22,2015-04-22,P,2.2,2015-02-09
22111,2015-04-08 10:02:00,2015-04-08,0.0003,0.0,0.0,3053.0,0.0003,0.0003,0.0003,10000016,2015-04-22,2015-04-22,P,2.2,2015-02-09
22112,2015-04-08 10:03:00,2015-04-08,0.0003,0.0,0.0,3053.0,0.0003,0.0003,0.0003,10000016,2015-04-22,2015-04-22,P,2.2,2015-02-09
22113,2015-04-08 10:04:00,2015-04-08,0.0003,0.0,0.0,3053.0,0.0003,0.0003,0.0003,10000016,2015-04-22,2015-04-22,P,2.2,2015-02-09
22114,2015-04-08 10:05:00,2015-04-08,0.0003,0.0,0.0,3053.0,0.0003,0.0003,0.0003,10000016,2015-04-22,2015-04-22,P,2.2,2015-02-09
22115,2015-04-08 10:06:00,2015-04-08,0.0002,2.0,1.0,3053.0,0.0002,0.0002,0.0002,10000016,2015-04-22,2015-04-22,P,2.2,2015-02-09
22116,2015-04-08 10:07:00,2015-04-08,0.0003,6.0,2.0,3055.0,0.0003,0.0003,0.0003,10000016,2015-04-22,2015-04-22,P,2.2,2015-02-09
22117,2015-04-08 10:08:00,2015-04-08,0.0003,0.0,0.0,3055.0,0.0003,0.0003,0.0003,10000016,2015-04-22,2015-04-22,P,2.2,2015-02-09
22118,2015-04-08 10:09:00,2015-04-08,0.0003,0.0,0.0,3055.0,0.0003,0.0003,0.0003,10000016,2015-04-22,2015-04-22,P,2.2,2015-02-09
22119,2015-04-08 10:10:00,2015-04-08,0.0003,0.0,0.0,3055.0,0.0003,0.0003,0.0003,10000016,2015-04-22,2015-04-22,P,2.2,2015-02-09
22120,2015-04-08 10:11:00,2015-04-08,0.0003,0.0,0.0,3055.0,0.0003,0.0003,0.0003,10000016,2015-04-22,2015-04-22,P,2.2,2015-02-09
22121,2015-04-08 10:12:00,2015-04-08,0.0003,3.0,1.0,3056.0,0.0003,0.0003,0.0003,10000016,2015-04-22,2015-04-22,P,2.2,2015-02-09
22122,2015-04-08 10:13:00,2015-04-08,0.0003,8.0,3.0,3058.0,0.0003,0.0002,0.0002,10000016,2015-04-22,2015-04-22,P,2.2,2015-02-09
22123,2015-04-08 10:14:00,2015-04-08,0.0002,0.0,0.0,3058.0,0.0002,0.0002,0.0002,10000016,2015-04-22,2015-04-22,P,2.2,2015-02-09
22124,2015-04-08 10:15:00,2015-04-08,0.0002,0.0,0.0,3058.0,0.0002,0.0002,0.0002,10000016,2015-04-22,2015-04-22,P,2.2,2015-02-09
22125,2015-04-08 10:16:00,2015-04-08,0.0003,6.0,2.0,3060.0,0.0003,0.0003,0.0003,10000016,2015-04-22,2015-04-22,P,2.2,2015-02-09
22126,2015-04-08 10:17:00,2015-04-08,0.0003,0.0,0.0,3060.0,0.0003,0.0003,0.0003,10000016,2015-04-22,2015-04-22,P,2.2,2015-02-09
22127,2015-04-08 10:18:00,2015-04-08,0.0003,0.0,0.0,3060.0,0.0003,0.0003,0.0003,10000016,2015-04-22,2015-04-22,P,2.2,2015-02-09
22128,2015-04-08 10:19:00,2015-04-08,0.0003,0.0,0.0,3060.0,0.0003,0.0003,0.0003,10000016,2015-04-22,2015-04-22,P,2.2,2015-02-09
22129,2015-04-08 10:20:00,2015-04-08,0.0003,0.0,0.0,3060.0,0.0003,0.0003,0.0003,10000016,2015-04-22,2015-04-22,P,2.2,2015-02-09
22130,2015-04-08 10:21:00,2015-04-08,0.0003,0.0,0.0,3060.0,0.0003,0.0003,0.0003,10000016,2015-04-22,2015-04-22,P,2.2,2015-02-09
22131,2015-04-08 10:22:00,2015-04-08,0.0003,0.0,0.0,3060.0,0.0003,0.0003,0.0003,10000016,2015-04-22,2015-04-22,P,2.2,2015-02-09
22132,2015-04-08 10:23:00,2015-04-08,0.0003,6.0,2.0,3062.0,0.0003,0.0003,0.0003,10000016,2015-04-22,2015-04-22,P,2.2,2015-02-09
22133,2015-04-08 10:24:00,2015-04-08,0.0003,0.0,0.0,3062.0,0.0003,0.0003,0.0003,10000016,2015-04-22,2015-04-22,P,2.2,2015-02-09
22134,2015-04-08 10:25:00,2015-04-08,0.0003,0.0,0.0,3062.0,0.0003,0.0003,0.0003,10000016,2015-04-22,2015-04-22,P,2.2,2015-02-09
22135,2015-04-08 10:26:00,2015-04-08,0.0003,0.0,0.0,3062.0,0.0003,0.0003,0.0003,10000016,2015-04-22,2015-04-22,P,2.2,2015-02-09
22136,2015-04-08 10:27:00,2015-04-08,0.0003,0.0,0.0,3062.0,0.0003,0.0003,0.0003,10000016,2015-04-22,2015-04-22,P,2.2,2015-02-09
22137,2015-04-08 10:28:00,2015-04-08,0.0003,0.0,0.0,3062.0,0.0003,0.0003,0.0003,10000016,2015-04-22,2015-04-22,P,2.2,2015-02-09
22138,2015-04-08 10:29:00,2015-04-08,0.0003,0.0,0.0,3062.0,0.0003,0.0003,0.0003,10000016,2015-04-22,2015-04-22,P,2.2,2015-02-09
22139,2015-04-08 10:30:00,2015-04-08,0.0003,0.0,0.0,3062.0,0.0003,0.0003,0.0003,10000016,2015-04-22,2015-04-22,P,2.2,2015-02-09
22140,2015-04-08 10:31:00,2015-04-08,0.0003,0.0,0.0,3062.0,0.0003,0.0003,0.0003,10000016,2015-04-22,2015-04-22,P,2.2,2015-02-09
22141,2015-04-08 10:32:00,2015-04-08,0.0003,0.0,0.0,3062.0,0.0003,0.0003,0.0003,10000016,2015-04-22,2015-04-22,P,2.2,2015-02-09
22142,2015-04-08 10:33:00,2015-04-08,0.0003,0.0,0.0,3062.0,0.0003,0.0003,0.0003,10000016,2015-04-22,2015-04-22,P,2.2,2015-02-09
22143,2015-04-08 10:34:00,2015-04-08,0.0003,0.0,0.0,3062.0,0.0003,0.0003,0.0003,10000016,2015-04-22,2015-04-22,P,2.2,2015-02-09
22144,2015-04-08 10:35:00,2015-04-08,0.0003,0.0,0.0,3062.0,0.0003,0.0003,0.0003,10000016,2015-04-22,2015-04-22,P,2.2,2015-02-09
22145,2015-04-08 10:36:00,2015-04-08,0.0002,2.0,1.0,3062.0,0.0002,0.0002,0.0002,10000016,2015-04-22,2015-04-22,P,2.2,2015-02-09
22146,2015-04-08 10:37:00,2015-04-08,0.0002,0.0,0.0,3062.0,0.0002,0.0002,0.0002,10000016,2015-04-22,2015-04-22,P,2.2,2015-02-09
22147,2015-04-08 10:38:00,2015-04-08,0.0002,0.0,0.0,3062.0,0.0002,0.0002,0.0002,10000016,2015-04-22,2015-04-22,P,2.2,2015-02-09
22148,2015-04-08 10:39:00,2015-04-08,0.0002,0.0,0.0,3062.0,0.0002,0.0002,0.0002,10000016,2015-04-22,2015-04-22,P,2.2,2015-02-09
22149,2015-04-08 10:40:00,2015-04-08,0.0002,0.0,0.0,3062.0,0.0002,0.0002,0.0002,10000016,2015-04-22,2015-04-22,P,2.2,2015-02-09
22150,2015-04-08 10:41:00,2015-04-08,0.0001,10.0,10.0,3062.0,0.0001,0.0001,0.0001,10000016,2015-04-22,2015-04-22,P,2.2,2015-02-09
22151,2015-04-08 10:42:00,2015-04-08,0.0001,1.0,1.0,3062.0,0.0001,0.0001,0.0001,10000016,2015-04-22,2015-04-22,P,2.2,2015-02-09
22152,2015-04-08 10:43:00,2015-04-08,0.0001,0.0,0.0,3062.0,0.0001,0.0001,0.0001,10000016,2015-04-22,2015-04-22,P,2.2,2015-02-09
22153,2015-04-08 10:44:00,2015-04-08,0.0001,0.0,0.0,3062.0,0.0001,0.0001,0.0001,10000016,2015-04-22,2015-04-22,P,2.2,2015-02-09
22154,2015-04-08 10:45:00,2015-04-08,0.0001,8.0,8.0,3062.0,0.0001,0.0001,0.0001,10000016,2015-04-22,2015-04-22,P,2.2,2015-02-09
22155,2015-04-08 10:46:00,2015-04-08,0.0001,1.0,1.0,3062.0,0.0001,0.0001,0.0001,10000016,2015-04-22,2015-04-22,P,2.2,2015-02-09
22156,2015-04-08 10:47:00,2015-04-08,0.0001,0.0,0.0,3062.0,0.0001,0.0001,0.0001,10000016,2015-04-22,2015-04-22,P,2.2,2015-02-09
22157,2015-04-08 10:48:00,2015-04-08,0.0003,3.0,1.0,3063.0,0.0003,0.0003,0.0003,10000016,2015-04-22,2015-04-22,P,2.2,2015-02-09
22158,2015-04-08 10:49:00,2015-04-08,0.0003,0.0,0.0,3063.0,0.0003,0.0003,0.0003,10000016,2015-04-22,2015-04-22,P,2.2,2015-02-09
22159,2015-04-08 10:50:00,2015-04-08,0.0001,3.0,3.0,3063.0,0.0001,0.0001,0.0001,10000016,2015-04-22,2015-04-22,P,2.2,2015-02-09
22160,2015-04-08 10:51:00,2015-04-08,0.0001,0.0,0.0,3063.0,0.0001,0.0001,0.0001,10000016,2015-04-22,2015-04-22,P,2.2,2015-02-09
22161,2015-04-08 10:52:00,2015-04-08,0.0003,3.0,1.0,3064.0,0.0003,0.0003,0.0003,10000016,2015-04-22,2015-04-22,P,2.2,2015-02-09
22162,2015-04-08 10:53:00,2015-04-08,0.0003,9.0,3.0,3067.0,0.0003,0.0003,0.0003,10000016,2015-04-22,2015-04-22,P,2.2,2015-02-09
22163,2015-04-08 10:54:00,2015-04-08,0.0003,0.0,0.0,3067.0,0.0003,0.0003,0.0003,10000016,2015-04-22,2015-04-22,P,2.2,2015-02-09
22164,2015-04-08 10:55:00,2015-04-08,0.0003,0.0,0.0,3067.0,0.0003,0.0003,0.0003,10000016,2015-04-22,2015-04-22,P,2.2,2015-02-09
22165,2015-04-08 10:56:00,2015-04-08,0.0003,18.0,6.0,3073.0,0.0003,0.0003,0.0003,10000016,2015-04-22,2015-04-22,P,2.2,2015-02-09
22166,2015-04-08 10:57:00,2015-04-08,0.0003,0.0,0.0,3073.0,0.0003,0.0003,0.0003,10000016,2015-04-22,2015-04-22,P,2.2,2015-02-09
22167,2015-04-08 10:58:00,2015-04-08,0.0003,12.0,4.0,3077.0,0.0003,0.0003,0.0003,10000016,2015-04-22,2015-04-22,P,2.2,2015-02-09
22168,2015-04-08 10:59:00,2015-04-08,0.0002,2.0,1.0,3077.0,0.0002,0.0002,0.0002,10000016,2015-04-22,2015-04-22,P,2.2,2015-02-09
22169,2015-04-08 11:00:00,2015-04-08,0.0002,0.0,0.0,3077.0,0.0002,0.0002,0.0002,10000016,2015-04-22,2015-04-22,P,2.2,2015-02-09
22170,2015-04-08 11:01:00,2015-04-08,0.0002,0.0,0.0,3077.0,0.0002,0.0002,0.0002,10000016,2015-04-22,2015-04-22,P,2.2,2015-02-09
22171,2015-04-08 11:02:00,2015-04-08,0.0002,0.0,0.0,3077.0,0.0002,0.0002,0.0002,10000016,2015-04-22,2015-04-22,P,2.2,2015-02-09
22172,2015-04-08 11:03:00,2015-04-08,0.0002,0.0,0.0,3077.0,0.0002,0.0002,0.0002,10000016,2015-04-22,2015-04-22,P,2.2,2015-02-09
22173,2015-04-08 11:04:00,2015-04-08,0.0002,0.0,0.0,3077.0,0.0002,0.0002,0.0002,10000016,2015-04-22,2015-04-22,P,2.2,2015-02-09
22174,2015-04-08 11:05:00,2015-04-08,0.0002,0.0,0.0,3077.0,0.0002,0.0002,0.0002,10000016,2015-04-22,2015-04-22,P,2.2,2015-02-09
22175,2015-04-08 11:06:00,2015-04-08,0.0002,0.0,0.0,3077.0,0.0002,0.0002,0.0002,10000016,2015-04-22,2015-04-22,P,2.2,2015-02-09
22176,2015-04-08 11:07:00,2015-04-08,0.0002,0.0,0.0,3077.0,0.0002,0.0002,0.0002,10000016,2015-04-22,2015-04-22,P,2.2,2015-02-09
22177,2015-04-08 11:08:00,2015-04-08,0.0002,0.0,0.0,3077.0,0.0002,0.0002,0.0002,10000016,2015-04-22,2015-04-22,P,2.2,2015-02-09
22178,2015-04-08 11:09:00,2015-04-08,0.0002,0.0,0.0,3077.0,0.0002,0.0002,0.0002,10000016,2015-04-22,2015-04-22,P,2.2,2015-02-09
22179,2015-04-08 11:10:00,2015-04-08,0.0002,0.0,0.0,3077.0,0.0002,0.0002,0.0002,10000016,2015-04-22,2015-04-22,P,2.2,2015-02-09
22180,2015-04-08 11:11:00,2015-04-08,0.0002,0.0,0.0,3077.0,0.0002,0.0002,0.0002,10000016,2015-04-22,2015-04-22,P,2.2,2015-02-09
22181,2015-04-08 11:12:00,2015-04-08,0.0002,0.0,0.0,3077.0,0.0002,0.0002,0.0002,10000016,2015-04-22,2015-04-22,P,2.2,2015-02-09
22182,2015-04-08 11:13:00,2015-04-08,0.0002,0.0,0.0,3077.0,0.0002,0.0002,0.0002,10000016,2015-04-22,2015-04-22,P,2.2,2015-02-09
22183,2015-04-08 11:14:00,2015-04-08,0.0002,0.0,0.0,3077.0,0.0002,0.0002,0.0002,10000016,2015-04-22,2015-04-22,P,2.2,2015-02-09
22184,2015-04-08 11:15:00,2015-04-08,0.0002,0.0,0.0,3077.0,0.0002,0.0002,0.0002,10000016,2015-04-22,2015-04-22,P,2.2,2015-02-09
22185,2015-04-08 11:16:00,2015-04-08,0.0002,0.0,0.0,3077.0,0.0002,0.0002,0.0002,10000016,2015-04-22,2015-04-22,P,2.2,2015-02-09
22186,2015-04-08 11:17:00,2015-04-08,0.0002,0.0,0.0,3077.0,0.0002,0.0002,0.0002,10000016,2015-04-22,2015-04-22,P,2.2,2015-02-09
22187,2015-04-08 11:18:00,2015-04-08,0.0002,0.0,0.0,3077.0,0.0002,0.0002,0.0002,10000016,2015-04-22,2015-04-22,P,2.2,2015-02-09
22188,2015-04-08 11:19:00,2015-04-08,0.0002,0.0,0.0,3077.0,0.0002,0.0002,0.0002,10000016,2015-04-22,2015-04-22,P,2.2,2015-02-09
22189,2015-04-08 11:20:00,2015-04-08,0.0002,0.0,0.0,3077.0,0.0002,0.0002,0.0002,10000016,2015-04-22,2015-04-22,P,2.2,2015-02-09
22190,2015-04-08 11:21:00,2015-04-08,0.0002,0.0,0.0,3077.0,0.0002,0.0002,0.0002,10000016,2015-04-22,2015-04-22,P,2.2,2015-02-09
22191,2015-04-08 11:22:00,2015-04-08,0.0002,0.0,0.0,3077.0,0.0002,0.0002,0.0002,10000016,2015-04-22,2015-04-22,P,2.2,2015-02-09
22192,2015-04-08 11:23:00,2015-04-08,0.0002,0.0,0.0,3077.0,0.0002,0.0002,0.0002,10000016,2015-04-22,2015-04-22,P,2.2,2015-02-09
22193,2015-04-08 11:24:00,2015-04-08,0.0001,1.0,1.0,3077.0,0.0001,0.0001,0.0001,10000016,2015-04-22,2015-04-22,P,2.2,2015-02-09
22194,2015-04-08 11:25:00,2015-04-08,0.0001,0.0,0.0,3077.0,0.0001,0.0001,0.0001,10000016,2015-04-22,2015-04-22,P,2.2,2015-02-09
22195,2015-04-08 11:26:00,2015-04-08,0.0001,0.0,0.0,3077.0,0.0001,0.0001,0.0001,10000016,2015-04-22,2015-04-22,P,2.2,2015-02-09
22196,2015-04-08 11:27:00,2015-04-08,0.0001,0.0,0.0,3077.0,0.0001,0.0001,0.0001,10000016,2015-04-22,2015-04-22,P,2.2,2015-02-09
22197,2015-04-08 11:28:00,2015-04-08,0.0001,10.0,10.0,3077.0,0.0001,0.0001,0.0001,10000016,2015-04-22,2015-04-22,P,2.2,2015-02-09
22198,2015-04-08 11:29:00,2015-04-08,0.0001,0.0,0.0,3077.0,0.0001,0.0001,0.0001,10000016,2015-04-22,2015-04-22,P,2.2,2015-02-09
22199,2015-04-08 11:30:00,2015-04-08,0.0001,0.0,0.0,3077.0,0.0001,0.0001,0.0001,10000016,2015-04-22,2015-04-22,P,2.2,2015-02-09
22200,2015-04-08 13:01:00,2015-04-08,0.0001,10.0,10.0,3077.0,0.0001,0.0001,0.0001,10000016,2015-04-22,2015-04-22,P,2.2,2015-02-09
22201,2015-04-08 13:02:00,2015-04-08,0.0001,0.0,0.0,3077.0,0.0001,0.0001,0.0001,10000016,2015-04-22,2015-04-22,P,2.2,2015-02-09
22202,2015-04-08 13:03:00,2015-04-08,0.0001,0.0,0.0,3077.0,0.0001,0.0001,0.0001,10000016,2015-04-22,2015-04-22,P,2.2,2015-02-09
22203,2015-04-08 13:04:00,2015-04-08,0.0001,0.0,0.0,3077.0,0.0001,0.0001,0.0001,10000016,2015-04-22,2015-04-22,P,2.2,2015-02-09
22204,2015-04-08 13:05:00,2015-04-08,0.0001,0.0,0.0,3077.0,0.0001,0.0001,0.0001,10000016,2015-04-22,2015-04-22,P,2.2,2015-02-09
22205,2015-04-08 13:06:00,2015-04-08,0.0001,0.0,0.0,3077.0,0.0001,0.0001,0.0001,10000016,2015-04-22,2015-04-22,P,2.2,2015-02-09
22206,2015-04-08 13:07:00,2015-04-08,0.0001,0.0,0.0,3077.0,0.0001,0.0001,0.0001,10000016,2015-04-22,2015-04-22,P,2.2,2015-02-09
22207,2015-04-08 13:08:00,2015-04-08,0.0001,0.0,0.0,3077.0,0.0001,0.0001,0.0001,10000016,2015-04-22,2015-04-22,P,2.2,2015-02-09
22208,2015-04-08 13:09:00,2015-04-08,0.0001,0.0,0.0,3077.0,0.0001,0.0001,0.0001,10000016,2015-04-22,2015-04-22,P,2.2,2015-02-09
22209,2015-04-08 13:10:00,2015-04-08,0.0001,0.0,0.0,3077.0,0.0001,0.0001,0.0001,10000016,2015-04-22,2015-04-22,P,2.2,2015-02-09
22210,2015-04-08 13:11:00,2015-04-08,0.0001,0.0,0.0,3077.0,0.0001,0.0001,0.0001,10000016,2015-04-22,2015-04-22,P,2.2,2015-02-09
22211,2015-04-08 13:12:00,2015-04-08,0.0001,0.0,0.0,3077.0,0.0001,0.0001,0.0001,10000016,2015-04-22,2015-04-22,P,2.2,2015-02-09
22212,2015-04-08 13:13:00,2015-04-08,0.0001,0.0,0.0,3077.0,0.0001,0.0001,0.0001,10000016,2015-04-22,2015-04-22,P,2.2,2015-02-09
22213,2015-04-08 13:14:00,2015-04-08,0.0001,0.0,0.0,3077.0,0.0001,0.0001,0.0001,10000016,2015-04-22,2015-04-22,P,2.2,2015-02-09
22214,2015-04-08 13:15:00,2015-04-08,0.0001,0.0,0.0,3077.0,0.0001,0.0001,0.0001,10000016,2015-04-22,2015-04-22,P,2.2,2015-02-09
22215,2015-04-08 13:16:00,2015-04-08,0.0002,10.0,5.0,3081.0,0.0002,0.0002,0.0002,10000016,2015-04-22,2015-04-22,P,2.2,2015-02-09
22216,2015-04-08 13:17:00,2015-04-08,0.0002,0.0,0.0,3081.0,0.0002,0.0002,0.0002,10000016,2015-04-22,2015-04-22,P,2.2,2015-02-09
22217,2015-04-08 13:18:00,2015-04-08,0.0002,0.0,0.0,3081.0,0.0002,0.0002,0.0002,10000016,2015-04-22,2015-04-22,P,2.2,2015-02-09
22218,2015-04-08 13:19:00,2015-04-08,0.0001,2.0,2.0,3081.0,0.0001,0.0001,0.0001,10000016,2015-04-22,2015-04-22,P,2.2,2015-02-09
22219,2015-04-08 13:20:00,2015-04-08,0.0001,0.0,0.0,3081.0,0.0001,0.0001,0.0001,10000016,2015-04-22,2015-04-22,P,2.2,2015-02-09
22220,2015-04-08 13:21:00,2015-04-08,0.0001,0.0,0.0,3081.0,0.0001,0.0001,0.0001,10000016,2015-04-22,2015-04-22,P,2.2,2015-02-09
22221,2015-04-08 13:22:00,2015-04-08,0.0004,20.0,5.0,3081.0,0.0004,0.0004,0.0004,10000016,2015-04-22,2015-04-22,P,2.2,2015-02-09
22222,2015-04-08 13:23:00,2015-04-08,0.0004,8.0,2.0,3081.0,0.0004,0.0004,0.0004,10000016,2015-04-22,2015-04-22,P,2.2,2015-02-09
22223,2015-04-08 13:24:00,2015-04-08,0.0004,0.0,0.0,3081.0,0.0004,0.0004,0.0004,10000016,2015-04-22,2015-04-22,P,2.2,2015-02-09
22224,2015-04-08 13:25:00,2015-04-08,0.0004,0.0,0.0,3081.0,0.0004,0.0004,0.0004,10000016,2015-04-22,2015-04-22,P,2.2,2015-02-09
22225,2015-04-08 13:26:00,2015-04-08,0.0004,0.0,0.0,3081.0,0.0004,0.0004,0.0004,10000016,2015-04-22,2015-04-22,P,2.2,2015-02-09
22226,2015-04-08 13:27:00,2015-04-08,0.0004,0.0,0.0,3081.0,0.0004,0.0004,0.0004,10000016,2015-04-22,2015-04-22,P,2.2,2015-02-09
22227,2015-04-08 13:28:00,2015-04-08,0.0004,0.0,0.0,3081.0,0.0004,0.0004,0.0004,10000016,2015-04-22,2015-04-22,P,2.2,2015-02-09
22228,2015-04-08 13:29:00,2015-04-08,0.0004,0.0,0.0,3081.0,0.0004,0.0004,0.0004,10000016,2015-04-22,2015-04-22,P,2.2,2015-02-09
22229,2015-04-08 13:30:00,2015-04-08,0.0004,0.0,0.0,3081.0,0.0004,0.0004,0.0004,10000016,2015-04-22,2015-04-22,P,2.2,2015-02-09
22230,2015-04-08 13:31:00,2015-04-08,0.0004,0.0,0.0,3081.0,0.0004,0.0004,0.0004,10000016,2015-04-22,2015-04-22,P,2.2,2015-02-09
22231,2015-04-08 13:32:00,2015-04-08,0.0004,0.0,0.0,3081.0,0.0004,0.0004,0.0004,10000016,2015-04-22,2015-04-22,P,2.2,2015-02-09
22232,2015-04-08 13:33:00,2015-04-08,0.0004,0.0,0.0,3081.0,0.0004,0.0004,0.0004,10000016,2015-04-22,2015-04-22,P,2.2,2015-02-09
22233,2015-04-08 13:34:00,2015-04-08,0.0004,0.0,0.0,3081.0,0.0004,0.0004,0.0004,10000016,2015-04-22,2015-04-22,P,2.2,2015-02-09
22234,2015-04-08 13:35:00,2015-04-08,0.0004,0.0,0.0,3081.0,0.0004,0.0004,0.0004,10000016,2015-04-22,2015-04-22,P,2.2,2015-02-09
22235,2015-04-08 13:36:00,2015-04-08,0.0004,0.0,0.0,3081.0,0.0004,0.0004,0.0004,10000016,2015-04-22,2015-04-22,P,2.2,2015-02-09
22236,2015-04-08 13:37:00,2015-04-08,0.0004,57.0,22.0,3081.0,0.0003,0.0001,0.0001,10000016,2015-04-22,2015-04-22,P,2.2,2015-02-09
22237,2015-04-08 13:38:00,2015-04-08,0.0005,150.0,50.0,3082.0,0.0005,0.0001,0.0001,10000016,2015-04-22,2015-04-22,P,2.2,2015-02-09
22238,2015-04-08 13:39:00,2015-04-08,0.0005,30.0,10.0,3087.0,0.0005,0.0001,0.0001,10000016,2015-04-22,2015-04-22,P,2.2,2015-02-09
22239,2015-04-08 13:40:00,2015-04-08,0.0001,0.0,0.0,3087.0,0.0001,0.0001,0.0001,10000016,2015-04-22,2015-04-22,P,2.2,2015-02-09
22240,2015-04-08 13:41:00,2015-04-08,0.0003,41.0,27.0,3084.0,0.0001,0.0001,0.0001,10000016,2015-04-22,2015-04-22,P,2.2,2015-02-09
22241,2015-04-08 13:42:00,2015-04-08,0.0003,6.0,2.0,3086.0,0.0003,0.0003,0.0003,10000016,2015-04-22,2015-04-22,P,2.2,2015-02-09
22242,2015-04-08 13:43:00,2015-04-08,0.0003,3.0,1.0,3087.0,0.0003,0.0003,0.0003,10000016,2015-04-22,2015-04-22,P,2.2,2015-02-09
22243,2015-04-08 13:44:00,2015-04-08,0.0003,0.0,0.0,3087.0,0.0003,0.0003,0.0003,10000016,2015-04-22,2015-04-22,P,2.2,2015-02-09
22244,2015-04-08 13:45:00,2015-04-08,0.0003,0.0,0.0,3087.0,0.0003,0.0003,0.0003,10000016,2015-04-22,2015-04-22,P,2.2,2015-02-09
22245,2015-04-08 13:46:00,2015-04-08,0.0003,0.0,0.0,3087.0,0.0003,0.0003,0.0003,10000016,2015-04-22,2015-04-22,P,2.2,2015-02-09
22246,2015-04-08 13:47:00,2015-04-08,0.0003,0.0,0.0,3087.0,0.0003,0.0003,0.0003,10000016,2015-04-22,2015-04-22,P,2.2,2015-02-09
22247,2015-04-08 13:48:00,2015-04-08,0.0003,0.0,0.0,3087.0,0.0003,0.0003,0.0003,10000016,2015-04-22,2015-04-22,P,2.2,2015-02-09
22248,2015-04-08 13:49:00,2015-04-08,0.0003,0.0,0.0,3087.0,0.0003,0.0003,0.0003,10000016,2015-04-22,2015-04-22,P,2.2,2015-02-09
22249,2015-04-08 13:50:00,2015-04-08,0.0003,0.0,0.0,3087.0,0.0003,0.0003,0.0003,10000016,2015-04-22,2015-04-22,P,2.2,2015-02-09
22250,2015-04-08 13:51:00,2015-04-08,0.0003,0.0,0.0,3087.0,0.0003,0.0003,0.0003,10000016,2015-04-22,2015-04-22,P,2.2,2015-02-09
22251,2015-04-08 13:52:00,2015-04-08,0.0003,0.0,0.0,3087.0,0.0003,0.0003,0.0003,10000016,2015-04-22,2015-04-22,P,2.2,2015-02-09
22252,2015-04-08 13:53:00,2015-04-08,0.0003,0.0,0.0,3087.0,0.0003,0.0003,0.0003,10000016,2015-04-22,2015-04-22,P,2.2,2015-02-09
22253,2015-04-08 13:54:00,2015-04-08,0.0003,0.0,0.0,3087.0,0.0003,0.0003,0.0003,10000016,2015-04-22,2015-04-22,P,2.2,2015-02-09
22254,2015-04-08 13:55:00,2015-04-08,0.0003,0.0,0.0,3087.0,0.0003,0.0003,0.0003,10000016,2015-04-22,2015-04-22,P,2.2,2015-02-09
22255,2015-04-08 13:56:00,2015-04-08,0.0003,0.0,0.0,3087.0,0.0003,0.0003,0.0003,10000016,2015-04-22,2015-04-22,P,2.2,2015-02-09
22256,2015-04-08 13:57:00,2015-04-08,0.0003,0.0,0.0,3087.0,0.0003,0.0003,0.0003,10000016,2015-04-22,2015-04-22,P,2.2,2015-02-09
22257,2015-04-08 13:58:00,2015-04-08,0.0003,0.0,0.0,3087.0,0.0003,0.0003,0.0003,10000016,2015-04-22,2015-04-22,P,2.2,2015-02-09
22258,2015-04-08 13:59:00,2015-04-08,0.0003,0.0,0.0,3087.0,0.0003,0.0003,0.0003,10000016,2015-04-22,2015-04-22,P,2.2,2015-02-09
22259,2015-04-08 14:00:00,2015-04-08,0.0003,0.0,0.0,3087.0,0.0003,0.0003,0.0003,10000016,2015-04-22,2015-04-22,P,2.2,2015-02-09
22260,2015-04-08 14:01:00,2015-04-08,0.0003,0.0,0.0,3087.0,0.0003,0.0003,0.0003,10000016,2015-04-22,2015-04-22,P,2.2,2015-02-09
22261,2015-04-08 14:02:00,2015-04-08,0.0003,0.0,0.0,3087.0,0.0003,0.0003,0.0003,10000016,2015-04-22,2015-04-22,P,2.2,2015-02-09
22262,2015-04-08 14:03:00,2015-04-08,0.0003,0.0,0.0,3087.0,0.0003,0.0003,0.0003,10000016,2015-04-22,2015-04-22,P,2.2,2015-02-09
22263,2015-04-08 14:04:00,2015-04-08,0.0003,0.0,0.0,3087.0,0.0003,0.0003,0.0003,10000016,2015-04-22,2015-04-22,P,2.2,2015-02-09
22264,2015-04-08 14:05:00,2015-04-08,0.0003,15.0,5.0,3092.0,0.0003,0.0003,0.0003,10000016,2015-04-22,2015-04-22,P,2.2,2015-02-09
22265,2015-04-08 14:06:00,2015-04-08,0.0003,0.0,0.0,3092.0,0.0003,0.0003,0.0003,10000016,2015-04-22,2015-04-22,P,2.2,2015-02-09
22266,2015-04-08 14:07:00,2015-04-08,0.0003,0.0,0.0,3092.0,0.0003,0.0003,0.0003,10000016,2015-04-22,2015-04-22,P,2.2,2015-02-09
22267,2015-04-08 14:08:00,2015-04-08,0.0003,0.0,0.0,3092.0,0.0003,0.0003,0.0003,10000016,2015-04-22,2015-04-22,P,2.2,2015-02-09
22268,2015-04-08 14:09:00,2015-04-08,0.0003,0.0,0.0,3092.0,0.0003,0.0003,0.0003,10000016,2015-04-22,2015-04-22,P,2.2,2015-02-09
22269,2015-04-08 14:10:00,2015-04-08,0.0003,0.0,0.0,3092.0,0.0003,0.0003,0.0003,10000016,2015-04-22,2015-04-22,P,2.2,2015-02-09
22270,2015-04-08 14:11:00,2015-04-08,0.0003,0.0,0.0,3092.0,0.0003,0.0003,0.0003,10000016,2015-04-22,2015-04-22,P,2.2,2015-02-09
22271,2015-04-08 14:12:00,2015-04-08,0.0003,0.0,0.0,3092.0,0.0003,0.0003,0.0003,10000016,2015-04-22,2015-04-22,P,2.2,2015-02-09
22272,2015-04-08 14:13:00,2015-04-08,0.0003,0.0,0.0,3092.0,0.0003,0.0003,0.0003,10000016,2015-04-22,2015-04-22,P,2.2,2015-02-09
22273,2015-04-08 14:14:00,2015-04-08,0.0003,0.0,0.0,3092.0,0.0003,0.0003,0.0003,10000016,2015-04-22,2015-04-22,P,2.2,2015-02-09
22274,2015-04-08 14:15:00,2015-04-08,0.0003,0.0,0.0,3092.0,0.0003,0.0003,0.0003,10000016,2015-04-22,2015-04-22,P,2.2,2015-02-09
22275,2015-04-08 14:16:00,2015-04-08,0.0003,0.0,0.0,3092.0,0.0003,0.0003,0.0003,10000016,2015-04-22,2015-04-22,P,2.2,2015-02-09
22276,2015-04-08 14:17:00,2015-04-08,0.0003,0.0,0.0,3092.0,0.0003,0.0003,0.0003,10000016,2015-04-22,2015-04-22,P,2.2,2015-02-09
22277,2015-04-08 14:18:00,2015-04-08,0.0003,0.0,0.0,3092.0,0.0003,0.0003,0.0003,10000016,2015-04-22,2015-04-22,P,2.2,2015-02-09
22278,2015-04-08 14:19:00,2015-04-08,0.0003,0.0,0.0,3092.0,0.0003,0.0003,0.0003,10000016,2015-04-22,2015-04-22,P,2.2,2015-02-09
22279,2015-04-08 14:20:00,2015-04-08,0.0003,0.0,0.0,3092.0,0.0003,0.0003,0.0003,10000016,2015-04-22,2015-04-22,P,2.2,2015-02-09
22280,2015-04-08 14:21:00,2015-04-08,0.0002,2.0,1.0,3092.0,0.0002,0.0002,0.0002,10000016,2015-04-22,2015-04-22,P,2.2,2015-02-09
22281,2015-04-08 14:22:00,2015-04-08,0.0002,0.0,0.0,3092.0,0.0002,0.0002,0.0002,10000016,2015-04-22,2015-04-22,P,2.2,2015-02-09
22282,2015-04-08 14:23:00,2015-04-08,0.0002,0.0,0.0,3092.0,0.0002,0.0002,0.0002,10000016,2015-04-22,2015-04-22,P,2.2,2015-02-09
22283,2015-04-08 14:24:00,2015-04-08,0.0002,0.0,0.0,3092.0,0.0002,0.0002,0.0002,10000016,2015-04-22,2015-04-22,P,2.2,2015-02-09
22284,2015-04-08 14:25:00,2015-04-08,0.0002,0.0,0.0,3092.0,0.0002,0.0002,0.0002,10000016,2015-04-22,2015-04-22,P,2.2,2015-02-09
22285,2015-04-08 14:26:00,2015-04-08,0.0002,0.0,0.0,3092.0,0.0002,0.0002,0.0002,10000016,2015-04-22,2015-04-22,P,2.2,2015-02-09
22286,2015-04-08 14:27:00,2015-04-08,0.0002,0.0,0.0,3092.0,0.0002,0.0002,0.0002,10000016,2015-04-22,2015-04-22,P,2.2,2015-02-09
22287,2015-04-08 14:28:00,2015-04-08,0.0002,0.0,0.0,3092.0,0.0002,0.0002,0.0002,10000016,2015-04-22,2015-04-22,P,2.2,2015-02-09
22288,2015-04-08 14:29:00,2015-04-08,0.0002,0.0,0.0,3092.0,0.0002,0.0002,0.0002,10000016,2015-04-22,2015-04-22,P,2.2,2015-02-09
22289,2015-04-08 14:30:00,2015-04-08,0.0002,0.0,0.0,3092.0,0.0002,0.0002,0.0002,10000016,2015-04-22,2015-04-22,P,2.2,2015-02-09
22290,2015-04-08 14:31:00,2015-04-08,0.0002,0.0,0.0,3092.0,0.0002,0.0002,0.0002,10000016,2015-04-22,2015-04-22,P,2.2,2015-02-09
22291,2015-04-08 14:32:00,2015-04-08,0.0002,0.0,0.0,3092.0,0.0002,0.0002,0.0002,10000016,2015-04-22,2015-04-22,P,2.2,2015-02-09
22292,2015-04-08 14:33:00,2015-04-08,0.0002,0.0,0.0,3092.0,0.0002,0.0002,0.0002,10000016,2015-04-22,2015-04-22,P,2.2,2015-02-09
22293,2015-04-08 14:34:00,2015-04-08,0.0002,0.0,0.0,3092.0,0.0002,0.0002,0.0002,10000016,2015-04-22,2015-04-22,P,2.2,2015-02-09
22294,2015-04-08 14:35:00,2015-04-08,0.0002,0.0,0.0,3092.0,0.0002,0.0002,0.0002,10000016,2015-04-22,2015-04-22,P,2.2,2015-02-09
22295,2015-04-08 14:36:00,2015-04-08,0.0002,0.0,0.0,3092.0,0.0002,0.0002,0.0002,10000016,2015-04-22,2015-04-22,P,2.2,2015-02-09
22296,2015-04-08 14:37:00,2015-04-08,0.0005,55.0,11.0,3092.0,0.0005,0.0005,0.0005,10000016,2015-04-22,2015-04-22,P,2.2,2015-02-09
22297,2015-04-08 14:38:00,2015-04-08,0.0005,200.0,40.0,3097.0,0.0005,0.0005,0.0005,10000016,2015-04-22,2015-04-22,P,2.2,2015-02-09
22298,2015-04-08 14:39:00,2015-04-08,0.0005,0.0,0.0,3097.0,0.0005,0.0005,0.0005,10000016,2015-04-22,2015-04-22,P,2.2,2015-02-09
22299,2015-04-08 14:40:00,2015-04-08,0.0005,0.0,0.0,3097.0,0.0005,0.0005,0.0005,10000016,2015-04-22,2015-04-22,P,2.2,2015-02-09
22300,2015-04-08 14:41:00,2015-04-08,0.0005,0.0,0.0,3097.0,0.0005,0.0005,0.0005,10000016,2015-04-22,2015-04-22,P,2.2,2015-02-09
22301,2015-04-08 14:42:00,2015-04-08,0.0005,0.0,0.0,3097.0,0.0005,0.0005,0.0005,10000016,2015-04-22,2015-04-22,P,2.2,2015-02-09
22302,2015-04-08 14:43:00,2015-04-08,0.0005,0.0,0.0,3097.0,0.0005,0.0005,0.0005,10000016,2015-04-22,2015-04-22,P,2.2,2015-02-09
22303,2015-04-08 14:44:00,2015-04-08,0.0005,0.0,0.0,3097.0,0.0005,0.0005,0.0005,10000016,2015-04-22,2015-04-22,P,2.2,2015-02-09
22304,2015-04-08 14:45:00,2015-04-08,0.0005,0.0,0.0,3097.0,0.0005,0.0005,0.0005,10000016,2015-04-22,2015-04-22,P,2.2,2015-02-09
22305,2015-04-08 14:46:00,2015-04-08,0.0005,0.0,0.0,3097.0,0.0005,0.0005,0.0005,10000016,2015-04-22,2015-04-22,P,2.2,2015-02-09
22306,2015-04-08 14:47:00,2015-04-08,0.0005,0.0,0.0,3097.0,0.0005,0.0005,0.0005,10000016,2015-04-22,2015-04-22,P,2.2,2015-02-09
22307,2015-04-08 14:48:00,2015-04-08,0.0005,0.0,0.0,3097.0,0.0005,0.0005,0.0005,10000016,2015-04-22,2015-04-22,P,2.2,2015-02-09
22308,2015-04-08 14:49:00,2015-04-08,0.0005,0.0,0.0,3097.0,0.0005,0.0005,0.0005,10000016,2015-04-22,2015-04-22,P,2.2,2015-02-09
22309,2015-04-08 14:50:00,2015-04-08,0.0005,0.0,0.0,3097.0,0.0005,0.0005,0.0005,10000016,2015-04-22,2015-04-22,P,2.2,2015-02-09
22310,2015-04-08 14:51:00,2015-04-08,0.0005,0.0,0.0,3097.0,0.0005,0.0005,0.0005,10000016,2015-04-22,2015-04-22,P,2.2,2015-02-09
22311,2015-04-08 14:52:00,2015-04-08,0.0005,0.0,0.0,3097.0,0.0005,0.0005,0.0005,10000016,2015-04-22,2015-04-22,P,2.2,2015-02-09
22312,2015-04-08 14:53:00,2015-04-08,0.0005,0.0,0.0,3097.0,0.0005,0.0005,0.0005,10000016,2015-04-22,2015-04-22,P,2.2,2015-02-09
22313,2015-04-08 14:54:00,2015-04-08,0.0004,60.0,15.0,3082.0,0.0004,0.0004,0.0004,10000016,2015-04-22,2015-04-22,P,2.2,2015-02-09
22314,2015-04-08 14:55:00,2015-04-08,0.0004,0.0,0.0,3082.0,0.0004,0.0004,0.0004,10000016,2015-04-22,2015-04-22,P,2.2,2015-02-09
22315,2015-04-08 14:56:00,2015-04-08,0.0004,0.0,0.0,3082.0,0.0004,0.0004,0.0004,10000016,2015-04-22,2015-04-22,P,2.2,2015-02-09
22316,2015-04-08 14:57:00,2015-04-08,0.0004,0.0,0.0,3082.0,0.0004,0.0004,0.0004,10000016,2015-04-22,2015-04-22,P,2.2,2015-02-09
22317,2015-04-08 14:58:00,2015-04-08,0.0004,0.0,0.0,3082.0,0.0004,0.0004,0.0004,10000016,2015-04-22,2015-04-22,P,2.2,2015-02-09
22318,2015-04-08 14:59:00,2015-04-08,0.0004,0.0,0.0,3082.0,0.0004,0.0004,0.0004,10000016,2015-04-22,2015-04-22,P,2.2,2015-02-09
22319,2015-04-08 15:00:00,2015-04-08,0.0004,0.0,0.0,3082.0,0.0004,0.0004,0.0004,10000016,2015-04-22,2015-04-22,P,2.2,2015-02-09
22320,2015-04-08 09:31:00,2015-04-08,0.0193,1363.0,7.0,433.0,0.0195,0.0193,0.0193,10000029,2015-06-24,2015-06-24,P,2.35,2015-02-09
22321,2015-04-08 09:32:00,2015-04-08,0.0193,0.0,0.0,433.0,0.0193,0.0193,0.0193,10000029,2015-06-24,2015-06-24,P,2.35,2015-02-09
22322,2015-04-08 09:33:00,2015-04-08,0.0193,0.0,0.0,433.0,0.0193,0.0193,0.0193,10000029,2015-06-24,2015-06-24,P,2.35,2015-02-09
22323,2015-04-08 09:34:00,2015-04-08,0.0193,0.0,0.0,433.0,0.0193,0.0193,0.0193,10000029,2015-06-24,2015-06-24,P,2.35,2015-02-09
22324,2015-04-08 09:35:00,2015-04-08,0.0193,0.0,0.0,433.0,0.0193,0.0193,0.0193,10000029,2015-06-24,2015-06-24,P,2.35,2015-02-09
22325,2015-04-08 09:36:00,2015-04-08,0.0193,0.0,0.0,433.0,0.0193,0.0193,0.0193,10000029,2015-06-24,2015-06-24,P,2.35,2015-02-09
22326,2015-04-08 09:37:00,2015-04-08,0.0193,0.0,0.0,433.0,0.0193,0.0193,0.0193,10000029,2015-06-24,2015-06-24,P,2.35,2015-02-09
22327,2015-04-08 09:38:00,2015-04-08,0.0193,0.0,0.0,433.0,0.0193,0.0193,0.0193,10000029,2015-06-24,2015-06-24,P,2.35,2015-02-09
22328,2015-04-08 09:39:00,2015-04-08,0.0193,0.0,0.0,433.0,0.0193,0.0193,0.0193,10000029,2015-06-24,2015-06-24,P,2.35,2015-02-09
22329,2015-04-08 09:40:00,2015-04-08,0.0193,0.0,0.0,433.0,0.0193,0.0193,0.0193,10000029,2015-06-24,2015-06-24,P,2.35,2015-02-09
22330,2015-04-08 09:41:00,2015-04-08,0.0193,0.0,0.0,433.0,0.0193,0.0193,0.0193,10000029,2015-06-24,2015-06-24,P,2.35,2015-02-09
22331,2015-04-08 09:42:00,2015-04-08,0.0193,0.0,0.0,433.0,0.0193,0.0193,0.0193,10000029,2015-06-24,2015-06-24,P,2.35,2015-02-09
22332,2015-04-08 09:43:00,2015-04-08,0.0193,0.0,0.0,433.0,0.0193,0.0193,0.0193,10000029,2015-06-24,2015-06-24,P,2.35,2015-02-09
22333,2015-04-08 09:44:00,2015-04-08,0.0193,0.0,0.0,433.0,0.0193,0.0193,0.0193,10000029,2015-06-24,2015-06-24,P,2.35,2015-02-09
22334,2015-04-08 09:45:00,2015-04-08,0.0193,0.0,0.0,433.0,0.0193,0.0193,0.0193,10000029,2015-06-24,2015-06-24,P,2.35,2015-02-09
22335,2015-04-08 09:46:00,2015-04-08,0.0193,0.0,0.0,433.0,0.0193,0.0193,0.0193,10000029,2015-06-24,2015-06-24,P,2.35,2015-02-09
22336,2015-04-08 09:47:00,2015-04-08,0.0193,0.0,0.0,433.0,0.0193,0.0193,0.0193,10000029,2015-06-24,2015-06-24,P,2.35,2015-02-09
22337,2015-04-08 09:48:00,2015-04-08,0.0193,0.0,0.0,433.0,0.0193,0.0193,0.0193,10000029,2015-06-24,2015-06-24,P,2.35,2015-02-09
22338,2015-04-08 09:49:00,2015-04-08,0.0193,0.0,0.0,433.0,0.0193,0.0193,0.0193,10000029,2015-06-24,2015-06-24,P,2.35,2015-02-09
22339,2015-04-08 09:50:00,2015-04-08,0.0193,0.0,0.0,433.0,0.0193,0.0193,0.0193,10000029,2015-06-24,2015-06-24,P,2.35,2015-02-09
22340,2015-04-08 09:51:00,2015-04-08,0.0193,0.0,0.0,433.0,0.0193,0.0193,0.0193,10000029,2015-06-24,2015-06-24,P,2.35,2015-02-09
22341,2015-04-08 09:52:00,2015-04-08,0.0193,0.0,0.0,433.0,0.0193,0.0193,0.0193,10000029,2015-06-24,2015-06-24,P,2.35,2015-02-09
22342,2015-04-08 09:53:00,2015-04-08,0.0193,0.0,0.0,433.0,0.0193,0.0193,0.0193,10000029,2015-06-24,2015-06-24,P,2.35,2015-02-09
22343,2015-04-08 09:54:00,2015-04-08,0.0193,0.0,0.0,433.0,0.0193,0.0193,0.0193,10000029,2015-06-24,2015-06-24,P,2.35,2015-02-09
22344,2015-04-08 09:55:00,2015-04-08,0.0193,0.0,0.0,433.0,0.0193,0.0193,0.0193,10000029,2015-06-24,2015-06-24,P,2.35,2015-02-09
22345,2015-04-08 09:56:00,2015-04-08,0.0193,0.0,0.0,433.0,0.0193,0.0193,0.0193,10000029,2015-06-24,2015-06-24,P,2.35,2015-02-09
22346,2015-04-08 09:57:00,2015-04-08,0.0193,0.0,0.0,433.0,0.0193,0.0193,0.0193,10000029,2015-06-24,2015-06-24,P,2.35,2015-02-09
22347,2015-04-08 09:58:00,2015-04-08,0.0193,0.0,0.0,433.0,0.0193,0.0193,0.0193,10000029,2015-06-24,2015-06-24,P,2.35,2015-02-09
22348,2015-04-08 09:59:00,2015-04-08,0.0193,0.0,0.0,433.0,0.0193,0.0193,0.0193,10000029,2015-06-24,2015-06-24,P,2.35,2015-02-09
22349,2015-04-08 10:00:00,2015-04-08,0.0193,0.0,0.0,433.0,0.0193,0.0193,0.0193,10000029,2015-06-24,2015-06-24,P,2.35,2015-02-09
22350,2015-04-08 10:01:00,2015-04-08,0.0193,0.0,0.0,433.0,0.0193,0.0193,0.0193,10000029,2015-06-24,2015-06-24,P,2.35,2015-02-09
22351,2015-04-08 10:02:00,2015-04-08,0.0193,0.0,0.0,433.0,0.0193,0.0193,0.0193,10000029,2015-06-24,2015-06-24,P,2.35,2015-02-09
22352,2015-04-08 10:03:00,2015-04-08,0.0193,0.0,0.0,433.0,0.0193,0.0193,0.0193,10000029,2015-06-24,2015-06-24,P,2.35,2015-02-09
22353,2015-04-08 10:04:00,2015-04-08,0.0193,0.0,0.0,433.0,0.0193,0.0193,0.0193,10000029,2015-06-24,2015-06-24,P,2.35,2015-02-09
22354,2015-04-08 10:05:00,2015-04-08,0.0193,0.0,0.0,433.0,0.0193,0.0193,0.0193,10000029,2015-06-24,2015-06-24,P,2.35,2015-02-09
22355,2015-04-08 10:06:00,2015-04-08,0.0193,0.0,0.0,433.0,0.0193,0.0193,0.0193,10000029,2015-06-24,2015-06-24,P,2.35,2015-02-09
22356,2015-04-08 10:07:00,2015-04-08,0.0193,0.0,0.0,433.0,0.0193,0.0193,0.0193,10000029,2015-06-24,2015-06-24,P,2.35,2015-02-09
22357,2015-04-08 10:08:00,2015-04-08,0.0193,0.0,0.0,433.0,0.0193,0.0193,0.0193,10000029,2015-06-24,2015-06-24,P,2.35,2015-02-09
22358,2015-04-08 10:09:00,2015-04-08,0.0193,0.0,0.0,433.0,0.0193,0.0193,0.0193,10000029,2015-06-24,2015-06-24,P,2.35,2015-02-09
22359,2015-04-08 10:10:00,2015-04-08,0.0193,0.0,0.0,433.0,0.0193,0.0193,0.0193,10000029,2015-06-24,2015-06-24,P,2.35,2015-02-09
22360,2015-04-08 10:11:00,2015-04-08,0.0193,0.0,0.0,433.0,0.0193,0.0193,0.0193,10000029,2015-06-24,2015-06-24,P,2.35,2015-02-09
22361,2015-04-08 10:12:00,2015-04-08,0.0193,0.0,0.0,433.0,0.0193,0.0193,0.0193,10000029,2015-06-24,2015-06-24,P,2.35,2015-02-09
22362,2015-04-08 10:13:00,2015-04-08,0.0193,0.0,0.0,433.0,0.0193,0.0193,0.0193,10000029,2015-06-24,2015-06-24,P,2.35,2015-02-09
22363,2015-04-08 10:14:00,2015-04-08,0.0193,0.0,0.0,433.0,0.0193,0.0193,0.0193,10000029,2015-06-24,2015-06-24,P,2.35,2015-02-09
22364,2015-04-08 10:15:00,2015-04-08,0.0193,0.0,0.0,433.0,0.0193,0.0193,0.0193,10000029,2015-06-24,2015-06-24,P,2.35,2015-02-09
22365,2015-04-08 10:16:00,2015-04-08,0.0193,0.0,0.0,433.0,0.0193,0.0193,0.0193,10000029,2015-06-24,2015-06-24,P,2.35,2015-02-09
22366,2015-04-08 10:17:00,2015-04-08,0.0193,0.0,0.0,433.0,0.0193,0.0193,0.0193,10000029,2015-06-24,2015-06-24,P,2.35,2015-02-09
22367,2015-04-08 10:18:00,2015-04-08,0.0193,0.0,0.0,433.0,0.0193,0.0193,0.0193,10000029,2015-06-24,2015-06-24,P,2.35,2015-02-09
22368,2015-04-08 10:19:00,2015-04-08,0.0193,0.0,0.0,433.0,0.0193,0.0193,0.0193,10000029,2015-06-24,2015-06-24,P,2.35,2015-02-09
22369,2015-04-08 10:20:00,2015-04-08,0.0193,0.0,0.0,433.0,0.0193,0.0193,0.0193,10000029,2015-06-24,2015-06-24,P,2.35,2015-02-09
22370,2015-04-08 10:21:00,2015-04-08,0.0193,0.0,0.0,433.0,0.0193,0.0193,0.0193,10000029,2015-06-24,2015-06-24,P,2.35,2015-02-09
22371,2015-04-08 10:22:00,2015-04-08,0.0193,0.0,0.0,433.0,0.0193,0.0193,0.0193,10000029,2015-06-24,2015-06-24,P,2.35,2015-02-09
22372,2015-04-08 10:23:00,2015-04-08,0.0193,0.0,0.0,433.0,0.0193,0.0193,0.0193,10000029,2015-06-24,2015-06-24,P,2.35,2015-02-09
22373,2015-04-08 10:24:00,2015-04-08,0.0193,0.0,0.0,433.0,0.0193,0.0193,0.0193,10000029,2015-06-24,2015-06-24,P,2.35,2015-02-09
22374,2015-04-08 10:25:00,2015-04-08,0.0193,0.0,0.0,433.0,0.0193,0.0193,0.0193,10000029,2015-06-24,2015-06-24,P,2.35,2015-02-09
22375,2015-04-08 10:26:00,2015-04-08,0.0193,0.0,0.0,433.0,0.0193,0.0193,0.0193,10000029,2015-06-24,2015-06-24,P,2.35,2015-02-09
22376,2015-04-08 10:27:00,2015-04-08,0.0193,0.0,0.0,433.0,0.0193,0.0193,0.0193,10000029,2015-06-24,2015-06-24,P,2.35,2015-02-09
22377,2015-04-08 10:28:00,2015-04-08,0.0193,0.0,0.0,433.0,0.0193,0.0193,0.0193,10000029,2015-06-24,2015-06-24,P,2.35,2015-02-09
22378,2015-04-08 10:29:00,2015-04-08,0.0193,0.0,0.0,433.0,0.0193,0.0193,0.0193,10000029,2015-06-24,2015-06-24,P,2.35,2015-02-09
22379,2015-04-08 10:30:00,2015-04-08,0.0193,0.0,0.0,433.0,0.0193,0.0193,0.0193,10000029,2015-06-24,2015-06-24,P,2.35,2015-02-09
22380,2015-04-08 10:31:00,2015-04-08,0.0193,0.0,0.0,433.0,0.0193,0.0193,0.0193,10000029,2015-06-24,2015-06-24,P,2.35,2015-02-09
22381,2015-04-08 10:32:00,2015-04-08,0.0193,0.0,0.0,433.0,0.0193,0.0193,0.0193,10000029,2015-06-24,2015-06-24,P,2.35,2015-02-09
22382,2015-04-08 10:33:00,2015-04-08,0.0193,0.0,0.0,433.0,0.0193,0.0193,0.0193,10000029,2015-06-24,2015-06-24,P,2.35,2015-02-09
22383,2015-04-08 10:34:00,2015-04-08,0.0193,0.0,0.0,433.0,0.0193,0.0193,0.0193,10000029,2015-06-24,2015-06-24,P,2.35,2015-02-09
22384,2015-04-08 10:35:00,2015-04-08,0.0193,0.0,0.0,433.0,0.0193,0.0193,0.0193,10000029,2015-06-24,2015-06-24,P,2.35,2015-02-09
22385,2015-04-08 10:36:00,2015-04-08,0.0193,0.0,0.0,433.0,0.0193,0.0193,0.0193,10000029,2015-06-24,2015-06-24,P,2.35,2015-02-09
22386,2015-04-08 10:37:00,2015-04-08,0.0193,0.0,0.0,433.0,0.0193,0.0193,0.0193,10000029,2015-06-24,2015-06-24,P,2.35,2015-02-09
22387,2015-04-08 10:38:00,2015-04-08,0.0193,0.0,0.0,433.0,0.0193,0.0193,0.0193,10000029,2015-06-24,2015-06-24,P,2.35,2015-02-09
22388,2015-04-08 10:39:00,2015-04-08,0.0193,0.0,0.0,433.0,0.0193,0.0193,0.0193,10000029,2015-06-24,2015-06-24,P,2.35,2015-02-09
22389,2015-04-08 10:40:00,2015-04-08,0.0193,0.0,0.0,433.0,0.0193,0.0193,0.0193,10000029,2015-06-24,2015-06-24,P,2.35,2015-02-09
22390,2015-04-08 10:41:00,2015-04-08,0.0193,0.0,0.0,433.0,0.0193,0.0193,0.0193,10000029,2015-06-24,2015-06-24,P,2.35,2015-02-09
22391,2015-04-08 10:42:00,2015-04-08,0.0193,0.0,0.0,433.0,0.0193,0.0193,0.0193,10000029,2015-06-24,2015-06-24,P,2.35,2015-02-09
22392,2015-04-08 10:43:00,2015-04-08,0.0193,0.0,0.0,433.0,0.0193,0.0193,0.0193,10000029,2015-06-24,2015-06-24,P,2.35,2015-02-09
22393,2015-04-08 10:44:00,2015-04-08,0.0193,0.0,0.0,433.0,0.0193,0.0193,0.0193,10000029,2015-06-24,2015-06-24,P,2.35,2015-02-09
22394,2015-04-08 10:45:00,2015-04-08,0.0193,0.0,0.0,433.0,0.0193,0.0193,0.0193,10000029,2015-06-24,2015-06-24,P,2.35,2015-02-09
22395,2015-04-08 10:46:00,2015-04-08,0.0193,0.0,0.0,433.0,0.0193,0.0193,0.0193,10000029,2015-06-24,2015-06-24,P,2.35,2015-02-09
22396,2015-04-08 10:47:00,2015-04-08,0.0193,0.0,0.0,433.0,0.0193,0.0193,0.0193,10000029,2015-06-24,2015-06-24,P,2.35,2015-02-09
22397,2015-04-08 10:48:00,2015-04-08,0.0193,0.0,0.0,433.0,0.0193,0.0193,0.0193,10000029,2015-06-24,2015-06-24,P,2.35,2015-02-09
22398,2015-04-08 10:49:00,2015-04-08,0.0193,0.0,0.0,433.0,0.0193,0.0193,0.0193,10000029,2015-06-24,2015-06-24,P,2.35,2015-02-09
22399,2015-04-08 10:50:00,2015-04-08,0.0193,0.0,0.0,433.0,0.0193,0.0193,0.0193,10000029,2015-06-24,2015-06-24,P,2.35,2015-02-09
22400,2015-04-08 10:51:00,2015-04-08,0.0193,0.0,0.0,433.0,0.0193,0.0193,0.0193,10000029,2015-06-24,2015-06-24,P,2.35,2015-02-09
22401,2015-04-08 10:52:00,2015-04-08,0.0193,0.0,0.0,433.0,0.0193,0.0193,0.0193,10000029,2015-06-24,2015-06-24,P,2.35,2015-02-09
22402,2015-04-08 10:53:00,2015-04-08,0.0193,0.0,0.0,433.0,0.0193,0.0193,0.0193,10000029,2015-06-24,2015-06-24,P,2.35,2015-02-09
22403,2015-04-08 10:54:00,2015-04-08,0.0193,0.0,0.0,433.0,0.0193,0.0193,0.0193,10000029,2015-06-24,2015-06-24,P,2.35,2015-02-09
22404,2015-04-08 10:55:00,2015-04-08,0.0193,0.0,0.0,433.0,0.0193,0.0193,0.0193,10000029,2015-06-24,2015-06-24,P,2.35,2015-02-09
22405,2015-04-08 10:56:00,2015-04-08,0.0193,0.0,0.0,433.0,0.0193,0.0193,0.0193,10000029,2015-06-24,2015-06-24,P,2.35,2015-02-09
22406,2015-04-08 10:57:00,2015-04-08,0.0193,0.0,0.0,433.0,0.0193,0.0193,0.0193,10000029,2015-06-24,2015-06-24,P,2.35,2015-02-09
22407,2015-04-08 10:58:00,2015-04-08,0.0193,0.0,0.0,433.0,0.0193,0.0193,0.0193,10000029,2015-06-24,2015-06-24,P,2.35,2015-02-09
22408,2015-04-08 10:59:00,2015-04-08,0.0193,0.0,0.0,433.0,0.0193,0.0193,0.0193,10000029,2015-06-24,2015-06-24,P,2.35,2015-02-09
22409,2015-04-08 11:00:00,2015-04-08,0.0193,0.0,0.0,433.0,0.0193,0.0193,0.0193,10000029,2015-06-24,2015-06-24,P,2.35,2015-02-09
22410,2015-04-08 11:01:00,2015-04-08,0.0193,0.0,0.0,433.0,0.0193,0.0193,0.0193,10000029,2015-06-24,2015-06-24,P,2.35,2015-02-09
22411,2015-04-08 11:02:00,2015-04-08,0.0193,0.0,0.0,433.0,0.0193,0.0193,0.0193,10000029,2015-06-24,2015-06-24,P,2.35,2015-02-09
22412,2015-04-08 11:03:00,2015-04-08,0.0193,0.0,0.0,433.0,0.0193,0.0193,0.0193,10000029,2015-06-24,2015-06-24,P,2.35,2015-02-09
22413,2015-04-08 11:04:00,2015-04-08,0.0193,0.0,0.0,433.0,0.0193,0.0193,0.0193,10000029,2015-06-24,2015-06-24,P,2.35,2015-02-09
22414,2015-04-08 11:05:00,2015-04-08,0.0193,0.0,0.0,433.0,0.0193,0.0193,0.0193,10000029,2015-06-24,2015-06-24,P,2.35,2015-02-09
22415,2015-04-08 11:06:00,2015-04-08,0.0193,0.0,0.0,433.0,0.0193,0.0193,0.0193,10000029,2015-06-24,2015-06-24,P,2.35,2015-02-09
22416,2015-04-08 11:07:00,2015-04-08,0.0193,0.0,0.0,433.0,0.0193,0.0193,0.0193,10000029,2015-06-24,2015-06-24,P,2.35,2015-02-09
22417,2015-04-08 11:08:00,2015-04-08,0.0193,0.0,0.0,433.0,0.0193,0.0193,0.0193,10000029,2015-06-24,2015-06-24,P,2.35,2015-02-09
22418,2015-04-08 11:09:00,2015-04-08,0.0193,0.0,0.0,433.0,0.0193,0.0193,0.0193,10000029,2015-06-24,2015-06-24,P,2.35,2015-02-09
22419,2015-04-08 11:10:00,2015-04-08,0.0193,0.0,0.0,433.0,0.0193,0.0193,0.0193,10000029,2015-06-24,2015-06-24,P,2.35,2015-02-09
22420,2015-04-08 11:11:00,2015-04-08,0.0193,0.0,0.0,433.0,0.0193,0.0193,0.0193,10000029,2015-06-24,2015-06-24,P,2.35,2015-02-09
22421,2015-04-08 11:12:00,2015-04-08,0.0193,0.0,0.0,433.0,0.0193,0.0193,0.0193,10000029,2015-06-24,2015-06-24,P,2.35,2015-02-09
22422,2015-04-08 11:13:00,2015-04-08,0.0193,0.0,0.0,433.0,0.0193,0.0193,0.0193,10000029,2015-06-24,2015-06-24,P,2.35,2015-02-09
22423,2015-04-08 11:14:00,2015-04-08,0.0193,0.0,0.0,433.0,0.0193,0.0193,0.0193,10000029,2015-06-24,2015-06-24,P,2.35,2015-02-09
22424,2015-04-08 11:15:00,2015-04-08,0.0193,0.0,0.0,433.0,0.0193,0.0193,0.0193,10000029,2015-06-24,2015-06-24,P,2.35,2015-02-09
22425,2015-04-08 11:16:00,2015-04-08,0.0193,0.0,0.0,433.0,0.0193,0.0193,0.0193,10000029,2015-06-24,2015-06-24,P,2.35,2015-02-09
22426,2015-04-08 11:17:00,2015-04-08,0.0193,0.0,0.0,433.0,0.0193,0.0193,0.0193,10000029,2015-06-24,2015-06-24,P,2.35,2015-02-09
22427,2015-04-08 11:18:00,2015-04-08,0.0193,0.0,0.0,433.0,0.0193,0.0193,0.0193,10000029,2015-06-24,2015-06-24,P,2.35,2015-02-09
22428,2015-04-08 11:19:00,2015-04-08,0.0193,0.0,0.0,433.0,0.0193,0.0193,0.0193,10000029,2015-06-24,2015-06-24,P,2.35,2015-02-09
22429,2015-04-08 11:20:00,2015-04-08,0.0193,0.0,0.0,433.0,0.0193,0.0193,0.0193,10000029,2015-06-24,2015-06-24,P,2.35,2015-02-09
22430,2015-04-08 11:21:00,2015-04-08,0.0193,0.0,0.0,433.0,0.0193,0.0193,0.0193,10000029,2015-06-24,2015-06-24,P,2.35,2015-02-09
22431,2015-04-08 11:22:00,2015-04-08,0.0193,0.0,0.0,433.0,0.0193,0.0193,0.0193,10000029,2015-06-24,2015-06-24,P,2.35,2015-02-09
22432,2015-04-08 11:23:00,2015-04-08,0.0193,0.0,0.0,433.0,0.0193,0.0193,0.0193,10000029,2015-06-24,2015-06-24,P,2.35,2015-02-09
22433,2015-04-08 11:24:00,2015-04-08,0.0193,0.0,0.0,433.0,0.0193,0.0193,0.0193,10000029,2015-06-24,2015-06-24,P,2.35,2015-02-09
22434,2015-04-08 11:25:00,2015-04-08,0.0193,0.0,0.0,433.0,0.0193,0.0193,0.0193,10000029,2015-06-24,2015-06-24,P,2.35,2015-02-09
22435,2015-04-08 11:26:00,2015-04-08,0.0193,0.0,0.0,433.0,0.0193,0.0193,0.0193,10000029,2015-06-24,2015-06-24,P,2.35,2015-02-09
22436,2015-04-08 11:27:00,2015-04-08,0.0193,0.0,0.0,433.0,0.0193,0.0193,0.0193,10000029,2015-06-24,2015-06-24,P,2.35,2015-02-09
22437,2015-04-08 11:28:00,2015-04-08,0.0193,0.0,0.0,433.0,0.0193,0.0193,0.0193,10000029,2015-06-24,2015-06-24,P,2.35,2015-02-09
22438,2015-04-08 11:29:00,2015-04-08,0.0193,0.0,0.0,433.0,0.0193,0.0193,0.0193,10000029,2015-06-24,2015-06-24,P,2.35,2015-02-09
22439,2015-04-08 11:30:00,2015-04-08,0.0193,0.0,0.0,433.0,0.0193,0.0193,0.0193,10000029,2015-06-24,2015-06-24,P,2.35,2015-02-09
22440,2015-04-08 13:01:00,2015-04-08,0.0193,0.0,0.0,433.0,0.0193,0.0193,0.0193,10000029,2015-06-24,2015-06-24,P,2.35,2015-02-09
22441,2015-04-08 13:02:00,2015-04-08,0.0177,885.0,5.0,428.0,0.0177,0.0177,0.0177,10000029,2015-06-24,2015-06-24,P,2.35,2015-02-09
22442,2015-04-08 13:03:00,2015-04-08,0.0177,0.0,0.0,428.0,0.0177,0.0177,0.0177,10000029,2015-06-24,2015-06-24,P,2.35,2015-02-09
22443,2015-04-08 13:04:00,2015-04-08,0.0177,0.0,0.0,428.0,0.0177,0.0177,0.0177,10000029,2015-06-24,2015-06-24,P,2.35,2015-02-09
22444,2015-04-08 13:05:00,2015-04-08,0.0177,0.0,0.0,428.0,0.0177,0.0177,0.0177,10000029,2015-06-24,2015-06-24,P,2.35,2015-02-09
22445,2015-04-08 13:06:00,2015-04-08,0.0177,0.0,0.0,428.0,0.0177,0.0177,0.0177,10000029,2015-06-24,2015-06-24,P,2.35,2015-02-09
22446,2015-04-08 13:07:00,2015-04-08,0.0177,0.0,0.0,428.0,0.0177,0.0177,0.0177,10000029,2015-06-24,2015-06-24,P,2.35,2015-02-09
22447,2015-04-08 13:08:00,2015-04-08,0.0177,0.0,0.0,428.0,0.0177,0.0177,0.0177,10000029,2015-06-24,2015-06-24,P,2.35,2015-02-09
22448,2015-04-08 13:09:00,2015-04-08,0.0177,0.0,0.0,428.0,0.0177,0.0177,0.0177,10000029,2015-06-24,2015-06-24,P,2.35,2015-02-09
22449,2015-04-08 13:10:00,2015-04-08,0.0177,0.0,0.0,428.0,0.0177,0.0177,0.0177,10000029,2015-06-24,2015-06-24,P,2.35,2015-02-09
22450,2015-04-08 13:11:00,2015-04-08,0.0177,0.0,0.0,428.0,0.0177,0.0177,0.0177,10000029,2015-06-24,2015-06-24,P,2.35,2015-02-09
22451,2015-04-08 13:12:00,2015-04-08,0.0177,0.0,0.0,428.0,0.0177,0.0177,0.0177,10000029,2015-06-24,2015-06-24,P,2.35,2015-02-09
22452,2015-04-08 13:13:00,2015-04-08,0.0177,0.0,0.0,428.0,0.0177,0.0177,0.0177,10000029,2015-06-24,2015-06-24,P,2.35,2015-02-09
22453,2015-04-08 13:14:00,2015-04-08,0.0177,0.0,0.0,428.0,0.0177,0.0177,0.0177,10000029,2015-06-24,2015-06-24,P,2.35,2015-02-09
22454,2015-04-08 13:15:00,2015-04-08,0.0177,0.0,0.0,428.0,0.0177,0.0177,0.0177,10000029,2015-06-24,2015-06-24,P,2.35,2015-02-09
22455,2015-04-08 13:16:00,2015-04-08,0.0177,0.0,0.0,428.0,0.0177,0.0177,0.0177,10000029,2015-06-24,2015-06-24,P,2.35,2015-02-09
22456,2015-04-08 13:17:00,2015-04-08,0.0177,0.0,0.0,428.0,0.0177,0.0177,0.0177,10000029,2015-06-24,2015-06-24,P,2.35,2015-02-09
22457,2015-04-08 13:18:00,2015-04-08,0.0177,0.0,0.0,428.0,0.0177,0.0177,0.0177,10000029,2015-06-24,2015-06-24,P,2.35,2015-02-09
22458,2015-04-08 13:19:00,2015-04-08,0.0177,0.0,0.0,428.0,0.0177,0.0177,0.0177,10000029,2015-06-24,2015-06-24,P,2.35,2015-02-09
22459,2015-04-08 13:20:00,2015-04-08,0.0177,0.0,0.0,428.0,0.0177,0.0177,0.0177,10000029,2015-06-24,2015-06-24,P,2.35,2015-02-09
22460,2015-04-08 13:21:00,2015-04-08,0.0177,0.0,0.0,428.0,0.0177,0.0177,0.0177,10000029,2015-06-24,2015-06-24,P,2.35,2015-02-09
22461,2015-04-08 13:22:00,2015-04-08,0.0177,0.0,0.0,428.0,0.0177,0.0177,0.0177,10000029,2015-06-24,2015-06-24,P,2.35,2015-02-09
22462,2015-04-08 13:23:00,2015-04-08,0.0177,0.0,0.0,428.0,0.0177,0.0177,0.0177,10000029,2015-06-24,2015-06-24,P,2.35,2015-02-09
22463,2015-04-08 13:24:00,2015-04-08,0.0177,0.0,0.0,428.0,0.0177,0.0177,0.0177,10000029,2015-06-24,2015-06-24,P,2.35,2015-02-09
22464,2015-04-08 13:25:00,2015-04-08,0.0177,0.0,0.0,428.0,0.0177,0.0177,0.0177,10000029,2015-06-24,2015-06-24,P,2.35,2015-02-09
22465,2015-04-08 13:26:00,2015-04-08,0.0177,0.0,0.0,428.0,0.0177,0.0177,0.0177,10000029,2015-06-24,2015-06-24,P,2.35,2015-02-09
22466,2015-04-08 13:27:00,2015-04-08,0.0177,0.0,0.0,428.0,0.0177,0.0177,0.0177,10000029,2015-06-24,2015-06-24,P,2.35,2015-02-09
22467,2015-04-08 13:28:00,2015-04-08,0.0177,0.0,0.0,428.0,0.0177,0.0177,0.0177,10000029,2015-06-24,2015-06-24,P,2.35,2015-02-09
22468,2015-04-08 13:29:00,2015-04-08,0.0177,0.0,0.0,428.0,0.0177,0.0177,0.0177,10000029,2015-06-24,2015-06-24,P,2.35,2015-02-09
22469,2015-04-08 13:30:00,2015-04-08,0.0177,0.0,0.0,428.0,0.0177,0.0177,0.0177,10000029,2015-06-24,2015-06-24,P,2.35,2015-02-09
22470,2015-04-08 13:31:00,2015-04-08,0.0177,0.0,0.0,428.0,0.0177,0.0177,0.0177,10000029,2015-06-24,2015-06-24,P,2.35,2015-02-09
22471,2015-04-08 13:32:00,2015-04-08,0.0177,0.0,0.0,428.0,0.0177,0.0177,0.0177,10000029,2015-06-24,2015-06-24,P,2.35,2015-02-09
22472,2015-04-08 13:33:00,2015-04-08,0.0177,0.0,0.0,428.0,0.0177,0.0177,0.0177,10000029,2015-06-24,2015-06-24,P,2.35,2015-02-09
22473,2015-04-08 13:34:00,2015-04-08,0.0177,0.0,0.0,428.0,0.0177,0.0177,0.0177,10000029,2015-06-24,2015-06-24,P,2.35,2015-02-09
22474,2015-04-08 13:35:00,2015-04-08,0.0177,0.0,0.0,428.0,0.0177,0.0177,0.0177,10000029,2015-06-24,2015-06-24,P,2.35,2015-02-09
22475,2015-04-08 13:36:00,2015-04-08,0.0177,0.0,0.0,428.0,0.0177,0.0177,0.0177,10000029,2015-06-24,2015-06-24,P,2.35,2015-02-09
22476,2015-04-08 13:37:00,2015-04-08,0.0177,0.0,0.0,428.0,0.0177,0.0177,0.0177,10000029,2015-06-24,2015-06-24,P,2.35,2015-02-09
22477,2015-04-08 13:38:00,2015-04-08,0.0177,0.0,0.0,428.0,0.0177,0.0177,0.0177,10000029,2015-06-24,2015-06-24,P,2.35,2015-02-09
22478,2015-04-08 13:39:00,2015-04-08,0.0177,0.0,0.0,428.0,0.0177,0.0177,0.0177,10000029,2015-06-24,2015-06-24,P,2.35,2015-02-09
22479,2015-04-08 13:40:00,2015-04-08,0.0177,0.0,0.0,428.0,0.0177,0.0177,0.0177,10000029,2015-06-24,2015-06-24,P,2.35,2015-02-09
22480,2015-04-08 13:41:00,2015-04-08,0.0177,0.0,0.0,428.0,0.0177,0.0177,0.0177,10000029,2015-06-24,2015-06-24,P,2.35,2015-02-09
22481,2015-04-08 13:42:00,2015-04-08,0.0177,0.0,0.0,428.0,0.0177,0.0177,0.0177,10000029,2015-06-24,2015-06-24,P,2.35,2015-02-09
22482,2015-04-08 13:43:00,2015-04-08,0.0177,0.0,0.0,428.0,0.0177,0.0177,0.0177,10000029,2015-06-24,2015-06-24,P,2.35,2015-02-09
22483,2015-04-08 13:44:00,2015-04-08,0.0177,0.0,0.0,428.0,0.0177,0.0177,0.0177,10000029,2015-06-24,2015-06-24,P,2.35,2015-02-09
22484,2015-04-08 13:45:00,2015-04-08,0.0177,0.0,0.0,428.0,0.0177,0.0177,0.0177,10000029,2015-06-24,2015-06-24,P,2.35,2015-02-09
22485,2015-04-08 13:46:00,2015-04-08,0.0177,0.0,0.0,428.0,0.0177,0.0177,0.0177,10000029,2015-06-24,2015-06-24,P,2.35,2015-02-09
22486,2015-04-08 13:47:00,2015-04-08,0.0177,0.0,0.0,428.0,0.0177,0.0177,0.0177,10000029,2015-06-24,2015-06-24,P,2.35,2015-02-09
22487,2015-04-08 13:48:00,2015-04-08,0.0177,0.0,0.0,428.0,0.0177,0.0177,0.0177,10000029,2015-06-24,2015-06-24,P,2.35,2015-02-09
22488,2015-04-08 13:49:00,2015-04-08,0.0177,0.0,0.0,428.0,0.0177,0.0177,0.0177,10000029,2015-06-24,2015-06-24,P,2.35,2015-02-09
22489,2015-04-08 13:50:00,2015-04-08,0.0177,0.0,0.0,428.0,0.0177,0.0177,0.0177,10000029,2015-06-24,2015-06-24,P,2.35,2015-02-09
22490,2015-04-08 13:51:00,2015-04-08,0.0177,0.0,0.0,428.0,0.0177,0.0177,0.0177,10000029,2015-06-24,2015-06-24,P,2.35,2015-02-09
22491,2015-04-08 13:52:00,2015-04-08,0.0177,0.0,0.0,428.0,0.0177,0.0177,0.0177,10000029,2015-06-24,2015-06-24,P,2.35,2015-02-09
22492,2015-04-08 13:53:00,2015-04-08,0.0177,0.0,0.0,428.0,0.0177,0.0177,0.0177,10000029,2015-06-24,2015-06-24,P,2.35,2015-02-09
22493,2015-04-08 13:54:00,2015-04-08,0.0177,0.0,0.0,428.0,0.0177,0.0177,0.0177,10000029,2015-06-24,2015-06-24,P,2.35,2015-02-09
22494,2015-04-08 13:55:00,2015-04-08,0.0177,0.0,0.0,428.0,0.0177,0.0177,0.0177,10000029,2015-06-24,2015-06-24,P,2.35,2015-02-09
22495,2015-04-08 13:56:00,2015-04-08,0.0177,0.0,0.0,428.0,0.0177,0.0177,0.0177,10000029,2015-06-24,2015-06-24,P,2.35,2015-02-09
22496,2015-04-08 13:57:00,2015-04-08,0.0177,0.0,0.0,428.0,0.0177,0.0177,0.0177,10000029,2015-06-24,2015-06-24,P,2.35,2015-02-09
22497,2015-04-08 13:58:00,2015-04-08,0.0177,0.0,0.0,428.0,0.0177,0.0177,0.0177,10000029,2015-06-24,2015-06-24,P,2.35,2015-02-09
22498,2015-04-08 13:59:00,2015-04-08,0.0177,0.0,0.0,428.0,0.0177,0.0177,0.0177,10000029,2015-06-24,2015-06-24,P,2.35,2015-02-09
22499,2015-04-08 14:00:00,2015-04-08,0.0177,0.0,0.0,428.0,0.0177,0.0177,0.0177,10000029,2015-06-24,2015-06-24,P,2.35,2015-02-09
22500,2015-04-08 14:01:00,2015-04-08,0.0177,0.0,0.0,428.0,0.0177,0.0177,0.0177,10000029,2015-06-24,2015-06-24,P,2.35,2015-02-09
22501,2015-04-08 14:02:00,2015-04-08,0.0177,0.0,0.0,428.0,0.0177,0.0177,0.0177,10000029,2015-06-24,2015-06-24,P,2.35,2015-02-09
22502,2015-04-08 14:03:00,2015-04-08,0.0177,0.0,0.0,428.0,0.0177,0.0177,0.0177,10000029,2015-06-24,2015-06-24,P,2.35,2015-02-09
22503,2015-04-08 14:04:00,2015-04-08,0.0177,0.0,0.0,428.0,0.0177,0.0177,0.0177,10000029,2015-06-24,2015-06-24,P,2.35,2015-02-09
22504,2015-04-08 14:05:00,2015-04-08,0.0177,0.0,0.0,428.0,0.0177,0.0177,0.0177,10000029,2015-06-24,2015-06-24,P,2.35,2015-02-09
22505,2015-04-08 14:06:00,2015-04-08,0.0177,0.0,0.0,428.0,0.0177,0.0177,0.0177,10000029,2015-06-24,2015-06-24,P,2.35,2015-02-09
22506,2015-04-08 14:07:00,2015-04-08,0.0177,0.0,0.0,428.0,0.0177,0.0177,0.0177,10000029,2015-06-24,2015-06-24,P,2.35,2015-02-09
22507,2015-04-08 14:08:00,2015-04-08,0.0177,0.0,0.0,428.0,0.0177,0.0177,0.0177,10000029,2015-06-24,2015-06-24,P,2.35,2015-02-09
22508,2015-04-08 14:09:00,2015-04-08,0.0177,0.0,0.0,428.0,0.0177,0.0177,0.0177,10000029,2015-06-24,2015-06-24,P,2.35,2015-02-09
22509,2015-04-08 14:10:00,2015-04-08,0.0177,0.0,0.0,428.0,0.0177,0.0177,0.0177,10000029,2015-06-24,2015-06-24,P,2.35,2015-02-09
22510,2015-04-08 14:11:00,2015-04-08,0.0177,0.0,0.0,428.0,0.0177,0.0177,0.0177,10000029,2015-06-24,2015-06-24,P,2.35,2015-02-09
22511,2015-04-08 14:12:00,2015-04-08,0.0177,0.0,0.0,428.0,0.0177,0.0177,0.0177,10000029,2015-06-24,2015-06-24,P,2.35,2015-02-09
22512,2015-04-08 14:13:00,2015-04-08,0.0177,0.0,0.0,428.0,0.0177,0.0177,0.0177,10000029,2015-06-24,2015-06-24,P,2.35,2015-02-09
22513,2015-04-08 14:14:00,2015-04-08,0.0177,0.0,0.0,428.0,0.0177,0.0177,0.0177,10000029,2015-06-24,2015-06-24,P,2.35,2015-02-09
22514,2015-04-08 14:15:00,2015-04-08,0.0177,0.0,0.0,428.0,0.0177,0.0177,0.0177,10000029,2015-06-24,2015-06-24,P,2.35,2015-02-09
22515,2015-04-08 14:16:00,2015-04-08,0.0177,0.0,0.0,428.0,0.0177,0.0177,0.0177,10000029,2015-06-24,2015-06-24,P,2.35,2015-02-09
22516,2015-04-08 14:17:00,2015-04-08,0.0177,0.0,0.0,428.0,0.0177,0.0177,0.0177,10000029,2015-06-24,2015-06-24,P,2.35,2015-02-09
22517,2015-04-08 14:18:00,2015-04-08,0.0177,0.0,0.0,428.0,0.0177,0.0177,0.0177,10000029,2015-06-24,2015-06-24,P,2.35,2015-02-09
22518,2015-04-08 14:19:00,2015-04-08,0.0177,0.0,0.0,428.0,0.0177,0.0177,0.0177,10000029,2015-06-24,2015-06-24,P,2.35,2015-02-09
22519,2015-04-08 14:20:00,2015-04-08,0.0177,0.0,0.0,428.0,0.0177,0.0177,0.0177,10000029,2015-06-24,2015-06-24,P,2.35,2015-02-09
22520,2015-04-08 14:21:00,2015-04-08,0.0177,0.0,0.0,428.0,0.0177,0.0177,0.0177,10000029,2015-06-24,2015-06-24,P,2.35,2015-02-09
22521,2015-04-08 14:22:00,2015-04-08,0.0177,0.0,0.0,428.0,0.0177,0.0177,0.0177,10000029,2015-06-24,2015-06-24,P,2.35,2015-02-09
22522,2015-04-08 14:23:00,2015-04-08,0.0177,0.0,0.0,428.0,0.0177,0.0177,0.0177,10000029,2015-06-24,2015-06-24,P,2.35,2015-02-09
22523,2015-04-08 14:24:00,2015-04-08,0.0177,0.0,0.0,428.0,0.0177,0.0177,0.0177,10000029,2015-06-24,2015-06-24,P,2.35,2015-02-09
22524,2015-04-08 14:25:00,2015-04-08,0.0177,0.0,0.0,428.0,0.0177,0.0177,0.0177,10000029,2015-06-24,2015-06-24,P,2.35,2015-02-09
22525,2015-04-08 14:26:00,2015-04-08,0.0177,0.0,0.0,428.0,0.0177,0.0177,0.0177,10000029,2015-06-24,2015-06-24,P,2.35,2015-02-09
22526,2015-04-08 14:27:00,2015-04-08,0.0177,0.0,0.0,428.0,0.0177,0.0177,0.0177,10000029,2015-06-24,2015-06-24,P,2.35,2015-02-09
22527,2015-04-08 14:28:00,2015-04-08,0.0177,0.0,0.0,428.0,0.0177,0.0177,0.0177,10000029,2015-06-24,2015-06-24,P,2.35,2015-02-09
22528,2015-04-08 14:29:00,2015-04-08,0.0177,0.0,0.0,428.0,0.0177,0.0177,0.0177,10000029,2015-06-24,2015-06-24,P,2.35,2015-02-09
22529,2015-04-08 14:30:00,2015-04-08,0.0177,0.0,0.0,428.0,0.0177,0.0177,0.0177,10000029,2015-06-24,2015-06-24,P,2.35,2015-02-09
22530,2015-04-08 14:31:00,2015-04-08,0.0177,0.0,0.0,428.0,0.0177,0.0177,0.0177,10000029,2015-06-24,2015-06-24,P,2.35,2015-02-09
22531,2015-04-08 14:32:00,2015-04-08,0.0177,0.0,0.0,428.0,0.0177,0.0177,0.0177,10000029,2015-06-24,2015-06-24,P,2.35,2015-02-09
22532,2015-04-08 14:33:00,2015-04-08,0.0177,0.0,0.0,428.0,0.0177,0.0177,0.0177,10000029,2015-06-24,2015-06-24,P,2.35,2015-02-09
22533,2015-04-08 14:34:00,2015-04-08,0.0177,0.0,0.0,428.0,0.0177,0.0177,0.0177,10000029,2015-06-24,2015-06-24,P,2.35,2015-02-09
22534,2015-04-08 14:35:00,2015-04-08,0.0177,0.0,0.0,428.0,0.0177,0.0177,0.0177,10000029,2015-06-24,2015-06-24,P,2.35,2015-02-09
22535,2015-04-08 14:36:00,2015-04-08,0.0177,0.0,0.0,428.0,0.0177,0.0177,0.0177,10000029,2015-06-24,2015-06-24,P,2.35,2015-02-09
22536,2015-04-08 14:37:00,2015-04-08,0.0177,0.0,0.0,428.0,0.0177,0.0177,0.0177,10000029,2015-06-24,2015-06-24,P,2.35,2015-02-09
22537,2015-04-08 14:38:00,2015-04-08,0.0177,0.0,0.0,428.0,0.0177,0.0177,0.0177,10000029,2015-06-24,2015-06-24,P,2.35,2015-02-09
22538,2015-04-08 14:39:00,2015-04-08,0.0177,0.0,0.0,428.0,0.0177,0.0177,0.0177,10000029,2015-06-24,2015-06-24,P,2.35,2015-02-09
22539,2015-04-08 14:40:00,2015-04-08,0.0177,0.0,0.0,428.0,0.0177,0.0177,0.0177,10000029,2015-06-24,2015-06-24,P,2.35,2015-02-09
22540,2015-04-08 14:41:00,2015-04-08,0.0177,0.0,0.0,428.0,0.0177,0.0177,0.0177,10000029,2015-06-24,2015-06-24,P,2.35,2015-02-09
22541,2015-04-08 14:42:00,2015-04-08,0.0177,0.0,0.0,428.0,0.0177,0.0177,0.0177,10000029,2015-06-24,2015-06-24,P,2.35,2015-02-09
22542,2015-04-08 14:43:00,2015-04-08,0.0177,0.0,0.0,428.0,0.0177,0.0177,0.0177,10000029,2015-06-24,2015-06-24,P,2.35,2015-02-09
22543,2015-04-08 14:44:00,2015-04-08,0.0177,0.0,0.0,428.0,0.0177,0.0177,0.0177,10000029,2015-06-24,2015-06-24,P,2.35,2015-02-09
22544,2015-04-08 14:45:00,2015-04-08,0.0177,0.0,0.0,428.0,0.0177,0.0177,0.0177,10000029,2015-06-24,2015-06-24,P,2.35,2015-02-09
22545,2015-04-08 14:46:00,2015-04-08,0.0177,0.0,0.0,428.0,0.0177,0.0177,0.0177,10000029,2015-06-24,2015-06-24,P,2.35,2015-02-09
22546,2015-04-08 14:47:00,2015-04-08,0.0177,0.0,0.0,428.0,0.0177,0.0177,0.0177,10000029,2015-06-24,2015-06-24,P,2.35,2015-02-09
22547,2015-04-08 14:48:00,2015-04-08,0.0177,0.0,0.0,428.0,0.0177,0.0177,0.0177,10000029,2015-06-24,2015-06-24,P,2.35,2015-02-09
22548,2015-04-08 14:49:00,2015-04-08,0.0177,0.0,0.0,428.0,0.0177,0.0177,0.0177,10000029,2015-06-24,2015-06-24,P,2.35,2015-02-09
22549,2015-04-08 14:50:00,2015-04-08,0.0177,0.0,0.0,428.0,0.0177,0.0177,0.0177,10000029,2015-06-24,2015-06-24,P,2.35,2015-02-09
22550,2015-04-08 14:51:00,2015-04-08,0.0177,0.0,0.0,428.0,0.0177,0.0177,0.0177,10000029,2015-06-24,2015-06-24,P,2.35,2015-02-09
22551,2015-04-08 14:52:00,2015-04-08,0.0177,0.0,0.0,428.0,0.0177,0.0177,0.0177,10000029,2015-06-24,2015-06-24,P,2.35,2015-02-09
22552,2015-04-08 14:53:00,2015-04-08,0.0177,0.0,0.0,428.0,0.0177,0.0177,0.0177,10000029,2015-06-24,2015-06-24,P,2.35,2015-02-09
22553,2015-04-08 14:54:00,2015-04-08,0.0177,0.0,0.0,428.0,0.0177,0.0177,0.0177,10000029,2015-06-24,2015-06-24,P,2.35,2015-02-09
22554,2015-04-08 14:55:00,2015-04-08,0.0177,0.0,0.0,428.0,0.0177,0.0177,0.0177,10000029,2015-06-24,2015-06-24,P,2.35,2015-02-09
22555,2015-04-08 14:56:00,2015-04-08,0.0177,0.0,0.0,428.0,0.0177,0.0177,0.0177,10000029,2015-06-24,2015-06-24,P,2.35,2015-02-09
22556,2015-04-08 14:57:00,2015-04-08,0.0177,0.0,0.0,428.0,0.0177,0.0177,0.0177,10000029,2015-06-24,2015-06-24,P,2.35,2015-02-09
22557,2015-04-08 14:58:00,2015-04-08,0.0177,0.0,0.0,428.0,0.0177,0.0177,0.0177,10000029,2015-06-24,2015-06-24,P,2.35,2015-02-09
22558,2015-04-08 14:59:00,2015-04-08,0.0177,0.0,0.0,428.0,0.0177,0.0177,0.0177,10000029,2015-06-24,2015-06-24,P,2.35,2015-02-09
22559,2015-04-08 15:00:00,2015-04-08,0.0177,0.0,0.0,428.0,0.0177,0.0177,0.0177,10000029,2015-06-24,2015-06-24,P,2.35,2015-02-09
22560,2015-04-08 09:31:00,2015-04-08,0.0642,40069.0,67.0,67.0,0.0564,0.0642,0.0565,10000127,2015-04-22,2015-04-22,C,2.9,2015-04-08
22561,2015-04-08 09:32:00,2015-04-08,0.0642,0.0,0.0,67.0,0.0642,0.0642,0.0642,10000127,2015-04-22,2015-04-22,C,2.9,2015-04-08
22562,2015-04-08 09:33:00,2015-04-08,0.061,4274.0,7.0,74.0,0.061,0.061,0.061,10000127,2015-04-22,2015-04-22,C,2.9,2015-04-08
22563,2015-04-08 09:34:00,2015-04-08,0.0578,6921.0,12.0,86.0,0.0578,0.0578,0.0575,10000127,2015-04-22,2015-04-22,C,2.9,2015-04-08
22564,2015-04-08 09:35:00,2015-04-08,0.0598,4162.0,7.0,92.0,0.0594,0.0598,0.0594,10000127,2015-04-22,2015-04-22,C,2.9,2015-04-08
22565,2015-04-08 09:36:00,2015-04-08,0.0594,6992.0,12.0,104.0,0.0594,0.0577,0.0577,10000127,2015-04-22,2015-04-22,C,2.9,2015-04-08
22566,2015-04-08 09:37:00,2015-04-08,0.0561,3371.0,6.0,109.0,0.0561,0.0561,0.0561,10000127,2015-04-22,2015-04-22,C,2.9,2015-04-08
22567,2015-04-08 09:38:00,2015-04-08,0.0558,2790.0,5.0,114.0,0.0558,0.0558,0.0558,10000127,2015-04-22,2015-04-22,C,2.9,2015-04-08
22568,2015-04-08 09:39:00,2015-04-08,0.0558,0.0,0.0,114.0,0.0558,0.0558,0.0558,10000127,2015-04-22,2015-04-22,C,2.9,2015-04-08
22569,2015-04-08 09:40:00,2015-04-08,0.0558,0.0,0.0,114.0,0.0558,0.0558,0.0558,10000127,2015-04-22,2015-04-22,C,2.9,2015-04-08
22570,2015-04-08 09:41:00,2015-04-08,0.0586,11039.0,19.0,133.0,0.0575,0.0582,0.0575,10000127,2015-04-22,2015-04-22,C,2.9,2015-04-08
22571,2015-04-08 09:42:00,2015-04-08,0.0587,5865.0,10.0,143.0,0.0586,0.0587,0.0586,10000127,2015-04-22,2015-04-22,C,2.9,2015-04-08
22572,2015-04-08 09:43:00,2015-04-08,0.0601,6010.0,10.0,153.0,0.0601,0.0601,0.0601,10000127,2015-04-22,2015-04-22,C,2.9,2015-04-08
22573,2015-04-08 09:44:00,2015-04-08,0.06,18000.0,30.0,183.0,0.06,0.06,0.06,10000127,2015-04-22,2015-04-22,C,2.9,2015-04-08
22574,2015-04-08 09:45:00,2015-04-08,0.06,0.0,0.0,183.0,0.06,0.06,0.06,10000127,2015-04-22,2015-04-22,C,2.9,2015-04-08
22575,2015-04-08 09:46:00,2015-04-08,0.06,0.0,0.0,183.0,0.06,0.06,0.06,10000127,2015-04-22,2015-04-22,C,2.9,2015-04-08
22576,2015-04-08 09:47:00,2015-04-08,0.0614,7939.0,13.0,196.0,0.0614,0.0611,0.0607,10000127,2015-04-22,2015-04-22,C,2.9,2015-04-08
22577,2015-04-08 09:48:00,2015-04-08,0.0624,4997.0,8.0,204.0,0.0624,0.0624,0.0624,10000127,2015-04-22,2015-04-22,C,2.9,2015-04-08
22578,2015-04-08 09:49:00,2015-04-08,0.062,14746.0,24.0,228.0,0.062,0.0611,0.0611,10000127,2015-04-22,2015-04-22,C,2.9,2015-04-08
22579,2015-04-08 09:50:00,2015-04-08,0.0611,8554.0,14.0,242.0,0.0611,0.0611,0.0611,10000127,2015-04-22,2015-04-22,C,2.9,2015-04-08
22580,2015-04-08 09:51:00,2015-04-08,0.061,3050.0,5.0,247.0,0.061,0.061,0.061,10000127,2015-04-22,2015-04-22,C,2.9,2015-04-08
22581,2015-04-08 09:52:00,2015-04-08,0.0611,2444.0,4.0,251.0,0.0611,0.0611,0.0611,10000127,2015-04-22,2015-04-22,C,2.9,2015-04-08
22582,2015-04-08 09:53:00,2015-04-08,0.061,1220.0,2.0,253.0,0.061,0.061,0.061,10000127,2015-04-22,2015-04-22,C,2.9,2015-04-08
22583,2015-04-08 09:54:00,2015-04-08,0.0619,1855.0,3.0,255.0,0.0619,0.0617,0.0617,10000127,2015-04-22,2015-04-22,C,2.9,2015-04-08
22584,2015-04-08 09:55:00,2015-04-08,0.0649,6490.0,10.0,255.0,0.0649,0.0649,0.0649,10000127,2015-04-22,2015-04-22,C,2.9,2015-04-08
22585,2015-04-08 09:56:00,2015-04-08,0.066,1320.0,2.0,255.0,0.066,0.066,0.066,10000127,2015-04-22,2015-04-22,C,2.9,2015-04-08
22586,2015-04-08 09:57:00,2015-04-08,0.0717,13804.0,20.0,265.0,0.066,0.0717,0.066,10000127,2015-04-22,2015-04-22,C,2.9,2015-04-08
22587,2015-04-08 09:58:00,2015-04-08,0.0728,7230.0,10.0,275.0,0.0728,0.0728,0.0728,10000127,2015-04-22,2015-04-22,C,2.9,2015-04-08
22588,2015-04-08 09:59:00,2015-04-08,0.0722,4182.0,6.0,281.0,0.0692,0.0722,0.0692,10000127,2015-04-22,2015-04-22,C,2.9,2015-04-08
22589,2015-04-08 10:00:00,2015-04-08,0.0722,0.0,0.0,281.0,0.0722,0.0722,0.0722,10000127,2015-04-22,2015-04-22,C,2.9,2015-04-08
22590,2015-04-08 10:01:00,2015-04-08,0.0686,686.0,1.0,282.0,0.0686,0.0686,0.0686,10000127,2015-04-22,2015-04-22,C,2.9,2015-04-08
22591,2015-04-08 10:02:00,2015-04-08,0.0703,703.0,1.0,282.0,0.0703,0.0703,0.0703,10000127,2015-04-22,2015-04-22,C,2.9,2015-04-08
22592,2015-04-08 10:03:00,2015-04-08,0.0686,8208.0,12.0,283.0,0.0686,0.0686,0.0682,10000127,2015-04-22,2015-04-22,C,2.9,2015-04-08
22593,2015-04-08 10:04:00,2015-04-08,0.0686,5488.0,8.0,291.0,0.0686,0.0686,0.0686,10000127,2015-04-22,2015-04-22,C,2.9,2015-04-08
22594,2015-04-08 10:05:00,2015-04-08,0.0682,3362.0,5.0,295.0,0.0682,0.0634,0.0634,10000127,2015-04-22,2015-04-22,C,2.9,2015-04-08
22595,2015-04-08 10:06:00,2015-04-08,0.0664,5213.0,8.0,300.0,0.0625,0.0634,0.0625,10000127,2015-04-22,2015-04-22,C,2.9,2015-04-08
22596,2015-04-08 10:07:00,2015-04-08,0.0659,5811.0,9.0,309.0,0.0635,0.0659,0.0635,10000127,2015-04-22,2015-04-22,C,2.9,2015-04-08
22597,2015-04-08 10:08:00,2015-04-08,0.0659,0.0,0.0,309.0,0.0659,0.0659,0.0659,10000127,2015-04-22,2015-04-22,C,2.9,2015-04-08
22598,2015-04-08 10:09:00,2015-04-08,0.0659,0.0,0.0,309.0,0.0659,0.0659,0.0659,10000127,2015-04-22,2015-04-22,C,2.9,2015-04-08
22599,2015-04-08 10:10:00,2015-04-08,0.0649,649.0,1.0,310.0,0.0649,0.0649,0.0649,10000127,2015-04-22,2015-04-22,C,2.9,2015-04-08
22600,2015-04-08 10:11:00,2015-04-08,0.0631,3122.0,5.0,312.0,0.062,0.062,0.062,10000127,2015-04-22,2015-04-22,C,2.9,2015-04-08
22601,2015-04-08 10:12:00,2015-04-08,0.0617,14633.0,24.0,307.0,0.0617,0.0609,0.0607,10000127,2015-04-22,2015-04-22,C,2.9,2015-04-08
22602,2015-04-08 10:13:00,2015-04-08,0.0609,0.0,0.0,307.0,0.0609,0.0609,0.0609,10000127,2015-04-22,2015-04-22,C,2.9,2015-04-08
22603,2015-04-08 10:14:00,2015-04-08,0.0609,0.0,0.0,307.0,0.0609,0.0609,0.0609,10000127,2015-04-22,2015-04-22,C,2.9,2015-04-08
22604,2015-04-08 10:15:00,2015-04-08,0.0609,0.0,0.0,307.0,0.0609,0.0609,0.0609,10000127,2015-04-22,2015-04-22,C,2.9,2015-04-08
22605,2015-04-08 10:16:00,2015-04-08,0.0596,1788.0,3.0,310.0,0.0596,0.0596,0.0596,10000127,2015-04-22,2015-04-22,C,2.9,2015-04-08
22606,2015-04-08 10:17:00,2015-04-08,0.0596,0.0,0.0,310.0,0.0596,0.0596,0.0596,10000127,2015-04-22,2015-04-22,C,2.9,2015-04-08
22607,2015-04-08 10:18:00,2015-04-08,0.0599,11890.0,20.0,330.0,0.0599,0.0593,0.0593,10000127,2015-04-22,2015-04-22,C,2.9,2015-04-08
22608,2015-04-08 10:19:00,2015-04-08,0.0613,613.0,1.0,330.0,0.0613,0.0613,0.0613,10000127,2015-04-22,2015-04-22,C,2.9,2015-04-08
22609,2015-04-08 10:20:00,2015-04-08,0.0617,6115.0,10.0,339.0,0.0589,0.0617,0.0589,10000127,2015-04-22,2015-04-22,C,2.9,2015-04-08
22610,2015-04-08 10:21:00,2015-04-08,0.0617,0.0,0.0,339.0,0.0617,0.0617,0.0617,10000127,2015-04-22,2015-04-22,C,2.9,2015-04-08
22611,2015-04-08 10:22:00,2015-04-08,0.0633,633.0,1.0,339.0,0.0633,0.0633,0.0633,10000127,2015-04-22,2015-04-22,C,2.9,2015-04-08
22612,2015-04-08 10:23:00,2015-04-08,0.0617,6130.0,10.0,349.0,0.0617,0.0612,0.0612,10000127,2015-04-22,2015-04-22,C,2.9,2015-04-08
22613,2015-04-08 10:24:00,2015-04-08,0.061,4841.0,8.0,356.0,0.061,0.0591,0.0591,10000127,2015-04-22,2015-04-22,C,2.9,2015-04-08
22614,2015-04-08 10:25:00,2015-04-08,0.0592,2950.0,5.0,361.0,0.0588,0.059,0.0588,10000127,2015-04-22,2015-04-22,C,2.9,2015-04-08
22615,2015-04-08 10:26:00,2015-04-08,0.059,4720.0,8.0,369.0,0.059,0.059,0.059,10000127,2015-04-22,2015-04-22,C,2.9,2015-04-08
22616,2015-04-08 10:27:00,2015-04-08,0.059,0.0,0.0,369.0,0.059,0.059,0.059,10000127,2015-04-22,2015-04-22,C,2.9,2015-04-08
22617,2015-04-08 10:28:00,2015-04-08,0.059,0.0,0.0,369.0,0.059,0.059,0.059,10000127,2015-04-22,2015-04-22,C,2.9,2015-04-08
22618,2015-04-08 10:29:00,2015-04-08,0.059,0.0,0.0,369.0,0.059,0.059,0.059,10000127,2015-04-22,2015-04-22,C,2.9,2015-04-08
22619,2015-04-08 10:30:00,2015-04-08,0.059,0.0,0.0,369.0,0.059,0.059,0.059,10000127,2015-04-22,2015-04-22,C,2.9,2015-04-08
22620,2015-04-08 10:31:00,2015-04-08,0.0639,639.0,1.0,369.0,0.0639,0.0639,0.0639,10000127,2015-04-22,2015-04-22,C,2.9,2015-04-08
22621,2015-04-08 10:32:00,2015-04-08,0.0639,2556.0,4.0,369.0,0.0639,0.0639,0.0639,10000127,2015-04-22,2015-04-22,C,2.9,2015-04-08
22622,2015-04-08 10:33:00,2015-04-08,0.064,1920.0,3.0,366.0,0.064,0.064,0.064,10000127,2015-04-22,2015-04-22,C,2.9,2015-04-08
22623,2015-04-08 10:34:00,2015-04-08,0.0625,5625.0,9.0,362.0,0.0625,0.0625,0.0625,10000127,2015-04-22,2015-04-22,C,2.9,2015-04-08
22624,2015-04-08 10:35:00,2015-04-08,0.0649,1947.0,3.0,362.0,0.0649,0.0649,0.0649,10000127,2015-04-22,2015-04-22,C,2.9,2015-04-08
22625,2015-04-08 10:36:00,2015-04-08,0.0649,0.0,0.0,362.0,0.0649,0.0649,0.0649,10000127,2015-04-22,2015-04-22,C,2.9,2015-04-08
22626,2015-04-08 10:37:00,2015-04-08,0.0649,0.0,0.0,362.0,0.0649,0.0649,0.0649,10000127,2015-04-22,2015-04-22,C,2.9,2015-04-08
22627,2015-04-08 10:38:00,2015-04-08,0.0686,6860.0,10.0,372.0,0.0686,0.0686,0.0686,10000127,2015-04-22,2015-04-22,C,2.9,2015-04-08
22628,2015-04-08 10:39:00,2015-04-08,0.0686,6860.0,10.0,382.0,0.0686,0.0686,0.0686,10000127,2015-04-22,2015-04-22,C,2.9,2015-04-08
22629,2015-04-08 10:40:00,2015-04-08,0.0689,13015.0,19.0,395.0,0.0684,0.0689,0.0684,10000127,2015-04-22,2015-04-22,C,2.9,2015-04-08
22630,2015-04-08 10:41:00,2015-04-08,0.0689,0.0,0.0,395.0,0.0689,0.0689,0.0689,10000127,2015-04-22,2015-04-22,C,2.9,2015-04-08
22631,2015-04-08 10:42:00,2015-04-08,0.0703,10525.0,15.0,405.0,0.0699,0.0703,0.0699,10000127,2015-04-22,2015-04-22,C,2.9,2015-04-08
22632,2015-04-08 10:43:00,2015-04-08,0.0721,7210.0,10.0,415.0,0.0721,0.0721,0.0721,10000127,2015-04-22,2015-04-22,C,2.9,2015-04-08
22633,2015-04-08 10:44:00,2015-04-08,0.0721,0.0,0.0,415.0,0.0721,0.0721,0.0721,10000127,2015-04-22,2015-04-22,C,2.9,2015-04-08
22634,2015-04-08 10:45:00,2015-04-08,0.0721,0.0,0.0,415.0,0.0721,0.0721,0.0721,10000127,2015-04-22,2015-04-22,C,2.9,2015-04-08
22635,2015-04-08 10:46:00,2015-04-08,0.0686,1372.0,2.0,415.0,0.0686,0.0686,0.0686,10000127,2015-04-22,2015-04-22,C,2.9,2015-04-08
22636,2015-04-08 10:47:00,2015-04-08,0.0686,686.0,1.0,415.0,0.0686,0.0686,0.0686,10000127,2015-04-22,2015-04-22,C,2.9,2015-04-08
22637,2015-04-08 10:48:00,2015-04-08,0.0686,15057.0,22.0,436.0,0.0686,0.0651,0.0651,10000127,2015-04-22,2015-04-22,C,2.9,2015-04-08
22638,2015-04-08 10:49:00,2015-04-08,0.0651,0.0,0.0,436.0,0.0651,0.0651,0.0651,10000127,2015-04-22,2015-04-22,C,2.9,2015-04-08
22639,2015-04-08 10:50:00,2015-04-08,0.0651,0.0,0.0,436.0,0.0651,0.0651,0.0651,10000127,2015-04-22,2015-04-22,C,2.9,2015-04-08
22640,2015-04-08 10:51:00,2015-04-08,0.0649,9735.0,15.0,451.0,0.0649,0.0649,0.0649,10000127,2015-04-22,2015-04-22,C,2.9,2015-04-08
22641,2015-04-08 10:52:00,2015-04-08,0.0621,6210.0,10.0,461.0,0.0621,0.0621,0.0621,10000127,2015-04-22,2015-04-22,C,2.9,2015-04-08
22642,2015-04-08 10:53:00,2015-04-08,0.0606,11943.0,20.0,478.0,0.0601,0.0592,0.0592,10000127,2015-04-22,2015-04-22,C,2.9,2015-04-08
22643,2015-04-08 10:54:00,2015-04-08,0.059,11149.0,19.0,482.0,0.059,0.0582,0.0582,10000127,2015-04-22,2015-04-22,C,2.9,2015-04-08
22644,2015-04-08 10:55:00,2015-04-08,0.0582,0.0,0.0,482.0,0.0582,0.0582,0.0582,10000127,2015-04-22,2015-04-22,C,2.9,2015-04-08
22645,2015-04-08 10:56:00,2015-04-08,0.0582,582.0,1.0,483.0,0.0582,0.0582,0.0582,10000127,2015-04-22,2015-04-22,C,2.9,2015-04-08
22646,2015-04-08 10:57:00,2015-04-08,0.0596,5364.0,9.0,492.0,0.0596,0.0596,0.0596,10000127,2015-04-22,2015-04-22,C,2.9,2015-04-08
22647,2015-04-08 10:58:00,2015-04-08,0.0559,7833.0,14.0,500.0,0.0559,0.0559,0.0559,10000127,2015-04-22,2015-04-22,C,2.9,2015-04-08
22648,2015-04-08 10:59:00,2015-04-08,0.0569,2845.0,5.0,500.0,0.0569,0.0569,0.0569,10000127,2015-04-22,2015-04-22,C,2.9,2015-04-08
22649,2015-04-08 11:00:00,2015-04-08,0.0576,576.0,1.0,500.0,0.0576,0.0576,0.0576,10000127,2015-04-22,2015-04-22,C,2.9,2015-04-08
22650,2015-04-08 11:01:00,2015-04-08,0.0576,0.0,0.0,500.0,0.0576,0.0576,0.0576,10000127,2015-04-22,2015-04-22,C,2.9,2015-04-08
22651,2015-04-08 11:02:00,2015-04-08,0.0609,609.0,1.0,500.0,0.0609,0.0609,0.0609,10000127,2015-04-22,2015-04-22,C,2.9,2015-04-08
22652,2015-04-08 11:03:00,2015-04-08,0.059,6430.0,11.0,506.0,0.0585,0.059,0.0583,10000127,2015-04-22,2015-04-22,C,2.9,2015-04-08
22653,2015-04-08 11:04:00,2015-04-08,0.0598,7168.0,12.0,517.0,0.0595,0.0593,0.0593,10000127,2015-04-22,2015-04-22,C,2.9,2015-04-08
22654,2015-04-08 11:05:00,2015-04-08,0.0593,0.0,0.0,517.0,0.0593,0.0593,0.0593,10000127,2015-04-22,2015-04-22,C,2.9,2015-04-08
22655,2015-04-08 11:06:00,2015-04-08,0.0593,8874.0,15.0,532.0,0.0593,0.059,0.059,10000127,2015-04-22,2015-04-22,C,2.9,2015-04-08
22656,2015-04-08 11:07:00,2015-04-08,0.059,0.0,0.0,532.0,0.059,0.059,0.059,10000127,2015-04-22,2015-04-22,C,2.9,2015-04-08
22657,2015-04-08 11:08:00,2015-04-08,0.0585,2925.0,5.0,537.0,0.0585,0.0585,0.0585,10000127,2015-04-22,2015-04-22,C,2.9,2015-04-08
22658,2015-04-08 11:09:00,2015-04-08,0.0585,0.0,0.0,537.0,0.0585,0.0585,0.0585,10000127,2015-04-22,2015-04-22,C,2.9,2015-04-08
22659,2015-04-08 11:10:00,2015-04-08,0.0574,2870.0,5.0,539.0,0.0574,0.0574,0.0574,10000127,2015-04-22,2015-04-22,C,2.9,2015-04-08
22660,2015-04-08 11:11:00,2015-04-08,0.0574,0.0,0.0,539.0,0.0574,0.0574,0.0574,10000127,2015-04-22,2015-04-22,C,2.9,2015-04-08
22661,2015-04-08 11:12:00,2015-04-08,0.0574,0.0,0.0,539.0,0.0574,0.0574,0.0574,10000127,2015-04-22,2015-04-22,C,2.9,2015-04-08
22662,2015-04-08 11:13:00,2015-04-08,0.0574,0.0,0.0,539.0,0.0574,0.0574,0.0574,10000127,2015-04-22,2015-04-22,C,2.9,2015-04-08
22663,2015-04-08 11:14:00,2015-04-08,0.0574,0.0,0.0,539.0,0.0574,0.0574,0.0574,10000127,2015-04-22,2015-04-22,C,2.9,2015-04-08
22664,2015-04-08 11:15:00,2015-04-08,0.0574,0.0,0.0,539.0,0.0574,0.0574,0.0574,10000127,2015-04-22,2015-04-22,C,2.9,2015-04-08
22665,2015-04-08 11:16:00,2015-04-08,0.0574,0.0,0.0,539.0,0.0574,0.0574,0.0574,10000127,2015-04-22,2015-04-22,C,2.9,2015-04-08
22666,2015-04-08 11:17:00,2015-04-08,0.0588,1764.0,3.0,542.0,0.0588,0.0588,0.0588,10000127,2015-04-22,2015-04-22,C,2.9,2015-04-08
22667,2015-04-08 11:18:00,2015-04-08,0.0588,0.0,0.0,542.0,0.0588,0.0588,0.0588,10000127,2015-04-22,2015-04-22,C,2.9,2015-04-08
22668,2015-04-08 11:19:00,2015-04-08,0.0588,5840.0,10.0,552.0,0.0588,0.058,0.058,10000127,2015-04-22,2015-04-22,C,2.9,2015-04-08
22669,2015-04-08 11:20:00,2015-04-08,0.0584,1168.0,2.0,552.0,0.0584,0.0584,0.0584,10000127,2015-04-22,2015-04-22,C,2.9,2015-04-08
22670,2015-04-08 11:21:00,2015-04-08,0.0584,0.0,0.0,552.0,0.0584,0.0584,0.0584,10000127,2015-04-22,2015-04-22,C,2.9,2015-04-08
22671,2015-04-08 11:22:00,2015-04-08,0.0583,2915.0,5.0,552.0,0.0583,0.0583,0.0583,10000127,2015-04-22,2015-04-22,C,2.9,2015-04-08
22672,2015-04-08 11:23:00,2015-04-08,0.0585,2925.0,5.0,552.0,0.0585,0.0585,0.0585,10000127,2015-04-22,2015-04-22,C,2.9,2015-04-08
22673,2015-04-08 11:24:00,2015-04-08,0.06,23930.0,40.0,572.0,0.06,0.06,0.0588,10000127,2015-04-22,2015-04-22,C,2.9,2015-04-08
22674,2015-04-08 11:25:00,2015-04-08,0.063,13510.0,22.0,594.0,0.0601,0.063,0.0601,10000127,2015-04-22,2015-04-22,C,2.9,2015-04-08
22675,2015-04-08 11:26:00,2015-04-08,0.062,18600.0,30.0,609.0,0.062,0.062,0.062,10000127,2015-04-22,2015-04-22,C,2.9,2015-04-08
22676,2015-04-08 11:27:00,2015-04-08,0.0642,25751.0,41.0,624.0,0.062,0.0642,0.0619,10000127,2015-04-22,2015-04-22,C,2.9,2015-04-08
22677,2015-04-08 11:28:00,2015-04-08,0.0649,3245.0,5.0,624.0,0.0649,0.0649,0.0649,10000127,2015-04-22,2015-04-22,C,2.9,2015-04-08
22678,2015-04-08 11:29:00,2015-04-08,0.0692,23805.0,35.0,619.0,0.0651,0.0692,0.0651,10000127,2015-04-22,2015-04-22,C,2.9,2015-04-08
22679,2015-04-08 11:30:00,2015-04-08,0.0709,9908.0,14.0,624.0,0.0707,0.0709,0.0707,10000127,2015-04-22,2015-04-22,C,2.9,2015-04-08
22680,2015-04-08 13:01:00,2015-04-08,0.073,15234.0,21.0,636.0,0.0725,0.073,0.0725,10000127,2015-04-22,2015-04-22,C,2.9,2015-04-08
22681,2015-04-08 13:02:00,2015-04-08,0.0744,3712.0,5.0,637.0,0.0744,0.0742,0.0742,10000127,2015-04-22,2015-04-22,C,2.9,2015-04-08
22682,2015-04-08 13:03:00,2015-04-08,0.0744,4432.0,6.0,637.0,0.0744,0.0728,0.0728,10000127,2015-04-22,2015-04-22,C,2.9,2015-04-08
22683,2015-04-08 13:04:00,2015-04-08,0.0756,3774.0,5.0,632.0,0.0756,0.0756,0.0756,10000127,2015-04-22,2015-04-22,C,2.9,2015-04-08
22684,2015-04-08 13:05:00,2015-04-08,0.0769,8099.0,11.0,627.0,0.0769,0.0733,0.0733,10000127,2015-04-22,2015-04-22,C,2.9,2015-04-08
22685,2015-04-08 13:06:00,2015-04-08,0.0733,0.0,0.0,627.0,0.0733,0.0733,0.0733,10000127,2015-04-22,2015-04-22,C,2.9,2015-04-08
22686,2015-04-08 13:07:00,2015-04-08,0.0733,0.0,0.0,627.0,0.0733,0.0733,0.0733,10000127,2015-04-22,2015-04-22,C,2.9,2015-04-08
22687,2015-04-08 13:08:00,2015-04-08,0.071,710.0,1.0,627.0,0.071,0.071,0.071,10000127,2015-04-22,2015-04-22,C,2.9,2015-04-08
22688,2015-04-08 13:09:00,2015-04-08,0.0711,7101.0,10.0,628.0,0.071,0.0711,0.071,10000127,2015-04-22,2015-04-22,C,2.9,2015-04-08
22689,2015-04-08 13:10:00,2015-04-08,0.0711,2844.0,4.0,632.0,0.0711,0.0711,0.0711,10000127,2015-04-22,2015-04-22,C,2.9,2015-04-08
22690,2015-04-08 13:11:00,2015-04-08,0.0711,0.0,0.0,632.0,0.0711,0.0711,0.0711,10000127,2015-04-22,2015-04-22,C,2.9,2015-04-08
22691,2015-04-08 13:12:00,2015-04-08,0.0698,4188.0,6.0,638.0,0.0698,0.0698,0.0698,10000127,2015-04-22,2015-04-22,C,2.9,2015-04-08
22692,2015-04-08 13:13:00,2015-04-08,0.0698,0.0,0.0,638.0,0.0698,0.0698,0.0698,10000127,2015-04-22,2015-04-22,C,2.9,2015-04-08
22693,2015-04-08 13:14:00,2015-04-08,0.0698,0.0,0.0,638.0,0.0698,0.0698,0.0698,10000127,2015-04-22,2015-04-22,C,2.9,2015-04-08
22694,2015-04-08 13:15:00,2015-04-08,0.0698,0.0,0.0,638.0,0.0698,0.0698,0.0698,10000127,2015-04-22,2015-04-22,C,2.9,2015-04-08
22695,2015-04-08 13:16:00,2015-04-08,0.0717,7170.0,10.0,628.0,0.0717,0.0717,0.0717,10000127,2015-04-22,2015-04-22,C,2.9,2015-04-08
22696,2015-04-08 13:17:00,2015-04-08,0.0717,0.0,0.0,628.0,0.0717,0.0717,0.0717,10000127,2015-04-22,2015-04-22,C,2.9,2015-04-08
22697,2015-04-08 13:18:00,2015-04-08,0.0717,0.0,0.0,628.0,0.0717,0.0717,0.0717,10000127,2015-04-22,2015-04-22,C,2.9,2015-04-08
22698,2015-04-08 13:19:00,2015-04-08,0.08,11149.0,14.0,637.0,0.08,0.08,0.0783,10000127,2015-04-22,2015-04-22,C,2.9,2015-04-08
22699,2015-04-08 13:20:00,2015-04-08,0.08,0.0,0.0,637.0,0.08,0.08,0.08,10000127,2015-04-22,2015-04-22,C,2.9,2015-04-08
22700,2015-04-08 13:21:00,2015-04-08,0.0846,8216.0,10.0,638.0,0.0845,0.0846,0.0845,10000127,2015-04-22,2015-04-22,C,2.9,2015-04-08
22701,2015-04-08 13:22:00,2015-04-08,0.0846,0.0,0.0,638.0,0.0846,0.0846,0.0846,10000127,2015-04-22,2015-04-22,C,2.9,2015-04-08
22702,2015-04-08 13:23:00,2015-04-08,0.0846,0.0,0.0,638.0,0.0846,0.0846,0.0846,10000127,2015-04-22,2015-04-22,C,2.9,2015-04-08
22703,2015-04-08 13:24:00,2015-04-08,0.085,25455.0,30.0,663.0,0.085,0.0845,0.0845,10000127,2015-04-22,2015-04-22,C,2.9,2015-04-08
22704,2015-04-08 13:25:00,2015-04-08,0.085,1679.0,2.0,665.0,0.0829,0.085,0.0829,10000127,2015-04-22,2015-04-22,C,2.9,2015-04-08
22705,2015-04-08 13:26:00,2015-04-08,0.0826,826.0,1.0,666.0,0.0826,0.0826,0.0826,10000127,2015-04-22,2015-04-22,C,2.9,2015-04-08
22706,2015-04-08 13:27:00,2015-04-08,0.0826,0.0,0.0,666.0,0.0826,0.0826,0.0826,10000127,2015-04-22,2015-04-22,C,2.9,2015-04-08
22707,2015-04-08 13:28:00,2015-04-08,0.0835,8350.0,10.0,671.0,0.0835,0.0835,0.0835,10000127,2015-04-22,2015-04-22,C,2.9,2015-04-08
22708,2015-04-08 13:29:00,2015-04-08,0.0835,0.0,0.0,671.0,0.0835,0.0835,0.0835,10000127,2015-04-22,2015-04-22,C,2.9,2015-04-08
22709,2015-04-08 13:30:00,2015-04-08,0.0852,8513.0,10.0,681.0,0.0852,0.0852,0.0852,10000127,2015-04-22,2015-04-22,C,2.9,2015-04-08
22710,2015-04-08 13:31:00,2015-04-08,0.0857,20508.0,24.0,685.0,0.0852,0.0857,0.0852,10000127,2015-04-22,2015-04-22,C,2.9,2015-04-08
22711,2015-04-08 13:32:00,2015-04-08,0.085,9333.0,11.0,696.0,0.085,0.0833,0.0833,10000127,2015-04-22,2015-04-22,C,2.9,2015-04-08
22712,2015-04-08 13:33:00,2015-04-08,0.0848,1696.0,2.0,694.0,0.0848,0.0848,0.0848,10000127,2015-04-22,2015-04-22,C,2.9,2015-04-08
22713,2015-04-08 13:34:00,2015-04-08,0.0848,0.0,0.0,694.0,0.0848,0.0848,0.0848,10000127,2015-04-22,2015-04-22,C,2.9,2015-04-08
22714,2015-04-08 13:35:00,2015-04-08,0.0847,9949.0,12.0,692.0,0.0847,0.0824,0.0824,10000127,2015-04-22,2015-04-22,C,2.9,2015-04-08
22715,2015-04-08 13:36:00,2015-04-08,0.0824,0.0,0.0,692.0,0.0824,0.0824,0.0824,10000127,2015-04-22,2015-04-22,C,2.9,2015-04-08
22716,2015-04-08 13:37:00,2015-04-08,0.0824,0.0,0.0,692.0,0.0824,0.0824,0.0824,10000127,2015-04-22,2015-04-22,C,2.9,2015-04-08
22717,2015-04-08 13:38:00,2015-04-08,0.08199999999999999,820.0,1.0,692.0,0.08199999999999999,0.08199999999999999,0.08199999999999999,10000127,2015-04-22,2015-04-22,C,2.9,2015-04-08
22718,2015-04-08 13:39:00,2015-04-08,0.08199999999999999,0.0,0.0,692.0,0.08199999999999999,0.08199999999999999,0.08199999999999999,10000127,2015-04-22,2015-04-22,C,2.9,2015-04-08
22719,2015-04-08 13:40:00,2015-04-08,0.08199999999999999,0.0,0.0,692.0,0.08199999999999999,0.08199999999999999,0.08199999999999999,10000127,2015-04-22,2015-04-22,C,2.9,2015-04-08
22720,2015-04-08 13:41:00,2015-04-08,0.0846,12276.0,15.0,698.0,0.0846,0.081,0.081,10000127,2015-04-22,2015-04-22,C,2.9,2015-04-08
22721,2015-04-08 13:42:00,2015-04-08,0.0812,4837.0,6.0,704.0,0.0805,0.0812,0.0805,10000127,2015-04-22,2015-04-22,C,2.9,2015-04-08
22722,2015-04-08 13:43:00,2015-04-08,0.0807,807.0,1.0,704.0,0.0807,0.0807,0.0807,10000127,2015-04-22,2015-04-22,C,2.9,2015-04-08
22723,2015-04-08 13:44:00,2015-04-08,0.08,4791.0,6.0,704.0,0.08,0.0791,0.0791,10000127,2015-04-22,2015-04-22,C,2.9,2015-04-08
22724,2015-04-08 13:45:00,2015-04-08,0.08,4795.0,6.0,709.0,0.0799,0.08,0.0799,10000127,2015-04-22,2015-04-22,C,2.9,2015-04-08
22725,2015-04-08 13:46:00,2015-04-08,0.08,800.0,1.0,709.0,0.08,0.08,0.08,10000127,2015-04-22,2015-04-22,C,2.9,2015-04-08
22726,2015-04-08 13:47:00,2015-04-08,0.0811,811.0,1.0,710.0,0.0811,0.0811,0.0811,10000127,2015-04-22,2015-04-22,C,2.9,2015-04-08
22727,2015-04-08 13:48:00,2015-04-08,0.0825,825.0,1.0,711.0,0.0825,0.0825,0.0825,10000127,2015-04-22,2015-04-22,C,2.9,2015-04-08
22728,2015-04-08 13:49:00,2015-04-08,0.0847,7588.0,9.0,711.0,0.0832,0.0827,0.0827,10000127,2015-04-22,2015-04-22,C,2.9,2015-04-08
22729,2015-04-08 13:50:00,2015-04-08,0.0817,817.0,1.0,712.0,0.0817,0.0817,0.0817,10000127,2015-04-22,2015-04-22,C,2.9,2015-04-08
22730,2015-04-08 13:51:00,2015-04-08,0.0801,1601.0,2.0,714.0,0.0801,0.08,0.08,10000127,2015-04-22,2015-04-22,C,2.9,2015-04-08
22731,2015-04-08 13:52:00,2015-04-08,0.0834,9140.0,11.0,725.0,0.08,0.0834,0.08,10000127,2015-04-22,2015-04-22,C,2.9,2015-04-08
22732,2015-04-08 13:53:00,2015-04-08,0.0847,1694.0,2.0,727.0,0.0847,0.0847,0.0847,10000127,2015-04-22,2015-04-22,C,2.9,2015-04-08
22733,2015-04-08 13:54:00,2015-04-08,0.0847,4235.0,5.0,732.0,0.0847,0.0847,0.0847,10000127,2015-04-22,2015-04-22,C,2.9,2015-04-08
22734,2015-04-08 13:55:00,2015-04-08,0.0847,0.0,0.0,732.0,0.0847,0.0847,0.0847,10000127,2015-04-22,2015-04-22,C,2.9,2015-04-08
22735,2015-04-08 13:56:00,2015-04-08,0.085,3400.0,4.0,736.0,0.085,0.085,0.085,10000127,2015-04-22,2015-04-22,C,2.9,2015-04-08
22736,2015-04-08 13:57:00,2015-04-08,0.0858,2536.0,3.0,738.0,0.0858,0.0828,0.0828,10000127,2015-04-22,2015-04-22,C,2.9,2015-04-08
22737,2015-04-08 13:58:00,2015-04-08,0.0877,11128.0,13.0,743.0,0.0821,0.0836,0.0821,10000127,2015-04-22,2015-04-22,C,2.9,2015-04-08
22738,2015-04-08 13:59:00,2015-04-08,0.0866,12080.0,14.0,747.0,0.085,0.085,0.085,10000127,2015-04-22,2015-04-22,C,2.9,2015-04-08
22739,2015-04-08 14:00:00,2015-04-08,0.085,1686.0,2.0,749.0,0.085,0.0836,0.0836,10000127,2015-04-22,2015-04-22,C,2.9,2015-04-08
22740,2015-04-08 14:01:00,2015-04-08,0.0836,0.0,0.0,749.0,0.0836,0.0836,0.0836,10000127,2015-04-22,2015-04-22,C,2.9,2015-04-08
22741,2015-04-08 14:02:00,2015-04-08,0.0825,825.0,1.0,750.0,0.0825,0.0825,0.0825,10000127,2015-04-22,2015-04-22,C,2.9,2015-04-08
22742,2015-04-08 14:03:00,2015-04-08,0.0825,0.0,0.0,750.0,0.0825,0.0825,0.0825,10000127,2015-04-22,2015-04-22,C,2.9,2015-04-08
22743,2015-04-08 14:04:00,2015-04-08,0.0825,2475.0,3.0,753.0,0.0825,0.0825,0.0825,10000127,2015-04-22,2015-04-22,C,2.9,2015-04-08
22744,2015-04-08 14:05:00,2015-04-08,0.081,2425.0,3.0,756.0,0.081,0.0805,0.0805,10000127,2015-04-22,2015-04-22,C,2.9,2015-04-08
22745,2015-04-08 14:06:00,2015-04-08,0.08,4000.0,5.0,761.0,0.08,0.08,0.08,10000127,2015-04-22,2015-04-22,C,2.9,2015-04-08
22746,2015-04-08 14:07:00,2015-04-08,0.0764,1528.0,2.0,763.0,0.0764,0.0764,0.0764,10000127,2015-04-22,2015-04-22,C,2.9,2015-04-08
22747,2015-04-08 14:08:00,2015-04-08,0.0764,0.0,0.0,763.0,0.0764,0.0764,0.0764,10000127,2015-04-22,2015-04-22,C,2.9,2015-04-08
22748,2015-04-08 14:09:00,2015-04-08,0.0835,8350.0,10.0,773.0,0.0835,0.0835,0.0835,10000127,2015-04-22,2015-04-22,C,2.9,2015-04-08
22749,2015-04-08 14:10:00,2015-04-08,0.0822,822.0,1.0,774.0,0.0822,0.0822,0.0822,10000127,2015-04-22,2015-04-22,C,2.9,2015-04-08
22750,2015-04-08 14:11:00,2015-04-08,0.0822,822.0,1.0,775.0,0.0822,0.0822,0.0822,10000127,2015-04-22,2015-04-22,C,2.9,2015-04-08
22751,2015-04-08 14:12:00,2015-04-08,0.0822,1644.0,2.0,777.0,0.0822,0.0822,0.0822,10000127,2015-04-22,2015-04-22,C,2.9,2015-04-08
22752,2015-04-08 14:13:00,2015-04-08,0.0796,796.0,1.0,778.0,0.0796,0.0796,0.0796,10000127,2015-04-22,2015-04-22,C,2.9,2015-04-08
22753,2015-04-08 14:14:00,2015-04-08,0.0797,3985.0,5.0,778.0,0.0797,0.0797,0.0797,10000127,2015-04-22,2015-04-22,C,2.9,2015-04-08
22754,2015-04-08 14:15:00,2015-04-08,0.0797,0.0,0.0,778.0,0.0797,0.0797,0.0797,10000127,2015-04-22,2015-04-22,C,2.9,2015-04-08
22755,2015-04-08 14:16:00,2015-04-08,0.0797,0.0,0.0,778.0,0.0797,0.0797,0.0797,10000127,2015-04-22,2015-04-22,C,2.9,2015-04-08
22756,2015-04-08 14:17:00,2015-04-08,0.0797,0.0,0.0,778.0,0.0797,0.0797,0.0797,10000127,2015-04-22,2015-04-22,C,2.9,2015-04-08
22757,2015-04-08 14:18:00,2015-04-08,0.0797,0.0,0.0,778.0,0.0797,0.0797,0.0797,10000127,2015-04-22,2015-04-22,C,2.9,2015-04-08
22758,2015-04-08 14:19:00,2015-04-08,0.0791,6861.0,9.0,785.0,0.0791,0.0756,0.0756,10000127,2015-04-22,2015-04-22,C,2.9,2015-04-08
22759,2015-04-08 14:20:00,2015-04-08,0.0756,0.0,0.0,785.0,0.0756,0.0756,0.0756,10000127,2015-04-22,2015-04-22,C,2.9,2015-04-08
22760,2015-04-08 14:21:00,2015-04-08,0.0756,0.0,0.0,785.0,0.0756,0.0756,0.0756,10000127,2015-04-22,2015-04-22,C,2.9,2015-04-08
22761,2015-04-08 14:22:00,2015-04-08,0.0756,0.0,0.0,785.0,0.0756,0.0756,0.0756,10000127,2015-04-22,2015-04-22,C,2.9,2015-04-08
22762,2015-04-08 14:23:00,2015-04-08,0.0756,0.0,0.0,785.0,0.0756,0.0756,0.0756,10000127,2015-04-22,2015-04-22,C,2.9,2015-04-08
22763,2015-04-08 14:24:00,2015-04-08,0.0756,0.0,0.0,785.0,0.0756,0.0756,0.0756,10000127,2015-04-22,2015-04-22,C,2.9,2015-04-08
22764,2015-04-08 14:25:00,2015-04-08,0.0756,0.0,0.0,785.0,0.0756,0.0756,0.0756,10000127,2015-04-22,2015-04-22,C,2.9,2015-04-08
22765,2015-04-08 14:26:00,2015-04-08,0.071,710.0,1.0,786.0,0.071,0.071,0.071,10000127,2015-04-22,2015-04-22,C,2.9,2015-04-08
22766,2015-04-08 14:27:00,2015-04-08,0.071,3550.0,5.0,785.0,0.071,0.071,0.071,10000127,2015-04-22,2015-04-22,C,2.9,2015-04-08
22767,2015-04-08 14:28:00,2015-04-08,0.0691,691.0,1.0,785.0,0.0691,0.0691,0.0691,10000127,2015-04-22,2015-04-22,C,2.9,2015-04-08
22768,2015-04-08 14:29:00,2015-04-08,0.0728,1453.0,2.0,785.0,0.0725,0.0728,0.0725,10000127,2015-04-22,2015-04-22,C,2.9,2015-04-08
22769,2015-04-08 14:30:00,2015-04-08,0.0728,0.0,0.0,785.0,0.0728,0.0728,0.0728,10000127,2015-04-22,2015-04-22,C,2.9,2015-04-08
22770,2015-04-08 14:31:00,2015-04-08,0.0728,0.0,0.0,785.0,0.0728,0.0728,0.0728,10000127,2015-04-22,2015-04-22,C,2.9,2015-04-08
22771,2015-04-08 14:32:00,2015-04-08,0.0746,8204.0,11.0,795.0,0.0746,0.0744,0.0744,10000127,2015-04-22,2015-04-22,C,2.9,2015-04-08
22772,2015-04-08 14:33:00,2015-04-08,0.0757,2994.0,4.0,794.0,0.0745,0.0757,0.0745,10000127,2015-04-22,2015-04-22,C,2.9,2015-04-08
22773,2015-04-08 14:34:00,2015-04-08,0.0765,18393.0,25.0,808.0,0.0765,0.0762,0.0729,10000127,2015-04-22,2015-04-22,C,2.9,2015-04-08
22774,2015-04-08 14:35:00,2015-04-08,0.0776,9312.0,12.0,820.0,0.0776,0.0776,0.0776,10000127,2015-04-22,2015-04-22,C,2.9,2015-04-08
22775,2015-04-08 14:36:00,2015-04-08,0.0775,1537.0,2.0,822.0,0.0775,0.0762,0.0762,10000127,2015-04-22,2015-04-22,C,2.9,2015-04-08
22776,2015-04-08 14:37:00,2015-04-08,0.0762,0.0,0.0,822.0,0.0762,0.0762,0.0762,10000127,2015-04-22,2015-04-22,C,2.9,2015-04-08
22777,2015-04-08 14:38:00,2015-04-08,0.0762,0.0,0.0,822.0,0.0762,0.0762,0.0762,10000127,2015-04-22,2015-04-22,C,2.9,2015-04-08
22778,2015-04-08 14:39:00,2015-04-08,0.0762,0.0,0.0,822.0,0.0762,0.0762,0.0762,10000127,2015-04-22,2015-04-22,C,2.9,2015-04-08
22779,2015-04-08 14:40:00,2015-04-08,0.0762,0.0,0.0,822.0,0.0762,0.0762,0.0762,10000127,2015-04-22,2015-04-22,C,2.9,2015-04-08
22780,2015-04-08 14:41:00,2015-04-08,0.0762,0.0,0.0,822.0,0.0762,0.0762,0.0762,10000127,2015-04-22,2015-04-22,C,2.9,2015-04-08
22781,2015-04-08 14:42:00,2015-04-08,0.0762,0.0,0.0,822.0,0.0762,0.0762,0.0762,10000127,2015-04-22,2015-04-22,C,2.9,2015-04-08
22782,2015-04-08 14:43:00,2015-04-08,0.0792,1571.0,2.0,823.0,0.0792,0.0779,0.0779,10000127,2015-04-22,2015-04-22,C,2.9,2015-04-08
22783,2015-04-08 14:44:00,2015-04-08,0.08,8000.0,10.0,832.0,0.08,0.08,0.08,10000127,2015-04-22,2015-04-22,C,2.9,2015-04-08
22784,2015-04-08 14:45:00,2015-04-08,0.0867,28676.0,34.0,866.0,0.0848,0.0849,0.0817,10000127,2015-04-22,2015-04-22,C,2.9,2015-04-08
22785,2015-04-08 14:46:00,2015-04-08,0.0862,23795.0,28.0,894.0,0.0849,0.0803,0.0803,10000127,2015-04-22,2015-04-22,C,2.9,2015-04-08
22786,2015-04-08 14:47:00,2015-04-08,0.0799,2397.0,3.0,897.0,0.0799,0.0799,0.0799,10000127,2015-04-22,2015-04-22,C,2.9,2015-04-08
22787,2015-04-08 14:48:00,2015-04-08,0.084,8400.0,10.0,907.0,0.084,0.084,0.084,10000127,2015-04-22,2015-04-22,C,2.9,2015-04-08
22788,2015-04-08 14:49:00,2015-04-08,0.084,0.0,0.0,907.0,0.084,0.084,0.084,10000127,2015-04-22,2015-04-22,C,2.9,2015-04-08
22789,2015-04-08 14:50:00,2015-04-08,0.0791,791.0,1.0,907.0,0.0791,0.0791,0.0791,10000127,2015-04-22,2015-04-22,C,2.9,2015-04-08
22790,2015-04-08 14:51:00,2015-04-08,0.0796,7164.0,9.0,903.0,0.0796,0.0796,0.0796,10000127,2015-04-22,2015-04-22,C,2.9,2015-04-08
22791,2015-04-08 14:52:00,2015-04-08,0.0796,0.0,0.0,903.0,0.0796,0.0796,0.0796,10000127,2015-04-22,2015-04-22,C,2.9,2015-04-08
22792,2015-04-08 14:53:00,2015-04-08,0.0796,0.0,0.0,903.0,0.0796,0.0796,0.0796,10000127,2015-04-22,2015-04-22,C,2.9,2015-04-08
22793,2015-04-08 14:54:00,2015-04-08,0.0829,7456.0,9.0,903.0,0.0828,0.0829,0.0828,10000127,2015-04-22,2015-04-22,C,2.9,2015-04-08
22794,2015-04-08 14:55:00,2015-04-08,0.0829,0.0,0.0,903.0,0.0829,0.0829,0.0829,10000127,2015-04-22,2015-04-22,C,2.9,2015-04-08
22795,2015-04-08 14:56:00,2015-04-08,0.0829,829.0,1.0,903.0,0.0829,0.0829,0.0829,10000127,2015-04-22,2015-04-22,C,2.9,2015-04-08
22796,2015-04-08 14:57:00,2015-04-08,0.0829,0.0,0.0,903.0,0.0829,0.0829,0.0829,10000127,2015-04-22,2015-04-22,C,2.9,2015-04-08
22797,2015-04-08 14:58:00,2015-04-08,0.0829,0.0,0.0,903.0,0.0829,0.0829,0.0829,10000127,2015-04-22,2015-04-22,C,2.9,2015-04-08
22798,2015-04-08 14:59:00,2015-04-08,0.0829,0.0,0.0,903.0,0.0829,0.0829,0.0829,10000127,2015-04-22,2015-04-22,C,2.9,2015-04-08
22799,2015-04-08 15:00:00,2015-04-08,0.08199999999999999,820.0,1.0,672.0,0.08199999999999999,0.08199999999999999,0.08199999999999999,10000127,2015-04-22,2015-04-22,C,2.9,2015-04-08
22800,2015-04-08 09:31:00,2015-04-08,0.2226,0.0,0.0,0.0,0.2226,0.2226,0.2226,10000126,2015-09-23,2015-09-23,P,2.85,2015-03-31
22801,2015-04-08 09:32:00,2015-04-08,0.2226,0.0,0.0,0.0,0.2226,0.2226,0.2226,10000126,2015-09-23,2015-09-23,P,2.85,2015-03-31
22802,2015-04-08 09:33:00,2015-04-08,0.2226,0.0,0.0,0.0,0.2226,0.2226,0.2226,10000126,2015-09-23,2015-09-23,P,2.85,2015-03-31
22803,2015-04-08 09:34:00,2015-04-08,0.2226,0.0,0.0,0.0,0.2226,0.2226,0.2226,10000126,2015-09-23,2015-09-23,P,2.85,2015-03-31
22804,2015-04-08 09:35:00,2015-04-08,0.2226,0.0,0.0,0.0,0.2226,0.2226,0.2226,10000126,2015-09-23,2015-09-23,P,2.85,2015-03-31
22805,2015-04-08 09:36:00,2015-04-08,0.2226,0.0,0.0,0.0,0.2226,0.2226,0.2226,10000126,2015-09-23,2015-09-23,P,2.85,2015-03-31
22806,2015-04-08 09:37:00,2015-04-08,0.2226,0.0,0.0,0.0,0.2226,0.2226,0.2226,10000126,2015-09-23,2015-09-23,P,2.85,2015-03-31
22807,2015-04-08 09:38:00,2015-04-08,0.2226,0.0,0.0,0.0,0.2226,0.2226,0.2226,10000126,2015-09-23,2015-09-23,P,2.85,2015-03-31
22808,2015-04-08 09:39:00,2015-04-08,0.2226,0.0,0.0,0.0,0.2226,0.2226,0.2226,10000126,2015-09-23,2015-09-23,P,2.85,2015-03-31
22809,2015-04-08 09:40:00,2015-04-08,0.2226,0.0,0.0,0.0,0.2226,0.2226,0.2226,10000126,2015-09-23,2015-09-23,P,2.85,2015-03-31
22810,2015-04-08 09:41:00,2015-04-08,0.2226,0.0,0.0,0.0,0.2226,0.2226,0.2226,10000126,2015-09-23,2015-09-23,P,2.85,2015-03-31
22811,2015-04-08 09:42:00,2015-04-08,0.2226,0.0,0.0,0.0,0.2226,0.2226,0.2226,10000126,2015-09-23,2015-09-23,P,2.85,2015-03-31
22812,2015-04-08 09:43:00,2015-04-08,0.2226,0.0,0.0,0.0,0.2226,0.2226,0.2226,10000126,2015-09-23,2015-09-23,P,2.85,2015-03-31
22813,2015-04-08 09:44:00,2015-04-08,0.2226,0.0,0.0,0.0,0.2226,0.2226,0.2226,10000126,2015-09-23,2015-09-23,P,2.85,2015-03-31
22814,2015-04-08 09:45:00,2015-04-08,0.2226,0.0,0.0,0.0,0.2226,0.2226,0.2226,10000126,2015-09-23,2015-09-23,P,2.85,2015-03-31
22815,2015-04-08 09:46:00,2015-04-08,0.2226,0.0,0.0,0.0,0.2226,0.2226,0.2226,10000126,2015-09-23,2015-09-23,P,2.85,2015-03-31
22816,2015-04-08 09:47:00,2015-04-08,0.2226,0.0,0.0,0.0,0.2226,0.2226,0.2226,10000126,2015-09-23,2015-09-23,P,2.85,2015-03-31
22817,2015-04-08 09:48:00,2015-04-08,0.2226,0.0,0.0,0.0,0.2226,0.2226,0.2226,10000126,2015-09-23,2015-09-23,P,2.85,2015-03-31
22818,2015-04-08 09:49:00,2015-04-08,0.2226,0.0,0.0,0.0,0.2226,0.2226,0.2226,10000126,2015-09-23,2015-09-23,P,2.85,2015-03-31
22819,2015-04-08 09:50:00,2015-04-08,0.2226,0.0,0.0,0.0,0.2226,0.2226,0.2226,10000126,2015-09-23,2015-09-23,P,2.85,2015-03-31
22820,2015-04-08 09:51:00,2015-04-08,0.2226,0.0,0.0,0.0,0.2226,0.2226,0.2226,10000126,2015-09-23,2015-09-23,P,2.85,2015-03-31
22821,2015-04-08 09:52:00,2015-04-08,0.2226,0.0,0.0,0.0,0.2226,0.2226,0.2226,10000126,2015-09-23,2015-09-23,P,2.85,2015-03-31
22822,2015-04-08 09:53:00,2015-04-08,0.2226,0.0,0.0,0.0,0.2226,0.2226,0.2226,10000126,2015-09-23,2015-09-23,P,2.85,2015-03-31
22823,2015-04-08 09:54:00,2015-04-08,0.2226,0.0,0.0,0.0,0.2226,0.2226,0.2226,10000126,2015-09-23,2015-09-23,P,2.85,2015-03-31
22824,2015-04-08 09:55:00,2015-04-08,0.2226,0.0,0.0,0.0,0.2226,0.2226,0.2226,10000126,2015-09-23,2015-09-23,P,2.85,2015-03-31
22825,2015-04-08 09:56:00,2015-04-08,0.2226,0.0,0.0,0.0,0.2226,0.2226,0.2226,10000126,2015-09-23,2015-09-23,P,2.85,2015-03-31
22826,2015-04-08 09:57:00,2015-04-08,0.2115,-66877.0,-30.0,45.0,0.2115,0.2115,0.2115,10000126,2015-09-23,2015-09-23,P,2.85,2015-03-31
22827,2015-04-08 09:58:00,2015-04-08,0.2115,0.0,0.0,45.0,0.2115,0.2115,0.2115,10000126,2015-09-23,2015-09-23,P,2.85,2015-03-31
22828,2015-04-08 09:59:00,2015-04-08,0.2115,0.0,0.0,45.0,0.2115,0.2115,0.2115,10000126,2015-09-23,2015-09-23,P,2.85,2015-03-31
22829,2015-04-08 10:00:00,2015-04-08,0.2115,0.0,0.0,45.0,0.2115,0.2115,0.2115,10000126,2015-09-23,2015-09-23,P,2.85,2015-03-31
22830,2015-04-08 10:01:00,2015-04-08,0.2115,0.0,0.0,45.0,0.2115,0.2115,0.2115,10000126,2015-09-23,2015-09-23,P,2.85,2015-03-31
22831,2015-04-08 10:02:00,2015-04-08,0.2115,0.0,0.0,45.0,0.2115,0.2115,0.2115,10000126,2015-09-23,2015-09-23,P,2.85,2015-03-31
22832,2015-04-08 10:03:00,2015-04-08,0.2115,0.0,0.0,45.0,0.2115,0.2115,0.2115,10000126,2015-09-23,2015-09-23,P,2.85,2015-03-31
22833,2015-04-08 10:04:00,2015-04-08,0.2115,0.0,0.0,45.0,0.2115,0.2115,0.2115,10000126,2015-09-23,2015-09-23,P,2.85,2015-03-31
22834,2015-04-08 10:05:00,2015-04-08,0.2115,0.0,0.0,45.0,0.2115,0.2115,0.2115,10000126,2015-09-23,2015-09-23,P,2.85,2015-03-31
22835,2015-04-08 10:06:00,2015-04-08,0.2281,2281.0,1.0,46.0,0.2281,0.2281,0.2281,10000126,2015-09-23,2015-09-23,P,2.85,2015-03-31
22836,2015-04-08 10:07:00,2015-04-08,0.2281,0.0,0.0,46.0,0.2281,0.2281,0.2281,10000126,2015-09-23,2015-09-23,P,2.85,2015-03-31
22837,2015-04-08 10:08:00,2015-04-08,0.2281,0.0,0.0,46.0,0.2281,0.2281,0.2281,10000126,2015-09-23,2015-09-23,P,2.85,2015-03-31
22838,2015-04-08 10:09:00,2015-04-08,0.2281,0.0,0.0,46.0,0.2281,0.2281,0.2281,10000126,2015-09-23,2015-09-23,P,2.85,2015-03-31
22839,2015-04-08 10:10:00,2015-04-08,0.2281,0.0,0.0,46.0,0.2281,0.2281,0.2281,10000126,2015-09-23,2015-09-23,P,2.85,2015-03-31
22840,2015-04-08 10:11:00,2015-04-08,0.2281,0.0,0.0,46.0,0.2281,0.2281,0.2281,10000126,2015-09-23,2015-09-23,P,2.85,2015-03-31
22841,2015-04-08 10:12:00,2015-04-08,0.2281,0.0,0.0,46.0,0.2281,0.2281,0.2281,10000126,2015-09-23,2015-09-23,P,2.85,2015-03-31
22842,2015-04-08 10:13:00,2015-04-08,0.2281,0.0,0.0,46.0,0.2281,0.2281,0.2281,10000126,2015-09-23,2015-09-23,P,2.85,2015-03-31
22843,2015-04-08 10:14:00,2015-04-08,0.2281,0.0,0.0,46.0,0.2281,0.2281,0.2281,10000126,2015-09-23,2015-09-23,P,2.85,2015-03-31
22844,2015-04-08 10:15:00,2015-04-08,0.2281,0.0,0.0,46.0,0.2281,0.2281,0.2281,10000126,2015-09-23,2015-09-23,P,2.85,2015-03-31
22845,2015-04-08 10:16:00,2015-04-08,0.2281,2281.0,1.0,47.0,0.2281,0.2281,0.2281,10000126,2015-09-23,2015-09-23,P,2.85,2015-03-31
22846,2015-04-08 10:17:00,2015-04-08,0.2281,0.0,0.0,47.0,0.2281,0.2281,0.2281,10000126,2015-09-23,2015-09-23,P,2.85,2015-03-31
22847,2015-04-08 10:18:00,2015-04-08,0.2281,0.0,0.0,47.0,0.2281,0.2281,0.2281,10000126,2015-09-23,2015-09-23,P,2.85,2015-03-31
22848,2015-04-08 10:19:00,2015-04-08,0.2281,9124.0,4.0,51.0,0.2281,0.2281,0.2281,10000126,2015-09-23,2015-09-23,P,2.85,2015-03-31
22849,2015-04-08 10:20:00,2015-04-08,0.2281,0.0,0.0,51.0,0.2281,0.2281,0.2281,10000126,2015-09-23,2015-09-23,P,2.85,2015-03-31
22850,2015-04-08 10:21:00,2015-04-08,0.2281,0.0,0.0,51.0,0.2281,0.2281,0.2281,10000126,2015-09-23,2015-09-23,P,2.85,2015-03-31
22851,2015-04-08 10:22:00,2015-04-08,0.2281,0.0,0.0,51.0,0.2281,0.2281,0.2281,10000126,2015-09-23,2015-09-23,P,2.85,2015-03-31
22852,2015-04-08 10:23:00,2015-04-08,0.2281,0.0,0.0,51.0,0.2281,0.2281,0.2281,10000126,2015-09-23,2015-09-23,P,2.85,2015-03-31
22853,2015-04-08 10:24:00,2015-04-08,0.2281,0.0,0.0,51.0,0.2281,0.2281,0.2281,10000126,2015-09-23,2015-09-23,P,2.85,2015-03-31
22854,2015-04-08 10:25:00,2015-04-08,0.2281,0.0,0.0,51.0,0.2281,0.2281,0.2281,10000126,2015-09-23,2015-09-23,P,2.85,2015-03-31
22855,2015-04-08 10:26:00,2015-04-08,0.2281,0.0,0.0,51.0,0.2281,0.2281,0.2281,10000126,2015-09-23,2015-09-23,P,2.85,2015-03-31
22856,2015-04-08 10:27:00,2015-04-08,0.2281,0.0,0.0,51.0,0.2281,0.2281,0.2281,10000126,2015-09-23,2015-09-23,P,2.85,2015-03-31
22857,2015-04-08 10:28:00,2015-04-08,0.2281,0.0,0.0,51.0,0.2281,0.2281,0.2281,10000126,2015-09-23,2015-09-23,P,2.85,2015-03-31
22858,2015-04-08 10:29:00,2015-04-08,0.2281,0.0,0.0,51.0,0.2281,0.2281,0.2281,10000126,2015-09-23,2015-09-23,P,2.85,2015-03-31
22859,2015-04-08 10:30:00,2015-04-08,0.2281,0.0,0.0,51.0,0.2281,0.2281,0.2281,10000126,2015-09-23,2015-09-23,P,2.85,2015-03-31
22860,2015-04-08 10:31:00,2015-04-08,0.2281,0.0,0.0,51.0,0.2281,0.2281,0.2281,10000126,2015-09-23,2015-09-23,P,2.85,2015-03-31
22861,2015-04-08 10:32:00,2015-04-08,0.2281,0.0,0.0,51.0,0.2281,0.2281,0.2281,10000126,2015-09-23,2015-09-23,P,2.85,2015-03-31
22862,2015-04-08 10:33:00,2015-04-08,0.2281,0.0,0.0,51.0,0.2281,0.2281,0.2281,10000126,2015-09-23,2015-09-23,P,2.85,2015-03-31
22863,2015-04-08 10:34:00,2015-04-08,0.2281,0.0,0.0,51.0,0.2281,0.2281,0.2281,10000126,2015-09-23,2015-09-23,P,2.85,2015-03-31
22864,2015-04-08 10:35:00,2015-04-08,0.2281,0.0,0.0,51.0,0.2281,0.2281,0.2281,10000126,2015-09-23,2015-09-23,P,2.85,2015-03-31
22865,2015-04-08 10:36:00,2015-04-08,0.2281,0.0,0.0,51.0,0.2281,0.2281,0.2281,10000126,2015-09-23,2015-09-23,P,2.85,2015-03-31
22866,2015-04-08 10:37:00,2015-04-08,0.2281,0.0,0.0,51.0,0.2281,0.2281,0.2281,10000126,2015-09-23,2015-09-23,P,2.85,2015-03-31
22867,2015-04-08 10:38:00,2015-04-08,0.2281,0.0,0.0,51.0,0.2281,0.2281,0.2281,10000126,2015-09-23,2015-09-23,P,2.85,2015-03-31
22868,2015-04-08 10:39:00,2015-04-08,0.2281,0.0,0.0,51.0,0.2281,0.2281,0.2281,10000126,2015-09-23,2015-09-23,P,2.85,2015-03-31
22869,2015-04-08 10:40:00,2015-04-08,0.2281,0.0,0.0,51.0,0.2281,0.2281,0.2281,10000126,2015-09-23,2015-09-23,P,2.85,2015-03-31
22870,2015-04-08 10:41:00,2015-04-08,0.2281,0.0,0.0,51.0,0.2281,0.2281,0.2281,10000126,2015-09-23,2015-09-23,P,2.85,2015-03-31
22871,2015-04-08 10:42:00,2015-04-08,0.2281,0.0,0.0,51.0,0.2281,0.2281,0.2281,10000126,2015-09-23,2015-09-23,P,2.85,2015-03-31
22872,2015-04-08 10:43:00,2015-04-08,0.2281,0.0,0.0,51.0,0.2281,0.2281,0.2281,10000126,2015-09-23,2015-09-23,P,2.85,2015-03-31
22873,2015-04-08 10:44:00,2015-04-08,0.2281,0.0,0.0,51.0,0.2281,0.2281,0.2281,10000126,2015-09-23,2015-09-23,P,2.85,2015-03-31
22874,2015-04-08 10:45:00,2015-04-08,0.2281,0.0,0.0,51.0,0.2281,0.2281,0.2281,10000126,2015-09-23,2015-09-23,P,2.85,2015-03-31
22875,2015-04-08 10:46:00,2015-04-08,0.2281,0.0,0.0,51.0,0.2281,0.2281,0.2281,10000126,2015-09-23,2015-09-23,P,2.85,2015-03-31
22876,2015-04-08 10:47:00,2015-04-08,0.2281,0.0,0.0,51.0,0.2281,0.2281,0.2281,10000126,2015-09-23,2015-09-23,P,2.85,2015-03-31
22877,2015-04-08 10:48:00,2015-04-08,0.2281,0.0,0.0,51.0,0.2281,0.2281,0.2281,10000126,2015-09-23,2015-09-23,P,2.85,2015-03-31
22878,2015-04-08 10:49:00,2015-04-08,0.2281,0.0,0.0,51.0,0.2281,0.2281,0.2281,10000126,2015-09-23,2015-09-23,P,2.85,2015-03-31
22879,2015-04-08 10:50:00,2015-04-08,0.2281,0.0,0.0,51.0,0.2281,0.2281,0.2281,10000126,2015-09-23,2015-09-23,P,2.85,2015-03-31
22880,2015-04-08 10:51:00,2015-04-08,0.2281,0.0,0.0,51.0,0.2281,0.2281,0.2281,10000126,2015-09-23,2015-09-23,P,2.85,2015-03-31
22881,2015-04-08 10:52:00,2015-04-08,0.2281,0.0,0.0,51.0,0.2281,0.2281,0.2281,10000126,2015-09-23,2015-09-23,P,2.85,2015-03-31
22882,2015-04-08 10:53:00,2015-04-08,0.2281,0.0,0.0,51.0,0.2281,0.2281,0.2281,10000126,2015-09-23,2015-09-23,P,2.85,2015-03-31
22883,2015-04-08 10:54:00,2015-04-08,0.228,22800.0,10.0,61.0,0.228,0.228,0.228,10000126,2015-09-23,2015-09-23,P,2.85,2015-03-31
22884,2015-04-08 10:55:00,2015-04-08,0.228,0.0,0.0,61.0,0.228,0.228,0.228,10000126,2015-09-23,2015-09-23,P,2.85,2015-03-31
22885,2015-04-08 10:56:00,2015-04-08,0.228,0.0,0.0,61.0,0.228,0.228,0.228,10000126,2015-09-23,2015-09-23,P,2.85,2015-03-31
22886,2015-04-08 10:57:00,2015-04-08,0.228,0.0,0.0,61.0,0.228,0.228,0.228,10000126,2015-09-23,2015-09-23,P,2.85,2015-03-31
22887,2015-04-08 10:58:00,2015-04-08,0.2281,11405.0,5.0,61.0,0.2281,0.2281,0.2281,10000126,2015-09-23,2015-09-23,P,2.85,2015-03-31
22888,2015-04-08 10:59:00,2015-04-08,0.2281,0.0,0.0,61.0,0.2281,0.2281,0.2281,10000126,2015-09-23,2015-09-23,P,2.85,2015-03-31
22889,2015-04-08 11:00:00,2015-04-08,0.2281,0.0,0.0,61.0,0.2281,0.2281,0.2281,10000126,2015-09-23,2015-09-23,P,2.85,2015-03-31
22890,2015-04-08 11:01:00,2015-04-08,0.2281,0.0,0.0,61.0,0.2281,0.2281,0.2281,10000126,2015-09-23,2015-09-23,P,2.85,2015-03-31
22891,2015-04-08 11:02:00,2015-04-08,0.2281,0.0,0.0,61.0,0.2281,0.2281,0.2281,10000126,2015-09-23,2015-09-23,P,2.85,2015-03-31
22892,2015-04-08 11:03:00,2015-04-08,0.2281,0.0,0.0,61.0,0.2281,0.2281,0.2281,10000126,2015-09-23,2015-09-23,P,2.85,2015-03-31
22893,2015-04-08 11:04:00,2015-04-08,0.2281,0.0,0.0,61.0,0.2281,0.2281,0.2281,10000126,2015-09-23,2015-09-23,P,2.85,2015-03-31
22894,2015-04-08 11:05:00,2015-04-08,0.2281,0.0,0.0,61.0,0.2281,0.2281,0.2281,10000126,2015-09-23,2015-09-23,P,2.85,2015-03-31
22895,2015-04-08 11:06:00,2015-04-08,0.2281,0.0,0.0,61.0,0.2281,0.2281,0.2281,10000126,2015-09-23,2015-09-23,P,2.85,2015-03-31
22896,2015-04-08 11:07:00,2015-04-08,0.2281,0.0,0.0,61.0,0.2281,0.2281,0.2281,10000126,2015-09-23,2015-09-23,P,2.85,2015-03-31
22897,2015-04-08 11:08:00,2015-04-08,0.2281,0.0,0.0,61.0,0.2281,0.2281,0.2281,10000126,2015-09-23,2015-09-23,P,2.85,2015-03-31
22898,2015-04-08 11:09:00,2015-04-08,0.2281,0.0,0.0,61.0,0.2281,0.2281,0.2281,10000126,2015-09-23,2015-09-23,P,2.85,2015-03-31
22899,2015-04-08 11:10:00,2015-04-08,0.2281,0.0,0.0,61.0,0.2281,0.2281,0.2281,10000126,2015-09-23,2015-09-23,P,2.85,2015-03-31
22900,2015-04-08 11:11:00,2015-04-08,0.2281,0.0,0.0,61.0,0.2281,0.2281,0.2281,10000126,2015-09-23,2015-09-23,P,2.85,2015-03-31
22901,2015-04-08 11:12:00,2015-04-08,0.2281,0.0,0.0,61.0,0.2281,0.2281,0.2281,10000126,2015-09-23,2015-09-23,P,2.85,2015-03-31
22902,2015-04-08 11:13:00,2015-04-08,0.2281,0.0,0.0,61.0,0.2281,0.2281,0.2281,10000126,2015-09-23,2015-09-23,P,2.85,2015-03-31
22903,2015-04-08 11:14:00,2015-04-08,0.2281,0.0,0.0,61.0,0.2281,0.2281,0.2281,10000126,2015-09-23,2015-09-23,P,2.85,2015-03-31
22904,2015-04-08 11:15:00,2015-04-08,0.2281,0.0,0.0,61.0,0.2281,0.2281,0.2281,10000126,2015-09-23,2015-09-23,P,2.85,2015-03-31
22905,2015-04-08 11:16:00,2015-04-08,0.2281,0.0,0.0,61.0,0.2281,0.2281,0.2281,10000126,2015-09-23,2015-09-23,P,2.85,2015-03-31
22906,2015-04-08 11:17:00,2015-04-08,0.2281,0.0,0.0,61.0,0.2281,0.2281,0.2281,10000126,2015-09-23,2015-09-23,P,2.85,2015-03-31
22907,2015-04-08 11:18:00,2015-04-08,0.2281,0.0,0.0,61.0,0.2281,0.2281,0.2281,10000126,2015-09-23,2015-09-23,P,2.85,2015-03-31
22908,2015-04-08 11:19:00,2015-04-08,0.2281,0.0,0.0,61.0,0.2281,0.2281,0.2281,10000126,2015-09-23,2015-09-23,P,2.85,2015-03-31
22909,2015-04-08 11:20:00,2015-04-08,0.2281,0.0,0.0,61.0,0.2281,0.2281,0.2281,10000126,2015-09-23,2015-09-23,P,2.85,2015-03-31
22910,2015-04-08 11:21:00,2015-04-08,0.2281,0.0,0.0,61.0,0.2281,0.2281,0.2281,10000126,2015-09-23,2015-09-23,P,2.85,2015-03-31
22911,2015-04-08 11:22:00,2015-04-08,0.2281,0.0,0.0,61.0,0.2281,0.2281,0.2281,10000126,2015-09-23,2015-09-23,P,2.85,2015-03-31
22912,2015-04-08 11:23:00,2015-04-08,0.2281,0.0,0.0,61.0,0.2281,0.2281,0.2281,10000126,2015-09-23,2015-09-23,P,2.85,2015-03-31
22913,2015-04-08 11:24:00,2015-04-08,0.2281,0.0,0.0,61.0,0.2281,0.2281,0.2281,10000126,2015-09-23,2015-09-23,P,2.85,2015-03-31
22914,2015-04-08 11:25:00,2015-04-08,0.2281,0.0,0.0,61.0,0.2281,0.2281,0.2281,10000126,2015-09-23,2015-09-23,P,2.85,2015-03-31
22915,2015-04-08 11:26:00,2015-04-08,0.2281,0.0,0.0,61.0,0.2281,0.2281,0.2281,10000126,2015-09-23,2015-09-23,P,2.85,2015-03-31
22916,2015-04-08 11:27:00,2015-04-08,0.2281,0.0,0.0,61.0,0.2281,0.2281,0.2281,10000126,2015-09-23,2015-09-23,P,2.85,2015-03-31
22917,2015-04-08 11:28:00,2015-04-08,0.2281,0.0,0.0,61.0,0.2281,0.2281,0.2281,10000126,2015-09-23,2015-09-23,P,2.85,2015-03-31
22918,2015-04-08 11:29:00,2015-04-08,0.2281,0.0,0.0,61.0,0.2281,0.2281,0.2281,10000126,2015-09-23,2015-09-23,P,2.85,2015-03-31
22919,2015-04-08 11:30:00,2015-04-08,0.2281,0.0,0.0,61.0,0.2281,0.2281,0.2281,10000126,2015-09-23,2015-09-23,P,2.85,2015-03-31
22920,2015-04-08 13:01:00,2015-04-08,0.2281,0.0,0.0,61.0,0.2281,0.2281,0.2281,10000126,2015-09-23,2015-09-23,P,2.85,2015-03-31
22921,2015-04-08 13:02:00,2015-04-08,0.2281,0.0,0.0,61.0,0.2281,0.2281,0.2281,10000126,2015-09-23,2015-09-23,P,2.85,2015-03-31
22922,2015-04-08 13:03:00,2015-04-08,0.2281,0.0,0.0,61.0,0.2281,0.2281,0.2281,10000126,2015-09-23,2015-09-23,P,2.85,2015-03-31
22923,2015-04-08 13:04:00,2015-04-08,0.2281,0.0,0.0,61.0,0.2281,0.2281,0.2281,10000126,2015-09-23,2015-09-23,P,2.85,2015-03-31
22924,2015-04-08 13:05:00,2015-04-08,0.2281,0.0,0.0,61.0,0.2281,0.2281,0.2281,10000126,2015-09-23,2015-09-23,P,2.85,2015-03-31
22925,2015-04-08 13:06:00,2015-04-08,0.2281,0.0,0.0,61.0,0.2281,0.2281,0.2281,10000126,2015-09-23,2015-09-23,P,2.85,2015-03-31
22926,2015-04-08 13:07:00,2015-04-08,0.2281,0.0,0.0,61.0,0.2281,0.2281,0.2281,10000126,2015-09-23,2015-09-23,P,2.85,2015-03-31
22927,2015-04-08 13:08:00,2015-04-08,0.2281,0.0,0.0,61.0,0.2281,0.2281,0.2281,10000126,2015-09-23,2015-09-23,P,2.85,2015-03-31
22928,2015-04-08 13:09:00,2015-04-08,0.2281,0.0,0.0,61.0,0.2281,0.2281,0.2281,10000126,2015-09-23,2015-09-23,P,2.85,2015-03-31
22929,2015-04-08 13:10:00,2015-04-08,0.2281,0.0,0.0,61.0,0.2281,0.2281,0.2281,10000126,2015-09-23,2015-09-23,P,2.85,2015-03-31
22930,2015-04-08 13:11:00,2015-04-08,0.2281,0.0,0.0,61.0,0.2281,0.2281,0.2281,10000126,2015-09-23,2015-09-23,P,2.85,2015-03-31
22931,2015-04-08 13:12:00,2015-04-08,0.2281,0.0,0.0,61.0,0.2281,0.2281,0.2281,10000126,2015-09-23,2015-09-23,P,2.85,2015-03-31
22932,2015-04-08 13:13:00,2015-04-08,0.2281,0.0,0.0,61.0,0.2281,0.2281,0.2281,10000126,2015-09-23,2015-09-23,P,2.85,2015-03-31
22933,2015-04-08 13:14:00,2015-04-08,0.2281,0.0,0.0,61.0,0.2281,0.2281,0.2281,10000126,2015-09-23,2015-09-23,P,2.85,2015-03-31
22934,2015-04-08 13:15:00,2015-04-08,0.2281,0.0,0.0,61.0,0.2281,0.2281,0.2281,10000126,2015-09-23,2015-09-23,P,2.85,2015-03-31
22935,2015-04-08 13:16:00,2015-04-08,0.2281,0.0,0.0,61.0,0.2281,0.2281,0.2281,10000126,2015-09-23,2015-09-23,P,2.85,2015-03-31
22936,2015-04-08 13:17:00,2015-04-08,0.2281,0.0,0.0,61.0,0.2281,0.2281,0.2281,10000126,2015-09-23,2015-09-23,P,2.85,2015-03-31
22937,2015-04-08 13:18:00,2015-04-08,0.2281,0.0,0.0,61.0,0.2281,0.2281,0.2281,10000126,2015-09-23,2015-09-23,P,2.85,2015-03-31
22938,2015-04-08 13:19:00,2015-04-08,0.2281,0.0,0.0,61.0,0.2281,0.2281,0.2281,10000126,2015-09-23,2015-09-23,P,2.85,2015-03-31
22939,2015-04-08 13:20:00,2015-04-08,0.2281,0.0,0.0,61.0,0.2281,0.2281,0.2281,10000126,2015-09-23,2015-09-23,P,2.85,2015-03-31
22940,2015-04-08 13:21:00,2015-04-08,0.2281,0.0,0.0,61.0,0.2281,0.2281,0.2281,10000126,2015-09-23,2015-09-23,P,2.85,2015-03-31
22941,2015-04-08 13:22:00,2015-04-08,0.2281,0.0,0.0,61.0,0.2281,0.2281,0.2281,10000126,2015-09-23,2015-09-23,P,2.85,2015-03-31
22942,2015-04-08 13:23:00,2015-04-08,0.2281,0.0,0.0,61.0,0.2281,0.2281,0.2281,10000126,2015-09-23,2015-09-23,P,2.85,2015-03-31
22943,2015-04-08 13:24:00,2015-04-08,0.2074,2074.0,1.0,61.0,0.2074,0.2074,0.2074,10000126,2015-09-23,2015-09-23,P,2.85,2015-03-31
22944,2015-04-08 13:25:00,2015-04-08,0.2074,0.0,0.0,61.0,0.2074,0.2074,0.2074,10000126,2015-09-23,2015-09-23,P,2.85,2015-03-31
22945,2015-04-08 13:26:00,2015-04-08,0.2074,0.0,0.0,61.0,0.2074,0.2074,0.2074,10000126,2015-09-23,2015-09-23,P,2.85,2015-03-31
22946,2015-04-08 13:27:00,2015-04-08,0.2074,0.0,0.0,61.0,0.2074,0.2074,0.2074,10000126,2015-09-23,2015-09-23,P,2.85,2015-03-31
22947,2015-04-08 13:28:00,2015-04-08,0.2074,0.0,0.0,61.0,0.2074,0.2074,0.2074,10000126,2015-09-23,2015-09-23,P,2.85,2015-03-31
22948,2015-04-08 13:29:00,2015-04-08,0.2074,0.0,0.0,61.0,0.2074,0.2074,0.2074,10000126,2015-09-23,2015-09-23,P,2.85,2015-03-31
22949,2015-04-08 13:30:00,2015-04-08,0.2074,0.0,0.0,61.0,0.2074,0.2074,0.2074,10000126,2015-09-23,2015-09-23,P,2.85,2015-03-31
22950,2015-04-08 13:31:00,2015-04-08,0.2074,0.0,0.0,61.0,0.2074,0.2074,0.2074,10000126,2015-09-23,2015-09-23,P,2.85,2015-03-31
22951,2015-04-08 13:32:00,2015-04-08,0.2074,0.0,0.0,61.0,0.2074,0.2074,0.2074,10000126,2015-09-23,2015-09-23,P,2.85,2015-03-31
22952,2015-04-08 13:33:00,2015-04-08,0.2074,0.0,0.0,61.0,0.2074,0.2074,0.2074,10000126,2015-09-23,2015-09-23,P,2.85,2015-03-31
22953,2015-04-08 13:34:00,2015-04-08,0.2074,0.0,0.0,61.0,0.2074,0.2074,0.2074,10000126,2015-09-23,2015-09-23,P,2.85,2015-03-31
22954,2015-04-08 13:35:00,2015-04-08,0.2074,0.0,0.0,61.0,0.2074,0.2074,0.2074,10000126,2015-09-23,2015-09-23,P,2.85,2015-03-31
22955,2015-04-08 13:36:00,2015-04-08,0.2074,0.0,0.0,61.0,0.2074,0.2074,0.2074,10000126,2015-09-23,2015-09-23,P,2.85,2015-03-31
22956,2015-04-08 13:37:00,2015-04-08,0.2074,0.0,0.0,61.0,0.2074,0.2074,0.2074,10000126,2015-09-23,2015-09-23,P,2.85,2015-03-31
22957,2015-04-08 13:38:00,2015-04-08,0.2074,0.0,0.0,61.0,0.2074,0.2074,0.2074,10000126,2015-09-23,2015-09-23,P,2.85,2015-03-31
22958,2015-04-08 13:39:00,2015-04-08,0.2074,0.0,0.0,61.0,0.2074,0.2074,0.2074,10000126,2015-09-23,2015-09-23,P,2.85,2015-03-31
22959,2015-04-08 13:40:00,2015-04-08,0.2074,0.0,0.0,61.0,0.2074,0.2074,0.2074,10000126,2015-09-23,2015-09-23,P,2.85,2015-03-31
22960,2015-04-08 13:41:00,2015-04-08,0.2074,0.0,0.0,61.0,0.2074,0.2074,0.2074,10000126,2015-09-23,2015-09-23,P,2.85,2015-03-31
22961,2015-04-08 13:42:00,2015-04-08,0.2074,0.0,0.0,61.0,0.2074,0.2074,0.2074,10000126,2015-09-23,2015-09-23,P,2.85,2015-03-31
22962,2015-04-08 13:43:00,2015-04-08,0.2074,0.0,0.0,61.0,0.2074,0.2074,0.2074,10000126,2015-09-23,2015-09-23,P,2.85,2015-03-31
22963,2015-04-08 13:44:00,2015-04-08,0.2074,0.0,0.0,61.0,0.2074,0.2074,0.2074,10000126,2015-09-23,2015-09-23,P,2.85,2015-03-31
22964,2015-04-08 13:45:00,2015-04-08,0.2074,0.0,0.0,61.0,0.2074,0.2074,0.2074,10000126,2015-09-23,2015-09-23,P,2.85,2015-03-31
22965,2015-04-08 13:46:00,2015-04-08,0.2074,0.0,0.0,61.0,0.2074,0.2074,0.2074,10000126,2015-09-23,2015-09-23,P,2.85,2015-03-31
22966,2015-04-08 13:47:00,2015-04-08,0.2074,0.0,0.0,61.0,0.2074,0.2074,0.2074,10000126,2015-09-23,2015-09-23,P,2.85,2015-03-31
22967,2015-04-08 13:48:00,2015-04-08,0.2074,0.0,0.0,61.0,0.2074,0.2074,0.2074,10000126,2015-09-23,2015-09-23,P,2.85,2015-03-31
22968,2015-04-08 13:49:00,2015-04-08,0.2074,0.0,0.0,61.0,0.2074,0.2074,0.2074,10000126,2015-09-23,2015-09-23,P,2.85,2015-03-31
22969,2015-04-08 13:50:00,2015-04-08,0.2074,0.0,0.0,61.0,0.2074,0.2074,0.2074,10000126,2015-09-23,2015-09-23,P,2.85,2015-03-31
22970,2015-04-08 13:51:00,2015-04-08,0.2074,0.0,0.0,61.0,0.2074,0.2074,0.2074,10000126,2015-09-23,2015-09-23,P,2.85,2015-03-31
22971,2015-04-08 13:52:00,2015-04-08,0.2074,0.0,0.0,61.0,0.2074,0.2074,0.2074,10000126,2015-09-23,2015-09-23,P,2.85,2015-03-31
22972,2015-04-08 13:53:00,2015-04-08,0.2074,0.0,0.0,61.0,0.2074,0.2074,0.2074,10000126,2015-09-23,2015-09-23,P,2.85,2015-03-31
22973,2015-04-08 13:54:00,2015-04-08,0.2074,0.0,0.0,61.0,0.2074,0.2074,0.2074,10000126,2015-09-23,2015-09-23,P,2.85,2015-03-31
22974,2015-04-08 13:55:00,2015-04-08,0.2074,0.0,0.0,61.0,0.2074,0.2074,0.2074,10000126,2015-09-23,2015-09-23,P,2.85,2015-03-31
22975,2015-04-08 13:56:00,2015-04-08,0.2074,0.0,0.0,61.0,0.2074,0.2074,0.2074,10000126,2015-09-23,2015-09-23,P,2.85,2015-03-31
22976,2015-04-08 13:57:00,2015-04-08,0.2074,0.0,0.0,61.0,0.2074,0.2074,0.2074,10000126,2015-09-23,2015-09-23,P,2.85,2015-03-31
22977,2015-04-08 13:58:00,2015-04-08,0.2074,0.0,0.0,61.0,0.2074,0.2074,0.2074,10000126,2015-09-23,2015-09-23,P,2.85,2015-03-31
22978,2015-04-08 13:59:00,2015-04-08,0.2074,0.0,0.0,61.0,0.2074,0.2074,0.2074,10000126,2015-09-23,2015-09-23,P,2.85,2015-03-31
22979,2015-04-08 14:00:00,2015-04-08,0.2074,0.0,0.0,61.0,0.2074,0.2074,0.2074,10000126,2015-09-23,2015-09-23,P,2.85,2015-03-31
22980,2015-04-08 14:01:00,2015-04-08,0.2074,0.0,0.0,61.0,0.2074,0.2074,0.2074,10000126,2015-09-23,2015-09-23,P,2.85,2015-03-31
22981,2015-04-08 14:02:00,2015-04-08,0.2014,6042.0,3.0,61.0,0.2014,0.2014,0.2014,10000126,2015-09-23,2015-09-23,P,2.85,2015-03-31
22982,2015-04-08 14:03:00,2015-04-08,0.2014,0.0,0.0,61.0,0.2014,0.2014,0.2014,10000126,2015-09-23,2015-09-23,P,2.85,2015-03-31
22983,2015-04-08 14:04:00,2015-04-08,0.2014,0.0,0.0,61.0,0.2014,0.2014,0.2014,10000126,2015-09-23,2015-09-23,P,2.85,2015-03-31
22984,2015-04-08 14:05:00,2015-04-08,0.2014,0.0,0.0,61.0,0.2014,0.2014,0.2014,10000126,2015-09-23,2015-09-23,P,2.85,2015-03-31
22985,2015-04-08 14:06:00,2015-04-08,0.2014,0.0,0.0,61.0,0.2014,0.2014,0.2014,10000126,2015-09-23,2015-09-23,P,2.85,2015-03-31
22986,2015-04-08 14:07:00,2015-04-08,0.2014,0.0,0.0,61.0,0.2014,0.2014,0.2014,10000126,2015-09-23,2015-09-23,P,2.85,2015-03-31
22987,2015-04-08 14:08:00,2015-04-08,0.2014,0.0,0.0,61.0,0.2014,0.2014,0.2014,10000126,2015-09-23,2015-09-23,P,2.85,2015-03-31
22988,2015-04-08 14:09:00,2015-04-08,0.2014,0.0,0.0,61.0,0.2014,0.2014,0.2014,10000126,2015-09-23,2015-09-23,P,2.85,2015-03-31
22989,2015-04-08 14:10:00,2015-04-08,0.2014,0.0,0.0,61.0,0.2014,0.2014,0.2014,10000126,2015-09-23,2015-09-23,P,2.85,2015-03-31
22990,2015-04-08 14:11:00,2015-04-08,0.2014,0.0,0.0,61.0,0.2014,0.2014,0.2014,10000126,2015-09-23,2015-09-23,P,2.85,2015-03-31
22991,2015-04-08 14:12:00,2015-04-08,0.2014,0.0,0.0,61.0,0.2014,0.2014,0.2014,10000126,2015-09-23,2015-09-23,P,2.85,2015-03-31
22992,2015-04-08 14:13:00,2015-04-08,0.2014,0.0,0.0,61.0,0.2014,0.2014,0.2014,10000126,2015-09-23,2015-09-23,P,2.85,2015-03-31
22993,2015-04-08 14:14:00,2015-04-08,0.2014,0.0,0.0,61.0,0.2014,0.2014,0.2014,10000126,2015-09-23,2015-09-23,P,2.85,2015-03-31
22994,2015-04-08 14:15:00,2015-04-08,0.2014,0.0,0.0,61.0,0.2014,0.2014,0.2014,10000126,2015-09-23,2015-09-23,P,2.85,2015-03-31
22995,2015-04-08 14:16:00,2015-04-08,0.2014,0.0,0.0,61.0,0.2014,0.2014,0.2014,10000126,2015-09-23,2015-09-23,P,2.85,2015-03-31
22996,2015-04-08 14:17:00,2015-04-08,0.2014,0.0,0.0,61.0,0.2014,0.2014,0.2014,10000126,2015-09-23,2015-09-23,P,2.85,2015-03-31
22997,2015-04-08 14:18:00,2015-04-08,0.2014,0.0,0.0,61.0,0.2014,0.2014,0.2014,10000126,2015-09-23,2015-09-23,P,2.85,2015-03-31
22998,2015-04-08 14:19:00,2015-04-08,0.2014,0.0,0.0,61.0,0.2014,0.2014,0.2014,10000126,2015-09-23,2015-09-23,P,2.85,2015-03-31
22999,2015-04-08 14:20:00,2015-04-08,0.2014,0.0,0.0,61.0,0.2014,0.2014,0.2014,10000126,2015-09-23,2015-09-23,P,2.85,2015-03-31
23000,2015-04-08 14:21:00,2015-04-08,0.2014,0.0,0.0,61.0,0.2014,0.2014,0.2014,10000126,2015-09-23,2015-09-23,P,2.85,2015-03-31
23001,2015-04-08 14:22:00,2015-04-08,0.2014,0.0,0.0,61.0,0.2014,0.2014,0.2014,10000126,2015-09-23,2015-09-23,P,2.85,2015-03-31
23002,2015-04-08 14:23:00,2015-04-08,0.2014,0.0,0.0,61.0,0.2014,0.2014,0.2014,10000126,2015-09-23,2015-09-23,P,2.85,2015-03-31
23003,2015-04-08 14:24:00,2015-04-08,0.2014,0.0,0.0,61.0,0.2014,0.2014,0.2014,10000126,2015-09-23,2015-09-23,P,2.85,2015-03-31
23004,2015-04-08 14:25:00,2015-04-08,0.2014,0.0,0.0,61.0,0.2014,0.2014,0.2014,10000126,2015-09-23,2015-09-23,P,2.85,2015-03-31
23005,2015-04-08 14:26:00,2015-04-08,0.2174,10870.0,5.0,66.0,0.2174,0.2174,0.2174,10000126,2015-09-23,2015-09-23,P,2.85,2015-03-31
23006,2015-04-08 14:27:00,2015-04-08,0.2174,0.0,0.0,66.0,0.2174,0.2174,0.2174,10000126,2015-09-23,2015-09-23,P,2.85,2015-03-31
23007,2015-04-08 14:28:00,2015-04-08,0.2174,0.0,0.0,66.0,0.2174,0.2174,0.2174,10000126,2015-09-23,2015-09-23,P,2.85,2015-03-31
23008,2015-04-08 14:29:00,2015-04-08,0.2174,0.0,0.0,66.0,0.2174,0.2174,0.2174,10000126,2015-09-23,2015-09-23,P,2.85,2015-03-31
23009,2015-04-08 14:30:00,2015-04-08,0.2174,0.0,0.0,66.0,0.2174,0.2174,0.2174,10000126,2015-09-23,2015-09-23,P,2.85,2015-03-31
23010,2015-04-08 14:31:00,2015-04-08,0.2174,0.0,0.0,66.0,0.2174,0.2174,0.2174,10000126,2015-09-23,2015-09-23,P,2.85,2015-03-31
23011,2015-04-08 14:32:00,2015-04-08,0.2174,0.0,0.0,66.0,0.2174,0.2174,0.2174,10000126,2015-09-23,2015-09-23,P,2.85,2015-03-31
23012,2015-04-08 14:33:00,2015-04-08,0.2174,0.0,0.0,66.0,0.2174,0.2174,0.2174,10000126,2015-09-23,2015-09-23,P,2.85,2015-03-31
23013,2015-04-08 14:34:00,2015-04-08,0.2174,0.0,0.0,66.0,0.2174,0.2174,0.2174,10000126,2015-09-23,2015-09-23,P,2.85,2015-03-31
23014,2015-04-08 14:35:00,2015-04-08,0.2174,0.0,0.0,66.0,0.2174,0.2174,0.2174,10000126,2015-09-23,2015-09-23,P,2.85,2015-03-31
23015,2015-04-08 14:36:00,2015-04-08,0.2174,0.0,0.0,66.0,0.2174,0.2174,0.2174,10000126,2015-09-23,2015-09-23,P,2.85,2015-03-31
23016,2015-04-08 14:37:00,2015-04-08,0.2174,0.0,0.0,66.0,0.2174,0.2174,0.2174,10000126,2015-09-23,2015-09-23,P,2.85,2015-03-31
23017,2015-04-08 14:38:00,2015-04-08,0.2174,0.0,0.0,66.0,0.2174,0.2174,0.2174,10000126,2015-09-23,2015-09-23,P,2.85,2015-03-31
23018,2015-04-08 14:39:00,2015-04-08,0.2174,0.0,0.0,66.0,0.2174,0.2174,0.2174,10000126,2015-09-23,2015-09-23,P,2.85,2015-03-31
23019,2015-04-08 14:40:00,2015-04-08,0.2174,0.0,0.0,66.0,0.2174,0.2174,0.2174,10000126,2015-09-23,2015-09-23,P,2.85,2015-03-31
23020,2015-04-08 14:41:00,2015-04-08,0.2174,0.0,0.0,66.0,0.2174,0.2174,0.2174,10000126,2015-09-23,2015-09-23,P,2.85,2015-03-31
23021,2015-04-08 14:42:00,2015-04-08,0.2174,0.0,0.0,66.0,0.2174,0.2174,0.2174,10000126,2015-09-23,2015-09-23,P,2.85,2015-03-31
23022,2015-04-08 14:43:00,2015-04-08,0.2174,0.0,0.0,66.0,0.2174,0.2174,0.2174,10000126,2015-09-23,2015-09-23,P,2.85,2015-03-31
23023,2015-04-08 14:44:00,2015-04-08,0.2174,0.0,0.0,66.0,0.2174,0.2174,0.2174,10000126,2015-09-23,2015-09-23,P,2.85,2015-03-31
23024,2015-04-08 14:45:00,2015-04-08,0.2174,0.0,0.0,66.0,0.2174,0.2174,0.2174,10000126,2015-09-23,2015-09-23,P,2.85,2015-03-31
23025,2015-04-08 14:46:00,2015-04-08,0.2174,0.0,0.0,66.0,0.2174,0.2174,0.2174,10000126,2015-09-23,2015-09-23,P,2.85,2015-03-31
23026,2015-04-08 14:47:00,2015-04-08,0.2174,0.0,0.0,66.0,0.2174,0.2174,0.2174,10000126,2015-09-23,2015-09-23,P,2.85,2015-03-31
23027,2015-04-08 14:48:00,2015-04-08,0.2174,0.0,0.0,66.0,0.2174,0.2174,0.2174,10000126,2015-09-23,2015-09-23,P,2.85,2015-03-31
23028,2015-04-08 14:49:00,2015-04-08,0.2174,0.0,0.0,66.0,0.2174,0.2174,0.2174,10000126,2015-09-23,2015-09-23,P,2.85,2015-03-31
23029,2015-04-08 14:50:00,2015-04-08,0.2174,0.0,0.0,66.0,0.2174,0.2174,0.2174,10000126,2015-09-23,2015-09-23,P,2.85,2015-03-31
23030,2015-04-08 14:51:00,2015-04-08,0.2174,0.0,0.0,66.0,0.2174,0.2174,0.2174,10000126,2015-09-23,2015-09-23,P,2.85,2015-03-31
23031,2015-04-08 14:52:00,2015-04-08,0.2174,0.0,0.0,66.0,0.2174,0.2174,0.2174,10000126,2015-09-23,2015-09-23,P,2.85,2015-03-31
23032,2015-04-08 14:53:00,2015-04-08,0.2174,0.0,0.0,66.0,0.2174,0.2174,0.2174,10000126,2015-09-23,2015-09-23,P,2.85,2015-03-31
23033,2015-04-08 14:54:00,2015-04-08,0.2174,0.0,0.0,66.0,0.2174,0.2174,0.2174,10000126,2015-09-23,2015-09-23,P,2.85,2015-03-31
23034,2015-04-08 14:55:00,2015-04-08,0.2174,0.0,0.0,66.0,0.2174,0.2174,0.2174,10000126,2015-09-23,2015-09-23,P,2.85,2015-03-31
23035,2015-04-08 14:56:00,2015-04-08,0.2174,0.0,0.0,66.0,0.2174,0.2174,0.2174,10000126,2015-09-23,2015-09-23,P,2.85,2015-03-31
23036,2015-04-08 14:57:00,2015-04-08,0.2174,0.0,0.0,66.0,0.2174,0.2174,0.2174,10000126,2015-09-23,2015-09-23,P,2.85,2015-03-31
23037,2015-04-08 14:58:00,2015-04-08,0.2174,0.0,0.0,66.0,0.2174,0.2174,0.2174,10000126,2015-09-23,2015-09-23,P,2.85,2015-03-31
23038,2015-04-08 14:59:00,2015-04-08,0.2174,0.0,0.0,66.0,0.2174,0.2174,0.2174,10000126,2015-09-23,2015-09-23,P,2.85,2015-03-31
23039,2015-04-08 15:00:00,2015-04-08,0.2174,0.0,0.0,66.0,0.2174,0.2174,0.2174,10000126,2015-09-23,2015-09-23,P,2.85,2015-03-31
23040,2015-04-08 09:31:00,2015-04-08,0.1687,0.0,0.0,0.0,0.1687,0.1687,0.1687,10000123,2015-06-24,2015-06-24,C,2.85,2015-03-31
23041,2015-04-08 09:32:00,2015-04-08,0.1687,0.0,0.0,0.0,0.1687,0.1687,0.1687,10000123,2015-06-24,2015-06-24,C,2.85,2015-03-31
23042,2015-04-08 09:33:00,2015-04-08,0.1741,-518188.0,-265.0,896.0,0.1741,0.1741,0.1741,10000123,2015-06-24,2015-06-24,C,2.85,2015-03-31
23043,2015-04-08 09:34:00,2015-04-08,0.1741,0.0,0.0,896.0,0.1741,0.1741,0.1741,10000123,2015-06-24,2015-06-24,C,2.85,2015-03-31
23044,2015-04-08 09:35:00,2015-04-08,0.1741,0.0,0.0,896.0,0.1741,0.1741,0.1741,10000123,2015-06-24,2015-06-24,C,2.85,2015-03-31
23045,2015-04-08 09:36:00,2015-04-08,0.1728,8640.0,5.0,896.0,0.1728,0.1728,0.1728,10000123,2015-06-24,2015-06-24,C,2.85,2015-03-31
23046,2015-04-08 09:37:00,2015-04-08,0.1686,3372.0,2.0,894.0,0.1686,0.1686,0.1686,10000123,2015-06-24,2015-06-24,C,2.85,2015-03-31
23047,2015-04-08 09:38:00,2015-04-08,0.1686,0.0,0.0,894.0,0.1686,0.1686,0.1686,10000123,2015-06-24,2015-06-24,C,2.85,2015-03-31
23048,2015-04-08 09:39:00,2015-04-08,0.1686,0.0,0.0,894.0,0.1686,0.1686,0.1686,10000123,2015-06-24,2015-06-24,C,2.85,2015-03-31
23049,2015-04-08 09:40:00,2015-04-08,0.1686,0.0,0.0,894.0,0.1686,0.1686,0.1686,10000123,2015-06-24,2015-06-24,C,2.85,2015-03-31
23050,2015-04-08 09:41:00,2015-04-08,0.1686,0.0,0.0,894.0,0.1686,0.1686,0.1686,10000123,2015-06-24,2015-06-24,C,2.85,2015-03-31
23051,2015-04-08 09:42:00,2015-04-08,0.1686,0.0,0.0,894.0,0.1686,0.1686,0.1686,10000123,2015-06-24,2015-06-24,C,2.85,2015-03-31
23052,2015-04-08 09:43:00,2015-04-08,0.1686,0.0,0.0,894.0,0.1686,0.1686,0.1686,10000123,2015-06-24,2015-06-24,C,2.85,2015-03-31
23053,2015-04-08 09:44:00,2015-04-08,0.1686,0.0,0.0,894.0,0.1686,0.1686,0.1686,10000123,2015-06-24,2015-06-24,C,2.85,2015-03-31
23054,2015-04-08 09:45:00,2015-04-08,0.1871,11131.0,6.0,900.0,0.1871,0.1871,0.1871,10000123,2015-06-24,2015-06-24,C,2.85,2015-03-31
23055,2015-04-08 09:46:00,2015-04-08,0.1871,0.0,0.0,900.0,0.1871,0.1871,0.1871,10000123,2015-06-24,2015-06-24,C,2.85,2015-03-31
23056,2015-04-08 09:47:00,2015-04-08,0.1892,9460.0,5.0,900.0,0.1892,0.1892,0.1892,10000123,2015-06-24,2015-06-24,C,2.85,2015-03-31
23057,2015-04-08 09:48:00,2015-04-08,0.1892,0.0,0.0,900.0,0.1892,0.1892,0.1892,10000123,2015-06-24,2015-06-24,C,2.85,2015-03-31
23058,2015-04-08 09:49:00,2015-04-08,0.1892,0.0,0.0,900.0,0.1892,0.1892,0.1892,10000123,2015-06-24,2015-06-24,C,2.85,2015-03-31
23059,2015-04-08 09:50:00,2015-04-08,0.1739,17390.0,10.0,900.0,0.1739,0.1739,0.1739,10000123,2015-06-24,2015-06-24,C,2.85,2015-03-31
23060,2015-04-08 09:51:00,2015-04-08,0.1739,0.0,0.0,900.0,0.1739,0.1739,0.1739,10000123,2015-06-24,2015-06-24,C,2.85,2015-03-31
23061,2015-04-08 09:52:00,2015-04-08,0.1739,0.0,0.0,900.0,0.1739,0.1739,0.1739,10000123,2015-06-24,2015-06-24,C,2.85,2015-03-31
23062,2015-04-08 09:53:00,2015-04-08,0.1739,0.0,0.0,900.0,0.1739,0.1739,0.1739,10000123,2015-06-24,2015-06-24,C,2.85,2015-03-31
23063,2015-04-08 09:54:00,2015-04-08,0.1739,0.0,0.0,900.0,0.1739,0.1739,0.1739,10000123,2015-06-24,2015-06-24,C,2.85,2015-03-31
23064,2015-04-08 09:55:00,2015-04-08,0.1739,0.0,0.0,900.0,0.1739,0.1739,0.1739,10000123,2015-06-24,2015-06-24,C,2.85,2015-03-31
23065,2015-04-08 09:56:00,2015-04-08,0.1739,0.0,0.0,900.0,0.1739,0.1739,0.1739,10000123,2015-06-24,2015-06-24,C,2.85,2015-03-31
23066,2015-04-08 09:57:00,2015-04-08,0.1739,0.0,0.0,900.0,0.1739,0.1739,0.1739,10000123,2015-06-24,2015-06-24,C,2.85,2015-03-31
23067,2015-04-08 09:58:00,2015-04-08,0.1739,0.0,0.0,900.0,0.1739,0.1739,0.1739,10000123,2015-06-24,2015-06-24,C,2.85,2015-03-31
23068,2015-04-08 09:59:00,2015-04-08,0.1739,0.0,0.0,900.0,0.1739,0.1739,0.1739,10000123,2015-06-24,2015-06-24,C,2.85,2015-03-31
23069,2015-04-08 10:00:00,2015-04-08,0.1739,0.0,0.0,900.0,0.1739,0.1739,0.1739,10000123,2015-06-24,2015-06-24,C,2.85,2015-03-31
23070,2015-04-08 10:01:00,2015-04-08,0.1739,0.0,0.0,900.0,0.1739,0.1739,0.1739,10000123,2015-06-24,2015-06-24,C,2.85,2015-03-31
23071,2015-04-08 10:02:00,2015-04-08,0.1739,0.0,0.0,900.0,0.1739,0.1739,0.1739,10000123,2015-06-24,2015-06-24,C,2.85,2015-03-31
23072,2015-04-08 10:03:00,2015-04-08,0.1739,0.0,0.0,900.0,0.1739,0.1739,0.1739,10000123,2015-06-24,2015-06-24,C,2.85,2015-03-31
23073,2015-04-08 10:04:00,2015-04-08,0.1739,0.0,0.0,900.0,0.1739,0.1739,0.1739,10000123,2015-06-24,2015-06-24,C,2.85,2015-03-31
23074,2015-04-08 10:05:00,2015-04-08,0.1739,0.0,0.0,900.0,0.1739,0.1739,0.1739,10000123,2015-06-24,2015-06-24,C,2.85,2015-03-31
23075,2015-04-08 10:06:00,2015-04-08,0.1739,0.0,0.0,900.0,0.1739,0.1739,0.1739,10000123,2015-06-24,2015-06-24,C,2.85,2015-03-31
23076,2015-04-08 10:07:00,2015-04-08,0.1739,0.0,0.0,900.0,0.1739,0.1739,0.1739,10000123,2015-06-24,2015-06-24,C,2.85,2015-03-31
23077,2015-04-08 10:08:00,2015-04-08,0.1739,0.0,0.0,900.0,0.1739,0.1739,0.1739,10000123,2015-06-24,2015-06-24,C,2.85,2015-03-31
23078,2015-04-08 10:09:00,2015-04-08,0.1739,0.0,0.0,900.0,0.1739,0.1739,0.1739,10000123,2015-06-24,2015-06-24,C,2.85,2015-03-31
23079,2015-04-08 10:10:00,2015-04-08,0.1739,0.0,0.0,900.0,0.1739,0.1739,0.1739,10000123,2015-06-24,2015-06-24,C,2.85,2015-03-31
23080,2015-04-08 10:11:00,2015-04-08,0.1739,0.0,0.0,900.0,0.1739,0.1739,0.1739,10000123,2015-06-24,2015-06-24,C,2.85,2015-03-31
23081,2015-04-08 10:12:00,2015-04-08,0.1739,0.0,0.0,900.0,0.1739,0.1739,0.1739,10000123,2015-06-24,2015-06-24,C,2.85,2015-03-31
23082,2015-04-08 10:13:00,2015-04-08,0.1739,0.0,0.0,900.0,0.1739,0.1739,0.1739,10000123,2015-06-24,2015-06-24,C,2.85,2015-03-31
23083,2015-04-08 10:14:00,2015-04-08,0.1739,0.0,0.0,900.0,0.1739,0.1739,0.1739,10000123,2015-06-24,2015-06-24,C,2.85,2015-03-31
23084,2015-04-08 10:15:00,2015-04-08,0.1739,0.0,0.0,900.0,0.1739,0.1739,0.1739,10000123,2015-06-24,2015-06-24,C,2.85,2015-03-31
23085,2015-04-08 10:16:00,2015-04-08,0.1739,0.0,0.0,900.0,0.1739,0.1739,0.1739,10000123,2015-06-24,2015-06-24,C,2.85,2015-03-31
23086,2015-04-08 10:17:00,2015-04-08,0.1739,0.0,0.0,900.0,0.1739,0.1739,0.1739,10000123,2015-06-24,2015-06-24,C,2.85,2015-03-31
23087,2015-04-08 10:18:00,2015-04-08,0.1739,0.0,0.0,900.0,0.1739,0.1739,0.1739,10000123,2015-06-24,2015-06-24,C,2.85,2015-03-31
23088,2015-04-08 10:19:00,2015-04-08,0.1739,0.0,0.0,900.0,0.1739,0.1739,0.1739,10000123,2015-06-24,2015-06-24,C,2.85,2015-03-31
23089,2015-04-08 10:20:00,2015-04-08,0.1739,0.0,0.0,900.0,0.1739,0.1739,0.1739,10000123,2015-06-24,2015-06-24,C,2.85,2015-03-31
23090,2015-04-08 10:21:00,2015-04-08,0.1812,7250.0,4.0,900.0,0.1812,0.1812,0.1812,10000123,2015-06-24,2015-06-24,C,2.85,2015-03-31
23091,2015-04-08 10:22:00,2015-04-08,0.1812,0.0,0.0,900.0,0.1812,0.1812,0.1812,10000123,2015-06-24,2015-06-24,C,2.85,2015-03-31
23092,2015-04-08 10:23:00,2015-04-08,0.1812,0.0,0.0,900.0,0.1812,0.1812,0.1812,10000123,2015-06-24,2015-06-24,C,2.85,2015-03-31
23093,2015-04-08 10:24:00,2015-04-08,0.1812,0.0,0.0,900.0,0.1812,0.1812,0.1812,10000123,2015-06-24,2015-06-24,C,2.85,2015-03-31
23094,2015-04-08 10:25:00,2015-04-08,0.1812,0.0,0.0,900.0,0.1812,0.1812,0.1812,10000123,2015-06-24,2015-06-24,C,2.85,2015-03-31
23095,2015-04-08 10:26:00,2015-04-08,0.1812,0.0,0.0,900.0,0.1812,0.1812,0.1812,10000123,2015-06-24,2015-06-24,C,2.85,2015-03-31
23096,2015-04-08 10:27:00,2015-04-08,0.1812,0.0,0.0,900.0,0.1812,0.1812,0.1812,10000123,2015-06-24,2015-06-24,C,2.85,2015-03-31
23097,2015-04-08 10:28:00,2015-04-08,0.1812,0.0,0.0,900.0,0.1812,0.1812,0.1812,10000123,2015-06-24,2015-06-24,C,2.85,2015-03-31
23098,2015-04-08 10:29:00,2015-04-08,0.1812,0.0,0.0,900.0,0.1812,0.1812,0.1812,10000123,2015-06-24,2015-06-24,C,2.85,2015-03-31
23099,2015-04-08 10:30:00,2015-04-08,0.1812,0.0,0.0,900.0,0.1812,0.1812,0.1812,10000123,2015-06-24,2015-06-24,C,2.85,2015-03-31
23100,2015-04-08 10:31:00,2015-04-08,0.1812,0.0,0.0,900.0,0.1812,0.1812,0.1812,10000123,2015-06-24,2015-06-24,C,2.85,2015-03-31
23101,2015-04-08 10:32:00,2015-04-08,0.1812,0.0,0.0,900.0,0.1812,0.1812,0.1812,10000123,2015-06-24,2015-06-24,C,2.85,2015-03-31
23102,2015-04-08 10:33:00,2015-04-08,0.1812,0.0,0.0,900.0,0.1812,0.1812,0.1812,10000123,2015-06-24,2015-06-24,C,2.85,2015-03-31
23103,2015-04-08 10:34:00,2015-04-08,0.1812,0.0,0.0,900.0,0.1812,0.1812,0.1812,10000123,2015-06-24,2015-06-24,C,2.85,2015-03-31
23104,2015-04-08 10:35:00,2015-04-08,0.1812,0.0,0.0,900.0,0.1812,0.1812,0.1812,10000123,2015-06-24,2015-06-24,C,2.85,2015-03-31
23105,2015-04-08 10:36:00,2015-04-08,0.1812,0.0,0.0,900.0,0.1812,0.1812,0.1812,10000123,2015-06-24,2015-06-24,C,2.85,2015-03-31
23106,2015-04-08 10:37:00,2015-04-08,0.1812,0.0,0.0,900.0,0.1812,0.1812,0.1812,10000123,2015-06-24,2015-06-24,C,2.85,2015-03-31
23107,2015-04-08 10:38:00,2015-04-08,0.1812,0.0,0.0,900.0,0.1812,0.1812,0.1812,10000123,2015-06-24,2015-06-24,C,2.85,2015-03-31
23108,2015-04-08 10:39:00,2015-04-08,0.1812,0.0,0.0,900.0,0.1812,0.1812,0.1812,10000123,2015-06-24,2015-06-24,C,2.85,2015-03-31
23109,2015-04-08 10:40:00,2015-04-08,0.1812,0.0,0.0,900.0,0.1812,0.1812,0.1812,10000123,2015-06-24,2015-06-24,C,2.85,2015-03-31
23110,2015-04-08 10:41:00,2015-04-08,0.1812,0.0,0.0,900.0,0.1812,0.1812,0.1812,10000123,2015-06-24,2015-06-24,C,2.85,2015-03-31
23111,2015-04-08 10:42:00,2015-04-08,0.1812,0.0,0.0,900.0,0.1812,0.1812,0.1812,10000123,2015-06-24,2015-06-24,C,2.85,2015-03-31
23112,2015-04-08 10:43:00,2015-04-08,0.1812,0.0,0.0,900.0,0.1812,0.1812,0.1812,10000123,2015-06-24,2015-06-24,C,2.85,2015-03-31
23113,2015-04-08 10:44:00,2015-04-08,0.1812,0.0,0.0,900.0,0.1812,0.1812,0.1812,10000123,2015-06-24,2015-06-24,C,2.85,2015-03-31
23114,2015-04-08 10:45:00,2015-04-08,0.1812,0.0,0.0,900.0,0.1812,0.1812,0.1812,10000123,2015-06-24,2015-06-24,C,2.85,2015-03-31
23115,2015-04-08 10:46:00,2015-04-08,0.1812,0.0,0.0,900.0,0.1812,0.1812,0.1812,10000123,2015-06-24,2015-06-24,C,2.85,2015-03-31
23116,2015-04-08 10:47:00,2015-04-08,0.1812,0.0,0.0,900.0,0.1812,0.1812,0.1812,10000123,2015-06-24,2015-06-24,C,2.85,2015-03-31
23117,2015-04-08 10:48:00,2015-04-08,0.1812,0.0,0.0,900.0,0.1812,0.1812,0.1812,10000123,2015-06-24,2015-06-24,C,2.85,2015-03-31
23118,2015-04-08 10:49:00,2015-04-08,0.1812,0.0,0.0,900.0,0.1812,0.1812,0.1812,10000123,2015-06-24,2015-06-24,C,2.85,2015-03-31
23119,2015-04-08 10:50:00,2015-04-08,0.1812,0.0,0.0,900.0,0.1812,0.1812,0.1812,10000123,2015-06-24,2015-06-24,C,2.85,2015-03-31
23120,2015-04-08 10:51:00,2015-04-08,0.1812,0.0,0.0,900.0,0.1812,0.1812,0.1812,10000123,2015-06-24,2015-06-24,C,2.85,2015-03-31
23121,2015-04-08 10:52:00,2015-04-08,0.1812,0.0,0.0,900.0,0.1812,0.1812,0.1812,10000123,2015-06-24,2015-06-24,C,2.85,2015-03-31
23122,2015-04-08 10:53:00,2015-04-08,0.1812,0.0,0.0,900.0,0.1812,0.1812,0.1812,10000123,2015-06-24,2015-06-24,C,2.85,2015-03-31
23123,2015-04-08 10:54:00,2015-04-08,0.1857,5571.0,3.0,903.0,0.1857,0.1857,0.1857,10000123,2015-06-24,2015-06-24,C,2.85,2015-03-31
23124,2015-04-08 10:55:00,2015-04-08,0.1857,0.0,0.0,903.0,0.1857,0.1857,0.1857,10000123,2015-06-24,2015-06-24,C,2.85,2015-03-31
23125,2015-04-08 10:56:00,2015-04-08,0.1857,0.0,0.0,903.0,0.1857,0.1857,0.1857,10000123,2015-06-24,2015-06-24,C,2.85,2015-03-31
23126,2015-04-08 10:57:00,2015-04-08,0.1857,0.0,0.0,903.0,0.1857,0.1857,0.1857,10000123,2015-06-24,2015-06-24,C,2.85,2015-03-31
23127,2015-04-08 10:58:00,2015-04-08,0.1813,5438.0,3.0,905.0,0.1813,0.1812,0.1812,10000123,2015-06-24,2015-06-24,C,2.85,2015-03-31
23128,2015-04-08 10:59:00,2015-04-08,0.1812,0.0,0.0,905.0,0.1812,0.1812,0.1812,10000123,2015-06-24,2015-06-24,C,2.85,2015-03-31
23129,2015-04-08 11:00:00,2015-04-08,0.1812,0.0,0.0,905.0,0.1812,0.1812,0.1812,10000123,2015-06-24,2015-06-24,C,2.85,2015-03-31
23130,2015-04-08 11:01:00,2015-04-08,0.1812,0.0,0.0,905.0,0.1812,0.1812,0.1812,10000123,2015-06-24,2015-06-24,C,2.85,2015-03-31
23131,2015-04-08 11:02:00,2015-04-08,0.1812,0.0,0.0,905.0,0.1812,0.1812,0.1812,10000123,2015-06-24,2015-06-24,C,2.85,2015-03-31
23132,2015-04-08 11:03:00,2015-04-08,0.1812,0.0,0.0,905.0,0.1812,0.1812,0.1812,10000123,2015-06-24,2015-06-24,C,2.85,2015-03-31
23133,2015-04-08 11:04:00,2015-04-08,0.1812,0.0,0.0,905.0,0.1812,0.1812,0.1812,10000123,2015-06-24,2015-06-24,C,2.85,2015-03-31
23134,2015-04-08 11:05:00,2015-04-08,0.1812,0.0,0.0,905.0,0.1812,0.1812,0.1812,10000123,2015-06-24,2015-06-24,C,2.85,2015-03-31
23135,2015-04-08 11:06:00,2015-04-08,0.1812,0.0,0.0,905.0,0.1812,0.1812,0.1812,10000123,2015-06-24,2015-06-24,C,2.85,2015-03-31
23136,2015-04-08 11:07:00,2015-04-08,0.1812,0.0,0.0,905.0,0.1812,0.1812,0.1812,10000123,2015-06-24,2015-06-24,C,2.85,2015-03-31
23137,2015-04-08 11:08:00,2015-04-08,0.1812,0.0,0.0,905.0,0.1812,0.1812,0.1812,10000123,2015-06-24,2015-06-24,C,2.85,2015-03-31
23138,2015-04-08 11:09:00,2015-04-08,0.1812,0.0,0.0,905.0,0.1812,0.1812,0.1812,10000123,2015-06-24,2015-06-24,C,2.85,2015-03-31
23139,2015-04-08 11:10:00,2015-04-08,0.1812,0.0,0.0,905.0,0.1812,0.1812,0.1812,10000123,2015-06-24,2015-06-24,C,2.85,2015-03-31
23140,2015-04-08 11:11:00,2015-04-08,0.1812,0.0,0.0,905.0,0.1812,0.1812,0.1812,10000123,2015-06-24,2015-06-24,C,2.85,2015-03-31
23141,2015-04-08 11:12:00,2015-04-08,0.1812,0.0,0.0,905.0,0.1812,0.1812,0.1812,10000123,2015-06-24,2015-06-24,C,2.85,2015-03-31
23142,2015-04-08 11:13:00,2015-04-08,0.1812,0.0,0.0,905.0,0.1812,0.1812,0.1812,10000123,2015-06-24,2015-06-24,C,2.85,2015-03-31
23143,2015-04-08 11:14:00,2015-04-08,0.1812,0.0,0.0,905.0,0.1812,0.1812,0.1812,10000123,2015-06-24,2015-06-24,C,2.85,2015-03-31
23144,2015-04-08 11:15:00,2015-04-08,0.1812,0.0,0.0,905.0,0.1812,0.1812,0.1812,10000123,2015-06-24,2015-06-24,C,2.85,2015-03-31
23145,2015-04-08 11:16:00,2015-04-08,0.1812,1812.0,1.0,904.0,0.1812,0.1812,0.1812,10000123,2015-06-24,2015-06-24,C,2.85,2015-03-31
23146,2015-04-08 11:17:00,2015-04-08,0.1812,0.0,0.0,904.0,0.1812,0.1812,0.1812,10000123,2015-06-24,2015-06-24,C,2.85,2015-03-31
23147,2015-04-08 11:18:00,2015-04-08,0.1812,0.0,0.0,904.0,0.1812,0.1812,0.1812,10000123,2015-06-24,2015-06-24,C,2.85,2015-03-31
23148,2015-04-08 11:19:00,2015-04-08,0.1812,0.0,0.0,904.0,0.1812,0.1812,0.1812,10000123,2015-06-24,2015-06-24,C,2.85,2015-03-31
23149,2015-04-08 11:20:00,2015-04-08,0.1812,0.0,0.0,904.0,0.1812,0.1812,0.1812,10000123,2015-06-24,2015-06-24,C,2.85,2015-03-31
23150,2015-04-08 11:21:00,2015-04-08,0.1812,0.0,0.0,904.0,0.1812,0.1812,0.1812,10000123,2015-06-24,2015-06-24,C,2.85,2015-03-31
23151,2015-04-08 11:22:00,2015-04-08,0.1812,0.0,0.0,904.0,0.1812,0.1812,0.1812,10000123,2015-06-24,2015-06-24,C,2.85,2015-03-31
23152,2015-04-08 11:23:00,2015-04-08,0.1812,0.0,0.0,904.0,0.1812,0.1812,0.1812,10000123,2015-06-24,2015-06-24,C,2.85,2015-03-31
23153,2015-04-08 11:24:00,2015-04-08,0.1812,0.0,0.0,904.0,0.1812,0.1812,0.1812,10000123,2015-06-24,2015-06-24,C,2.85,2015-03-31
23154,2015-04-08 11:25:00,2015-04-08,0.1812,0.0,0.0,904.0,0.1812,0.1812,0.1812,10000123,2015-06-24,2015-06-24,C,2.85,2015-03-31
23155,2015-04-08 11:26:00,2015-04-08,0.1812,0.0,0.0,904.0,0.1812,0.1812,0.1812,10000123,2015-06-24,2015-06-24,C,2.85,2015-03-31
23156,2015-04-08 11:27:00,2015-04-08,0.1812,0.0,0.0,904.0,0.1812,0.1812,0.1812,10000123,2015-06-24,2015-06-24,C,2.85,2015-03-31
23157,2015-04-08 11:28:00,2015-04-08,0.18600000000000005,129490.0,70.0,834.0,0.1838,0.18600000000000005,0.1838,10000123,2015-06-24,2015-06-24,C,2.85,2015-03-31
23158,2015-04-08 11:29:00,2015-04-08,0.188,56159.0,30.0,804.0,0.1865,0.188,0.1865,10000123,2015-06-24,2015-06-24,C,2.85,2015-03-31
23159,2015-04-08 11:30:00,2015-04-08,0.188,0.0,0.0,804.0,0.188,0.188,0.188,10000123,2015-06-24,2015-06-24,C,2.85,2015-03-31
23160,2015-04-08 13:01:00,2015-04-08,0.1956,9780.0,5.0,799.0,0.1956,0.1956,0.1956,10000123,2015-06-24,2015-06-24,C,2.85,2015-03-31
23161,2015-04-08 13:02:00,2015-04-08,0.1956,0.0,0.0,799.0,0.1956,0.1956,0.1956,10000123,2015-06-24,2015-06-24,C,2.85,2015-03-31
23162,2015-04-08 13:03:00,2015-04-08,0.1956,0.0,0.0,799.0,0.1956,0.1956,0.1956,10000123,2015-06-24,2015-06-24,C,2.85,2015-03-31
23163,2015-04-08 13:04:00,2015-04-08,0.1956,0.0,0.0,799.0,0.1956,0.1956,0.1956,10000123,2015-06-24,2015-06-24,C,2.85,2015-03-31
23164,2015-04-08 13:05:00,2015-04-08,0.1956,0.0,0.0,799.0,0.1956,0.1956,0.1956,10000123,2015-06-24,2015-06-24,C,2.85,2015-03-31
23165,2015-04-08 13:06:00,2015-04-08,0.1956,0.0,0.0,799.0,0.1956,0.1956,0.1956,10000123,2015-06-24,2015-06-24,C,2.85,2015-03-31
23166,2015-04-08 13:07:00,2015-04-08,0.1956,0.0,0.0,799.0,0.1956,0.1956,0.1956,10000123,2015-06-24,2015-06-24,C,2.85,2015-03-31
23167,2015-04-08 13:08:00,2015-04-08,0.1956,0.0,0.0,799.0,0.1956,0.1956,0.1956,10000123,2015-06-24,2015-06-24,C,2.85,2015-03-31
23168,2015-04-08 13:09:00,2015-04-08,0.1956,0.0,0.0,799.0,0.1956,0.1956,0.1956,10000123,2015-06-24,2015-06-24,C,2.85,2015-03-31
23169,2015-04-08 13:10:00,2015-04-08,0.1956,0.0,0.0,799.0,0.1956,0.1956,0.1956,10000123,2015-06-24,2015-06-24,C,2.85,2015-03-31
23170,2015-04-08 13:11:00,2015-04-08,0.1956,0.0,0.0,799.0,0.1956,0.1956,0.1956,10000123,2015-06-24,2015-06-24,C,2.85,2015-03-31
23171,2015-04-08 13:12:00,2015-04-08,0.1956,0.0,0.0,799.0,0.1956,0.1956,0.1956,10000123,2015-06-24,2015-06-24,C,2.85,2015-03-31
23172,2015-04-08 13:13:00,2015-04-08,0.1956,0.0,0.0,799.0,0.1956,0.1956,0.1956,10000123,2015-06-24,2015-06-24,C,2.85,2015-03-31
23173,2015-04-08 13:14:00,2015-04-08,0.1956,0.0,0.0,799.0,0.1956,0.1956,0.1956,10000123,2015-06-24,2015-06-24,C,2.85,2015-03-31
23174,2015-04-08 13:15:00,2015-04-08,0.1956,0.0,0.0,799.0,0.1956,0.1956,0.1956,10000123,2015-06-24,2015-06-24,C,2.85,2015-03-31
23175,2015-04-08 13:16:00,2015-04-08,0.1956,0.0,0.0,799.0,0.1956,0.1956,0.1956,10000123,2015-06-24,2015-06-24,C,2.85,2015-03-31
23176,2015-04-08 13:17:00,2015-04-08,0.1956,0.0,0.0,799.0,0.1956,0.1956,0.1956,10000123,2015-06-24,2015-06-24,C,2.85,2015-03-31
23177,2015-04-08 13:18:00,2015-04-08,0.1956,0.0,0.0,799.0,0.1956,0.1956,0.1956,10000123,2015-06-24,2015-06-24,C,2.85,2015-03-31
23178,2015-04-08 13:19:00,2015-04-08,0.1956,0.0,0.0,799.0,0.1956,0.1956,0.1956,10000123,2015-06-24,2015-06-24,C,2.85,2015-03-31
23179,2015-04-08 13:20:00,2015-04-08,0.1956,0.0,0.0,799.0,0.1956,0.1956,0.1956,10000123,2015-06-24,2015-06-24,C,2.85,2015-03-31
23180,2015-04-08 13:21:00,2015-04-08,0.1956,0.0,0.0,799.0,0.1956,0.1956,0.1956,10000123,2015-06-24,2015-06-24,C,2.85,2015-03-31
23181,2015-04-08 13:22:00,2015-04-08,0.2232,22320.0,10.0,809.0,0.2232,0.2232,0.2232,10000123,2015-06-24,2015-06-24,C,2.85,2015-03-31
23182,2015-04-08 13:23:00,2015-04-08,0.2232,0.0,0.0,809.0,0.2232,0.2232,0.2232,10000123,2015-06-24,2015-06-24,C,2.85,2015-03-31
23183,2015-04-08 13:24:00,2015-04-08,0.2232,0.0,0.0,809.0,0.2232,0.2232,0.2232,10000123,2015-06-24,2015-06-24,C,2.85,2015-03-31
23184,2015-04-08 13:25:00,2015-04-08,0.2232,0.0,0.0,809.0,0.2232,0.2232,0.2232,10000123,2015-06-24,2015-06-24,C,2.85,2015-03-31
23185,2015-04-08 13:26:00,2015-04-08,0.2232,0.0,0.0,809.0,0.2232,0.2232,0.2232,10000123,2015-06-24,2015-06-24,C,2.85,2015-03-31
23186,2015-04-08 13:27:00,2015-04-08,0.205,18450.0,9.0,800.0,0.205,0.205,0.205,10000123,2015-06-24,2015-06-24,C,2.85,2015-03-31
23187,2015-04-08 13:28:00,2015-04-08,0.205,0.0,0.0,800.0,0.205,0.205,0.205,10000123,2015-06-24,2015-06-24,C,2.85,2015-03-31
23188,2015-04-08 13:29:00,2015-04-08,0.205,0.0,0.0,800.0,0.205,0.205,0.205,10000123,2015-06-24,2015-06-24,C,2.85,2015-03-31
23189,2015-04-08 13:30:00,2015-04-08,0.205,0.0,0.0,800.0,0.205,0.205,0.205,10000123,2015-06-24,2015-06-24,C,2.85,2015-03-31
23190,2015-04-08 13:31:00,2015-04-08,0.205,0.0,0.0,800.0,0.205,0.205,0.205,10000123,2015-06-24,2015-06-24,C,2.85,2015-03-31
23191,2015-04-08 13:32:00,2015-04-08,0.205,0.0,0.0,800.0,0.205,0.205,0.205,10000123,2015-06-24,2015-06-24,C,2.85,2015-03-31
23192,2015-04-08 13:33:00,2015-04-08,0.205,0.0,0.0,800.0,0.205,0.205,0.205,10000123,2015-06-24,2015-06-24,C,2.85,2015-03-31
23193,2015-04-08 13:34:00,2015-04-08,0.205,0.0,0.0,800.0,0.205,0.205,0.205,10000123,2015-06-24,2015-06-24,C,2.85,2015-03-31
23194,2015-04-08 13:35:00,2015-04-08,0.2086,18774.0,9.0,791.0,0.2086,0.2086,0.2086,10000123,2015-06-24,2015-06-24,C,2.85,2015-03-31
23195,2015-04-08 13:36:00,2015-04-08,0.2086,0.0,0.0,791.0,0.2086,0.2086,0.2086,10000123,2015-06-24,2015-06-24,C,2.85,2015-03-31
23196,2015-04-08 13:37:00,2015-04-08,0.2086,0.0,0.0,791.0,0.2086,0.2086,0.2086,10000123,2015-06-24,2015-06-24,C,2.85,2015-03-31
23197,2015-04-08 13:38:00,2015-04-08,0.2081,12486.0,6.0,785.0,0.2081,0.2081,0.2081,10000123,2015-06-24,2015-06-24,C,2.85,2015-03-31
23198,2015-04-08 13:39:00,2015-04-08,0.2081,0.0,0.0,785.0,0.2081,0.2081,0.2081,10000123,2015-06-24,2015-06-24,C,2.85,2015-03-31
23199,2015-04-08 13:40:00,2015-04-08,0.2081,0.0,0.0,785.0,0.2081,0.2081,0.2081,10000123,2015-06-24,2015-06-24,C,2.85,2015-03-31
23200,2015-04-08 13:41:00,2015-04-08,0.2063,18567.0,9.0,776.0,0.2063,0.2063,0.2063,10000123,2015-06-24,2015-06-24,C,2.85,2015-03-31
23201,2015-04-08 13:42:00,2015-04-08,0.2063,0.0,0.0,776.0,0.2063,0.2063,0.2063,10000123,2015-06-24,2015-06-24,C,2.85,2015-03-31
23202,2015-04-08 13:43:00,2015-04-08,0.2063,0.0,0.0,776.0,0.2063,0.2063,0.2063,10000123,2015-06-24,2015-06-24,C,2.85,2015-03-31
23203,2015-04-08 13:44:00,2015-04-08,0.2023,10115.0,5.0,776.0,0.2023,0.2023,0.2023,10000123,2015-06-24,2015-06-24,C,2.85,2015-03-31
23204,2015-04-08 13:45:00,2015-04-08,0.2033,20330.0,10.0,766.0,0.2033,0.2033,0.2033,10000123,2015-06-24,2015-06-24,C,2.85,2015-03-31
23205,2015-04-08 13:46:00,2015-04-08,0.208,20724.0,10.0,756.0,0.2061,0.208,0.2061,10000123,2015-06-24,2015-06-24,C,2.85,2015-03-31
23206,2015-04-08 13:47:00,2015-04-08,0.208,0.0,0.0,756.0,0.208,0.208,0.208,10000123,2015-06-24,2015-06-24,C,2.85,2015-03-31
23207,2015-04-08 13:48:00,2015-04-08,0.208,0.0,0.0,756.0,0.208,0.208,0.208,10000123,2015-06-24,2015-06-24,C,2.85,2015-03-31
23208,2015-04-08 13:49:00,2015-04-08,0.208,0.0,0.0,756.0,0.208,0.208,0.208,10000123,2015-06-24,2015-06-24,C,2.85,2015-03-31
23209,2015-04-08 13:50:00,2015-04-08,0.208,0.0,0.0,756.0,0.208,0.208,0.208,10000123,2015-06-24,2015-06-24,C,2.85,2015-03-31
23210,2015-04-08 13:51:00,2015-04-08,0.2057,18513.0,9.0,747.0,0.2057,0.2057,0.2057,10000123,2015-06-24,2015-06-24,C,2.85,2015-03-31
23211,2015-04-08 13:52:00,2015-04-08,0.2047,18423.0,9.0,738.0,0.2047,0.2047,0.2047,10000123,2015-06-24,2015-06-24,C,2.85,2015-03-31
23212,2015-04-08 13:53:00,2015-04-08,0.2047,0.0,0.0,738.0,0.2047,0.2047,0.2047,10000123,2015-06-24,2015-06-24,C,2.85,2015-03-31
23213,2015-04-08 13:54:00,2015-04-08,0.2047,0.0,0.0,738.0,0.2047,0.2047,0.2047,10000123,2015-06-24,2015-06-24,C,2.85,2015-03-31
23214,2015-04-08 13:55:00,2015-04-08,0.2047,0.0,0.0,738.0,0.2047,0.2047,0.2047,10000123,2015-06-24,2015-06-24,C,2.85,2015-03-31
23215,2015-04-08 13:56:00,2015-04-08,0.2047,0.0,0.0,738.0,0.2047,0.2047,0.2047,10000123,2015-06-24,2015-06-24,C,2.85,2015-03-31
23216,2015-04-08 13:57:00,2015-04-08,0.2047,0.0,0.0,738.0,0.2047,0.2047,0.2047,10000123,2015-06-24,2015-06-24,C,2.85,2015-03-31
23217,2015-04-08 13:58:00,2015-04-08,0.2047,0.0,0.0,738.0,0.2047,0.2047,0.2047,10000123,2015-06-24,2015-06-24,C,2.85,2015-03-31
23218,2015-04-08 13:59:00,2015-04-08,0.2047,0.0,0.0,738.0,0.2047,0.2047,0.2047,10000123,2015-06-24,2015-06-24,C,2.85,2015-03-31
23219,2015-04-08 14:00:00,2015-04-08,0.2047,0.0,0.0,738.0,0.2047,0.2047,0.2047,10000123,2015-06-24,2015-06-24,C,2.85,2015-03-31
23220,2015-04-08 14:01:00,2015-04-08,0.2229,6687.0,3.0,740.0,0.2229,0.2229,0.2229,10000123,2015-06-24,2015-06-24,C,2.85,2015-03-31
23221,2015-04-08 14:02:00,2015-04-08,0.2229,0.0,0.0,740.0,0.2229,0.2229,0.2229,10000123,2015-06-24,2015-06-24,C,2.85,2015-03-31
23222,2015-04-08 14:03:00,2015-04-08,0.21,12600.0,6.0,737.0,0.21,0.21,0.21,10000123,2015-06-24,2015-06-24,C,2.85,2015-03-31
23223,2015-04-08 14:04:00,2015-04-08,0.21,0.0,0.0,737.0,0.21,0.21,0.21,10000123,2015-06-24,2015-06-24,C,2.85,2015-03-31
23224,2015-04-08 14:05:00,2015-04-08,0.21,0.0,0.0,737.0,0.21,0.21,0.21,10000123,2015-06-24,2015-06-24,C,2.85,2015-03-31
23225,2015-04-08 14:06:00,2015-04-08,0.21,0.0,0.0,737.0,0.21,0.21,0.21,10000123,2015-06-24,2015-06-24,C,2.85,2015-03-31
23226,2015-04-08 14:07:00,2015-04-08,0.21,0.0,0.0,737.0,0.21,0.21,0.21,10000123,2015-06-24,2015-06-24,C,2.85,2015-03-31
23227,2015-04-08 14:08:00,2015-04-08,0.21,0.0,0.0,737.0,0.21,0.21,0.21,10000123,2015-06-24,2015-06-24,C,2.85,2015-03-31
23228,2015-04-08 14:09:00,2015-04-08,0.21,0.0,0.0,737.0,0.21,0.21,0.21,10000123,2015-06-24,2015-06-24,C,2.85,2015-03-31
23229,2015-04-08 14:10:00,2015-04-08,0.21,0.0,0.0,737.0,0.21,0.21,0.21,10000123,2015-06-24,2015-06-24,C,2.85,2015-03-31
23230,2015-04-08 14:11:00,2015-04-08,0.221,11050.0,5.0,739.0,0.221,0.221,0.221,10000123,2015-06-24,2015-06-24,C,2.85,2015-03-31
23231,2015-04-08 14:12:00,2015-04-08,0.221,0.0,0.0,739.0,0.221,0.221,0.221,10000123,2015-06-24,2015-06-24,C,2.85,2015-03-31
23232,2015-04-08 14:13:00,2015-04-08,0.221,0.0,0.0,739.0,0.221,0.221,0.221,10000123,2015-06-24,2015-06-24,C,2.85,2015-03-31
23233,2015-04-08 14:14:00,2015-04-08,0.221,0.0,0.0,739.0,0.221,0.221,0.221,10000123,2015-06-24,2015-06-24,C,2.85,2015-03-31
23234,2015-04-08 14:15:00,2015-04-08,0.221,0.0,0.0,739.0,0.221,0.221,0.221,10000123,2015-06-24,2015-06-24,C,2.85,2015-03-31
23235,2015-04-08 14:16:00,2015-04-08,0.221,0.0,0.0,739.0,0.221,0.221,0.221,10000123,2015-06-24,2015-06-24,C,2.85,2015-03-31
23236,2015-04-08 14:17:00,2015-04-08,0.221,0.0,0.0,739.0,0.221,0.221,0.221,10000123,2015-06-24,2015-06-24,C,2.85,2015-03-31
23237,2015-04-08 14:18:00,2015-04-08,0.221,0.0,0.0,739.0,0.221,0.221,0.221,10000123,2015-06-24,2015-06-24,C,2.85,2015-03-31
23238,2015-04-08 14:19:00,2015-04-08,0.221,0.0,0.0,739.0,0.221,0.221,0.221,10000123,2015-06-24,2015-06-24,C,2.85,2015-03-31
23239,2015-04-08 14:20:00,2015-04-08,0.221,0.0,0.0,739.0,0.221,0.221,0.221,10000123,2015-06-24,2015-06-24,C,2.85,2015-03-31
23240,2015-04-08 14:21:00,2015-04-08,0.221,0.0,0.0,739.0,0.221,0.221,0.221,10000123,2015-06-24,2015-06-24,C,2.85,2015-03-31
23241,2015-04-08 14:22:00,2015-04-08,0.221,0.0,0.0,739.0,0.221,0.221,0.221,10000123,2015-06-24,2015-06-24,C,2.85,2015-03-31
23242,2015-04-08 14:23:00,2015-04-08,0.221,0.0,0.0,739.0,0.221,0.221,0.221,10000123,2015-06-24,2015-06-24,C,2.85,2015-03-31
23243,2015-04-08 14:24:00,2015-04-08,0.221,0.0,0.0,739.0,0.221,0.221,0.221,10000123,2015-06-24,2015-06-24,C,2.85,2015-03-31
23244,2015-04-08 14:25:00,2015-04-08,0.221,0.0,0.0,739.0,0.221,0.221,0.221,10000123,2015-06-24,2015-06-24,C,2.85,2015-03-31
23245,2015-04-08 14:26:00,2015-04-08,0.221,0.0,0.0,739.0,0.221,0.221,0.221,10000123,2015-06-24,2015-06-24,C,2.85,2015-03-31
23246,2015-04-08 14:27:00,2015-04-08,0.221,0.0,0.0,739.0,0.221,0.221,0.221,10000123,2015-06-24,2015-06-24,C,2.85,2015-03-31
23247,2015-04-08 14:28:00,2015-04-08,0.221,0.0,0.0,739.0,0.221,0.221,0.221,10000123,2015-06-24,2015-06-24,C,2.85,2015-03-31
23248,2015-04-08 14:29:00,2015-04-08,0.221,0.0,0.0,739.0,0.221,0.221,0.221,10000123,2015-06-24,2015-06-24,C,2.85,2015-03-31
23249,2015-04-08 14:30:00,2015-04-08,0.221,0.0,0.0,739.0,0.221,0.221,0.221,10000123,2015-06-24,2015-06-24,C,2.85,2015-03-31
23250,2015-04-08 14:31:00,2015-04-08,0.221,0.0,0.0,739.0,0.221,0.221,0.221,10000123,2015-06-24,2015-06-24,C,2.85,2015-03-31
23251,2015-04-08 14:32:00,2015-04-08,0.221,0.0,0.0,739.0,0.221,0.221,0.221,10000123,2015-06-24,2015-06-24,C,2.85,2015-03-31
23252,2015-04-08 14:33:00,2015-04-08,0.221,0.0,0.0,739.0,0.221,0.221,0.221,10000123,2015-06-24,2015-06-24,C,2.85,2015-03-31
23253,2015-04-08 14:34:00,2015-04-08,0.221,0.0,0.0,739.0,0.221,0.221,0.221,10000123,2015-06-24,2015-06-24,C,2.85,2015-03-31
23254,2015-04-08 14:35:00,2015-04-08,0.221,0.0,0.0,739.0,0.221,0.221,0.221,10000123,2015-06-24,2015-06-24,C,2.85,2015-03-31
23255,2015-04-08 14:36:00,2015-04-08,0.2176,2176.0,1.0,740.0,0.2176,0.2176,0.2176,10000123,2015-06-24,2015-06-24,C,2.85,2015-03-31
23256,2015-04-08 14:37:00,2015-04-08,0.2176,0.0,0.0,740.0,0.2176,0.2176,0.2176,10000123,2015-06-24,2015-06-24,C,2.85,2015-03-31
23257,2015-04-08 14:38:00,2015-04-08,0.2176,0.0,0.0,740.0,0.2176,0.2176,0.2176,10000123,2015-06-24,2015-06-24,C,2.85,2015-03-31
23258,2015-04-08 14:39:00,2015-04-08,0.2176,0.0,0.0,740.0,0.2176,0.2176,0.2176,10000123,2015-06-24,2015-06-24,C,2.85,2015-03-31
23259,2015-04-08 14:40:00,2015-04-08,0.2176,0.0,0.0,740.0,0.2176,0.2176,0.2176,10000123,2015-06-24,2015-06-24,C,2.85,2015-03-31
23260,2015-04-08 14:41:00,2015-04-08,0.2176,0.0,0.0,740.0,0.2176,0.2176,0.2176,10000123,2015-06-24,2015-06-24,C,2.85,2015-03-31
23261,2015-04-08 14:42:00,2015-04-08,0.2176,0.0,0.0,740.0,0.2176,0.2176,0.2176,10000123,2015-06-24,2015-06-24,C,2.85,2015-03-31
23262,2015-04-08 14:43:00,2015-04-08,0.2176,0.0,0.0,740.0,0.2176,0.2176,0.2176,10000123,2015-06-24,2015-06-24,C,2.85,2015-03-31
23263,2015-04-08 14:44:00,2015-04-08,0.2176,0.0,0.0,740.0,0.2176,0.2176,0.2176,10000123,2015-06-24,2015-06-24,C,2.85,2015-03-31
23264,2015-04-08 14:45:00,2015-04-08,0.2176,0.0,0.0,740.0,0.2176,0.2176,0.2176,10000123,2015-06-24,2015-06-24,C,2.85,2015-03-31
23265,2015-04-08 14:46:00,2015-04-08,0.2176,0.0,0.0,740.0,0.2176,0.2176,0.2176,10000123,2015-06-24,2015-06-24,C,2.85,2015-03-31
23266,2015-04-08 14:47:00,2015-04-08,0.2176,0.0,0.0,740.0,0.2176,0.2176,0.2176,10000123,2015-06-24,2015-06-24,C,2.85,2015-03-31
23267,2015-04-08 14:48:00,2015-04-08,0.2176,0.0,0.0,740.0,0.2176,0.2176,0.2176,10000123,2015-06-24,2015-06-24,C,2.85,2015-03-31
23268,2015-04-08 14:49:00,2015-04-08,0.2176,0.0,0.0,740.0,0.2176,0.2176,0.2176,10000123,2015-06-24,2015-06-24,C,2.85,2015-03-31
23269,2015-04-08 14:50:00,2015-04-08,0.2176,0.0,0.0,740.0,0.2176,0.2176,0.2176,10000123,2015-06-24,2015-06-24,C,2.85,2015-03-31
23270,2015-04-08 14:51:00,2015-04-08,0.2176,0.0,0.0,740.0,0.2176,0.2176,0.2176,10000123,2015-06-24,2015-06-24,C,2.85,2015-03-31
23271,2015-04-08 14:52:00,2015-04-08,0.2068,20660.0,10.0,735.0,0.2064,0.2068,0.2064,10000123,2015-06-24,2015-06-24,C,2.85,2015-03-31
23272,2015-04-08 14:53:00,2015-04-08,0.2079,10395.0,5.0,730.0,0.2079,0.2079,0.2079,10000123,2015-06-24,2015-06-24,C,2.85,2015-03-31
23273,2015-04-08 14:54:00,2015-04-08,0.2079,0.0,0.0,730.0,0.2079,0.2079,0.2079,10000123,2015-06-24,2015-06-24,C,2.85,2015-03-31
23274,2015-04-08 14:55:00,2015-04-08,0.2079,0.0,0.0,730.0,0.2079,0.2079,0.2079,10000123,2015-06-24,2015-06-24,C,2.85,2015-03-31
23275,2015-04-08 14:56:00,2015-04-08,0.2085,10425.0,5.0,725.0,0.2085,0.2085,0.2085,10000123,2015-06-24,2015-06-24,C,2.85,2015-03-31
23276,2015-04-08 14:57:00,2015-04-08,0.2085,0.0,0.0,725.0,0.2085,0.2085,0.2085,10000123,2015-06-24,2015-06-24,C,2.85,2015-03-31
23277,2015-04-08 14:58:00,2015-04-08,0.2085,0.0,0.0,725.0,0.2085,0.2085,0.2085,10000123,2015-06-24,2015-06-24,C,2.85,2015-03-31
23278,2015-04-08 14:59:00,2015-04-08,0.2085,0.0,0.0,725.0,0.2085,0.2085,0.2085,10000123,2015-06-24,2015-06-24,C,2.85,2015-03-31
23279,2015-04-08 15:00:00,2015-04-08,0.2085,0.0,0.0,725.0,0.2085,0.2085,0.2085,10000123,2015-06-24,2015-06-24,C,2.85,2015-03-31
23280,2015-04-08 09:31:00,2015-04-08,0.0149,5630.0,40.0,497.0,0.0145,0.014,0.0139,10000028,2015-06-24,2015-06-24,P,2.3,2015-02-09
23281,2015-04-08 09:32:00,2015-04-08,0.014,0.0,0.0,497.0,0.014,0.014,0.014,10000028,2015-06-24,2015-06-24,P,2.3,2015-02-09
23282,2015-04-08 09:33:00,2015-04-08,0.014,0.0,0.0,497.0,0.014,0.014,0.014,10000028,2015-06-24,2015-06-24,P,2.3,2015-02-09
23283,2015-04-08 09:34:00,2015-04-08,0.014,0.0,0.0,497.0,0.014,0.014,0.014,10000028,2015-06-24,2015-06-24,P,2.3,2015-02-09
23284,2015-04-08 09:35:00,2015-04-08,0.014,0.0,0.0,497.0,0.014,0.014,0.014,10000028,2015-06-24,2015-06-24,P,2.3,2015-02-09
23285,2015-04-08 09:36:00,2015-04-08,0.014,0.0,0.0,497.0,0.014,0.014,0.014,10000028,2015-06-24,2015-06-24,P,2.3,2015-02-09
23286,2015-04-08 09:37:00,2015-04-08,0.014,0.0,0.0,497.0,0.014,0.014,0.014,10000028,2015-06-24,2015-06-24,P,2.3,2015-02-09
23287,2015-04-08 09:38:00,2015-04-08,0.014,0.0,0.0,497.0,0.014,0.014,0.014,10000028,2015-06-24,2015-06-24,P,2.3,2015-02-09
23288,2015-04-08 09:39:00,2015-04-08,0.014,0.0,0.0,497.0,0.014,0.014,0.014,10000028,2015-06-24,2015-06-24,P,2.3,2015-02-09
23289,2015-04-08 09:40:00,2015-04-08,0.014,0.0,0.0,497.0,0.014,0.014,0.014,10000028,2015-06-24,2015-06-24,P,2.3,2015-02-09
23290,2015-04-08 09:41:00,2015-04-08,0.014,0.0,0.0,497.0,0.014,0.014,0.014,10000028,2015-06-24,2015-06-24,P,2.3,2015-02-09
23291,2015-04-08 09:42:00,2015-04-08,0.014,0.0,0.0,497.0,0.014,0.014,0.014,10000028,2015-06-24,2015-06-24,P,2.3,2015-02-09
23292,2015-04-08 09:43:00,2015-04-08,0.014,0.0,0.0,497.0,0.014,0.014,0.014,10000028,2015-06-24,2015-06-24,P,2.3,2015-02-09
23293,2015-04-08 09:44:00,2015-04-08,0.014,0.0,0.0,497.0,0.014,0.014,0.014,10000028,2015-06-24,2015-06-24,P,2.3,2015-02-09
23294,2015-04-08 09:45:00,2015-04-08,0.014,0.0,0.0,497.0,0.014,0.014,0.014,10000028,2015-06-24,2015-06-24,P,2.3,2015-02-09
23295,2015-04-08 09:46:00,2015-04-08,0.014,0.0,0.0,497.0,0.014,0.014,0.014,10000028,2015-06-24,2015-06-24,P,2.3,2015-02-09
23296,2015-04-08 09:47:00,2015-04-08,0.014,0.0,0.0,497.0,0.014,0.014,0.014,10000028,2015-06-24,2015-06-24,P,2.3,2015-02-09
23297,2015-04-08 09:48:00,2015-04-08,0.014,0.0,0.0,497.0,0.014,0.014,0.014,10000028,2015-06-24,2015-06-24,P,2.3,2015-02-09
23298,2015-04-08 09:49:00,2015-04-08,0.014,0.0,0.0,497.0,0.014,0.014,0.014,10000028,2015-06-24,2015-06-24,P,2.3,2015-02-09
23299,2015-04-08 09:50:00,2015-04-08,0.014,0.0,0.0,497.0,0.014,0.014,0.014,10000028,2015-06-24,2015-06-24,P,2.3,2015-02-09
23300,2015-04-08 09:51:00,2015-04-08,0.014,0.0,0.0,497.0,0.014,0.014,0.014,10000028,2015-06-24,2015-06-24,P,2.3,2015-02-09
23301,2015-04-08 09:52:00,2015-04-08,0.014,0.0,0.0,497.0,0.014,0.014,0.014,10000028,2015-06-24,2015-06-24,P,2.3,2015-02-09
23302,2015-04-08 09:53:00,2015-04-08,0.014,0.0,0.0,497.0,0.014,0.014,0.014,10000028,2015-06-24,2015-06-24,P,2.3,2015-02-09
23303,2015-04-08 09:54:00,2015-04-08,0.014,0.0,0.0,497.0,0.014,0.014,0.014,10000028,2015-06-24,2015-06-24,P,2.3,2015-02-09
23304,2015-04-08 09:55:00,2015-04-08,0.014,0.0,0.0,497.0,0.014,0.014,0.014,10000028,2015-06-24,2015-06-24,P,2.3,2015-02-09
23305,2015-04-08 09:56:00,2015-04-08,0.014,0.0,0.0,497.0,0.014,0.014,0.014,10000028,2015-06-24,2015-06-24,P,2.3,2015-02-09
23306,2015-04-08 09:57:00,2015-04-08,0.014,0.0,0.0,497.0,0.014,0.014,0.014,10000028,2015-06-24,2015-06-24,P,2.3,2015-02-09
23307,2015-04-08 09:58:00,2015-04-08,0.014,0.0,0.0,497.0,0.014,0.014,0.014,10000028,2015-06-24,2015-06-24,P,2.3,2015-02-09
23308,2015-04-08 09:59:00,2015-04-08,0.014,0.0,0.0,497.0,0.014,0.014,0.014,10000028,2015-06-24,2015-06-24,P,2.3,2015-02-09
23309,2015-04-08 10:00:00,2015-04-08,0.014,0.0,0.0,497.0,0.014,0.014,0.014,10000028,2015-06-24,2015-06-24,P,2.3,2015-02-09
23310,2015-04-08 10:01:00,2015-04-08,0.014,0.0,0.0,497.0,0.014,0.014,0.014,10000028,2015-06-24,2015-06-24,P,2.3,2015-02-09
23311,2015-04-08 10:02:00,2015-04-08,0.014,0.0,0.0,497.0,0.014,0.014,0.014,10000028,2015-06-24,2015-06-24,P,2.3,2015-02-09
23312,2015-04-08 10:03:00,2015-04-08,0.014,0.0,0.0,497.0,0.014,0.014,0.014,10000028,2015-06-24,2015-06-24,P,2.3,2015-02-09
23313,2015-04-08 10:04:00,2015-04-08,0.014,0.0,0.0,497.0,0.014,0.014,0.014,10000028,2015-06-24,2015-06-24,P,2.3,2015-02-09
23314,2015-04-08 10:05:00,2015-04-08,0.014,0.0,0.0,497.0,0.014,0.014,0.014,10000028,2015-06-24,2015-06-24,P,2.3,2015-02-09
23315,2015-04-08 10:06:00,2015-04-08,0.014,0.0,0.0,497.0,0.014,0.014,0.014,10000028,2015-06-24,2015-06-24,P,2.3,2015-02-09
23316,2015-04-08 10:07:00,2015-04-08,0.014,0.0,0.0,497.0,0.014,0.014,0.014,10000028,2015-06-24,2015-06-24,P,2.3,2015-02-09
23317,2015-04-08 10:08:00,2015-04-08,0.014,0.0,0.0,497.0,0.014,0.014,0.014,10000028,2015-06-24,2015-06-24,P,2.3,2015-02-09
23318,2015-04-08 10:09:00,2015-04-08,0.014,0.0,0.0,497.0,0.014,0.014,0.014,10000028,2015-06-24,2015-06-24,P,2.3,2015-02-09
23319,2015-04-08 10:10:00,2015-04-08,0.014,0.0,0.0,497.0,0.014,0.014,0.014,10000028,2015-06-24,2015-06-24,P,2.3,2015-02-09
23320,2015-04-08 10:11:00,2015-04-08,0.014,0.0,0.0,497.0,0.014,0.014,0.014,10000028,2015-06-24,2015-06-24,P,2.3,2015-02-09
23321,2015-04-08 10:12:00,2015-04-08,0.014,0.0,0.0,497.0,0.014,0.014,0.014,10000028,2015-06-24,2015-06-24,P,2.3,2015-02-09
23322,2015-04-08 10:13:00,2015-04-08,0.014,0.0,0.0,497.0,0.014,0.014,0.014,10000028,2015-06-24,2015-06-24,P,2.3,2015-02-09
23323,2015-04-08 10:14:00,2015-04-08,0.014,0.0,0.0,497.0,0.014,0.014,0.014,10000028,2015-06-24,2015-06-24,P,2.3,2015-02-09
23324,2015-04-08 10:15:00,2015-04-08,0.014,0.0,0.0,497.0,0.014,0.014,0.014,10000028,2015-06-24,2015-06-24,P,2.3,2015-02-09
23325,2015-04-08 10:16:00,2015-04-08,0.014,0.0,0.0,497.0,0.014,0.014,0.014,10000028,2015-06-24,2015-06-24,P,2.3,2015-02-09
23326,2015-04-08 10:17:00,2015-04-08,0.014,0.0,0.0,497.0,0.014,0.014,0.014,10000028,2015-06-24,2015-06-24,P,2.3,2015-02-09
23327,2015-04-08 10:18:00,2015-04-08,0.014,0.0,0.0,497.0,0.014,0.014,0.014,10000028,2015-06-24,2015-06-24,P,2.3,2015-02-09
23328,2015-04-08 10:19:00,2015-04-08,0.014,0.0,0.0,497.0,0.014,0.014,0.014,10000028,2015-06-24,2015-06-24,P,2.3,2015-02-09
23329,2015-04-08 10:20:00,2015-04-08,0.014,0.0,0.0,497.0,0.014,0.014,0.014,10000028,2015-06-24,2015-06-24,P,2.3,2015-02-09
23330,2015-04-08 10:21:00,2015-04-08,0.014,0.0,0.0,497.0,0.014,0.014,0.014,10000028,2015-06-24,2015-06-24,P,2.3,2015-02-09
23331,2015-04-08 10:22:00,2015-04-08,0.014,0.0,0.0,497.0,0.014,0.014,0.014,10000028,2015-06-24,2015-06-24,P,2.3,2015-02-09
23332,2015-04-08 10:23:00,2015-04-08,0.014,0.0,0.0,497.0,0.014,0.014,0.014,10000028,2015-06-24,2015-06-24,P,2.3,2015-02-09
23333,2015-04-08 10:24:00,2015-04-08,0.014,0.0,0.0,497.0,0.014,0.014,0.014,10000028,2015-06-24,2015-06-24,P,2.3,2015-02-09
23334,2015-04-08 10:25:00,2015-04-08,0.014,0.0,0.0,497.0,0.014,0.014,0.014,10000028,2015-06-24,2015-06-24,P,2.3,2015-02-09
23335,2015-04-08 10:26:00,2015-04-08,0.014,0.0,0.0,497.0,0.014,0.014,0.014,10000028,2015-06-24,2015-06-24,P,2.3,2015-02-09
23336,2015-04-08 10:27:00,2015-04-08,0.014,0.0,0.0,497.0,0.014,0.014,0.014,10000028,2015-06-24,2015-06-24,P,2.3,2015-02-09
23337,2015-04-08 10:28:00,2015-04-08,0.014,0.0,0.0,497.0,0.014,0.014,0.014,10000028,2015-06-24,2015-06-24,P,2.3,2015-02-09
23338,2015-04-08 10:29:00,2015-04-08,0.014,0.0,0.0,497.0,0.014,0.014,0.014,10000028,2015-06-24,2015-06-24,P,2.3,2015-02-09
23339,2015-04-08 10:30:00,2015-04-08,0.014,0.0,0.0,497.0,0.014,0.014,0.014,10000028,2015-06-24,2015-06-24,P,2.3,2015-02-09
23340,2015-04-08 10:31:00,2015-04-08,0.014,0.0,0.0,497.0,0.014,0.014,0.014,10000028,2015-06-24,2015-06-24,P,2.3,2015-02-09
23341,2015-04-08 10:32:00,2015-04-08,0.014,0.0,0.0,497.0,0.014,0.014,0.014,10000028,2015-06-24,2015-06-24,P,2.3,2015-02-09
23342,2015-04-08 10:33:00,2015-04-08,0.014,0.0,0.0,497.0,0.014,0.014,0.014,10000028,2015-06-24,2015-06-24,P,2.3,2015-02-09
23343,2015-04-08 10:34:00,2015-04-08,0.014,0.0,0.0,497.0,0.014,0.014,0.014,10000028,2015-06-24,2015-06-24,P,2.3,2015-02-09
23344,2015-04-08 10:35:00,2015-04-08,0.014,0.0,0.0,497.0,0.014,0.014,0.014,10000028,2015-06-24,2015-06-24,P,2.3,2015-02-09
23345,2015-04-08 10:36:00,2015-04-08,0.014,0.0,0.0,497.0,0.014,0.014,0.014,10000028,2015-06-24,2015-06-24,P,2.3,2015-02-09
23346,2015-04-08 10:37:00,2015-04-08,0.014,0.0,0.0,497.0,0.014,0.014,0.014,10000028,2015-06-24,2015-06-24,P,2.3,2015-02-09
23347,2015-04-08 10:38:00,2015-04-08,0.014,0.0,0.0,497.0,0.014,0.014,0.014,10000028,2015-06-24,2015-06-24,P,2.3,2015-02-09
23348,2015-04-08 10:39:00,2015-04-08,0.014,0.0,0.0,497.0,0.014,0.014,0.014,10000028,2015-06-24,2015-06-24,P,2.3,2015-02-09
23349,2015-04-08 10:40:00,2015-04-08,0.014,0.0,0.0,497.0,0.014,0.014,0.014,10000028,2015-06-24,2015-06-24,P,2.3,2015-02-09
23350,2015-04-08 10:41:00,2015-04-08,0.014,0.0,0.0,497.0,0.014,0.014,0.014,10000028,2015-06-24,2015-06-24,P,2.3,2015-02-09
23351,2015-04-08 10:42:00,2015-04-08,0.014,0.0,0.0,497.0,0.014,0.014,0.014,10000028,2015-06-24,2015-06-24,P,2.3,2015-02-09
23352,2015-04-08 10:43:00,2015-04-08,0.014,0.0,0.0,497.0,0.014,0.014,0.014,10000028,2015-06-24,2015-06-24,P,2.3,2015-02-09
23353,2015-04-08 10:44:00,2015-04-08,0.014,0.0,0.0,497.0,0.014,0.014,0.014,10000028,2015-06-24,2015-06-24,P,2.3,2015-02-09
23354,2015-04-08 10:45:00,2015-04-08,0.014,0.0,0.0,497.0,0.014,0.014,0.014,10000028,2015-06-24,2015-06-24,P,2.3,2015-02-09
23355,2015-04-08 10:46:00,2015-04-08,0.014,0.0,0.0,497.0,0.014,0.014,0.014,10000028,2015-06-24,2015-06-24,P,2.3,2015-02-09
23356,2015-04-08 10:47:00,2015-04-08,0.014,0.0,0.0,497.0,0.014,0.014,0.014,10000028,2015-06-24,2015-06-24,P,2.3,2015-02-09
23357,2015-04-08 10:48:00,2015-04-08,0.014,0.0,0.0,497.0,0.014,0.014,0.014,10000028,2015-06-24,2015-06-24,P,2.3,2015-02-09
23358,2015-04-08 10:49:00,2015-04-08,0.014,0.0,0.0,497.0,0.014,0.014,0.014,10000028,2015-06-24,2015-06-24,P,2.3,2015-02-09
23359,2015-04-08 10:50:00,2015-04-08,0.014,0.0,0.0,497.0,0.014,0.014,0.014,10000028,2015-06-24,2015-06-24,P,2.3,2015-02-09
23360,2015-04-08 10:51:00,2015-04-08,0.014,0.0,0.0,497.0,0.014,0.014,0.014,10000028,2015-06-24,2015-06-24,P,2.3,2015-02-09
23361,2015-04-08 10:52:00,2015-04-08,0.014,0.0,0.0,497.0,0.014,0.014,0.014,10000028,2015-06-24,2015-06-24,P,2.3,2015-02-09
23362,2015-04-08 10:53:00,2015-04-08,0.014,0.0,0.0,497.0,0.014,0.014,0.014,10000028,2015-06-24,2015-06-24,P,2.3,2015-02-09
23363,2015-04-08 10:54:00,2015-04-08,0.014,0.0,0.0,497.0,0.014,0.014,0.014,10000028,2015-06-24,2015-06-24,P,2.3,2015-02-09
23364,2015-04-08 10:55:00,2015-04-08,0.014,0.0,0.0,497.0,0.014,0.014,0.014,10000028,2015-06-24,2015-06-24,P,2.3,2015-02-09
23365,2015-04-08 10:56:00,2015-04-08,0.014,0.0,0.0,497.0,0.014,0.014,0.014,10000028,2015-06-24,2015-06-24,P,2.3,2015-02-09
23366,2015-04-08 10:57:00,2015-04-08,0.014,0.0,0.0,497.0,0.014,0.014,0.014,10000028,2015-06-24,2015-06-24,P,2.3,2015-02-09
23367,2015-04-08 10:58:00,2015-04-08,0.014,0.0,0.0,497.0,0.014,0.014,0.014,10000028,2015-06-24,2015-06-24,P,2.3,2015-02-09
23368,2015-04-08 10:59:00,2015-04-08,0.014,0.0,0.0,497.0,0.014,0.014,0.014,10000028,2015-06-24,2015-06-24,P,2.3,2015-02-09
23369,2015-04-08 11:00:00,2015-04-08,0.014,0.0,0.0,497.0,0.014,0.014,0.014,10000028,2015-06-24,2015-06-24,P,2.3,2015-02-09
23370,2015-04-08 11:01:00,2015-04-08,0.014,0.0,0.0,497.0,0.014,0.014,0.014,10000028,2015-06-24,2015-06-24,P,2.3,2015-02-09
23371,2015-04-08 11:02:00,2015-04-08,0.014,0.0,0.0,497.0,0.014,0.014,0.014,10000028,2015-06-24,2015-06-24,P,2.3,2015-02-09
23372,2015-04-08 11:03:00,2015-04-08,0.014,0.0,0.0,497.0,0.014,0.014,0.014,10000028,2015-06-24,2015-06-24,P,2.3,2015-02-09
23373,2015-04-08 11:04:00,2015-04-08,0.014,0.0,0.0,497.0,0.014,0.014,0.014,10000028,2015-06-24,2015-06-24,P,2.3,2015-02-09
23374,2015-04-08 11:05:00,2015-04-08,0.014,0.0,0.0,497.0,0.014,0.014,0.014,10000028,2015-06-24,2015-06-24,P,2.3,2015-02-09
23375,2015-04-08 11:06:00,2015-04-08,0.014,0.0,0.0,497.0,0.014,0.014,0.014,10000028,2015-06-24,2015-06-24,P,2.3,2015-02-09
23376,2015-04-08 11:07:00,2015-04-08,0.014,0.0,0.0,497.0,0.014,0.014,0.014,10000028,2015-06-24,2015-06-24,P,2.3,2015-02-09
23377,2015-04-08 11:08:00,2015-04-08,0.014,0.0,0.0,497.0,0.014,0.014,0.014,10000028,2015-06-24,2015-06-24,P,2.3,2015-02-09
23378,2015-04-08 11:09:00,2015-04-08,0.014,0.0,0.0,497.0,0.014,0.014,0.014,10000028,2015-06-24,2015-06-24,P,2.3,2015-02-09
23379,2015-04-08 11:10:00,2015-04-08,0.014,0.0,0.0,497.0,0.014,0.014,0.014,10000028,2015-06-24,2015-06-24,P,2.3,2015-02-09
23380,2015-04-08 11:11:00,2015-04-08,0.014,0.0,0.0,497.0,0.014,0.014,0.014,10000028,2015-06-24,2015-06-24,P,2.3,2015-02-09
23381,2015-04-08 11:12:00,2015-04-08,0.014,0.0,0.0,497.0,0.014,0.014,0.014,10000028,2015-06-24,2015-06-24,P,2.3,2015-02-09
23382,2015-04-08 11:13:00,2015-04-08,0.014,0.0,0.0,497.0,0.014,0.014,0.014,10000028,2015-06-24,2015-06-24,P,2.3,2015-02-09
23383,2015-04-08 11:14:00,2015-04-08,0.014,0.0,0.0,497.0,0.014,0.014,0.014,10000028,2015-06-24,2015-06-24,P,2.3,2015-02-09
23384,2015-04-08 11:15:00,2015-04-08,0.014,0.0,0.0,497.0,0.014,0.014,0.014,10000028,2015-06-24,2015-06-24,P,2.3,2015-02-09
23385,2015-04-08 11:16:00,2015-04-08,0.014,0.0,0.0,497.0,0.014,0.014,0.014,10000028,2015-06-24,2015-06-24,P,2.3,2015-02-09
23386,2015-04-08 11:17:00,2015-04-08,0.014,0.0,0.0,497.0,0.014,0.014,0.014,10000028,2015-06-24,2015-06-24,P,2.3,2015-02-09
23387,2015-04-08 11:18:00,2015-04-08,0.014,0.0,0.0,497.0,0.014,0.014,0.014,10000028,2015-06-24,2015-06-24,P,2.3,2015-02-09
23388,2015-04-08 11:19:00,2015-04-08,0.014,0.0,0.0,497.0,0.014,0.014,0.014,10000028,2015-06-24,2015-06-24,P,2.3,2015-02-09
23389,2015-04-08 11:20:00,2015-04-08,0.014,0.0,0.0,497.0,0.014,0.014,0.014,10000028,2015-06-24,2015-06-24,P,2.3,2015-02-09
23390,2015-04-08 11:21:00,2015-04-08,0.014,0.0,0.0,497.0,0.014,0.014,0.014,10000028,2015-06-24,2015-06-24,P,2.3,2015-02-09
23391,2015-04-08 11:22:00,2015-04-08,0.014,0.0,0.0,497.0,0.014,0.014,0.014,10000028,2015-06-24,2015-06-24,P,2.3,2015-02-09
23392,2015-04-08 11:23:00,2015-04-08,0.014,0.0,0.0,497.0,0.014,0.014,0.014,10000028,2015-06-24,2015-06-24,P,2.3,2015-02-09
23393,2015-04-08 11:24:00,2015-04-08,0.014,0.0,0.0,497.0,0.014,0.014,0.014,10000028,2015-06-24,2015-06-24,P,2.3,2015-02-09
23394,2015-04-08 11:25:00,2015-04-08,0.014,0.0,0.0,497.0,0.014,0.014,0.014,10000028,2015-06-24,2015-06-24,P,2.3,2015-02-09
23395,2015-04-08 11:26:00,2015-04-08,0.014,0.0,0.0,497.0,0.014,0.014,0.014,10000028,2015-06-24,2015-06-24,P,2.3,2015-02-09
23396,2015-04-08 11:27:00,2015-04-08,0.014,0.0,0.0,497.0,0.014,0.014,0.014,10000028,2015-06-24,2015-06-24,P,2.3,2015-02-09
23397,2015-04-08 11:28:00,2015-04-08,0.014,0.0,0.0,497.0,0.014,0.014,0.014,10000028,2015-06-24,2015-06-24,P,2.3,2015-02-09
23398,2015-04-08 11:29:00,2015-04-08,0.014,0.0,0.0,497.0,0.014,0.014,0.014,10000028,2015-06-24,2015-06-24,P,2.3,2015-02-09
23399,2015-04-08 11:30:00,2015-04-08,0.0134,670.0,5.0,502.0,0.0134,0.0134,0.0134,10000028,2015-06-24,2015-06-24,P,2.3,2015-02-09
23400,2015-04-08 13:01:00,2015-04-08,0.0134,0.0,0.0,502.0,0.0134,0.0134,0.0134,10000028,2015-06-24,2015-06-24,P,2.3,2015-02-09
23401,2015-04-08 13:02:00,2015-04-08,0.0134,0.0,0.0,502.0,0.0134,0.0134,0.0134,10000028,2015-06-24,2015-06-24,P,2.3,2015-02-09
23402,2015-04-08 13:03:00,2015-04-08,0.0134,0.0,0.0,502.0,0.0134,0.0134,0.0134,10000028,2015-06-24,2015-06-24,P,2.3,2015-02-09
23403,2015-04-08 13:04:00,2015-04-08,0.0134,0.0,0.0,502.0,0.0134,0.0134,0.0134,10000028,2015-06-24,2015-06-24,P,2.3,2015-02-09
23404,2015-04-08 13:05:00,2015-04-08,0.0134,0.0,0.0,502.0,0.0134,0.0134,0.0134,10000028,2015-06-24,2015-06-24,P,2.3,2015-02-09
23405,2015-04-08 13:06:00,2015-04-08,0.0134,0.0,0.0,502.0,0.0134,0.0134,0.0134,10000028,2015-06-24,2015-06-24,P,2.3,2015-02-09
23406,2015-04-08 13:07:00,2015-04-08,0.0134,0.0,0.0,502.0,0.0134,0.0134,0.0134,10000028,2015-06-24,2015-06-24,P,2.3,2015-02-09
23407,2015-04-08 13:08:00,2015-04-08,0.0134,0.0,0.0,502.0,0.0134,0.0134,0.0134,10000028,2015-06-24,2015-06-24,P,2.3,2015-02-09
23408,2015-04-08 13:09:00,2015-04-08,0.0134,0.0,0.0,502.0,0.0134,0.0134,0.0134,10000028,2015-06-24,2015-06-24,P,2.3,2015-02-09
23409,2015-04-08 13:10:00,2015-04-08,0.0134,0.0,0.0,502.0,0.0134,0.0134,0.0134,10000028,2015-06-24,2015-06-24,P,2.3,2015-02-09
23410,2015-04-08 13:11:00,2015-04-08,0.0134,0.0,0.0,502.0,0.0134,0.0134,0.0134,10000028,2015-06-24,2015-06-24,P,2.3,2015-02-09
23411,2015-04-08 13:12:00,2015-04-08,0.0134,0.0,0.0,502.0,0.0134,0.0134,0.0134,10000028,2015-06-24,2015-06-24,P,2.3,2015-02-09
23412,2015-04-08 13:13:00,2015-04-08,0.0134,0.0,0.0,502.0,0.0134,0.0134,0.0134,10000028,2015-06-24,2015-06-24,P,2.3,2015-02-09
23413,2015-04-08 13:14:00,2015-04-08,0.0134,0.0,0.0,502.0,0.0134,0.0134,0.0134,10000028,2015-06-24,2015-06-24,P,2.3,2015-02-09
23414,2015-04-08 13:15:00,2015-04-08,0.0134,0.0,0.0,502.0,0.0134,0.0134,0.0134,10000028,2015-06-24,2015-06-24,P,2.3,2015-02-09
23415,2015-04-08 13:16:00,2015-04-08,0.0134,0.0,0.0,502.0,0.0134,0.0134,0.0134,10000028,2015-06-24,2015-06-24,P,2.3,2015-02-09
23416,2015-04-08 13:17:00,2015-04-08,0.0134,0.0,0.0,502.0,0.0134,0.0134,0.0134,10000028,2015-06-24,2015-06-24,P,2.3,2015-02-09
23417,2015-04-08 13:18:00,2015-04-08,0.0134,0.0,0.0,502.0,0.0134,0.0134,0.0134,10000028,2015-06-24,2015-06-24,P,2.3,2015-02-09
23418,2015-04-08 13:19:00,2015-04-08,0.0134,0.0,0.0,502.0,0.0134,0.0134,0.0134,10000028,2015-06-24,2015-06-24,P,2.3,2015-02-09
23419,2015-04-08 13:20:00,2015-04-08,0.0134,0.0,0.0,502.0,0.0134,0.0134,0.0134,10000028,2015-06-24,2015-06-24,P,2.3,2015-02-09
23420,2015-04-08 13:21:00,2015-04-08,0.0134,0.0,0.0,502.0,0.0134,0.0134,0.0134,10000028,2015-06-24,2015-06-24,P,2.3,2015-02-09
23421,2015-04-08 13:22:00,2015-04-08,0.0134,0.0,0.0,502.0,0.0134,0.0134,0.0134,10000028,2015-06-24,2015-06-24,P,2.3,2015-02-09
23422,2015-04-08 13:23:00,2015-04-08,0.0134,0.0,0.0,502.0,0.0134,0.0134,0.0134,10000028,2015-06-24,2015-06-24,P,2.3,2015-02-09
23423,2015-04-08 13:24:00,2015-04-08,0.0134,0.0,0.0,502.0,0.0134,0.0134,0.0134,10000028,2015-06-24,2015-06-24,P,2.3,2015-02-09
23424,2015-04-08 13:25:00,2015-04-08,0.0134,0.0,0.0,502.0,0.0134,0.0134,0.0134,10000028,2015-06-24,2015-06-24,P,2.3,2015-02-09
23425,2015-04-08 13:26:00,2015-04-08,0.0134,0.0,0.0,502.0,0.0134,0.0134,0.0134,10000028,2015-06-24,2015-06-24,P,2.3,2015-02-09
23426,2015-04-08 13:27:00,2015-04-08,0.0134,0.0,0.0,502.0,0.0134,0.0134,0.0134,10000028,2015-06-24,2015-06-24,P,2.3,2015-02-09
23427,2015-04-08 13:28:00,2015-04-08,0.0134,0.0,0.0,502.0,0.0134,0.0134,0.0134,10000028,2015-06-24,2015-06-24,P,2.3,2015-02-09
23428,2015-04-08 13:29:00,2015-04-08,0.0134,0.0,0.0,502.0,0.0134,0.0134,0.0134,10000028,2015-06-24,2015-06-24,P,2.3,2015-02-09
23429,2015-04-08 13:30:00,2015-04-08,0.0134,0.0,0.0,502.0,0.0134,0.0134,0.0134,10000028,2015-06-24,2015-06-24,P,2.3,2015-02-09
23430,2015-04-08 13:31:00,2015-04-08,0.0134,0.0,0.0,502.0,0.0134,0.0134,0.0134,10000028,2015-06-24,2015-06-24,P,2.3,2015-02-09
23431,2015-04-08 13:32:00,2015-04-08,0.0134,0.0,0.0,502.0,0.0134,0.0134,0.0134,10000028,2015-06-24,2015-06-24,P,2.3,2015-02-09
23432,2015-04-08 13:33:00,2015-04-08,0.0134,0.0,0.0,502.0,0.0134,0.0134,0.0134,10000028,2015-06-24,2015-06-24,P,2.3,2015-02-09
23433,2015-04-08 13:34:00,2015-04-08,0.0134,0.0,0.0,502.0,0.0134,0.0134,0.0134,10000028,2015-06-24,2015-06-24,P,2.3,2015-02-09
23434,2015-04-08 13:35:00,2015-04-08,0.0134,0.0,0.0,502.0,0.0134,0.0134,0.0134,10000028,2015-06-24,2015-06-24,P,2.3,2015-02-09
23435,2015-04-08 13:36:00,2015-04-08,0.0134,0.0,0.0,502.0,0.0134,0.0134,0.0134,10000028,2015-06-24,2015-06-24,P,2.3,2015-02-09
23436,2015-04-08 13:37:00,2015-04-08,0.0134,0.0,0.0,502.0,0.0134,0.0134,0.0134,10000028,2015-06-24,2015-06-24,P,2.3,2015-02-09
23437,2015-04-08 13:38:00,2015-04-08,0.0134,0.0,0.0,502.0,0.0134,0.0134,0.0134,10000028,2015-06-24,2015-06-24,P,2.3,2015-02-09
23438,2015-04-08 13:39:00,2015-04-08,0.0134,0.0,0.0,502.0,0.0134,0.0134,0.0134,10000028,2015-06-24,2015-06-24,P,2.3,2015-02-09
23439,2015-04-08 13:40:00,2015-04-08,0.0134,0.0,0.0,502.0,0.0134,0.0134,0.0134,10000028,2015-06-24,2015-06-24,P,2.3,2015-02-09
23440,2015-04-08 13:41:00,2015-04-08,0.0134,0.0,0.0,502.0,0.0134,0.0134,0.0134,10000028,2015-06-24,2015-06-24,P,2.3,2015-02-09
23441,2015-04-08 13:42:00,2015-04-08,0.0134,0.0,0.0,502.0,0.0134,0.0134,0.0134,10000028,2015-06-24,2015-06-24,P,2.3,2015-02-09
23442,2015-04-08 13:43:00,2015-04-08,0.0134,0.0,0.0,502.0,0.0134,0.0134,0.0134,10000028,2015-06-24,2015-06-24,P,2.3,2015-02-09
23443,2015-04-08 13:44:00,2015-04-08,0.0134,0.0,0.0,502.0,0.0134,0.0134,0.0134,10000028,2015-06-24,2015-06-24,P,2.3,2015-02-09
23444,2015-04-08 13:45:00,2015-04-08,0.0134,0.0,0.0,502.0,0.0134,0.0134,0.0134,10000028,2015-06-24,2015-06-24,P,2.3,2015-02-09
23445,2015-04-08 13:46:00,2015-04-08,0.0134,0.0,0.0,502.0,0.0134,0.0134,0.0134,10000028,2015-06-24,2015-06-24,P,2.3,2015-02-09
23446,2015-04-08 13:47:00,2015-04-08,0.0134,0.0,0.0,502.0,0.0134,0.0134,0.0134,10000028,2015-06-24,2015-06-24,P,2.3,2015-02-09
23447,2015-04-08 13:48:00,2015-04-08,0.0134,0.0,0.0,502.0,0.0134,0.0134,0.0134,10000028,2015-06-24,2015-06-24,P,2.3,2015-02-09
23448,2015-04-08 13:49:00,2015-04-08,0.0134,0.0,0.0,502.0,0.0134,0.0134,0.0134,10000028,2015-06-24,2015-06-24,P,2.3,2015-02-09
23449,2015-04-08 13:50:00,2015-04-08,0.0134,0.0,0.0,502.0,0.0134,0.0134,0.0134,10000028,2015-06-24,2015-06-24,P,2.3,2015-02-09
23450,2015-04-08 13:51:00,2015-04-08,0.0134,0.0,0.0,502.0,0.0134,0.0134,0.0134,10000028,2015-06-24,2015-06-24,P,2.3,2015-02-09
23451,2015-04-08 13:52:00,2015-04-08,0.0134,0.0,0.0,502.0,0.0134,0.0134,0.0134,10000028,2015-06-24,2015-06-24,P,2.3,2015-02-09
23452,2015-04-08 13:53:00,2015-04-08,0.0134,0.0,0.0,502.0,0.0134,0.0134,0.0134,10000028,2015-06-24,2015-06-24,P,2.3,2015-02-09
23453,2015-04-08 13:54:00,2015-04-08,0.0134,0.0,0.0,502.0,0.0134,0.0134,0.0134,10000028,2015-06-24,2015-06-24,P,2.3,2015-02-09
23454,2015-04-08 13:55:00,2015-04-08,0.0134,0.0,0.0,502.0,0.0134,0.0134,0.0134,10000028,2015-06-24,2015-06-24,P,2.3,2015-02-09
23455,2015-04-08 13:56:00,2015-04-08,0.0134,0.0,0.0,502.0,0.0134,0.0134,0.0134,10000028,2015-06-24,2015-06-24,P,2.3,2015-02-09
23456,2015-04-08 13:57:00,2015-04-08,0.0134,0.0,0.0,502.0,0.0134,0.0134,0.0134,10000028,2015-06-24,2015-06-24,P,2.3,2015-02-09
23457,2015-04-08 13:58:00,2015-04-08,0.0134,0.0,0.0,502.0,0.0134,0.0134,0.0134,10000028,2015-06-24,2015-06-24,P,2.3,2015-02-09
23458,2015-04-08 13:59:00,2015-04-08,0.0134,0.0,0.0,502.0,0.0134,0.0134,0.0134,10000028,2015-06-24,2015-06-24,P,2.3,2015-02-09
23459,2015-04-08 14:00:00,2015-04-08,0.0134,0.0,0.0,502.0,0.0134,0.0134,0.0134,10000028,2015-06-24,2015-06-24,P,2.3,2015-02-09
23460,2015-04-08 14:01:00,2015-04-08,0.0134,0.0,0.0,502.0,0.0134,0.0134,0.0134,10000028,2015-06-24,2015-06-24,P,2.3,2015-02-09
23461,2015-04-08 14:02:00,2015-04-08,0.0134,0.0,0.0,502.0,0.0134,0.0134,0.0134,10000028,2015-06-24,2015-06-24,P,2.3,2015-02-09
23462,2015-04-08 14:03:00,2015-04-08,0.0134,0.0,0.0,502.0,0.0134,0.0134,0.0134,10000028,2015-06-24,2015-06-24,P,2.3,2015-02-09
23463,2015-04-08 14:04:00,2015-04-08,0.0134,0.0,0.0,502.0,0.0134,0.0134,0.0134,10000028,2015-06-24,2015-06-24,P,2.3,2015-02-09
23464,2015-04-08 14:05:00,2015-04-08,0.0134,0.0,0.0,502.0,0.0134,0.0134,0.0134,10000028,2015-06-24,2015-06-24,P,2.3,2015-02-09
23465,2015-04-08 14:06:00,2015-04-08,0.0134,0.0,0.0,502.0,0.0134,0.0134,0.0134,10000028,2015-06-24,2015-06-24,P,2.3,2015-02-09
23466,2015-04-08 14:07:00,2015-04-08,0.0134,0.0,0.0,502.0,0.0134,0.0134,0.0134,10000028,2015-06-24,2015-06-24,P,2.3,2015-02-09
23467,2015-04-08 14:08:00,2015-04-08,0.0134,0.0,0.0,502.0,0.0134,0.0134,0.0134,10000028,2015-06-24,2015-06-24,P,2.3,2015-02-09
23468,2015-04-08 14:09:00,2015-04-08,0.0134,0.0,0.0,502.0,0.0134,0.0134,0.0134,10000028,2015-06-24,2015-06-24,P,2.3,2015-02-09
23469,2015-04-08 14:10:00,2015-04-08,0.0134,0.0,0.0,502.0,0.0134,0.0134,0.0134,10000028,2015-06-24,2015-06-24,P,2.3,2015-02-09
23470,2015-04-08 14:11:00,2015-04-08,0.0134,0.0,0.0,502.0,0.0134,0.0134,0.0134,10000028,2015-06-24,2015-06-24,P,2.3,2015-02-09
23471,2015-04-08 14:12:00,2015-04-08,0.0134,0.0,0.0,502.0,0.0134,0.0134,0.0134,10000028,2015-06-24,2015-06-24,P,2.3,2015-02-09
23472,2015-04-08 14:13:00,2015-04-08,0.0134,0.0,0.0,502.0,0.0134,0.0134,0.0134,10000028,2015-06-24,2015-06-24,P,2.3,2015-02-09
23473,2015-04-08 14:14:00,2015-04-08,0.0134,0.0,0.0,502.0,0.0134,0.0134,0.0134,10000028,2015-06-24,2015-06-24,P,2.3,2015-02-09
23474,2015-04-08 14:15:00,2015-04-08,0.0134,0.0,0.0,502.0,0.0134,0.0134,0.0134,10000028,2015-06-24,2015-06-24,P,2.3,2015-02-09
23475,2015-04-08 14:16:00,2015-04-08,0.0134,0.0,0.0,502.0,0.0134,0.0134,0.0134,10000028,2015-06-24,2015-06-24,P,2.3,2015-02-09
23476,2015-04-08 14:17:00,2015-04-08,0.0134,0.0,0.0,502.0,0.0134,0.0134,0.0134,10000028,2015-06-24,2015-06-24,P,2.3,2015-02-09
23477,2015-04-08 14:18:00,2015-04-08,0.0134,0.0,0.0,502.0,0.0134,0.0134,0.0134,10000028,2015-06-24,2015-06-24,P,2.3,2015-02-09
23478,2015-04-08 14:19:00,2015-04-08,0.0134,0.0,0.0,502.0,0.0134,0.0134,0.0134,10000028,2015-06-24,2015-06-24,P,2.3,2015-02-09
23479,2015-04-08 14:20:00,2015-04-08,0.0134,0.0,0.0,502.0,0.0134,0.0134,0.0134,10000028,2015-06-24,2015-06-24,P,2.3,2015-02-09
23480,2015-04-08 14:21:00,2015-04-08,0.0134,0.0,0.0,502.0,0.0134,0.0134,0.0134,10000028,2015-06-24,2015-06-24,P,2.3,2015-02-09
23481,2015-04-08 14:22:00,2015-04-08,0.0134,0.0,0.0,502.0,0.0134,0.0134,0.0134,10000028,2015-06-24,2015-06-24,P,2.3,2015-02-09
23482,2015-04-08 14:23:00,2015-04-08,0.0134,0.0,0.0,502.0,0.0134,0.0134,0.0134,10000028,2015-06-24,2015-06-24,P,2.3,2015-02-09
23483,2015-04-08 14:24:00,2015-04-08,0.0134,0.0,0.0,502.0,0.0134,0.0134,0.0134,10000028,2015-06-24,2015-06-24,P,2.3,2015-02-09
23484,2015-04-08 14:25:00,2015-04-08,0.0134,0.0,0.0,502.0,0.0134,0.0134,0.0134,10000028,2015-06-24,2015-06-24,P,2.3,2015-02-09
23485,2015-04-08 14:26:00,2015-04-08,0.0134,0.0,0.0,502.0,0.0134,0.0134,0.0134,10000028,2015-06-24,2015-06-24,P,2.3,2015-02-09
23486,2015-04-08 14:27:00,2015-04-08,0.0134,0.0,0.0,502.0,0.0134,0.0134,0.0134,10000028,2015-06-24,2015-06-24,P,2.3,2015-02-09
23487,2015-04-08 14:28:00,2015-04-08,0.0134,0.0,0.0,502.0,0.0134,0.0134,0.0134,10000028,2015-06-24,2015-06-24,P,2.3,2015-02-09
23488,2015-04-08 14:29:00,2015-04-08,0.0134,0.0,0.0,502.0,0.0134,0.0134,0.0134,10000028,2015-06-24,2015-06-24,P,2.3,2015-02-09
23489,2015-04-08 14:30:00,2015-04-08,0.0134,0.0,0.0,502.0,0.0134,0.0134,0.0134,10000028,2015-06-24,2015-06-24,P,2.3,2015-02-09
23490,2015-04-08 14:31:00,2015-04-08,0.0134,0.0,0.0,502.0,0.0134,0.0134,0.0134,10000028,2015-06-24,2015-06-24,P,2.3,2015-02-09
23491,2015-04-08 14:32:00,2015-04-08,0.0134,0.0,0.0,502.0,0.0134,0.0134,0.0134,10000028,2015-06-24,2015-06-24,P,2.3,2015-02-09
23492,2015-04-08 14:33:00,2015-04-08,0.0134,0.0,0.0,502.0,0.0134,0.0134,0.0134,10000028,2015-06-24,2015-06-24,P,2.3,2015-02-09
23493,2015-04-08 14:34:00,2015-04-08,0.0134,0.0,0.0,502.0,0.0134,0.0134,0.0134,10000028,2015-06-24,2015-06-24,P,2.3,2015-02-09
23494,2015-04-08 14:35:00,2015-04-08,0.0134,0.0,0.0,502.0,0.0134,0.0134,0.0134,10000028,2015-06-24,2015-06-24,P,2.3,2015-02-09
23495,2015-04-08 14:36:00,2015-04-08,0.0134,0.0,0.0,502.0,0.0134,0.0134,0.0134,10000028,2015-06-24,2015-06-24,P,2.3,2015-02-09
23496,2015-04-08 14:37:00,2015-04-08,0.0134,0.0,0.0,502.0,0.0134,0.0134,0.0134,10000028,2015-06-24,2015-06-24,P,2.3,2015-02-09
23497,2015-04-08 14:38:00,2015-04-08,0.0134,0.0,0.0,502.0,0.0134,0.0134,0.0134,10000028,2015-06-24,2015-06-24,P,2.3,2015-02-09
23498,2015-04-08 14:39:00,2015-04-08,0.0134,0.0,0.0,502.0,0.0134,0.0134,0.0134,10000028,2015-06-24,2015-06-24,P,2.3,2015-02-09
23499,2015-04-08 14:40:00,2015-04-08,0.0134,0.0,0.0,502.0,0.0134,0.0134,0.0134,10000028,2015-06-24,2015-06-24,P,2.3,2015-02-09
23500,2015-04-08 14:41:00,2015-04-08,0.0134,0.0,0.0,502.0,0.0134,0.0134,0.0134,10000028,2015-06-24,2015-06-24,P,2.3,2015-02-09
23501,2015-04-08 14:42:00,2015-04-08,0.0134,0.0,0.0,502.0,0.0134,0.0134,0.0134,10000028,2015-06-24,2015-06-24,P,2.3,2015-02-09
23502,2015-04-08 14:43:00,2015-04-08,0.0134,0.0,0.0,502.0,0.0134,0.0134,0.0134,10000028,2015-06-24,2015-06-24,P,2.3,2015-02-09
23503,2015-04-08 14:44:00,2015-04-08,0.0134,0.0,0.0,502.0,0.0134,0.0134,0.0134,10000028,2015-06-24,2015-06-24,P,2.3,2015-02-09
23504,2015-04-08 14:45:00,2015-04-08,0.0134,0.0,0.0,502.0,0.0134,0.0134,0.0134,10000028,2015-06-24,2015-06-24,P,2.3,2015-02-09
23505,2015-04-08 14:46:00,2015-04-08,0.0134,0.0,0.0,502.0,0.0134,0.0134,0.0134,10000028,2015-06-24,2015-06-24,P,2.3,2015-02-09
23506,2015-04-08 14:47:00,2015-04-08,0.0134,0.0,0.0,502.0,0.0134,0.0134,0.0134,10000028,2015-06-24,2015-06-24,P,2.3,2015-02-09
23507,2015-04-08 14:48:00,2015-04-08,0.0134,0.0,0.0,502.0,0.0134,0.0134,0.0134,10000028,2015-06-24,2015-06-24,P,2.3,2015-02-09
23508,2015-04-08 14:49:00,2015-04-08,0.0134,0.0,0.0,502.0,0.0134,0.0134,0.0134,10000028,2015-06-24,2015-06-24,P,2.3,2015-02-09
23509,2015-04-08 14:50:00,2015-04-08,0.0134,0.0,0.0,502.0,0.0134,0.0134,0.0134,10000028,2015-06-24,2015-06-24,P,2.3,2015-02-09
23510,2015-04-08 14:51:00,2015-04-08,0.0134,0.0,0.0,502.0,0.0134,0.0134,0.0134,10000028,2015-06-24,2015-06-24,P,2.3,2015-02-09
23511,2015-04-08 14:52:00,2015-04-08,0.0134,0.0,0.0,502.0,0.0134,0.0134,0.0134,10000028,2015-06-24,2015-06-24,P,2.3,2015-02-09
23512,2015-04-08 14:53:00,2015-04-08,0.0134,0.0,0.0,502.0,0.0134,0.0134,0.0134,10000028,2015-06-24,2015-06-24,P,2.3,2015-02-09
23513,2015-04-08 14:54:00,2015-04-08,0.0134,0.0,0.0,502.0,0.0134,0.0134,0.0134,10000028,2015-06-24,2015-06-24,P,2.3,2015-02-09
23514,2015-04-08 14:55:00,2015-04-08,0.0134,0.0,0.0,502.0,0.0134,0.0134,0.0134,10000028,2015-06-24,2015-06-24,P,2.3,2015-02-09
23515,2015-04-08 14:56:00,2015-04-08,0.0134,0.0,0.0,502.0,0.0134,0.0134,0.0134,10000028,2015-06-24,2015-06-24,P,2.3,2015-02-09
23516,2015-04-08 14:57:00,2015-04-08,0.0134,0.0,0.0,502.0,0.0134,0.0134,0.0134,10000028,2015-06-24,2015-06-24,P,2.3,2015-02-09
23517,2015-04-08 14:58:00,2015-04-08,0.0134,0.0,0.0,502.0,0.0134,0.0134,0.0134,10000028,2015-06-24,2015-06-24,P,2.3,2015-02-09
23518,2015-04-08 14:59:00,2015-04-08,0.0134,0.0,0.0,502.0,0.0134,0.0134,0.0134,10000028,2015-06-24,2015-06-24,P,2.3,2015-02-09
23519,2015-04-08 15:00:00,2015-04-08,0.0134,0.0,0.0,502.0,0.0134,0.0134,0.0134,10000028,2015-06-24,2015-06-24,P,2.3,2015-02-09
23520,2015-04-08 09:31:00,2015-04-08,0.0437,9555.0,22.0,1483.0,0.0439,0.0407,0.0407,10000092,2015-04-22,2015-04-22,P,2.75,2015-03-23
23521,2015-04-08 09:32:00,2015-04-08,0.0409,409.0,1.0,1483.0,0.0409,0.0409,0.0409,10000092,2015-04-22,2015-04-22,P,2.75,2015-03-23
23522,2015-04-08 09:33:00,2015-04-08,0.0413,413.0,1.0,1483.0,0.0413,0.0413,0.0413,10000092,2015-04-22,2015-04-22,P,2.75,2015-03-23
23523,2015-04-08 09:34:00,2015-04-08,0.0413,0.0,0.0,1483.0,0.0413,0.0413,0.0413,10000092,2015-04-22,2015-04-22,P,2.75,2015-03-23
23524,2015-04-08 09:35:00,2015-04-08,0.0413,0.0,0.0,1483.0,0.0413,0.0413,0.0413,10000092,2015-04-22,2015-04-22,P,2.75,2015-03-23
23525,2015-04-08 09:36:00,2015-04-08,0.0413,0.0,0.0,1483.0,0.0413,0.0413,0.0413,10000092,2015-04-22,2015-04-22,P,2.75,2015-03-23
23526,2015-04-08 09:37:00,2015-04-08,0.0413,0.0,0.0,1483.0,0.0413,0.0413,0.0413,10000092,2015-04-22,2015-04-22,P,2.75,2015-03-23
23527,2015-04-08 09:38:00,2015-04-08,0.0413,0.0,0.0,1483.0,0.0413,0.0413,0.0413,10000092,2015-04-22,2015-04-22,P,2.75,2015-03-23
23528,2015-04-08 09:39:00,2015-04-08,0.0413,0.0,0.0,1483.0,0.0413,0.0413,0.0413,10000092,2015-04-22,2015-04-22,P,2.75,2015-03-23
23529,2015-04-08 09:40:00,2015-04-08,0.0457,6815.0,15.0,1498.0,0.0456,0.0457,0.0456,10000092,2015-04-22,2015-04-22,P,2.75,2015-03-23
23530,2015-04-08 09:41:00,2015-04-08,0.0457,0.0,0.0,1498.0,0.0457,0.0457,0.0457,10000092,2015-04-22,2015-04-22,P,2.75,2015-03-23
23531,2015-04-08 09:42:00,2015-04-08,0.0445,888.0,2.0,1498.0,0.0443,0.0445,0.0443,10000092,2015-04-22,2015-04-22,P,2.75,2015-03-23
23532,2015-04-08 09:43:00,2015-04-08,0.0439,8297.0,19.0,1491.0,0.0435,0.043,0.0429,10000092,2015-04-22,2015-04-22,P,2.75,2015-03-23
23533,2015-04-08 09:44:00,2015-04-08,0.043,0.0,0.0,1491.0,0.043,0.043,0.043,10000092,2015-04-22,2015-04-22,P,2.75,2015-03-23
23534,2015-04-08 09:45:00,2015-04-08,0.0421,1263.0,3.0,1488.0,0.0421,0.0421,0.0421,10000092,2015-04-22,2015-04-22,P,2.75,2015-03-23
23535,2015-04-08 09:46:00,2015-04-08,0.0419,3723.0,9.0,1495.0,0.0419,0.0413,0.0413,10000092,2015-04-22,2015-04-22,P,2.75,2015-03-23
23536,2015-04-08 09:47:00,2015-04-08,0.0413,2453.0,6.0,1497.0,0.0413,0.0407,0.0401,10000092,2015-04-22,2015-04-22,P,2.75,2015-03-23
23537,2015-04-08 09:48:00,2015-04-08,0.0404,1178.0,3.0,1497.0,0.0388,0.0386,0.0386,10000092,2015-04-22,2015-04-22,P,2.75,2015-03-23
23538,2015-04-08 09:49:00,2015-04-08,0.0417,827.0,2.0,1497.0,0.041,0.0417,0.041,10000092,2015-04-22,2015-04-22,P,2.75,2015-03-23
23539,2015-04-08 09:50:00,2015-04-08,0.0402,402.0,1.0,1496.0,0.0402,0.0402,0.0402,10000092,2015-04-22,2015-04-22,P,2.75,2015-03-23
23540,2015-04-08 09:51:00,2015-04-08,0.0423,2961.0,7.0,1501.0,0.0423,0.0423,0.0423,10000092,2015-04-22,2015-04-22,P,2.75,2015-03-23
23541,2015-04-08 09:52:00,2015-04-08,0.0418,836.0,2.0,1502.0,0.0418,0.0418,0.0418,10000092,2015-04-22,2015-04-22,P,2.75,2015-03-23
23542,2015-04-08 09:53:00,2015-04-08,0.0402,804.0,2.0,1502.0,0.0402,0.0402,0.0402,10000092,2015-04-22,2015-04-22,P,2.75,2015-03-23
23543,2015-04-08 09:54:00,2015-04-08,0.0404,808.0,2.0,1502.0,0.0404,0.0404,0.0404,10000092,2015-04-22,2015-04-22,P,2.75,2015-03-23
23544,2015-04-08 09:55:00,2015-04-08,0.0404,0.0,0.0,1502.0,0.0404,0.0404,0.0404,10000092,2015-04-22,2015-04-22,P,2.75,2015-03-23
23545,2015-04-08 09:56:00,2015-04-08,0.0381,1522.0,4.0,1501.0,0.0379,0.0381,0.0379,10000092,2015-04-22,2015-04-22,P,2.75,2015-03-23
23546,2015-04-08 09:57:00,2015-04-08,0.0365,1450.0,4.0,1499.0,0.036000000000000004,0.0365,0.036000000000000004,10000092,2015-04-22,2015-04-22,P,2.75,2015-03-23
23547,2015-04-08 09:58:00,2015-04-08,0.0352,7217.0,21.0,1489.0,0.035,0.0335,0.0335,10000092,2015-04-22,2015-04-22,P,2.75,2015-03-23
23548,2015-04-08 09:59:00,2015-04-08,0.0341,11826.0,36.0,1473.0,0.033,0.0324,0.0321,10000092,2015-04-22,2015-04-22,P,2.75,2015-03-23
23549,2015-04-08 10:00:00,2015-04-08,0.035,3795.0,11.0,1483.0,0.0345,0.035,0.0345,10000092,2015-04-22,2015-04-22,P,2.75,2015-03-23
23550,2015-04-08 10:01:00,2015-04-08,0.0352,352.0,1.0,1483.0,0.0352,0.0352,0.0352,10000092,2015-04-22,2015-04-22,P,2.75,2015-03-23
23551,2015-04-08 10:02:00,2015-04-08,0.0354,1770.0,5.0,1488.0,0.0354,0.0354,0.0354,10000092,2015-04-22,2015-04-22,P,2.75,2015-03-23
23552,2015-04-08 10:03:00,2015-04-08,0.0357,357.0,1.0,1488.0,0.0357,0.0357,0.0357,10000092,2015-04-22,2015-04-22,P,2.75,2015-03-23
23553,2015-04-08 10:04:00,2015-04-08,0.0359,359.0,1.0,1488.0,0.0359,0.0359,0.0359,10000092,2015-04-22,2015-04-22,P,2.75,2015-03-23
23554,2015-04-08 10:05:00,2015-04-08,0.0374,1094.0,3.0,1490.0,0.0374,0.036000000000000004,0.036000000000000004,10000092,2015-04-22,2015-04-22,P,2.75,2015-03-23
23555,2015-04-08 10:06:00,2015-04-08,0.0375,743.0,2.0,1490.0,0.0368,0.0375,0.0368,10000092,2015-04-22,2015-04-22,P,2.75,2015-03-23
23556,2015-04-08 10:07:00,2015-04-08,0.0377,4776.0,13.0,1495.0,0.036000000000000004,0.0377,0.0354,10000092,2015-04-22,2015-04-22,P,2.75,2015-03-23
23557,2015-04-08 10:08:00,2015-04-08,0.0382,382.0,1.0,1495.0,0.0382,0.0382,0.0382,10000092,2015-04-22,2015-04-22,P,2.75,2015-03-23
23558,2015-04-08 10:09:00,2015-04-08,0.0385,1155.0,3.0,1495.0,0.0385,0.0385,0.0385,10000092,2015-04-22,2015-04-22,P,2.75,2015-03-23
23559,2015-04-08 10:10:00,2015-04-08,0.0385,0.0,0.0,1495.0,0.0385,0.0385,0.0385,10000092,2015-04-22,2015-04-22,P,2.75,2015-03-23
23560,2015-04-08 10:11:00,2015-04-08,0.0383,4213.0,11.0,1485.0,0.0383,0.0383,0.0383,10000092,2015-04-22,2015-04-22,P,2.75,2015-03-23
23561,2015-04-08 10:12:00,2015-04-08,0.0383,0.0,0.0,1485.0,0.0383,0.0383,0.0383,10000092,2015-04-22,2015-04-22,P,2.75,2015-03-23
23562,2015-04-08 10:13:00,2015-04-08,0.0384,768.0,2.0,1483.0,0.0384,0.0384,0.0384,10000092,2015-04-22,2015-04-22,P,2.75,2015-03-23
23563,2015-04-08 10:14:00,2015-04-08,0.0422,4214.0,10.0,1487.0,0.042,0.0422,0.042,10000092,2015-04-22,2015-04-22,P,2.75,2015-03-23
23564,2015-04-08 10:15:00,2015-04-08,0.043,1248.0,3.0,1485.0,0.043,0.0409,0.0409,10000092,2015-04-22,2015-04-22,P,2.75,2015-03-23
23565,2015-04-08 10:16:00,2015-04-08,0.0425,425.0,1.0,1486.0,0.0425,0.0425,0.0425,10000092,2015-04-22,2015-04-22,P,2.75,2015-03-23
23566,2015-04-08 10:17:00,2015-04-08,0.041,3690.0,9.0,1478.0,0.041,0.041,0.041,10000092,2015-04-22,2015-04-22,P,2.75,2015-03-23
23567,2015-04-08 10:18:00,2015-04-08,0.0415,6585.0,16.0,1478.0,0.041,0.0415,0.041,10000092,2015-04-22,2015-04-22,P,2.75,2015-03-23
23568,2015-04-08 10:19:00,2015-04-08,0.0431,9422.0,22.0,1499.0,0.0431,0.0428,0.042,10000092,2015-04-22,2015-04-22,P,2.75,2015-03-23
23569,2015-04-08 10:20:00,2015-04-08,0.042,5385.0,13.0,1512.0,0.042,0.0405,0.0405,10000092,2015-04-22,2015-04-22,P,2.75,2015-03-23
23570,2015-04-08 10:21:00,2015-04-08,0.0405,0.0,0.0,1512.0,0.0405,0.0405,0.0405,10000092,2015-04-22,2015-04-22,P,2.75,2015-03-23
23571,2015-04-08 10:22:00,2015-04-08,0.0405,0.0,0.0,1512.0,0.0405,0.0405,0.0405,10000092,2015-04-22,2015-04-22,P,2.75,2015-03-23
23572,2015-04-08 10:23:00,2015-04-08,0.0405,0.0,0.0,1512.0,0.0405,0.0405,0.0405,10000092,2015-04-22,2015-04-22,P,2.75,2015-03-23
23573,2015-04-08 10:24:00,2015-04-08,0.0405,0.0,0.0,1512.0,0.0405,0.0405,0.0405,10000092,2015-04-22,2015-04-22,P,2.75,2015-03-23
23574,2015-04-08 10:25:00,2015-04-08,0.0405,0.0,0.0,1512.0,0.0405,0.0405,0.0405,10000092,2015-04-22,2015-04-22,P,2.75,2015-03-23
23575,2015-04-08 10:26:00,2015-04-08,0.0405,0.0,0.0,1512.0,0.0405,0.0405,0.0405,10000092,2015-04-22,2015-04-22,P,2.75,2015-03-23
23576,2015-04-08 10:27:00,2015-04-08,0.0405,0.0,0.0,1512.0,0.0405,0.0405,0.0405,10000092,2015-04-22,2015-04-22,P,2.75,2015-03-23
23577,2015-04-08 10:28:00,2015-04-08,0.041,410.0,1.0,1512.0,0.041,0.041,0.041,10000092,2015-04-22,2015-04-22,P,2.75,2015-03-23
23578,2015-04-08 10:29:00,2015-04-08,0.041,0.0,0.0,1512.0,0.041,0.041,0.041,10000092,2015-04-22,2015-04-22,P,2.75,2015-03-23
23579,2015-04-08 10:30:00,2015-04-08,0.041,0.0,0.0,1512.0,0.041,0.041,0.041,10000092,2015-04-22,2015-04-22,P,2.75,2015-03-23
23580,2015-04-08 10:31:00,2015-04-08,0.037000000000000005,7385.0,20.0,1507.0,0.037000000000000005,0.0368,0.0368,10000092,2015-04-22,2015-04-22,P,2.75,2015-03-23
23581,2015-04-08 10:32:00,2015-04-08,0.0368,0.0,0.0,1507.0,0.0368,0.0368,0.0368,10000092,2015-04-22,2015-04-22,P,2.75,2015-03-23
23582,2015-04-08 10:33:00,2015-04-08,0.0368,0.0,0.0,1507.0,0.0368,0.0368,0.0368,10000092,2015-04-22,2015-04-22,P,2.75,2015-03-23
23583,2015-04-08 10:34:00,2015-04-08,0.0368,0.0,0.0,1507.0,0.0368,0.0368,0.0368,10000092,2015-04-22,2015-04-22,P,2.75,2015-03-23
23584,2015-04-08 10:35:00,2015-04-08,0.0368,0.0,0.0,1507.0,0.0368,0.0368,0.0368,10000092,2015-04-22,2015-04-22,P,2.75,2015-03-23
23585,2015-04-08 10:36:00,2015-04-08,0.0368,0.0,0.0,1507.0,0.0368,0.0368,0.0368,10000092,2015-04-22,2015-04-22,P,2.75,2015-03-23
23586,2015-04-08 10:37:00,2015-04-08,0.0365,1460.0,4.0,1507.0,0.0365,0.0365,0.0365,10000092,2015-04-22,2015-04-22,P,2.75,2015-03-23
23587,2015-04-08 10:38:00,2015-04-08,0.0366,1098.0,3.0,1507.0,0.0366,0.0366,0.0366,10000092,2015-04-22,2015-04-22,P,2.75,2015-03-23
23588,2015-04-08 10:39:00,2015-04-08,0.0365,8749.0,25.0,1489.0,0.0346,0.0365,0.0344,10000092,2015-04-22,2015-04-22,P,2.75,2015-03-23
23589,2015-04-08 10:40:00,2015-04-08,0.0348,5190.0,15.0,1481.0,0.0345,0.0348,0.0345,10000092,2015-04-22,2015-04-22,P,2.75,2015-03-23
23590,2015-04-08 10:41:00,2015-04-08,0.0348,0.0,0.0,1481.0,0.0348,0.0348,0.0348,10000092,2015-04-22,2015-04-22,P,2.75,2015-03-23
23591,2015-04-08 10:42:00,2015-04-08,0.0343,1365.0,4.0,1482.0,0.0343,0.0336,0.0336,10000092,2015-04-22,2015-04-22,P,2.75,2015-03-23
23592,2015-04-08 10:43:00,2015-04-08,0.0344,344.0,1.0,1482.0,0.0344,0.0344,0.0344,10000092,2015-04-22,2015-04-22,P,2.75,2015-03-23
23593,2015-04-08 10:44:00,2015-04-08,0.0345,3779.0,11.0,1490.0,0.0343,0.0345,0.0343,10000092,2015-04-22,2015-04-22,P,2.75,2015-03-23
23594,2015-04-08 10:45:00,2015-04-08,0.0345,0.0,0.0,1490.0,0.0345,0.0345,0.0345,10000092,2015-04-22,2015-04-22,P,2.75,2015-03-23
23595,2015-04-08 10:46:00,2015-04-08,0.0344,344.0,1.0,1490.0,0.0344,0.0344,0.0344,10000092,2015-04-22,2015-04-22,P,2.75,2015-03-23
23596,2015-04-08 10:47:00,2015-04-08,0.0356,356.0,1.0,1490.0,0.0356,0.0356,0.0356,10000092,2015-04-22,2015-04-22,P,2.75,2015-03-23
23597,2015-04-08 10:48:00,2015-04-08,0.0356,0.0,0.0,1490.0,0.0356,0.0356,0.0356,10000092,2015-04-22,2015-04-22,P,2.75,2015-03-23
23598,2015-04-08 10:49:00,2015-04-08,0.038,760.0,2.0,1491.0,0.038,0.038,0.038,10000092,2015-04-22,2015-04-22,P,2.75,2015-03-23
23599,2015-04-08 10:50:00,2015-04-08,0.038,760.0,2.0,1492.0,0.038,0.038,0.038,10000092,2015-04-22,2015-04-22,P,2.75,2015-03-23
23600,2015-04-08 10:51:00,2015-04-08,0.0399,1197.0,3.0,1492.0,0.0399,0.0399,0.0399,10000092,2015-04-22,2015-04-22,P,2.75,2015-03-23
23601,2015-04-08 10:52:00,2015-04-08,0.041,4472.0,11.0,1502.0,0.041,0.0388,0.0388,10000092,2015-04-22,2015-04-22,P,2.75,2015-03-23
23602,2015-04-08 10:53:00,2015-04-08,0.0408,1574.0,4.0,1502.0,0.0388,0.0408,0.0388,10000092,2015-04-22,2015-04-22,P,2.75,2015-03-23
23603,2015-04-08 10:54:00,2015-04-08,0.0408,0.0,0.0,1502.0,0.0408,0.0408,0.0408,10000092,2015-04-22,2015-04-22,P,2.75,2015-03-23
23604,2015-04-08 10:55:00,2015-04-08,0.0408,0.0,0.0,1502.0,0.0408,0.0408,0.0408,10000092,2015-04-22,2015-04-22,P,2.75,2015-03-23
23605,2015-04-08 10:56:00,2015-04-08,0.0408,0.0,0.0,1502.0,0.0408,0.0408,0.0408,10000092,2015-04-22,2015-04-22,P,2.75,2015-03-23
23606,2015-04-08 10:57:00,2015-04-08,0.0408,0.0,0.0,1502.0,0.0408,0.0408,0.0408,10000092,2015-04-22,2015-04-22,P,2.75,2015-03-23
23607,2015-04-08 10:58:00,2015-04-08,0.0453,11724.0,26.0,1526.0,0.045,0.0453,0.0444,10000092,2015-04-22,2015-04-22,P,2.75,2015-03-23
23608,2015-04-08 10:59:00,2015-04-08,0.0453,0.0,0.0,1526.0,0.0453,0.0453,0.0453,10000092,2015-04-22,2015-04-22,P,2.75,2015-03-23
23609,2015-04-08 11:00:00,2015-04-08,0.0453,0.0,0.0,1526.0,0.0453,0.0453,0.0453,10000092,2015-04-22,2015-04-22,P,2.75,2015-03-23
23610,2015-04-08 11:01:00,2015-04-08,0.044,2200.0,5.0,1524.0,0.044,0.044,0.044,10000092,2015-04-22,2015-04-22,P,2.75,2015-03-23
23611,2015-04-08 11:02:00,2015-04-08,0.0428,2866.0,7.0,1524.0,0.0402,0.0428,0.0402,10000092,2015-04-22,2015-04-22,P,2.75,2015-03-23
23612,2015-04-08 11:03:00,2015-04-08,0.0428,856.0,2.0,1523.0,0.0428,0.0428,0.0428,10000092,2015-04-22,2015-04-22,P,2.75,2015-03-23
23613,2015-04-08 11:04:00,2015-04-08,0.0428,0.0,0.0,1523.0,0.0428,0.0428,0.0428,10000092,2015-04-22,2015-04-22,P,2.75,2015-03-23
23614,2015-04-08 11:05:00,2015-04-08,0.0428,0.0,0.0,1523.0,0.0428,0.0428,0.0428,10000092,2015-04-22,2015-04-22,P,2.75,2015-03-23
23615,2015-04-08 11:06:00,2015-04-08,0.0428,0.0,0.0,1523.0,0.0428,0.0428,0.0428,10000092,2015-04-22,2015-04-22,P,2.75,2015-03-23
23616,2015-04-08 11:07:00,2015-04-08,0.0428,2140.0,5.0,1518.0,0.0428,0.0428,0.0428,10000092,2015-04-22,2015-04-22,P,2.75,2015-03-23
23617,2015-04-08 11:08:00,2015-04-08,0.0428,2140.0,5.0,1518.0,0.0428,0.0428,0.0428,10000092,2015-04-22,2015-04-22,P,2.75,2015-03-23
23618,2015-04-08 11:09:00,2015-04-08,0.0428,0.0,0.0,1518.0,0.0428,0.0428,0.0428,10000092,2015-04-22,2015-04-22,P,2.75,2015-03-23
23619,2015-04-08 11:10:00,2015-04-08,0.0428,0.0,0.0,1518.0,0.0428,0.0428,0.0428,10000092,2015-04-22,2015-04-22,P,2.75,2015-03-23
23620,2015-04-08 11:11:00,2015-04-08,0.0452,2260.0,5.0,1518.0,0.0452,0.0452,0.0452,10000092,2015-04-22,2015-04-22,P,2.75,2015-03-23
23621,2015-04-08 11:12:00,2015-04-08,0.0432,2592.0,6.0,1519.0,0.0432,0.0432,0.0432,10000092,2015-04-22,2015-04-22,P,2.75,2015-03-23
23622,2015-04-08 11:13:00,2015-04-08,0.0432,0.0,0.0,1519.0,0.0432,0.0432,0.0432,10000092,2015-04-22,2015-04-22,P,2.75,2015-03-23
23623,2015-04-08 11:14:00,2015-04-08,0.0432,0.0,0.0,1519.0,0.0432,0.0432,0.0432,10000092,2015-04-22,2015-04-22,P,2.75,2015-03-23
23624,2015-04-08 11:15:00,2015-04-08,0.0441,2205.0,5.0,1514.0,0.0441,0.0441,0.0441,10000092,2015-04-22,2015-04-22,P,2.75,2015-03-23
23625,2015-04-08 11:16:00,2015-04-08,0.0441,0.0,0.0,1514.0,0.0441,0.0441,0.0441,10000092,2015-04-22,2015-04-22,P,2.75,2015-03-23
23626,2015-04-08 11:17:00,2015-04-08,0.0441,0.0,0.0,1514.0,0.0441,0.0441,0.0441,10000092,2015-04-22,2015-04-22,P,2.75,2015-03-23
23627,2015-04-08 11:18:00,2015-04-08,0.0441,0.0,0.0,1514.0,0.0441,0.0441,0.0441,10000092,2015-04-22,2015-04-22,P,2.75,2015-03-23
23628,2015-04-08 11:19:00,2015-04-08,0.0441,0.0,0.0,1514.0,0.0441,0.0441,0.0441,10000092,2015-04-22,2015-04-22,P,2.75,2015-03-23
23629,2015-04-08 11:20:00,2015-04-08,0.0441,0.0,0.0,1514.0,0.0441,0.0441,0.0441,10000092,2015-04-22,2015-04-22,P,2.75,2015-03-23
23630,2015-04-08 11:21:00,2015-04-08,0.0429,858.0,2.0,1516.0,0.0429,0.0429,0.0429,10000092,2015-04-22,2015-04-22,P,2.75,2015-03-23
23631,2015-04-08 11:22:00,2015-04-08,0.0429,0.0,0.0,1516.0,0.0429,0.0429,0.0429,10000092,2015-04-22,2015-04-22,P,2.75,2015-03-23
23632,2015-04-08 11:23:00,2015-04-08,0.0429,0.0,0.0,1516.0,0.0429,0.0429,0.0429,10000092,2015-04-22,2015-04-22,P,2.75,2015-03-23
23633,2015-04-08 11:24:00,2015-04-08,0.0407,4070.0,10.0,1506.0,0.0407,0.0407,0.0407,10000092,2015-04-22,2015-04-22,P,2.75,2015-03-23
23634,2015-04-08 11:25:00,2015-04-08,0.0412,4120.0,10.0,1496.0,0.0412,0.0412,0.0412,10000092,2015-04-22,2015-04-22,P,2.75,2015-03-23
23635,2015-04-08 11:26:00,2015-04-08,0.0412,0.0,0.0,1496.0,0.0412,0.0412,0.0412,10000092,2015-04-22,2015-04-22,P,2.75,2015-03-23
23636,2015-04-08 11:27:00,2015-04-08,0.0412,0.0,0.0,1496.0,0.0412,0.0412,0.0412,10000092,2015-04-22,2015-04-22,P,2.75,2015-03-23
23637,2015-04-08 11:28:00,2015-04-08,0.0372,1860.0,5.0,1496.0,0.0372,0.0372,0.0372,10000092,2015-04-22,2015-04-22,P,2.75,2015-03-23
23638,2015-04-08 11:29:00,2015-04-08,0.0372,0.0,0.0,1496.0,0.0372,0.0372,0.0372,10000092,2015-04-22,2015-04-22,P,2.75,2015-03-23
23639,2015-04-08 11:30:00,2015-04-08,0.0356,1780.0,5.0,1501.0,0.0356,0.0356,0.0356,10000092,2015-04-22,2015-04-22,P,2.75,2015-03-23
23640,2015-04-08 13:01:00,2015-04-08,0.0355,40646.0,115.0,1522.0,0.0355,0.0343,0.0343,10000092,2015-04-22,2015-04-22,P,2.75,2015-03-23
23641,2015-04-08 13:02:00,2015-04-08,0.0343,0.0,0.0,1522.0,0.0343,0.0343,0.0343,10000092,2015-04-22,2015-04-22,P,2.75,2015-03-23
23642,2015-04-08 13:03:00,2015-04-08,0.0343,0.0,0.0,1522.0,0.0343,0.0343,0.0343,10000092,2015-04-22,2015-04-22,P,2.75,2015-03-23
23643,2015-04-08 13:04:00,2015-04-08,0.0312,624.0,2.0,1524.0,0.0312,0.0312,0.0312,10000092,2015-04-22,2015-04-22,P,2.75,2015-03-23
23644,2015-04-08 13:05:00,2015-04-08,0.0312,936.0,3.0,1527.0,0.0312,0.0312,0.0312,10000092,2015-04-22,2015-04-22,P,2.75,2015-03-23
23645,2015-04-08 13:06:00,2015-04-08,0.0314,2186.0,7.0,1532.0,0.0308,0.0314,0.0308,10000092,2015-04-22,2015-04-22,P,2.75,2015-03-23
23646,2015-04-08 13:07:00,2015-04-08,0.0314,0.0,0.0,1532.0,0.0314,0.0314,0.0314,10000092,2015-04-22,2015-04-22,P,2.75,2015-03-23
23647,2015-04-08 13:08:00,2015-04-08,0.0333,666.0,2.0,1532.0,0.0333,0.0333,0.0333,10000092,2015-04-22,2015-04-22,P,2.75,2015-03-23
23648,2015-04-08 13:09:00,2015-04-08,0.0337,4023.0,12.0,1541.0,0.0336,0.0335,0.0335,10000092,2015-04-22,2015-04-22,P,2.75,2015-03-23
23649,2015-04-08 13:10:00,2015-04-08,0.0335,0.0,0.0,1541.0,0.0335,0.0335,0.0335,10000092,2015-04-22,2015-04-22,P,2.75,2015-03-23
23650,2015-04-08 13:11:00,2015-04-08,0.0335,0.0,0.0,1541.0,0.0335,0.0335,0.0335,10000092,2015-04-22,2015-04-22,P,2.75,2015-03-23
23651,2015-04-08 13:12:00,2015-04-08,0.0335,0.0,0.0,1541.0,0.0335,0.0335,0.0335,10000092,2015-04-22,2015-04-22,P,2.75,2015-03-23
23652,2015-04-08 13:13:00,2015-04-08,0.0335,0.0,0.0,1541.0,0.0335,0.0335,0.0335,10000092,2015-04-22,2015-04-22,P,2.75,2015-03-23
23653,2015-04-08 13:14:00,2015-04-08,0.0334,1670.0,5.0,1546.0,0.0334,0.0334,0.0334,10000092,2015-04-22,2015-04-22,P,2.75,2015-03-23
23654,2015-04-08 13:15:00,2015-04-08,0.033,4945.0,15.0,1551.0,0.033,0.0329,0.0329,10000092,2015-04-22,2015-04-22,P,2.75,2015-03-23
23655,2015-04-08 13:16:00,2015-04-08,0.033,3300.0,10.0,1551.0,0.033,0.033,0.033,10000092,2015-04-22,2015-04-22,P,2.75,2015-03-23
23656,2015-04-08 13:17:00,2015-04-08,0.0327,5187.0,16.0,1549.0,0.0327,0.032,0.032,10000092,2015-04-22,2015-04-22,P,2.75,2015-03-23
23657,2015-04-08 13:18:00,2015-04-08,0.0315,8569.0,28.0,1567.0,0.0315,0.03,0.03,10000092,2015-04-22,2015-04-22,P,2.75,2015-03-23
23658,2015-04-08 13:19:00,2015-04-08,0.0295,874.0,3.0,1568.0,0.0286,0.0293,0.0286,10000092,2015-04-22,2015-04-22,P,2.75,2015-03-23
23659,2015-04-08 13:20:00,2015-04-08,0.029,870.0,3.0,1568.0,0.029,0.029,0.029,10000092,2015-04-22,2015-04-22,P,2.75,2015-03-23
23660,2015-04-08 13:21:00,2015-04-08,0.0278,1390.0,5.0,1568.0,0.0278,0.0278,0.0278,10000092,2015-04-22,2015-04-22,P,2.75,2015-03-23
23661,2015-04-08 13:22:00,2015-04-08,0.0278,1920.0,7.0,1570.0,0.0265,0.0278,0.0265,10000092,2015-04-22,2015-04-22,P,2.75,2015-03-23
23662,2015-04-08 13:23:00,2015-04-08,0.0278,1075.0,4.0,1572.0,0.0277,0.0278,0.026,10000092,2015-04-22,2015-04-22,P,2.75,2015-03-23
23663,2015-04-08 13:24:00,2015-04-08,0.028,1400.0,5.0,1572.0,0.028,0.028,0.028,10000092,2015-04-22,2015-04-22,P,2.75,2015-03-23
23664,2015-04-08 13:25:00,2015-04-08,0.0269,538.0,2.0,1572.0,0.0269,0.0269,0.0269,10000092,2015-04-22,2015-04-22,P,2.75,2015-03-23
23665,2015-04-08 13:26:00,2015-04-08,0.0284,8807.0,32.0,1593.0,0.0284,0.0271,0.0271,10000092,2015-04-22,2015-04-22,P,2.75,2015-03-23
23666,2015-04-08 13:27:00,2015-04-08,0.0286,5164.0,19.0,1594.0,0.0271,0.0286,0.0271,10000092,2015-04-22,2015-04-22,P,2.75,2015-03-23
23667,2015-04-08 13:28:00,2015-04-08,0.0279,279.0,1.0,1594.0,0.0279,0.0279,0.0279,10000092,2015-04-22,2015-04-22,P,2.75,2015-03-23
23668,2015-04-08 13:29:00,2015-04-08,0.0279,0.0,0.0,1594.0,0.0279,0.0279,0.0279,10000092,2015-04-22,2015-04-22,P,2.75,2015-03-23
23669,2015-04-08 13:30:00,2015-04-08,0.0278,3580.0,13.0,1596.0,0.0278,0.0275,0.0269,10000092,2015-04-22,2015-04-22,P,2.75,2015-03-23
23670,2015-04-08 13:31:00,2015-04-08,0.0269,2136.0,8.0,1602.0,0.0269,0.0253,0.0253,10000092,2015-04-22,2015-04-22,P,2.75,2015-03-23
23671,2015-04-08 13:32:00,2015-04-08,0.0275,1092.0,4.0,1603.0,0.0271,0.0275,0.0271,10000092,2015-04-22,2015-04-22,P,2.75,2015-03-23
23672,2015-04-08 13:33:00,2015-04-08,0.0273,819.0,3.0,1606.0,0.0273,0.0273,0.0273,10000092,2015-04-22,2015-04-22,P,2.75,2015-03-23
23673,2015-04-08 13:34:00,2015-04-08,0.0273,0.0,0.0,1606.0,0.0273,0.0273,0.0273,10000092,2015-04-22,2015-04-22,P,2.75,2015-03-23
23674,2015-04-08 13:35:00,2015-04-08,0.0273,0.0,0.0,1606.0,0.0273,0.0273,0.0273,10000092,2015-04-22,2015-04-22,P,2.75,2015-03-23
23675,2015-04-08 13:36:00,2015-04-08,0.0265,1325.0,5.0,1606.0,0.0265,0.0265,0.0265,10000092,2015-04-22,2015-04-22,P,2.75,2015-03-23
23676,2015-04-08 13:37:00,2015-04-08,0.0263,3151.0,12.0,1598.0,0.0263,0.026,0.026,10000092,2015-04-22,2015-04-22,P,2.75,2015-03-23
23677,2015-04-08 13:38:00,2015-04-08,0.026,0.0,0.0,1598.0,0.026,0.026,0.026,10000092,2015-04-22,2015-04-22,P,2.75,2015-03-23
23678,2015-04-08 13:39:00,2015-04-08,0.026,0.0,0.0,1598.0,0.026,0.026,0.026,10000092,2015-04-22,2015-04-22,P,2.75,2015-03-23
23679,2015-04-08 13:40:00,2015-04-08,0.027000000000000003,1618.0,6.0,1598.0,0.027000000000000003,0.027000000000000003,0.0268,10000092,2015-04-22,2015-04-22,P,2.75,2015-03-23
23680,2015-04-08 13:41:00,2015-04-08,0.027000000000000003,0.0,0.0,1598.0,0.027000000000000003,0.027000000000000003,0.027000000000000003,10000092,2015-04-22,2015-04-22,P,2.75,2015-03-23
23681,2015-04-08 13:42:00,2015-04-08,0.027000000000000003,0.0,0.0,1598.0,0.027000000000000003,0.027000000000000003,0.027000000000000003,10000092,2015-04-22,2015-04-22,P,2.75,2015-03-23
23682,2015-04-08 13:43:00,2015-04-08,0.027000000000000003,0.0,0.0,1598.0,0.027000000000000003,0.027000000000000003,0.027000000000000003,10000092,2015-04-22,2015-04-22,P,2.75,2015-03-23
23683,2015-04-08 13:44:00,2015-04-08,0.027000000000000003,0.0,0.0,1598.0,0.027000000000000003,0.027000000000000003,0.027000000000000003,10000092,2015-04-22,2015-04-22,P,2.75,2015-03-23
23684,2015-04-08 13:45:00,2015-04-08,0.027000000000000003,0.0,0.0,1598.0,0.027000000000000003,0.027000000000000003,0.027000000000000003,10000092,2015-04-22,2015-04-22,P,2.75,2015-03-23
23685,2015-04-08 13:46:00,2015-04-08,0.0282,282.0,1.0,1599.0,0.0282,0.0282,0.0282,10000092,2015-04-22,2015-04-22,P,2.75,2015-03-23
23686,2015-04-08 13:47:00,2015-04-08,0.0282,0.0,0.0,1599.0,0.0282,0.0282,0.0282,10000092,2015-04-22,2015-04-22,P,2.75,2015-03-23
23687,2015-04-08 13:48:00,2015-04-08,0.0269,538.0,2.0,1600.0,0.0269,0.0269,0.0269,10000092,2015-04-22,2015-04-22,P,2.75,2015-03-23
23688,2015-04-08 13:49:00,2015-04-08,0.0269,538.0,2.0,1602.0,0.0269,0.0269,0.0269,10000092,2015-04-22,2015-04-22,P,2.75,2015-03-23
23689,2015-04-08 13:50:00,2015-04-08,0.0269,0.0,0.0,1602.0,0.0269,0.0269,0.0269,10000092,2015-04-22,2015-04-22,P,2.75,2015-03-23
23690,2015-04-08 13:51:00,2015-04-08,0.0269,0.0,0.0,1602.0,0.0269,0.0269,0.0269,10000092,2015-04-22,2015-04-22,P,2.75,2015-03-23
23691,2015-04-08 13:52:00,2015-04-08,0.0269,0.0,0.0,1602.0,0.0269,0.0269,0.0269,10000092,2015-04-22,2015-04-22,P,2.75,2015-03-23
23692,2015-04-08 13:53:00,2015-04-08,0.0269,0.0,0.0,1602.0,0.0269,0.0269,0.0269,10000092,2015-04-22,2015-04-22,P,2.75,2015-03-23
23693,2015-04-08 13:54:00,2015-04-08,0.0269,0.0,0.0,1602.0,0.0269,0.0269,0.0269,10000092,2015-04-22,2015-04-22,P,2.75,2015-03-23
23694,2015-04-08 13:55:00,2015-04-08,0.0278,1390.0,5.0,1602.0,0.0278,0.0278,0.0278,10000092,2015-04-22,2015-04-22,P,2.75,2015-03-23
23695,2015-04-08 13:56:00,2015-04-08,0.0276,1380.0,5.0,1602.0,0.0276,0.0276,0.0276,10000092,2015-04-22,2015-04-22,P,2.75,2015-03-23
23696,2015-04-08 13:57:00,2015-04-08,0.0273,1625.0,6.0,1602.0,0.0273,0.026,0.026,10000092,2015-04-22,2015-04-22,P,2.75,2015-03-23
23697,2015-04-08 13:58:00,2015-04-08,0.0275,3229.0,12.0,1600.0,0.0275,0.0258,0.0258,10000092,2015-04-22,2015-04-22,P,2.75,2015-03-23
23698,2015-04-08 13:59:00,2015-04-08,0.0258,2064.0,8.0,1600.0,0.0258,0.0258,0.0258,10000092,2015-04-22,2015-04-22,P,2.75,2015-03-23
23699,2015-04-08 14:00:00,2015-04-08,0.0258,0.0,0.0,1600.0,0.0258,0.0258,0.0258,10000092,2015-04-22,2015-04-22,P,2.75,2015-03-23
23700,2015-04-08 14:01:00,2015-04-08,0.0263,789.0,3.0,1603.0,0.0263,0.0263,0.0263,10000092,2015-04-22,2015-04-22,P,2.75,2015-03-23
23701,2015-04-08 14:02:00,2015-04-08,0.0263,0.0,0.0,1603.0,0.0263,0.0263,0.0263,10000092,2015-04-22,2015-04-22,P,2.75,2015-03-23
23702,2015-04-08 14:03:00,2015-04-08,0.0263,0.0,0.0,1603.0,0.0263,0.0263,0.0263,10000092,2015-04-22,2015-04-22,P,2.75,2015-03-23
23703,2015-04-08 14:04:00,2015-04-08,0.0283,1396.0,5.0,1603.0,0.027000000000000003,0.0283,0.027000000000000003,10000092,2015-04-22,2015-04-22,P,2.75,2015-03-23
23704,2015-04-08 14:05:00,2015-04-08,0.0284,2838.0,10.0,1611.0,0.0284,0.0284,0.0284,10000092,2015-04-22,2015-04-22,P,2.75,2015-03-23
23705,2015-04-08 14:06:00,2015-04-08,0.0284,0.0,0.0,1611.0,0.0284,0.0284,0.0284,10000092,2015-04-22,2015-04-22,P,2.75,2015-03-23
23706,2015-04-08 14:07:00,2015-04-08,0.0284,0.0,0.0,1611.0,0.0284,0.0284,0.0284,10000092,2015-04-22,2015-04-22,P,2.75,2015-03-23
23707,2015-04-08 14:08:00,2015-04-08,0.0284,0.0,0.0,1611.0,0.0284,0.0284,0.0284,10000092,2015-04-22,2015-04-22,P,2.75,2015-03-23
23708,2015-04-08 14:09:00,2015-04-08,0.0284,0.0,0.0,1611.0,0.0284,0.0284,0.0284,10000092,2015-04-22,2015-04-22,P,2.75,2015-03-23
23709,2015-04-08 14:10:00,2015-04-08,0.0284,0.0,0.0,1611.0,0.0284,0.0284,0.0284,10000092,2015-04-22,2015-04-22,P,2.75,2015-03-23
23710,2015-04-08 14:11:00,2015-04-08,0.0284,0.0,0.0,1611.0,0.0284,0.0284,0.0284,10000092,2015-04-22,2015-04-22,P,2.75,2015-03-23
23711,2015-04-08 14:12:00,2015-04-08,0.0284,0.0,0.0,1611.0,0.0284,0.0284,0.0284,10000092,2015-04-22,2015-04-22,P,2.75,2015-03-23
23712,2015-04-08 14:13:00,2015-04-08,0.0284,0.0,0.0,1611.0,0.0284,0.0284,0.0284,10000092,2015-04-22,2015-04-22,P,2.75,2015-03-23
23713,2015-04-08 14:14:00,2015-04-08,0.0284,0.0,0.0,1611.0,0.0284,0.0284,0.0284,10000092,2015-04-22,2015-04-22,P,2.75,2015-03-23
23714,2015-04-08 14:15:00,2015-04-08,0.0284,0.0,0.0,1611.0,0.0284,0.0284,0.0284,10000092,2015-04-22,2015-04-22,P,2.75,2015-03-23
23715,2015-04-08 14:16:00,2015-04-08,0.0283,283.0,1.0,1612.0,0.0283,0.0283,0.0283,10000092,2015-04-22,2015-04-22,P,2.75,2015-03-23
23716,2015-04-08 14:17:00,2015-04-08,0.0283,0.0,0.0,1612.0,0.0283,0.0283,0.0283,10000092,2015-04-22,2015-04-22,P,2.75,2015-03-23
23717,2015-04-08 14:18:00,2015-04-08,0.0297,3544.0,12.0,1621.0,0.0292,0.0297,0.0292,10000092,2015-04-22,2015-04-22,P,2.75,2015-03-23
23718,2015-04-08 14:19:00,2015-04-08,0.0308,13040.0,43.0,1638.0,0.0299,0.0308,0.0297,10000092,2015-04-22,2015-04-22,P,2.75,2015-03-23
23719,2015-04-08 14:20:00,2015-04-08,0.0308,0.0,0.0,1638.0,0.0308,0.0308,0.0308,10000092,2015-04-22,2015-04-22,P,2.75,2015-03-23
23720,2015-04-08 14:21:00,2015-04-08,0.032,320.0,1.0,1638.0,0.032,0.032,0.032,10000092,2015-04-22,2015-04-22,P,2.75,2015-03-23
23721,2015-04-08 14:22:00,2015-04-08,0.032,0.0,0.0,1638.0,0.032,0.032,0.032,10000092,2015-04-22,2015-04-22,P,2.75,2015-03-23
23722,2015-04-08 14:23:00,2015-04-08,0.032,0.0,0.0,1638.0,0.032,0.032,0.032,10000092,2015-04-22,2015-04-22,P,2.75,2015-03-23
23723,2015-04-08 14:24:00,2015-04-08,0.032,0.0,0.0,1638.0,0.032,0.032,0.032,10000092,2015-04-22,2015-04-22,P,2.75,2015-03-23
23724,2015-04-08 14:25:00,2015-04-08,0.032,0.0,0.0,1638.0,0.032,0.032,0.032,10000092,2015-04-22,2015-04-22,P,2.75,2015-03-23
23725,2015-04-08 14:26:00,2015-04-08,0.032,0.0,0.0,1638.0,0.032,0.032,0.032,10000092,2015-04-22,2015-04-22,P,2.75,2015-03-23
23726,2015-04-08 14:27:00,2015-04-08,0.032,0.0,0.0,1638.0,0.032,0.032,0.032,10000092,2015-04-22,2015-04-22,P,2.75,2015-03-23
23727,2015-04-08 14:28:00,2015-04-08,0.032,0.0,0.0,1638.0,0.032,0.032,0.032,10000092,2015-04-22,2015-04-22,P,2.75,2015-03-23
23728,2015-04-08 14:29:00,2015-04-08,0.032,0.0,0.0,1638.0,0.032,0.032,0.032,10000092,2015-04-22,2015-04-22,P,2.75,2015-03-23
23729,2015-04-08 14:30:00,2015-04-08,0.032,0.0,0.0,1638.0,0.032,0.032,0.032,10000092,2015-04-22,2015-04-22,P,2.75,2015-03-23
23730,2015-04-08 14:31:00,2015-04-08,0.032,0.0,0.0,1638.0,0.032,0.032,0.032,10000092,2015-04-22,2015-04-22,P,2.75,2015-03-23
23731,2015-04-08 14:32:00,2015-04-08,0.0318,954.0,3.0,1635.0,0.0318,0.0318,0.0318,10000092,2015-04-22,2015-04-22,P,2.75,2015-03-23
23732,2015-04-08 14:33:00,2015-04-08,0.0315,6240.0,20.0,1615.0,0.0315,0.0309,0.0309,10000092,2015-04-22,2015-04-22,P,2.75,2015-03-23
23733,2015-04-08 14:34:00,2015-04-08,0.0309,0.0,0.0,1615.0,0.0309,0.0309,0.0309,10000092,2015-04-22,2015-04-22,P,2.75,2015-03-23
23734,2015-04-08 14:35:00,2015-04-08,0.0309,0.0,0.0,1615.0,0.0309,0.0309,0.0309,10000092,2015-04-22,2015-04-22,P,2.75,2015-03-23
23735,2015-04-08 14:36:00,2015-04-08,0.0301,3010.0,10.0,1615.0,0.0301,0.0301,0.0301,10000092,2015-04-22,2015-04-22,P,2.75,2015-03-23
23736,2015-04-08 14:37:00,2015-04-08,0.0301,0.0,0.0,1615.0,0.0301,0.0301,0.0301,10000092,2015-04-22,2015-04-22,P,2.75,2015-03-23
23737,2015-04-08 14:38:00,2015-04-08,0.0301,0.0,0.0,1615.0,0.0301,0.0301,0.0301,10000092,2015-04-22,2015-04-22,P,2.75,2015-03-23
23738,2015-04-08 14:39:00,2015-04-08,0.0301,0.0,0.0,1615.0,0.0301,0.0301,0.0301,10000092,2015-04-22,2015-04-22,P,2.75,2015-03-23
23739,2015-04-08 14:40:00,2015-04-08,0.0305,610.0,2.0,1617.0,0.0305,0.0305,0.0305,10000092,2015-04-22,2015-04-22,P,2.75,2015-03-23
23740,2015-04-08 14:41:00,2015-04-08,0.0305,915.0,3.0,1620.0,0.0305,0.0305,0.0305,10000092,2015-04-22,2015-04-22,P,2.75,2015-03-23
23741,2015-04-08 14:42:00,2015-04-08,0.0305,0.0,0.0,1620.0,0.0305,0.0305,0.0305,10000092,2015-04-22,2015-04-22,P,2.75,2015-03-23
23742,2015-04-08 14:43:00,2015-04-08,0.0305,0.0,0.0,1620.0,0.0305,0.0305,0.0305,10000092,2015-04-22,2015-04-22,P,2.75,2015-03-23
23743,2015-04-08 14:44:00,2015-04-08,0.0292,584.0,2.0,1619.0,0.0292,0.0292,0.0292,10000092,2015-04-22,2015-04-22,P,2.75,2015-03-23
23744,2015-04-08 14:45:00,2015-04-08,0.0292,2336.0,8.0,1611.0,0.0292,0.0292,0.0292,10000092,2015-04-22,2015-04-22,P,2.75,2015-03-23
23745,2015-04-08 14:46:00,2015-04-08,0.0292,0.0,0.0,1611.0,0.0292,0.0292,0.0292,10000092,2015-04-22,2015-04-22,P,2.75,2015-03-23
23746,2015-04-08 14:47:00,2015-04-08,0.0269,269.0,1.0,1612.0,0.0269,0.0269,0.0269,10000092,2015-04-22,2015-04-22,P,2.75,2015-03-23
23747,2015-04-08 14:48:00,2015-04-08,0.0269,0.0,0.0,1612.0,0.0269,0.0269,0.0269,10000092,2015-04-22,2015-04-22,P,2.75,2015-03-23
23748,2015-04-08 14:49:00,2015-04-08,0.0269,269.0,1.0,1611.0,0.0269,0.0269,0.0269,10000092,2015-04-22,2015-04-22,P,2.75,2015-03-23
23749,2015-04-08 14:50:00,2015-04-08,0.0269,0.0,0.0,1611.0,0.0269,0.0269,0.0269,10000092,2015-04-22,2015-04-22,P,2.75,2015-03-23
23750,2015-04-08 14:51:00,2015-04-08,0.0269,0.0,0.0,1611.0,0.0269,0.0269,0.0269,10000092,2015-04-22,2015-04-22,P,2.75,2015-03-23
23751,2015-04-08 14:52:00,2015-04-08,0.0289,2890.0,10.0,1611.0,0.0289,0.0289,0.0289,10000092,2015-04-22,2015-04-22,P,2.75,2015-03-23
23752,2015-04-08 14:53:00,2015-04-08,0.0289,0.0,0.0,1611.0,0.0289,0.0289,0.0289,10000092,2015-04-22,2015-04-22,P,2.75,2015-03-23
23753,2015-04-08 14:54:00,2015-04-08,0.0288,2544.0,9.0,1616.0,0.0272,0.0288,0.0272,10000092,2015-04-22,2015-04-22,P,2.75,2015-03-23
23754,2015-04-08 14:55:00,2015-04-08,0.0288,0.0,0.0,1616.0,0.0288,0.0288,0.0288,10000092,2015-04-22,2015-04-22,P,2.75,2015-03-23
23755,2015-04-08 14:56:00,2015-04-08,0.0288,0.0,0.0,1616.0,0.0288,0.0288,0.0288,10000092,2015-04-22,2015-04-22,P,2.75,2015-03-23
23756,2015-04-08 14:57:00,2015-04-08,0.0288,0.0,0.0,1616.0,0.0288,0.0288,0.0288,10000092,2015-04-22,2015-04-22,P,2.75,2015-03-23
23757,2015-04-08 14:58:00,2015-04-08,0.0288,0.0,0.0,1616.0,0.0288,0.0288,0.0288,10000092,2015-04-22,2015-04-22,P,2.75,2015-03-23
23758,2015-04-08 14:59:00,2015-04-08,0.0288,0.0,0.0,1616.0,0.0288,0.0288,0.0288,10000092,2015-04-22,2015-04-22,P,2.75,2015-03-23
23759,2015-04-08 15:00:00,2015-04-08,0.0288,0.0,0.0,1616.0,0.0288,0.0288,0.0288,10000092,2015-04-22,2015-04-22,P,2.75,2015-03-23
23760,2015-04-08 09:31:00,2015-04-08,0.1114,43207.0,41.0,3266.0,0.1043,0.1114,0.1,10000099,2015-04-22,2015-04-22,C,2.8,2015-03-24
23761,2015-04-08 09:32:00,2015-04-08,0.11,21505.0,20.0,3261.0,0.11,0.1053,0.1053,10000099,2015-04-22,2015-04-22,C,2.8,2015-03-24
23762,2015-04-08 09:33:00,2015-04-08,0.1098,24913.0,23.0,3262.0,0.1093,0.1098,0.1048,10000099,2015-04-22,2015-04-22,C,2.8,2015-03-24
23763,2015-04-08 09:34:00,2015-04-08,0.1043,13525.0,13.0,3259.0,0.1043,0.1039,0.1039,10000099,2015-04-22,2015-04-22,C,2.8,2015-03-24
23764,2015-04-08 09:35:00,2015-04-08,0.1047,9391.0,9.0,3258.0,0.1043,0.1043,0.1043,10000099,2015-04-22,2015-04-22,C,2.8,2015-03-24
23765,2015-04-08 09:36:00,2015-04-08,0.1043,17161.0,17.0,3258.0,0.1043,0.1001,0.1001,10000099,2015-04-22,2015-04-22,C,2.8,2015-03-24
23766,2015-04-08 09:37:00,2015-04-08,0.1001,20908.0,21.0,3257.0,0.0999,0.0981,0.0981,10000099,2015-04-22,2015-04-22,C,2.8,2015-03-24
23767,2015-04-08 09:38:00,2015-04-08,0.1004,24765.0,25.0,3272.0,0.0981,0.1004,0.0981,10000099,2015-04-22,2015-04-22,C,2.8,2015-03-24
23768,2015-04-08 09:39:00,2015-04-08,0.1004,3008.0,3.0,3274.0,0.1004,0.1004,0.1004,10000099,2015-04-22,2015-04-22,C,2.8,2015-03-24
23769,2015-04-08 09:40:00,2015-04-08,0.1021,12082.0,12.0,3266.0,0.1021,0.1004,0.1004,10000099,2015-04-22,2015-04-22,C,2.8,2015-03-24
23770,2015-04-08 09:41:00,2015-04-08,0.1047,23811.0,23.0,3267.0,0.102,0.1047,0.102,10000099,2015-04-22,2015-04-22,C,2.8,2015-03-24
23771,2015-04-08 09:42:00,2015-04-08,0.1016,15240.0,15.0,3267.0,0.1016,0.1016,0.1016,10000099,2015-04-22,2015-04-22,C,2.8,2015-03-24
23772,2015-04-08 09:43:00,2015-04-08,0.1051,17845.0,17.0,3283.0,0.1051,0.1051,0.1036,10000099,2015-04-22,2015-04-22,C,2.8,2015-03-24
23773,2015-04-08 09:44:00,2015-04-08,0.1059,6354.0,6.0,3279.0,0.1059,0.1059,0.1059,10000099,2015-04-22,2015-04-22,C,2.8,2015-03-24
23774,2015-04-08 09:45:00,2015-04-08,0.1094,3282.0,3.0,3282.0,0.1094,0.1094,0.1094,10000099,2015-04-22,2015-04-22,C,2.8,2015-03-24
23775,2015-04-08 09:46:00,2015-04-08,0.1101,9891.0,9.0,3273.0,0.1101,0.11,0.11,10000099,2015-04-22,2015-04-22,C,2.8,2015-03-24
23776,2015-04-08 09:47:00,2015-04-08,0.1115,15543.0,14.0,3262.0,0.1101,0.1115,0.11,10000099,2015-04-22,2015-04-22,C,2.8,2015-03-24
23777,2015-04-08 09:48:00,2015-04-08,0.1115,8918.0,8.0,3256.0,0.1115,0.1114,0.1114,10000099,2015-04-22,2015-04-22,C,2.8,2015-03-24
23778,2015-04-08 09:49:00,2015-04-08,0.114,13996.0,13.0,3257.0,0.114,0.1078,0.107,10000099,2015-04-22,2015-04-22,C,2.8,2015-03-24
23779,2015-04-08 09:50:00,2015-04-08,0.108,10800.0,10.0,3257.0,0.108,0.108,0.108,10000099,2015-04-22,2015-04-22,C,2.8,2015-03-24
23780,2015-04-08 09:51:00,2015-04-08,0.1111,1111.0,1.0,3257.0,0.1111,0.1111,0.1111,10000099,2015-04-22,2015-04-22,C,2.8,2015-03-24
23781,2015-04-08 09:52:00,2015-04-08,0.1111,0.0,0.0,3257.0,0.1111,0.1111,0.1111,10000099,2015-04-22,2015-04-22,C,2.8,2015-03-24
23782,2015-04-08 09:53:00,2015-04-08,0.111,1110.0,1.0,3257.0,0.111,0.111,0.111,10000099,2015-04-22,2015-04-22,C,2.8,2015-03-24
23783,2015-04-08 09:54:00,2015-04-08,0.111,0.0,0.0,3257.0,0.111,0.111,0.111,10000099,2015-04-22,2015-04-22,C,2.8,2015-03-24
23784,2015-04-08 09:55:00,2015-04-08,0.1169,20690.0,18.0,3257.0,0.1144,0.1169,0.1144,10000099,2015-04-22,2015-04-22,C,2.8,2015-03-24
23785,2015-04-08 09:56:00,2015-04-08,0.1189,11890.0,10.0,3257.0,0.1189,0.1189,0.1189,10000099,2015-04-22,2015-04-22,C,2.8,2015-03-24
23786,2015-04-08 09:57:00,2015-04-08,0.1197,19119.0,16.0,3247.0,0.1186,0.1197,0.1186,10000099,2015-04-22,2015-04-22,C,2.8,2015-03-24
23787,2015-04-08 09:58:00,2015-04-08,0.1235,20697.0,17.0,3249.0,0.12,0.122,0.12,10000099,2015-04-22,2015-04-22,C,2.8,2015-03-24
23788,2015-04-08 09:59:00,2015-04-08,0.122,26574.0,22.0,3241.0,0.1216,0.1201,0.1196,10000099,2015-04-22,2015-04-22,C,2.8,2015-03-24
23789,2015-04-08 10:00:00,2015-04-08,0.1207,22904.0,19.0,3236.0,0.1207,0.1207,0.1201,10000099,2015-04-22,2015-04-22,C,2.8,2015-03-24
23790,2015-04-08 10:01:00,2015-04-08,0.1208,3604.0,3.0,3237.0,0.1188,0.1208,0.1188,10000099,2015-04-22,2015-04-22,C,2.8,2015-03-24
23791,2015-04-08 10:02:00,2015-04-08,0.1186,11860.0,10.0,3235.0,0.1186,0.1186,0.1186,10000099,2015-04-22,2015-04-22,C,2.8,2015-03-24
23792,2015-04-08 10:03:00,2015-04-08,0.1186,0.0,0.0,3235.0,0.1186,0.1186,0.1186,10000099,2015-04-22,2015-04-22,C,2.8,2015-03-24
23793,2015-04-08 10:04:00,2015-04-08,0.1155,1155.0,1.0,3234.0,0.1155,0.1155,0.1155,10000099,2015-04-22,2015-04-22,C,2.8,2015-03-24
23794,2015-04-08 10:05:00,2015-04-08,0.121,10370.0,9.0,3242.0,0.121,0.1145,0.1145,10000099,2015-04-22,2015-04-22,C,2.8,2015-03-24
23795,2015-04-08 10:06:00,2015-04-08,0.1145,0.0,0.0,3242.0,0.1145,0.1145,0.1145,10000099,2015-04-22,2015-04-22,C,2.8,2015-03-24
23796,2015-04-08 10:07:00,2015-04-08,0.1121,5605.0,5.0,3237.0,0.1121,0.1121,0.1121,10000099,2015-04-22,2015-04-22,C,2.8,2015-03-24
23797,2015-04-08 10:08:00,2015-04-08,0.1161,6766.0,6.0,3237.0,0.1161,0.1121,0.1121,10000099,2015-04-22,2015-04-22,C,2.8,2015-03-24
23798,2015-04-08 10:09:00,2015-04-08,0.1125,1125.0,1.0,3238.0,0.1125,0.1125,0.1125,10000099,2015-04-22,2015-04-22,C,2.8,2015-03-24
23799,2015-04-08 10:10:00,2015-04-08,0.1121,16775.0,15.0,3243.0,0.1121,0.1121,0.1113,10000099,2015-04-22,2015-04-22,C,2.8,2015-03-24
23800,2015-04-08 10:11:00,2015-04-08,0.1121,0.0,0.0,3243.0,0.1121,0.1121,0.1121,10000099,2015-04-22,2015-04-22,C,2.8,2015-03-24
23801,2015-04-08 10:12:00,2015-04-08,0.1118,20889.0,19.0,3243.0,0.1101,0.1118,0.1098,10000099,2015-04-22,2015-04-22,C,2.8,2015-03-24
23802,2015-04-08 10:13:00,2015-04-08,0.1093,23856.0,22.0,3253.0,0.1081,0.1093,0.1069,10000099,2015-04-22,2015-04-22,C,2.8,2015-03-24
23803,2015-04-08 10:14:00,2015-04-08,0.1068,18873.0,18.0,3248.0,0.1068,0.1041,0.1041,10000099,2015-04-22,2015-04-22,C,2.8,2015-03-24
23804,2015-04-08 10:15:00,2015-04-08,0.1067,23863.0,23.0,3239.0,0.1046,0.1067,0.1026,10000099,2015-04-22,2015-04-22,C,2.8,2015-03-24
23805,2015-04-08 10:16:00,2015-04-08,0.107,2140.0,2.0,3241.0,0.107,0.107,0.107,10000099,2015-04-22,2015-04-22,C,2.8,2015-03-24
23806,2015-04-08 10:17:00,2015-04-08,0.1039,2078.0,2.0,3239.0,0.1039,0.1039,0.1039,10000099,2015-04-22,2015-04-22,C,2.8,2015-03-24
23807,2015-04-08 10:18:00,2015-04-08,0.1072,24948.0,24.0,3236.0,0.1036,0.1066,0.1031,10000099,2015-04-22,2015-04-22,C,2.8,2015-03-24
23808,2015-04-08 10:19:00,2015-04-08,0.107,4278.0,4.0,3239.0,0.1068,0.107,0.1068,10000099,2015-04-22,2015-04-22,C,2.8,2015-03-24
23809,2015-04-08 10:20:00,2015-04-08,0.108,22538.0,21.0,3234.0,0.107,0.108,0.107,10000099,2015-04-22,2015-04-22,C,2.8,2015-03-24
23810,2015-04-08 10:21:00,2015-04-08,0.108,0.0,0.0,3234.0,0.108,0.108,0.108,10000099,2015-04-22,2015-04-22,C,2.8,2015-03-24
23811,2015-04-08 10:22:00,2015-04-08,0.1125,17753.0,16.0,3236.0,0.11,0.11,0.11,10000099,2015-04-22,2015-04-22,C,2.8,2015-03-24
23812,2015-04-08 10:23:00,2015-04-08,0.107,3210.0,3.0,3239.0,0.107,0.107,0.107,10000099,2015-04-22,2015-04-22,C,2.8,2015-03-24
23813,2015-04-08 10:24:00,2015-04-08,0.107,26460.0,25.0,3231.0,0.107,0.107,0.1041,10000099,2015-04-22,2015-04-22,C,2.8,2015-03-24
23814,2015-04-08 10:25:00,2015-04-08,0.107,21760.0,21.0,3231.0,0.107,0.1029,0.1029,10000099,2015-04-22,2015-04-22,C,2.8,2015-03-24
23815,2015-04-08 10:26:00,2015-04-08,0.104,2080.0,2.0,3229.0,0.104,0.104,0.104,10000099,2015-04-22,2015-04-22,C,2.8,2015-03-24
23816,2015-04-08 10:27:00,2015-04-08,0.1089,40471.0,38.0,3228.0,0.1044,0.1089,0.1044,10000099,2015-04-22,2015-04-22,C,2.8,2015-03-24
23817,2015-04-08 10:28:00,2015-04-08,0.1101,13022.0,12.0,3229.0,0.1101,0.1101,0.1101,10000099,2015-04-22,2015-04-22,C,2.8,2015-03-24
23818,2015-04-08 10:29:00,2015-04-08,0.1101,35207.0,32.0,3238.0,0.1101,0.1101,0.109,10000099,2015-04-22,2015-04-22,C,2.8,2015-03-24
23819,2015-04-08 10:30:00,2015-04-08,0.1133,25737.0,23.0,3239.0,0.1101,0.1126,0.1101,10000099,2015-04-22,2015-04-22,C,2.8,2015-03-24
23820,2015-04-08 10:31:00,2015-04-08,0.1101,1101.0,1.0,3238.0,0.1101,0.1101,0.1101,10000099,2015-04-22,2015-04-22,C,2.8,2015-03-24
23821,2015-04-08 10:32:00,2015-04-08,0.1151,8015.0,7.0,3238.0,0.1151,0.113,0.113,10000099,2015-04-22,2015-04-22,C,2.8,2015-03-24
23822,2015-04-08 10:33:00,2015-04-08,0.1154,16146.0,14.0,3248.0,0.1153,0.1154,0.1153,10000099,2015-04-22,2015-04-22,C,2.8,2015-03-24
23823,2015-04-08 10:34:00,2015-04-08,0.1149,6834.0,6.0,3252.0,0.1149,0.1134,0.1134,10000099,2015-04-22,2015-04-22,C,2.8,2015-03-24
23824,2015-04-08 10:35:00,2015-04-08,0.1191,26938.0,23.0,3264.0,0.115,0.1191,0.115,10000099,2015-04-22,2015-04-22,C,2.8,2015-03-24
23825,2015-04-08 10:36:00,2015-04-08,0.12,2390.0,2.0,3263.0,0.12,0.119,0.119,10000099,2015-04-22,2015-04-22,C,2.8,2015-03-24
23826,2015-04-08 10:37:00,2015-04-08,0.119,0.0,0.0,3263.0,0.119,0.119,0.119,10000099,2015-04-22,2015-04-22,C,2.8,2015-03-24
23827,2015-04-08 10:38:00,2015-04-08,0.1205,33395.0,28.0,3260.0,0.119,0.119,0.119,10000099,2015-04-22,2015-04-22,C,2.8,2015-03-24
23828,2015-04-08 10:39:00,2015-04-08,0.1218,32408.0,27.0,3260.0,0.1213,0.119,0.1189,10000099,2015-04-22,2015-04-22,C,2.8,2015-03-24
23829,2015-04-08 10:40:00,2015-04-08,0.1228,35086.0,29.0,3270.0,0.119,0.1228,0.119,10000099,2015-04-22,2015-04-22,C,2.8,2015-03-24
23830,2015-04-08 10:41:00,2015-04-08,0.1191,1191.0,1.0,3270.0,0.1191,0.1191,0.1191,10000099,2015-04-22,2015-04-22,C,2.8,2015-03-24
23831,2015-04-08 10:42:00,2015-04-08,0.122,2440.0,2.0,3269.0,0.122,0.122,0.122,10000099,2015-04-22,2015-04-22,C,2.8,2015-03-24
23832,2015-04-08 10:43:00,2015-04-08,0.1222,3678.0,3.0,3268.0,0.1222,0.1222,0.1222,10000099,2015-04-22,2015-04-22,C,2.8,2015-03-24
23833,2015-04-08 10:44:00,2015-04-08,0.1222,9776.0,8.0,3275.0,0.1222,0.1222,0.1222,10000099,2015-04-22,2015-04-22,C,2.8,2015-03-24
23834,2015-04-08 10:45:00,2015-04-08,0.1228,13358.0,11.0,3275.0,0.1228,0.118,0.1177,10000099,2015-04-22,2015-04-22,C,2.8,2015-03-24
23835,2015-04-08 10:46:00,2015-04-08,0.1225,1225.0,1.0,3275.0,0.1225,0.1225,0.1225,10000099,2015-04-22,2015-04-22,C,2.8,2015-03-24
23836,2015-04-08 10:47:00,2015-04-08,0.12,2400.0,2.0,3275.0,0.12,0.12,0.12,10000099,2015-04-22,2015-04-22,C,2.8,2015-03-24
23837,2015-04-08 10:48:00,2015-04-08,0.12,0.0,0.0,3275.0,0.12,0.12,0.12,10000099,2015-04-22,2015-04-22,C,2.8,2015-03-24
23838,2015-04-08 10:49:00,2015-04-08,0.1158,23818.0,21.0,3270.0,0.1158,0.1122,0.1122,10000099,2015-04-22,2015-04-22,C,2.8,2015-03-24
23839,2015-04-08 10:50:00,2015-04-08,0.1122,6740.0,6.0,3270.0,0.1122,0.1122,0.1122,10000099,2015-04-22,2015-04-22,C,2.8,2015-03-24
23840,2015-04-08 10:51:00,2015-04-08,0.1153,17988.0,16.0,3268.0,0.1122,0.1153,0.1117,10000099,2015-04-22,2015-04-22,C,2.8,2015-03-24
23841,2015-04-08 10:52:00,2015-04-08,0.1104,23051.0,21.0,3264.0,0.1104,0.1087,0.1087,10000099,2015-04-22,2015-04-22,C,2.8,2015-03-24
23842,2015-04-08 10:53:00,2015-04-08,0.1081,27713.0,26.0,3250.0,0.1081,0.1052,0.1052,10000099,2015-04-22,2015-04-22,C,2.8,2015-03-24
23843,2015-04-08 10:54:00,2015-04-08,0.1061,10610.0,10.0,3250.0,0.1061,0.1061,0.1061,10000099,2015-04-22,2015-04-22,C,2.8,2015-03-24
23844,2015-04-08 10:55:00,2015-04-08,0.1023,8184.0,8.0,3253.0,0.1023,0.1023,0.1023,10000099,2015-04-22,2015-04-22,C,2.8,2015-03-24
23845,2015-04-08 10:56:00,2015-04-08,0.1057,36451.0,35.0,3256.0,0.1031,0.1055,0.1024,10000099,2015-04-22,2015-04-22,C,2.8,2015-03-24
23846,2015-04-08 10:57:00,2015-04-08,0.1031,63652.0,62.0,3285.0,0.103,0.1021,0.1021,10000099,2015-04-22,2015-04-22,C,2.8,2015-03-24
23847,2015-04-08 10:58:00,2015-04-08,0.1037,13284.0,13.0,3291.0,0.1015,0.1037,0.1008,10000099,2015-04-22,2015-04-22,C,2.8,2015-03-24
23848,2015-04-08 10:59:00,2015-04-08,0.1035,18611.0,18.0,3303.0,0.1034,0.1035,0.1033,10000099,2015-04-22,2015-04-22,C,2.8,2015-03-24
23849,2015-04-08 11:00:00,2015-04-08,0.105,22880.0,22.0,3318.0,0.1036,0.105,0.1033,10000099,2015-04-22,2015-04-22,C,2.8,2015-03-24
23850,2015-04-08 11:01:00,2015-04-08,0.1085,24726.0,23.0,3328.0,0.108,0.1085,0.107,10000099,2015-04-22,2015-04-22,C,2.8,2015-03-24
23851,2015-04-08 11:02:00,2015-04-08,0.1093,2186.0,2.0,3328.0,0.1093,0.1093,0.1093,10000099,2015-04-22,2015-04-22,C,2.8,2015-03-24
23852,2015-04-08 11:03:00,2015-04-08,0.1093,0.0,0.0,3328.0,0.1093,0.1093,0.1093,10000099,2015-04-22,2015-04-22,C,2.8,2015-03-24
23853,2015-04-08 11:04:00,2015-04-08,0.1075,17168.0,16.0,3342.0,0.1075,0.1074,0.1048,10000099,2015-04-22,2015-04-22,C,2.8,2015-03-24
23854,2015-04-08 11:05:00,2015-04-08,0.1074,5343.0,5.0,3347.0,0.1065,0.1074,0.1065,10000099,2015-04-22,2015-04-22,C,2.8,2015-03-24
23855,2015-04-08 11:06:00,2015-04-08,0.1074,0.0,0.0,3347.0,0.1074,0.1074,0.1074,10000099,2015-04-22,2015-04-22,C,2.8,2015-03-24
23856,2015-04-08 11:07:00,2015-04-08,0.1074,0.0,0.0,3347.0,0.1074,0.1074,0.1074,10000099,2015-04-22,2015-04-22,C,2.8,2015-03-24
23857,2015-04-08 11:08:00,2015-04-08,0.1055,20900.0,20.0,3367.0,0.1035,0.1035,0.1035,10000099,2015-04-22,2015-04-22,C,2.8,2015-03-24
23858,2015-04-08 11:09:00,2015-04-08,0.1035,10261.0,10.0,3376.0,0.1035,0.101,0.101,10000099,2015-04-22,2015-04-22,C,2.8,2015-03-24
23859,2015-04-08 11:10:00,2015-04-08,0.106,40575.0,39.0,3385.0,0.103,0.106,0.103,10000099,2015-04-22,2015-04-22,C,2.8,2015-03-24
23860,2015-04-08 11:11:00,2015-04-08,0.1045,2090.0,2.0,3385.0,0.1045,0.1045,0.1045,10000099,2015-04-22,2015-04-22,C,2.8,2015-03-24
23861,2015-04-08 11:12:00,2015-04-08,0.1067,4268.0,4.0,3389.0,0.1067,0.1067,0.1067,10000099,2015-04-22,2015-04-22,C,2.8,2015-03-24
23862,2015-04-08 11:13:00,2015-04-08,0.1067,4265.0,4.0,3386.0,0.1067,0.1067,0.1067,10000099,2015-04-22,2015-04-22,C,2.8,2015-03-24
23863,2015-04-08 11:14:00,2015-04-08,0.1067,3201.0,3.0,3384.0,0.1067,0.1067,0.1067,10000099,2015-04-22,2015-04-22,C,2.8,2015-03-24
23864,2015-04-08 11:15:00,2015-04-08,0.1099,35692.0,33.0,3399.0,0.1065,0.1099,0.1063,10000099,2015-04-22,2015-04-22,C,2.8,2015-03-24
23865,2015-04-08 11:16:00,2015-04-08,0.1099,0.0,0.0,3399.0,0.1099,0.1099,0.1099,10000099,2015-04-22,2015-04-22,C,2.8,2015-03-24
23866,2015-04-08 11:17:00,2015-04-08,0.108,16039.0,15.0,3396.0,0.108,0.1048,0.1048,10000099,2015-04-22,2015-04-22,C,2.8,2015-03-24
23867,2015-04-08 11:18:00,2015-04-08,0.1048,0.0,0.0,3396.0,0.1048,0.1048,0.1048,10000099,2015-04-22,2015-04-22,C,2.8,2015-03-24
23868,2015-04-08 11:19:00,2015-04-08,0.1048,0.0,0.0,3396.0,0.1048,0.1048,0.1048,10000099,2015-04-22,2015-04-22,C,2.8,2015-03-24
23869,2015-04-08 11:20:00,2015-04-08,0.1048,0.0,0.0,3396.0,0.1048,0.1048,0.1048,10000099,2015-04-22,2015-04-22,C,2.8,2015-03-24
23870,2015-04-08 11:21:00,2015-04-08,0.1075,6370.0,6.0,3397.0,0.1059,0.1075,0.1059,10000099,2015-04-22,2015-04-22,C,2.8,2015-03-24
23871,2015-04-08 11:22:00,2015-04-08,0.1085,8640.0,8.0,3397.0,0.1085,0.1085,0.1085,10000099,2015-04-22,2015-04-22,C,2.8,2015-03-24
23872,2015-04-08 11:23:00,2015-04-08,0.1088,5440.0,5.0,3397.0,0.1088,0.1088,0.1088,10000099,2015-04-22,2015-04-22,C,2.8,2015-03-24
23873,2015-04-08 11:24:00,2015-04-08,0.112,17736.0,16.0,3397.0,0.1094,0.112,0.1094,10000099,2015-04-22,2015-04-22,C,2.8,2015-03-24
23874,2015-04-08 11:25:00,2015-04-08,0.113,5649.0,5.0,3396.0,0.1129,0.113,0.1129,10000099,2015-04-22,2015-04-22,C,2.8,2015-03-24
23875,2015-04-08 11:26:00,2015-04-08,0.113,7910.0,7.0,3403.0,0.113,0.113,0.113,10000099,2015-04-22,2015-04-22,C,2.8,2015-03-24
23876,2015-04-08 11:27:00,2015-04-08,0.1149,10224.0,9.0,3403.0,0.1137,0.1149,0.1137,10000099,2015-04-22,2015-04-22,C,2.8,2015-03-24
23877,2015-04-08 11:28:00,2015-04-08,0.1169,12739.0,11.0,3403.0,0.1157,0.1169,0.1157,10000099,2015-04-22,2015-04-22,C,2.8,2015-03-24
23878,2015-04-08 11:29:00,2015-04-08,0.1208,5966.0,5.0,3401.0,0.1188,0.1208,0.1188,10000099,2015-04-22,2015-04-22,C,2.8,2015-03-24
23879,2015-04-08 11:30:00,2015-04-08,0.124,9690.0,8.0,3401.0,0.1208,0.124,0.1202,10000099,2015-04-22,2015-04-22,C,2.8,2015-03-24
23880,2015-04-08 13:01:00,2015-04-08,0.127,27671.0,22.0,3421.0,0.1255,0.127,0.1255,10000099,2015-04-22,2015-04-22,C,2.8,2015-03-24
23881,2015-04-08 13:02:00,2015-04-08,0.127,35272.0,28.0,3424.0,0.127,0.1249,0.1249,10000099,2015-04-22,2015-04-22,C,2.8,2015-03-24
23882,2015-04-08 13:03:00,2015-04-08,0.1265,18842.0,15.0,3431.0,0.1242,0.1265,0.1242,10000099,2015-04-22,2015-04-22,C,2.8,2015-03-24
23883,2015-04-08 13:04:00,2015-04-08,0.1272,10171.0,8.0,3423.0,0.1272,0.1271,0.1271,10000099,2015-04-22,2015-04-22,C,2.8,2015-03-24
23884,2015-04-08 13:05:00,2015-04-08,0.13,28326.0,22.0,3428.0,0.1284,0.13,0.1284,10000099,2015-04-22,2015-04-22,C,2.8,2015-03-24
23885,2015-04-08 13:06:00,2015-04-08,0.13,0.0,0.0,3428.0,0.13,0.13,0.13,10000099,2015-04-22,2015-04-22,C,2.8,2015-03-24
23886,2015-04-08 13:07:00,2015-04-08,0.13,0.0,0.0,3428.0,0.13,0.13,0.13,10000099,2015-04-22,2015-04-22,C,2.8,2015-03-24
23887,2015-04-08 13:08:00,2015-04-08,0.1218,1218.0,1.0,3428.0,0.1218,0.1218,0.1218,10000099,2015-04-22,2015-04-22,C,2.8,2015-03-24
23888,2015-04-08 13:09:00,2015-04-08,0.1218,2425.0,2.0,3427.0,0.1218,0.1207,0.1207,10000099,2015-04-22,2015-04-22,C,2.8,2015-03-24
23889,2015-04-08 13:10:00,2015-04-08,0.1275,1275.0,1.0,3427.0,0.1275,0.1275,0.1275,10000099,2015-04-22,2015-04-22,C,2.8,2015-03-24
23890,2015-04-08 13:11:00,2015-04-08,0.1268,7553.0,6.0,3427.0,0.1257,0.1268,0.1257,10000099,2015-04-22,2015-04-22,C,2.8,2015-03-24
23891,2015-04-08 13:12:00,2015-04-08,0.1234,1234.0,1.0,3427.0,0.1234,0.1234,0.1234,10000099,2015-04-22,2015-04-22,C,2.8,2015-03-24
23892,2015-04-08 13:13:00,2015-04-08,0.1234,0.0,0.0,3427.0,0.1234,0.1234,0.1234,10000099,2015-04-22,2015-04-22,C,2.8,2015-03-24
23893,2015-04-08 13:14:00,2015-04-08,0.1234,0.0,0.0,3427.0,0.1234,0.1234,0.1234,10000099,2015-04-22,2015-04-22,C,2.8,2015-03-24
23894,2015-04-08 13:15:00,2015-04-08,0.1268,3801.0,3.0,3425.0,0.1265,0.1268,0.1265,10000099,2015-04-22,2015-04-22,C,2.8,2015-03-24
23895,2015-04-08 13:16:00,2015-04-08,0.1239,1239.0,1.0,3426.0,0.1239,0.1239,0.1239,10000099,2015-04-22,2015-04-22,C,2.8,2015-03-24
23896,2015-04-08 13:17:00,2015-04-08,0.1276,17855.0,14.0,3431.0,0.1276,0.1276,0.1276,10000099,2015-04-22,2015-04-22,C,2.8,2015-03-24
23897,2015-04-08 13:18:00,2015-04-08,0.1347,59860.0,46.0,3427.0,0.1299,0.1347,0.1299,10000099,2015-04-22,2015-04-22,C,2.8,2015-03-24
23898,2015-04-08 13:19:00,2015-04-08,0.1399,9749.0,7.0,3426.0,0.1399,0.1355,0.1355,10000099,2015-04-22,2015-04-22,C,2.8,2015-03-24
23899,2015-04-08 13:20:00,2015-04-08,0.1424,1424.0,1.0,3426.0,0.1424,0.1424,0.1424,10000099,2015-04-22,2015-04-22,C,2.8,2015-03-24
23900,2015-04-08 13:21:00,2015-04-08,0.1419,4257.0,3.0,3423.0,0.1419,0.1419,0.1419,10000099,2015-04-22,2015-04-22,C,2.8,2015-03-24
23901,2015-04-08 13:22:00,2015-04-08,0.1454,46648.0,33.0,3445.0,0.1404,0.14,0.14,10000099,2015-04-22,2015-04-22,C,2.8,2015-03-24
23902,2015-04-08 13:23:00,2015-04-08,0.1438,19865.0,14.0,3449.0,0.14,0.1438,0.14,10000099,2015-04-22,2015-04-22,C,2.8,2015-03-24
23903,2015-04-08 13:24:00,2015-04-08,0.1374,24732.0,18.0,3447.0,0.1374,0.1374,0.1374,10000099,2015-04-22,2015-04-22,C,2.8,2015-03-24
23904,2015-04-08 13:25:00,2015-04-08,0.1363,13702.0,10.0,3446.0,0.1363,0.1363,0.1363,10000099,2015-04-22,2015-04-22,C,2.8,2015-03-24
23905,2015-04-08 13:26:00,2015-04-08,0.1414,1414.0,1.0,3447.0,0.1414,0.1414,0.1414,10000099,2015-04-22,2015-04-22,C,2.8,2015-03-24
23906,2015-04-08 13:27:00,2015-04-08,0.1414,0.0,0.0,3447.0,0.1414,0.1414,0.1414,10000099,2015-04-22,2015-04-22,C,2.8,2015-03-24
23907,2015-04-08 13:28:00,2015-04-08,0.1414,0.0,0.0,3447.0,0.1414,0.1414,0.1414,10000099,2015-04-22,2015-04-22,C,2.8,2015-03-24
23908,2015-04-08 13:29:00,2015-04-08,0.1376,4128.0,3.0,3446.0,0.1376,0.1376,0.1376,10000099,2015-04-22,2015-04-22,C,2.8,2015-03-24
23909,2015-04-08 13:30:00,2015-04-08,0.1428,11381.0,8.0,3443.0,0.1428,0.1428,0.1428,10000099,2015-04-22,2015-04-22,C,2.8,2015-03-24
23910,2015-04-08 13:31:00,2015-04-08,0.1428,0.0,0.0,3443.0,0.1428,0.1428,0.1428,10000099,2015-04-22,2015-04-22,C,2.8,2015-03-24
23911,2015-04-08 13:32:00,2015-04-08,0.1409,23741.0,17.0,3457.0,0.1409,0.1381,0.1381,10000099,2015-04-22,2015-04-22,C,2.8,2015-03-24
23912,2015-04-08 13:33:00,2015-04-08,0.1438,2876.0,2.0,3455.0,0.1438,0.1438,0.1438,10000099,2015-04-22,2015-04-22,C,2.8,2015-03-24
23913,2015-04-08 13:34:00,2015-04-08,0.1438,0.0,0.0,3455.0,0.1438,0.1438,0.1438,10000099,2015-04-22,2015-04-22,C,2.8,2015-03-24
23914,2015-04-08 13:35:00,2015-04-08,0.1438,7189.0,5.0,3450.0,0.1437,0.1438,0.1437,10000099,2015-04-22,2015-04-22,C,2.8,2015-03-24
23915,2015-04-08 13:36:00,2015-04-08,0.1438,0.0,0.0,3450.0,0.1438,0.1438,0.1438,10000099,2015-04-22,2015-04-22,C,2.8,2015-03-24
23916,2015-04-08 13:37:00,2015-04-08,0.13699999999999998,28686.0,21.0,3453.0,0.1365,0.13699999999999998,0.1364,10000099,2015-04-22,2015-04-22,C,2.8,2015-03-24
23917,2015-04-08 13:38:00,2015-04-08,0.13699999999999998,0.0,0.0,3453.0,0.13699999999999998,0.13699999999999998,0.13699999999999998,10000099,2015-04-22,2015-04-22,C,2.8,2015-03-24
23918,2015-04-08 13:39:00,2015-04-08,0.1372,1372.0,1.0,3453.0,0.1372,0.1372,0.1372,10000099,2015-04-22,2015-04-22,C,2.8,2015-03-24
23919,2015-04-08 13:40:00,2015-04-08,0.1385,13875.0,10.0,3453.0,0.1385,0.1385,0.1385,10000099,2015-04-22,2015-04-22,C,2.8,2015-03-24
23920,2015-04-08 13:41:00,2015-04-08,0.1377,9599.0,7.0,3454.0,0.1377,0.1357,0.1357,10000099,2015-04-22,2015-04-22,C,2.8,2015-03-24
23921,2015-04-08 13:42:00,2015-04-08,0.1359,5436.0,4.0,3453.0,0.1359,0.1359,0.1359,10000099,2015-04-22,2015-04-22,C,2.8,2015-03-24
23922,2015-04-08 13:43:00,2015-04-08,0.1359,13596.0,10.0,3460.0,0.1359,0.1357,0.1357,10000099,2015-04-22,2015-04-22,C,2.8,2015-03-24
23923,2015-04-08 13:44:00,2015-04-08,0.1367,1367.0,1.0,3459.0,0.1367,0.1367,0.1367,10000099,2015-04-22,2015-04-22,C,2.8,2015-03-24
23924,2015-04-08 13:45:00,2015-04-08,0.1367,33819.0,25.0,3477.0,0.1351,0.1367,0.135,10000099,2015-04-22,2015-04-22,C,2.8,2015-03-24
23925,2015-04-08 13:46:00,2015-04-08,0.1367,0.0,0.0,3477.0,0.1367,0.1367,0.1367,10000099,2015-04-22,2015-04-22,C,2.8,2015-03-24
23926,2015-04-08 13:47:00,2015-04-08,0.1399,2798.0,2.0,3477.0,0.1399,0.1399,0.1399,10000099,2015-04-22,2015-04-22,C,2.8,2015-03-24
23927,2015-04-08 13:48:00,2015-04-08,0.1437,2870.0,2.0,3476.0,0.1433,0.1437,0.1433,10000099,2015-04-22,2015-04-22,C,2.8,2015-03-24
23928,2015-04-08 13:49:00,2015-04-08,0.1438,18661.0,13.0,3476.0,0.14300000000000002,0.1438,0.14300000000000002,10000099,2015-04-22,2015-04-22,C,2.8,2015-03-24
23929,2015-04-08 13:50:00,2015-04-08,0.1436,1436.0,1.0,3476.0,0.1436,0.1436,0.1436,10000099,2015-04-22,2015-04-22,C,2.8,2015-03-24
23930,2015-04-08 13:51:00,2015-04-08,0.1437,1437.0,1.0,3476.0,0.1437,0.1437,0.1437,10000099,2015-04-22,2015-04-22,C,2.8,2015-03-24
23931,2015-04-08 13:52:00,2015-04-08,0.141,1410.0,1.0,3476.0,0.141,0.141,0.141,10000099,2015-04-22,2015-04-22,C,2.8,2015-03-24
23932,2015-04-08 13:53:00,2015-04-08,0.1411,1411.0,1.0,3476.0,0.1411,0.1411,0.1411,10000099,2015-04-22,2015-04-22,C,2.8,2015-03-24
23933,2015-04-08 13:54:00,2015-04-08,0.1436,5744.0,4.0,3476.0,0.1436,0.1436,0.1436,10000099,2015-04-22,2015-04-22,C,2.8,2015-03-24
23934,2015-04-08 13:55:00,2015-04-08,0.1433,1433.0,1.0,3475.0,0.1433,0.1433,0.1433,10000099,2015-04-22,2015-04-22,C,2.8,2015-03-24
23935,2015-04-08 13:56:00,2015-04-08,0.1433,0.0,0.0,3475.0,0.1433,0.1433,0.1433,10000099,2015-04-22,2015-04-22,C,2.8,2015-03-24
23936,2015-04-08 13:57:00,2015-04-08,0.1434,1434.0,1.0,3474.0,0.1434,0.1434,0.1434,10000099,2015-04-22,2015-04-22,C,2.8,2015-03-24
23937,2015-04-08 13:58:00,2015-04-08,0.1436,2872.0,2.0,3472.0,0.1436,0.1436,0.1436,10000099,2015-04-22,2015-04-22,C,2.8,2015-03-24
23938,2015-04-08 13:59:00,2015-04-08,0.1438,5752.0,4.0,3468.0,0.1438,0.1438,0.1438,10000099,2015-04-22,2015-04-22,C,2.8,2015-03-24
23939,2015-04-08 14:00:00,2015-04-08,0.1437,2874.0,2.0,3466.0,0.1437,0.1437,0.1437,10000099,2015-04-22,2015-04-22,C,2.8,2015-03-24
23940,2015-04-08 14:01:00,2015-04-08,0.1437,0.0,0.0,3466.0,0.1437,0.1437,0.1437,10000099,2015-04-22,2015-04-22,C,2.8,2015-03-24
23941,2015-04-08 14:02:00,2015-04-08,0.1436,2844.0,2.0,3466.0,0.1436,0.1408,0.1408,10000099,2015-04-22,2015-04-22,C,2.8,2015-03-24
23942,2015-04-08 14:03:00,2015-04-08,0.1405,1405.0,1.0,3466.0,0.1405,0.1405,0.1405,10000099,2015-04-22,2015-04-22,C,2.8,2015-03-24
23943,2015-04-08 14:04:00,2015-04-08,0.1426,2804.0,2.0,3465.0,0.1426,0.1426,0.1426,10000099,2015-04-22,2015-04-22,C,2.8,2015-03-24
23944,2015-04-08 14:05:00,2015-04-08,0.1373,21450.0,16.0,3467.0,0.1331,0.1361,0.1331,10000099,2015-04-22,2015-04-22,C,2.8,2015-03-24
23945,2015-04-08 14:06:00,2015-04-08,0.1361,4082.0,3.0,3467.0,0.136,0.1361,0.136,10000099,2015-04-22,2015-04-22,C,2.8,2015-03-24
23946,2015-04-08 14:07:00,2015-04-08,0.1361,0.0,0.0,3467.0,0.1361,0.1361,0.1361,10000099,2015-04-22,2015-04-22,C,2.8,2015-03-24
23947,2015-04-08 14:08:00,2015-04-08,0.1361,1361.0,1.0,3467.0,0.1361,0.1361,0.1361,10000099,2015-04-22,2015-04-22,C,2.8,2015-03-24
23948,2015-04-08 14:09:00,2015-04-08,0.1361,0.0,0.0,3467.0,0.1361,0.1361,0.1361,10000099,2015-04-22,2015-04-22,C,2.8,2015-03-24
23949,2015-04-08 14:10:00,2015-04-08,0.14,2800.0,2.0,3465.0,0.14,0.14,0.14,10000099,2015-04-22,2015-04-22,C,2.8,2015-03-24
23950,2015-04-08 14:11:00,2015-04-08,0.14,0.0,0.0,3465.0,0.14,0.14,0.14,10000099,2015-04-22,2015-04-22,C,2.8,2015-03-24
23951,2015-04-08 14:12:00,2015-04-08,0.14,0.0,0.0,3465.0,0.14,0.14,0.14,10000099,2015-04-22,2015-04-22,C,2.8,2015-03-24
23952,2015-04-08 14:13:00,2015-04-08,0.1402,5608.0,4.0,3461.0,0.1402,0.1402,0.1402,10000099,2015-04-22,2015-04-22,C,2.8,2015-03-24
23953,2015-04-08 14:14:00,2015-04-08,0.1402,0.0,0.0,3461.0,0.1402,0.1402,0.1402,10000099,2015-04-22,2015-04-22,C,2.8,2015-03-24
23954,2015-04-08 14:15:00,2015-04-08,0.1402,0.0,0.0,3461.0,0.1402,0.1402,0.1402,10000099,2015-04-22,2015-04-22,C,2.8,2015-03-24
23955,2015-04-08 14:16:00,2015-04-08,0.1402,0.0,0.0,3461.0,0.1402,0.1402,0.1402,10000099,2015-04-22,2015-04-22,C,2.8,2015-03-24
23956,2015-04-08 14:17:00,2015-04-08,0.1358,1358.0,1.0,3462.0,0.1358,0.1358,0.1358,10000099,2015-04-22,2015-04-22,C,2.8,2015-03-24
23957,2015-04-08 14:18:00,2015-04-08,0.1358,0.0,0.0,3462.0,0.1358,0.1358,0.1358,10000099,2015-04-22,2015-04-22,C,2.8,2015-03-24
23958,2015-04-08 14:19:00,2015-04-08,0.1358,26712.0,20.0,3468.0,0.1358,0.1315,0.1315,10000099,2015-04-22,2015-04-22,C,2.8,2015-03-24
23959,2015-04-08 14:20:00,2015-04-08,0.1342,1342.0,1.0,3468.0,0.1342,0.1342,0.1342,10000099,2015-04-22,2015-04-22,C,2.8,2015-03-24
23960,2015-04-08 14:21:00,2015-04-08,0.1288,2565.0,2.0,3469.0,0.1288,0.1277,0.1277,10000099,2015-04-22,2015-04-22,C,2.8,2015-03-24
23961,2015-04-08 14:22:00,2015-04-08,0.125,12508.0,10.0,3461.0,0.125,0.125,0.125,10000099,2015-04-22,2015-04-22,C,2.8,2015-03-24
23962,2015-04-08 14:23:00,2015-04-08,0.125,0.0,0.0,3461.0,0.125,0.125,0.125,10000099,2015-04-22,2015-04-22,C,2.8,2015-03-24
23963,2015-04-08 14:24:00,2015-04-08,0.125,0.0,0.0,3461.0,0.125,0.125,0.125,10000099,2015-04-22,2015-04-22,C,2.8,2015-03-24
23964,2015-04-08 14:25:00,2015-04-08,0.125,0.0,0.0,3461.0,0.125,0.125,0.125,10000099,2015-04-22,2015-04-22,C,2.8,2015-03-24
23965,2015-04-08 14:26:00,2015-04-08,0.1263,11344.0,9.0,3462.0,0.1263,0.124,0.124,10000099,2015-04-22,2015-04-22,C,2.8,2015-03-24
23966,2015-04-08 14:27:00,2015-04-08,0.124,13640.0,11.0,3469.0,0.124,0.124,0.124,10000099,2015-04-22,2015-04-22,C,2.8,2015-03-24
23967,2015-04-08 14:28:00,2015-04-08,0.1239,4955.0,4.0,3468.0,0.1239,0.1238,0.1238,10000099,2015-04-22,2015-04-22,C,2.8,2015-03-24
23968,2015-04-08 14:29:00,2015-04-08,0.124,3719.0,3.0,3466.0,0.124,0.124,0.124,10000099,2015-04-22,2015-04-22,C,2.8,2015-03-24
23969,2015-04-08 14:30:00,2015-04-08,0.1281,15263.0,12.0,3469.0,0.1281,0.1246,0.1246,10000099,2015-04-22,2015-04-22,C,2.8,2015-03-24
23970,2015-04-08 14:31:00,2015-04-08,0.1246,8722.0,7.0,3476.0,0.1246,0.1246,0.1246,10000099,2015-04-22,2015-04-22,C,2.8,2015-03-24
23971,2015-04-08 14:32:00,2015-04-08,0.13,28548.0,22.0,3492.0,0.1295,0.1299,0.1295,10000099,2015-04-22,2015-04-22,C,2.8,2015-03-24
23972,2015-04-08 14:33:00,2015-04-08,0.1281,1281.0,1.0,3491.0,0.1281,0.1281,0.1281,10000099,2015-04-22,2015-04-22,C,2.8,2015-03-24
23973,2015-04-08 14:34:00,2015-04-08,0.1288,6440.0,5.0,3486.0,0.1288,0.1288,0.1288,10000099,2015-04-22,2015-04-22,C,2.8,2015-03-24
23974,2015-04-08 14:35:00,2015-04-08,0.1288,0.0,0.0,3486.0,0.1288,0.1288,0.1288,10000099,2015-04-22,2015-04-22,C,2.8,2015-03-24
23975,2015-04-08 14:36:00,2015-04-08,0.132,14520.0,11.0,3496.0,0.132,0.132,0.132,10000099,2015-04-22,2015-04-22,C,2.8,2015-03-24
23976,2015-04-08 14:37:00,2015-04-08,0.1348,4026.0,3.0,3495.0,0.1339,0.1348,0.1339,10000099,2015-04-22,2015-04-22,C,2.8,2015-03-24
23977,2015-04-08 14:38:00,2015-04-08,0.1348,0.0,0.0,3495.0,0.1348,0.1348,0.1348,10000099,2015-04-22,2015-04-22,C,2.8,2015-03-24
23978,2015-04-08 14:39:00,2015-04-08,0.1348,0.0,0.0,3495.0,0.1348,0.1348,0.1348,10000099,2015-04-22,2015-04-22,C,2.8,2015-03-24
23979,2015-04-08 14:40:00,2015-04-08,0.1299,6495.0,5.0,3490.0,0.1299,0.1299,0.1299,10000099,2015-04-22,2015-04-22,C,2.8,2015-03-24
23980,2015-04-08 14:41:00,2015-04-08,0.1299,0.0,0.0,3490.0,0.1299,0.1299,0.1299,10000099,2015-04-22,2015-04-22,C,2.8,2015-03-24
23981,2015-04-08 14:42:00,2015-04-08,0.1299,0.0,0.0,3490.0,0.1299,0.1299,0.1299,10000099,2015-04-22,2015-04-22,C,2.8,2015-03-24
23982,2015-04-08 14:43:00,2015-04-08,0.134,1340.0,1.0,3491.0,0.134,0.134,0.134,10000099,2015-04-22,2015-04-22,C,2.8,2015-03-24
23983,2015-04-08 14:44:00,2015-04-08,0.13699999999999998,132787.0,98.0,3448.0,0.134,0.13699999999999998,0.134,10000099,2015-04-22,2015-04-22,C,2.8,2015-03-24
23984,2015-04-08 14:45:00,2015-04-08,0.13699999999999998,0.0,0.0,3448.0,0.13699999999999998,0.13699999999999998,0.13699999999999998,10000099,2015-04-22,2015-04-22,C,2.8,2015-03-24
23985,2015-04-08 14:46:00,2015-04-08,0.1402,15419.0,11.0,3456.0,0.1402,0.1402,0.1402,10000099,2015-04-22,2015-04-22,C,2.8,2015-03-24
23986,2015-04-08 14:47:00,2015-04-08,0.1436,31485.0,22.0,3445.0,0.1364,0.1435,0.1364,10000099,2015-04-22,2015-04-22,C,2.8,2015-03-24
23987,2015-04-08 14:48:00,2015-04-08,0.1428,1428.0,1.0,3445.0,0.1428,0.1428,0.1428,10000099,2015-04-22,2015-04-22,C,2.8,2015-03-24
23988,2015-04-08 14:49:00,2015-04-08,0.1428,0.0,0.0,3445.0,0.1428,0.1428,0.1428,10000099,2015-04-22,2015-04-22,C,2.8,2015-03-24
23989,2015-04-08 14:50:00,2015-04-08,0.1428,0.0,0.0,3445.0,0.1428,0.1428,0.1428,10000099,2015-04-22,2015-04-22,C,2.8,2015-03-24
23990,2015-04-08 14:51:00,2015-04-08,0.1428,0.0,0.0,3445.0,0.1428,0.1428,0.1428,10000099,2015-04-22,2015-04-22,C,2.8,2015-03-24
23991,2015-04-08 14:52:00,2015-04-08,0.1428,0.0,0.0,3445.0,0.1428,0.1428,0.1428,10000099,2015-04-22,2015-04-22,C,2.8,2015-03-24
23992,2015-04-08 14:53:00,2015-04-08,0.1428,0.0,0.0,3445.0,0.1428,0.1428,0.1428,10000099,2015-04-22,2015-04-22,C,2.8,2015-03-24
23993,2015-04-08 14:54:00,2015-04-08,0.1418,15540.0,11.0,3434.0,0.136,0.1418,0.136,10000099,2015-04-22,2015-04-22,C,2.8,2015-03-24
23994,2015-04-08 14:55:00,2015-04-08,0.1418,0.0,0.0,3434.0,0.1418,0.1418,0.1418,10000099,2015-04-22,2015-04-22,C,2.8,2015-03-24
23995,2015-04-08 14:56:00,2015-04-08,0.1426,22778.0,16.0,3434.0,0.1418,0.1426,0.1418,10000099,2015-04-22,2015-04-22,C,2.8,2015-03-24
23996,2015-04-08 14:57:00,2015-04-08,0.1426,5704.0,4.0,3434.0,0.1426,0.1426,0.1426,10000099,2015-04-22,2015-04-22,C,2.8,2015-03-24
23997,2015-04-08 14:58:00,2015-04-08,0.1426,0.0,0.0,3434.0,0.1426,0.1426,0.1426,10000099,2015-04-22,2015-04-22,C,2.8,2015-03-24
23998,2015-04-08 14:59:00,2015-04-08,0.1426,0.0,0.0,3434.0,0.1426,0.1426,0.1426,10000099,2015-04-22,2015-04-22,C,2.8,2015-03-24
23999,2015-04-08 15:00:00,2015-04-08,0.1426,0.0,0.0,3434.0,0.1426,0.1426,0.1426,10000099,2015-04-22,2015-04-22,C,2.8,2015-03-24
24000,2015-04-08 09:31:00,2015-04-08,0.2,0.0,0.0,0.0,0.2,0.2,0.2,10000104,2015-09-23,2015-09-23,P,2.8,2015-03-24
24001,2015-04-08 09:32:00,2015-04-08,0.2,0.0,0.0,0.0,0.2,0.2,0.2,10000104,2015-09-23,2015-09-23,P,2.8,2015-03-24
24002,2015-04-08 09:33:00,2015-04-08,0.2,0.0,0.0,0.0,0.2,0.2,0.2,10000104,2015-09-23,2015-09-23,P,2.8,2015-03-24
24003,2015-04-08 09:34:00,2015-04-08,0.2,0.0,0.0,0.0,0.2,0.2,0.2,10000104,2015-09-23,2015-09-23,P,2.8,2015-03-24
24004,2015-04-08 09:35:00,2015-04-08,0.2,0.0,0.0,0.0,0.2,0.2,0.2,10000104,2015-09-23,2015-09-23,P,2.8,2015-03-24
24005,2015-04-08 09:36:00,2015-04-08,0.2,0.0,0.0,0.0,0.2,0.2,0.2,10000104,2015-09-23,2015-09-23,P,2.8,2015-03-24
24006,2015-04-08 09:37:00,2015-04-08,0.2,0.0,0.0,0.0,0.2,0.2,0.2,10000104,2015-09-23,2015-09-23,P,2.8,2015-03-24
24007,2015-04-08 09:38:00,2015-04-08,0.2,0.0,0.0,0.0,0.2,0.2,0.2,10000104,2015-09-23,2015-09-23,P,2.8,2015-03-24
24008,2015-04-08 09:39:00,2015-04-08,0.2,0.0,0.0,0.0,0.2,0.2,0.2,10000104,2015-09-23,2015-09-23,P,2.8,2015-03-24
24009,2015-04-08 09:40:00,2015-04-08,0.2,0.0,0.0,0.0,0.2,0.2,0.2,10000104,2015-09-23,2015-09-23,P,2.8,2015-03-24
24010,2015-04-08 09:41:00,2015-04-08,0.2,0.0,0.0,0.0,0.2,0.2,0.2,10000104,2015-09-23,2015-09-23,P,2.8,2015-03-24
24011,2015-04-08 09:42:00,2015-04-08,0.2,0.0,0.0,0.0,0.2,0.2,0.2,10000104,2015-09-23,2015-09-23,P,2.8,2015-03-24
24012,2015-04-08 09:43:00,2015-04-08,0.2,0.0,0.0,0.0,0.2,0.2,0.2,10000104,2015-09-23,2015-09-23,P,2.8,2015-03-24
24013,2015-04-08 09:44:00,2015-04-08,0.2,0.0,0.0,0.0,0.2,0.2,0.2,10000104,2015-09-23,2015-09-23,P,2.8,2015-03-24
24014,2015-04-08 09:45:00,2015-04-08,0.2,0.0,0.0,0.0,0.2,0.2,0.2,10000104,2015-09-23,2015-09-23,P,2.8,2015-03-24
24015,2015-04-08 09:46:00,2015-04-08,0.2,0.0,0.0,0.0,0.2,0.2,0.2,10000104,2015-09-23,2015-09-23,P,2.8,2015-03-24
24016,2015-04-08 09:47:00,2015-04-08,0.2,0.0,0.0,0.0,0.2,0.2,0.2,10000104,2015-09-23,2015-09-23,P,2.8,2015-03-24
24017,2015-04-08 09:48:00,2015-04-08,0.2,0.0,0.0,0.0,0.2,0.2,0.2,10000104,2015-09-23,2015-09-23,P,2.8,2015-03-24
24018,2015-04-08 09:49:00,2015-04-08,0.2,0.0,0.0,0.0,0.2,0.2,0.2,10000104,2015-09-23,2015-09-23,P,2.8,2015-03-24
24019,2015-04-08 09:50:00,2015-04-08,0.2,0.0,0.0,0.0,0.2,0.2,0.2,10000104,2015-09-23,2015-09-23,P,2.8,2015-03-24
24020,2015-04-08 09:51:00,2015-04-08,0.2,0.0,0.0,0.0,0.2,0.2,0.2,10000104,2015-09-23,2015-09-23,P,2.8,2015-03-24
24021,2015-04-08 09:52:00,2015-04-08,0.2,0.0,0.0,0.0,0.2,0.2,0.2,10000104,2015-09-23,2015-09-23,P,2.8,2015-03-24
24022,2015-04-08 09:53:00,2015-04-08,0.2,0.0,0.0,0.0,0.2,0.2,0.2,10000104,2015-09-23,2015-09-23,P,2.8,2015-03-24
24023,2015-04-08 09:54:00,2015-04-08,0.2,0.0,0.0,0.0,0.2,0.2,0.2,10000104,2015-09-23,2015-09-23,P,2.8,2015-03-24
24024,2015-04-08 09:55:00,2015-04-08,0.2,0.0,0.0,0.0,0.2,0.2,0.2,10000104,2015-09-23,2015-09-23,P,2.8,2015-03-24
24025,2015-04-08 09:56:00,2015-04-08,0.2,0.0,0.0,0.0,0.2,0.2,0.2,10000104,2015-09-23,2015-09-23,P,2.8,2015-03-24
24026,2015-04-08 09:57:00,2015-04-08,0.2,0.0,0.0,0.0,0.2,0.2,0.2,10000104,2015-09-23,2015-09-23,P,2.8,2015-03-24
24027,2015-04-08 09:58:00,2015-04-08,0.2,0.0,0.0,0.0,0.2,0.2,0.2,10000104,2015-09-23,2015-09-23,P,2.8,2015-03-24
24028,2015-04-08 09:59:00,2015-04-08,0.2,0.0,0.0,0.0,0.2,0.2,0.2,10000104,2015-09-23,2015-09-23,P,2.8,2015-03-24
24029,2015-04-08 10:00:00,2015-04-08,0.2,0.0,0.0,0.0,0.2,0.2,0.2,10000104,2015-09-23,2015-09-23,P,2.8,2015-03-24
24030,2015-04-08 10:01:00,2015-04-08,0.2,0.0,0.0,0.0,0.2,0.2,0.2,10000104,2015-09-23,2015-09-23,P,2.8,2015-03-24
24031,2015-04-08 10:02:00,2015-04-08,0.2,0.0,0.0,0.0,0.2,0.2,0.2,10000104,2015-09-23,2015-09-23,P,2.8,2015-03-24
24032,2015-04-08 10:03:00,2015-04-08,0.2,0.0,0.0,0.0,0.2,0.2,0.2,10000104,2015-09-23,2015-09-23,P,2.8,2015-03-24
24033,2015-04-08 10:04:00,2015-04-08,0.2,0.0,0.0,0.0,0.2,0.2,0.2,10000104,2015-09-23,2015-09-23,P,2.8,2015-03-24
24034,2015-04-08 10:05:00,2015-04-08,0.2,0.0,0.0,0.0,0.2,0.2,0.2,10000104,2015-09-23,2015-09-23,P,2.8,2015-03-24
24035,2015-04-08 10:06:00,2015-04-08,0.2,0.0,0.0,0.0,0.2,0.2,0.2,10000104,2015-09-23,2015-09-23,P,2.8,2015-03-24
24036,2015-04-08 10:07:00,2015-04-08,0.2,0.0,0.0,0.0,0.2,0.2,0.2,10000104,2015-09-23,2015-09-23,P,2.8,2015-03-24
24037,2015-04-08 10:08:00,2015-04-08,0.2,0.0,0.0,0.0,0.2,0.2,0.2,10000104,2015-09-23,2015-09-23,P,2.8,2015-03-24
24038,2015-04-08 10:09:00,2015-04-08,0.2,0.0,0.0,0.0,0.2,0.2,0.2,10000104,2015-09-23,2015-09-23,P,2.8,2015-03-24
24039,2015-04-08 10:10:00,2015-04-08,0.2,0.0,0.0,0.0,0.2,0.2,0.2,10000104,2015-09-23,2015-09-23,P,2.8,2015-03-24
24040,2015-04-08 10:11:00,2015-04-08,0.2,0.0,0.0,0.0,0.2,0.2,0.2,10000104,2015-09-23,2015-09-23,P,2.8,2015-03-24
24041,2015-04-08 10:12:00,2015-04-08,0.2022,-42460.0,-22.0,94.0,0.2022,0.2022,0.2022,10000104,2015-09-23,2015-09-23,P,2.8,2015-03-24
24042,2015-04-08 10:13:00,2015-04-08,0.2022,0.0,0.0,94.0,0.2022,0.2022,0.2022,10000104,2015-09-23,2015-09-23,P,2.8,2015-03-24
24043,2015-04-08 10:14:00,2015-04-08,0.2022,0.0,0.0,94.0,0.2022,0.2022,0.2022,10000104,2015-09-23,2015-09-23,P,2.8,2015-03-24
24044,2015-04-08 10:15:00,2015-04-08,0.2022,0.0,0.0,94.0,0.2022,0.2022,0.2022,10000104,2015-09-23,2015-09-23,P,2.8,2015-03-24
24045,2015-04-08 10:16:00,2015-04-08,0.2022,0.0,0.0,94.0,0.2022,0.2022,0.2022,10000104,2015-09-23,2015-09-23,P,2.8,2015-03-24
24046,2015-04-08 10:17:00,2015-04-08,0.2022,0.0,0.0,94.0,0.2022,0.2022,0.2022,10000104,2015-09-23,2015-09-23,P,2.8,2015-03-24
24047,2015-04-08 10:18:00,2015-04-08,0.2022,0.0,0.0,94.0,0.2022,0.2022,0.2022,10000104,2015-09-23,2015-09-23,P,2.8,2015-03-24
24048,2015-04-08 10:19:00,2015-04-08,0.2022,0.0,0.0,94.0,0.2022,0.2022,0.2022,10000104,2015-09-23,2015-09-23,P,2.8,2015-03-24
24049,2015-04-08 10:20:00,2015-04-08,0.2022,0.0,0.0,94.0,0.2022,0.2022,0.2022,10000104,2015-09-23,2015-09-23,P,2.8,2015-03-24
24050,2015-04-08 10:21:00,2015-04-08,0.2022,0.0,0.0,94.0,0.2022,0.2022,0.2022,10000104,2015-09-23,2015-09-23,P,2.8,2015-03-24
24051,2015-04-08 10:22:00,2015-04-08,0.2022,0.0,0.0,94.0,0.2022,0.2022,0.2022,10000104,2015-09-23,2015-09-23,P,2.8,2015-03-24
24052,2015-04-08 10:23:00,2015-04-08,0.2022,0.0,0.0,94.0,0.2022,0.2022,0.2022,10000104,2015-09-23,2015-09-23,P,2.8,2015-03-24
24053,2015-04-08 10:24:00,2015-04-08,0.2022,0.0,0.0,94.0,0.2022,0.2022,0.2022,10000104,2015-09-23,2015-09-23,P,2.8,2015-03-24
24054,2015-04-08 10:25:00,2015-04-08,0.2022,0.0,0.0,94.0,0.2022,0.2022,0.2022,10000104,2015-09-23,2015-09-23,P,2.8,2015-03-24
24055,2015-04-08 10:26:00,2015-04-08,0.2022,0.0,0.0,94.0,0.2022,0.2022,0.2022,10000104,2015-09-23,2015-09-23,P,2.8,2015-03-24
24056,2015-04-08 10:27:00,2015-04-08,0.2022,0.0,0.0,94.0,0.2022,0.2022,0.2022,10000104,2015-09-23,2015-09-23,P,2.8,2015-03-24
24057,2015-04-08 10:28:00,2015-04-08,0.2022,0.0,0.0,94.0,0.2022,0.2022,0.2022,10000104,2015-09-23,2015-09-23,P,2.8,2015-03-24
24058,2015-04-08 10:29:00,2015-04-08,0.2022,0.0,0.0,94.0,0.2022,0.2022,0.2022,10000104,2015-09-23,2015-09-23,P,2.8,2015-03-24
24059,2015-04-08 10:30:00,2015-04-08,0.2022,0.0,0.0,94.0,0.2022,0.2022,0.2022,10000104,2015-09-23,2015-09-23,P,2.8,2015-03-24
24060,2015-04-08 10:31:00,2015-04-08,0.2022,0.0,0.0,94.0,0.2022,0.2022,0.2022,10000104,2015-09-23,2015-09-23,P,2.8,2015-03-24
24061,2015-04-08 10:32:00,2015-04-08,0.2022,6066.0,3.0,97.0,0.2022,0.2022,0.2022,10000104,2015-09-23,2015-09-23,P,2.8,2015-03-24
24062,2015-04-08 10:33:00,2015-04-08,0.2022,0.0,0.0,97.0,0.2022,0.2022,0.2022,10000104,2015-09-23,2015-09-23,P,2.8,2015-03-24
24063,2015-04-08 10:34:00,2015-04-08,0.2022,0.0,0.0,97.0,0.2022,0.2022,0.2022,10000104,2015-09-23,2015-09-23,P,2.8,2015-03-24
24064,2015-04-08 10:35:00,2015-04-08,0.2022,0.0,0.0,97.0,0.2022,0.2022,0.2022,10000104,2015-09-23,2015-09-23,P,2.8,2015-03-24
24065,2015-04-08 10:36:00,2015-04-08,0.2022,0.0,0.0,97.0,0.2022,0.2022,0.2022,10000104,2015-09-23,2015-09-23,P,2.8,2015-03-24
24066,2015-04-08 10:37:00,2015-04-08,0.2022,0.0,0.0,97.0,0.2022,0.2022,0.2022,10000104,2015-09-23,2015-09-23,P,2.8,2015-03-24
24067,2015-04-08 10:38:00,2015-04-08,0.2022,0.0,0.0,97.0,0.2022,0.2022,0.2022,10000104,2015-09-23,2015-09-23,P,2.8,2015-03-24
24068,2015-04-08 10:39:00,2015-04-08,0.2022,0.0,0.0,97.0,0.2022,0.2022,0.2022,10000104,2015-09-23,2015-09-23,P,2.8,2015-03-24
24069,2015-04-08 10:40:00,2015-04-08,0.2022,0.0,0.0,97.0,0.2022,0.2022,0.2022,10000104,2015-09-23,2015-09-23,P,2.8,2015-03-24
24070,2015-04-08 10:41:00,2015-04-08,0.2022,0.0,0.0,97.0,0.2022,0.2022,0.2022,10000104,2015-09-23,2015-09-23,P,2.8,2015-03-24
24071,2015-04-08 10:42:00,2015-04-08,0.2022,2022.0,1.0,98.0,0.2022,0.2022,0.2022,10000104,2015-09-23,2015-09-23,P,2.8,2015-03-24
24072,2015-04-08 10:43:00,2015-04-08,0.2022,0.0,0.0,98.0,0.2022,0.2022,0.2022,10000104,2015-09-23,2015-09-23,P,2.8,2015-03-24
24073,2015-04-08 10:44:00,2015-04-08,0.2022,0.0,0.0,98.0,0.2022,0.2022,0.2022,10000104,2015-09-23,2015-09-23,P,2.8,2015-03-24
24074,2015-04-08 10:45:00,2015-04-08,0.2022,0.0,0.0,98.0,0.2022,0.2022,0.2022,10000104,2015-09-23,2015-09-23,P,2.8,2015-03-24
24075,2015-04-08 10:46:00,2015-04-08,0.1869,13083.0,7.0,98.0,0.1869,0.1869,0.1869,10000104,2015-09-23,2015-09-23,P,2.8,2015-03-24
24076,2015-04-08 10:47:00,2015-04-08,0.1869,0.0,0.0,98.0,0.1869,0.1869,0.1869,10000104,2015-09-23,2015-09-23,P,2.8,2015-03-24
24077,2015-04-08 10:48:00,2015-04-08,0.1869,0.0,0.0,98.0,0.1869,0.1869,0.1869,10000104,2015-09-23,2015-09-23,P,2.8,2015-03-24
24078,2015-04-08 10:49:00,2015-04-08,0.1869,0.0,0.0,98.0,0.1869,0.1869,0.1869,10000104,2015-09-23,2015-09-23,P,2.8,2015-03-24
24079,2015-04-08 10:50:00,2015-04-08,0.1869,0.0,0.0,98.0,0.1869,0.1869,0.1869,10000104,2015-09-23,2015-09-23,P,2.8,2015-03-24
24080,2015-04-08 10:51:00,2015-04-08,0.1869,0.0,0.0,98.0,0.1869,0.1869,0.1869,10000104,2015-09-23,2015-09-23,P,2.8,2015-03-24
24081,2015-04-08 10:52:00,2015-04-08,0.1869,0.0,0.0,98.0,0.1869,0.1869,0.1869,10000104,2015-09-23,2015-09-23,P,2.8,2015-03-24
24082,2015-04-08 10:53:00,2015-04-08,0.1869,0.0,0.0,98.0,0.1869,0.1869,0.1869,10000104,2015-09-23,2015-09-23,P,2.8,2015-03-24
24083,2015-04-08 10:54:00,2015-04-08,0.1869,0.0,0.0,98.0,0.1869,0.1869,0.1869,10000104,2015-09-23,2015-09-23,P,2.8,2015-03-24
24084,2015-04-08 10:55:00,2015-04-08,0.1869,0.0,0.0,98.0,0.1869,0.1869,0.1869,10000104,2015-09-23,2015-09-23,P,2.8,2015-03-24
24085,2015-04-08 10:56:00,2015-04-08,0.1869,0.0,0.0,98.0,0.1869,0.1869,0.1869,10000104,2015-09-23,2015-09-23,P,2.8,2015-03-24
24086,2015-04-08 10:57:00,2015-04-08,0.1869,0.0,0.0,98.0,0.1869,0.1869,0.1869,10000104,2015-09-23,2015-09-23,P,2.8,2015-03-24
24087,2015-04-08 10:58:00,2015-04-08,0.1869,0.0,0.0,98.0,0.1869,0.1869,0.1869,10000104,2015-09-23,2015-09-23,P,2.8,2015-03-24
24088,2015-04-08 10:59:00,2015-04-08,0.1869,0.0,0.0,98.0,0.1869,0.1869,0.1869,10000104,2015-09-23,2015-09-23,P,2.8,2015-03-24
24089,2015-04-08 11:00:00,2015-04-08,0.1869,0.0,0.0,98.0,0.1869,0.1869,0.1869,10000104,2015-09-23,2015-09-23,P,2.8,2015-03-24
24090,2015-04-08 11:01:00,2015-04-08,0.1869,0.0,0.0,98.0,0.1869,0.1869,0.1869,10000104,2015-09-23,2015-09-23,P,2.8,2015-03-24
24091,2015-04-08 11:02:00,2015-04-08,0.1869,0.0,0.0,98.0,0.1869,0.1869,0.1869,10000104,2015-09-23,2015-09-23,P,2.8,2015-03-24
24092,2015-04-08 11:03:00,2015-04-08,0.1869,0.0,0.0,98.0,0.1869,0.1869,0.1869,10000104,2015-09-23,2015-09-23,P,2.8,2015-03-24
24093,2015-04-08 11:04:00,2015-04-08,0.1869,0.0,0.0,98.0,0.1869,0.1869,0.1869,10000104,2015-09-23,2015-09-23,P,2.8,2015-03-24
24094,2015-04-08 11:05:00,2015-04-08,0.1869,0.0,0.0,98.0,0.1869,0.1869,0.1869,10000104,2015-09-23,2015-09-23,P,2.8,2015-03-24
24095,2015-04-08 11:06:00,2015-04-08,0.1869,0.0,0.0,98.0,0.1869,0.1869,0.1869,10000104,2015-09-23,2015-09-23,P,2.8,2015-03-24
24096,2015-04-08 11:07:00,2015-04-08,0.1869,0.0,0.0,98.0,0.1869,0.1869,0.1869,10000104,2015-09-23,2015-09-23,P,2.8,2015-03-24
24097,2015-04-08 11:08:00,2015-04-08,0.1869,0.0,0.0,98.0,0.1869,0.1869,0.1869,10000104,2015-09-23,2015-09-23,P,2.8,2015-03-24
24098,2015-04-08 11:09:00,2015-04-08,0.1869,0.0,0.0,98.0,0.1869,0.1869,0.1869,10000104,2015-09-23,2015-09-23,P,2.8,2015-03-24
24099,2015-04-08 11:10:00,2015-04-08,0.1869,0.0,0.0,98.0,0.1869,0.1869,0.1869,10000104,2015-09-23,2015-09-23,P,2.8,2015-03-24
24100,2015-04-08 11:11:00,2015-04-08,0.1869,0.0,0.0,98.0,0.1869,0.1869,0.1869,10000104,2015-09-23,2015-09-23,P,2.8,2015-03-24
24101,2015-04-08 11:12:00,2015-04-08,0.1869,0.0,0.0,98.0,0.1869,0.1869,0.1869,10000104,2015-09-23,2015-09-23,P,2.8,2015-03-24
24102,2015-04-08 11:13:00,2015-04-08,0.1869,0.0,0.0,98.0,0.1869,0.1869,0.1869,10000104,2015-09-23,2015-09-23,P,2.8,2015-03-24
24103,2015-04-08 11:14:00,2015-04-08,0.1869,0.0,0.0,98.0,0.1869,0.1869,0.1869,10000104,2015-09-23,2015-09-23,P,2.8,2015-03-24
24104,2015-04-08 11:15:00,2015-04-08,0.1869,0.0,0.0,98.0,0.1869,0.1869,0.1869,10000104,2015-09-23,2015-09-23,P,2.8,2015-03-24
24105,2015-04-08 11:16:00,2015-04-08,0.1869,0.0,0.0,98.0,0.1869,0.1869,0.1869,10000104,2015-09-23,2015-09-23,P,2.8,2015-03-24
24106,2015-04-08 11:17:00,2015-04-08,0.1869,0.0,0.0,98.0,0.1869,0.1869,0.1869,10000104,2015-09-23,2015-09-23,P,2.8,2015-03-24
24107,2015-04-08 11:18:00,2015-04-08,0.1869,0.0,0.0,98.0,0.1869,0.1869,0.1869,10000104,2015-09-23,2015-09-23,P,2.8,2015-03-24
24108,2015-04-08 11:19:00,2015-04-08,0.1869,0.0,0.0,98.0,0.1869,0.1869,0.1869,10000104,2015-09-23,2015-09-23,P,2.8,2015-03-24
24109,2015-04-08 11:20:00,2015-04-08,0.1869,0.0,0.0,98.0,0.1869,0.1869,0.1869,10000104,2015-09-23,2015-09-23,P,2.8,2015-03-24
24110,2015-04-08 11:21:00,2015-04-08,0.1869,0.0,0.0,98.0,0.1869,0.1869,0.1869,10000104,2015-09-23,2015-09-23,P,2.8,2015-03-24
24111,2015-04-08 11:22:00,2015-04-08,0.1869,0.0,0.0,98.0,0.1869,0.1869,0.1869,10000104,2015-09-23,2015-09-23,P,2.8,2015-03-24
24112,2015-04-08 11:23:00,2015-04-08,0.1869,0.0,0.0,98.0,0.1869,0.1869,0.1869,10000104,2015-09-23,2015-09-23,P,2.8,2015-03-24
24113,2015-04-08 11:24:00,2015-04-08,0.1869,0.0,0.0,98.0,0.1869,0.1869,0.1869,10000104,2015-09-23,2015-09-23,P,2.8,2015-03-24
24114,2015-04-08 11:25:00,2015-04-08,0.1869,0.0,0.0,98.0,0.1869,0.1869,0.1869,10000104,2015-09-23,2015-09-23,P,2.8,2015-03-24
24115,2015-04-08 11:26:00,2015-04-08,0.1869,0.0,0.0,98.0,0.1869,0.1869,0.1869,10000104,2015-09-23,2015-09-23,P,2.8,2015-03-24
24116,2015-04-08 11:27:00,2015-04-08,0.1869,0.0,0.0,98.0,0.1869,0.1869,0.1869,10000104,2015-09-23,2015-09-23,P,2.8,2015-03-24
24117,2015-04-08 11:28:00,2015-04-08,0.1869,0.0,0.0,98.0,0.1869,0.1869,0.1869,10000104,2015-09-23,2015-09-23,P,2.8,2015-03-24
24118,2015-04-08 11:29:00,2015-04-08,0.1869,0.0,0.0,98.0,0.1869,0.1869,0.1869,10000104,2015-09-23,2015-09-23,P,2.8,2015-03-24
24119,2015-04-08 11:30:00,2015-04-08,0.1869,0.0,0.0,98.0,0.1869,0.1869,0.1869,10000104,2015-09-23,2015-09-23,P,2.8,2015-03-24
24120,2015-04-08 13:01:00,2015-04-08,0.1869,0.0,0.0,98.0,0.1869,0.1869,0.1869,10000104,2015-09-23,2015-09-23,P,2.8,2015-03-24
24121,2015-04-08 13:02:00,2015-04-08,0.1869,0.0,0.0,98.0,0.1869,0.1869,0.1869,10000104,2015-09-23,2015-09-23,P,2.8,2015-03-24
24122,2015-04-08 13:03:00,2015-04-08,0.1869,0.0,0.0,98.0,0.1869,0.1869,0.1869,10000104,2015-09-23,2015-09-23,P,2.8,2015-03-24
24123,2015-04-08 13:04:00,2015-04-08,0.1869,0.0,0.0,98.0,0.1869,0.1869,0.1869,10000104,2015-09-23,2015-09-23,P,2.8,2015-03-24
24124,2015-04-08 13:05:00,2015-04-08,0.1869,0.0,0.0,98.0,0.1869,0.1869,0.1869,10000104,2015-09-23,2015-09-23,P,2.8,2015-03-24
24125,2015-04-08 13:06:00,2015-04-08,0.1869,0.0,0.0,98.0,0.1869,0.1869,0.1869,10000104,2015-09-23,2015-09-23,P,2.8,2015-03-24
24126,2015-04-08 13:07:00,2015-04-08,0.1869,0.0,0.0,98.0,0.1869,0.1869,0.1869,10000104,2015-09-23,2015-09-23,P,2.8,2015-03-24
24127,2015-04-08 13:08:00,2015-04-08,0.1869,0.0,0.0,98.0,0.1869,0.1869,0.1869,10000104,2015-09-23,2015-09-23,P,2.8,2015-03-24
24128,2015-04-08 13:09:00,2015-04-08,0.1869,0.0,0.0,98.0,0.1869,0.1869,0.1869,10000104,2015-09-23,2015-09-23,P,2.8,2015-03-24
24129,2015-04-08 13:10:00,2015-04-08,0.2009,2009.0,1.0,99.0,0.2009,0.2009,0.2009,10000104,2015-09-23,2015-09-23,P,2.8,2015-03-24
24130,2015-04-08 13:11:00,2015-04-08,0.2009,0.0,0.0,99.0,0.2009,0.2009,0.2009,10000104,2015-09-23,2015-09-23,P,2.8,2015-03-24
24131,2015-04-08 13:12:00,2015-04-08,0.2009,0.0,0.0,99.0,0.2009,0.2009,0.2009,10000104,2015-09-23,2015-09-23,P,2.8,2015-03-24
24132,2015-04-08 13:13:00,2015-04-08,0.2009,0.0,0.0,99.0,0.2009,0.2009,0.2009,10000104,2015-09-23,2015-09-23,P,2.8,2015-03-24
24133,2015-04-08 13:14:00,2015-04-08,0.2009,0.0,0.0,99.0,0.2009,0.2009,0.2009,10000104,2015-09-23,2015-09-23,P,2.8,2015-03-24
24134,2015-04-08 13:15:00,2015-04-08,0.2009,0.0,0.0,99.0,0.2009,0.2009,0.2009,10000104,2015-09-23,2015-09-23,P,2.8,2015-03-24
24135,2015-04-08 13:16:00,2015-04-08,0.2009,0.0,0.0,99.0,0.2009,0.2009,0.2009,10000104,2015-09-23,2015-09-23,P,2.8,2015-03-24
24136,2015-04-08 13:17:00,2015-04-08,0.2009,0.0,0.0,99.0,0.2009,0.2009,0.2009,10000104,2015-09-23,2015-09-23,P,2.8,2015-03-24
24137,2015-04-08 13:18:00,2015-04-08,0.2009,0.0,0.0,99.0,0.2009,0.2009,0.2009,10000104,2015-09-23,2015-09-23,P,2.8,2015-03-24
24138,2015-04-08 13:19:00,2015-04-08,0.2009,0.0,0.0,99.0,0.2009,0.2009,0.2009,10000104,2015-09-23,2015-09-23,P,2.8,2015-03-24
24139,2015-04-08 13:20:00,2015-04-08,0.2009,0.0,0.0,99.0,0.2009,0.2009,0.2009,10000104,2015-09-23,2015-09-23,P,2.8,2015-03-24
24140,2015-04-08 13:21:00,2015-04-08,0.2009,0.0,0.0,99.0,0.2009,0.2009,0.2009,10000104,2015-09-23,2015-09-23,P,2.8,2015-03-24
24141,2015-04-08 13:22:00,2015-04-08,0.2009,0.0,0.0,99.0,0.2009,0.2009,0.2009,10000104,2015-09-23,2015-09-23,P,2.8,2015-03-24
24142,2015-04-08 13:23:00,2015-04-08,0.2009,0.0,0.0,99.0,0.2009,0.2009,0.2009,10000104,2015-09-23,2015-09-23,P,2.8,2015-03-24
24143,2015-04-08 13:24:00,2015-04-08,0.2009,0.0,0.0,99.0,0.2009,0.2009,0.2009,10000104,2015-09-23,2015-09-23,P,2.8,2015-03-24
24144,2015-04-08 13:25:00,2015-04-08,0.1928,19280.0,10.0,97.0,0.1928,0.1928,0.1928,10000104,2015-09-23,2015-09-23,P,2.8,2015-03-24
24145,2015-04-08 13:26:00,2015-04-08,0.1928,0.0,0.0,97.0,0.1928,0.1928,0.1928,10000104,2015-09-23,2015-09-23,P,2.8,2015-03-24
24146,2015-04-08 13:27:00,2015-04-08,0.1928,0.0,0.0,97.0,0.1928,0.1928,0.1928,10000104,2015-09-23,2015-09-23,P,2.8,2015-03-24
24147,2015-04-08 13:28:00,2015-04-08,0.1928,0.0,0.0,97.0,0.1928,0.1928,0.1928,10000104,2015-09-23,2015-09-23,P,2.8,2015-03-24
24148,2015-04-08 13:29:00,2015-04-08,0.1928,0.0,0.0,97.0,0.1928,0.1928,0.1928,10000104,2015-09-23,2015-09-23,P,2.8,2015-03-24
24149,2015-04-08 13:30:00,2015-04-08,0.1928,0.0,0.0,97.0,0.1928,0.1928,0.1928,10000104,2015-09-23,2015-09-23,P,2.8,2015-03-24
24150,2015-04-08 13:31:00,2015-04-08,0.1928,0.0,0.0,97.0,0.1928,0.1928,0.1928,10000104,2015-09-23,2015-09-23,P,2.8,2015-03-24
24151,2015-04-08 13:32:00,2015-04-08,0.1928,0.0,0.0,97.0,0.1928,0.1928,0.1928,10000104,2015-09-23,2015-09-23,P,2.8,2015-03-24
24152,2015-04-08 13:33:00,2015-04-08,0.1928,0.0,0.0,97.0,0.1928,0.1928,0.1928,10000104,2015-09-23,2015-09-23,P,2.8,2015-03-24
24153,2015-04-08 13:34:00,2015-04-08,0.1928,0.0,0.0,97.0,0.1928,0.1928,0.1928,10000104,2015-09-23,2015-09-23,P,2.8,2015-03-24
24154,2015-04-08 13:35:00,2015-04-08,0.1928,0.0,0.0,97.0,0.1928,0.1928,0.1928,10000104,2015-09-23,2015-09-23,P,2.8,2015-03-24
24155,2015-04-08 13:36:00,2015-04-08,0.1928,0.0,0.0,97.0,0.1928,0.1928,0.1928,10000104,2015-09-23,2015-09-23,P,2.8,2015-03-24
24156,2015-04-08 13:37:00,2015-04-08,0.1928,0.0,0.0,97.0,0.1928,0.1928,0.1928,10000104,2015-09-23,2015-09-23,P,2.8,2015-03-24
24157,2015-04-08 13:38:00,2015-04-08,0.1928,0.0,0.0,97.0,0.1928,0.1928,0.1928,10000104,2015-09-23,2015-09-23,P,2.8,2015-03-24
24158,2015-04-08 13:39:00,2015-04-08,0.1928,0.0,0.0,97.0,0.1928,0.1928,0.1928,10000104,2015-09-23,2015-09-23,P,2.8,2015-03-24
24159,2015-04-08 13:40:00,2015-04-08,0.1928,0.0,0.0,97.0,0.1928,0.1928,0.1928,10000104,2015-09-23,2015-09-23,P,2.8,2015-03-24
24160,2015-04-08 13:41:00,2015-04-08,0.1928,0.0,0.0,97.0,0.1928,0.1928,0.1928,10000104,2015-09-23,2015-09-23,P,2.8,2015-03-24
24161,2015-04-08 13:42:00,2015-04-08,0.1928,0.0,0.0,97.0,0.1928,0.1928,0.1928,10000104,2015-09-23,2015-09-23,P,2.8,2015-03-24
24162,2015-04-08 13:43:00,2015-04-08,0.1928,0.0,0.0,97.0,0.1928,0.1928,0.1928,10000104,2015-09-23,2015-09-23,P,2.8,2015-03-24
24163,2015-04-08 13:44:00,2015-04-08,0.1928,0.0,0.0,97.0,0.1928,0.1928,0.1928,10000104,2015-09-23,2015-09-23,P,2.8,2015-03-24
24164,2015-04-08 13:45:00,2015-04-08,0.1928,0.0,0.0,97.0,0.1928,0.1928,0.1928,10000104,2015-09-23,2015-09-23,P,2.8,2015-03-24
24165,2015-04-08 13:46:00,2015-04-08,0.1928,0.0,0.0,97.0,0.1928,0.1928,0.1928,10000104,2015-09-23,2015-09-23,P,2.8,2015-03-24
24166,2015-04-08 13:47:00,2015-04-08,0.1928,0.0,0.0,97.0,0.1928,0.1928,0.1928,10000104,2015-09-23,2015-09-23,P,2.8,2015-03-24
24167,2015-04-08 13:48:00,2015-04-08,0.1928,0.0,0.0,97.0,0.1928,0.1928,0.1928,10000104,2015-09-23,2015-09-23,P,2.8,2015-03-24
24168,2015-04-08 13:49:00,2015-04-08,0.1928,0.0,0.0,97.0,0.1928,0.1928,0.1928,10000104,2015-09-23,2015-09-23,P,2.8,2015-03-24
24169,2015-04-08 13:50:00,2015-04-08,0.1928,0.0,0.0,97.0,0.1928,0.1928,0.1928,10000104,2015-09-23,2015-09-23,P,2.8,2015-03-24
24170,2015-04-08 13:51:00,2015-04-08,0.1928,0.0,0.0,97.0,0.1928,0.1928,0.1928,10000104,2015-09-23,2015-09-23,P,2.8,2015-03-24
24171,2015-04-08 13:52:00,2015-04-08,0.1928,0.0,0.0,97.0,0.1928,0.1928,0.1928,10000104,2015-09-23,2015-09-23,P,2.8,2015-03-24
24172,2015-04-08 13:53:00,2015-04-08,0.1928,0.0,0.0,97.0,0.1928,0.1928,0.1928,10000104,2015-09-23,2015-09-23,P,2.8,2015-03-24
24173,2015-04-08 13:54:00,2015-04-08,0.1928,0.0,0.0,97.0,0.1928,0.1928,0.1928,10000104,2015-09-23,2015-09-23,P,2.8,2015-03-24
24174,2015-04-08 13:55:00,2015-04-08,0.1928,0.0,0.0,97.0,0.1928,0.1928,0.1928,10000104,2015-09-23,2015-09-23,P,2.8,2015-03-24
24175,2015-04-08 13:56:00,2015-04-08,0.1928,0.0,0.0,97.0,0.1928,0.1928,0.1928,10000104,2015-09-23,2015-09-23,P,2.8,2015-03-24
24176,2015-04-08 13:57:00,2015-04-08,0.1928,0.0,0.0,97.0,0.1928,0.1928,0.1928,10000104,2015-09-23,2015-09-23,P,2.8,2015-03-24
24177,2015-04-08 13:58:00,2015-04-08,0.1928,0.0,0.0,97.0,0.1928,0.1928,0.1928,10000104,2015-09-23,2015-09-23,P,2.8,2015-03-24
24178,2015-04-08 13:59:00,2015-04-08,0.1928,0.0,0.0,97.0,0.1928,0.1928,0.1928,10000104,2015-09-23,2015-09-23,P,2.8,2015-03-24
24179,2015-04-08 14:00:00,2015-04-08,0.1928,0.0,0.0,97.0,0.1928,0.1928,0.1928,10000104,2015-09-23,2015-09-23,P,2.8,2015-03-24
24180,2015-04-08 14:01:00,2015-04-08,0.1928,0.0,0.0,97.0,0.1928,0.1928,0.1928,10000104,2015-09-23,2015-09-23,P,2.8,2015-03-24
24181,2015-04-08 14:02:00,2015-04-08,0.1928,0.0,0.0,97.0,0.1928,0.1928,0.1928,10000104,2015-09-23,2015-09-23,P,2.8,2015-03-24
24182,2015-04-08 14:03:00,2015-04-08,0.1928,0.0,0.0,97.0,0.1928,0.1928,0.1928,10000104,2015-09-23,2015-09-23,P,2.8,2015-03-24
24183,2015-04-08 14:04:00,2015-04-08,0.1928,0.0,0.0,97.0,0.1928,0.1928,0.1928,10000104,2015-09-23,2015-09-23,P,2.8,2015-03-24
24184,2015-04-08 14:05:00,2015-04-08,0.1928,0.0,0.0,97.0,0.1928,0.1928,0.1928,10000104,2015-09-23,2015-09-23,P,2.8,2015-03-24
24185,2015-04-08 14:06:00,2015-04-08,0.1928,0.0,0.0,97.0,0.1928,0.1928,0.1928,10000104,2015-09-23,2015-09-23,P,2.8,2015-03-24
24186,2015-04-08 14:07:00,2015-04-08,0.1928,0.0,0.0,97.0,0.1928,0.1928,0.1928,10000104,2015-09-23,2015-09-23,P,2.8,2015-03-24
24187,2015-04-08 14:08:00,2015-04-08,0.1928,0.0,0.0,97.0,0.1928,0.1928,0.1928,10000104,2015-09-23,2015-09-23,P,2.8,2015-03-24
24188,2015-04-08 14:09:00,2015-04-08,0.1928,0.0,0.0,97.0,0.1928,0.1928,0.1928,10000104,2015-09-23,2015-09-23,P,2.8,2015-03-24
24189,2015-04-08 14:10:00,2015-04-08,0.1928,0.0,0.0,97.0,0.1928,0.1928,0.1928,10000104,2015-09-23,2015-09-23,P,2.8,2015-03-24
24190,2015-04-08 14:11:00,2015-04-08,0.1928,0.0,0.0,97.0,0.1928,0.1928,0.1928,10000104,2015-09-23,2015-09-23,P,2.8,2015-03-24
24191,2015-04-08 14:12:00,2015-04-08,0.1928,0.0,0.0,97.0,0.1928,0.1928,0.1928,10000104,2015-09-23,2015-09-23,P,2.8,2015-03-24
24192,2015-04-08 14:13:00,2015-04-08,0.1928,0.0,0.0,97.0,0.1928,0.1928,0.1928,10000104,2015-09-23,2015-09-23,P,2.8,2015-03-24
24193,2015-04-08 14:14:00,2015-04-08,0.1928,0.0,0.0,97.0,0.1928,0.1928,0.1928,10000104,2015-09-23,2015-09-23,P,2.8,2015-03-24
24194,2015-04-08 14:15:00,2015-04-08,0.1928,0.0,0.0,97.0,0.1928,0.1928,0.1928,10000104,2015-09-23,2015-09-23,P,2.8,2015-03-24
24195,2015-04-08 14:16:00,2015-04-08,0.1928,0.0,0.0,97.0,0.1928,0.1928,0.1928,10000104,2015-09-23,2015-09-23,P,2.8,2015-03-24
24196,2015-04-08 14:17:00,2015-04-08,0.1928,0.0,0.0,97.0,0.1928,0.1928,0.1928,10000104,2015-09-23,2015-09-23,P,2.8,2015-03-24
24197,2015-04-08 14:18:00,2015-04-08,0.1928,0.0,0.0,97.0,0.1928,0.1928,0.1928,10000104,2015-09-23,2015-09-23,P,2.8,2015-03-24
24198,2015-04-08 14:19:00,2015-04-08,0.1928,0.0,0.0,97.0,0.1928,0.1928,0.1928,10000104,2015-09-23,2015-09-23,P,2.8,2015-03-24
24199,2015-04-08 14:20:00,2015-04-08,0.1928,0.0,0.0,97.0,0.1928,0.1928,0.1928,10000104,2015-09-23,2015-09-23,P,2.8,2015-03-24
24200,2015-04-08 14:21:00,2015-04-08,0.1928,0.0,0.0,97.0,0.1928,0.1928,0.1928,10000104,2015-09-23,2015-09-23,P,2.8,2015-03-24
24201,2015-04-08 14:22:00,2015-04-08,0.1928,0.0,0.0,97.0,0.1928,0.1928,0.1928,10000104,2015-09-23,2015-09-23,P,2.8,2015-03-24
24202,2015-04-08 14:23:00,2015-04-08,0.1928,0.0,0.0,97.0,0.1928,0.1928,0.1928,10000104,2015-09-23,2015-09-23,P,2.8,2015-03-24
24203,2015-04-08 14:24:00,2015-04-08,0.1928,0.0,0.0,97.0,0.1928,0.1928,0.1928,10000104,2015-09-23,2015-09-23,P,2.8,2015-03-24
24204,2015-04-08 14:25:00,2015-04-08,0.1928,0.0,0.0,97.0,0.1928,0.1928,0.1928,10000104,2015-09-23,2015-09-23,P,2.8,2015-03-24
24205,2015-04-08 14:26:00,2015-04-08,0.1928,0.0,0.0,97.0,0.1928,0.1928,0.1928,10000104,2015-09-23,2015-09-23,P,2.8,2015-03-24
24206,2015-04-08 14:27:00,2015-04-08,0.1928,0.0,0.0,97.0,0.1928,0.1928,0.1928,10000104,2015-09-23,2015-09-23,P,2.8,2015-03-24
24207,2015-04-08 14:28:00,2015-04-08,0.1928,0.0,0.0,97.0,0.1928,0.1928,0.1928,10000104,2015-09-23,2015-09-23,P,2.8,2015-03-24
24208,2015-04-08 14:29:00,2015-04-08,0.1928,0.0,0.0,97.0,0.1928,0.1928,0.1928,10000104,2015-09-23,2015-09-23,P,2.8,2015-03-24
24209,2015-04-08 14:30:00,2015-04-08,0.1928,0.0,0.0,97.0,0.1928,0.1928,0.1928,10000104,2015-09-23,2015-09-23,P,2.8,2015-03-24
24210,2015-04-08 14:31:00,2015-04-08,0.1928,0.0,0.0,97.0,0.1928,0.1928,0.1928,10000104,2015-09-23,2015-09-23,P,2.8,2015-03-24
24211,2015-04-08 14:32:00,2015-04-08,0.1928,0.0,0.0,97.0,0.1928,0.1928,0.1928,10000104,2015-09-23,2015-09-23,P,2.8,2015-03-24
24212,2015-04-08 14:33:00,2015-04-08,0.1928,0.0,0.0,97.0,0.1928,0.1928,0.1928,10000104,2015-09-23,2015-09-23,P,2.8,2015-03-24
24213,2015-04-08 14:34:00,2015-04-08,0.1928,0.0,0.0,97.0,0.1928,0.1928,0.1928,10000104,2015-09-23,2015-09-23,P,2.8,2015-03-24
24214,2015-04-08 14:35:00,2015-04-08,0.1928,0.0,0.0,97.0,0.1928,0.1928,0.1928,10000104,2015-09-23,2015-09-23,P,2.8,2015-03-24
24215,2015-04-08 14:36:00,2015-04-08,0.1928,0.0,0.0,97.0,0.1928,0.1928,0.1928,10000104,2015-09-23,2015-09-23,P,2.8,2015-03-24
24216,2015-04-08 14:37:00,2015-04-08,0.1928,0.0,0.0,97.0,0.1928,0.1928,0.1928,10000104,2015-09-23,2015-09-23,P,2.8,2015-03-24
24217,2015-04-08 14:38:00,2015-04-08,0.1928,0.0,0.0,97.0,0.1928,0.1928,0.1928,10000104,2015-09-23,2015-09-23,P,2.8,2015-03-24
24218,2015-04-08 14:39:00,2015-04-08,0.1928,0.0,0.0,97.0,0.1928,0.1928,0.1928,10000104,2015-09-23,2015-09-23,P,2.8,2015-03-24
24219,2015-04-08 14:40:00,2015-04-08,0.1928,0.0,0.0,97.0,0.1928,0.1928,0.1928,10000104,2015-09-23,2015-09-23,P,2.8,2015-03-24
24220,2015-04-08 14:41:00,2015-04-08,0.1928,0.0,0.0,97.0,0.1928,0.1928,0.1928,10000104,2015-09-23,2015-09-23,P,2.8,2015-03-24
24221,2015-04-08 14:42:00,2015-04-08,0.1928,0.0,0.0,97.0,0.1928,0.1928,0.1928,10000104,2015-09-23,2015-09-23,P,2.8,2015-03-24
24222,2015-04-08 14:43:00,2015-04-08,0.1928,0.0,0.0,97.0,0.1928,0.1928,0.1928,10000104,2015-09-23,2015-09-23,P,2.8,2015-03-24
24223,2015-04-08 14:44:00,2015-04-08,0.1928,0.0,0.0,97.0,0.1928,0.1928,0.1928,10000104,2015-09-23,2015-09-23,P,2.8,2015-03-24
24224,2015-04-08 14:45:00,2015-04-08,0.1928,0.0,0.0,97.0,0.1928,0.1928,0.1928,10000104,2015-09-23,2015-09-23,P,2.8,2015-03-24
24225,2015-04-08 14:46:00,2015-04-08,0.1928,0.0,0.0,97.0,0.1928,0.1928,0.1928,10000104,2015-09-23,2015-09-23,P,2.8,2015-03-24
24226,2015-04-08 14:47:00,2015-04-08,0.1928,0.0,0.0,97.0,0.1928,0.1928,0.1928,10000104,2015-09-23,2015-09-23,P,2.8,2015-03-24
24227,2015-04-08 14:48:00,2015-04-08,0.1928,0.0,0.0,97.0,0.1928,0.1928,0.1928,10000104,2015-09-23,2015-09-23,P,2.8,2015-03-24
24228,2015-04-08 14:49:00,2015-04-08,0.1928,0.0,0.0,97.0,0.1928,0.1928,0.1928,10000104,2015-09-23,2015-09-23,P,2.8,2015-03-24
24229,2015-04-08 14:50:00,2015-04-08,0.1928,0.0,0.0,97.0,0.1928,0.1928,0.1928,10000104,2015-09-23,2015-09-23,P,2.8,2015-03-24
24230,2015-04-08 14:51:00,2015-04-08,0.1928,0.0,0.0,97.0,0.1928,0.1928,0.1928,10000104,2015-09-23,2015-09-23,P,2.8,2015-03-24
24231,2015-04-08 14:52:00,2015-04-08,0.1928,0.0,0.0,97.0,0.1928,0.1928,0.1928,10000104,2015-09-23,2015-09-23,P,2.8,2015-03-24
24232,2015-04-08 14:53:00,2015-04-08,0.1928,0.0,0.0,97.0,0.1928,0.1928,0.1928,10000104,2015-09-23,2015-09-23,P,2.8,2015-03-24
24233,2015-04-08 14:54:00,2015-04-08,0.1928,0.0,0.0,97.0,0.1928,0.1928,0.1928,10000104,2015-09-23,2015-09-23,P,2.8,2015-03-24
24234,2015-04-08 14:55:00,2015-04-08,0.1928,0.0,0.0,97.0,0.1928,0.1928,0.1928,10000104,2015-09-23,2015-09-23,P,2.8,2015-03-24
24235,2015-04-08 14:56:00,2015-04-08,0.1928,0.0,0.0,97.0,0.1928,0.1928,0.1928,10000104,2015-09-23,2015-09-23,P,2.8,2015-03-24
24236,2015-04-08 14:57:00,2015-04-08,0.1928,0.0,0.0,97.0,0.1928,0.1928,0.1928,10000104,2015-09-23,2015-09-23,P,2.8,2015-03-24
24237,2015-04-08 14:58:00,2015-04-08,0.1928,0.0,0.0,97.0,0.1928,0.1928,0.1928,10000104,2015-09-23,2015-09-23,P,2.8,2015-03-24
24238,2015-04-08 14:59:00,2015-04-08,0.1928,0.0,0.0,97.0,0.1928,0.1928,0.1928,10000104,2015-09-23,2015-09-23,P,2.8,2015-03-24
24239,2015-04-08 15:00:00,2015-04-08,0.1928,0.0,0.0,97.0,0.1928,0.1928,0.1928,10000104,2015-09-23,2015-09-23,P,2.8,2015-03-24
24240,2015-04-08 09:31:00,2015-04-08,0.0112,3271.0,30.0,547.0,0.0117,0.0106,0.0106,10000027,2015-06-24,2015-06-24,P,2.25,2015-02-09
24241,2015-04-08 09:32:00,2015-04-08,0.0106,0.0,0.0,547.0,0.0106,0.0106,0.0106,10000027,2015-06-24,2015-06-24,P,2.25,2015-02-09
24242,2015-04-08 09:33:00,2015-04-08,0.0106,0.0,0.0,547.0,0.0106,0.0106,0.0106,10000027,2015-06-24,2015-06-24,P,2.25,2015-02-09
24243,2015-04-08 09:34:00,2015-04-08,0.0106,0.0,0.0,547.0,0.0106,0.0106,0.0106,10000027,2015-06-24,2015-06-24,P,2.25,2015-02-09
24244,2015-04-08 09:35:00,2015-04-08,0.0106,0.0,0.0,547.0,0.0106,0.0106,0.0106,10000027,2015-06-24,2015-06-24,P,2.25,2015-02-09
24245,2015-04-08 09:36:00,2015-04-08,0.0106,0.0,0.0,547.0,0.0106,0.0106,0.0106,10000027,2015-06-24,2015-06-24,P,2.25,2015-02-09
24246,2015-04-08 09:37:00,2015-04-08,0.0106,0.0,0.0,547.0,0.0106,0.0106,0.0106,10000027,2015-06-24,2015-06-24,P,2.25,2015-02-09
24247,2015-04-08 09:38:00,2015-04-08,0.0106,0.0,0.0,547.0,0.0106,0.0106,0.0106,10000027,2015-06-24,2015-06-24,P,2.25,2015-02-09
24248,2015-04-08 09:39:00,2015-04-08,0.0106,0.0,0.0,547.0,0.0106,0.0106,0.0106,10000027,2015-06-24,2015-06-24,P,2.25,2015-02-09
24249,2015-04-08 09:40:00,2015-04-08,0.0106,0.0,0.0,547.0,0.0106,0.0106,0.0106,10000027,2015-06-24,2015-06-24,P,2.25,2015-02-09
24250,2015-04-08 09:41:00,2015-04-08,0.0106,0.0,0.0,547.0,0.0106,0.0106,0.0106,10000027,2015-06-24,2015-06-24,P,2.25,2015-02-09
24251,2015-04-08 09:42:00,2015-04-08,0.0106,0.0,0.0,547.0,0.0106,0.0106,0.0106,10000027,2015-06-24,2015-06-24,P,2.25,2015-02-09
24252,2015-04-08 09:43:00,2015-04-08,0.0106,0.0,0.0,547.0,0.0106,0.0106,0.0106,10000027,2015-06-24,2015-06-24,P,2.25,2015-02-09
24253,2015-04-08 09:44:00,2015-04-08,0.0106,0.0,0.0,547.0,0.0106,0.0106,0.0106,10000027,2015-06-24,2015-06-24,P,2.25,2015-02-09
24254,2015-04-08 09:45:00,2015-04-08,0.0106,0.0,0.0,547.0,0.0106,0.0106,0.0106,10000027,2015-06-24,2015-06-24,P,2.25,2015-02-09
24255,2015-04-08 09:46:00,2015-04-08,0.0106,0.0,0.0,547.0,0.0106,0.0106,0.0106,10000027,2015-06-24,2015-06-24,P,2.25,2015-02-09
24256,2015-04-08 09:47:00,2015-04-08,0.0106,0.0,0.0,547.0,0.0106,0.0106,0.0106,10000027,2015-06-24,2015-06-24,P,2.25,2015-02-09
24257,2015-04-08 09:48:00,2015-04-08,0.0106,0.0,0.0,547.0,0.0106,0.0106,0.0106,10000027,2015-06-24,2015-06-24,P,2.25,2015-02-09
24258,2015-04-08 09:49:00,2015-04-08,0.0106,0.0,0.0,547.0,0.0106,0.0106,0.0106,10000027,2015-06-24,2015-06-24,P,2.25,2015-02-09
24259,2015-04-08 09:50:00,2015-04-08,0.0106,0.0,0.0,547.0,0.0106,0.0106,0.0106,10000027,2015-06-24,2015-06-24,P,2.25,2015-02-09
24260,2015-04-08 09:51:00,2015-04-08,0.0106,0.0,0.0,547.0,0.0106,0.0106,0.0106,10000027,2015-06-24,2015-06-24,P,2.25,2015-02-09
24261,2015-04-08 09:52:00,2015-04-08,0.0106,0.0,0.0,547.0,0.0106,0.0106,0.0106,10000027,2015-06-24,2015-06-24,P,2.25,2015-02-09
24262,2015-04-08 09:53:00,2015-04-08,0.0106,0.0,0.0,547.0,0.0106,0.0106,0.0106,10000027,2015-06-24,2015-06-24,P,2.25,2015-02-09
24263,2015-04-08 09:54:00,2015-04-08,0.0106,0.0,0.0,547.0,0.0106,0.0106,0.0106,10000027,2015-06-24,2015-06-24,P,2.25,2015-02-09
24264,2015-04-08 09:55:00,2015-04-08,0.0106,0.0,0.0,547.0,0.0106,0.0106,0.0106,10000027,2015-06-24,2015-06-24,P,2.25,2015-02-09
24265,2015-04-08 09:56:00,2015-04-08,0.0105,945.0,9.0,547.0,0.0105,0.0105,0.0105,10000027,2015-06-24,2015-06-24,P,2.25,2015-02-09
24266,2015-04-08 09:57:00,2015-04-08,0.0105,105.0,1.0,547.0,0.0105,0.0105,0.0105,10000027,2015-06-24,2015-06-24,P,2.25,2015-02-09
24267,2015-04-08 09:58:00,2015-04-08,0.0105,0.0,0.0,547.0,0.0105,0.0105,0.0105,10000027,2015-06-24,2015-06-24,P,2.25,2015-02-09
24268,2015-04-08 09:59:00,2015-04-08,0.0105,0.0,0.0,547.0,0.0105,0.0105,0.0105,10000027,2015-06-24,2015-06-24,P,2.25,2015-02-09
24269,2015-04-08 10:00:00,2015-04-08,0.0105,0.0,0.0,547.0,0.0105,0.0105,0.0105,10000027,2015-06-24,2015-06-24,P,2.25,2015-02-09
24270,2015-04-08 10:01:00,2015-04-08,0.0105,0.0,0.0,547.0,0.0105,0.0105,0.0105,10000027,2015-06-24,2015-06-24,P,2.25,2015-02-09
24271,2015-04-08 10:02:00,2015-04-08,0.0105,0.0,0.0,547.0,0.0105,0.0105,0.0105,10000027,2015-06-24,2015-06-24,P,2.25,2015-02-09
24272,2015-04-08 10:03:00,2015-04-08,0.0105,0.0,0.0,547.0,0.0105,0.0105,0.0105,10000027,2015-06-24,2015-06-24,P,2.25,2015-02-09
24273,2015-04-08 10:04:00,2015-04-08,0.0105,0.0,0.0,547.0,0.0105,0.0105,0.0105,10000027,2015-06-24,2015-06-24,P,2.25,2015-02-09
24274,2015-04-08 10:05:00,2015-04-08,0.0105,0.0,0.0,547.0,0.0105,0.0105,0.0105,10000027,2015-06-24,2015-06-24,P,2.25,2015-02-09
24275,2015-04-08 10:06:00,2015-04-08,0.0105,0.0,0.0,547.0,0.0105,0.0105,0.0105,10000027,2015-06-24,2015-06-24,P,2.25,2015-02-09
24276,2015-04-08 10:07:00,2015-04-08,0.0105,0.0,0.0,547.0,0.0105,0.0105,0.0105,10000027,2015-06-24,2015-06-24,P,2.25,2015-02-09
24277,2015-04-08 10:08:00,2015-04-08,0.0105,0.0,0.0,547.0,0.0105,0.0105,0.0105,10000027,2015-06-24,2015-06-24,P,2.25,2015-02-09
24278,2015-04-08 10:09:00,2015-04-08,0.0105,0.0,0.0,547.0,0.0105,0.0105,0.0105,10000027,2015-06-24,2015-06-24,P,2.25,2015-02-09
24279,2015-04-08 10:10:00,2015-04-08,0.0105,0.0,0.0,547.0,0.0105,0.0105,0.0105,10000027,2015-06-24,2015-06-24,P,2.25,2015-02-09
24280,2015-04-08 10:11:00,2015-04-08,0.0105,0.0,0.0,547.0,0.0105,0.0105,0.0105,10000027,2015-06-24,2015-06-24,P,2.25,2015-02-09
24281,2015-04-08 10:12:00,2015-04-08,0.0105,0.0,0.0,547.0,0.0105,0.0105,0.0105,10000027,2015-06-24,2015-06-24,P,2.25,2015-02-09
24282,2015-04-08 10:13:00,2015-04-08,0.0105,0.0,0.0,547.0,0.0105,0.0105,0.0105,10000027,2015-06-24,2015-06-24,P,2.25,2015-02-09
24283,2015-04-08 10:14:00,2015-04-08,0.0105,0.0,0.0,547.0,0.0105,0.0105,0.0105,10000027,2015-06-24,2015-06-24,P,2.25,2015-02-09
24284,2015-04-08 10:15:00,2015-04-08,0.0105,0.0,0.0,547.0,0.0105,0.0105,0.0105,10000027,2015-06-24,2015-06-24,P,2.25,2015-02-09
24285,2015-04-08 10:16:00,2015-04-08,0.0105,0.0,0.0,547.0,0.0105,0.0105,0.0105,10000027,2015-06-24,2015-06-24,P,2.25,2015-02-09
24286,2015-04-08 10:17:00,2015-04-08,0.0105,0.0,0.0,547.0,0.0105,0.0105,0.0105,10000027,2015-06-24,2015-06-24,P,2.25,2015-02-09
24287,2015-04-08 10:18:00,2015-04-08,0.0105,0.0,0.0,547.0,0.0105,0.0105,0.0105,10000027,2015-06-24,2015-06-24,P,2.25,2015-02-09
24288,2015-04-08 10:19:00,2015-04-08,0.0105,0.0,0.0,547.0,0.0105,0.0105,0.0105,10000027,2015-06-24,2015-06-24,P,2.25,2015-02-09
24289,2015-04-08 10:20:00,2015-04-08,0.0105,0.0,0.0,547.0,0.0105,0.0105,0.0105,10000027,2015-06-24,2015-06-24,P,2.25,2015-02-09
24290,2015-04-08 10:21:00,2015-04-08,0.0105,0.0,0.0,547.0,0.0105,0.0105,0.0105,10000027,2015-06-24,2015-06-24,P,2.25,2015-02-09
24291,2015-04-08 10:22:00,2015-04-08,0.0105,0.0,0.0,547.0,0.0105,0.0105,0.0105,10000027,2015-06-24,2015-06-24,P,2.25,2015-02-09
24292,2015-04-08 10:23:00,2015-04-08,0.0105,0.0,0.0,547.0,0.0105,0.0105,0.0105,10000027,2015-06-24,2015-06-24,P,2.25,2015-02-09
24293,2015-04-08 10:24:00,2015-04-08,0.0105,0.0,0.0,547.0,0.0105,0.0105,0.0105,10000027,2015-06-24,2015-06-24,P,2.25,2015-02-09
24294,2015-04-08 10:25:00,2015-04-08,0.0105,0.0,0.0,547.0,0.0105,0.0105,0.0105,10000027,2015-06-24,2015-06-24,P,2.25,2015-02-09
24295,2015-04-08 10:26:00,2015-04-08,0.0105,0.0,0.0,547.0,0.0105,0.0105,0.0105,10000027,2015-06-24,2015-06-24,P,2.25,2015-02-09
24296,2015-04-08 10:27:00,2015-04-08,0.0105,0.0,0.0,547.0,0.0105,0.0105,0.0105,10000027,2015-06-24,2015-06-24,P,2.25,2015-02-09
24297,2015-04-08 10:28:00,2015-04-08,0.0105,0.0,0.0,547.0,0.0105,0.0105,0.0105,10000027,2015-06-24,2015-06-24,P,2.25,2015-02-09
24298,2015-04-08 10:29:00,2015-04-08,0.0105,0.0,0.0,547.0,0.0105,0.0105,0.0105,10000027,2015-06-24,2015-06-24,P,2.25,2015-02-09
24299,2015-04-08 10:30:00,2015-04-08,0.0105,0.0,0.0,547.0,0.0105,0.0105,0.0105,10000027,2015-06-24,2015-06-24,P,2.25,2015-02-09
24300,2015-04-08 10:31:00,2015-04-08,0.0105,0.0,0.0,547.0,0.0105,0.0105,0.0105,10000027,2015-06-24,2015-06-24,P,2.25,2015-02-09
24301,2015-04-08 10:32:00,2015-04-08,0.0105,0.0,0.0,547.0,0.0105,0.0105,0.0105,10000027,2015-06-24,2015-06-24,P,2.25,2015-02-09
24302,2015-04-08 10:33:00,2015-04-08,0.0105,0.0,0.0,547.0,0.0105,0.0105,0.0105,10000027,2015-06-24,2015-06-24,P,2.25,2015-02-09
24303,2015-04-08 10:34:00,2015-04-08,0.0105,0.0,0.0,547.0,0.0105,0.0105,0.0105,10000027,2015-06-24,2015-06-24,P,2.25,2015-02-09
24304,2015-04-08 10:35:00,2015-04-08,0.0105,0.0,0.0,547.0,0.0105,0.0105,0.0105,10000027,2015-06-24,2015-06-24,P,2.25,2015-02-09
24305,2015-04-08 10:36:00,2015-04-08,0.0105,0.0,0.0,547.0,0.0105,0.0105,0.0105,10000027,2015-06-24,2015-06-24,P,2.25,2015-02-09
24306,2015-04-08 10:37:00,2015-04-08,0.0105,0.0,0.0,547.0,0.0105,0.0105,0.0105,10000027,2015-06-24,2015-06-24,P,2.25,2015-02-09
24307,2015-04-08 10:38:00,2015-04-08,0.0105,0.0,0.0,547.0,0.0105,0.0105,0.0105,10000027,2015-06-24,2015-06-24,P,2.25,2015-02-09
24308,2015-04-08 10:39:00,2015-04-08,0.0105,0.0,0.0,547.0,0.0105,0.0105,0.0105,10000027,2015-06-24,2015-06-24,P,2.25,2015-02-09
24309,2015-04-08 10:40:00,2015-04-08,0.0105,0.0,0.0,547.0,0.0105,0.0105,0.0105,10000027,2015-06-24,2015-06-24,P,2.25,2015-02-09
24310,2015-04-08 10:41:00,2015-04-08,0.0105,0.0,0.0,547.0,0.0105,0.0105,0.0105,10000027,2015-06-24,2015-06-24,P,2.25,2015-02-09
24311,2015-04-08 10:42:00,2015-04-08,0.0105,0.0,0.0,547.0,0.0105,0.0105,0.0105,10000027,2015-06-24,2015-06-24,P,2.25,2015-02-09
24312,2015-04-08 10:43:00,2015-04-08,0.0105,0.0,0.0,547.0,0.0105,0.0105,0.0105,10000027,2015-06-24,2015-06-24,P,2.25,2015-02-09
24313,2015-04-08 10:44:00,2015-04-08,0.0105,0.0,0.0,547.0,0.0105,0.0105,0.0105,10000027,2015-06-24,2015-06-24,P,2.25,2015-02-09
24314,2015-04-08 10:45:00,2015-04-08,0.0105,0.0,0.0,547.0,0.0105,0.0105,0.0105,10000027,2015-06-24,2015-06-24,P,2.25,2015-02-09
24315,2015-04-08 10:46:00,2015-04-08,0.0105,0.0,0.0,547.0,0.0105,0.0105,0.0105,10000027,2015-06-24,2015-06-24,P,2.25,2015-02-09
24316,2015-04-08 10:47:00,2015-04-08,0.0105,0.0,0.0,547.0,0.0105,0.0105,0.0105,10000027,2015-06-24,2015-06-24,P,2.25,2015-02-09
24317,2015-04-08 10:48:00,2015-04-08,0.0105,0.0,0.0,547.0,0.0105,0.0105,0.0105,10000027,2015-06-24,2015-06-24,P,2.25,2015-02-09
24318,2015-04-08 10:49:00,2015-04-08,0.0112,560.0,5.0,552.0,0.0112,0.0112,0.0112,10000027,2015-06-24,2015-06-24,P,2.25,2015-02-09
24319,2015-04-08 10:50:00,2015-04-08,0.0112,0.0,0.0,552.0,0.0112,0.0112,0.0112,10000027,2015-06-24,2015-06-24,P,2.25,2015-02-09
24320,2015-04-08 10:51:00,2015-04-08,0.0112,0.0,0.0,552.0,0.0112,0.0112,0.0112,10000027,2015-06-24,2015-06-24,P,2.25,2015-02-09
24321,2015-04-08 10:52:00,2015-04-08,0.0112,0.0,0.0,552.0,0.0112,0.0112,0.0112,10000027,2015-06-24,2015-06-24,P,2.25,2015-02-09
24322,2015-04-08 10:53:00,2015-04-08,0.0112,0.0,0.0,552.0,0.0112,0.0112,0.0112,10000027,2015-06-24,2015-06-24,P,2.25,2015-02-09
24323,2015-04-08 10:54:00,2015-04-08,0.0112,0.0,0.0,552.0,0.0112,0.0112,0.0112,10000027,2015-06-24,2015-06-24,P,2.25,2015-02-09
24324,2015-04-08 10:55:00,2015-04-08,0.0112,0.0,0.0,552.0,0.0112,0.0112,0.0112,10000027,2015-06-24,2015-06-24,P,2.25,2015-02-09
24325,2015-04-08 10:56:00,2015-04-08,0.0112,0.0,0.0,552.0,0.0112,0.0112,0.0112,10000027,2015-06-24,2015-06-24,P,2.25,2015-02-09
24326,2015-04-08 10:57:00,2015-04-08,0.0112,0.0,0.0,552.0,0.0112,0.0112,0.0112,10000027,2015-06-24,2015-06-24,P,2.25,2015-02-09
24327,2015-04-08 10:58:00,2015-04-08,0.0112,0.0,0.0,552.0,0.0112,0.0112,0.0112,10000027,2015-06-24,2015-06-24,P,2.25,2015-02-09
24328,2015-04-08 10:59:00,2015-04-08,0.0112,0.0,0.0,552.0,0.0112,0.0112,0.0112,10000027,2015-06-24,2015-06-24,P,2.25,2015-02-09
24329,2015-04-08 11:00:00,2015-04-08,0.0112,0.0,0.0,552.0,0.0112,0.0112,0.0112,10000027,2015-06-24,2015-06-24,P,2.25,2015-02-09
24330,2015-04-08 11:01:00,2015-04-08,0.0112,0.0,0.0,552.0,0.0112,0.0112,0.0112,10000027,2015-06-24,2015-06-24,P,2.25,2015-02-09
24331,2015-04-08 11:02:00,2015-04-08,0.0112,0.0,0.0,552.0,0.0112,0.0112,0.0112,10000027,2015-06-24,2015-06-24,P,2.25,2015-02-09
24332,2015-04-08 11:03:00,2015-04-08,0.0112,0.0,0.0,552.0,0.0112,0.0112,0.0112,10000027,2015-06-24,2015-06-24,P,2.25,2015-02-09
24333,2015-04-08 11:04:00,2015-04-08,0.0112,0.0,0.0,552.0,0.0112,0.0112,0.0112,10000027,2015-06-24,2015-06-24,P,2.25,2015-02-09
24334,2015-04-08 11:05:00,2015-04-08,0.0112,0.0,0.0,552.0,0.0112,0.0112,0.0112,10000027,2015-06-24,2015-06-24,P,2.25,2015-02-09
24335,2015-04-08 11:06:00,2015-04-08,0.0112,0.0,0.0,552.0,0.0112,0.0112,0.0112,10000027,2015-06-24,2015-06-24,P,2.25,2015-02-09
24336,2015-04-08 11:07:00,2015-04-08,0.0112,0.0,0.0,552.0,0.0112,0.0112,0.0112,10000027,2015-06-24,2015-06-24,P,2.25,2015-02-09
24337,2015-04-08 11:08:00,2015-04-08,0.0112,0.0,0.0,552.0,0.0112,0.0112,0.0112,10000027,2015-06-24,2015-06-24,P,2.25,2015-02-09
24338,2015-04-08 11:09:00,2015-04-08,0.0112,0.0,0.0,552.0,0.0112,0.0112,0.0112,10000027,2015-06-24,2015-06-24,P,2.25,2015-02-09
24339,2015-04-08 11:10:00,2015-04-08,0.0112,0.0,0.0,552.0,0.0112,0.0112,0.0112,10000027,2015-06-24,2015-06-24,P,2.25,2015-02-09
24340,2015-04-08 11:11:00,2015-04-08,0.0112,0.0,0.0,552.0,0.0112,0.0112,0.0112,10000027,2015-06-24,2015-06-24,P,2.25,2015-02-09
24341,2015-04-08 11:12:00,2015-04-08,0.0112,0.0,0.0,552.0,0.0112,0.0112,0.0112,10000027,2015-06-24,2015-06-24,P,2.25,2015-02-09
24342,2015-04-08 11:13:00,2015-04-08,0.0112,0.0,0.0,552.0,0.0112,0.0112,0.0112,10000027,2015-06-24,2015-06-24,P,2.25,2015-02-09
24343,2015-04-08 11:14:00,2015-04-08,0.0112,0.0,0.0,552.0,0.0112,0.0112,0.0112,10000027,2015-06-24,2015-06-24,P,2.25,2015-02-09
24344,2015-04-08 11:15:00,2015-04-08,0.0112,0.0,0.0,552.0,0.0112,0.0112,0.0112,10000027,2015-06-24,2015-06-24,P,2.25,2015-02-09
24345,2015-04-08 11:16:00,2015-04-08,0.0112,0.0,0.0,552.0,0.0112,0.0112,0.0112,10000027,2015-06-24,2015-06-24,P,2.25,2015-02-09
24346,2015-04-08 11:17:00,2015-04-08,0.0112,0.0,0.0,552.0,0.0112,0.0112,0.0112,10000027,2015-06-24,2015-06-24,P,2.25,2015-02-09
24347,2015-04-08 11:18:00,2015-04-08,0.0112,0.0,0.0,552.0,0.0112,0.0112,0.0112,10000027,2015-06-24,2015-06-24,P,2.25,2015-02-09
24348,2015-04-08 11:19:00,2015-04-08,0.0112,0.0,0.0,552.0,0.0112,0.0112,0.0112,10000027,2015-06-24,2015-06-24,P,2.25,2015-02-09
24349,2015-04-08 11:20:00,2015-04-08,0.0112,0.0,0.0,552.0,0.0112,0.0112,0.0112,10000027,2015-06-24,2015-06-24,P,2.25,2015-02-09
24350,2015-04-08 11:21:00,2015-04-08,0.0112,0.0,0.0,552.0,0.0112,0.0112,0.0112,10000027,2015-06-24,2015-06-24,P,2.25,2015-02-09
24351,2015-04-08 11:22:00,2015-04-08,0.0112,0.0,0.0,552.0,0.0112,0.0112,0.0112,10000027,2015-06-24,2015-06-24,P,2.25,2015-02-09
24352,2015-04-08 11:23:00,2015-04-08,0.0112,0.0,0.0,552.0,0.0112,0.0112,0.0112,10000027,2015-06-24,2015-06-24,P,2.25,2015-02-09
24353,2015-04-08 11:24:00,2015-04-08,0.0112,0.0,0.0,552.0,0.0112,0.0112,0.0112,10000027,2015-06-24,2015-06-24,P,2.25,2015-02-09
24354,2015-04-08 11:25:00,2015-04-08,0.0112,0.0,0.0,552.0,0.0112,0.0112,0.0112,10000027,2015-06-24,2015-06-24,P,2.25,2015-02-09
24355,2015-04-08 11:26:00,2015-04-08,0.0112,0.0,0.0,552.0,0.0112,0.0112,0.0112,10000027,2015-06-24,2015-06-24,P,2.25,2015-02-09
24356,2015-04-08 11:27:00,2015-04-08,0.0112,0.0,0.0,552.0,0.0112,0.0112,0.0112,10000027,2015-06-24,2015-06-24,P,2.25,2015-02-09
24357,2015-04-08 11:28:00,2015-04-08,0.0112,0.0,0.0,552.0,0.0112,0.0112,0.0112,10000027,2015-06-24,2015-06-24,P,2.25,2015-02-09
24358,2015-04-08 11:29:00,2015-04-08,0.0112,0.0,0.0,552.0,0.0112,0.0112,0.0112,10000027,2015-06-24,2015-06-24,P,2.25,2015-02-09
24359,2015-04-08 11:30:00,2015-04-08,0.0112,0.0,0.0,552.0,0.0112,0.0112,0.0112,10000027,2015-06-24,2015-06-24,P,2.25,2015-02-09
24360,2015-04-08 13:01:00,2015-04-08,0.0112,0.0,0.0,552.0,0.0112,0.0112,0.0112,10000027,2015-06-24,2015-06-24,P,2.25,2015-02-09
24361,2015-04-08 13:02:00,2015-04-08,0.0112,0.0,0.0,552.0,0.0112,0.0112,0.0112,10000027,2015-06-24,2015-06-24,P,2.25,2015-02-09
24362,2015-04-08 13:03:00,2015-04-08,0.0112,0.0,0.0,552.0,0.0112,0.0112,0.0112,10000027,2015-06-24,2015-06-24,P,2.25,2015-02-09
24363,2015-04-08 13:04:00,2015-04-08,0.0106,954.0,9.0,543.0,0.0106,0.0106,0.0106,10000027,2015-06-24,2015-06-24,P,2.25,2015-02-09
24364,2015-04-08 13:05:00,2015-04-08,0.0106,0.0,0.0,543.0,0.0106,0.0106,0.0106,10000027,2015-06-24,2015-06-24,P,2.25,2015-02-09
24365,2015-04-08 13:06:00,2015-04-08,0.0106,0.0,0.0,543.0,0.0106,0.0106,0.0106,10000027,2015-06-24,2015-06-24,P,2.25,2015-02-09
24366,2015-04-08 13:07:00,2015-04-08,0.0106,0.0,0.0,543.0,0.0106,0.0106,0.0106,10000027,2015-06-24,2015-06-24,P,2.25,2015-02-09
24367,2015-04-08 13:08:00,2015-04-08,0.0106,0.0,0.0,543.0,0.0106,0.0106,0.0106,10000027,2015-06-24,2015-06-24,P,2.25,2015-02-09
24368,2015-04-08 13:09:00,2015-04-08,0.0106,0.0,0.0,543.0,0.0106,0.0106,0.0106,10000027,2015-06-24,2015-06-24,P,2.25,2015-02-09
24369,2015-04-08 13:10:00,2015-04-08,0.0106,0.0,0.0,543.0,0.0106,0.0106,0.0106,10000027,2015-06-24,2015-06-24,P,2.25,2015-02-09
24370,2015-04-08 13:11:00,2015-04-08,0.0106,0.0,0.0,543.0,0.0106,0.0106,0.0106,10000027,2015-06-24,2015-06-24,P,2.25,2015-02-09
24371,2015-04-08 13:12:00,2015-04-08,0.0106,0.0,0.0,543.0,0.0106,0.0106,0.0106,10000027,2015-06-24,2015-06-24,P,2.25,2015-02-09
24372,2015-04-08 13:13:00,2015-04-08,0.0106,0.0,0.0,543.0,0.0106,0.0106,0.0106,10000027,2015-06-24,2015-06-24,P,2.25,2015-02-09
24373,2015-04-08 13:14:00,2015-04-08,0.0106,0.0,0.0,543.0,0.0106,0.0106,0.0106,10000027,2015-06-24,2015-06-24,P,2.25,2015-02-09
24374,2015-04-08 13:15:00,2015-04-08,0.0106,0.0,0.0,543.0,0.0106,0.0106,0.0106,10000027,2015-06-24,2015-06-24,P,2.25,2015-02-09
24375,2015-04-08 13:16:00,2015-04-08,0.0106,0.0,0.0,543.0,0.0106,0.0106,0.0106,10000027,2015-06-24,2015-06-24,P,2.25,2015-02-09
24376,2015-04-08 13:17:00,2015-04-08,0.0106,0.0,0.0,543.0,0.0106,0.0106,0.0106,10000027,2015-06-24,2015-06-24,P,2.25,2015-02-09
24377,2015-04-08 13:18:00,2015-04-08,0.0114,1125.0,10.0,548.0,0.0114,0.0114,0.0114,10000027,2015-06-24,2015-06-24,P,2.25,2015-02-09
24378,2015-04-08 13:19:00,2015-04-08,0.0114,570.0,5.0,548.0,0.0114,0.0114,0.0114,10000027,2015-06-24,2015-06-24,P,2.25,2015-02-09
24379,2015-04-08 13:20:00,2015-04-08,0.0115,1464.0,14.0,548.0,0.0115,0.0101,0.0101,10000027,2015-06-24,2015-06-24,P,2.25,2015-02-09
24380,2015-04-08 13:21:00,2015-04-08,0.01,500.0,5.0,553.0,0.01,0.01,0.01,10000027,2015-06-24,2015-06-24,P,2.25,2015-02-09
24381,2015-04-08 13:22:00,2015-04-08,0.01,0.0,0.0,553.0,0.01,0.01,0.01,10000027,2015-06-24,2015-06-24,P,2.25,2015-02-09
24382,2015-04-08 13:23:00,2015-04-08,0.01,0.0,0.0,553.0,0.01,0.01,0.01,10000027,2015-06-24,2015-06-24,P,2.25,2015-02-09
24383,2015-04-08 13:24:00,2015-04-08,0.0102,102.0,1.0,554.0,0.0102,0.0102,0.0102,10000027,2015-06-24,2015-06-24,P,2.25,2015-02-09
24384,2015-04-08 13:25:00,2015-04-08,0.0102,0.0,0.0,554.0,0.0102,0.0102,0.0102,10000027,2015-06-24,2015-06-24,P,2.25,2015-02-09
24385,2015-04-08 13:26:00,2015-04-08,0.0102,0.0,0.0,554.0,0.0102,0.0102,0.0102,10000027,2015-06-24,2015-06-24,P,2.25,2015-02-09
24386,2015-04-08 13:27:00,2015-04-08,0.0102,0.0,0.0,554.0,0.0102,0.0102,0.0102,10000027,2015-06-24,2015-06-24,P,2.25,2015-02-09
24387,2015-04-08 13:28:00,2015-04-08,0.0102,0.0,0.0,554.0,0.0102,0.0102,0.0102,10000027,2015-06-24,2015-06-24,P,2.25,2015-02-09
24388,2015-04-08 13:29:00,2015-04-08,0.0102,0.0,0.0,554.0,0.0102,0.0102,0.0102,10000027,2015-06-24,2015-06-24,P,2.25,2015-02-09
24389,2015-04-08 13:30:00,2015-04-08,0.0102,0.0,0.0,554.0,0.0102,0.0102,0.0102,10000027,2015-06-24,2015-06-24,P,2.25,2015-02-09
24390,2015-04-08 13:31:00,2015-04-08,0.0102,0.0,0.0,554.0,0.0102,0.0102,0.0102,10000027,2015-06-24,2015-06-24,P,2.25,2015-02-09
24391,2015-04-08 13:32:00,2015-04-08,0.0102,0.0,0.0,554.0,0.0102,0.0102,0.0102,10000027,2015-06-24,2015-06-24,P,2.25,2015-02-09
24392,2015-04-08 13:33:00,2015-04-08,0.0102,0.0,0.0,554.0,0.0102,0.0102,0.0102,10000027,2015-06-24,2015-06-24,P,2.25,2015-02-09
24393,2015-04-08 13:34:00,2015-04-08,0.0102,0.0,0.0,554.0,0.0102,0.0102,0.0102,10000027,2015-06-24,2015-06-24,P,2.25,2015-02-09
24394,2015-04-08 13:35:00,2015-04-08,0.0102,0.0,0.0,554.0,0.0102,0.0102,0.0102,10000027,2015-06-24,2015-06-24,P,2.25,2015-02-09
24395,2015-04-08 13:36:00,2015-04-08,0.0102,0.0,0.0,554.0,0.0102,0.0102,0.0102,10000027,2015-06-24,2015-06-24,P,2.25,2015-02-09
24396,2015-04-08 13:37:00,2015-04-08,0.0102,0.0,0.0,554.0,0.0102,0.0102,0.0102,10000027,2015-06-24,2015-06-24,P,2.25,2015-02-09
24397,2015-04-08 13:38:00,2015-04-08,0.0102,0.0,0.0,554.0,0.0102,0.0102,0.0102,10000027,2015-06-24,2015-06-24,P,2.25,2015-02-09
24398,2015-04-08 13:39:00,2015-04-08,0.0102,0.0,0.0,554.0,0.0102,0.0102,0.0102,10000027,2015-06-24,2015-06-24,P,2.25,2015-02-09
24399,2015-04-08 13:40:00,2015-04-08,0.0102,0.0,0.0,554.0,0.0102,0.0102,0.0102,10000027,2015-06-24,2015-06-24,P,2.25,2015-02-09
24400,2015-04-08 13:41:00,2015-04-08,0.0102,0.0,0.0,554.0,0.0102,0.0102,0.0102,10000027,2015-06-24,2015-06-24,P,2.25,2015-02-09
24401,2015-04-08 13:42:00,2015-04-08,0.0102,0.0,0.0,554.0,0.0102,0.0102,0.0102,10000027,2015-06-24,2015-06-24,P,2.25,2015-02-09
24402,2015-04-08 13:43:00,2015-04-08,0.0102,0.0,0.0,554.0,0.0102,0.0102,0.0102,10000027,2015-06-24,2015-06-24,P,2.25,2015-02-09
24403,2015-04-08 13:44:00,2015-04-08,0.0102,0.0,0.0,554.0,0.0102,0.0102,0.0102,10000027,2015-06-24,2015-06-24,P,2.25,2015-02-09
24404,2015-04-08 13:45:00,2015-04-08,0.0102,0.0,0.0,554.0,0.0102,0.0102,0.0102,10000027,2015-06-24,2015-06-24,P,2.25,2015-02-09
24405,2015-04-08 13:46:00,2015-04-08,0.0102,0.0,0.0,554.0,0.0102,0.0102,0.0102,10000027,2015-06-24,2015-06-24,P,2.25,2015-02-09
24406,2015-04-08 13:47:00,2015-04-08,0.0102,0.0,0.0,554.0,0.0102,0.0102,0.0102,10000027,2015-06-24,2015-06-24,P,2.25,2015-02-09
24407,2015-04-08 13:48:00,2015-04-08,0.0102,0.0,0.0,554.0,0.0102,0.0102,0.0102,10000027,2015-06-24,2015-06-24,P,2.25,2015-02-09
24408,2015-04-08 13:49:00,2015-04-08,0.0102,0.0,0.0,554.0,0.0102,0.0102,0.0102,10000027,2015-06-24,2015-06-24,P,2.25,2015-02-09
24409,2015-04-08 13:50:00,2015-04-08,0.0102,0.0,0.0,554.0,0.0102,0.0102,0.0102,10000027,2015-06-24,2015-06-24,P,2.25,2015-02-09
24410,2015-04-08 13:51:00,2015-04-08,0.0102,0.0,0.0,554.0,0.0102,0.0102,0.0102,10000027,2015-06-24,2015-06-24,P,2.25,2015-02-09
24411,2015-04-08 13:52:00,2015-04-08,0.0102,0.0,0.0,554.0,0.0102,0.0102,0.0102,10000027,2015-06-24,2015-06-24,P,2.25,2015-02-09
24412,2015-04-08 13:53:00,2015-04-08,0.0102,0.0,0.0,554.0,0.0102,0.0102,0.0102,10000027,2015-06-24,2015-06-24,P,2.25,2015-02-09
24413,2015-04-08 13:54:00,2015-04-08,0.0102,0.0,0.0,554.0,0.0102,0.0102,0.0102,10000027,2015-06-24,2015-06-24,P,2.25,2015-02-09
24414,2015-04-08 13:55:00,2015-04-08,0.0102,0.0,0.0,554.0,0.0102,0.0102,0.0102,10000027,2015-06-24,2015-06-24,P,2.25,2015-02-09
24415,2015-04-08 13:56:00,2015-04-08,0.0102,0.0,0.0,554.0,0.0102,0.0102,0.0102,10000027,2015-06-24,2015-06-24,P,2.25,2015-02-09
24416,2015-04-08 13:57:00,2015-04-08,0.0102,0.0,0.0,554.0,0.0102,0.0102,0.0102,10000027,2015-06-24,2015-06-24,P,2.25,2015-02-09
24417,2015-04-08 13:58:00,2015-04-08,0.0102,0.0,0.0,554.0,0.0102,0.0102,0.0102,10000027,2015-06-24,2015-06-24,P,2.25,2015-02-09
24418,2015-04-08 13:59:00,2015-04-08,0.0102,0.0,0.0,554.0,0.0102,0.0102,0.0102,10000027,2015-06-24,2015-06-24,P,2.25,2015-02-09
24419,2015-04-08 14:00:00,2015-04-08,0.0102,0.0,0.0,554.0,0.0102,0.0102,0.0102,10000027,2015-06-24,2015-06-24,P,2.25,2015-02-09
24420,2015-04-08 14:01:00,2015-04-08,0.0102,0.0,0.0,554.0,0.0102,0.0102,0.0102,10000027,2015-06-24,2015-06-24,P,2.25,2015-02-09
24421,2015-04-08 14:02:00,2015-04-08,0.0102,0.0,0.0,554.0,0.0102,0.0102,0.0102,10000027,2015-06-24,2015-06-24,P,2.25,2015-02-09
24422,2015-04-08 14:03:00,2015-04-08,0.0102,0.0,0.0,554.0,0.0102,0.0102,0.0102,10000027,2015-06-24,2015-06-24,P,2.25,2015-02-09
24423,2015-04-08 14:04:00,2015-04-08,0.0102,0.0,0.0,554.0,0.0102,0.0102,0.0102,10000027,2015-06-24,2015-06-24,P,2.25,2015-02-09
24424,2015-04-08 14:05:00,2015-04-08,0.0102,0.0,0.0,554.0,0.0102,0.0102,0.0102,10000027,2015-06-24,2015-06-24,P,2.25,2015-02-09
24425,2015-04-08 14:06:00,2015-04-08,0.0102,0.0,0.0,554.0,0.0102,0.0102,0.0102,10000027,2015-06-24,2015-06-24,P,2.25,2015-02-09
24426,2015-04-08 14:07:00,2015-04-08,0.0102,0.0,0.0,554.0,0.0102,0.0102,0.0102,10000027,2015-06-24,2015-06-24,P,2.25,2015-02-09
24427,2015-04-08 14:08:00,2015-04-08,0.0102,0.0,0.0,554.0,0.0102,0.0102,0.0102,10000027,2015-06-24,2015-06-24,P,2.25,2015-02-09
24428,2015-04-08 14:09:00,2015-04-08,0.0102,0.0,0.0,554.0,0.0102,0.0102,0.0102,10000027,2015-06-24,2015-06-24,P,2.25,2015-02-09
24429,2015-04-08 14:10:00,2015-04-08,0.0102,408.0,4.0,558.0,0.0102,0.0102,0.0102,10000027,2015-06-24,2015-06-24,P,2.25,2015-02-09
24430,2015-04-08 14:11:00,2015-04-08,0.0102,0.0,0.0,558.0,0.0102,0.0102,0.0102,10000027,2015-06-24,2015-06-24,P,2.25,2015-02-09
24431,2015-04-08 14:12:00,2015-04-08,0.0102,0.0,0.0,558.0,0.0102,0.0102,0.0102,10000027,2015-06-24,2015-06-24,P,2.25,2015-02-09
24432,2015-04-08 14:13:00,2015-04-08,0.0102,0.0,0.0,558.0,0.0102,0.0102,0.0102,10000027,2015-06-24,2015-06-24,P,2.25,2015-02-09
24433,2015-04-08 14:14:00,2015-04-08,0.0102,0.0,0.0,558.0,0.0102,0.0102,0.0102,10000027,2015-06-24,2015-06-24,P,2.25,2015-02-09
24434,2015-04-08 14:15:00,2015-04-08,0.0102,0.0,0.0,558.0,0.0102,0.0102,0.0102,10000027,2015-06-24,2015-06-24,P,2.25,2015-02-09
24435,2015-04-08 14:16:00,2015-04-08,0.0102,0.0,0.0,558.0,0.0102,0.0102,0.0102,10000027,2015-06-24,2015-06-24,P,2.25,2015-02-09
24436,2015-04-08 14:17:00,2015-04-08,0.0102,0.0,0.0,558.0,0.0102,0.0102,0.0102,10000027,2015-06-24,2015-06-24,P,2.25,2015-02-09
24437,2015-04-08 14:18:00,2015-04-08,0.0102,0.0,0.0,558.0,0.0102,0.0102,0.0102,10000027,2015-06-24,2015-06-24,P,2.25,2015-02-09
24438,2015-04-08 14:19:00,2015-04-08,0.0102,0.0,0.0,558.0,0.0102,0.0102,0.0102,10000027,2015-06-24,2015-06-24,P,2.25,2015-02-09
24439,2015-04-08 14:20:00,2015-04-08,0.0102,0.0,0.0,558.0,0.0102,0.0102,0.0102,10000027,2015-06-24,2015-06-24,P,2.25,2015-02-09
24440,2015-04-08 14:21:00,2015-04-08,0.0102,0.0,0.0,558.0,0.0102,0.0102,0.0102,10000027,2015-06-24,2015-06-24,P,2.25,2015-02-09
24441,2015-04-08 14:22:00,2015-04-08,0.0102,0.0,0.0,558.0,0.0102,0.0102,0.0102,10000027,2015-06-24,2015-06-24,P,2.25,2015-02-09
24442,2015-04-08 14:23:00,2015-04-08,0.0102,0.0,0.0,558.0,0.0102,0.0102,0.0102,10000027,2015-06-24,2015-06-24,P,2.25,2015-02-09
24443,2015-04-08 14:24:00,2015-04-08,0.0102,0.0,0.0,558.0,0.0102,0.0102,0.0102,10000027,2015-06-24,2015-06-24,P,2.25,2015-02-09
24444,2015-04-08 14:25:00,2015-04-08,0.0102,0.0,0.0,558.0,0.0102,0.0102,0.0102,10000027,2015-06-24,2015-06-24,P,2.25,2015-02-09
24445,2015-04-08 14:26:00,2015-04-08,0.0102,0.0,0.0,558.0,0.0102,0.0102,0.0102,10000027,2015-06-24,2015-06-24,P,2.25,2015-02-09
24446,2015-04-08 14:27:00,2015-04-08,0.0102,0.0,0.0,558.0,0.0102,0.0102,0.0102,10000027,2015-06-24,2015-06-24,P,2.25,2015-02-09
24447,2015-04-08 14:28:00,2015-04-08,0.0102,0.0,0.0,558.0,0.0102,0.0102,0.0102,10000027,2015-06-24,2015-06-24,P,2.25,2015-02-09
24448,2015-04-08 14:29:00,2015-04-08,0.0102,0.0,0.0,558.0,0.0102,0.0102,0.0102,10000027,2015-06-24,2015-06-24,P,2.25,2015-02-09
24449,2015-04-08 14:30:00,2015-04-08,0.0102,0.0,0.0,558.0,0.0102,0.0102,0.0102,10000027,2015-06-24,2015-06-24,P,2.25,2015-02-09
24450,2015-04-08 14:31:00,2015-04-08,0.0102,0.0,0.0,558.0,0.0102,0.0102,0.0102,10000027,2015-06-24,2015-06-24,P,2.25,2015-02-09
24451,2015-04-08 14:32:00,2015-04-08,0.0102,0.0,0.0,558.0,0.0102,0.0102,0.0102,10000027,2015-06-24,2015-06-24,P,2.25,2015-02-09
24452,2015-04-08 14:33:00,2015-04-08,0.0102,0.0,0.0,558.0,0.0102,0.0102,0.0102,10000027,2015-06-24,2015-06-24,P,2.25,2015-02-09
24453,2015-04-08 14:34:00,2015-04-08,0.0102,0.0,0.0,558.0,0.0102,0.0102,0.0102,10000027,2015-06-24,2015-06-24,P,2.25,2015-02-09
24454,2015-04-08 14:35:00,2015-04-08,0.0102,0.0,0.0,558.0,0.0102,0.0102,0.0102,10000027,2015-06-24,2015-06-24,P,2.25,2015-02-09
24455,2015-04-08 14:36:00,2015-04-08,0.0102,0.0,0.0,558.0,0.0102,0.0102,0.0102,10000027,2015-06-24,2015-06-24,P,2.25,2015-02-09
24456,2015-04-08 14:37:00,2015-04-08,0.0102,0.0,0.0,558.0,0.0102,0.0102,0.0102,10000027,2015-06-24,2015-06-24,P,2.25,2015-02-09
24457,2015-04-08 14:38:00,2015-04-08,0.0102,0.0,0.0,558.0,0.0102,0.0102,0.0102,10000027,2015-06-24,2015-06-24,P,2.25,2015-02-09
24458,2015-04-08 14:39:00,2015-04-08,0.0102,0.0,0.0,558.0,0.0102,0.0102,0.0102,10000027,2015-06-24,2015-06-24,P,2.25,2015-02-09
24459,2015-04-08 14:40:00,2015-04-08,0.0102,0.0,0.0,558.0,0.0102,0.0102,0.0102,10000027,2015-06-24,2015-06-24,P,2.25,2015-02-09
24460,2015-04-08 14:41:00,2015-04-08,0.0102,0.0,0.0,558.0,0.0102,0.0102,0.0102,10000027,2015-06-24,2015-06-24,P,2.25,2015-02-09
24461,2015-04-08 14:42:00,2015-04-08,0.0102,0.0,0.0,558.0,0.0102,0.0102,0.0102,10000027,2015-06-24,2015-06-24,P,2.25,2015-02-09
24462,2015-04-08 14:43:00,2015-04-08,0.011,550.0,5.0,563.0,0.011,0.011,0.011,10000027,2015-06-24,2015-06-24,P,2.25,2015-02-09
24463,2015-04-08 14:44:00,2015-04-08,0.011,0.0,0.0,563.0,0.011,0.011,0.011,10000027,2015-06-24,2015-06-24,P,2.25,2015-02-09
24464,2015-04-08 14:45:00,2015-04-08,0.011,0.0,0.0,563.0,0.011,0.011,0.011,10000027,2015-06-24,2015-06-24,P,2.25,2015-02-09
24465,2015-04-08 14:46:00,2015-04-08,0.011,0.0,0.0,563.0,0.011,0.011,0.011,10000027,2015-06-24,2015-06-24,P,2.25,2015-02-09
24466,2015-04-08 14:47:00,2015-04-08,0.011,0.0,0.0,563.0,0.011,0.011,0.011,10000027,2015-06-24,2015-06-24,P,2.25,2015-02-09
24467,2015-04-08 14:48:00,2015-04-08,0.011,0.0,0.0,563.0,0.011,0.011,0.011,10000027,2015-06-24,2015-06-24,P,2.25,2015-02-09
24468,2015-04-08 14:49:00,2015-04-08,0.011,0.0,0.0,563.0,0.011,0.011,0.011,10000027,2015-06-24,2015-06-24,P,2.25,2015-02-09
24469,2015-04-08 14:50:00,2015-04-08,0.011,0.0,0.0,563.0,0.011,0.011,0.011,10000027,2015-06-24,2015-06-24,P,2.25,2015-02-09
24470,2015-04-08 14:51:00,2015-04-08,0.011,0.0,0.0,563.0,0.011,0.011,0.011,10000027,2015-06-24,2015-06-24,P,2.25,2015-02-09
24471,2015-04-08 14:52:00,2015-04-08,0.011,0.0,0.0,563.0,0.011,0.011,0.011,10000027,2015-06-24,2015-06-24,P,2.25,2015-02-09
24472,2015-04-08 14:53:00,2015-04-08,0.011,0.0,0.0,563.0,0.011,0.011,0.011,10000027,2015-06-24,2015-06-24,P,2.25,2015-02-09
24473,2015-04-08 14:54:00,2015-04-08,0.011,0.0,0.0,563.0,0.011,0.011,0.011,10000027,2015-06-24,2015-06-24,P,2.25,2015-02-09
24474,2015-04-08 14:55:00,2015-04-08,0.011,0.0,0.0,563.0,0.011,0.011,0.011,10000027,2015-06-24,2015-06-24,P,2.25,2015-02-09
24475,2015-04-08 14:56:00,2015-04-08,0.011,0.0,0.0,563.0,0.011,0.011,0.011,10000027,2015-06-24,2015-06-24,P,2.25,2015-02-09
24476,2015-04-08 14:57:00,2015-04-08,0.011,0.0,0.0,563.0,0.011,0.011,0.011,10000027,2015-06-24,2015-06-24,P,2.25,2015-02-09
24477,2015-04-08 14:58:00,2015-04-08,0.011,0.0,0.0,563.0,0.011,0.011,0.011,10000027,2015-06-24,2015-06-24,P,2.25,2015-02-09
24478,2015-04-08 14:59:00,2015-04-08,0.011,0.0,0.0,563.0,0.011,0.011,0.011,10000027,2015-06-24,2015-06-24,P,2.25,2015-02-09
24479,2015-04-08 15:00:00,2015-04-08,0.011,0.0,0.0,563.0,0.011,0.011,0.011,10000027,2015-06-24,2015-06-24,P,2.25,2015-02-09
24480,2015-04-08 09:31:00,2015-04-08,0.0296,18564.0,66.0,1485.0,0.0296,0.0279,0.0264,10000084,2015-04-22,2015-04-22,P,2.7,2015-03-19
24481,2015-04-08 09:32:00,2015-04-08,0.0259,1295.0,5.0,1480.0,0.0259,0.0259,0.0259,10000084,2015-04-22,2015-04-22,P,2.7,2015-03-19
24482,2015-04-08 09:33:00,2015-04-08,0.0269,6102.0,23.0,1500.0,0.0265,0.0269,0.025,10000084,2015-04-22,2015-04-22,P,2.7,2015-03-19
24483,2015-04-08 09:34:00,2015-04-08,0.0273,2727.0,10.0,1500.0,0.0273,0.027000000000000003,0.027000000000000003,10000084,2015-04-22,2015-04-22,P,2.7,2015-03-19
24484,2015-04-08 09:35:00,2015-04-08,0.0276,2982.0,11.0,1491.0,0.027000000000000003,0.0276,0.027000000000000003,10000084,2015-04-22,2015-04-22,P,2.7,2015-03-19
24485,2015-04-08 09:36:00,2015-04-08,0.0285,2820.0,10.0,1491.0,0.0279,0.0285,0.0279,10000084,2015-04-22,2015-04-22,P,2.7,2015-03-19
24486,2015-04-08 09:37:00,2015-04-08,0.0285,0.0,0.0,1491.0,0.0285,0.0285,0.0285,10000084,2015-04-22,2015-04-22,P,2.7,2015-03-19
24487,2015-04-08 09:38:00,2015-04-08,0.0285,0.0,0.0,1491.0,0.0285,0.0285,0.0285,10000084,2015-04-22,2015-04-22,P,2.7,2015-03-19
24488,2015-04-08 09:39:00,2015-04-08,0.0286,286.0,1.0,1490.0,0.0286,0.0286,0.0286,10000084,2015-04-22,2015-04-22,P,2.7,2015-03-19
24489,2015-04-08 09:40:00,2015-04-08,0.0286,0.0,0.0,1490.0,0.0286,0.0286,0.0286,10000084,2015-04-22,2015-04-22,P,2.7,2015-03-19
24490,2015-04-08 09:41:00,2015-04-08,0.0286,2860.0,10.0,1486.0,0.0286,0.0286,0.0286,10000084,2015-04-22,2015-04-22,P,2.7,2015-03-19
24491,2015-04-08 09:42:00,2015-04-08,0.029,1720.0,6.0,1491.0,0.0286,0.029,0.0286,10000084,2015-04-22,2015-04-22,P,2.7,2015-03-19
24492,2015-04-08 09:43:00,2015-04-08,0.0293,4856.0,17.0,1499.0,0.0286,0.0276,0.0276,10000084,2015-04-22,2015-04-22,P,2.7,2015-03-19
24493,2015-04-08 09:44:00,2015-04-08,0.0276,816.0,3.0,1501.0,0.027000000000000003,0.0276,0.027000000000000003,10000084,2015-04-22,2015-04-22,P,2.7,2015-03-19
24494,2015-04-08 09:45:00,2015-04-08,0.027000000000000003,810.0,3.0,1504.0,0.027000000000000003,0.027000000000000003,0.027000000000000003,10000084,2015-04-22,2015-04-22,P,2.7,2015-03-19
24495,2015-04-08 09:46:00,2015-04-08,0.0271,2710.0,10.0,1514.0,0.0271,0.0271,0.0271,10000084,2015-04-22,2015-04-22,P,2.7,2015-03-19
24496,2015-04-08 09:47:00,2015-04-08,0.0267,1068.0,4.0,1518.0,0.0267,0.0267,0.0267,10000084,2015-04-22,2015-04-22,P,2.7,2015-03-19
24497,2015-04-08 09:48:00,2015-04-08,0.0266,1596.0,6.0,1524.0,0.0266,0.0266,0.0266,10000084,2015-04-22,2015-04-22,P,2.7,2015-03-19
24498,2015-04-08 09:49:00,2015-04-08,0.0266,0.0,0.0,1524.0,0.0266,0.0266,0.0266,10000084,2015-04-22,2015-04-22,P,2.7,2015-03-19
24499,2015-04-08 09:50:00,2015-04-08,0.0266,0.0,0.0,1524.0,0.0266,0.0266,0.0266,10000084,2015-04-22,2015-04-22,P,2.7,2015-03-19
24500,2015-04-08 09:51:00,2015-04-08,0.0266,0.0,0.0,1524.0,0.0266,0.0266,0.0266,10000084,2015-04-22,2015-04-22,P,2.7,2015-03-19
24501,2015-04-08 09:52:00,2015-04-08,0.027000000000000003,2160.0,8.0,1524.0,0.027000000000000003,0.027000000000000003,0.027000000000000003,10000084,2015-04-22,2015-04-22,P,2.7,2015-03-19
24502,2015-04-08 09:53:00,2015-04-08,0.0263,1315.0,5.0,1529.0,0.0263,0.0263,0.0263,10000084,2015-04-22,2015-04-22,P,2.7,2015-03-19
24503,2015-04-08 09:54:00,2015-04-08,0.0263,0.0,0.0,1529.0,0.0263,0.0263,0.0263,10000084,2015-04-22,2015-04-22,P,2.7,2015-03-19
24504,2015-04-08 09:55:00,2015-04-08,0.0251,753.0,3.0,1532.0,0.0251,0.0251,0.0251,10000084,2015-04-22,2015-04-22,P,2.7,2015-03-19
24505,2015-04-08 09:56:00,2015-04-08,0.0227,452.0,2.0,1533.0,0.0227,0.0225,0.0225,10000084,2015-04-22,2015-04-22,P,2.7,2015-03-19
24506,2015-04-08 09:57:00,2015-04-08,0.0225,0.0,0.0,1533.0,0.0225,0.0225,0.0225,10000084,2015-04-22,2015-04-22,P,2.7,2015-03-19
24507,2015-04-08 09:58:00,2015-04-08,0.0221,3261.0,15.0,1533.0,0.0215,0.0221,0.0215,10000084,2015-04-22,2015-04-22,P,2.7,2015-03-19
24508,2015-04-08 09:59:00,2015-04-08,0.0206,2065.0,10.0,1523.0,0.0206,0.0206,0.0206,10000084,2015-04-22,2015-04-22,P,2.7,2015-03-19
24509,2015-04-08 10:00:00,2015-04-08,0.0206,0.0,0.0,1523.0,0.0206,0.0206,0.0206,10000084,2015-04-22,2015-04-22,P,2.7,2015-03-19
24510,2015-04-08 10:01:00,2015-04-08,0.0225,225.0,1.0,1524.0,0.0225,0.0225,0.0225,10000084,2015-04-22,2015-04-22,P,2.7,2015-03-19
24511,2015-04-08 10:02:00,2015-04-08,0.0228,3405.0,15.0,1529.0,0.0228,0.0225,0.0225,10000084,2015-04-22,2015-04-22,P,2.7,2015-03-19
24512,2015-04-08 10:03:00,2015-04-08,0.0225,0.0,0.0,1529.0,0.0225,0.0225,0.0225,10000084,2015-04-22,2015-04-22,P,2.7,2015-03-19
24513,2015-04-08 10:04:00,2015-04-08,0.0231,4042.0,18.0,1539.0,0.0216,0.022,0.0216,10000084,2015-04-22,2015-04-22,P,2.7,2015-03-19
24514,2015-04-08 10:05:00,2015-04-08,0.0233,1165.0,5.0,1544.0,0.0233,0.0233,0.0233,10000084,2015-04-22,2015-04-22,P,2.7,2015-03-19
24515,2015-04-08 10:06:00,2015-04-08,0.024,1200.0,5.0,1549.0,0.024,0.024,0.024,10000084,2015-04-22,2015-04-22,P,2.7,2015-03-19
24516,2015-04-08 10:07:00,2015-04-08,0.024,0.0,0.0,1549.0,0.024,0.024,0.024,10000084,2015-04-22,2015-04-22,P,2.7,2015-03-19
24517,2015-04-08 10:08:00,2015-04-08,0.0239,938.0,4.0,1548.0,0.0233,0.0239,0.0233,10000084,2015-04-22,2015-04-22,P,2.7,2015-03-19
24518,2015-04-08 10:09:00,2015-04-08,0.0239,0.0,0.0,1548.0,0.0239,0.0239,0.0239,10000084,2015-04-22,2015-04-22,P,2.7,2015-03-19
24519,2015-04-08 10:10:00,2015-04-08,0.0239,478.0,2.0,1548.0,0.0239,0.0239,0.0239,10000084,2015-04-22,2015-04-22,P,2.7,2015-03-19
24520,2015-04-08 10:11:00,2015-04-08,0.0239,0.0,0.0,1548.0,0.0239,0.0239,0.0239,10000084,2015-04-22,2015-04-22,P,2.7,2015-03-19
24521,2015-04-08 10:12:00,2015-04-08,0.026,260.0,1.0,1549.0,0.026,0.026,0.026,10000084,2015-04-22,2015-04-22,P,2.7,2015-03-19
24522,2015-04-08 10:13:00,2015-04-08,0.026,0.0,0.0,1549.0,0.026,0.026,0.026,10000084,2015-04-22,2015-04-22,P,2.7,2015-03-19
24523,2015-04-08 10:14:00,2015-04-08,0.0273,1074.0,4.0,1551.0,0.0263,0.0273,0.0263,10000084,2015-04-22,2015-04-22,P,2.7,2015-03-19
24524,2015-04-08 10:15:00,2015-04-08,0.0277,4425.0,16.0,1550.0,0.0277,0.0277,0.0277,10000084,2015-04-22,2015-04-22,P,2.7,2015-03-19
24525,2015-04-08 10:16:00,2015-04-08,0.0278,278.0,1.0,1550.0,0.0278,0.0278,0.0278,10000084,2015-04-22,2015-04-22,P,2.7,2015-03-19
24526,2015-04-08 10:17:00,2015-04-08,0.0278,278.0,1.0,1550.0,0.0278,0.0278,0.0278,10000084,2015-04-22,2015-04-22,P,2.7,2015-03-19
24527,2015-04-08 10:18:00,2015-04-08,0.0278,1633.0,6.0,1545.0,0.0278,0.0271,0.0271,10000084,2015-04-22,2015-04-22,P,2.7,2015-03-19
24528,2015-04-08 10:19:00,2015-04-08,0.0281,281.0,1.0,1545.0,0.0281,0.0281,0.0281,10000084,2015-04-22,2015-04-22,P,2.7,2015-03-19
24529,2015-04-08 10:20:00,2015-04-08,0.0271,271.0,1.0,1544.0,0.0271,0.0271,0.0271,10000084,2015-04-22,2015-04-22,P,2.7,2015-03-19
24530,2015-04-08 10:21:00,2015-04-08,0.0271,1626.0,6.0,1544.0,0.0271,0.0271,0.0271,10000084,2015-04-22,2015-04-22,P,2.7,2015-03-19
24531,2015-04-08 10:22:00,2015-04-08,0.0252,3780.0,15.0,1545.0,0.0252,0.0252,0.0252,10000084,2015-04-22,2015-04-22,P,2.7,2015-03-19
24532,2015-04-08 10:23:00,2015-04-08,0.0252,0.0,0.0,1545.0,0.0252,0.0252,0.0252,10000084,2015-04-22,2015-04-22,P,2.7,2015-03-19
24533,2015-04-08 10:24:00,2015-04-08,0.0265,265.0,1.0,1545.0,0.0265,0.0265,0.0265,10000084,2015-04-22,2015-04-22,P,2.7,2015-03-19
24534,2015-04-08 10:25:00,2015-04-08,0.0277,2471.0,9.0,1546.0,0.0277,0.0277,0.0265,10000084,2015-04-22,2015-04-22,P,2.7,2015-03-19
24535,2015-04-08 10:26:00,2015-04-08,0.0277,2493.0,9.0,1554.0,0.0277,0.0277,0.0277,10000084,2015-04-22,2015-04-22,P,2.7,2015-03-19
24536,2015-04-08 10:27:00,2015-04-08,0.0263,1841.0,7.0,1554.0,0.0263,0.0263,0.0263,10000084,2015-04-22,2015-04-22,P,2.7,2015-03-19
24537,2015-04-08 10:28:00,2015-04-08,0.0265,5260.0,20.0,1564.0,0.0265,0.0262,0.0262,10000084,2015-04-22,2015-04-22,P,2.7,2015-03-19
24538,2015-04-08 10:29:00,2015-04-08,0.0262,262.0,1.0,1564.0,0.0262,0.0262,0.0262,10000084,2015-04-22,2015-04-22,P,2.7,2015-03-19
24539,2015-04-08 10:30:00,2015-04-08,0.0262,0.0,0.0,1564.0,0.0262,0.0262,0.0262,10000084,2015-04-22,2015-04-22,P,2.7,2015-03-19
24540,2015-04-08 10:31:00,2015-04-08,0.0262,0.0,0.0,1564.0,0.0262,0.0262,0.0262,10000084,2015-04-22,2015-04-22,P,2.7,2015-03-19
24541,2015-04-08 10:32:00,2015-04-08,0.0262,0.0,0.0,1564.0,0.0262,0.0262,0.0262,10000084,2015-04-22,2015-04-22,P,2.7,2015-03-19
24542,2015-04-08 10:33:00,2015-04-08,0.023,2300.0,10.0,1568.0,0.023,0.023,0.023,10000084,2015-04-22,2015-04-22,P,2.7,2015-03-19
24543,2015-04-08 10:34:00,2015-04-08,0.0246,958.0,4.0,1568.0,0.0242,0.0246,0.0235,10000084,2015-04-22,2015-04-22,P,2.7,2015-03-19
24544,2015-04-08 10:35:00,2015-04-08,0.0235,1625.0,7.0,1570.0,0.0235,0.0231,0.0231,10000084,2015-04-22,2015-04-22,P,2.7,2015-03-19
24545,2015-04-08 10:36:00,2015-04-08,0.0231,0.0,0.0,1570.0,0.0231,0.0231,0.0231,10000084,2015-04-22,2015-04-22,P,2.7,2015-03-19
24546,2015-04-08 10:37:00,2015-04-08,0.0231,0.0,0.0,1570.0,0.0231,0.0231,0.0231,10000084,2015-04-22,2015-04-22,P,2.7,2015-03-19
24547,2015-04-08 10:38:00,2015-04-08,0.0231,0.0,0.0,1570.0,0.0231,0.0231,0.0231,10000084,2015-04-22,2015-04-22,P,2.7,2015-03-19
24548,2015-04-08 10:39:00,2015-04-08,0.0231,0.0,0.0,1570.0,0.0231,0.0231,0.0231,10000084,2015-04-22,2015-04-22,P,2.7,2015-03-19
24549,2015-04-08 10:40:00,2015-04-08,0.0225,3582.0,16.0,1572.0,0.0225,0.0222,0.0222,10000084,2015-04-22,2015-04-22,P,2.7,2015-03-19
24550,2015-04-08 10:41:00,2015-04-08,0.0222,0.0,0.0,1572.0,0.0222,0.0222,0.0222,10000084,2015-04-22,2015-04-22,P,2.7,2015-03-19
24551,2015-04-08 10:42:00,2015-04-08,0.0218,2378.0,11.0,1576.0,0.0212,0.0218,0.0212,10000084,2015-04-22,2015-04-22,P,2.7,2015-03-19
24552,2015-04-08 10:43:00,2015-04-08,0.0218,0.0,0.0,1576.0,0.0218,0.0218,0.0218,10000084,2015-04-22,2015-04-22,P,2.7,2015-03-19
24553,2015-04-08 10:44:00,2015-04-08,0.0218,218.0,1.0,1577.0,0.0218,0.0218,0.0218,10000084,2015-04-22,2015-04-22,P,2.7,2015-03-19
24554,2015-04-08 10:45:00,2015-04-08,0.023,11139.0,49.0,1585.0,0.0225,0.0227,0.0225,10000084,2015-04-22,2015-04-22,P,2.7,2015-03-19
24555,2015-04-08 10:46:00,2015-04-08,0.0227,0.0,0.0,1585.0,0.0227,0.0227,0.0227,10000084,2015-04-22,2015-04-22,P,2.7,2015-03-19
24556,2015-04-08 10:47:00,2015-04-08,0.0227,0.0,0.0,1585.0,0.0227,0.0227,0.0227,10000084,2015-04-22,2015-04-22,P,2.7,2015-03-19
24557,2015-04-08 10:48:00,2015-04-08,0.0245,10360.0,43.0,1588.0,0.0236,0.0245,0.0236,10000084,2015-04-22,2015-04-22,P,2.7,2015-03-19
24558,2015-04-08 10:49:00,2015-04-08,0.0248,2707.0,11.0,1588.0,0.0248,0.0235,0.0235,10000084,2015-04-22,2015-04-22,P,2.7,2015-03-19
24559,2015-04-08 10:50:00,2015-04-08,0.0235,0.0,0.0,1588.0,0.0235,0.0235,0.0235,10000084,2015-04-22,2015-04-22,P,2.7,2015-03-19
24560,2015-04-08 10:51:00,2015-04-08,0.0262,1834.0,7.0,1595.0,0.0262,0.0262,0.0262,10000084,2015-04-22,2015-04-22,P,2.7,2015-03-19
24561,2015-04-08 10:52:00,2015-04-08,0.0269,2690.0,10.0,1595.0,0.0269,0.0269,0.0269,10000084,2015-04-22,2015-04-22,P,2.7,2015-03-19
24562,2015-04-08 10:53:00,2015-04-08,0.0278,2411.0,9.0,1597.0,0.0265,0.0278,0.0265,10000084,2015-04-22,2015-04-22,P,2.7,2015-03-19
24563,2015-04-08 10:54:00,2015-04-08,0.0287,4806.0,17.0,1596.0,0.0283,0.0287,0.028,10000084,2015-04-22,2015-04-22,P,2.7,2015-03-19
24564,2015-04-08 10:55:00,2015-04-08,0.0292,3091.0,11.0,1589.0,0.0292,0.0274,0.0274,10000084,2015-04-22,2015-04-22,P,2.7,2015-03-19
24565,2015-04-08 10:56:00,2015-04-08,0.0277,277.0,1.0,1589.0,0.0277,0.0277,0.0277,10000084,2015-04-22,2015-04-22,P,2.7,2015-03-19
24566,2015-04-08 10:57:00,2015-04-08,0.0293,2924.0,10.0,1598.0,0.0293,0.0293,0.0293,10000084,2015-04-22,2015-04-22,P,2.7,2015-03-19
24567,2015-04-08 10:58:00,2015-04-08,0.0299,2091.0,7.0,1598.0,0.0298,0.0299,0.0298,10000084,2015-04-22,2015-04-22,P,2.7,2015-03-19
24568,2015-04-08 10:59:00,2015-04-08,0.0299,0.0,0.0,1598.0,0.0299,0.0299,0.0299,10000084,2015-04-22,2015-04-22,P,2.7,2015-03-19
24569,2015-04-08 11:00:00,2015-04-08,0.0297,5835.0,20.0,1611.0,0.0297,0.0289,0.0289,10000084,2015-04-22,2015-04-22,P,2.7,2015-03-19
24570,2015-04-08 11:01:00,2015-04-08,0.0289,0.0,0.0,1611.0,0.0289,0.0289,0.0289,10000084,2015-04-22,2015-04-22,P,2.7,2015-03-19
24571,2015-04-08 11:02:00,2015-04-08,0.0289,0.0,0.0,1611.0,0.0289,0.0289,0.0289,10000084,2015-04-22,2015-04-22,P,2.7,2015-03-19
24572,2015-04-08 11:03:00,2015-04-08,0.0267,1335.0,5.0,1616.0,0.0267,0.0267,0.0267,10000084,2015-04-22,2015-04-22,P,2.7,2015-03-19
24573,2015-04-08 11:04:00,2015-04-08,0.0269,538.0,2.0,1614.0,0.0269,0.0269,0.0269,10000084,2015-04-22,2015-04-22,P,2.7,2015-03-19
24574,2015-04-08 11:05:00,2015-04-08,0.0269,0.0,0.0,1614.0,0.0269,0.0269,0.0269,10000084,2015-04-22,2015-04-22,P,2.7,2015-03-19
24575,2015-04-08 11:06:00,2015-04-08,0.0274,3213.0,12.0,1621.0,0.0274,0.0266,0.0266,10000084,2015-04-22,2015-04-22,P,2.7,2015-03-19
24576,2015-04-08 11:07:00,2015-04-08,0.0276,276.0,1.0,1620.0,0.0276,0.0276,0.0276,10000084,2015-04-22,2015-04-22,P,2.7,2015-03-19
24577,2015-04-08 11:08:00,2015-04-08,0.0283,566.0,2.0,1620.0,0.0283,0.0283,0.0283,10000084,2015-04-22,2015-04-22,P,2.7,2015-03-19
24578,2015-04-08 11:09:00,2015-04-08,0.0283,0.0,0.0,1620.0,0.0283,0.0283,0.0283,10000084,2015-04-22,2015-04-22,P,2.7,2015-03-19
24579,2015-04-08 11:10:00,2015-04-08,0.0283,0.0,0.0,1620.0,0.0283,0.0283,0.0283,10000084,2015-04-22,2015-04-22,P,2.7,2015-03-19
24580,2015-04-08 11:11:00,2015-04-08,0.0283,0.0,0.0,1620.0,0.0283,0.0283,0.0283,10000084,2015-04-22,2015-04-22,P,2.7,2015-03-19
24581,2015-04-08 11:12:00,2015-04-08,0.029,575.0,2.0,1620.0,0.0285,0.029,0.0285,10000084,2015-04-22,2015-04-22,P,2.7,2015-03-19
24582,2015-04-08 11:13:00,2015-04-08,0.0292,4950.0,17.0,1633.0,0.029,0.0292,0.029,10000084,2015-04-22,2015-04-22,P,2.7,2015-03-19
24583,2015-04-08 11:14:00,2015-04-08,0.0292,1460.0,5.0,1633.0,0.0292,0.0292,0.0292,10000084,2015-04-22,2015-04-22,P,2.7,2015-03-19
24584,2015-04-08 11:15:00,2015-04-08,0.0292,10010.0,35.0,1661.0,0.0292,0.028,0.028,10000084,2015-04-22,2015-04-22,P,2.7,2015-03-19
24585,2015-04-08 11:16:00,2015-04-08,0.029,8200.0,29.0,1680.0,0.028,0.028,0.028,10000084,2015-04-22,2015-04-22,P,2.7,2015-03-19
24586,2015-04-08 11:17:00,2015-04-08,0.028,0.0,0.0,1680.0,0.028,0.028,0.028,10000084,2015-04-22,2015-04-22,P,2.7,2015-03-19
24587,2015-04-08 11:18:00,2015-04-08,0.028,560.0,2.0,1680.0,0.028,0.028,0.028,10000084,2015-04-22,2015-04-22,P,2.7,2015-03-19
24588,2015-04-08 11:19:00,2015-04-08,0.028,0.0,0.0,1680.0,0.028,0.028,0.028,10000084,2015-04-22,2015-04-22,P,2.7,2015-03-19
24589,2015-04-08 11:20:00,2015-04-08,0.028,0.0,0.0,1680.0,0.028,0.028,0.028,10000084,2015-04-22,2015-04-22,P,2.7,2015-03-19
24590,2015-04-08 11:21:00,2015-04-08,0.028,0.0,0.0,1680.0,0.028,0.028,0.028,10000084,2015-04-22,2015-04-22,P,2.7,2015-03-19
24591,2015-04-08 11:22:00,2015-04-08,0.028,0.0,0.0,1680.0,0.028,0.028,0.028,10000084,2015-04-22,2015-04-22,P,2.7,2015-03-19
24592,2015-04-08 11:23:00,2015-04-08,0.028,0.0,0.0,1680.0,0.028,0.028,0.028,10000084,2015-04-22,2015-04-22,P,2.7,2015-03-19
24593,2015-04-08 11:24:00,2015-04-08,0.0275,2419.0,9.0,1673.0,0.0275,0.0267,0.0267,10000084,2015-04-22,2015-04-22,P,2.7,2015-03-19
24594,2015-04-08 11:25:00,2015-04-08,0.0257,1285.0,5.0,1668.0,0.0257,0.0257,0.0257,10000084,2015-04-22,2015-04-22,P,2.7,2015-03-19
24595,2015-04-08 11:26:00,2015-04-08,0.0249,2500.0,10.0,1658.0,0.0249,0.0249,0.0249,10000084,2015-04-22,2015-04-22,P,2.7,2015-03-19
24596,2015-04-08 11:27:00,2015-04-08,0.0252,252.0,1.0,1657.0,0.0252,0.0252,0.0252,10000084,2015-04-22,2015-04-22,P,2.7,2015-03-19
24597,2015-04-08 11:28:00,2015-04-08,0.0252,0.0,0.0,1657.0,0.0252,0.0252,0.0252,10000084,2015-04-22,2015-04-22,P,2.7,2015-03-19
24598,2015-04-08 11:29:00,2015-04-08,0.0235,5373.0,23.0,1673.0,0.0235,0.0231,0.0231,10000084,2015-04-22,2015-04-22,P,2.7,2015-03-19
24599,2015-04-08 11:30:00,2015-04-08,0.0231,1617.0,7.0,1680.0,0.0231,0.0231,0.0231,10000084,2015-04-22,2015-04-22,P,2.7,2015-03-19
24600,2015-04-08 13:01:00,2015-04-08,0.0226,3895.0,18.0,1698.0,0.0226,0.0207,0.0207,10000084,2015-04-22,2015-04-22,P,2.7,2015-03-19
24601,2015-04-08 13:02:00,2015-04-08,0.0205,2040.0,10.0,1703.0,0.0205,0.0203,0.0203,10000084,2015-04-22,2015-04-22,P,2.7,2015-03-19
24602,2015-04-08 13:03:00,2015-04-08,0.0208,2269.0,11.0,1708.0,0.0206,0.0205,0.0205,10000084,2015-04-22,2015-04-22,P,2.7,2015-03-19
24603,2015-04-08 13:04:00,2015-04-08,0.0205,811.0,4.0,1712.0,0.0205,0.0202,0.0202,10000084,2015-04-22,2015-04-22,P,2.7,2015-03-19
24604,2015-04-08 13:05:00,2015-04-08,0.0198,396.0,2.0,1714.0,0.0198,0.0198,0.0198,10000084,2015-04-22,2015-04-22,P,2.7,2015-03-19
24605,2015-04-08 13:06:00,2015-04-08,0.0198,0.0,0.0,1714.0,0.0198,0.0198,0.0198,10000084,2015-04-22,2015-04-22,P,2.7,2015-03-19
24606,2015-04-08 13:07:00,2015-04-08,0.0198,0.0,0.0,1714.0,0.0198,0.0198,0.0198,10000084,2015-04-22,2015-04-22,P,2.7,2015-03-19
24607,2015-04-08 13:08:00,2015-04-08,0.0213,425.0,2.0,1716.0,0.0212,0.0213,0.0212,10000084,2015-04-22,2015-04-22,P,2.7,2015-03-19
24608,2015-04-08 13:09:00,2015-04-08,0.0214,1278.0,6.0,1722.0,0.0213,0.0214,0.0212,10000084,2015-04-22,2015-04-22,P,2.7,2015-03-19
24609,2015-04-08 13:10:00,2015-04-08,0.0214,0.0,0.0,1722.0,0.0214,0.0214,0.0214,10000084,2015-04-22,2015-04-22,P,2.7,2015-03-19
24610,2015-04-08 13:11:00,2015-04-08,0.0214,0.0,0.0,1722.0,0.0214,0.0214,0.0214,10000084,2015-04-22,2015-04-22,P,2.7,2015-03-19
24611,2015-04-08 13:12:00,2015-04-08,0.0214,0.0,0.0,1722.0,0.0214,0.0214,0.0214,10000084,2015-04-22,2015-04-22,P,2.7,2015-03-19
24612,2015-04-08 13:13:00,2015-04-08,0.0214,0.0,0.0,1722.0,0.0214,0.0214,0.0214,10000084,2015-04-22,2015-04-22,P,2.7,2015-03-19
24613,2015-04-08 13:14:00,2015-04-08,0.0214,0.0,0.0,1722.0,0.0214,0.0214,0.0214,10000084,2015-04-22,2015-04-22,P,2.7,2015-03-19
24614,2015-04-08 13:15:00,2015-04-08,0.0209,1045.0,5.0,1727.0,0.0209,0.0209,0.0209,10000084,2015-04-22,2015-04-22,P,2.7,2015-03-19
24615,2015-04-08 13:16:00,2015-04-08,0.0204,1017.0,5.0,1728.0,0.0204,0.0203,0.0203,10000084,2015-04-22,2015-04-22,P,2.7,2015-03-19
24616,2015-04-08 13:17:00,2015-04-08,0.0204,2237.0,11.0,1737.0,0.0204,0.0203,0.0203,10000084,2015-04-22,2015-04-22,P,2.7,2015-03-19
24617,2015-04-08 13:18:00,2015-04-08,0.0199,1371.0,7.0,1743.0,0.0199,0.0188,0.0188,10000084,2015-04-22,2015-04-22,P,2.7,2015-03-19
24618,2015-04-08 13:19:00,2015-04-08,0.0188,0.0,0.0,1743.0,0.0188,0.0188,0.0188,10000084,2015-04-22,2015-04-22,P,2.7,2015-03-19
24619,2015-04-08 13:20:00,2015-04-08,0.0188,0.0,0.0,1743.0,0.0188,0.0188,0.0188,10000084,2015-04-22,2015-04-22,P,2.7,2015-03-19
24620,2015-04-08 13:21:00,2015-04-08,0.0172,1720.0,10.0,1743.0,0.0172,0.0172,0.0172,10000084,2015-04-22,2015-04-22,P,2.7,2015-03-19
24621,2015-04-08 13:22:00,2015-04-08,0.0167,2318.0,14.0,1736.0,0.0165,0.0167,0.0165,10000084,2015-04-22,2015-04-22,P,2.7,2015-03-19
24622,2015-04-08 13:23:00,2015-04-08,0.016,1600.0,10.0,1736.0,0.016,0.016,0.016,10000084,2015-04-22,2015-04-22,P,2.7,2015-03-19
24623,2015-04-08 13:24:00,2015-04-08,0.0161,1605.0,10.0,1731.0,0.0161,0.016,0.016,10000084,2015-04-22,2015-04-22,P,2.7,2015-03-19
24624,2015-04-08 13:25:00,2015-04-08,0.0176,176.0,1.0,1732.0,0.0176,0.0176,0.0176,10000084,2015-04-22,2015-04-22,P,2.7,2015-03-19
24625,2015-04-08 13:26:00,2015-04-08,0.0178,356.0,2.0,1734.0,0.0178,0.0178,0.0178,10000084,2015-04-22,2015-04-22,P,2.7,2015-03-19
24626,2015-04-08 13:27:00,2015-04-08,0.0178,890.0,5.0,1739.0,0.0178,0.0178,0.0178,10000084,2015-04-22,2015-04-22,P,2.7,2015-03-19
24627,2015-04-08 13:28:00,2015-04-08,0.0173,1883.0,11.0,1747.0,0.0171,0.0173,0.0171,10000084,2015-04-22,2015-04-22,P,2.7,2015-03-19
24628,2015-04-08 13:29:00,2015-04-08,0.0176,704.0,4.0,1751.0,0.0176,0.0176,0.0176,10000084,2015-04-22,2015-04-22,P,2.7,2015-03-19
24629,2015-04-08 13:30:00,2015-04-08,0.0168,336.0,2.0,1752.0,0.0168,0.0168,0.0168,10000084,2015-04-22,2015-04-22,P,2.7,2015-03-19
24630,2015-04-08 13:31:00,2015-04-08,0.0165,2455.0,15.0,1757.0,0.0165,0.0161,0.0161,10000084,2015-04-22,2015-04-22,P,2.7,2015-03-19
24631,2015-04-08 13:32:00,2015-04-08,0.0165,330.0,2.0,1758.0,0.0165,0.0165,0.0165,10000084,2015-04-22,2015-04-22,P,2.7,2015-03-19
24632,2015-04-08 13:33:00,2015-04-08,0.0165,0.0,0.0,1758.0,0.0165,0.0165,0.0165,10000084,2015-04-22,2015-04-22,P,2.7,2015-03-19
24633,2015-04-08 13:34:00,2015-04-08,0.0169,1690.0,10.0,1768.0,0.0169,0.0169,0.0169,10000084,2015-04-22,2015-04-22,P,2.7,2015-03-19
24634,2015-04-08 13:35:00,2015-04-08,0.0157,314.0,2.0,1768.0,0.0157,0.0157,0.0157,10000084,2015-04-22,2015-04-22,P,2.7,2015-03-19
24635,2015-04-08 13:36:00,2015-04-08,0.0157,0.0,0.0,1768.0,0.0157,0.0157,0.0157,10000084,2015-04-22,2015-04-22,P,2.7,2015-03-19
24636,2015-04-08 13:37:00,2015-04-08,0.0157,0.0,0.0,1768.0,0.0157,0.0157,0.0157,10000084,2015-04-22,2015-04-22,P,2.7,2015-03-19
24637,2015-04-08 13:38:00,2015-04-08,0.0172,516.0,3.0,1771.0,0.0172,0.0172,0.0172,10000084,2015-04-22,2015-04-22,P,2.7,2015-03-19
24638,2015-04-08 13:39:00,2015-04-08,0.0163,163.0,1.0,1772.0,0.0163,0.0163,0.0163,10000084,2015-04-22,2015-04-22,P,2.7,2015-03-19
24639,2015-04-08 13:40:00,2015-04-08,0.0166,166.0,1.0,1773.0,0.0166,0.0166,0.0166,10000084,2015-04-22,2015-04-22,P,2.7,2015-03-19
24640,2015-04-08 13:41:00,2015-04-08,0.0166,0.0,0.0,1773.0,0.0166,0.0166,0.0166,10000084,2015-04-22,2015-04-22,P,2.7,2015-03-19
24641,2015-04-08 13:42:00,2015-04-08,0.0181,1253.0,7.0,1778.0,0.0181,0.0174,0.0174,10000084,2015-04-22,2015-04-22,P,2.7,2015-03-19
24642,2015-04-08 13:43:00,2015-04-08,0.0174,0.0,0.0,1778.0,0.0174,0.0174,0.0174,10000084,2015-04-22,2015-04-22,P,2.7,2015-03-19
24643,2015-04-08 13:44:00,2015-04-08,0.0174,0.0,0.0,1778.0,0.0174,0.0174,0.0174,10000084,2015-04-22,2015-04-22,P,2.7,2015-03-19
24644,2015-04-08 13:45:00,2015-04-08,0.0174,0.0,0.0,1778.0,0.0174,0.0174,0.0174,10000084,2015-04-22,2015-04-22,P,2.7,2015-03-19
24645,2015-04-08 13:46:00,2015-04-08,0.0175,349.0,2.0,1779.0,0.0175,0.0174,0.0174,10000084,2015-04-22,2015-04-22,P,2.7,2015-03-19
24646,2015-04-08 13:47:00,2015-04-08,0.0174,0.0,0.0,1779.0,0.0174,0.0174,0.0174,10000084,2015-04-22,2015-04-22,P,2.7,2015-03-19
24647,2015-04-08 13:48:00,2015-04-08,0.0174,0.0,0.0,1779.0,0.0174,0.0174,0.0174,10000084,2015-04-22,2015-04-22,P,2.7,2015-03-19
24648,2015-04-08 13:49:00,2015-04-08,0.0174,0.0,0.0,1779.0,0.0174,0.0174,0.0174,10000084,2015-04-22,2015-04-22,P,2.7,2015-03-19
24649,2015-04-08 13:50:00,2015-04-08,0.0174,0.0,0.0,1779.0,0.0174,0.0174,0.0174,10000084,2015-04-22,2015-04-22,P,2.7,2015-03-19
24650,2015-04-08 13:51:00,2015-04-08,0.0174,0.0,0.0,1779.0,0.0174,0.0174,0.0174,10000084,2015-04-22,2015-04-22,P,2.7,2015-03-19
24651,2015-04-08 13:52:00,2015-04-08,0.0174,0.0,0.0,1779.0,0.0174,0.0174,0.0174,10000084,2015-04-22,2015-04-22,P,2.7,2015-03-19
24652,2015-04-08 13:53:00,2015-04-08,0.0174,0.0,0.0,1779.0,0.0174,0.0174,0.0174,10000084,2015-04-22,2015-04-22,P,2.7,2015-03-19
24653,2015-04-08 13:54:00,2015-04-08,0.017,850.0,5.0,1779.0,0.017,0.017,0.017,10000084,2015-04-22,2015-04-22,P,2.7,2015-03-19
24654,2015-04-08 13:55:00,2015-04-08,0.017,0.0,0.0,1779.0,0.017,0.017,0.017,10000084,2015-04-22,2015-04-22,P,2.7,2015-03-19
24655,2015-04-08 13:56:00,2015-04-08,0.0164,164.0,1.0,1779.0,0.0164,0.0164,0.0164,10000084,2015-04-22,2015-04-22,P,2.7,2015-03-19
24656,2015-04-08 13:57:00,2015-04-08,0.0164,0.0,0.0,1779.0,0.0164,0.0164,0.0164,10000084,2015-04-22,2015-04-22,P,2.7,2015-03-19
24657,2015-04-08 13:58:00,2015-04-08,0.0167,1670.0,10.0,1779.0,0.0167,0.0167,0.0167,10000084,2015-04-22,2015-04-22,P,2.7,2015-03-19
24658,2015-04-08 13:59:00,2015-04-08,0.016,1600.0,10.0,1784.0,0.016,0.016,0.016,10000084,2015-04-22,2015-04-22,P,2.7,2015-03-19
24659,2015-04-08 14:00:00,2015-04-08,0.016,0.0,0.0,1784.0,0.016,0.016,0.016,10000084,2015-04-22,2015-04-22,P,2.7,2015-03-19
24660,2015-04-08 14:01:00,2015-04-08,0.0162,162.0,1.0,1785.0,0.0162,0.0162,0.0162,10000084,2015-04-22,2015-04-22,P,2.7,2015-03-19
24661,2015-04-08 14:02:00,2015-04-08,0.017,3012.0,18.0,1801.0,0.0167,0.017,0.0167,10000084,2015-04-22,2015-04-22,P,2.7,2015-03-19
24662,2015-04-08 14:03:00,2015-04-08,0.0173,2062.0,12.0,1812.0,0.0171,0.0173,0.0171,10000084,2015-04-22,2015-04-22,P,2.7,2015-03-19
24663,2015-04-08 14:04:00,2015-04-08,0.0181,1983.0,11.0,1823.0,0.0173,0.0181,0.0173,10000084,2015-04-22,2015-04-22,P,2.7,2015-03-19
24664,2015-04-08 14:05:00,2015-04-08,0.0181,0.0,0.0,1823.0,0.0181,0.0181,0.0181,10000084,2015-04-22,2015-04-22,P,2.7,2015-03-19
24665,2015-04-08 14:06:00,2015-04-08,0.0185,925.0,5.0,1828.0,0.0185,0.0185,0.0185,10000084,2015-04-22,2015-04-22,P,2.7,2015-03-19
24666,2015-04-08 14:07:00,2015-04-08,0.0191,7510.0,40.0,1868.0,0.019,0.0184,0.0184,10000084,2015-04-22,2015-04-22,P,2.7,2015-03-19
24667,2015-04-08 14:08:00,2015-04-08,0.0173,346.0,2.0,1866.0,0.0173,0.0173,0.0173,10000084,2015-04-22,2015-04-22,P,2.7,2015-03-19
24668,2015-04-08 14:09:00,2015-04-08,0.0171,1016.0,6.0,1861.0,0.0171,0.0169,0.0169,10000084,2015-04-22,2015-04-22,P,2.7,2015-03-19
24669,2015-04-08 14:10:00,2015-04-08,0.0167,332.0,2.0,1862.0,0.0167,0.0165,0.0165,10000084,2015-04-22,2015-04-22,P,2.7,2015-03-19
24670,2015-04-08 14:11:00,2015-04-08,0.0171,342.0,2.0,1861.0,0.0171,0.0171,0.0171,10000084,2015-04-22,2015-04-22,P,2.7,2015-03-19
24671,2015-04-08 14:12:00,2015-04-08,0.0171,0.0,0.0,1861.0,0.0171,0.0171,0.0171,10000084,2015-04-22,2015-04-22,P,2.7,2015-03-19
24672,2015-04-08 14:13:00,2015-04-08,0.0171,0.0,0.0,1861.0,0.0171,0.0171,0.0171,10000084,2015-04-22,2015-04-22,P,2.7,2015-03-19
24673,2015-04-08 14:14:00,2015-04-08,0.0171,171.0,1.0,1862.0,0.0171,0.0171,0.0171,10000084,2015-04-22,2015-04-22,P,2.7,2015-03-19
24674,2015-04-08 14:15:00,2015-04-08,0.0177,1770.0,10.0,1871.0,0.0177,0.0177,0.0177,10000084,2015-04-22,2015-04-22,P,2.7,2015-03-19
24675,2015-04-08 14:16:00,2015-04-08,0.0182,1092.0,6.0,1877.0,0.0182,0.0182,0.0182,10000084,2015-04-22,2015-04-22,P,2.7,2015-03-19
24676,2015-04-08 14:17:00,2015-04-08,0.0182,364.0,2.0,1879.0,0.0182,0.0182,0.0182,10000084,2015-04-22,2015-04-22,P,2.7,2015-03-19
24677,2015-04-08 14:18:00,2015-04-08,0.0183,366.0,2.0,1878.0,0.0183,0.0183,0.0183,10000084,2015-04-22,2015-04-22,P,2.7,2015-03-19
24678,2015-04-08 14:19:00,2015-04-08,0.0195,1950.0,10.0,1888.0,0.0195,0.0195,0.0195,10000084,2015-04-22,2015-04-22,P,2.7,2015-03-19
24679,2015-04-08 14:20:00,2015-04-08,0.0195,0.0,0.0,1888.0,0.0195,0.0195,0.0195,10000084,2015-04-22,2015-04-22,P,2.7,2015-03-19
24680,2015-04-08 14:21:00,2015-04-08,0.0207,2054.0,10.0,1898.0,0.0207,0.0207,0.0207,10000084,2015-04-22,2015-04-22,P,2.7,2015-03-19
24681,2015-04-08 14:22:00,2015-04-08,0.0207,207.0,1.0,1899.0,0.0207,0.0207,0.0207,10000084,2015-04-22,2015-04-22,P,2.7,2015-03-19
24682,2015-04-08 14:23:00,2015-04-08,0.0206,1021.0,5.0,1900.0,0.0206,0.0197,0.0197,10000084,2015-04-22,2015-04-22,P,2.7,2015-03-19
24683,2015-04-08 14:24:00,2015-04-08,0.0197,0.0,0.0,1900.0,0.0197,0.0197,0.0197,10000084,2015-04-22,2015-04-22,P,2.7,2015-03-19
24684,2015-04-08 14:25:00,2015-04-08,0.0197,0.0,0.0,1900.0,0.0197,0.0197,0.0197,10000084,2015-04-22,2015-04-22,P,2.7,2015-03-19
24685,2015-04-08 14:26:00,2015-04-08,0.0197,0.0,0.0,1900.0,0.0197,0.0197,0.0197,10000084,2015-04-22,2015-04-22,P,2.7,2015-03-19
24686,2015-04-08 14:27:00,2015-04-08,0.0197,0.0,0.0,1900.0,0.0197,0.0197,0.0197,10000084,2015-04-22,2015-04-22,P,2.7,2015-03-19
24687,2015-04-08 14:28:00,2015-04-08,0.0223,223.0,1.0,1901.0,0.0223,0.0223,0.0223,10000084,2015-04-22,2015-04-22,P,2.7,2015-03-19
24688,2015-04-08 14:29:00,2015-04-08,0.0211,211.0,1.0,1901.0,0.0211,0.0211,0.0211,10000084,2015-04-22,2015-04-22,P,2.7,2015-03-19
24689,2015-04-08 14:30:00,2015-04-08,0.0217,217.0,1.0,1900.0,0.0217,0.0217,0.0217,10000084,2015-04-22,2015-04-22,P,2.7,2015-03-19
24690,2015-04-08 14:31:00,2015-04-08,0.0211,1266.0,6.0,1900.0,0.0211,0.0211,0.0211,10000084,2015-04-22,2015-04-22,P,2.7,2015-03-19
24691,2015-04-08 14:32:00,2015-04-08,0.0211,1457.0,7.0,1906.0,0.0211,0.0206,0.0206,10000084,2015-04-22,2015-04-22,P,2.7,2015-03-19
24692,2015-04-08 14:33:00,2015-04-08,0.0206,1236.0,6.0,1911.0,0.0206,0.0206,0.0206,10000084,2015-04-22,2015-04-22,P,2.7,2015-03-19
24693,2015-04-08 14:34:00,2015-04-08,0.0202,2214.0,11.0,1922.0,0.0202,0.0201,0.0201,10000084,2015-04-22,2015-04-22,P,2.7,2015-03-19
24694,2015-04-08 14:35:00,2015-04-08,0.0201,1189.0,6.0,1922.0,0.0201,0.0198,0.0193,10000084,2015-04-22,2015-04-22,P,2.7,2015-03-19
24695,2015-04-08 14:36:00,2015-04-08,0.0197,197.0,1.0,1921.0,0.0197,0.0197,0.0197,10000084,2015-04-22,2015-04-22,P,2.7,2015-03-19
24696,2015-04-08 14:37:00,2015-04-08,0.0197,0.0,0.0,1921.0,0.0197,0.0197,0.0197,10000084,2015-04-22,2015-04-22,P,2.7,2015-03-19
24697,2015-04-08 14:38:00,2015-04-08,0.0197,0.0,0.0,1921.0,0.0197,0.0197,0.0197,10000084,2015-04-22,2015-04-22,P,2.7,2015-03-19
24698,2015-04-08 14:39:00,2015-04-08,0.0197,1576.0,8.0,1914.0,0.0197,0.0197,0.0197,10000084,2015-04-22,2015-04-22,P,2.7,2015-03-19
24699,2015-04-08 14:40:00,2015-04-08,0.0199,1990.0,10.0,1914.0,0.0199,0.0199,0.0199,10000084,2015-04-22,2015-04-22,P,2.7,2015-03-19
24700,2015-04-08 14:41:00,2015-04-08,0.0199,1990.0,10.0,1914.0,0.0199,0.0199,0.0199,10000084,2015-04-22,2015-04-22,P,2.7,2015-03-19
24701,2015-04-08 14:42:00,2015-04-08,0.0199,0.0,0.0,1914.0,0.0199,0.0199,0.0199,10000084,2015-04-22,2015-04-22,P,2.7,2015-03-19
24702,2015-04-08 14:43:00,2015-04-08,0.02,200.0,1.0,1914.0,0.02,0.02,0.02,10000084,2015-04-22,2015-04-22,P,2.7,2015-03-19
24703,2015-04-08 14:44:00,2015-04-08,0.0187,3730.0,20.0,1904.0,0.0187,0.0186,0.0186,10000084,2015-04-22,2015-04-22,P,2.7,2015-03-19
24704,2015-04-08 14:45:00,2015-04-08,0.0171,684.0,4.0,1904.0,0.0171,0.0171,0.0171,10000084,2015-04-22,2015-04-22,P,2.7,2015-03-19
24705,2015-04-08 14:46:00,2015-04-08,0.0171,0.0,0.0,1904.0,0.0171,0.0171,0.0171,10000084,2015-04-22,2015-04-22,P,2.7,2015-03-19
24706,2015-04-08 14:47:00,2015-04-08,0.0171,0.0,0.0,1904.0,0.0171,0.0171,0.0171,10000084,2015-04-22,2015-04-22,P,2.7,2015-03-19
24707,2015-04-08 14:48:00,2015-04-08,0.0171,0.0,0.0,1904.0,0.0171,0.0171,0.0171,10000084,2015-04-22,2015-04-22,P,2.7,2015-03-19
24708,2015-04-08 14:49:00,2015-04-08,0.0171,0.0,0.0,1904.0,0.0171,0.0171,0.0171,10000084,2015-04-22,2015-04-22,P,2.7,2015-03-19
24709,2015-04-08 14:50:00,2015-04-08,0.0171,0.0,0.0,1904.0,0.0171,0.0171,0.0171,10000084,2015-04-22,2015-04-22,P,2.7,2015-03-19
24710,2015-04-08 14:51:00,2015-04-08,0.0172,172.0,1.0,1904.0,0.0172,0.0172,0.0172,10000084,2015-04-22,2015-04-22,P,2.7,2015-03-19
24711,2015-04-08 14:52:00,2015-04-08,0.0172,0.0,0.0,1904.0,0.0172,0.0172,0.0172,10000084,2015-04-22,2015-04-22,P,2.7,2015-03-19
24712,2015-04-08 14:53:00,2015-04-08,0.0172,0.0,0.0,1904.0,0.0172,0.0172,0.0172,10000084,2015-04-22,2015-04-22,P,2.7,2015-03-19
24713,2015-04-08 14:54:00,2015-04-08,0.0181,1082.0,6.0,1903.0,0.0181,0.0177,0.0177,10000084,2015-04-22,2015-04-22,P,2.7,2015-03-19
24714,2015-04-08 14:55:00,2015-04-08,0.0177,0.0,0.0,1903.0,0.0177,0.0177,0.0177,10000084,2015-04-22,2015-04-22,P,2.7,2015-03-19
24715,2015-04-08 14:56:00,2015-04-08,0.0182,1820.0,10.0,1903.0,0.0182,0.0182,0.0182,10000084,2015-04-22,2015-04-22,P,2.7,2015-03-19
24716,2015-04-08 14:57:00,2015-04-08,0.0182,0.0,0.0,1903.0,0.0182,0.0182,0.0182,10000084,2015-04-22,2015-04-22,P,2.7,2015-03-19
24717,2015-04-08 14:58:00,2015-04-08,0.0182,0.0,0.0,1903.0,0.0182,0.0182,0.0182,10000084,2015-04-22,2015-04-22,P,2.7,2015-03-19
24718,2015-04-08 14:59:00,2015-04-08,0.0182,0.0,0.0,1903.0,0.0182,0.0182,0.0182,10000084,2015-04-22,2015-04-22,P,2.7,2015-03-19
24719,2015-04-08 15:00:00,2015-04-08,0.0181,181.0,1.0,1838.0,0.0181,0.0181,0.0181,10000084,2015-04-22,2015-04-22,P,2.7,2015-03-19
24720,2015-04-08 09:31:00,2015-04-08,0.266,0.0,0.0,0.0,0.266,0.266,0.266,10000125,2015-09-23,2015-09-23,C,2.85,2015-03-31
24721,2015-04-08 09:32:00,2015-04-08,0.266,0.0,0.0,0.0,0.266,0.266,0.266,10000125,2015-09-23,2015-09-23,C,2.85,2015-03-31
24722,2015-04-08 09:33:00,2015-04-08,0.266,0.0,0.0,0.0,0.266,0.266,0.266,10000125,2015-09-23,2015-09-23,C,2.85,2015-03-31
24723,2015-04-08 09:34:00,2015-04-08,0.266,0.0,0.0,0.0,0.266,0.266,0.266,10000125,2015-09-23,2015-09-23,C,2.85,2015-03-31
24724,2015-04-08 09:35:00,2015-04-08,0.266,0.0,0.0,0.0,0.266,0.266,0.266,10000125,2015-09-23,2015-09-23,C,2.85,2015-03-31
24725,2015-04-08 09:36:00,2015-04-08,0.266,0.0,0.0,0.0,0.266,0.266,0.266,10000125,2015-09-23,2015-09-23,C,2.85,2015-03-31
24726,2015-04-08 09:37:00,2015-04-08,0.266,0.0,0.0,0.0,0.266,0.266,0.266,10000125,2015-09-23,2015-09-23,C,2.85,2015-03-31
24727,2015-04-08 09:38:00,2015-04-08,0.266,0.0,0.0,0.0,0.266,0.266,0.266,10000125,2015-09-23,2015-09-23,C,2.85,2015-03-31
24728,2015-04-08 09:39:00,2015-04-08,0.266,0.0,0.0,0.0,0.266,0.266,0.266,10000125,2015-09-23,2015-09-23,C,2.85,2015-03-31
24729,2015-04-08 09:40:00,2015-04-08,0.266,0.0,0.0,0.0,0.266,0.266,0.266,10000125,2015-09-23,2015-09-23,C,2.85,2015-03-31
24730,2015-04-08 09:41:00,2015-04-08,0.266,0.0,0.0,0.0,0.266,0.266,0.266,10000125,2015-09-23,2015-09-23,C,2.85,2015-03-31
24731,2015-04-08 09:42:00,2015-04-08,0.266,0.0,0.0,0.0,0.266,0.266,0.266,10000125,2015-09-23,2015-09-23,C,2.85,2015-03-31
24732,2015-04-08 09:43:00,2015-04-08,0.266,0.0,0.0,0.0,0.266,0.266,0.266,10000125,2015-09-23,2015-09-23,C,2.85,2015-03-31
24733,2015-04-08 09:44:00,2015-04-08,0.266,0.0,0.0,0.0,0.266,0.266,0.266,10000125,2015-09-23,2015-09-23,C,2.85,2015-03-31
24734,2015-04-08 09:45:00,2015-04-08,0.266,0.0,0.0,0.0,0.266,0.266,0.266,10000125,2015-09-23,2015-09-23,C,2.85,2015-03-31
24735,2015-04-08 09:46:00,2015-04-08,0.266,0.0,0.0,0.0,0.266,0.266,0.266,10000125,2015-09-23,2015-09-23,C,2.85,2015-03-31
24736,2015-04-08 09:47:00,2015-04-08,0.266,0.0,0.0,0.0,0.266,0.266,0.266,10000125,2015-09-23,2015-09-23,C,2.85,2015-03-31
24737,2015-04-08 09:48:00,2015-04-08,0.266,0.0,0.0,0.0,0.266,0.266,0.266,10000125,2015-09-23,2015-09-23,C,2.85,2015-03-31
24738,2015-04-08 09:49:00,2015-04-08,0.266,0.0,0.0,0.0,0.266,0.266,0.266,10000125,2015-09-23,2015-09-23,C,2.85,2015-03-31
24739,2015-04-08 09:50:00,2015-04-08,0.266,0.0,0.0,0.0,0.266,0.266,0.266,10000125,2015-09-23,2015-09-23,C,2.85,2015-03-31
24740,2015-04-08 09:51:00,2015-04-08,0.266,0.0,0.0,0.0,0.266,0.266,0.266,10000125,2015-09-23,2015-09-23,C,2.85,2015-03-31
24741,2015-04-08 09:52:00,2015-04-08,0.266,0.0,0.0,0.0,0.266,0.266,0.266,10000125,2015-09-23,2015-09-23,C,2.85,2015-03-31
24742,2015-04-08 09:53:00,2015-04-08,0.266,0.0,0.0,0.0,0.266,0.266,0.266,10000125,2015-09-23,2015-09-23,C,2.85,2015-03-31
24743,2015-04-08 09:54:00,2015-04-08,0.266,0.0,0.0,0.0,0.266,0.266,0.266,10000125,2015-09-23,2015-09-23,C,2.85,2015-03-31
24744,2015-04-08 09:55:00,2015-04-08,0.266,0.0,0.0,0.0,0.266,0.266,0.266,10000125,2015-09-23,2015-09-23,C,2.85,2015-03-31
24745,2015-04-08 09:56:00,2015-04-08,0.266,0.0,0.0,0.0,0.266,0.266,0.266,10000125,2015-09-23,2015-09-23,C,2.85,2015-03-31
24746,2015-04-08 09:57:00,2015-04-08,0.278,8340.0,3.0,818.0,0.278,0.278,0.278,10000125,2015-09-23,2015-09-23,C,2.85,2015-03-31
24747,2015-04-08 09:58:00,2015-04-08,0.278,0.0,0.0,818.0,0.278,0.278,0.278,10000125,2015-09-23,2015-09-23,C,2.85,2015-03-31
24748,2015-04-08 09:59:00,2015-04-08,0.278,0.0,0.0,818.0,0.278,0.278,0.278,10000125,2015-09-23,2015-09-23,C,2.85,2015-03-31
24749,2015-04-08 10:00:00,2015-04-08,0.278,0.0,0.0,818.0,0.278,0.278,0.278,10000125,2015-09-23,2015-09-23,C,2.85,2015-03-31
24750,2015-04-08 10:01:00,2015-04-08,0.278,0.0,0.0,818.0,0.278,0.278,0.278,10000125,2015-09-23,2015-09-23,C,2.85,2015-03-31
24751,2015-04-08 10:02:00,2015-04-08,0.278,0.0,0.0,818.0,0.278,0.278,0.278,10000125,2015-09-23,2015-09-23,C,2.85,2015-03-31
24752,2015-04-08 10:03:00,2015-04-08,0.278,0.0,0.0,818.0,0.278,0.278,0.278,10000125,2015-09-23,2015-09-23,C,2.85,2015-03-31
24753,2015-04-08 10:04:00,2015-04-08,0.278,0.0,0.0,818.0,0.278,0.278,0.278,10000125,2015-09-23,2015-09-23,C,2.85,2015-03-31
24754,2015-04-08 10:05:00,2015-04-08,0.278,0.0,0.0,818.0,0.278,0.278,0.278,10000125,2015-09-23,2015-09-23,C,2.85,2015-03-31
24755,2015-04-08 10:06:00,2015-04-08,0.2859,14295.0,5.0,823.0,0.2859,0.2859,0.2859,10000125,2015-09-23,2015-09-23,C,2.85,2015-03-31
24756,2015-04-08 10:07:00,2015-04-08,0.2859,0.0,0.0,823.0,0.2859,0.2859,0.2859,10000125,2015-09-23,2015-09-23,C,2.85,2015-03-31
24757,2015-04-08 10:08:00,2015-04-08,0.2859,0.0,0.0,823.0,0.2859,0.2859,0.2859,10000125,2015-09-23,2015-09-23,C,2.85,2015-03-31
24758,2015-04-08 10:09:00,2015-04-08,0.2859,0.0,0.0,823.0,0.2859,0.2859,0.2859,10000125,2015-09-23,2015-09-23,C,2.85,2015-03-31
24759,2015-04-08 10:10:00,2015-04-08,0.2843,14215.0,5.0,828.0,0.2843,0.2843,0.2843,10000125,2015-09-23,2015-09-23,C,2.85,2015-03-31
24760,2015-04-08 10:11:00,2015-04-08,0.2843,0.0,0.0,828.0,0.2843,0.2843,0.2843,10000125,2015-09-23,2015-09-23,C,2.85,2015-03-31
24761,2015-04-08 10:12:00,2015-04-08,0.2843,0.0,0.0,828.0,0.2843,0.2843,0.2843,10000125,2015-09-23,2015-09-23,C,2.85,2015-03-31
24762,2015-04-08 10:13:00,2015-04-08,0.2843,0.0,0.0,828.0,0.2843,0.2843,0.2843,10000125,2015-09-23,2015-09-23,C,2.85,2015-03-31
24763,2015-04-08 10:14:00,2015-04-08,0.2843,0.0,0.0,828.0,0.2843,0.2843,0.2843,10000125,2015-09-23,2015-09-23,C,2.85,2015-03-31
24764,2015-04-08 10:15:00,2015-04-08,0.2843,0.0,0.0,828.0,0.2843,0.2843,0.2843,10000125,2015-09-23,2015-09-23,C,2.85,2015-03-31
24765,2015-04-08 10:16:00,2015-04-08,0.2636,13180.0,5.0,828.0,0.2636,0.2636,0.2636,10000125,2015-09-23,2015-09-23,C,2.85,2015-03-31
24766,2015-04-08 10:17:00,2015-04-08,0.2631,39445.0,15.0,813.0,0.2631,0.2629,0.2629,10000125,2015-09-23,2015-09-23,C,2.85,2015-03-31
24767,2015-04-08 10:18:00,2015-04-08,0.2629,0.0,0.0,813.0,0.2629,0.2629,0.2629,10000125,2015-09-23,2015-09-23,C,2.85,2015-03-31
24768,2015-04-08 10:19:00,2015-04-08,0.2629,0.0,0.0,813.0,0.2629,0.2629,0.2629,10000125,2015-09-23,2015-09-23,C,2.85,2015-03-31
24769,2015-04-08 10:20:00,2015-04-08,0.2629,0.0,0.0,813.0,0.2629,0.2629,0.2629,10000125,2015-09-23,2015-09-23,C,2.85,2015-03-31
24770,2015-04-08 10:21:00,2015-04-08,0.2629,0.0,0.0,813.0,0.2629,0.2629,0.2629,10000125,2015-09-23,2015-09-23,C,2.85,2015-03-31
24771,2015-04-08 10:22:00,2015-04-08,0.2629,0.0,0.0,813.0,0.2629,0.2629,0.2629,10000125,2015-09-23,2015-09-23,C,2.85,2015-03-31
24772,2015-04-08 10:23:00,2015-04-08,0.2629,0.0,0.0,813.0,0.2629,0.2629,0.2629,10000125,2015-09-23,2015-09-23,C,2.85,2015-03-31
24773,2015-04-08 10:24:00,2015-04-08,0.2629,0.0,0.0,813.0,0.2629,0.2629,0.2629,10000125,2015-09-23,2015-09-23,C,2.85,2015-03-31
24774,2015-04-08 10:25:00,2015-04-08,0.2629,0.0,0.0,813.0,0.2629,0.2629,0.2629,10000125,2015-09-23,2015-09-23,C,2.85,2015-03-31
24775,2015-04-08 10:26:00,2015-04-08,0.2629,0.0,0.0,813.0,0.2629,0.2629,0.2629,10000125,2015-09-23,2015-09-23,C,2.85,2015-03-31
24776,2015-04-08 10:27:00,2015-04-08,0.2629,0.0,0.0,813.0,0.2629,0.2629,0.2629,10000125,2015-09-23,2015-09-23,C,2.85,2015-03-31
24777,2015-04-08 10:28:00,2015-04-08,0.2629,0.0,0.0,813.0,0.2629,0.2629,0.2629,10000125,2015-09-23,2015-09-23,C,2.85,2015-03-31
24778,2015-04-08 10:29:00,2015-04-08,0.2629,0.0,0.0,813.0,0.2629,0.2629,0.2629,10000125,2015-09-23,2015-09-23,C,2.85,2015-03-31
24779,2015-04-08 10:30:00,2015-04-08,0.2629,0.0,0.0,813.0,0.2629,0.2629,0.2629,10000125,2015-09-23,2015-09-23,C,2.85,2015-03-31
24780,2015-04-08 10:31:00,2015-04-08,0.2629,0.0,0.0,813.0,0.2629,0.2629,0.2629,10000125,2015-09-23,2015-09-23,C,2.85,2015-03-31
24781,2015-04-08 10:32:00,2015-04-08,0.2629,0.0,0.0,813.0,0.2629,0.2629,0.2629,10000125,2015-09-23,2015-09-23,C,2.85,2015-03-31
24782,2015-04-08 10:33:00,2015-04-08,0.2629,0.0,0.0,813.0,0.2629,0.2629,0.2629,10000125,2015-09-23,2015-09-23,C,2.85,2015-03-31
24783,2015-04-08 10:34:00,2015-04-08,0.2629,0.0,0.0,813.0,0.2629,0.2629,0.2629,10000125,2015-09-23,2015-09-23,C,2.85,2015-03-31
24784,2015-04-08 10:35:00,2015-04-08,0.2629,0.0,0.0,813.0,0.2629,0.2629,0.2629,10000125,2015-09-23,2015-09-23,C,2.85,2015-03-31
24785,2015-04-08 10:36:00,2015-04-08,0.2629,0.0,0.0,813.0,0.2629,0.2629,0.2629,10000125,2015-09-23,2015-09-23,C,2.85,2015-03-31
24786,2015-04-08 10:37:00,2015-04-08,0.2629,0.0,0.0,813.0,0.2629,0.2629,0.2629,10000125,2015-09-23,2015-09-23,C,2.85,2015-03-31
24787,2015-04-08 10:38:00,2015-04-08,0.2871,43055.0,15.0,828.0,0.287,0.2871,0.287,10000125,2015-09-23,2015-09-23,C,2.85,2015-03-31
24788,2015-04-08 10:39:00,2015-04-08,0.2871,0.0,0.0,828.0,0.2871,0.2871,0.2871,10000125,2015-09-23,2015-09-23,C,2.85,2015-03-31
24789,2015-04-08 10:40:00,2015-04-08,0.2871,0.0,0.0,828.0,0.2871,0.2871,0.2871,10000125,2015-09-23,2015-09-23,C,2.85,2015-03-31
24790,2015-04-08 10:41:00,2015-04-08,0.2871,0.0,0.0,828.0,0.2871,0.2871,0.2871,10000125,2015-09-23,2015-09-23,C,2.85,2015-03-31
24791,2015-04-08 10:42:00,2015-04-08,0.2925,14625.0,5.0,833.0,0.2925,0.2925,0.2925,10000125,2015-09-23,2015-09-23,C,2.85,2015-03-31
24792,2015-04-08 10:43:00,2015-04-08,0.2925,0.0,0.0,833.0,0.2925,0.2925,0.2925,10000125,2015-09-23,2015-09-23,C,2.85,2015-03-31
24793,2015-04-08 10:44:00,2015-04-08,0.2925,0.0,0.0,833.0,0.2925,0.2925,0.2925,10000125,2015-09-23,2015-09-23,C,2.85,2015-03-31
24794,2015-04-08 10:45:00,2015-04-08,0.2925,0.0,0.0,833.0,0.2925,0.2925,0.2925,10000125,2015-09-23,2015-09-23,C,2.85,2015-03-31
24795,2015-04-08 10:46:00,2015-04-08,0.2925,0.0,0.0,833.0,0.2925,0.2925,0.2925,10000125,2015-09-23,2015-09-23,C,2.85,2015-03-31
24796,2015-04-08 10:47:00,2015-04-08,0.2871,11484.0,4.0,837.0,0.2871,0.2871,0.2871,10000125,2015-09-23,2015-09-23,C,2.85,2015-03-31
24797,2015-04-08 10:48:00,2015-04-08,0.2871,2871.0,1.0,838.0,0.2871,0.2871,0.2871,10000125,2015-09-23,2015-09-23,C,2.85,2015-03-31
24798,2015-04-08 10:49:00,2015-04-08,0.2871,0.0,0.0,838.0,0.2871,0.2871,0.2871,10000125,2015-09-23,2015-09-23,C,2.85,2015-03-31
24799,2015-04-08 10:50:00,2015-04-08,0.2871,0.0,0.0,838.0,0.2871,0.2871,0.2871,10000125,2015-09-23,2015-09-23,C,2.85,2015-03-31
24800,2015-04-08 10:51:00,2015-04-08,0.2871,0.0,0.0,838.0,0.2871,0.2871,0.2871,10000125,2015-09-23,2015-09-23,C,2.85,2015-03-31
24801,2015-04-08 10:52:00,2015-04-08,0.2871,0.0,0.0,838.0,0.2871,0.2871,0.2871,10000125,2015-09-23,2015-09-23,C,2.85,2015-03-31
24802,2015-04-08 10:53:00,2015-04-08,0.2784,13920.0,5.0,838.0,0.2784,0.2784,0.2784,10000125,2015-09-23,2015-09-23,C,2.85,2015-03-31
24803,2015-04-08 10:54:00,2015-04-08,0.2784,0.0,0.0,838.0,0.2784,0.2784,0.2784,10000125,2015-09-23,2015-09-23,C,2.85,2015-03-31
24804,2015-04-08 10:55:00,2015-04-08,0.2784,0.0,0.0,838.0,0.2784,0.2784,0.2784,10000125,2015-09-23,2015-09-23,C,2.85,2015-03-31
24805,2015-04-08 10:56:00,2015-04-08,0.2784,0.0,0.0,838.0,0.2784,0.2784,0.2784,10000125,2015-09-23,2015-09-23,C,2.85,2015-03-31
24806,2015-04-08 10:57:00,2015-04-08,0.2784,0.0,0.0,838.0,0.2784,0.2784,0.2784,10000125,2015-09-23,2015-09-23,C,2.85,2015-03-31
24807,2015-04-08 10:58:00,2015-04-08,0.267,2670.0,1.0,838.0,0.267,0.267,0.267,10000125,2015-09-23,2015-09-23,C,2.85,2015-03-31
24808,2015-04-08 10:59:00,2015-04-08,0.267,0.0,0.0,838.0,0.267,0.267,0.267,10000125,2015-09-23,2015-09-23,C,2.85,2015-03-31
24809,2015-04-08 11:00:00,2015-04-08,0.267,0.0,0.0,838.0,0.267,0.267,0.267,10000125,2015-09-23,2015-09-23,C,2.85,2015-03-31
24810,2015-04-08 11:01:00,2015-04-08,0.267,0.0,0.0,838.0,0.267,0.267,0.267,10000125,2015-09-23,2015-09-23,C,2.85,2015-03-31
24811,2015-04-08 11:02:00,2015-04-08,0.267,0.0,0.0,838.0,0.267,0.267,0.267,10000125,2015-09-23,2015-09-23,C,2.85,2015-03-31
24812,2015-04-08 11:03:00,2015-04-08,0.2847,37011.0,13.0,851.0,0.2847,0.2847,0.2847,10000125,2015-09-23,2015-09-23,C,2.85,2015-03-31
24813,2015-04-08 11:04:00,2015-04-08,0.2847,0.0,0.0,851.0,0.2847,0.2847,0.2847,10000125,2015-09-23,2015-09-23,C,2.85,2015-03-31
24814,2015-04-08 11:05:00,2015-04-08,0.2847,0.0,0.0,851.0,0.2847,0.2847,0.2847,10000125,2015-09-23,2015-09-23,C,2.85,2015-03-31
24815,2015-04-08 11:06:00,2015-04-08,0.2847,0.0,0.0,851.0,0.2847,0.2847,0.2847,10000125,2015-09-23,2015-09-23,C,2.85,2015-03-31
24816,2015-04-08 11:07:00,2015-04-08,0.2847,0.0,0.0,851.0,0.2847,0.2847,0.2847,10000125,2015-09-23,2015-09-23,C,2.85,2015-03-31
24817,2015-04-08 11:08:00,2015-04-08,0.2847,0.0,0.0,851.0,0.2847,0.2847,0.2847,10000125,2015-09-23,2015-09-23,C,2.85,2015-03-31
24818,2015-04-08 11:09:00,2015-04-08,0.2847,0.0,0.0,851.0,0.2847,0.2847,0.2847,10000125,2015-09-23,2015-09-23,C,2.85,2015-03-31
24819,2015-04-08 11:10:00,2015-04-08,0.2847,0.0,0.0,851.0,0.2847,0.2847,0.2847,10000125,2015-09-23,2015-09-23,C,2.85,2015-03-31
24820,2015-04-08 11:11:00,2015-04-08,0.2847,0.0,0.0,851.0,0.2847,0.2847,0.2847,10000125,2015-09-23,2015-09-23,C,2.85,2015-03-31
24821,2015-04-08 11:12:00,2015-04-08,0.2847,0.0,0.0,851.0,0.2847,0.2847,0.2847,10000125,2015-09-23,2015-09-23,C,2.85,2015-03-31
24822,2015-04-08 11:13:00,2015-04-08,0.2847,0.0,0.0,851.0,0.2847,0.2847,0.2847,10000125,2015-09-23,2015-09-23,C,2.85,2015-03-31
24823,2015-04-08 11:14:00,2015-04-08,0.2847,0.0,0.0,851.0,0.2847,0.2847,0.2847,10000125,2015-09-23,2015-09-23,C,2.85,2015-03-31
24824,2015-04-08 11:15:00,2015-04-08,0.2847,0.0,0.0,851.0,0.2847,0.2847,0.2847,10000125,2015-09-23,2015-09-23,C,2.85,2015-03-31
24825,2015-04-08 11:16:00,2015-04-08,0.2847,0.0,0.0,851.0,0.2847,0.2847,0.2847,10000125,2015-09-23,2015-09-23,C,2.85,2015-03-31
24826,2015-04-08 11:17:00,2015-04-08,0.2847,0.0,0.0,851.0,0.2847,0.2847,0.2847,10000125,2015-09-23,2015-09-23,C,2.85,2015-03-31
24827,2015-04-08 11:18:00,2015-04-08,0.2847,0.0,0.0,851.0,0.2847,0.2847,0.2847,10000125,2015-09-23,2015-09-23,C,2.85,2015-03-31
24828,2015-04-08 11:19:00,2015-04-08,0.2847,0.0,0.0,851.0,0.2847,0.2847,0.2847,10000125,2015-09-23,2015-09-23,C,2.85,2015-03-31
24829,2015-04-08 11:20:00,2015-04-08,0.2847,0.0,0.0,851.0,0.2847,0.2847,0.2847,10000125,2015-09-23,2015-09-23,C,2.85,2015-03-31
24830,2015-04-08 11:21:00,2015-04-08,0.2847,0.0,0.0,851.0,0.2847,0.2847,0.2847,10000125,2015-09-23,2015-09-23,C,2.85,2015-03-31
24831,2015-04-08 11:22:00,2015-04-08,0.2847,0.0,0.0,851.0,0.2847,0.2847,0.2847,10000125,2015-09-23,2015-09-23,C,2.85,2015-03-31
24832,2015-04-08 11:23:00,2015-04-08,0.2826,2826.0,1.0,852.0,0.2826,0.2826,0.2826,10000125,2015-09-23,2015-09-23,C,2.85,2015-03-31
24833,2015-04-08 11:24:00,2015-04-08,0.2826,0.0,0.0,852.0,0.2826,0.2826,0.2826,10000125,2015-09-23,2015-09-23,C,2.85,2015-03-31
24834,2015-04-08 11:25:00,2015-04-08,0.2826,0.0,0.0,852.0,0.2826,0.2826,0.2826,10000125,2015-09-23,2015-09-23,C,2.85,2015-03-31
24835,2015-04-08 11:26:00,2015-04-08,0.2826,0.0,0.0,852.0,0.2826,0.2826,0.2826,10000125,2015-09-23,2015-09-23,C,2.85,2015-03-31
24836,2015-04-08 11:27:00,2015-04-08,0.2826,0.0,0.0,852.0,0.2826,0.2826,0.2826,10000125,2015-09-23,2015-09-23,C,2.85,2015-03-31
24837,2015-04-08 11:28:00,2015-04-08,0.2925,8775.0,3.0,852.0,0.2925,0.2925,0.2925,10000125,2015-09-23,2015-09-23,C,2.85,2015-03-31
24838,2015-04-08 11:29:00,2015-04-08,0.2925,0.0,0.0,852.0,0.2925,0.2925,0.2925,10000125,2015-09-23,2015-09-23,C,2.85,2015-03-31
24839,2015-04-08 11:30:00,2015-04-08,0.2925,0.0,0.0,852.0,0.2925,0.2925,0.2925,10000125,2015-09-23,2015-09-23,C,2.85,2015-03-31
24840,2015-04-08 13:01:00,2015-04-08,0.2925,0.0,0.0,852.0,0.2925,0.2925,0.2925,10000125,2015-09-23,2015-09-23,C,2.85,2015-03-31
24841,2015-04-08 13:02:00,2015-04-08,0.2925,0.0,0.0,852.0,0.2925,0.2925,0.2925,10000125,2015-09-23,2015-09-23,C,2.85,2015-03-31
24842,2015-04-08 13:03:00,2015-04-08,0.2925,0.0,0.0,852.0,0.2925,0.2925,0.2925,10000125,2015-09-23,2015-09-23,C,2.85,2015-03-31
24843,2015-04-08 13:04:00,2015-04-08,0.2925,0.0,0.0,852.0,0.2925,0.2925,0.2925,10000125,2015-09-23,2015-09-23,C,2.85,2015-03-31
24844,2015-04-08 13:05:00,2015-04-08,0.2925,0.0,0.0,852.0,0.2925,0.2925,0.2925,10000125,2015-09-23,2015-09-23,C,2.85,2015-03-31
24845,2015-04-08 13:06:00,2015-04-08,0.2925,0.0,0.0,852.0,0.2925,0.2925,0.2925,10000125,2015-09-23,2015-09-23,C,2.85,2015-03-31
24846,2015-04-08 13:07:00,2015-04-08,0.2925,0.0,0.0,852.0,0.2925,0.2925,0.2925,10000125,2015-09-23,2015-09-23,C,2.85,2015-03-31
24847,2015-04-08 13:08:00,2015-04-08,0.2925,5850.0,2.0,852.0,0.2925,0.2925,0.2925,10000125,2015-09-23,2015-09-23,C,2.85,2015-03-31
24848,2015-04-08 13:09:00,2015-04-08,0.2925,37045.0,13.0,861.0,0.2827,0.2925,0.2827,10000125,2015-09-23,2015-09-23,C,2.85,2015-03-31
24849,2015-04-08 13:10:00,2015-04-08,0.2925,0.0,0.0,861.0,0.2925,0.2925,0.2925,10000125,2015-09-23,2015-09-23,C,2.85,2015-03-31
24850,2015-04-08 13:11:00,2015-04-08,0.2826,16956.0,6.0,867.0,0.2826,0.2826,0.2826,10000125,2015-09-23,2015-09-23,C,2.85,2015-03-31
24851,2015-04-08 13:12:00,2015-04-08,0.2826,0.0,0.0,867.0,0.2826,0.2826,0.2826,10000125,2015-09-23,2015-09-23,C,2.85,2015-03-31
24852,2015-04-08 13:13:00,2015-04-08,0.2826,0.0,0.0,867.0,0.2826,0.2826,0.2826,10000125,2015-09-23,2015-09-23,C,2.85,2015-03-31
24853,2015-04-08 13:14:00,2015-04-08,0.2826,0.0,0.0,867.0,0.2826,0.2826,0.2826,10000125,2015-09-23,2015-09-23,C,2.85,2015-03-31
24854,2015-04-08 13:15:00,2015-04-08,0.2826,0.0,0.0,867.0,0.2826,0.2826,0.2826,10000125,2015-09-23,2015-09-23,C,2.85,2015-03-31
24855,2015-04-08 13:16:00,2015-04-08,0.2826,0.0,0.0,867.0,0.2826,0.2826,0.2826,10000125,2015-09-23,2015-09-23,C,2.85,2015-03-31
24856,2015-04-08 13:17:00,2015-04-08,0.2826,0.0,0.0,867.0,0.2826,0.2826,0.2826,10000125,2015-09-23,2015-09-23,C,2.85,2015-03-31
24857,2015-04-08 13:18:00,2015-04-08,0.2826,0.0,0.0,867.0,0.2826,0.2826,0.2826,10000125,2015-09-23,2015-09-23,C,2.85,2015-03-31
24858,2015-04-08 13:19:00,2015-04-08,0.2826,0.0,0.0,867.0,0.2826,0.2826,0.2826,10000125,2015-09-23,2015-09-23,C,2.85,2015-03-31
24859,2015-04-08 13:20:00,2015-04-08,0.2826,0.0,0.0,867.0,0.2826,0.2826,0.2826,10000125,2015-09-23,2015-09-23,C,2.85,2015-03-31
24860,2015-04-08 13:21:00,2015-04-08,0.2826,0.0,0.0,867.0,0.2826,0.2826,0.2826,10000125,2015-09-23,2015-09-23,C,2.85,2015-03-31
24861,2015-04-08 13:22:00,2015-04-08,0.2826,0.0,0.0,867.0,0.2826,0.2826,0.2826,10000125,2015-09-23,2015-09-23,C,2.85,2015-03-31
24862,2015-04-08 13:23:00,2015-04-08,0.2826,0.0,0.0,867.0,0.2826,0.2826,0.2826,10000125,2015-09-23,2015-09-23,C,2.85,2015-03-31
24863,2015-04-08 13:24:00,2015-04-08,0.2917,17502.0,6.0,861.0,0.2917,0.2917,0.2917,10000125,2015-09-23,2015-09-23,C,2.85,2015-03-31
24864,2015-04-08 13:25:00,2015-04-08,0.2917,0.0,0.0,861.0,0.2917,0.2917,0.2917,10000125,2015-09-23,2015-09-23,C,2.85,2015-03-31
24865,2015-04-08 13:26:00,2015-04-08,0.2917,0.0,0.0,861.0,0.2917,0.2917,0.2917,10000125,2015-09-23,2015-09-23,C,2.85,2015-03-31
24866,2015-04-08 13:27:00,2015-04-08,0.2917,0.0,0.0,861.0,0.2917,0.2917,0.2917,10000125,2015-09-23,2015-09-23,C,2.85,2015-03-31
24867,2015-04-08 13:28:00,2015-04-08,0.2917,0.0,0.0,861.0,0.2917,0.2917,0.2917,10000125,2015-09-23,2015-09-23,C,2.85,2015-03-31
24868,2015-04-08 13:29:00,2015-04-08,0.2917,0.0,0.0,861.0,0.2917,0.2917,0.2917,10000125,2015-09-23,2015-09-23,C,2.85,2015-03-31
24869,2015-04-08 13:30:00,2015-04-08,0.2917,0.0,0.0,861.0,0.2917,0.2917,0.2917,10000125,2015-09-23,2015-09-23,C,2.85,2015-03-31
24870,2015-04-08 13:31:00,2015-04-08,0.2917,0.0,0.0,861.0,0.2917,0.2917,0.2917,10000125,2015-09-23,2015-09-23,C,2.85,2015-03-31
24871,2015-04-08 13:32:00,2015-04-08,0.2917,0.0,0.0,861.0,0.2917,0.2917,0.2917,10000125,2015-09-23,2015-09-23,C,2.85,2015-03-31
24872,2015-04-08 13:33:00,2015-04-08,0.2917,0.0,0.0,861.0,0.2917,0.2917,0.2917,10000125,2015-09-23,2015-09-23,C,2.85,2015-03-31
24873,2015-04-08 13:34:00,2015-04-08,0.2917,0.0,0.0,861.0,0.2917,0.2917,0.2917,10000125,2015-09-23,2015-09-23,C,2.85,2015-03-31
24874,2015-04-08 13:35:00,2015-04-08,0.2917,0.0,0.0,861.0,0.2917,0.2917,0.2917,10000125,2015-09-23,2015-09-23,C,2.85,2015-03-31
24875,2015-04-08 13:36:00,2015-04-08,0.2917,0.0,0.0,861.0,0.2917,0.2917,0.2917,10000125,2015-09-23,2015-09-23,C,2.85,2015-03-31
24876,2015-04-08 13:37:00,2015-04-08,0.2917,0.0,0.0,861.0,0.2917,0.2917,0.2917,10000125,2015-09-23,2015-09-23,C,2.85,2015-03-31
24877,2015-04-08 13:38:00,2015-04-08,0.2917,0.0,0.0,861.0,0.2917,0.2917,0.2917,10000125,2015-09-23,2015-09-23,C,2.85,2015-03-31
24878,2015-04-08 13:39:00,2015-04-08,0.2917,0.0,0.0,861.0,0.2917,0.2917,0.2917,10000125,2015-09-23,2015-09-23,C,2.85,2015-03-31
24879,2015-04-08 13:40:00,2015-04-08,0.2917,0.0,0.0,861.0,0.2917,0.2917,0.2917,10000125,2015-09-23,2015-09-23,C,2.85,2015-03-31
24880,2015-04-08 13:41:00,2015-04-08,0.2917,0.0,0.0,861.0,0.2917,0.2917,0.2917,10000125,2015-09-23,2015-09-23,C,2.85,2015-03-31
24881,2015-04-08 13:42:00,2015-04-08,0.2917,0.0,0.0,861.0,0.2917,0.2917,0.2917,10000125,2015-09-23,2015-09-23,C,2.85,2015-03-31
24882,2015-04-08 13:43:00,2015-04-08,0.2917,0.0,0.0,861.0,0.2917,0.2917,0.2917,10000125,2015-09-23,2015-09-23,C,2.85,2015-03-31
24883,2015-04-08 13:44:00,2015-04-08,0.2917,0.0,0.0,861.0,0.2917,0.2917,0.2917,10000125,2015-09-23,2015-09-23,C,2.85,2015-03-31
24884,2015-04-08 13:45:00,2015-04-08,0.2917,0.0,0.0,861.0,0.2917,0.2917,0.2917,10000125,2015-09-23,2015-09-23,C,2.85,2015-03-31
24885,2015-04-08 13:46:00,2015-04-08,0.3116,15580.0,5.0,866.0,0.3116,0.3116,0.3116,10000125,2015-09-23,2015-09-23,C,2.85,2015-03-31
24886,2015-04-08 13:47:00,2015-04-08,0.3116,0.0,0.0,866.0,0.3116,0.3116,0.3116,10000125,2015-09-23,2015-09-23,C,2.85,2015-03-31
24887,2015-04-08 13:48:00,2015-04-08,0.3136,15680.0,5.0,871.0,0.3136,0.3136,0.3136,10000125,2015-09-23,2015-09-23,C,2.85,2015-03-31
24888,2015-04-08 13:49:00,2015-04-08,0.3136,15680.0,5.0,876.0,0.3136,0.3136,0.3136,10000125,2015-09-23,2015-09-23,C,2.85,2015-03-31
24889,2015-04-08 13:50:00,2015-04-08,0.3186,15930.0,5.0,881.0,0.3186,0.3186,0.3186,10000125,2015-09-23,2015-09-23,C,2.85,2015-03-31
24890,2015-04-08 13:51:00,2015-04-08,0.318,3180.0,1.0,882.0,0.318,0.318,0.318,10000125,2015-09-23,2015-09-23,C,2.85,2015-03-31
24891,2015-04-08 13:52:00,2015-04-08,0.318,0.0,0.0,882.0,0.318,0.318,0.318,10000125,2015-09-23,2015-09-23,C,2.85,2015-03-31
24892,2015-04-08 13:53:00,2015-04-08,0.318,0.0,0.0,882.0,0.318,0.318,0.318,10000125,2015-09-23,2015-09-23,C,2.85,2015-03-31
24893,2015-04-08 13:54:00,2015-04-08,0.318,0.0,0.0,882.0,0.318,0.318,0.318,10000125,2015-09-23,2015-09-23,C,2.85,2015-03-31
24894,2015-04-08 13:55:00,2015-04-08,0.318,0.0,0.0,882.0,0.318,0.318,0.318,10000125,2015-09-23,2015-09-23,C,2.85,2015-03-31
24895,2015-04-08 13:56:00,2015-04-08,0.318,0.0,0.0,882.0,0.318,0.318,0.318,10000125,2015-09-23,2015-09-23,C,2.85,2015-03-31
24896,2015-04-08 13:57:00,2015-04-08,0.318,0.0,0.0,882.0,0.318,0.318,0.318,10000125,2015-09-23,2015-09-23,C,2.85,2015-03-31
24897,2015-04-08 13:58:00,2015-04-08,0.318,0.0,0.0,882.0,0.318,0.318,0.318,10000125,2015-09-23,2015-09-23,C,2.85,2015-03-31
24898,2015-04-08 13:59:00,2015-04-08,0.318,0.0,0.0,882.0,0.318,0.318,0.318,10000125,2015-09-23,2015-09-23,C,2.85,2015-03-31
24899,2015-04-08 14:00:00,2015-04-08,0.318,0.0,0.0,882.0,0.318,0.318,0.318,10000125,2015-09-23,2015-09-23,C,2.85,2015-03-31
24900,2015-04-08 14:01:00,2015-04-08,0.318,0.0,0.0,882.0,0.318,0.318,0.318,10000125,2015-09-23,2015-09-23,C,2.85,2015-03-31
24901,2015-04-08 14:02:00,2015-04-08,0.318,0.0,0.0,882.0,0.318,0.318,0.318,10000125,2015-09-23,2015-09-23,C,2.85,2015-03-31
24902,2015-04-08 14:03:00,2015-04-08,0.318,0.0,0.0,882.0,0.318,0.318,0.318,10000125,2015-09-23,2015-09-23,C,2.85,2015-03-31
24903,2015-04-08 14:04:00,2015-04-08,0.318,0.0,0.0,882.0,0.318,0.318,0.318,10000125,2015-09-23,2015-09-23,C,2.85,2015-03-31
24904,2015-04-08 14:05:00,2015-04-08,0.318,0.0,0.0,882.0,0.318,0.318,0.318,10000125,2015-09-23,2015-09-23,C,2.85,2015-03-31
24905,2015-04-08 14:06:00,2015-04-08,0.318,0.0,0.0,882.0,0.318,0.318,0.318,10000125,2015-09-23,2015-09-23,C,2.85,2015-03-31
24906,2015-04-08 14:07:00,2015-04-08,0.318,0.0,0.0,882.0,0.318,0.318,0.318,10000125,2015-09-23,2015-09-23,C,2.85,2015-03-31
24907,2015-04-08 14:08:00,2015-04-08,0.318,0.0,0.0,882.0,0.318,0.318,0.318,10000125,2015-09-23,2015-09-23,C,2.85,2015-03-31
24908,2015-04-08 14:09:00,2015-04-08,0.318,0.0,0.0,882.0,0.318,0.318,0.318,10000125,2015-09-23,2015-09-23,C,2.85,2015-03-31
24909,2015-04-08 14:10:00,2015-04-08,0.318,0.0,0.0,882.0,0.318,0.318,0.318,10000125,2015-09-23,2015-09-23,C,2.85,2015-03-31
24910,2015-04-08 14:11:00,2015-04-08,0.318,0.0,0.0,882.0,0.318,0.318,0.318,10000125,2015-09-23,2015-09-23,C,2.85,2015-03-31
24911,2015-04-08 14:12:00,2015-04-08,0.318,0.0,0.0,882.0,0.318,0.318,0.318,10000125,2015-09-23,2015-09-23,C,2.85,2015-03-31
24912,2015-04-08 14:13:00,2015-04-08,0.318,0.0,0.0,882.0,0.318,0.318,0.318,10000125,2015-09-23,2015-09-23,C,2.85,2015-03-31
24913,2015-04-08 14:14:00,2015-04-08,0.318,0.0,0.0,882.0,0.318,0.318,0.318,10000125,2015-09-23,2015-09-23,C,2.85,2015-03-31
24914,2015-04-08 14:15:00,2015-04-08,0.318,0.0,0.0,882.0,0.318,0.318,0.318,10000125,2015-09-23,2015-09-23,C,2.85,2015-03-31
24915,2015-04-08 14:16:00,2015-04-08,0.318,0.0,0.0,882.0,0.318,0.318,0.318,10000125,2015-09-23,2015-09-23,C,2.85,2015-03-31
24916,2015-04-08 14:17:00,2015-04-08,0.318,0.0,0.0,882.0,0.318,0.318,0.318,10000125,2015-09-23,2015-09-23,C,2.85,2015-03-31
24917,2015-04-08 14:18:00,2015-04-08,0.318,0.0,0.0,882.0,0.318,0.318,0.318,10000125,2015-09-23,2015-09-23,C,2.85,2015-03-31
24918,2015-04-08 14:19:00,2015-04-08,0.318,0.0,0.0,882.0,0.318,0.318,0.318,10000125,2015-09-23,2015-09-23,C,2.85,2015-03-31
24919,2015-04-08 14:20:00,2015-04-08,0.318,0.0,0.0,882.0,0.318,0.318,0.318,10000125,2015-09-23,2015-09-23,C,2.85,2015-03-31
24920,2015-04-08 14:21:00,2015-04-08,0.318,0.0,0.0,882.0,0.318,0.318,0.318,10000125,2015-09-23,2015-09-23,C,2.85,2015-03-31
24921,2015-04-08 14:22:00,2015-04-08,0.318,0.0,0.0,882.0,0.318,0.318,0.318,10000125,2015-09-23,2015-09-23,C,2.85,2015-03-31
24922,2015-04-08 14:23:00,2015-04-08,0.318,0.0,0.0,882.0,0.318,0.318,0.318,10000125,2015-09-23,2015-09-23,C,2.85,2015-03-31
24923,2015-04-08 14:24:00,2015-04-08,0.318,0.0,0.0,882.0,0.318,0.318,0.318,10000125,2015-09-23,2015-09-23,C,2.85,2015-03-31
24924,2015-04-08 14:25:00,2015-04-08,0.318,0.0,0.0,882.0,0.318,0.318,0.318,10000125,2015-09-23,2015-09-23,C,2.85,2015-03-31
24925,2015-04-08 14:26:00,2015-04-08,0.2961,8883.0,3.0,882.0,0.2961,0.2961,0.2961,10000125,2015-09-23,2015-09-23,C,2.85,2015-03-31
24926,2015-04-08 14:27:00,2015-04-08,0.2862,14310.0,5.0,877.0,0.2862,0.2862,0.2862,10000125,2015-09-23,2015-09-23,C,2.85,2015-03-31
24927,2015-04-08 14:28:00,2015-04-08,0.2862,0.0,0.0,877.0,0.2862,0.2862,0.2862,10000125,2015-09-23,2015-09-23,C,2.85,2015-03-31
24928,2015-04-08 14:29:00,2015-04-08,0.2862,0.0,0.0,877.0,0.2862,0.2862,0.2862,10000125,2015-09-23,2015-09-23,C,2.85,2015-03-31
24929,2015-04-08 14:30:00,2015-04-08,0.2862,0.0,0.0,877.0,0.2862,0.2862,0.2862,10000125,2015-09-23,2015-09-23,C,2.85,2015-03-31
24930,2015-04-08 14:31:00,2015-04-08,0.2862,0.0,0.0,877.0,0.2862,0.2862,0.2862,10000125,2015-09-23,2015-09-23,C,2.85,2015-03-31
24931,2015-04-08 14:32:00,2015-04-08,0.2862,0.0,0.0,877.0,0.2862,0.2862,0.2862,10000125,2015-09-23,2015-09-23,C,2.85,2015-03-31
24932,2015-04-08 14:33:00,2015-04-08,0.2862,0.0,0.0,877.0,0.2862,0.2862,0.2862,10000125,2015-09-23,2015-09-23,C,2.85,2015-03-31
24933,2015-04-08 14:34:00,2015-04-08,0.2862,0.0,0.0,877.0,0.2862,0.2862,0.2862,10000125,2015-09-23,2015-09-23,C,2.85,2015-03-31
24934,2015-04-08 14:35:00,2015-04-08,0.2862,0.0,0.0,877.0,0.2862,0.2862,0.2862,10000125,2015-09-23,2015-09-23,C,2.85,2015-03-31
24935,2015-04-08 14:36:00,2015-04-08,0.2862,0.0,0.0,877.0,0.2862,0.2862,0.2862,10000125,2015-09-23,2015-09-23,C,2.85,2015-03-31
24936,2015-04-08 14:37:00,2015-04-08,0.2988,5976.0,2.0,875.0,0.2988,0.2988,0.2988,10000125,2015-09-23,2015-09-23,C,2.85,2015-03-31
24937,2015-04-08 14:38:00,2015-04-08,0.3022,30220.0,10.0,875.0,0.3022,0.3022,0.3022,10000125,2015-09-23,2015-09-23,C,2.85,2015-03-31
24938,2015-04-08 14:39:00,2015-04-08,0.3022,0.0,0.0,875.0,0.3022,0.3022,0.3022,10000125,2015-09-23,2015-09-23,C,2.85,2015-03-31
24939,2015-04-08 14:40:00,2015-04-08,0.3022,0.0,0.0,875.0,0.3022,0.3022,0.3022,10000125,2015-09-23,2015-09-23,C,2.85,2015-03-31
24940,2015-04-08 14:41:00,2015-04-08,0.3022,0.0,0.0,875.0,0.3022,0.3022,0.3022,10000125,2015-09-23,2015-09-23,C,2.85,2015-03-31
24941,2015-04-08 14:42:00,2015-04-08,0.3022,0.0,0.0,875.0,0.3022,0.3022,0.3022,10000125,2015-09-23,2015-09-23,C,2.85,2015-03-31
24942,2015-04-08 14:43:00,2015-04-08,0.3022,0.0,0.0,875.0,0.3022,0.3022,0.3022,10000125,2015-09-23,2015-09-23,C,2.85,2015-03-31
24943,2015-04-08 14:44:00,2015-04-08,0.3022,0.0,0.0,875.0,0.3022,0.3022,0.3022,10000125,2015-09-23,2015-09-23,C,2.85,2015-03-31
24944,2015-04-08 14:45:00,2015-04-08,0.3022,0.0,0.0,875.0,0.3022,0.3022,0.3022,10000125,2015-09-23,2015-09-23,C,2.85,2015-03-31
24945,2015-04-08 14:46:00,2015-04-08,0.3022,0.0,0.0,875.0,0.3022,0.3022,0.3022,10000125,2015-09-23,2015-09-23,C,2.85,2015-03-31
24946,2015-04-08 14:47:00,2015-04-08,0.3022,0.0,0.0,875.0,0.3022,0.3022,0.3022,10000125,2015-09-23,2015-09-23,C,2.85,2015-03-31
24947,2015-04-08 14:48:00,2015-04-08,0.319,15950.0,5.0,880.0,0.319,0.319,0.319,10000125,2015-09-23,2015-09-23,C,2.85,2015-03-31
24948,2015-04-08 14:49:00,2015-04-08,0.319,0.0,0.0,880.0,0.319,0.319,0.319,10000125,2015-09-23,2015-09-23,C,2.85,2015-03-31
24949,2015-04-08 14:50:00,2015-04-08,0.319,0.0,0.0,880.0,0.319,0.319,0.319,10000125,2015-09-23,2015-09-23,C,2.85,2015-03-31
24950,2015-04-08 14:51:00,2015-04-08,0.3272,3272.0,1.0,880.0,0.3272,0.3272,0.3272,10000125,2015-09-23,2015-09-23,C,2.85,2015-03-31
24951,2015-04-08 14:52:00,2015-04-08,0.3272,19622.0,6.0,886.0,0.3272,0.3272,0.3272,10000125,2015-09-23,2015-09-23,C,2.85,2015-03-31
24952,2015-04-08 14:53:00,2015-04-08,0.3272,0.0,0.0,886.0,0.3272,0.3272,0.3272,10000125,2015-09-23,2015-09-23,C,2.85,2015-03-31
24953,2015-04-08 14:54:00,2015-04-08,0.3272,0.0,0.0,886.0,0.3272,0.3272,0.3272,10000125,2015-09-23,2015-09-23,C,2.85,2015-03-31
24954,2015-04-08 14:55:00,2015-04-08,0.3272,0.0,0.0,886.0,0.3272,0.3272,0.3272,10000125,2015-09-23,2015-09-23,C,2.85,2015-03-31
24955,2015-04-08 14:56:00,2015-04-08,0.3272,0.0,0.0,886.0,0.3272,0.3272,0.3272,10000125,2015-09-23,2015-09-23,C,2.85,2015-03-31
24956,2015-04-08 14:57:00,2015-04-08,0.3272,0.0,0.0,886.0,0.3272,0.3272,0.3272,10000125,2015-09-23,2015-09-23,C,2.85,2015-03-31
24957,2015-04-08 14:58:00,2015-04-08,0.3272,0.0,0.0,886.0,0.3272,0.3272,0.3272,10000125,2015-09-23,2015-09-23,C,2.85,2015-03-31
24958,2015-04-08 14:59:00,2015-04-08,0.3272,0.0,0.0,886.0,0.3272,0.3272,0.3272,10000125,2015-09-23,2015-09-23,C,2.85,2015-03-31
24959,2015-04-08 15:00:00,2015-04-08,0.3272,0.0,0.0,886.0,0.3272,0.3272,0.3272,10000125,2015-09-23,2015-09-23,C,2.85,2015-03-31
24960,2015-04-08 09:31:00,2015-04-08,0.1335,0.0,0.0,0.0,0.1335,0.1335,0.1335,10000080,2015-09-23,2015-09-23,P,2.65,2015-03-18
24961,2015-04-08 09:32:00,2015-04-08,0.1335,0.0,0.0,0.0,0.1335,0.1335,0.1335,10000080,2015-09-23,2015-09-23,P,2.65,2015-03-18
24962,2015-04-08 09:33:00,2015-04-08,0.1335,0.0,0.0,0.0,0.1335,0.1335,0.1335,10000080,2015-09-23,2015-09-23,P,2.65,2015-03-18
24963,2015-04-08 09:34:00,2015-04-08,0.1335,0.0,0.0,0.0,0.1335,0.1335,0.1335,10000080,2015-09-23,2015-09-23,P,2.65,2015-03-18
24964,2015-04-08 09:35:00,2015-04-08,0.1335,0.0,0.0,0.0,0.1335,0.1335,0.1335,10000080,2015-09-23,2015-09-23,P,2.65,2015-03-18
24965,2015-04-08 09:36:00,2015-04-08,0.1335,0.0,0.0,0.0,0.1335,0.1335,0.1335,10000080,2015-09-23,2015-09-23,P,2.65,2015-03-18
24966,2015-04-08 09:37:00,2015-04-08,0.1335,0.0,0.0,0.0,0.1335,0.1335,0.1335,10000080,2015-09-23,2015-09-23,P,2.65,2015-03-18
24967,2015-04-08 09:38:00,2015-04-08,0.1335,0.0,0.0,0.0,0.1335,0.1335,0.1335,10000080,2015-09-23,2015-09-23,P,2.65,2015-03-18
24968,2015-04-08 09:39:00,2015-04-08,0.1335,0.0,0.0,0.0,0.1335,0.1335,0.1335,10000080,2015-09-23,2015-09-23,P,2.65,2015-03-18
24969,2015-04-08 09:40:00,2015-04-08,0.1335,0.0,0.0,0.0,0.1335,0.1335,0.1335,10000080,2015-09-23,2015-09-23,P,2.65,2015-03-18
24970,2015-04-08 09:41:00,2015-04-08,0.1335,0.0,0.0,0.0,0.1335,0.1335,0.1335,10000080,2015-09-23,2015-09-23,P,2.65,2015-03-18
24971,2015-04-08 09:42:00,2015-04-08,0.1335,0.0,0.0,0.0,0.1335,0.1335,0.1335,10000080,2015-09-23,2015-09-23,P,2.65,2015-03-18
24972,2015-04-08 09:43:00,2015-04-08,0.1335,0.0,0.0,0.0,0.1335,0.1335,0.1335,10000080,2015-09-23,2015-09-23,P,2.65,2015-03-18
24973,2015-04-08 09:44:00,2015-04-08,0.1335,0.0,0.0,0.0,0.1335,0.1335,0.1335,10000080,2015-09-23,2015-09-23,P,2.65,2015-03-18
24974,2015-04-08 09:45:00,2015-04-08,0.1335,0.0,0.0,0.0,0.1335,0.1335,0.1335,10000080,2015-09-23,2015-09-23,P,2.65,2015-03-18
24975,2015-04-08 09:46:00,2015-04-08,0.1335,0.0,0.0,0.0,0.1335,0.1335,0.1335,10000080,2015-09-23,2015-09-23,P,2.65,2015-03-18
24976,2015-04-08 09:47:00,2015-04-08,0.1335,0.0,0.0,0.0,0.1335,0.1335,0.1335,10000080,2015-09-23,2015-09-23,P,2.65,2015-03-18
24977,2015-04-08 09:48:00,2015-04-08,0.1335,0.0,0.0,0.0,0.1335,0.1335,0.1335,10000080,2015-09-23,2015-09-23,P,2.65,2015-03-18
24978,2015-04-08 09:49:00,2015-04-08,0.1335,0.0,0.0,0.0,0.1335,0.1335,0.1335,10000080,2015-09-23,2015-09-23,P,2.65,2015-03-18
24979,2015-04-08 09:50:00,2015-04-08,0.1335,0.0,0.0,0.0,0.1335,0.1335,0.1335,10000080,2015-09-23,2015-09-23,P,2.65,2015-03-18
24980,2015-04-08 09:51:00,2015-04-08,0.1335,0.0,0.0,0.0,0.1335,0.1335,0.1335,10000080,2015-09-23,2015-09-23,P,2.65,2015-03-18
24981,2015-04-08 09:52:00,2015-04-08,0.1335,0.0,0.0,0.0,0.1335,0.1335,0.1335,10000080,2015-09-23,2015-09-23,P,2.65,2015-03-18
24982,2015-04-08 09:53:00,2015-04-08,0.1335,0.0,0.0,0.0,0.1335,0.1335,0.1335,10000080,2015-09-23,2015-09-23,P,2.65,2015-03-18
24983,2015-04-08 09:54:00,2015-04-08,0.1335,0.0,0.0,0.0,0.1335,0.1335,0.1335,10000080,2015-09-23,2015-09-23,P,2.65,2015-03-18
24984,2015-04-08 09:55:00,2015-04-08,0.1335,0.0,0.0,0.0,0.1335,0.1335,0.1335,10000080,2015-09-23,2015-09-23,P,2.65,2015-03-18
24985,2015-04-08 09:56:00,2015-04-08,0.1335,0.0,0.0,0.0,0.1335,0.1335,0.1335,10000080,2015-09-23,2015-09-23,P,2.65,2015-03-18
24986,2015-04-08 09:57:00,2015-04-08,0.1335,0.0,0.0,0.0,0.1335,0.1335,0.1335,10000080,2015-09-23,2015-09-23,P,2.65,2015-03-18
24987,2015-04-08 09:58:00,2015-04-08,0.1335,0.0,0.0,0.0,0.1335,0.1335,0.1335,10000080,2015-09-23,2015-09-23,P,2.65,2015-03-18
24988,2015-04-08 09:59:00,2015-04-08,0.1335,0.0,0.0,0.0,0.1335,0.1335,0.1335,10000080,2015-09-23,2015-09-23,P,2.65,2015-03-18
24989,2015-04-08 10:00:00,2015-04-08,0.1335,0.0,0.0,0.0,0.1335,0.1335,0.1335,10000080,2015-09-23,2015-09-23,P,2.65,2015-03-18
24990,2015-04-08 10:01:00,2015-04-08,0.1335,0.0,0.0,0.0,0.1335,0.1335,0.1335,10000080,2015-09-23,2015-09-23,P,2.65,2015-03-18
24991,2015-04-08 10:02:00,2015-04-08,0.1335,0.0,0.0,0.0,0.1335,0.1335,0.1335,10000080,2015-09-23,2015-09-23,P,2.65,2015-03-18
24992,2015-04-08 10:03:00,2015-04-08,0.1335,0.0,0.0,0.0,0.1335,0.1335,0.1335,10000080,2015-09-23,2015-09-23,P,2.65,2015-03-18
24993,2015-04-08 10:04:00,2015-04-08,0.1335,0.0,0.0,0.0,0.1335,0.1335,0.1335,10000080,2015-09-23,2015-09-23,P,2.65,2015-03-18
24994,2015-04-08 10:05:00,2015-04-08,0.1335,0.0,0.0,0.0,0.1335,0.1335,0.1335,10000080,2015-09-23,2015-09-23,P,2.65,2015-03-18
24995,2015-04-08 10:06:00,2015-04-08,0.1335,0.0,0.0,0.0,0.1335,0.1335,0.1335,10000080,2015-09-23,2015-09-23,P,2.65,2015-03-18
24996,2015-04-08 10:07:00,2015-04-08,0.1335,0.0,0.0,0.0,0.1335,0.1335,0.1335,10000080,2015-09-23,2015-09-23,P,2.65,2015-03-18
24997,2015-04-08 10:08:00,2015-04-08,0.1335,0.0,0.0,0.0,0.1335,0.1335,0.1335,10000080,2015-09-23,2015-09-23,P,2.65,2015-03-18
24998,2015-04-08 10:09:00,2015-04-08,0.1335,0.0,0.0,0.0,0.1335,0.1335,0.1335,10000080,2015-09-23,2015-09-23,P,2.65,2015-03-18
24999,2015-04-08 10:10:00,2015-04-08,0.1335,0.0,0.0,0.0,0.1335,0.1335,0.1335,10000080,2015-09-23,2015-09-23,P,2.65,2015-03-18
25000,2015-04-08 10:11:00,2015-04-08,0.1335,0.0,0.0,0.0,0.1335,0.1335,0.1335,10000080,2015-09-23,2015-09-23,P,2.65,2015-03-18
25001,2015-04-08 10:12:00,2015-04-08,0.1335,0.0,0.0,0.0,0.1335,0.1335,0.1335,10000080,2015-09-23,2015-09-23,P,2.65,2015-03-18
25002,2015-04-08 10:13:00,2015-04-08,0.1335,0.0,0.0,0.0,0.1335,0.1335,0.1335,10000080,2015-09-23,2015-09-23,P,2.65,2015-03-18
25003,2015-04-08 10:14:00,2015-04-08,0.1335,0.0,0.0,0.0,0.1335,0.1335,0.1335,10000080,2015-09-23,2015-09-23,P,2.65,2015-03-18
25004,2015-04-08 10:15:00,2015-04-08,0.1335,0.0,0.0,0.0,0.1335,0.1335,0.1335,10000080,2015-09-23,2015-09-23,P,2.65,2015-03-18
25005,2015-04-08 10:16:00,2015-04-08,0.1335,0.0,0.0,0.0,0.1335,0.1335,0.1335,10000080,2015-09-23,2015-09-23,P,2.65,2015-03-18
25006,2015-04-08 10:17:00,2015-04-08,0.1335,0.0,0.0,0.0,0.1335,0.1335,0.1335,10000080,2015-09-23,2015-09-23,P,2.65,2015-03-18
25007,2015-04-08 10:18:00,2015-04-08,0.1335,0.0,0.0,0.0,0.1335,0.1335,0.1335,10000080,2015-09-23,2015-09-23,P,2.65,2015-03-18
25008,2015-04-08 10:19:00,2015-04-08,0.1335,0.0,0.0,0.0,0.1335,0.1335,0.1335,10000080,2015-09-23,2015-09-23,P,2.65,2015-03-18
25009,2015-04-08 10:20:00,2015-04-08,0.1335,0.0,0.0,0.0,0.1335,0.1335,0.1335,10000080,2015-09-23,2015-09-23,P,2.65,2015-03-18
25010,2015-04-08 10:21:00,2015-04-08,0.1335,0.0,0.0,0.0,0.1335,0.1335,0.1335,10000080,2015-09-23,2015-09-23,P,2.65,2015-03-18
25011,2015-04-08 10:22:00,2015-04-08,0.1335,0.0,0.0,0.0,0.1335,0.1335,0.1335,10000080,2015-09-23,2015-09-23,P,2.65,2015-03-18
25012,2015-04-08 10:23:00,2015-04-08,0.1335,0.0,0.0,0.0,0.1335,0.1335,0.1335,10000080,2015-09-23,2015-09-23,P,2.65,2015-03-18
25013,2015-04-08 10:24:00,2015-04-08,0.1335,0.0,0.0,0.0,0.1335,0.1335,0.1335,10000080,2015-09-23,2015-09-23,P,2.65,2015-03-18
25014,2015-04-08 10:25:00,2015-04-08,0.1335,0.0,0.0,0.0,0.1335,0.1335,0.1335,10000080,2015-09-23,2015-09-23,P,2.65,2015-03-18
25015,2015-04-08 10:26:00,2015-04-08,0.1335,0.0,0.0,0.0,0.1335,0.1335,0.1335,10000080,2015-09-23,2015-09-23,P,2.65,2015-03-18
25016,2015-04-08 10:27:00,2015-04-08,0.1335,0.0,0.0,0.0,0.1335,0.1335,0.1335,10000080,2015-09-23,2015-09-23,P,2.65,2015-03-18
25017,2015-04-08 10:28:00,2015-04-08,0.1335,0.0,0.0,0.0,0.1335,0.1335,0.1335,10000080,2015-09-23,2015-09-23,P,2.65,2015-03-18
25018,2015-04-08 10:29:00,2015-04-08,0.1335,0.0,0.0,0.0,0.1335,0.1335,0.1335,10000080,2015-09-23,2015-09-23,P,2.65,2015-03-18
25019,2015-04-08 10:30:00,2015-04-08,0.1335,0.0,0.0,0.0,0.1335,0.1335,0.1335,10000080,2015-09-23,2015-09-23,P,2.65,2015-03-18
25020,2015-04-08 10:31:00,2015-04-08,0.1335,0.0,0.0,0.0,0.1335,0.1335,0.1335,10000080,2015-09-23,2015-09-23,P,2.65,2015-03-18
25021,2015-04-08 10:32:00,2015-04-08,0.1335,0.0,0.0,0.0,0.1335,0.1335,0.1335,10000080,2015-09-23,2015-09-23,P,2.65,2015-03-18
25022,2015-04-08 10:33:00,2015-04-08,0.1335,0.0,0.0,0.0,0.1335,0.1335,0.1335,10000080,2015-09-23,2015-09-23,P,2.65,2015-03-18
25023,2015-04-08 10:34:00,2015-04-08,0.1335,0.0,0.0,0.0,0.1335,0.1335,0.1335,10000080,2015-09-23,2015-09-23,P,2.65,2015-03-18
25024,2015-04-08 10:35:00,2015-04-08,0.1335,0.0,0.0,0.0,0.1335,0.1335,0.1335,10000080,2015-09-23,2015-09-23,P,2.65,2015-03-18
25025,2015-04-08 10:36:00,2015-04-08,0.1335,0.0,0.0,0.0,0.1335,0.1335,0.1335,10000080,2015-09-23,2015-09-23,P,2.65,2015-03-18
25026,2015-04-08 10:37:00,2015-04-08,0.1335,0.0,0.0,0.0,0.1335,0.1335,0.1335,10000080,2015-09-23,2015-09-23,P,2.65,2015-03-18
25027,2015-04-08 10:38:00,2015-04-08,0.1335,0.0,0.0,0.0,0.1335,0.1335,0.1335,10000080,2015-09-23,2015-09-23,P,2.65,2015-03-18
25028,2015-04-08 10:39:00,2015-04-08,0.1335,0.0,0.0,0.0,0.1335,0.1335,0.1335,10000080,2015-09-23,2015-09-23,P,2.65,2015-03-18
25029,2015-04-08 10:40:00,2015-04-08,0.1335,0.0,0.0,0.0,0.1335,0.1335,0.1335,10000080,2015-09-23,2015-09-23,P,2.65,2015-03-18
25030,2015-04-08 10:41:00,2015-04-08,0.1335,0.0,0.0,0.0,0.1335,0.1335,0.1335,10000080,2015-09-23,2015-09-23,P,2.65,2015-03-18
25031,2015-04-08 10:42:00,2015-04-08,0.1335,0.0,0.0,0.0,0.1335,0.1335,0.1335,10000080,2015-09-23,2015-09-23,P,2.65,2015-03-18
25032,2015-04-08 10:43:00,2015-04-08,0.1335,0.0,0.0,0.0,0.1335,0.1335,0.1335,10000080,2015-09-23,2015-09-23,P,2.65,2015-03-18
25033,2015-04-08 10:44:00,2015-04-08,0.1335,0.0,0.0,0.0,0.1335,0.1335,0.1335,10000080,2015-09-23,2015-09-23,P,2.65,2015-03-18
25034,2015-04-08 10:45:00,2015-04-08,0.1335,0.0,0.0,0.0,0.1335,0.1335,0.1335,10000080,2015-09-23,2015-09-23,P,2.65,2015-03-18
25035,2015-04-08 10:46:00,2015-04-08,0.1335,0.0,0.0,0.0,0.1335,0.1335,0.1335,10000080,2015-09-23,2015-09-23,P,2.65,2015-03-18
25036,2015-04-08 10:47:00,2015-04-08,0.1335,0.0,0.0,0.0,0.1335,0.1335,0.1335,10000080,2015-09-23,2015-09-23,P,2.65,2015-03-18
25037,2015-04-08 10:48:00,2015-04-08,0.1335,0.0,0.0,0.0,0.1335,0.1335,0.1335,10000080,2015-09-23,2015-09-23,P,2.65,2015-03-18
25038,2015-04-08 10:49:00,2015-04-08,0.1335,0.0,0.0,0.0,0.1335,0.1335,0.1335,10000080,2015-09-23,2015-09-23,P,2.65,2015-03-18
25039,2015-04-08 10:50:00,2015-04-08,0.1335,0.0,0.0,0.0,0.1335,0.1335,0.1335,10000080,2015-09-23,2015-09-23,P,2.65,2015-03-18
25040,2015-04-08 10:51:00,2015-04-08,0.1335,0.0,0.0,0.0,0.1335,0.1335,0.1335,10000080,2015-09-23,2015-09-23,P,2.65,2015-03-18
25041,2015-04-08 10:52:00,2015-04-08,0.1335,0.0,0.0,0.0,0.1335,0.1335,0.1335,10000080,2015-09-23,2015-09-23,P,2.65,2015-03-18
25042,2015-04-08 10:53:00,2015-04-08,0.1335,0.0,0.0,0.0,0.1335,0.1335,0.1335,10000080,2015-09-23,2015-09-23,P,2.65,2015-03-18
25043,2015-04-08 10:54:00,2015-04-08,0.1335,0.0,0.0,0.0,0.1335,0.1335,0.1335,10000080,2015-09-23,2015-09-23,P,2.65,2015-03-18
25044,2015-04-08 10:55:00,2015-04-08,0.1335,0.0,0.0,0.0,0.1335,0.1335,0.1335,10000080,2015-09-23,2015-09-23,P,2.65,2015-03-18
25045,2015-04-08 10:56:00,2015-04-08,0.1335,0.0,0.0,0.0,0.1335,0.1335,0.1335,10000080,2015-09-23,2015-09-23,P,2.65,2015-03-18
25046,2015-04-08 10:57:00,2015-04-08,0.1335,0.0,0.0,0.0,0.1335,0.1335,0.1335,10000080,2015-09-23,2015-09-23,P,2.65,2015-03-18
25047,2015-04-08 10:58:00,2015-04-08,0.1335,0.0,0.0,0.0,0.1335,0.1335,0.1335,10000080,2015-09-23,2015-09-23,P,2.65,2015-03-18
25048,2015-04-08 10:59:00,2015-04-08,0.1335,0.0,0.0,0.0,0.1335,0.1335,0.1335,10000080,2015-09-23,2015-09-23,P,2.65,2015-03-18
25049,2015-04-08 11:00:00,2015-04-08,0.1335,0.0,0.0,0.0,0.1335,0.1335,0.1335,10000080,2015-09-23,2015-09-23,P,2.65,2015-03-18
25050,2015-04-08 11:01:00,2015-04-08,0.1335,0.0,0.0,0.0,0.1335,0.1335,0.1335,10000080,2015-09-23,2015-09-23,P,2.65,2015-03-18
25051,2015-04-08 11:02:00,2015-04-08,0.1335,0.0,0.0,0.0,0.1335,0.1335,0.1335,10000080,2015-09-23,2015-09-23,P,2.65,2015-03-18
25052,2015-04-08 11:03:00,2015-04-08,0.1335,0.0,0.0,0.0,0.1335,0.1335,0.1335,10000080,2015-09-23,2015-09-23,P,2.65,2015-03-18
25053,2015-04-08 11:04:00,2015-04-08,0.1335,0.0,0.0,0.0,0.1335,0.1335,0.1335,10000080,2015-09-23,2015-09-23,P,2.65,2015-03-18
25054,2015-04-08 11:05:00,2015-04-08,0.1335,0.0,0.0,0.0,0.1335,0.1335,0.1335,10000080,2015-09-23,2015-09-23,P,2.65,2015-03-18
25055,2015-04-08 11:06:00,2015-04-08,0.1335,0.0,0.0,0.0,0.1335,0.1335,0.1335,10000080,2015-09-23,2015-09-23,P,2.65,2015-03-18
25056,2015-04-08 11:07:00,2015-04-08,0.1335,0.0,0.0,0.0,0.1335,0.1335,0.1335,10000080,2015-09-23,2015-09-23,P,2.65,2015-03-18
25057,2015-04-08 11:08:00,2015-04-08,0.1335,0.0,0.0,0.0,0.1335,0.1335,0.1335,10000080,2015-09-23,2015-09-23,P,2.65,2015-03-18
25058,2015-04-08 11:09:00,2015-04-08,0.1335,0.0,0.0,0.0,0.1335,0.1335,0.1335,10000080,2015-09-23,2015-09-23,P,2.65,2015-03-18
25059,2015-04-08 11:10:00,2015-04-08,0.1335,0.0,0.0,0.0,0.1335,0.1335,0.1335,10000080,2015-09-23,2015-09-23,P,2.65,2015-03-18
25060,2015-04-08 11:11:00,2015-04-08,0.1335,0.0,0.0,0.0,0.1335,0.1335,0.1335,10000080,2015-09-23,2015-09-23,P,2.65,2015-03-18
25061,2015-04-08 11:12:00,2015-04-08,0.1335,0.0,0.0,0.0,0.1335,0.1335,0.1335,10000080,2015-09-23,2015-09-23,P,2.65,2015-03-18
25062,2015-04-08 11:13:00,2015-04-08,0.1335,0.0,0.0,0.0,0.1335,0.1335,0.1335,10000080,2015-09-23,2015-09-23,P,2.65,2015-03-18
25063,2015-04-08 11:14:00,2015-04-08,0.1335,0.0,0.0,0.0,0.1335,0.1335,0.1335,10000080,2015-09-23,2015-09-23,P,2.65,2015-03-18
25064,2015-04-08 11:15:00,2015-04-08,0.1335,0.0,0.0,0.0,0.1335,0.1335,0.1335,10000080,2015-09-23,2015-09-23,P,2.65,2015-03-18
25065,2015-04-08 11:16:00,2015-04-08,0.1335,0.0,0.0,0.0,0.1335,0.1335,0.1335,10000080,2015-09-23,2015-09-23,P,2.65,2015-03-18
25066,2015-04-08 11:17:00,2015-04-08,0.1335,0.0,0.0,0.0,0.1335,0.1335,0.1335,10000080,2015-09-23,2015-09-23,P,2.65,2015-03-18
25067,2015-04-08 11:18:00,2015-04-08,0.1335,0.0,0.0,0.0,0.1335,0.1335,0.1335,10000080,2015-09-23,2015-09-23,P,2.65,2015-03-18
25068,2015-04-08 11:19:00,2015-04-08,0.1335,0.0,0.0,0.0,0.1335,0.1335,0.1335,10000080,2015-09-23,2015-09-23,P,2.65,2015-03-18
25069,2015-04-08 11:20:00,2015-04-08,0.1335,0.0,0.0,0.0,0.1335,0.1335,0.1335,10000080,2015-09-23,2015-09-23,P,2.65,2015-03-18
25070,2015-04-08 11:21:00,2015-04-08,0.1335,0.0,0.0,0.0,0.1335,0.1335,0.1335,10000080,2015-09-23,2015-09-23,P,2.65,2015-03-18
25071,2015-04-08 11:22:00,2015-04-08,0.1335,0.0,0.0,0.0,0.1335,0.1335,0.1335,10000080,2015-09-23,2015-09-23,P,2.65,2015-03-18
25072,2015-04-08 11:23:00,2015-04-08,0.1335,0.0,0.0,0.0,0.1335,0.1335,0.1335,10000080,2015-09-23,2015-09-23,P,2.65,2015-03-18
25073,2015-04-08 11:24:00,2015-04-08,0.1335,0.0,0.0,0.0,0.1335,0.1335,0.1335,10000080,2015-09-23,2015-09-23,P,2.65,2015-03-18
25074,2015-04-08 11:25:00,2015-04-08,0.1335,0.0,0.0,0.0,0.1335,0.1335,0.1335,10000080,2015-09-23,2015-09-23,P,2.65,2015-03-18
25075,2015-04-08 11:26:00,2015-04-08,0.1335,0.0,0.0,0.0,0.1335,0.1335,0.1335,10000080,2015-09-23,2015-09-23,P,2.65,2015-03-18
25076,2015-04-08 11:27:00,2015-04-08,0.1335,0.0,0.0,0.0,0.1335,0.1335,0.1335,10000080,2015-09-23,2015-09-23,P,2.65,2015-03-18
25077,2015-04-08 11:28:00,2015-04-08,0.1335,0.0,0.0,0.0,0.1335,0.1335,0.1335,10000080,2015-09-23,2015-09-23,P,2.65,2015-03-18
25078,2015-04-08 11:29:00,2015-04-08,0.1335,0.0,0.0,0.0,0.1335,0.1335,0.1335,10000080,2015-09-23,2015-09-23,P,2.65,2015-03-18
25079,2015-04-08 11:30:00,2015-04-08,0.1335,0.0,0.0,0.0,0.1335,0.1335,0.1335,10000080,2015-09-23,2015-09-23,P,2.65,2015-03-18
25080,2015-04-08 13:01:00,2015-04-08,0.1335,0.0,0.0,0.0,0.1335,0.1335,0.1335,10000080,2015-09-23,2015-09-23,P,2.65,2015-03-18
25081,2015-04-08 13:02:00,2015-04-08,0.1335,0.0,0.0,0.0,0.1335,0.1335,0.1335,10000080,2015-09-23,2015-09-23,P,2.65,2015-03-18
25082,2015-04-08 13:03:00,2015-04-08,0.1335,0.0,0.0,0.0,0.1335,0.1335,0.1335,10000080,2015-09-23,2015-09-23,P,2.65,2015-03-18
25083,2015-04-08 13:04:00,2015-04-08,0.1335,0.0,0.0,0.0,0.1335,0.1335,0.1335,10000080,2015-09-23,2015-09-23,P,2.65,2015-03-18
25084,2015-04-08 13:05:00,2015-04-08,0.1335,0.0,0.0,0.0,0.1335,0.1335,0.1335,10000080,2015-09-23,2015-09-23,P,2.65,2015-03-18
25085,2015-04-08 13:06:00,2015-04-08,0.1335,0.0,0.0,0.0,0.1335,0.1335,0.1335,10000080,2015-09-23,2015-09-23,P,2.65,2015-03-18
25086,2015-04-08 13:07:00,2015-04-08,0.1335,0.0,0.0,0.0,0.1335,0.1335,0.1335,10000080,2015-09-23,2015-09-23,P,2.65,2015-03-18
25087,2015-04-08 13:08:00,2015-04-08,0.1335,0.0,0.0,0.0,0.1335,0.1335,0.1335,10000080,2015-09-23,2015-09-23,P,2.65,2015-03-18
25088,2015-04-08 13:09:00,2015-04-08,0.1335,0.0,0.0,0.0,0.1335,0.1335,0.1335,10000080,2015-09-23,2015-09-23,P,2.65,2015-03-18
25089,2015-04-08 13:10:00,2015-04-08,0.1335,0.0,0.0,0.0,0.1335,0.1335,0.1335,10000080,2015-09-23,2015-09-23,P,2.65,2015-03-18
25090,2015-04-08 13:11:00,2015-04-08,0.1335,0.0,0.0,0.0,0.1335,0.1335,0.1335,10000080,2015-09-23,2015-09-23,P,2.65,2015-03-18
25091,2015-04-08 13:12:00,2015-04-08,0.1335,0.0,0.0,0.0,0.1335,0.1335,0.1335,10000080,2015-09-23,2015-09-23,P,2.65,2015-03-18
25092,2015-04-08 13:13:00,2015-04-08,0.1335,0.0,0.0,0.0,0.1335,0.1335,0.1335,10000080,2015-09-23,2015-09-23,P,2.65,2015-03-18
25093,2015-04-08 13:14:00,2015-04-08,0.1335,0.0,0.0,0.0,0.1335,0.1335,0.1335,10000080,2015-09-23,2015-09-23,P,2.65,2015-03-18
25094,2015-04-08 13:15:00,2015-04-08,0.1335,0.0,0.0,0.0,0.1335,0.1335,0.1335,10000080,2015-09-23,2015-09-23,P,2.65,2015-03-18
25095,2015-04-08 13:16:00,2015-04-08,0.1335,0.0,0.0,0.0,0.1335,0.1335,0.1335,10000080,2015-09-23,2015-09-23,P,2.65,2015-03-18
25096,2015-04-08 13:17:00,2015-04-08,0.1335,0.0,0.0,0.0,0.1335,0.1335,0.1335,10000080,2015-09-23,2015-09-23,P,2.65,2015-03-18
25097,2015-04-08 13:18:00,2015-04-08,0.1335,0.0,0.0,0.0,0.1335,0.1335,0.1335,10000080,2015-09-23,2015-09-23,P,2.65,2015-03-18
25098,2015-04-08 13:19:00,2015-04-08,0.1335,0.0,0.0,0.0,0.1335,0.1335,0.1335,10000080,2015-09-23,2015-09-23,P,2.65,2015-03-18
25099,2015-04-08 13:20:00,2015-04-08,0.1335,0.0,0.0,0.0,0.1335,0.1335,0.1335,10000080,2015-09-23,2015-09-23,P,2.65,2015-03-18
25100,2015-04-08 13:21:00,2015-04-08,0.1335,0.0,0.0,0.0,0.1335,0.1335,0.1335,10000080,2015-09-23,2015-09-23,P,2.65,2015-03-18
25101,2015-04-08 13:22:00,2015-04-08,0.1335,0.0,0.0,0.0,0.1335,0.1335,0.1335,10000080,2015-09-23,2015-09-23,P,2.65,2015-03-18
25102,2015-04-08 13:23:00,2015-04-08,0.1335,0.0,0.0,0.0,0.1335,0.1335,0.1335,10000080,2015-09-23,2015-09-23,P,2.65,2015-03-18
25103,2015-04-08 13:24:00,2015-04-08,0.1335,0.0,0.0,0.0,0.1335,0.1335,0.1335,10000080,2015-09-23,2015-09-23,P,2.65,2015-03-18
25104,2015-04-08 13:25:00,2015-04-08,0.1335,0.0,0.0,0.0,0.1335,0.1335,0.1335,10000080,2015-09-23,2015-09-23,P,2.65,2015-03-18
25105,2015-04-08 13:26:00,2015-04-08,0.1335,0.0,0.0,0.0,0.1335,0.1335,0.1335,10000080,2015-09-23,2015-09-23,P,2.65,2015-03-18
25106,2015-04-08 13:27:00,2015-04-08,0.1335,0.0,0.0,0.0,0.1335,0.1335,0.1335,10000080,2015-09-23,2015-09-23,P,2.65,2015-03-18
25107,2015-04-08 13:28:00,2015-04-08,0.1335,0.0,0.0,0.0,0.1335,0.1335,0.1335,10000080,2015-09-23,2015-09-23,P,2.65,2015-03-18
25108,2015-04-08 13:29:00,2015-04-08,0.1335,0.0,0.0,0.0,0.1335,0.1335,0.1335,10000080,2015-09-23,2015-09-23,P,2.65,2015-03-18
25109,2015-04-08 13:30:00,2015-04-08,0.1335,0.0,0.0,0.0,0.1335,0.1335,0.1335,10000080,2015-09-23,2015-09-23,P,2.65,2015-03-18
25110,2015-04-08 13:31:00,2015-04-08,0.1335,0.0,0.0,0.0,0.1335,0.1335,0.1335,10000080,2015-09-23,2015-09-23,P,2.65,2015-03-18
25111,2015-04-08 13:32:00,2015-04-08,0.1335,0.0,0.0,0.0,0.1335,0.1335,0.1335,10000080,2015-09-23,2015-09-23,P,2.65,2015-03-18
25112,2015-04-08 13:33:00,2015-04-08,0.1335,0.0,0.0,0.0,0.1335,0.1335,0.1335,10000080,2015-09-23,2015-09-23,P,2.65,2015-03-18
25113,2015-04-08 13:34:00,2015-04-08,0.1335,0.0,0.0,0.0,0.1335,0.1335,0.1335,10000080,2015-09-23,2015-09-23,P,2.65,2015-03-18
25114,2015-04-08 13:35:00,2015-04-08,0.1335,0.0,0.0,0.0,0.1335,0.1335,0.1335,10000080,2015-09-23,2015-09-23,P,2.65,2015-03-18
25115,2015-04-08 13:36:00,2015-04-08,0.1335,0.0,0.0,0.0,0.1335,0.1335,0.1335,10000080,2015-09-23,2015-09-23,P,2.65,2015-03-18
25116,2015-04-08 13:37:00,2015-04-08,0.1335,0.0,0.0,0.0,0.1335,0.1335,0.1335,10000080,2015-09-23,2015-09-23,P,2.65,2015-03-18
25117,2015-04-08 13:38:00,2015-04-08,0.1335,0.0,0.0,0.0,0.1335,0.1335,0.1335,10000080,2015-09-23,2015-09-23,P,2.65,2015-03-18
25118,2015-04-08 13:39:00,2015-04-08,0.1335,0.0,0.0,0.0,0.1335,0.1335,0.1335,10000080,2015-09-23,2015-09-23,P,2.65,2015-03-18
25119,2015-04-08 13:40:00,2015-04-08,0.1335,0.0,0.0,0.0,0.1335,0.1335,0.1335,10000080,2015-09-23,2015-09-23,P,2.65,2015-03-18
25120,2015-04-08 13:41:00,2015-04-08,0.1335,0.0,0.0,0.0,0.1335,0.1335,0.1335,10000080,2015-09-23,2015-09-23,P,2.65,2015-03-18
25121,2015-04-08 13:42:00,2015-04-08,0.1335,0.0,0.0,0.0,0.1335,0.1335,0.1335,10000080,2015-09-23,2015-09-23,P,2.65,2015-03-18
25122,2015-04-08 13:43:00,2015-04-08,0.1335,0.0,0.0,0.0,0.1335,0.1335,0.1335,10000080,2015-09-23,2015-09-23,P,2.65,2015-03-18
25123,2015-04-08 13:44:00,2015-04-08,0.1335,0.0,0.0,0.0,0.1335,0.1335,0.1335,10000080,2015-09-23,2015-09-23,P,2.65,2015-03-18
25124,2015-04-08 13:45:00,2015-04-08,0.1335,0.0,0.0,0.0,0.1335,0.1335,0.1335,10000080,2015-09-23,2015-09-23,P,2.65,2015-03-18
25125,2015-04-08 13:46:00,2015-04-08,0.1335,0.0,0.0,0.0,0.1335,0.1335,0.1335,10000080,2015-09-23,2015-09-23,P,2.65,2015-03-18
25126,2015-04-08 13:47:00,2015-04-08,0.1335,0.0,0.0,0.0,0.1335,0.1335,0.1335,10000080,2015-09-23,2015-09-23,P,2.65,2015-03-18
25127,2015-04-08 13:48:00,2015-04-08,0.1335,0.0,0.0,0.0,0.1335,0.1335,0.1335,10000080,2015-09-23,2015-09-23,P,2.65,2015-03-18
25128,2015-04-08 13:49:00,2015-04-08,0.1335,0.0,0.0,0.0,0.1335,0.1335,0.1335,10000080,2015-09-23,2015-09-23,P,2.65,2015-03-18
25129,2015-04-08 13:50:00,2015-04-08,0.1335,0.0,0.0,0.0,0.1335,0.1335,0.1335,10000080,2015-09-23,2015-09-23,P,2.65,2015-03-18
25130,2015-04-08 13:51:00,2015-04-08,0.1335,0.0,0.0,0.0,0.1335,0.1335,0.1335,10000080,2015-09-23,2015-09-23,P,2.65,2015-03-18
25131,2015-04-08 13:52:00,2015-04-08,0.1335,0.0,0.0,0.0,0.1335,0.1335,0.1335,10000080,2015-09-23,2015-09-23,P,2.65,2015-03-18
25132,2015-04-08 13:53:00,2015-04-08,0.1335,0.0,0.0,0.0,0.1335,0.1335,0.1335,10000080,2015-09-23,2015-09-23,P,2.65,2015-03-18
25133,2015-04-08 13:54:00,2015-04-08,0.1335,0.0,0.0,0.0,0.1335,0.1335,0.1335,10000080,2015-09-23,2015-09-23,P,2.65,2015-03-18
25134,2015-04-08 13:55:00,2015-04-08,0.1335,0.0,0.0,0.0,0.1335,0.1335,0.1335,10000080,2015-09-23,2015-09-23,P,2.65,2015-03-18
25135,2015-04-08 13:56:00,2015-04-08,0.1335,0.0,0.0,0.0,0.1335,0.1335,0.1335,10000080,2015-09-23,2015-09-23,P,2.65,2015-03-18
25136,2015-04-08 13:57:00,2015-04-08,0.1335,0.0,0.0,0.0,0.1335,0.1335,0.1335,10000080,2015-09-23,2015-09-23,P,2.65,2015-03-18
25137,2015-04-08 13:58:00,2015-04-08,0.1335,0.0,0.0,0.0,0.1335,0.1335,0.1335,10000080,2015-09-23,2015-09-23,P,2.65,2015-03-18
25138,2015-04-08 13:59:00,2015-04-08,0.1335,0.0,0.0,0.0,0.1335,0.1335,0.1335,10000080,2015-09-23,2015-09-23,P,2.65,2015-03-18
25139,2015-04-08 14:00:00,2015-04-08,0.1335,0.0,0.0,0.0,0.1335,0.1335,0.1335,10000080,2015-09-23,2015-09-23,P,2.65,2015-03-18
25140,2015-04-08 14:01:00,2015-04-08,0.1335,0.0,0.0,0.0,0.1335,0.1335,0.1335,10000080,2015-09-23,2015-09-23,P,2.65,2015-03-18
25141,2015-04-08 14:02:00,2015-04-08,0.1335,0.0,0.0,0.0,0.1335,0.1335,0.1335,10000080,2015-09-23,2015-09-23,P,2.65,2015-03-18
25142,2015-04-08 14:03:00,2015-04-08,0.1335,0.0,0.0,0.0,0.1335,0.1335,0.1335,10000080,2015-09-23,2015-09-23,P,2.65,2015-03-18
25143,2015-04-08 14:04:00,2015-04-08,0.1335,0.0,0.0,0.0,0.1335,0.1335,0.1335,10000080,2015-09-23,2015-09-23,P,2.65,2015-03-18
25144,2015-04-08 14:05:00,2015-04-08,0.1335,0.0,0.0,0.0,0.1335,0.1335,0.1335,10000080,2015-09-23,2015-09-23,P,2.65,2015-03-18
25145,2015-04-08 14:06:00,2015-04-08,0.1335,0.0,0.0,0.0,0.1335,0.1335,0.1335,10000080,2015-09-23,2015-09-23,P,2.65,2015-03-18
25146,2015-04-08 14:07:00,2015-04-08,0.1335,0.0,0.0,0.0,0.1335,0.1335,0.1335,10000080,2015-09-23,2015-09-23,P,2.65,2015-03-18
25147,2015-04-08 14:08:00,2015-04-08,0.1335,0.0,0.0,0.0,0.1335,0.1335,0.1335,10000080,2015-09-23,2015-09-23,P,2.65,2015-03-18
25148,2015-04-08 14:09:00,2015-04-08,0.1335,0.0,0.0,0.0,0.1335,0.1335,0.1335,10000080,2015-09-23,2015-09-23,P,2.65,2015-03-18
25149,2015-04-08 14:10:00,2015-04-08,0.1335,0.0,0.0,0.0,0.1335,0.1335,0.1335,10000080,2015-09-23,2015-09-23,P,2.65,2015-03-18
25150,2015-04-08 14:11:00,2015-04-08,0.1335,0.0,0.0,0.0,0.1335,0.1335,0.1335,10000080,2015-09-23,2015-09-23,P,2.65,2015-03-18
25151,2015-04-08 14:12:00,2015-04-08,0.1335,0.0,0.0,0.0,0.1335,0.1335,0.1335,10000080,2015-09-23,2015-09-23,P,2.65,2015-03-18
25152,2015-04-08 14:13:00,2015-04-08,0.1335,0.0,0.0,0.0,0.1335,0.1335,0.1335,10000080,2015-09-23,2015-09-23,P,2.65,2015-03-18
25153,2015-04-08 14:14:00,2015-04-08,0.1335,0.0,0.0,0.0,0.1335,0.1335,0.1335,10000080,2015-09-23,2015-09-23,P,2.65,2015-03-18
25154,2015-04-08 14:15:00,2015-04-08,0.1335,0.0,0.0,0.0,0.1335,0.1335,0.1335,10000080,2015-09-23,2015-09-23,P,2.65,2015-03-18
25155,2015-04-08 14:16:00,2015-04-08,0.1335,0.0,0.0,0.0,0.1335,0.1335,0.1335,10000080,2015-09-23,2015-09-23,P,2.65,2015-03-18
25156,2015-04-08 14:17:00,2015-04-08,0.1335,0.0,0.0,0.0,0.1335,0.1335,0.1335,10000080,2015-09-23,2015-09-23,P,2.65,2015-03-18
25157,2015-04-08 14:18:00,2015-04-08,0.1335,0.0,0.0,0.0,0.1335,0.1335,0.1335,10000080,2015-09-23,2015-09-23,P,2.65,2015-03-18
25158,2015-04-08 14:19:00,2015-04-08,0.1335,0.0,0.0,0.0,0.1335,0.1335,0.1335,10000080,2015-09-23,2015-09-23,P,2.65,2015-03-18
25159,2015-04-08 14:20:00,2015-04-08,0.1335,0.0,0.0,0.0,0.1335,0.1335,0.1335,10000080,2015-09-23,2015-09-23,P,2.65,2015-03-18
25160,2015-04-08 14:21:00,2015-04-08,0.13,-5080.0,-4.0,363.0,0.13,0.13,0.13,10000080,2015-09-23,2015-09-23,P,2.65,2015-03-18
25161,2015-04-08 14:22:00,2015-04-08,0.13,0.0,0.0,363.0,0.13,0.13,0.13,10000080,2015-09-23,2015-09-23,P,2.65,2015-03-18
25162,2015-04-08 14:23:00,2015-04-08,0.13,0.0,0.0,363.0,0.13,0.13,0.13,10000080,2015-09-23,2015-09-23,P,2.65,2015-03-18
25163,2015-04-08 14:24:00,2015-04-08,0.13,0.0,0.0,363.0,0.13,0.13,0.13,10000080,2015-09-23,2015-09-23,P,2.65,2015-03-18
25164,2015-04-08 14:25:00,2015-04-08,0.13,0.0,0.0,363.0,0.13,0.13,0.13,10000080,2015-09-23,2015-09-23,P,2.65,2015-03-18
25165,2015-04-08 14:26:00,2015-04-08,0.13,0.0,0.0,363.0,0.13,0.13,0.13,10000080,2015-09-23,2015-09-23,P,2.65,2015-03-18
25166,2015-04-08 14:27:00,2015-04-08,0.13,0.0,0.0,363.0,0.13,0.13,0.13,10000080,2015-09-23,2015-09-23,P,2.65,2015-03-18
25167,2015-04-08 14:28:00,2015-04-08,0.13,0.0,0.0,363.0,0.13,0.13,0.13,10000080,2015-09-23,2015-09-23,P,2.65,2015-03-18
25168,2015-04-08 14:29:00,2015-04-08,0.13,0.0,0.0,363.0,0.13,0.13,0.13,10000080,2015-09-23,2015-09-23,P,2.65,2015-03-18
25169,2015-04-08 14:30:00,2015-04-08,0.13,0.0,0.0,363.0,0.13,0.13,0.13,10000080,2015-09-23,2015-09-23,P,2.65,2015-03-18
25170,2015-04-08 14:31:00,2015-04-08,0.13,0.0,0.0,363.0,0.13,0.13,0.13,10000080,2015-09-23,2015-09-23,P,2.65,2015-03-18
25171,2015-04-08 14:32:00,2015-04-08,0.13,0.0,0.0,363.0,0.13,0.13,0.13,10000080,2015-09-23,2015-09-23,P,2.65,2015-03-18
25172,2015-04-08 14:33:00,2015-04-08,0.13,0.0,0.0,363.0,0.13,0.13,0.13,10000080,2015-09-23,2015-09-23,P,2.65,2015-03-18
25173,2015-04-08 14:34:00,2015-04-08,0.13,0.0,0.0,363.0,0.13,0.13,0.13,10000080,2015-09-23,2015-09-23,P,2.65,2015-03-18
25174,2015-04-08 14:35:00,2015-04-08,0.13,0.0,0.0,363.0,0.13,0.13,0.13,10000080,2015-09-23,2015-09-23,P,2.65,2015-03-18
25175,2015-04-08 14:36:00,2015-04-08,0.13,0.0,0.0,363.0,0.13,0.13,0.13,10000080,2015-09-23,2015-09-23,P,2.65,2015-03-18
25176,2015-04-08 14:37:00,2015-04-08,0.13,0.0,0.0,363.0,0.13,0.13,0.13,10000080,2015-09-23,2015-09-23,P,2.65,2015-03-18
25177,2015-04-08 14:38:00,2015-04-08,0.13,0.0,0.0,363.0,0.13,0.13,0.13,10000080,2015-09-23,2015-09-23,P,2.65,2015-03-18
25178,2015-04-08 14:39:00,2015-04-08,0.13,0.0,0.0,363.0,0.13,0.13,0.13,10000080,2015-09-23,2015-09-23,P,2.65,2015-03-18
25179,2015-04-08 14:40:00,2015-04-08,0.13,0.0,0.0,363.0,0.13,0.13,0.13,10000080,2015-09-23,2015-09-23,P,2.65,2015-03-18
25180,2015-04-08 14:41:00,2015-04-08,0.13,0.0,0.0,363.0,0.13,0.13,0.13,10000080,2015-09-23,2015-09-23,P,2.65,2015-03-18
25181,2015-04-08 14:42:00,2015-04-08,0.13,0.0,0.0,363.0,0.13,0.13,0.13,10000080,2015-09-23,2015-09-23,P,2.65,2015-03-18
25182,2015-04-08 14:43:00,2015-04-08,0.13,0.0,0.0,363.0,0.13,0.13,0.13,10000080,2015-09-23,2015-09-23,P,2.65,2015-03-18
25183,2015-04-08 14:44:00,2015-04-08,0.13,0.0,0.0,363.0,0.13,0.13,0.13,10000080,2015-09-23,2015-09-23,P,2.65,2015-03-18
25184,2015-04-08 14:45:00,2015-04-08,0.127,5080.0,4.0,359.0,0.127,0.127,0.127,10000080,2015-09-23,2015-09-23,P,2.65,2015-03-18
25185,2015-04-08 14:46:00,2015-04-08,0.127,0.0,0.0,359.0,0.127,0.127,0.127,10000080,2015-09-23,2015-09-23,P,2.65,2015-03-18
25186,2015-04-08 14:47:00,2015-04-08,0.127,0.0,0.0,359.0,0.127,0.127,0.127,10000080,2015-09-23,2015-09-23,P,2.65,2015-03-18
25187,2015-04-08 14:48:00,2015-04-08,0.127,0.0,0.0,359.0,0.127,0.127,0.127,10000080,2015-09-23,2015-09-23,P,2.65,2015-03-18
25188,2015-04-08 14:49:00,2015-04-08,0.127,0.0,0.0,359.0,0.127,0.127,0.127,10000080,2015-09-23,2015-09-23,P,2.65,2015-03-18
25189,2015-04-08 14:50:00,2015-04-08,0.127,0.0,0.0,359.0,0.127,0.127,0.127,10000080,2015-09-23,2015-09-23,P,2.65,2015-03-18
25190,2015-04-08 14:51:00,2015-04-08,0.127,0.0,0.0,359.0,0.127,0.127,0.127,10000080,2015-09-23,2015-09-23,P,2.65,2015-03-18
25191,2015-04-08 14:52:00,2015-04-08,0.127,0.0,0.0,359.0,0.127,0.127,0.127,10000080,2015-09-23,2015-09-23,P,2.65,2015-03-18
25192,2015-04-08 14:53:00,2015-04-08,0.127,0.0,0.0,359.0,0.127,0.127,0.127,10000080,2015-09-23,2015-09-23,P,2.65,2015-03-18
25193,2015-04-08 14:54:00,2015-04-08,0.127,0.0,0.0,359.0,0.127,0.127,0.127,10000080,2015-09-23,2015-09-23,P,2.65,2015-03-18
25194,2015-04-08 14:55:00,2015-04-08,0.127,0.0,0.0,359.0,0.127,0.127,0.127,10000080,2015-09-23,2015-09-23,P,2.65,2015-03-18
25195,2015-04-08 14:56:00,2015-04-08,0.127,0.0,0.0,359.0,0.127,0.127,0.127,10000080,2015-09-23,2015-09-23,P,2.65,2015-03-18
25196,2015-04-08 14:57:00,2015-04-08,0.127,0.0,0.0,359.0,0.127,0.127,0.127,10000080,2015-09-23,2015-09-23,P,2.65,2015-03-18
25197,2015-04-08 14:58:00,2015-04-08,0.127,0.0,0.0,359.0,0.127,0.127,0.127,10000080,2015-09-23,2015-09-23,P,2.65,2015-03-18
25198,2015-04-08 14:59:00,2015-04-08,0.127,0.0,0.0,359.0,0.127,0.127,0.127,10000080,2015-09-23,2015-09-23,P,2.65,2015-03-18
25199,2015-04-08 15:00:00,2015-04-08,0.127,0.0,0.0,359.0,0.127,0.127,0.127,10000080,2015-09-23,2015-09-23,P,2.65,2015-03-18
25200,2015-04-08 09:31:00,2015-04-08,0.196,0.0,0.0,0.0,0.196,0.196,0.196,10000115,2015-05-27,2015-05-27,C,2.75,2015-03-27
25201,2015-04-08 09:32:00,2015-04-08,0.196,0.0,0.0,0.0,0.196,0.196,0.196,10000115,2015-05-27,2015-05-27,C,2.75,2015-03-27
25202,2015-04-08 09:33:00,2015-04-08,0.2017,-326314.0,-154.0,435.0,0.2017,0.2017,0.2017,10000115,2015-05-27,2015-05-27,C,2.75,2015-03-27
25203,2015-04-08 09:34:00,2015-04-08,0.2017,0.0,0.0,435.0,0.2017,0.2017,0.2017,10000115,2015-05-27,2015-05-27,C,2.75,2015-03-27
25204,2015-04-08 09:35:00,2015-04-08,0.2017,0.0,0.0,435.0,0.2017,0.2017,0.2017,10000115,2015-05-27,2015-05-27,C,2.75,2015-03-27
25205,2015-04-08 09:36:00,2015-04-08,0.2017,0.0,0.0,435.0,0.2017,0.2017,0.2017,10000115,2015-05-27,2015-05-27,C,2.75,2015-03-27
25206,2015-04-08 09:37:00,2015-04-08,0.2017,0.0,0.0,435.0,0.2017,0.2017,0.2017,10000115,2015-05-27,2015-05-27,C,2.75,2015-03-27
25207,2015-04-08 09:38:00,2015-04-08,0.2017,0.0,0.0,435.0,0.2017,0.2017,0.2017,10000115,2015-05-27,2015-05-27,C,2.75,2015-03-27
25208,2015-04-08 09:39:00,2015-04-08,0.2017,0.0,0.0,435.0,0.2017,0.2017,0.2017,10000115,2015-05-27,2015-05-27,C,2.75,2015-03-27
25209,2015-04-08 09:40:00,2015-04-08,0.2017,0.0,0.0,435.0,0.2017,0.2017,0.2017,10000115,2015-05-27,2015-05-27,C,2.75,2015-03-27
25210,2015-04-08 09:41:00,2015-04-08,0.2017,0.0,0.0,435.0,0.2017,0.2017,0.2017,10000115,2015-05-27,2015-05-27,C,2.75,2015-03-27
25211,2015-04-08 09:42:00,2015-04-08,0.2017,0.0,0.0,435.0,0.2017,0.2017,0.2017,10000115,2015-05-27,2015-05-27,C,2.75,2015-03-27
25212,2015-04-08 09:43:00,2015-04-08,0.2017,0.0,0.0,435.0,0.2017,0.2017,0.2017,10000115,2015-05-27,2015-05-27,C,2.75,2015-03-27
25213,2015-04-08 09:44:00,2015-04-08,0.2017,0.0,0.0,435.0,0.2017,0.2017,0.2017,10000115,2015-05-27,2015-05-27,C,2.75,2015-03-27
25214,2015-04-08 09:45:00,2015-04-08,0.2017,0.0,0.0,435.0,0.2017,0.2017,0.2017,10000115,2015-05-27,2015-05-27,C,2.75,2015-03-27
25215,2015-04-08 09:46:00,2015-04-08,0.2017,0.0,0.0,435.0,0.2017,0.2017,0.2017,10000115,2015-05-27,2015-05-27,C,2.75,2015-03-27
25216,2015-04-08 09:47:00,2015-04-08,0.2017,0.0,0.0,435.0,0.2017,0.2017,0.2017,10000115,2015-05-27,2015-05-27,C,2.75,2015-03-27
25217,2015-04-08 09:48:00,2015-04-08,0.2017,6051.0,3.0,438.0,0.2017,0.2017,0.2017,10000115,2015-05-27,2015-05-27,C,2.75,2015-03-27
25218,2015-04-08 09:49:00,2015-04-08,0.2017,0.0,0.0,438.0,0.2017,0.2017,0.2017,10000115,2015-05-27,2015-05-27,C,2.75,2015-03-27
25219,2015-04-08 09:50:00,2015-04-08,0.2017,0.0,0.0,438.0,0.2017,0.2017,0.2017,10000115,2015-05-27,2015-05-27,C,2.75,2015-03-27
25220,2015-04-08 09:51:00,2015-04-08,0.2017,0.0,0.0,438.0,0.2017,0.2017,0.2017,10000115,2015-05-27,2015-05-27,C,2.75,2015-03-27
25221,2015-04-08 09:52:00,2015-04-08,0.2017,0.0,0.0,438.0,0.2017,0.2017,0.2017,10000115,2015-05-27,2015-05-27,C,2.75,2015-03-27
25222,2015-04-08 09:53:00,2015-04-08,0.2017,0.0,0.0,438.0,0.2017,0.2017,0.2017,10000115,2015-05-27,2015-05-27,C,2.75,2015-03-27
25223,2015-04-08 09:54:00,2015-04-08,0.203,6064.0,3.0,440.0,0.2017,0.203,0.2017,10000115,2015-05-27,2015-05-27,C,2.75,2015-03-27
25224,2015-04-08 09:55:00,2015-04-08,0.203,0.0,0.0,440.0,0.203,0.203,0.203,10000115,2015-05-27,2015-05-27,C,2.75,2015-03-27
25225,2015-04-08 09:56:00,2015-04-08,0.203,0.0,0.0,440.0,0.203,0.203,0.203,10000115,2015-05-27,2015-05-27,C,2.75,2015-03-27
25226,2015-04-08 09:57:00,2015-04-08,0.203,0.0,0.0,440.0,0.203,0.203,0.203,10000115,2015-05-27,2015-05-27,C,2.75,2015-03-27
25227,2015-04-08 09:58:00,2015-04-08,0.203,0.0,0.0,440.0,0.203,0.203,0.203,10000115,2015-05-27,2015-05-27,C,2.75,2015-03-27
25228,2015-04-08 09:59:00,2015-04-08,0.203,0.0,0.0,440.0,0.203,0.203,0.203,10000115,2015-05-27,2015-05-27,C,2.75,2015-03-27
25229,2015-04-08 10:00:00,2015-04-08,0.203,0.0,0.0,440.0,0.203,0.203,0.203,10000115,2015-05-27,2015-05-27,C,2.75,2015-03-27
25230,2015-04-08 10:01:00,2015-04-08,0.21,2100.0,1.0,441.0,0.21,0.21,0.21,10000115,2015-05-27,2015-05-27,C,2.75,2015-03-27
25231,2015-04-08 10:02:00,2015-04-08,0.21,0.0,0.0,441.0,0.21,0.21,0.21,10000115,2015-05-27,2015-05-27,C,2.75,2015-03-27
25232,2015-04-08 10:03:00,2015-04-08,0.21,0.0,0.0,441.0,0.21,0.21,0.21,10000115,2015-05-27,2015-05-27,C,2.75,2015-03-27
25233,2015-04-08 10:04:00,2015-04-08,0.2138,32035.0,15.0,446.0,0.2138,0.2131,0.2131,10000115,2015-05-27,2015-05-27,C,2.75,2015-03-27
25234,2015-04-08 10:05:00,2015-04-08,0.2131,0.0,0.0,446.0,0.2131,0.2131,0.2131,10000115,2015-05-27,2015-05-27,C,2.75,2015-03-27
25235,2015-04-08 10:06:00,2015-04-08,0.2131,0.0,0.0,446.0,0.2131,0.2131,0.2131,10000115,2015-05-27,2015-05-27,C,2.75,2015-03-27
25236,2015-04-08 10:07:00,2015-04-08,0.2131,0.0,0.0,446.0,0.2131,0.2131,0.2131,10000115,2015-05-27,2015-05-27,C,2.75,2015-03-27
25237,2015-04-08 10:08:00,2015-04-08,0.2131,0.0,0.0,446.0,0.2131,0.2131,0.2131,10000115,2015-05-27,2015-05-27,C,2.75,2015-03-27
25238,2015-04-08 10:09:00,2015-04-08,0.2067,10335.0,5.0,446.0,0.2067,0.2067,0.2067,10000115,2015-05-27,2015-05-27,C,2.75,2015-03-27
25239,2015-04-08 10:10:00,2015-04-08,0.2067,0.0,0.0,446.0,0.2067,0.2067,0.2067,10000115,2015-05-27,2015-05-27,C,2.75,2015-03-27
25240,2015-04-08 10:11:00,2015-04-08,0.2067,0.0,0.0,446.0,0.2067,0.2067,0.2067,10000115,2015-05-27,2015-05-27,C,2.75,2015-03-27
25241,2015-04-08 10:12:00,2015-04-08,0.2067,0.0,0.0,446.0,0.2067,0.2067,0.2067,10000115,2015-05-27,2015-05-27,C,2.75,2015-03-27
25242,2015-04-08 10:13:00,2015-04-08,0.2035,10175.0,5.0,451.0,0.2035,0.2035,0.2035,10000115,2015-05-27,2015-05-27,C,2.75,2015-03-27
25243,2015-04-08 10:14:00,2015-04-08,0.2,10000.0,5.0,451.0,0.2,0.2,0.2,10000115,2015-05-27,2015-05-27,C,2.75,2015-03-27
25244,2015-04-08 10:15:00,2015-04-08,0.2,0.0,0.0,451.0,0.2,0.2,0.2,10000115,2015-05-27,2015-05-27,C,2.75,2015-03-27
25245,2015-04-08 10:16:00,2015-04-08,0.2,0.0,0.0,451.0,0.2,0.2,0.2,10000115,2015-05-27,2015-05-27,C,2.75,2015-03-27
25246,2015-04-08 10:17:00,2015-04-08,0.2,0.0,0.0,451.0,0.2,0.2,0.2,10000115,2015-05-27,2015-05-27,C,2.75,2015-03-27
25247,2015-04-08 10:18:00,2015-04-08,0.2,0.0,0.0,451.0,0.2,0.2,0.2,10000115,2015-05-27,2015-05-27,C,2.75,2015-03-27
25248,2015-04-08 10:19:00,2015-04-08,0.2004,20040.0,10.0,451.0,0.2004,0.2004,0.2004,10000115,2015-05-27,2015-05-27,C,2.75,2015-03-27
25249,2015-04-08 10:20:00,2015-04-08,0.203,10150.0,5.0,456.0,0.203,0.203,0.203,10000115,2015-05-27,2015-05-27,C,2.75,2015-03-27
25250,2015-04-08 10:21:00,2015-04-08,0.203,2030.0,1.0,457.0,0.203,0.203,0.203,10000115,2015-05-27,2015-05-27,C,2.75,2015-03-27
25251,2015-04-08 10:22:00,2015-04-08,0.203,0.0,0.0,457.0,0.203,0.203,0.203,10000115,2015-05-27,2015-05-27,C,2.75,2015-03-27
25252,2015-04-08 10:23:00,2015-04-08,0.203,0.0,0.0,457.0,0.203,0.203,0.203,10000115,2015-05-27,2015-05-27,C,2.75,2015-03-27
25253,2015-04-08 10:24:00,2015-04-08,0.203,0.0,0.0,457.0,0.203,0.203,0.203,10000115,2015-05-27,2015-05-27,C,2.75,2015-03-27
25254,2015-04-08 10:25:00,2015-04-08,0.203,0.0,0.0,457.0,0.203,0.203,0.203,10000115,2015-05-27,2015-05-27,C,2.75,2015-03-27
25255,2015-04-08 10:26:00,2015-04-08,0.203,0.0,0.0,457.0,0.203,0.203,0.203,10000115,2015-05-27,2015-05-27,C,2.75,2015-03-27
25256,2015-04-08 10:27:00,2015-04-08,0.203,0.0,0.0,457.0,0.203,0.203,0.203,10000115,2015-05-27,2015-05-27,C,2.75,2015-03-27
25257,2015-04-08 10:28:00,2015-04-08,0.203,0.0,0.0,457.0,0.203,0.203,0.203,10000115,2015-05-27,2015-05-27,C,2.75,2015-03-27
25258,2015-04-08 10:29:00,2015-04-08,0.203,0.0,0.0,457.0,0.203,0.203,0.203,10000115,2015-05-27,2015-05-27,C,2.75,2015-03-27
25259,2015-04-08 10:30:00,2015-04-08,0.203,0.0,0.0,457.0,0.203,0.203,0.203,10000115,2015-05-27,2015-05-27,C,2.75,2015-03-27
25260,2015-04-08 10:31:00,2015-04-08,0.203,0.0,0.0,457.0,0.203,0.203,0.203,10000115,2015-05-27,2015-05-27,C,2.75,2015-03-27
25261,2015-04-08 10:32:00,2015-04-08,0.203,0.0,0.0,457.0,0.203,0.203,0.203,10000115,2015-05-27,2015-05-27,C,2.75,2015-03-27
25262,2015-04-08 10:33:00,2015-04-08,0.203,0.0,0.0,457.0,0.203,0.203,0.203,10000115,2015-05-27,2015-05-27,C,2.75,2015-03-27
25263,2015-04-08 10:34:00,2015-04-08,0.203,0.0,0.0,457.0,0.203,0.203,0.203,10000115,2015-05-27,2015-05-27,C,2.75,2015-03-27
25264,2015-04-08 10:35:00,2015-04-08,0.203,0.0,0.0,457.0,0.203,0.203,0.203,10000115,2015-05-27,2015-05-27,C,2.75,2015-03-27
25265,2015-04-08 10:36:00,2015-04-08,0.203,0.0,0.0,457.0,0.203,0.203,0.203,10000115,2015-05-27,2015-05-27,C,2.75,2015-03-27
25266,2015-04-08 10:37:00,2015-04-08,0.203,0.0,0.0,457.0,0.203,0.203,0.203,10000115,2015-05-27,2015-05-27,C,2.75,2015-03-27
25267,2015-04-08 10:38:00,2015-04-08,0.203,0.0,0.0,457.0,0.203,0.203,0.203,10000115,2015-05-27,2015-05-27,C,2.75,2015-03-27
25268,2015-04-08 10:39:00,2015-04-08,0.203,0.0,0.0,457.0,0.203,0.203,0.203,10000115,2015-05-27,2015-05-27,C,2.75,2015-03-27
25269,2015-04-08 10:40:00,2015-04-08,0.203,0.0,0.0,457.0,0.203,0.203,0.203,10000115,2015-05-27,2015-05-27,C,2.75,2015-03-27
25270,2015-04-08 10:41:00,2015-04-08,0.203,0.0,0.0,457.0,0.203,0.203,0.203,10000115,2015-05-27,2015-05-27,C,2.75,2015-03-27
25271,2015-04-08 10:42:00,2015-04-08,0.203,0.0,0.0,457.0,0.203,0.203,0.203,10000115,2015-05-27,2015-05-27,C,2.75,2015-03-27
25272,2015-04-08 10:43:00,2015-04-08,0.203,0.0,0.0,457.0,0.203,0.203,0.203,10000115,2015-05-27,2015-05-27,C,2.75,2015-03-27
25273,2015-04-08 10:44:00,2015-04-08,0.203,0.0,0.0,457.0,0.203,0.203,0.203,10000115,2015-05-27,2015-05-27,C,2.75,2015-03-27
25274,2015-04-08 10:45:00,2015-04-08,0.203,0.0,0.0,457.0,0.203,0.203,0.203,10000115,2015-05-27,2015-05-27,C,2.75,2015-03-27
25275,2015-04-08 10:46:00,2015-04-08,0.203,0.0,0.0,457.0,0.203,0.203,0.203,10000115,2015-05-27,2015-05-27,C,2.75,2015-03-27
25276,2015-04-08 10:47:00,2015-04-08,0.203,0.0,0.0,457.0,0.203,0.203,0.203,10000115,2015-05-27,2015-05-27,C,2.75,2015-03-27
25277,2015-04-08 10:48:00,2015-04-08,0.203,0.0,0.0,457.0,0.203,0.203,0.203,10000115,2015-05-27,2015-05-27,C,2.75,2015-03-27
25278,2015-04-08 10:49:00,2015-04-08,0.203,0.0,0.0,457.0,0.203,0.203,0.203,10000115,2015-05-27,2015-05-27,C,2.75,2015-03-27
25279,2015-04-08 10:50:00,2015-04-08,0.203,0.0,0.0,457.0,0.203,0.203,0.203,10000115,2015-05-27,2015-05-27,C,2.75,2015-03-27
25280,2015-04-08 10:51:00,2015-04-08,0.21,10500.0,5.0,457.0,0.21,0.21,0.21,10000115,2015-05-27,2015-05-27,C,2.75,2015-03-27
25281,2015-04-08 10:52:00,2015-04-08,0.21,0.0,0.0,457.0,0.21,0.21,0.21,10000115,2015-05-27,2015-05-27,C,2.75,2015-03-27
25282,2015-04-08 10:53:00,2015-04-08,0.1995,11970.0,6.0,457.0,0.1995,0.1995,0.1995,10000115,2015-05-27,2015-05-27,C,2.75,2015-03-27
25283,2015-04-08 10:54:00,2015-04-08,0.1985,29775.0,15.0,443.0,0.1985,0.1985,0.1985,10000115,2015-05-27,2015-05-27,C,2.75,2015-03-27
25284,2015-04-08 10:55:00,2015-04-08,0.1985,0.0,0.0,443.0,0.1985,0.1985,0.1985,10000115,2015-05-27,2015-05-27,C,2.75,2015-03-27
25285,2015-04-08 10:56:00,2015-04-08,0.1985,0.0,0.0,443.0,0.1985,0.1985,0.1985,10000115,2015-05-27,2015-05-27,C,2.75,2015-03-27
25286,2015-04-08 10:57:00,2015-04-08,0.1985,0.0,0.0,443.0,0.1985,0.1985,0.1985,10000115,2015-05-27,2015-05-27,C,2.75,2015-03-27
25287,2015-04-08 10:58:00,2015-04-08,0.1985,0.0,0.0,443.0,0.1985,0.1985,0.1985,10000115,2015-05-27,2015-05-27,C,2.75,2015-03-27
25288,2015-04-08 10:59:00,2015-04-08,0.1985,0.0,0.0,443.0,0.1985,0.1985,0.1985,10000115,2015-05-27,2015-05-27,C,2.75,2015-03-27
25289,2015-04-08 11:00:00,2015-04-08,0.1985,0.0,0.0,443.0,0.1985,0.1985,0.1985,10000115,2015-05-27,2015-05-27,C,2.75,2015-03-27
25290,2015-04-08 11:01:00,2015-04-08,0.1985,0.0,0.0,443.0,0.1985,0.1985,0.1985,10000115,2015-05-27,2015-05-27,C,2.75,2015-03-27
25291,2015-04-08 11:02:00,2015-04-08,0.1985,0.0,0.0,443.0,0.1985,0.1985,0.1985,10000115,2015-05-27,2015-05-27,C,2.75,2015-03-27
25292,2015-04-08 11:03:00,2015-04-08,0.1985,0.0,0.0,443.0,0.1985,0.1985,0.1985,10000115,2015-05-27,2015-05-27,C,2.75,2015-03-27
25293,2015-04-08 11:04:00,2015-04-08,0.1985,0.0,0.0,443.0,0.1985,0.1985,0.1985,10000115,2015-05-27,2015-05-27,C,2.75,2015-03-27
25294,2015-04-08 11:05:00,2015-04-08,0.1985,0.0,0.0,443.0,0.1985,0.1985,0.1985,10000115,2015-05-27,2015-05-27,C,2.75,2015-03-27
25295,2015-04-08 11:06:00,2015-04-08,0.1985,0.0,0.0,443.0,0.1985,0.1985,0.1985,10000115,2015-05-27,2015-05-27,C,2.75,2015-03-27
25296,2015-04-08 11:07:00,2015-04-08,0.1985,0.0,0.0,443.0,0.1985,0.1985,0.1985,10000115,2015-05-27,2015-05-27,C,2.75,2015-03-27
25297,2015-04-08 11:08:00,2015-04-08,0.1985,0.0,0.0,443.0,0.1985,0.1985,0.1985,10000115,2015-05-27,2015-05-27,C,2.75,2015-03-27
25298,2015-04-08 11:09:00,2015-04-08,0.1985,0.0,0.0,443.0,0.1985,0.1985,0.1985,10000115,2015-05-27,2015-05-27,C,2.75,2015-03-27
25299,2015-04-08 11:10:00,2015-04-08,0.1985,0.0,0.0,443.0,0.1985,0.1985,0.1985,10000115,2015-05-27,2015-05-27,C,2.75,2015-03-27
25300,2015-04-08 11:11:00,2015-04-08,0.1985,0.0,0.0,443.0,0.1985,0.1985,0.1985,10000115,2015-05-27,2015-05-27,C,2.75,2015-03-27
25301,2015-04-08 11:12:00,2015-04-08,0.1937,3874.0,2.0,443.0,0.1937,0.1937,0.1937,10000115,2015-05-27,2015-05-27,C,2.75,2015-03-27
25302,2015-04-08 11:13:00,2015-04-08,0.1937,0.0,0.0,443.0,0.1937,0.1937,0.1937,10000115,2015-05-27,2015-05-27,C,2.75,2015-03-27
25303,2015-04-08 11:14:00,2015-04-08,0.1937,0.0,0.0,443.0,0.1937,0.1937,0.1937,10000115,2015-05-27,2015-05-27,C,2.75,2015-03-27
25304,2015-04-08 11:15:00,2015-04-08,0.1937,0.0,0.0,443.0,0.1937,0.1937,0.1937,10000115,2015-05-27,2015-05-27,C,2.75,2015-03-27
25305,2015-04-08 11:16:00,2015-04-08,0.1937,0.0,0.0,443.0,0.1937,0.1937,0.1937,10000115,2015-05-27,2015-05-27,C,2.75,2015-03-27
25306,2015-04-08 11:17:00,2015-04-08,0.1937,0.0,0.0,443.0,0.1937,0.1937,0.1937,10000115,2015-05-27,2015-05-27,C,2.75,2015-03-27
25307,2015-04-08 11:18:00,2015-04-08,0.1937,0.0,0.0,443.0,0.1937,0.1937,0.1937,10000115,2015-05-27,2015-05-27,C,2.75,2015-03-27
25308,2015-04-08 11:19:00,2015-04-08,0.1989,29105.0,15.0,448.0,0.1989,0.1916,0.1916,10000115,2015-05-27,2015-05-27,C,2.75,2015-03-27
25309,2015-04-08 11:20:00,2015-04-08,0.1916,0.0,0.0,448.0,0.1916,0.1916,0.1916,10000115,2015-05-27,2015-05-27,C,2.75,2015-03-27
25310,2015-04-08 11:21:00,2015-04-08,0.2011,2011.0,1.0,449.0,0.2011,0.2011,0.2011,10000115,2015-05-27,2015-05-27,C,2.75,2015-03-27
25311,2015-04-08 11:22:00,2015-04-08,0.2011,0.0,0.0,449.0,0.2011,0.2011,0.2011,10000115,2015-05-27,2015-05-27,C,2.75,2015-03-27
25312,2015-04-08 11:23:00,2015-04-08,0.2011,0.0,0.0,449.0,0.2011,0.2011,0.2011,10000115,2015-05-27,2015-05-27,C,2.75,2015-03-27
25313,2015-04-08 11:24:00,2015-04-08,0.2011,0.0,0.0,449.0,0.2011,0.2011,0.2011,10000115,2015-05-27,2015-05-27,C,2.75,2015-03-27
25314,2015-04-08 11:25:00,2015-04-08,0.2011,0.0,0.0,449.0,0.2011,0.2011,0.2011,10000115,2015-05-27,2015-05-27,C,2.75,2015-03-27
25315,2015-04-08 11:26:00,2015-04-08,0.2011,0.0,0.0,449.0,0.2011,0.2011,0.2011,10000115,2015-05-27,2015-05-27,C,2.75,2015-03-27
25316,2015-04-08 11:27:00,2015-04-08,0.2011,0.0,0.0,449.0,0.2011,0.2011,0.2011,10000115,2015-05-27,2015-05-27,C,2.75,2015-03-27
25317,2015-04-08 11:28:00,2015-04-08,0.2011,0.0,0.0,449.0,0.2011,0.2011,0.2011,10000115,2015-05-27,2015-05-27,C,2.75,2015-03-27
25318,2015-04-08 11:29:00,2015-04-08,0.2011,0.0,0.0,449.0,0.2011,0.2011,0.2011,10000115,2015-05-27,2015-05-27,C,2.75,2015-03-27
25319,2015-04-08 11:30:00,2015-04-08,0.2011,0.0,0.0,449.0,0.2011,0.2011,0.2011,10000115,2015-05-27,2015-05-27,C,2.75,2015-03-27
25320,2015-04-08 13:01:00,2015-04-08,0.2143,14801.0,7.0,449.0,0.2103,0.2143,0.2103,10000115,2015-05-27,2015-05-27,C,2.75,2015-03-27
25321,2015-04-08 13:02:00,2015-04-08,0.2143,0.0,0.0,449.0,0.2143,0.2143,0.2143,10000115,2015-05-27,2015-05-27,C,2.75,2015-03-27
25322,2015-04-08 13:03:00,2015-04-08,0.2143,0.0,0.0,449.0,0.2143,0.2143,0.2143,10000115,2015-05-27,2015-05-27,C,2.75,2015-03-27
25323,2015-04-08 13:04:00,2015-04-08,0.2143,0.0,0.0,449.0,0.2143,0.2143,0.2143,10000115,2015-05-27,2015-05-27,C,2.75,2015-03-27
25324,2015-04-08 13:05:00,2015-04-08,0.2143,0.0,0.0,449.0,0.2143,0.2143,0.2143,10000115,2015-05-27,2015-05-27,C,2.75,2015-03-27
25325,2015-04-08 13:06:00,2015-04-08,0.2143,0.0,0.0,449.0,0.2143,0.2143,0.2143,10000115,2015-05-27,2015-05-27,C,2.75,2015-03-27
25326,2015-04-08 13:07:00,2015-04-08,0.2143,0.0,0.0,449.0,0.2143,0.2143,0.2143,10000115,2015-05-27,2015-05-27,C,2.75,2015-03-27
25327,2015-04-08 13:08:00,2015-04-08,0.2143,0.0,0.0,449.0,0.2143,0.2143,0.2143,10000115,2015-05-27,2015-05-27,C,2.75,2015-03-27
25328,2015-04-08 13:09:00,2015-04-08,0.2143,0.0,0.0,449.0,0.2143,0.2143,0.2143,10000115,2015-05-27,2015-05-27,C,2.75,2015-03-27
25329,2015-04-08 13:10:00,2015-04-08,0.2143,0.0,0.0,449.0,0.2143,0.2143,0.2143,10000115,2015-05-27,2015-05-27,C,2.75,2015-03-27
25330,2015-04-08 13:11:00,2015-04-08,0.2143,0.0,0.0,449.0,0.2143,0.2143,0.2143,10000115,2015-05-27,2015-05-27,C,2.75,2015-03-27
25331,2015-04-08 13:12:00,2015-04-08,0.2143,0.0,0.0,449.0,0.2143,0.2143,0.2143,10000115,2015-05-27,2015-05-27,C,2.75,2015-03-27
25332,2015-04-08 13:13:00,2015-04-08,0.2143,0.0,0.0,449.0,0.2143,0.2143,0.2143,10000115,2015-05-27,2015-05-27,C,2.75,2015-03-27
25333,2015-04-08 13:14:00,2015-04-08,0.2143,0.0,0.0,449.0,0.2143,0.2143,0.2143,10000115,2015-05-27,2015-05-27,C,2.75,2015-03-27
25334,2015-04-08 13:15:00,2015-04-08,0.2143,0.0,0.0,449.0,0.2143,0.2143,0.2143,10000115,2015-05-27,2015-05-27,C,2.75,2015-03-27
25335,2015-04-08 13:16:00,2015-04-08,0.2143,0.0,0.0,449.0,0.2143,0.2143,0.2143,10000115,2015-05-27,2015-05-27,C,2.75,2015-03-27
25336,2015-04-08 13:17:00,2015-04-08,0.2143,0.0,0.0,449.0,0.2143,0.2143,0.2143,10000115,2015-05-27,2015-05-27,C,2.75,2015-03-27
25337,2015-04-08 13:18:00,2015-04-08,0.2143,0.0,0.0,449.0,0.2143,0.2143,0.2143,10000115,2015-05-27,2015-05-27,C,2.75,2015-03-27
25338,2015-04-08 13:19:00,2015-04-08,0.2143,0.0,0.0,449.0,0.2143,0.2143,0.2143,10000115,2015-05-27,2015-05-27,C,2.75,2015-03-27
25339,2015-04-08 13:20:00,2015-04-08,0.2143,0.0,0.0,449.0,0.2143,0.2143,0.2143,10000115,2015-05-27,2015-05-27,C,2.75,2015-03-27
25340,2015-04-08 13:21:00,2015-04-08,0.2143,0.0,0.0,449.0,0.2143,0.2143,0.2143,10000115,2015-05-27,2015-05-27,C,2.75,2015-03-27
25341,2015-04-08 13:22:00,2015-04-08,0.2143,0.0,0.0,449.0,0.2143,0.2143,0.2143,10000115,2015-05-27,2015-05-27,C,2.75,2015-03-27
25342,2015-04-08 13:23:00,2015-04-08,0.2143,0.0,0.0,449.0,0.2143,0.2143,0.2143,10000115,2015-05-27,2015-05-27,C,2.75,2015-03-27
25343,2015-04-08 13:24:00,2015-04-08,0.2143,0.0,0.0,449.0,0.2143,0.2143,0.2143,10000115,2015-05-27,2015-05-27,C,2.75,2015-03-27
25344,2015-04-08 13:25:00,2015-04-08,0.2288,2288.0,1.0,449.0,0.2288,0.2288,0.2288,10000115,2015-05-27,2015-05-27,C,2.75,2015-03-27
25345,2015-04-08 13:26:00,2015-04-08,0.2288,0.0,0.0,449.0,0.2288,0.2288,0.2288,10000115,2015-05-27,2015-05-27,C,2.75,2015-03-27
25346,2015-04-08 13:27:00,2015-04-08,0.2288,0.0,0.0,449.0,0.2288,0.2288,0.2288,10000115,2015-05-27,2015-05-27,C,2.75,2015-03-27
25347,2015-04-08 13:28:00,2015-04-08,0.2288,0.0,0.0,449.0,0.2288,0.2288,0.2288,10000115,2015-05-27,2015-05-27,C,2.75,2015-03-27
25348,2015-04-08 13:29:00,2015-04-08,0.2288,0.0,0.0,449.0,0.2288,0.2288,0.2288,10000115,2015-05-27,2015-05-27,C,2.75,2015-03-27
25349,2015-04-08 13:30:00,2015-04-08,0.2288,0.0,0.0,449.0,0.2288,0.2288,0.2288,10000115,2015-05-27,2015-05-27,C,2.75,2015-03-27
25350,2015-04-08 13:31:00,2015-04-08,0.2288,0.0,0.0,449.0,0.2288,0.2288,0.2288,10000115,2015-05-27,2015-05-27,C,2.75,2015-03-27
25351,2015-04-08 13:32:00,2015-04-08,0.2288,0.0,0.0,449.0,0.2288,0.2288,0.2288,10000115,2015-05-27,2015-05-27,C,2.75,2015-03-27
25352,2015-04-08 13:33:00,2015-04-08,0.2415,12075.0,5.0,444.0,0.2415,0.2415,0.2415,10000115,2015-05-27,2015-05-27,C,2.75,2015-03-27
25353,2015-04-08 13:34:00,2015-04-08,0.2415,0.0,0.0,444.0,0.2415,0.2415,0.2415,10000115,2015-05-27,2015-05-27,C,2.75,2015-03-27
25354,2015-04-08 13:35:00,2015-04-08,0.2415,0.0,0.0,444.0,0.2415,0.2415,0.2415,10000115,2015-05-27,2015-05-27,C,2.75,2015-03-27
25355,2015-04-08 13:36:00,2015-04-08,0.2415,0.0,0.0,444.0,0.2415,0.2415,0.2415,10000115,2015-05-27,2015-05-27,C,2.75,2015-03-27
25356,2015-04-08 13:37:00,2015-04-08,0.2415,0.0,0.0,444.0,0.2415,0.2415,0.2415,10000115,2015-05-27,2015-05-27,C,2.75,2015-03-27
25357,2015-04-08 13:38:00,2015-04-08,0.2415,0.0,0.0,444.0,0.2415,0.2415,0.2415,10000115,2015-05-27,2015-05-27,C,2.75,2015-03-27
25358,2015-04-08 13:39:00,2015-04-08,0.2415,0.0,0.0,444.0,0.2415,0.2415,0.2415,10000115,2015-05-27,2015-05-27,C,2.75,2015-03-27
25359,2015-04-08 13:40:00,2015-04-08,0.2415,0.0,0.0,444.0,0.2415,0.2415,0.2415,10000115,2015-05-27,2015-05-27,C,2.75,2015-03-27
25360,2015-04-08 13:41:00,2015-04-08,0.2415,0.0,0.0,444.0,0.2415,0.2415,0.2415,10000115,2015-05-27,2015-05-27,C,2.75,2015-03-27
25361,2015-04-08 13:42:00,2015-04-08,0.2415,0.0,0.0,444.0,0.2415,0.2415,0.2415,10000115,2015-05-27,2015-05-27,C,2.75,2015-03-27
25362,2015-04-08 13:43:00,2015-04-08,0.2415,0.0,0.0,444.0,0.2415,0.2415,0.2415,10000115,2015-05-27,2015-05-27,C,2.75,2015-03-27
25363,2015-04-08 13:44:00,2015-04-08,0.2415,0.0,0.0,444.0,0.2415,0.2415,0.2415,10000115,2015-05-27,2015-05-27,C,2.75,2015-03-27
25364,2015-04-08 13:45:00,2015-04-08,0.2415,0.0,0.0,444.0,0.2415,0.2415,0.2415,10000115,2015-05-27,2015-05-27,C,2.75,2015-03-27
25365,2015-04-08 13:46:00,2015-04-08,0.2415,0.0,0.0,444.0,0.2415,0.2415,0.2415,10000115,2015-05-27,2015-05-27,C,2.75,2015-03-27
25366,2015-04-08 13:47:00,2015-04-08,0.2415,0.0,0.0,444.0,0.2415,0.2415,0.2415,10000115,2015-05-27,2015-05-27,C,2.75,2015-03-27
25367,2015-04-08 13:48:00,2015-04-08,0.2415,0.0,0.0,444.0,0.2415,0.2415,0.2415,10000115,2015-05-27,2015-05-27,C,2.75,2015-03-27
25368,2015-04-08 13:49:00,2015-04-08,0.2415,0.0,0.0,444.0,0.2415,0.2415,0.2415,10000115,2015-05-27,2015-05-27,C,2.75,2015-03-27
25369,2015-04-08 13:50:00,2015-04-08,0.2415,0.0,0.0,444.0,0.2415,0.2415,0.2415,10000115,2015-05-27,2015-05-27,C,2.75,2015-03-27
25370,2015-04-08 13:51:00,2015-04-08,0.2415,0.0,0.0,444.0,0.2415,0.2415,0.2415,10000115,2015-05-27,2015-05-27,C,2.75,2015-03-27
25371,2015-04-08 13:52:00,2015-04-08,0.2415,0.0,0.0,444.0,0.2415,0.2415,0.2415,10000115,2015-05-27,2015-05-27,C,2.75,2015-03-27
25372,2015-04-08 13:53:00,2015-04-08,0.2415,0.0,0.0,444.0,0.2415,0.2415,0.2415,10000115,2015-05-27,2015-05-27,C,2.75,2015-03-27
25373,2015-04-08 13:54:00,2015-04-08,0.2415,0.0,0.0,444.0,0.2415,0.2415,0.2415,10000115,2015-05-27,2015-05-27,C,2.75,2015-03-27
25374,2015-04-08 13:55:00,2015-04-08,0.2415,0.0,0.0,444.0,0.2415,0.2415,0.2415,10000115,2015-05-27,2015-05-27,C,2.75,2015-03-27
25375,2015-04-08 13:56:00,2015-04-08,0.2415,0.0,0.0,444.0,0.2415,0.2415,0.2415,10000115,2015-05-27,2015-05-27,C,2.75,2015-03-27
25376,2015-04-08 13:57:00,2015-04-08,0.2415,0.0,0.0,444.0,0.2415,0.2415,0.2415,10000115,2015-05-27,2015-05-27,C,2.75,2015-03-27
25377,2015-04-08 13:58:00,2015-04-08,0.2415,0.0,0.0,444.0,0.2415,0.2415,0.2415,10000115,2015-05-27,2015-05-27,C,2.75,2015-03-27
25378,2015-04-08 13:59:00,2015-04-08,0.2415,0.0,0.0,444.0,0.2415,0.2415,0.2415,10000115,2015-05-27,2015-05-27,C,2.75,2015-03-27
25379,2015-04-08 14:00:00,2015-04-08,0.2415,0.0,0.0,444.0,0.2415,0.2415,0.2415,10000115,2015-05-27,2015-05-27,C,2.75,2015-03-27
25380,2015-04-08 14:01:00,2015-04-08,0.2415,0.0,0.0,444.0,0.2415,0.2415,0.2415,10000115,2015-05-27,2015-05-27,C,2.75,2015-03-27
25381,2015-04-08 14:02:00,2015-04-08,0.2415,0.0,0.0,444.0,0.2415,0.2415,0.2415,10000115,2015-05-27,2015-05-27,C,2.75,2015-03-27
25382,2015-04-08 14:03:00,2015-04-08,0.2415,0.0,0.0,444.0,0.2415,0.2415,0.2415,10000115,2015-05-27,2015-05-27,C,2.75,2015-03-27
25383,2015-04-08 14:04:00,2015-04-08,0.2415,0.0,0.0,444.0,0.2415,0.2415,0.2415,10000115,2015-05-27,2015-05-27,C,2.75,2015-03-27
25384,2015-04-08 14:05:00,2015-04-08,0.2415,0.0,0.0,444.0,0.2415,0.2415,0.2415,10000115,2015-05-27,2015-05-27,C,2.75,2015-03-27
25385,2015-04-08 14:06:00,2015-04-08,0.2267,22670.0,10.0,444.0,0.2267,0.2267,0.2267,10000115,2015-05-27,2015-05-27,C,2.75,2015-03-27
25386,2015-04-08 14:07:00,2015-04-08,0.2267,0.0,0.0,444.0,0.2267,0.2267,0.2267,10000115,2015-05-27,2015-05-27,C,2.75,2015-03-27
25387,2015-04-08 14:08:00,2015-04-08,0.2267,0.0,0.0,444.0,0.2267,0.2267,0.2267,10000115,2015-05-27,2015-05-27,C,2.75,2015-03-27
25388,2015-04-08 14:09:00,2015-04-08,0.2267,0.0,0.0,444.0,0.2267,0.2267,0.2267,10000115,2015-05-27,2015-05-27,C,2.75,2015-03-27
25389,2015-04-08 14:10:00,2015-04-08,0.2267,0.0,0.0,444.0,0.2267,0.2267,0.2267,10000115,2015-05-27,2015-05-27,C,2.75,2015-03-27
25390,2015-04-08 14:11:00,2015-04-08,0.2267,0.0,0.0,444.0,0.2267,0.2267,0.2267,10000115,2015-05-27,2015-05-27,C,2.75,2015-03-27
25391,2015-04-08 14:12:00,2015-04-08,0.2267,0.0,0.0,444.0,0.2267,0.2267,0.2267,10000115,2015-05-27,2015-05-27,C,2.75,2015-03-27
25392,2015-04-08 14:13:00,2015-04-08,0.2267,0.0,0.0,444.0,0.2267,0.2267,0.2267,10000115,2015-05-27,2015-05-27,C,2.75,2015-03-27
25393,2015-04-08 14:14:00,2015-04-08,0.2267,0.0,0.0,444.0,0.2267,0.2267,0.2267,10000115,2015-05-27,2015-05-27,C,2.75,2015-03-27
25394,2015-04-08 14:15:00,2015-04-08,0.2267,0.0,0.0,444.0,0.2267,0.2267,0.2267,10000115,2015-05-27,2015-05-27,C,2.75,2015-03-27
25395,2015-04-08 14:16:00,2015-04-08,0.2267,0.0,0.0,444.0,0.2267,0.2267,0.2267,10000115,2015-05-27,2015-05-27,C,2.75,2015-03-27
25396,2015-04-08 14:17:00,2015-04-08,0.2267,0.0,0.0,444.0,0.2267,0.2267,0.2267,10000115,2015-05-27,2015-05-27,C,2.75,2015-03-27
25397,2015-04-08 14:18:00,2015-04-08,0.2267,0.0,0.0,444.0,0.2267,0.2267,0.2267,10000115,2015-05-27,2015-05-27,C,2.75,2015-03-27
25398,2015-04-08 14:19:00,2015-04-08,0.2267,0.0,0.0,444.0,0.2267,0.2267,0.2267,10000115,2015-05-27,2015-05-27,C,2.75,2015-03-27
25399,2015-04-08 14:20:00,2015-04-08,0.2267,0.0,0.0,444.0,0.2267,0.2267,0.2267,10000115,2015-05-27,2015-05-27,C,2.75,2015-03-27
25400,2015-04-08 14:21:00,2015-04-08,0.2267,0.0,0.0,444.0,0.2267,0.2267,0.2267,10000115,2015-05-27,2015-05-27,C,2.75,2015-03-27
25401,2015-04-08 14:22:00,2015-04-08,0.2267,0.0,0.0,444.0,0.2267,0.2267,0.2267,10000115,2015-05-27,2015-05-27,C,2.75,2015-03-27
25402,2015-04-08 14:23:00,2015-04-08,0.22,4400.0,2.0,442.0,0.22,0.22,0.22,10000115,2015-05-27,2015-05-27,C,2.75,2015-03-27
25403,2015-04-08 14:24:00,2015-04-08,0.22,0.0,0.0,442.0,0.22,0.22,0.22,10000115,2015-05-27,2015-05-27,C,2.75,2015-03-27
25404,2015-04-08 14:25:00,2015-04-08,0.22,0.0,0.0,442.0,0.22,0.22,0.22,10000115,2015-05-27,2015-05-27,C,2.75,2015-03-27
25405,2015-04-08 14:26:00,2015-04-08,0.22,0.0,0.0,442.0,0.22,0.22,0.22,10000115,2015-05-27,2015-05-27,C,2.75,2015-03-27
25406,2015-04-08 14:27:00,2015-04-08,0.2238,2238.0,1.0,442.0,0.2238,0.2238,0.2238,10000115,2015-05-27,2015-05-27,C,2.75,2015-03-27
25407,2015-04-08 14:28:00,2015-04-08,0.22,6600.0,3.0,442.0,0.22,0.22,0.22,10000115,2015-05-27,2015-05-27,C,2.75,2015-03-27
25408,2015-04-08 14:29:00,2015-04-08,0.22,0.0,0.0,442.0,0.22,0.22,0.22,10000115,2015-05-27,2015-05-27,C,2.75,2015-03-27
25409,2015-04-08 14:30:00,2015-04-08,0.22,0.0,0.0,442.0,0.22,0.22,0.22,10000115,2015-05-27,2015-05-27,C,2.75,2015-03-27
25410,2015-04-08 14:31:00,2015-04-08,0.22,0.0,0.0,442.0,0.22,0.22,0.22,10000115,2015-05-27,2015-05-27,C,2.75,2015-03-27
25411,2015-04-08 14:32:00,2015-04-08,0.22,0.0,0.0,442.0,0.22,0.22,0.22,10000115,2015-05-27,2015-05-27,C,2.75,2015-03-27
25412,2015-04-08 14:33:00,2015-04-08,0.22,0.0,0.0,442.0,0.22,0.22,0.22,10000115,2015-05-27,2015-05-27,C,2.75,2015-03-27
25413,2015-04-08 14:34:00,2015-04-08,0.2181,10905.0,5.0,442.0,0.2181,0.2181,0.2181,10000115,2015-05-27,2015-05-27,C,2.75,2015-03-27
25414,2015-04-08 14:35:00,2015-04-08,0.223,11150.0,5.0,442.0,0.223,0.223,0.223,10000115,2015-05-27,2015-05-27,C,2.75,2015-03-27
25415,2015-04-08 14:36:00,2015-04-08,0.223,0.0,0.0,442.0,0.223,0.223,0.223,10000115,2015-05-27,2015-05-27,C,2.75,2015-03-27
25416,2015-04-08 14:37:00,2015-04-08,0.223,0.0,0.0,442.0,0.223,0.223,0.223,10000115,2015-05-27,2015-05-27,C,2.75,2015-03-27
25417,2015-04-08 14:38:00,2015-04-08,0.223,0.0,0.0,442.0,0.223,0.223,0.223,10000115,2015-05-27,2015-05-27,C,2.75,2015-03-27
25418,2015-04-08 14:39:00,2015-04-08,0.223,0.0,0.0,442.0,0.223,0.223,0.223,10000115,2015-05-27,2015-05-27,C,2.75,2015-03-27
25419,2015-04-08 14:40:00,2015-04-08,0.223,0.0,0.0,442.0,0.223,0.223,0.223,10000115,2015-05-27,2015-05-27,C,2.75,2015-03-27
25420,2015-04-08 14:41:00,2015-04-08,0.223,0.0,0.0,442.0,0.223,0.223,0.223,10000115,2015-05-27,2015-05-27,C,2.75,2015-03-27
25421,2015-04-08 14:42:00,2015-04-08,0.223,0.0,0.0,442.0,0.223,0.223,0.223,10000115,2015-05-27,2015-05-27,C,2.75,2015-03-27
25422,2015-04-08 14:43:00,2015-04-08,0.223,0.0,0.0,442.0,0.223,0.223,0.223,10000115,2015-05-27,2015-05-27,C,2.75,2015-03-27
25423,2015-04-08 14:44:00,2015-04-08,0.223,0.0,0.0,442.0,0.223,0.223,0.223,10000115,2015-05-27,2015-05-27,C,2.75,2015-03-27
25424,2015-04-08 14:45:00,2015-04-08,0.2329,6987.0,3.0,442.0,0.2329,0.2329,0.2329,10000115,2015-05-27,2015-05-27,C,2.75,2015-03-27
25425,2015-04-08 14:46:00,2015-04-08,0.2329,0.0,0.0,442.0,0.2329,0.2329,0.2329,10000115,2015-05-27,2015-05-27,C,2.75,2015-03-27
25426,2015-04-08 14:47:00,2015-04-08,0.2329,0.0,0.0,442.0,0.2329,0.2329,0.2329,10000115,2015-05-27,2015-05-27,C,2.75,2015-03-27
25427,2015-04-08 14:48:00,2015-04-08,0.2381,11905.0,5.0,437.0,0.2381,0.2381,0.2381,10000115,2015-05-27,2015-05-27,C,2.75,2015-03-27
25428,2015-04-08 14:49:00,2015-04-08,0.2381,0.0,0.0,437.0,0.2381,0.2381,0.2381,10000115,2015-05-27,2015-05-27,C,2.75,2015-03-27
25429,2015-04-08 14:50:00,2015-04-08,0.2381,0.0,0.0,437.0,0.2381,0.2381,0.2381,10000115,2015-05-27,2015-05-27,C,2.75,2015-03-27
25430,2015-04-08 14:51:00,2015-04-08,0.2381,0.0,0.0,437.0,0.2381,0.2381,0.2381,10000115,2015-05-27,2015-05-27,C,2.75,2015-03-27
25431,2015-04-08 14:52:00,2015-04-08,0.2381,0.0,0.0,437.0,0.2381,0.2381,0.2381,10000115,2015-05-27,2015-05-27,C,2.75,2015-03-27
25432,2015-04-08 14:53:00,2015-04-08,0.2381,0.0,0.0,437.0,0.2381,0.2381,0.2381,10000115,2015-05-27,2015-05-27,C,2.75,2015-03-27
25433,2015-04-08 14:54:00,2015-04-08,0.2381,0.0,0.0,437.0,0.2381,0.2381,0.2381,10000115,2015-05-27,2015-05-27,C,2.75,2015-03-27
25434,2015-04-08 14:55:00,2015-04-08,0.2381,0.0,0.0,437.0,0.2381,0.2381,0.2381,10000115,2015-05-27,2015-05-27,C,2.75,2015-03-27
25435,2015-04-08 14:56:00,2015-04-08,0.2381,0.0,0.0,437.0,0.2381,0.2381,0.2381,10000115,2015-05-27,2015-05-27,C,2.75,2015-03-27
25436,2015-04-08 14:57:00,2015-04-08,0.2408,24080.0,10.0,427.0,0.2408,0.2408,0.2408,10000115,2015-05-27,2015-05-27,C,2.75,2015-03-27
25437,2015-04-08 14:58:00,2015-04-08,0.2408,0.0,0.0,427.0,0.2408,0.2408,0.2408,10000115,2015-05-27,2015-05-27,C,2.75,2015-03-27
25438,2015-04-08 14:59:00,2015-04-08,0.2408,0.0,0.0,427.0,0.2408,0.2408,0.2408,10000115,2015-05-27,2015-05-27,C,2.75,2015-03-27
25439,2015-04-08 15:00:00,2015-04-08,0.2408,0.0,0.0,427.0,0.2408,0.2408,0.2408,10000115,2015-05-27,2015-05-27,C,2.75,2015-03-27
25440,2015-04-08 09:31:00,2015-04-08,0.6048,60475.0,10.0,1087.0,0.6048,0.6047,0.6047,10000012,2015-04-22,2015-04-22,C,2.25,2015-02-09
25441,2015-04-08 09:32:00,2015-04-08,0.6047,0.0,0.0,1087.0,0.6047,0.6047,0.6047,10000012,2015-04-22,2015-04-22,C,2.25,2015-02-09
25442,2015-04-08 09:33:00,2015-04-08,0.6047,0.0,0.0,1087.0,0.6047,0.6047,0.6047,10000012,2015-04-22,2015-04-22,C,2.25,2015-02-09
25443,2015-04-08 09:34:00,2015-04-08,0.6047,0.0,0.0,1087.0,0.6047,0.6047,0.6047,10000012,2015-04-22,2015-04-22,C,2.25,2015-02-09
25444,2015-04-08 09:35:00,2015-04-08,0.6047,0.0,0.0,1087.0,0.6047,0.6047,0.6047,10000012,2015-04-22,2015-04-22,C,2.25,2015-02-09
25445,2015-04-08 09:36:00,2015-04-08,0.6047,0.0,0.0,1087.0,0.6047,0.6047,0.6047,10000012,2015-04-22,2015-04-22,C,2.25,2015-02-09
25446,2015-04-08 09:37:00,2015-04-08,0.6047,0.0,0.0,1087.0,0.6047,0.6047,0.6047,10000012,2015-04-22,2015-04-22,C,2.25,2015-02-09
25447,2015-04-08 09:38:00,2015-04-08,0.5915,59150.0,10.0,1087.0,0.5915,0.5915,0.5915,10000012,2015-04-22,2015-04-22,C,2.25,2015-02-09
25448,2015-04-08 09:39:00,2015-04-08,0.5915,0.0,0.0,1087.0,0.5915,0.5915,0.5915,10000012,2015-04-22,2015-04-22,C,2.25,2015-02-09
25449,2015-04-08 09:40:00,2015-04-08,0.5915,0.0,0.0,1087.0,0.5915,0.5915,0.5915,10000012,2015-04-22,2015-04-22,C,2.25,2015-02-09
25450,2015-04-08 09:41:00,2015-04-08,0.5915,0.0,0.0,1087.0,0.5915,0.5915,0.5915,10000012,2015-04-22,2015-04-22,C,2.25,2015-02-09
25451,2015-04-08 09:42:00,2015-04-08,0.5915,0.0,0.0,1087.0,0.5915,0.5915,0.5915,10000012,2015-04-22,2015-04-22,C,2.25,2015-02-09
25452,2015-04-08 09:43:00,2015-04-08,0.5915,0.0,0.0,1087.0,0.5915,0.5915,0.5915,10000012,2015-04-22,2015-04-22,C,2.25,2015-02-09
25453,2015-04-08 09:44:00,2015-04-08,0.5912,5912.0,1.0,1087.0,0.5912,0.5912,0.5912,10000012,2015-04-22,2015-04-22,C,2.25,2015-02-09
25454,2015-04-08 09:45:00,2015-04-08,0.5912,0.0,0.0,1087.0,0.5912,0.5912,0.5912,10000012,2015-04-22,2015-04-22,C,2.25,2015-02-09
25455,2015-04-08 09:46:00,2015-04-08,0.6008,12016.0,2.0,1085.0,0.6008,0.6008,0.6008,10000012,2015-04-22,2015-04-22,C,2.25,2015-02-09
25456,2015-04-08 09:47:00,2015-04-08,0.6008,12016.0,2.0,1083.0,0.6008,0.6008,0.6008,10000012,2015-04-22,2015-04-22,C,2.25,2015-02-09
25457,2015-04-08 09:48:00,2015-04-08,0.6008,0.0,0.0,1083.0,0.6008,0.6008,0.6008,10000012,2015-04-22,2015-04-22,C,2.25,2015-02-09
25458,2015-04-08 09:49:00,2015-04-08,0.6008,0.0,0.0,1083.0,0.6008,0.6008,0.6008,10000012,2015-04-22,2015-04-22,C,2.25,2015-02-09
25459,2015-04-08 09:50:00,2015-04-08,0.6008,0.0,0.0,1083.0,0.6008,0.6008,0.6008,10000012,2015-04-22,2015-04-22,C,2.25,2015-02-09
25460,2015-04-08 09:51:00,2015-04-08,0.6008,0.0,0.0,1083.0,0.6008,0.6008,0.6008,10000012,2015-04-22,2015-04-22,C,2.25,2015-02-09
25461,2015-04-08 09:52:00,2015-04-08,0.6008,0.0,0.0,1083.0,0.6008,0.6008,0.6008,10000012,2015-04-22,2015-04-22,C,2.25,2015-02-09
25462,2015-04-08 09:53:00,2015-04-08,0.6008,0.0,0.0,1083.0,0.6008,0.6008,0.6008,10000012,2015-04-22,2015-04-22,C,2.25,2015-02-09
25463,2015-04-08 09:54:00,2015-04-08,0.6,12005.0,2.0,1083.0,0.6,0.6,0.6,10000012,2015-04-22,2015-04-22,C,2.25,2015-02-09
25464,2015-04-08 09:55:00,2015-04-08,0.6069,6069.0,1.0,1083.0,0.6069,0.6069,0.6069,10000012,2015-04-22,2015-04-22,C,2.25,2015-02-09
25465,2015-04-08 09:56:00,2015-04-08,0.6069,0.0,0.0,1083.0,0.6069,0.6069,0.6069,10000012,2015-04-22,2015-04-22,C,2.25,2015-02-09
25466,2015-04-08 09:57:00,2015-04-08,0.6069,0.0,0.0,1083.0,0.6069,0.6069,0.6069,10000012,2015-04-22,2015-04-22,C,2.25,2015-02-09
25467,2015-04-08 09:58:00,2015-04-08,0.6069,0.0,0.0,1083.0,0.6069,0.6069,0.6069,10000012,2015-04-22,2015-04-22,C,2.25,2015-02-09
25468,2015-04-08 09:59:00,2015-04-08,0.6069,0.0,0.0,1083.0,0.6069,0.6069,0.6069,10000012,2015-04-22,2015-04-22,C,2.25,2015-02-09
25469,2015-04-08 10:00:00,2015-04-08,0.6069,0.0,0.0,1083.0,0.6069,0.6069,0.6069,10000012,2015-04-22,2015-04-22,C,2.25,2015-02-09
25470,2015-04-08 10:01:00,2015-04-08,0.6069,0.0,0.0,1083.0,0.6069,0.6069,0.6069,10000012,2015-04-22,2015-04-22,C,2.25,2015-02-09
25471,2015-04-08 10:02:00,2015-04-08,0.6272,6272.0,1.0,1084.0,0.6272,0.6272,0.6272,10000012,2015-04-22,2015-04-22,C,2.25,2015-02-09
25472,2015-04-08 10:03:00,2015-04-08,0.6272,0.0,0.0,1084.0,0.6272,0.6272,0.6272,10000012,2015-04-22,2015-04-22,C,2.25,2015-02-09
25473,2015-04-08 10:04:00,2015-04-08,0.6246,31230.0,5.0,1087.0,0.6246,0.6246,0.6246,10000012,2015-04-22,2015-04-22,C,2.25,2015-02-09
25474,2015-04-08 10:05:00,2015-04-08,0.6116,6116.0,1.0,1087.0,0.6116,0.6116,0.6116,10000012,2015-04-22,2015-04-22,C,2.25,2015-02-09
25475,2015-04-08 10:06:00,2015-04-08,0.6116,0.0,0.0,1087.0,0.6116,0.6116,0.6116,10000012,2015-04-22,2015-04-22,C,2.25,2015-02-09
25476,2015-04-08 10:07:00,2015-04-08,0.6116,0.0,0.0,1087.0,0.6116,0.6116,0.6116,10000012,2015-04-22,2015-04-22,C,2.25,2015-02-09
25477,2015-04-08 10:08:00,2015-04-08,0.6116,0.0,0.0,1087.0,0.6116,0.6116,0.6116,10000012,2015-04-22,2015-04-22,C,2.25,2015-02-09
25478,2015-04-08 10:09:00,2015-04-08,0.6116,0.0,0.0,1087.0,0.6116,0.6116,0.6116,10000012,2015-04-22,2015-04-22,C,2.25,2015-02-09
25479,2015-04-08 10:10:00,2015-04-08,0.6116,0.0,0.0,1087.0,0.6116,0.6116,0.6116,10000012,2015-04-22,2015-04-22,C,2.25,2015-02-09
25480,2015-04-08 10:11:00,2015-04-08,0.6116,0.0,0.0,1087.0,0.6116,0.6116,0.6116,10000012,2015-04-22,2015-04-22,C,2.25,2015-02-09
25481,2015-04-08 10:12:00,2015-04-08,0.6116,0.0,0.0,1087.0,0.6116,0.6116,0.6116,10000012,2015-04-22,2015-04-22,C,2.25,2015-02-09
25482,2015-04-08 10:13:00,2015-04-08,0.6116,0.0,0.0,1087.0,0.6116,0.6116,0.6116,10000012,2015-04-22,2015-04-22,C,2.25,2015-02-09
25483,2015-04-08 10:14:00,2015-04-08,0.6116,0.0,0.0,1087.0,0.6116,0.6116,0.6116,10000012,2015-04-22,2015-04-22,C,2.25,2015-02-09
25484,2015-04-08 10:15:00,2015-04-08,0.6116,0.0,0.0,1087.0,0.6116,0.6116,0.6116,10000012,2015-04-22,2015-04-22,C,2.25,2015-02-09
25485,2015-04-08 10:16:00,2015-04-08,0.6116,0.0,0.0,1087.0,0.6116,0.6116,0.6116,10000012,2015-04-22,2015-04-22,C,2.25,2015-02-09
25486,2015-04-08 10:17:00,2015-04-08,0.6116,0.0,0.0,1087.0,0.6116,0.6116,0.6116,10000012,2015-04-22,2015-04-22,C,2.25,2015-02-09
25487,2015-04-08 10:18:00,2015-04-08,0.6116,0.0,0.0,1087.0,0.6116,0.6116,0.6116,10000012,2015-04-22,2015-04-22,C,2.25,2015-02-09
25488,2015-04-08 10:19:00,2015-04-08,0.6116,0.0,0.0,1087.0,0.6116,0.6116,0.6116,10000012,2015-04-22,2015-04-22,C,2.25,2015-02-09
25489,2015-04-08 10:20:00,2015-04-08,0.6116,0.0,0.0,1087.0,0.6116,0.6116,0.6116,10000012,2015-04-22,2015-04-22,C,2.25,2015-02-09
25490,2015-04-08 10:21:00,2015-04-08,0.6116,0.0,0.0,1087.0,0.6116,0.6116,0.6116,10000012,2015-04-22,2015-04-22,C,2.25,2015-02-09
25491,2015-04-08 10:22:00,2015-04-08,0.6116,0.0,0.0,1087.0,0.6116,0.6116,0.6116,10000012,2015-04-22,2015-04-22,C,2.25,2015-02-09
25492,2015-04-08 10:23:00,2015-04-08,0.6116,0.0,0.0,1087.0,0.6116,0.6116,0.6116,10000012,2015-04-22,2015-04-22,C,2.25,2015-02-09
25493,2015-04-08 10:24:00,2015-04-08,0.6116,0.0,0.0,1087.0,0.6116,0.6116,0.6116,10000012,2015-04-22,2015-04-22,C,2.25,2015-02-09
25494,2015-04-08 10:25:00,2015-04-08,0.6116,0.0,0.0,1087.0,0.6116,0.6116,0.6116,10000012,2015-04-22,2015-04-22,C,2.25,2015-02-09
25495,2015-04-08 10:26:00,2015-04-08,0.6116,0.0,0.0,1087.0,0.6116,0.6116,0.6116,10000012,2015-04-22,2015-04-22,C,2.25,2015-02-09
25496,2015-04-08 10:27:00,2015-04-08,0.6116,0.0,0.0,1087.0,0.6116,0.6116,0.6116,10000012,2015-04-22,2015-04-22,C,2.25,2015-02-09
25497,2015-04-08 10:28:00,2015-04-08,0.6116,0.0,0.0,1087.0,0.6116,0.6116,0.6116,10000012,2015-04-22,2015-04-22,C,2.25,2015-02-09
25498,2015-04-08 10:29:00,2015-04-08,0.6116,0.0,0.0,1087.0,0.6116,0.6116,0.6116,10000012,2015-04-22,2015-04-22,C,2.25,2015-02-09
25499,2015-04-08 10:30:00,2015-04-08,0.6116,0.0,0.0,1087.0,0.6116,0.6116,0.6116,10000012,2015-04-22,2015-04-22,C,2.25,2015-02-09
25500,2015-04-08 10:31:00,2015-04-08,0.6116,0.0,0.0,1087.0,0.6116,0.6116,0.6116,10000012,2015-04-22,2015-04-22,C,2.25,2015-02-09
25501,2015-04-08 10:32:00,2015-04-08,0.6116,0.0,0.0,1087.0,0.6116,0.6116,0.6116,10000012,2015-04-22,2015-04-22,C,2.25,2015-02-09
25502,2015-04-08 10:33:00,2015-04-08,0.6116,0.0,0.0,1087.0,0.6116,0.6116,0.6116,10000012,2015-04-22,2015-04-22,C,2.25,2015-02-09
25503,2015-04-08 10:34:00,2015-04-08,0.6116,0.0,0.0,1087.0,0.6116,0.6116,0.6116,10000012,2015-04-22,2015-04-22,C,2.25,2015-02-09
25504,2015-04-08 10:35:00,2015-04-08,0.6116,0.0,0.0,1087.0,0.6116,0.6116,0.6116,10000012,2015-04-22,2015-04-22,C,2.25,2015-02-09
25505,2015-04-08 10:36:00,2015-04-08,0.6116,0.0,0.0,1087.0,0.6116,0.6116,0.6116,10000012,2015-04-22,2015-04-22,C,2.25,2015-02-09
25506,2015-04-08 10:37:00,2015-04-08,0.6116,0.0,0.0,1087.0,0.6116,0.6116,0.6116,10000012,2015-04-22,2015-04-22,C,2.25,2015-02-09
25507,2015-04-08 10:38:00,2015-04-08,0.6116,0.0,0.0,1087.0,0.6116,0.6116,0.6116,10000012,2015-04-22,2015-04-22,C,2.25,2015-02-09
25508,2015-04-08 10:39:00,2015-04-08,0.6116,0.0,0.0,1087.0,0.6116,0.6116,0.6116,10000012,2015-04-22,2015-04-22,C,2.25,2015-02-09
25509,2015-04-08 10:40:00,2015-04-08,0.6116,0.0,0.0,1087.0,0.6116,0.6116,0.6116,10000012,2015-04-22,2015-04-22,C,2.25,2015-02-09
25510,2015-04-08 10:41:00,2015-04-08,0.6116,0.0,0.0,1087.0,0.6116,0.6116,0.6116,10000012,2015-04-22,2015-04-22,C,2.25,2015-02-09
25511,2015-04-08 10:42:00,2015-04-08,0.6116,0.0,0.0,1087.0,0.6116,0.6116,0.6116,10000012,2015-04-22,2015-04-22,C,2.25,2015-02-09
25512,2015-04-08 10:43:00,2015-04-08,0.6116,0.0,0.0,1087.0,0.6116,0.6116,0.6116,10000012,2015-04-22,2015-04-22,C,2.25,2015-02-09
25513,2015-04-08 10:44:00,2015-04-08,0.6213,62130.0,10.0,1087.0,0.6213,0.6213,0.6213,10000012,2015-04-22,2015-04-22,C,2.25,2015-02-09
25514,2015-04-08 10:45:00,2015-04-08,0.6213,0.0,0.0,1087.0,0.6213,0.6213,0.6213,10000012,2015-04-22,2015-04-22,C,2.25,2015-02-09
25515,2015-04-08 10:46:00,2015-04-08,0.6213,0.0,0.0,1087.0,0.6213,0.6213,0.6213,10000012,2015-04-22,2015-04-22,C,2.25,2015-02-09
25516,2015-04-08 10:47:00,2015-04-08,0.6213,0.0,0.0,1087.0,0.6213,0.6213,0.6213,10000012,2015-04-22,2015-04-22,C,2.25,2015-02-09
25517,2015-04-08 10:48:00,2015-04-08,0.6165,55470.0,9.0,1092.0,0.6165,0.6162,0.6162,10000012,2015-04-22,2015-04-22,C,2.25,2015-02-09
25518,2015-04-08 10:49:00,2015-04-08,0.6162,0.0,0.0,1092.0,0.6162,0.6162,0.6162,10000012,2015-04-22,2015-04-22,C,2.25,2015-02-09
25519,2015-04-08 10:50:00,2015-04-08,0.6162,0.0,0.0,1092.0,0.6162,0.6162,0.6162,10000012,2015-04-22,2015-04-22,C,2.25,2015-02-09
25520,2015-04-08 10:51:00,2015-04-08,0.6162,0.0,0.0,1092.0,0.6162,0.6162,0.6162,10000012,2015-04-22,2015-04-22,C,2.25,2015-02-09
25521,2015-04-08 10:52:00,2015-04-08,0.6162,0.0,0.0,1092.0,0.6162,0.6162,0.6162,10000012,2015-04-22,2015-04-22,C,2.25,2015-02-09
25522,2015-04-08 10:53:00,2015-04-08,0.5979,59790.0,10.0,1092.0,0.5979,0.5979,0.5979,10000012,2015-04-22,2015-04-22,C,2.25,2015-02-09
25523,2015-04-08 10:54:00,2015-04-08,0.5959,83132.0,14.0,1094.0,0.5959,0.5911,0.5911,10000012,2015-04-22,2015-04-22,C,2.25,2015-02-09
25524,2015-04-08 10:55:00,2015-04-08,0.5911,0.0,0.0,1094.0,0.5911,0.5911,0.5911,10000012,2015-04-22,2015-04-22,C,2.25,2015-02-09
25525,2015-04-08 10:56:00,2015-04-08,0.5911,0.0,0.0,1094.0,0.5911,0.5911,0.5911,10000012,2015-04-22,2015-04-22,C,2.25,2015-02-09
25526,2015-04-08 10:57:00,2015-04-08,0.5911,0.0,0.0,1094.0,0.5911,0.5911,0.5911,10000012,2015-04-22,2015-04-22,C,2.25,2015-02-09
25527,2015-04-08 10:58:00,2015-04-08,0.5911,0.0,0.0,1094.0,0.5911,0.5911,0.5911,10000012,2015-04-22,2015-04-22,C,2.25,2015-02-09
25528,2015-04-08 10:59:00,2015-04-08,0.5911,0.0,0.0,1094.0,0.5911,0.5911,0.5911,10000012,2015-04-22,2015-04-22,C,2.25,2015-02-09
25529,2015-04-08 11:00:00,2015-04-08,0.5911,0.0,0.0,1094.0,0.5911,0.5911,0.5911,10000012,2015-04-22,2015-04-22,C,2.25,2015-02-09
25530,2015-04-08 11:01:00,2015-04-08,0.5966,59660.0,10.0,1099.0,0.5966,0.5966,0.5966,10000012,2015-04-22,2015-04-22,C,2.25,2015-02-09
25531,2015-04-08 11:02:00,2015-04-08,0.5966,0.0,0.0,1099.0,0.5966,0.5966,0.5966,10000012,2015-04-22,2015-04-22,C,2.25,2015-02-09
25532,2015-04-08 11:03:00,2015-04-08,0.5965,59650.0,10.0,1109.0,0.5965,0.5965,0.5965,10000012,2015-04-22,2015-04-22,C,2.25,2015-02-09
25533,2015-04-08 11:04:00,2015-04-08,0.5965,0.0,0.0,1109.0,0.5965,0.5965,0.5965,10000012,2015-04-22,2015-04-22,C,2.25,2015-02-09
25534,2015-04-08 11:05:00,2015-04-08,0.5965,0.0,0.0,1109.0,0.5965,0.5965,0.5965,10000012,2015-04-22,2015-04-22,C,2.25,2015-02-09
25535,2015-04-08 11:06:00,2015-04-08,0.5965,0.0,0.0,1109.0,0.5965,0.5965,0.5965,10000012,2015-04-22,2015-04-22,C,2.25,2015-02-09
25536,2015-04-08 11:07:00,2015-04-08,0.5965,0.0,0.0,1109.0,0.5965,0.5965,0.5965,10000012,2015-04-22,2015-04-22,C,2.25,2015-02-09
25537,2015-04-08 11:08:00,2015-04-08,0.5965,0.0,0.0,1109.0,0.5965,0.5965,0.5965,10000012,2015-04-22,2015-04-22,C,2.25,2015-02-09
25538,2015-04-08 11:09:00,2015-04-08,0.5965,0.0,0.0,1109.0,0.5965,0.5965,0.5965,10000012,2015-04-22,2015-04-22,C,2.25,2015-02-09
25539,2015-04-08 11:10:00,2015-04-08,0.5965,0.0,0.0,1109.0,0.5965,0.5965,0.5965,10000012,2015-04-22,2015-04-22,C,2.25,2015-02-09
25540,2015-04-08 11:11:00,2015-04-08,0.5965,0.0,0.0,1109.0,0.5965,0.5965,0.5965,10000012,2015-04-22,2015-04-22,C,2.25,2015-02-09
25541,2015-04-08 11:12:00,2015-04-08,0.5965,0.0,0.0,1109.0,0.5965,0.5965,0.5965,10000012,2015-04-22,2015-04-22,C,2.25,2015-02-09
25542,2015-04-08 11:13:00,2015-04-08,0.5965,0.0,0.0,1109.0,0.5965,0.5965,0.5965,10000012,2015-04-22,2015-04-22,C,2.25,2015-02-09
25543,2015-04-08 11:14:00,2015-04-08,0.5965,0.0,0.0,1109.0,0.5965,0.5965,0.5965,10000012,2015-04-22,2015-04-22,C,2.25,2015-02-09
25544,2015-04-08 11:15:00,2015-04-08,0.5965,0.0,0.0,1109.0,0.5965,0.5965,0.5965,10000012,2015-04-22,2015-04-22,C,2.25,2015-02-09
25545,2015-04-08 11:16:00,2015-04-08,0.5965,0.0,0.0,1109.0,0.5965,0.5965,0.5965,10000012,2015-04-22,2015-04-22,C,2.25,2015-02-09
25546,2015-04-08 11:17:00,2015-04-08,0.5965,0.0,0.0,1109.0,0.5965,0.5965,0.5965,10000012,2015-04-22,2015-04-22,C,2.25,2015-02-09
25547,2015-04-08 11:18:00,2015-04-08,0.5965,0.0,0.0,1109.0,0.5965,0.5965,0.5965,10000012,2015-04-22,2015-04-22,C,2.25,2015-02-09
25548,2015-04-08 11:19:00,2015-04-08,0.5965,0.0,0.0,1109.0,0.5965,0.5965,0.5965,10000012,2015-04-22,2015-04-22,C,2.25,2015-02-09
25549,2015-04-08 11:20:00,2015-04-08,0.5965,0.0,0.0,1109.0,0.5965,0.5965,0.5965,10000012,2015-04-22,2015-04-22,C,2.25,2015-02-09
25550,2015-04-08 11:21:00,2015-04-08,0.5965,0.0,0.0,1109.0,0.5965,0.5965,0.5965,10000012,2015-04-22,2015-04-22,C,2.25,2015-02-09
25551,2015-04-08 11:22:00,2015-04-08,0.5965,0.0,0.0,1109.0,0.5965,0.5965,0.5965,10000012,2015-04-22,2015-04-22,C,2.25,2015-02-09
25552,2015-04-08 11:23:00,2015-04-08,0.5965,0.0,0.0,1109.0,0.5965,0.5965,0.5965,10000012,2015-04-22,2015-04-22,C,2.25,2015-02-09
25553,2015-04-08 11:24:00,2015-04-08,0.5965,0.0,0.0,1109.0,0.5965,0.5965,0.5965,10000012,2015-04-22,2015-04-22,C,2.25,2015-02-09
25554,2015-04-08 11:25:00,2015-04-08,0.5965,0.0,0.0,1109.0,0.5965,0.5965,0.5965,10000012,2015-04-22,2015-04-22,C,2.25,2015-02-09
25555,2015-04-08 11:26:00,2015-04-08,0.6038,24152.0,4.0,1113.0,0.6038,0.6038,0.6038,10000012,2015-04-22,2015-04-22,C,2.25,2015-02-09
25556,2015-04-08 11:27:00,2015-04-08,0.6073,157783.0,26.0,1113.0,0.6038,0.6073,0.6038,10000012,2015-04-22,2015-04-22,C,2.25,2015-02-09
25557,2015-04-08 11:28:00,2015-04-08,0.6073,0.0,0.0,1113.0,0.6073,0.6073,0.6073,10000012,2015-04-22,2015-04-22,C,2.25,2015-02-09
25558,2015-04-08 11:29:00,2015-04-08,0.6073,0.0,0.0,1113.0,0.6073,0.6073,0.6073,10000012,2015-04-22,2015-04-22,C,2.25,2015-02-09
25559,2015-04-08 11:30:00,2015-04-08,0.6073,0.0,0.0,1113.0,0.6073,0.6073,0.6073,10000012,2015-04-22,2015-04-22,C,2.25,2015-02-09
25560,2015-04-08 13:01:00,2015-04-08,0.6073,0.0,0.0,1113.0,0.6073,0.6073,0.6073,10000012,2015-04-22,2015-04-22,C,2.25,2015-02-09
25561,2015-04-08 13:02:00,2015-04-08,0.6073,0.0,0.0,1113.0,0.6073,0.6073,0.6073,10000012,2015-04-22,2015-04-22,C,2.25,2015-02-09
25562,2015-04-08 13:03:00,2015-04-08,0.6377,6377.0,1.0,1114.0,0.6377,0.6377,0.6377,10000012,2015-04-22,2015-04-22,C,2.25,2015-02-09
25563,2015-04-08 13:04:00,2015-04-08,0.6377,0.0,0.0,1114.0,0.6377,0.6377,0.6377,10000012,2015-04-22,2015-04-22,C,2.25,2015-02-09
25564,2015-04-08 13:05:00,2015-04-08,0.6377,0.0,0.0,1114.0,0.6377,0.6377,0.6377,10000012,2015-04-22,2015-04-22,C,2.25,2015-02-09
25565,2015-04-08 13:06:00,2015-04-08,0.6377,0.0,0.0,1114.0,0.6377,0.6377,0.6377,10000012,2015-04-22,2015-04-22,C,2.25,2015-02-09
25566,2015-04-08 13:07:00,2015-04-08,0.6307,12610.0,2.0,1114.0,0.6307,0.6303,0.6303,10000012,2015-04-22,2015-04-22,C,2.25,2015-02-09
25567,2015-04-08 13:08:00,2015-04-08,0.6303,0.0,0.0,1114.0,0.6303,0.6303,0.6303,10000012,2015-04-22,2015-04-22,C,2.25,2015-02-09
25568,2015-04-08 13:09:00,2015-04-08,0.6303,0.0,0.0,1114.0,0.6303,0.6303,0.6303,10000012,2015-04-22,2015-04-22,C,2.25,2015-02-09
25569,2015-04-08 13:10:00,2015-04-08,0.6303,0.0,0.0,1114.0,0.6303,0.6303,0.6303,10000012,2015-04-22,2015-04-22,C,2.25,2015-02-09
25570,2015-04-08 13:11:00,2015-04-08,0.6222,37332.0,6.0,1120.0,0.6222,0.6222,0.6222,10000012,2015-04-22,2015-04-22,C,2.25,2015-02-09
25571,2015-04-08 13:12:00,2015-04-08,0.6207,12414.0,2.0,1118.0,0.6207,0.6207,0.6207,10000012,2015-04-22,2015-04-22,C,2.25,2015-02-09
25572,2015-04-08 13:13:00,2015-04-08,0.6207,0.0,0.0,1118.0,0.6207,0.6207,0.6207,10000012,2015-04-22,2015-04-22,C,2.25,2015-02-09
25573,2015-04-08 13:14:00,2015-04-08,0.6207,0.0,0.0,1118.0,0.6207,0.6207,0.6207,10000012,2015-04-22,2015-04-22,C,2.25,2015-02-09
25574,2015-04-08 13:15:00,2015-04-08,0.6207,0.0,0.0,1118.0,0.6207,0.6207,0.6207,10000012,2015-04-22,2015-04-22,C,2.25,2015-02-09
25575,2015-04-08 13:16:00,2015-04-08,0.6207,0.0,0.0,1118.0,0.6207,0.6207,0.6207,10000012,2015-04-22,2015-04-22,C,2.25,2015-02-09
25576,2015-04-08 13:17:00,2015-04-08,0.6207,0.0,0.0,1118.0,0.6207,0.6207,0.6207,10000012,2015-04-22,2015-04-22,C,2.25,2015-02-09
25577,2015-04-08 13:18:00,2015-04-08,0.6401,64010.0,10.0,1108.0,0.6401,0.6401,0.6401,10000012,2015-04-22,2015-04-22,C,2.25,2015-02-09
25578,2015-04-08 13:19:00,2015-04-08,0.6514,13028.0,2.0,1108.0,0.6514,0.6514,0.6514,10000012,2015-04-22,2015-04-22,C,2.25,2015-02-09
25579,2015-04-08 13:20:00,2015-04-08,0.6514,0.0,0.0,1108.0,0.6514,0.6514,0.6514,10000012,2015-04-22,2015-04-22,C,2.25,2015-02-09
25580,2015-04-08 13:21:00,2015-04-08,0.6514,0.0,0.0,1108.0,0.6514,0.6514,0.6514,10000012,2015-04-22,2015-04-22,C,2.25,2015-02-09
25581,2015-04-08 13:22:00,2015-04-08,0.6514,0.0,0.0,1108.0,0.6514,0.6514,0.6514,10000012,2015-04-22,2015-04-22,C,2.25,2015-02-09
25582,2015-04-08 13:23:00,2015-04-08,0.6514,0.0,0.0,1108.0,0.6514,0.6514,0.6514,10000012,2015-04-22,2015-04-22,C,2.25,2015-02-09
25583,2015-04-08 13:24:00,2015-04-08,0.6475,12950.0,2.0,1106.0,0.6475,0.6475,0.6475,10000012,2015-04-22,2015-04-22,C,2.25,2015-02-09
25584,2015-04-08 13:25:00,2015-04-08,0.6475,0.0,0.0,1106.0,0.6475,0.6475,0.6475,10000012,2015-04-22,2015-04-22,C,2.25,2015-02-09
25585,2015-04-08 13:26:00,2015-04-08,0.6475,0.0,0.0,1106.0,0.6475,0.6475,0.6475,10000012,2015-04-22,2015-04-22,C,2.25,2015-02-09
25586,2015-04-08 13:27:00,2015-04-08,0.6475,0.0,0.0,1106.0,0.6475,0.6475,0.6475,10000012,2015-04-22,2015-04-22,C,2.25,2015-02-09
25587,2015-04-08 13:28:00,2015-04-08,0.6475,0.0,0.0,1106.0,0.6475,0.6475,0.6475,10000012,2015-04-22,2015-04-22,C,2.25,2015-02-09
25588,2015-04-08 13:29:00,2015-04-08,0.6475,0.0,0.0,1106.0,0.6475,0.6475,0.6475,10000012,2015-04-22,2015-04-22,C,2.25,2015-02-09
25589,2015-04-08 13:30:00,2015-04-08,0.6475,0.0,0.0,1106.0,0.6475,0.6475,0.6475,10000012,2015-04-22,2015-04-22,C,2.25,2015-02-09
25590,2015-04-08 13:31:00,2015-04-08,0.6475,0.0,0.0,1106.0,0.6475,0.6475,0.6475,10000012,2015-04-22,2015-04-22,C,2.25,2015-02-09
25591,2015-04-08 13:32:00,2015-04-08,0.6522,6522.0,1.0,1107.0,0.6522,0.6522,0.6522,10000012,2015-04-22,2015-04-22,C,2.25,2015-02-09
25592,2015-04-08 13:33:00,2015-04-08,0.6522,0.0,0.0,1107.0,0.6522,0.6522,0.6522,10000012,2015-04-22,2015-04-22,C,2.25,2015-02-09
25593,2015-04-08 13:34:00,2015-04-08,0.6522,0.0,0.0,1107.0,0.6522,0.6522,0.6522,10000012,2015-04-22,2015-04-22,C,2.25,2015-02-09
25594,2015-04-08 13:35:00,2015-04-08,0.6522,0.0,0.0,1107.0,0.6522,0.6522,0.6522,10000012,2015-04-22,2015-04-22,C,2.25,2015-02-09
25595,2015-04-08 13:36:00,2015-04-08,0.6522,0.0,0.0,1107.0,0.6522,0.6522,0.6522,10000012,2015-04-22,2015-04-22,C,2.25,2015-02-09
25596,2015-04-08 13:37:00,2015-04-08,0.6522,0.0,0.0,1107.0,0.6522,0.6522,0.6522,10000012,2015-04-22,2015-04-22,C,2.25,2015-02-09
25597,2015-04-08 13:38:00,2015-04-08,0.6522,0.0,0.0,1107.0,0.6522,0.6522,0.6522,10000012,2015-04-22,2015-04-22,C,2.25,2015-02-09
25598,2015-04-08 13:39:00,2015-04-08,0.6463,6463.0,1.0,1107.0,0.6463,0.6463,0.6463,10000012,2015-04-22,2015-04-22,C,2.25,2015-02-09
25599,2015-04-08 13:40:00,2015-04-08,0.6463,0.0,0.0,1107.0,0.6463,0.6463,0.6463,10000012,2015-04-22,2015-04-22,C,2.25,2015-02-09
25600,2015-04-08 13:41:00,2015-04-08,0.6463,0.0,0.0,1107.0,0.6463,0.6463,0.6463,10000012,2015-04-22,2015-04-22,C,2.25,2015-02-09
25601,2015-04-08 13:42:00,2015-04-08,0.64,25600.0,4.0,1103.0,0.64,0.64,0.64,10000012,2015-04-22,2015-04-22,C,2.25,2015-02-09
25602,2015-04-08 13:43:00,2015-04-08,0.64,0.0,0.0,1103.0,0.64,0.64,0.64,10000012,2015-04-22,2015-04-22,C,2.25,2015-02-09
25603,2015-04-08 13:44:00,2015-04-08,0.64,0.0,0.0,1103.0,0.64,0.64,0.64,10000012,2015-04-22,2015-04-22,C,2.25,2015-02-09
25604,2015-04-08 13:45:00,2015-04-08,0.64,0.0,0.0,1103.0,0.64,0.64,0.64,10000012,2015-04-22,2015-04-22,C,2.25,2015-02-09
25605,2015-04-08 13:46:00,2015-04-08,0.64,0.0,0.0,1103.0,0.64,0.64,0.64,10000012,2015-04-22,2015-04-22,C,2.25,2015-02-09
25606,2015-04-08 13:47:00,2015-04-08,0.64,0.0,0.0,1103.0,0.64,0.64,0.64,10000012,2015-04-22,2015-04-22,C,2.25,2015-02-09
25607,2015-04-08 13:48:00,2015-04-08,0.64,0.0,0.0,1103.0,0.64,0.64,0.64,10000012,2015-04-22,2015-04-22,C,2.25,2015-02-09
25608,2015-04-08 13:49:00,2015-04-08,0.64,0.0,0.0,1103.0,0.64,0.64,0.64,10000012,2015-04-22,2015-04-22,C,2.25,2015-02-09
25609,2015-04-08 13:50:00,2015-04-08,0.64,0.0,0.0,1103.0,0.64,0.64,0.64,10000012,2015-04-22,2015-04-22,C,2.25,2015-02-09
25610,2015-04-08 13:51:00,2015-04-08,0.64,0.0,0.0,1103.0,0.64,0.64,0.64,10000012,2015-04-22,2015-04-22,C,2.25,2015-02-09
25611,2015-04-08 13:52:00,2015-04-08,0.64,0.0,0.0,1103.0,0.64,0.64,0.64,10000012,2015-04-22,2015-04-22,C,2.25,2015-02-09
25612,2015-04-08 13:53:00,2015-04-08,0.64,0.0,0.0,1103.0,0.64,0.64,0.64,10000012,2015-04-22,2015-04-22,C,2.25,2015-02-09
25613,2015-04-08 13:54:00,2015-04-08,0.64,0.0,0.0,1103.0,0.64,0.64,0.64,10000012,2015-04-22,2015-04-22,C,2.25,2015-02-09
25614,2015-04-08 13:55:00,2015-04-08,0.64,0.0,0.0,1103.0,0.64,0.64,0.64,10000012,2015-04-22,2015-04-22,C,2.25,2015-02-09
25615,2015-04-08 13:56:00,2015-04-08,0.64,0.0,0.0,1103.0,0.64,0.64,0.64,10000012,2015-04-22,2015-04-22,C,2.25,2015-02-09
25616,2015-04-08 13:57:00,2015-04-08,0.64,0.0,0.0,1103.0,0.64,0.64,0.64,10000012,2015-04-22,2015-04-22,C,2.25,2015-02-09
25617,2015-04-08 13:58:00,2015-04-08,0.64,0.0,0.0,1103.0,0.64,0.64,0.64,10000012,2015-04-22,2015-04-22,C,2.25,2015-02-09
25618,2015-04-08 13:59:00,2015-04-08,0.64,0.0,0.0,1103.0,0.64,0.64,0.64,10000012,2015-04-22,2015-04-22,C,2.25,2015-02-09
25619,2015-04-08 14:00:00,2015-04-08,0.64,0.0,0.0,1103.0,0.64,0.64,0.64,10000012,2015-04-22,2015-04-22,C,2.25,2015-02-09
25620,2015-04-08 14:01:00,2015-04-08,0.64,0.0,0.0,1103.0,0.64,0.64,0.64,10000012,2015-04-22,2015-04-22,C,2.25,2015-02-09
25621,2015-04-08 14:02:00,2015-04-08,0.64,0.0,0.0,1103.0,0.64,0.64,0.64,10000012,2015-04-22,2015-04-22,C,2.25,2015-02-09
25622,2015-04-08 14:03:00,2015-04-08,0.6466,32330.0,5.0,1098.0,0.6466,0.6466,0.6466,10000012,2015-04-22,2015-04-22,C,2.25,2015-02-09
25623,2015-04-08 14:04:00,2015-04-08,0.6466,0.0,0.0,1098.0,0.6466,0.6466,0.6466,10000012,2015-04-22,2015-04-22,C,2.25,2015-02-09
25624,2015-04-08 14:05:00,2015-04-08,0.6466,0.0,0.0,1098.0,0.6466,0.6466,0.6466,10000012,2015-04-22,2015-04-22,C,2.25,2015-02-09
25625,2015-04-08 14:06:00,2015-04-08,0.6466,0.0,0.0,1098.0,0.6466,0.6466,0.6466,10000012,2015-04-22,2015-04-22,C,2.25,2015-02-09
25626,2015-04-08 14:07:00,2015-04-08,0.6466,0.0,0.0,1098.0,0.6466,0.6466,0.6466,10000012,2015-04-22,2015-04-22,C,2.25,2015-02-09
25627,2015-04-08 14:08:00,2015-04-08,0.6466,0.0,0.0,1098.0,0.6466,0.6466,0.6466,10000012,2015-04-22,2015-04-22,C,2.25,2015-02-09
25628,2015-04-08 14:09:00,2015-04-08,0.6496,6496.0,1.0,1098.0,0.6496,0.6496,0.6496,10000012,2015-04-22,2015-04-22,C,2.25,2015-02-09
25629,2015-04-08 14:10:00,2015-04-08,0.6496,0.0,0.0,1098.0,0.6496,0.6496,0.6496,10000012,2015-04-22,2015-04-22,C,2.25,2015-02-09
25630,2015-04-08 14:11:00,2015-04-08,0.6523,6523.0,1.0,1097.0,0.6523,0.6523,0.6523,10000012,2015-04-22,2015-04-22,C,2.25,2015-02-09
25631,2015-04-08 14:12:00,2015-04-08,0.6523,0.0,0.0,1097.0,0.6523,0.6523,0.6523,10000012,2015-04-22,2015-04-22,C,2.25,2015-02-09
25632,2015-04-08 14:13:00,2015-04-08,0.6523,0.0,0.0,1097.0,0.6523,0.6523,0.6523,10000012,2015-04-22,2015-04-22,C,2.25,2015-02-09
25633,2015-04-08 14:14:00,2015-04-08,0.6523,0.0,0.0,1097.0,0.6523,0.6523,0.6523,10000012,2015-04-22,2015-04-22,C,2.25,2015-02-09
25634,2015-04-08 14:15:00,2015-04-08,0.6523,0.0,0.0,1097.0,0.6523,0.6523,0.6523,10000012,2015-04-22,2015-04-22,C,2.25,2015-02-09
25635,2015-04-08 14:16:00,2015-04-08,0.6523,0.0,0.0,1097.0,0.6523,0.6523,0.6523,10000012,2015-04-22,2015-04-22,C,2.25,2015-02-09
25636,2015-04-08 14:17:00,2015-04-08,0.6523,0.0,0.0,1097.0,0.6523,0.6523,0.6523,10000012,2015-04-22,2015-04-22,C,2.25,2015-02-09
25637,2015-04-08 14:18:00,2015-04-08,0.6523,0.0,0.0,1097.0,0.6523,0.6523,0.6523,10000012,2015-04-22,2015-04-22,C,2.25,2015-02-09
25638,2015-04-08 14:19:00,2015-04-08,0.636,31800.0,5.0,1092.0,0.636,0.636,0.636,10000012,2015-04-22,2015-04-22,C,2.25,2015-02-09
25639,2015-04-08 14:20:00,2015-04-08,0.636,0.0,0.0,1092.0,0.636,0.636,0.636,10000012,2015-04-22,2015-04-22,C,2.25,2015-02-09
25640,2015-04-08 14:21:00,2015-04-08,0.636,0.0,0.0,1092.0,0.636,0.636,0.636,10000012,2015-04-22,2015-04-22,C,2.25,2015-02-09
25641,2015-04-08 14:22:00,2015-04-08,0.636,0.0,0.0,1092.0,0.636,0.636,0.636,10000012,2015-04-22,2015-04-22,C,2.25,2015-02-09
25642,2015-04-08 14:23:00,2015-04-08,0.636,0.0,0.0,1092.0,0.636,0.636,0.636,10000012,2015-04-22,2015-04-22,C,2.25,2015-02-09
25643,2015-04-08 14:24:00,2015-04-08,0.636,0.0,0.0,1092.0,0.636,0.636,0.636,10000012,2015-04-22,2015-04-22,C,2.25,2015-02-09
25644,2015-04-08 14:25:00,2015-04-08,0.636,0.0,0.0,1092.0,0.636,0.636,0.636,10000012,2015-04-22,2015-04-22,C,2.25,2015-02-09
25645,2015-04-08 14:26:00,2015-04-08,0.636,0.0,0.0,1092.0,0.636,0.636,0.636,10000012,2015-04-22,2015-04-22,C,2.25,2015-02-09
25646,2015-04-08 14:27:00,2015-04-08,0.636,0.0,0.0,1092.0,0.636,0.636,0.636,10000012,2015-04-22,2015-04-22,C,2.25,2015-02-09
25647,2015-04-08 14:28:00,2015-04-08,0.636,0.0,0.0,1092.0,0.636,0.636,0.636,10000012,2015-04-22,2015-04-22,C,2.25,2015-02-09
25648,2015-04-08 14:29:00,2015-04-08,0.636,0.0,0.0,1092.0,0.636,0.636,0.636,10000012,2015-04-22,2015-04-22,C,2.25,2015-02-09
25649,2015-04-08 14:30:00,2015-04-08,0.636,0.0,0.0,1092.0,0.636,0.636,0.636,10000012,2015-04-22,2015-04-22,C,2.25,2015-02-09
25650,2015-04-08 14:31:00,2015-04-08,0.636,0.0,0.0,1092.0,0.636,0.636,0.636,10000012,2015-04-22,2015-04-22,C,2.25,2015-02-09
25651,2015-04-08 14:32:00,2015-04-08,0.636,0.0,0.0,1092.0,0.636,0.636,0.636,10000012,2015-04-22,2015-04-22,C,2.25,2015-02-09
25652,2015-04-08 14:33:00,2015-04-08,0.636,0.0,0.0,1092.0,0.636,0.636,0.636,10000012,2015-04-22,2015-04-22,C,2.25,2015-02-09
25653,2015-04-08 14:34:00,2015-04-08,0.6354,19062.0,3.0,1092.0,0.6354,0.6354,0.6354,10000012,2015-04-22,2015-04-22,C,2.25,2015-02-09
25654,2015-04-08 14:35:00,2015-04-08,0.6354,0.0,0.0,1092.0,0.6354,0.6354,0.6354,10000012,2015-04-22,2015-04-22,C,2.25,2015-02-09
25655,2015-04-08 14:36:00,2015-04-08,0.6354,0.0,0.0,1092.0,0.6354,0.6354,0.6354,10000012,2015-04-22,2015-04-22,C,2.25,2015-02-09
25656,2015-04-08 14:37:00,2015-04-08,0.6354,0.0,0.0,1092.0,0.6354,0.6354,0.6354,10000012,2015-04-22,2015-04-22,C,2.25,2015-02-09
25657,2015-04-08 14:38:00,2015-04-08,0.6354,0.0,0.0,1092.0,0.6354,0.6354,0.6354,10000012,2015-04-22,2015-04-22,C,2.25,2015-02-09
25658,2015-04-08 14:39:00,2015-04-08,0.6354,0.0,0.0,1092.0,0.6354,0.6354,0.6354,10000012,2015-04-22,2015-04-22,C,2.25,2015-02-09
25659,2015-04-08 14:40:00,2015-04-08,0.6354,0.0,0.0,1092.0,0.6354,0.6354,0.6354,10000012,2015-04-22,2015-04-22,C,2.25,2015-02-09
25660,2015-04-08 14:41:00,2015-04-08,0.6354,0.0,0.0,1092.0,0.6354,0.6354,0.6354,10000012,2015-04-22,2015-04-22,C,2.25,2015-02-09
25661,2015-04-08 14:42:00,2015-04-08,0.6354,0.0,0.0,1092.0,0.6354,0.6354,0.6354,10000012,2015-04-22,2015-04-22,C,2.25,2015-02-09
25662,2015-04-08 14:43:00,2015-04-08,0.6354,0.0,0.0,1092.0,0.6354,0.6354,0.6354,10000012,2015-04-22,2015-04-22,C,2.25,2015-02-09
25663,2015-04-08 14:44:00,2015-04-08,0.6442,6442.0,1.0,1093.0,0.6442,0.6442,0.6442,10000012,2015-04-22,2015-04-22,C,2.25,2015-02-09
25664,2015-04-08 14:45:00,2015-04-08,0.6442,0.0,0.0,1093.0,0.6442,0.6442,0.6442,10000012,2015-04-22,2015-04-22,C,2.25,2015-02-09
25665,2015-04-08 14:46:00,2015-04-08,0.6442,0.0,0.0,1093.0,0.6442,0.6442,0.6442,10000012,2015-04-22,2015-04-22,C,2.25,2015-02-09
25666,2015-04-08 14:47:00,2015-04-08,0.6442,0.0,0.0,1093.0,0.6442,0.6442,0.6442,10000012,2015-04-22,2015-04-22,C,2.25,2015-02-09
25667,2015-04-08 14:48:00,2015-04-08,0.6442,0.0,0.0,1093.0,0.6442,0.6442,0.6442,10000012,2015-04-22,2015-04-22,C,2.25,2015-02-09
25668,2015-04-08 14:49:00,2015-04-08,0.6442,0.0,0.0,1093.0,0.6442,0.6442,0.6442,10000012,2015-04-22,2015-04-22,C,2.25,2015-02-09
25669,2015-04-08 14:50:00,2015-04-08,0.6442,0.0,0.0,1093.0,0.6442,0.6442,0.6442,10000012,2015-04-22,2015-04-22,C,2.25,2015-02-09
25670,2015-04-08 14:51:00,2015-04-08,0.6442,0.0,0.0,1093.0,0.6442,0.6442,0.6442,10000012,2015-04-22,2015-04-22,C,2.25,2015-02-09
25671,2015-04-08 14:52:00,2015-04-08,0.6442,0.0,0.0,1093.0,0.6442,0.6442,0.6442,10000012,2015-04-22,2015-04-22,C,2.25,2015-02-09
25672,2015-04-08 14:53:00,2015-04-08,0.6442,0.0,0.0,1093.0,0.6442,0.6442,0.6442,10000012,2015-04-22,2015-04-22,C,2.25,2015-02-09
25673,2015-04-08 14:54:00,2015-04-08,0.6442,0.0,0.0,1093.0,0.6442,0.6442,0.6442,10000012,2015-04-22,2015-04-22,C,2.25,2015-02-09
25674,2015-04-08 14:55:00,2015-04-08,0.6442,0.0,0.0,1093.0,0.6442,0.6442,0.6442,10000012,2015-04-22,2015-04-22,C,2.25,2015-02-09
25675,2015-04-08 14:56:00,2015-04-08,0.6442,0.0,0.0,1093.0,0.6442,0.6442,0.6442,10000012,2015-04-22,2015-04-22,C,2.25,2015-02-09
25676,2015-04-08 14:57:00,2015-04-08,0.6442,0.0,0.0,1093.0,0.6442,0.6442,0.6442,10000012,2015-04-22,2015-04-22,C,2.25,2015-02-09
25677,2015-04-08 14:58:00,2015-04-08,0.6442,0.0,0.0,1093.0,0.6442,0.6442,0.6442,10000012,2015-04-22,2015-04-22,C,2.25,2015-02-09
25678,2015-04-08 14:59:00,2015-04-08,0.6442,0.0,0.0,1093.0,0.6442,0.6442,0.6442,10000012,2015-04-22,2015-04-22,C,2.25,2015-02-09
25679,2015-04-08 15:00:00,2015-04-08,0.6442,0.0,0.0,1093.0,0.6442,0.6442,0.6442,10000012,2015-04-22,2015-04-22,C,2.25,2015-02-09
25680,2015-04-08 09:31:00,2015-04-08,0.0712,0.0,0.0,0.0,0.0712,0.0712,0.0712,10000048,2015-09-23,2015-09-23,P,2.45,2015-02-10
25681,2015-04-08 09:32:00,2015-04-08,0.0712,0.0,0.0,0.0,0.0712,0.0712,0.0712,10000048,2015-09-23,2015-09-23,P,2.45,2015-02-10
25682,2015-04-08 09:33:00,2015-04-08,0.0712,0.0,0.0,0.0,0.0712,0.0712,0.0712,10000048,2015-09-23,2015-09-23,P,2.45,2015-02-10
25683,2015-04-08 09:34:00,2015-04-08,0.0712,0.0,0.0,0.0,0.0712,0.0712,0.0712,10000048,2015-09-23,2015-09-23,P,2.45,2015-02-10
25684,2015-04-08 09:35:00,2015-04-08,0.0712,0.0,0.0,0.0,0.0712,0.0712,0.0712,10000048,2015-09-23,2015-09-23,P,2.45,2015-02-10
25685,2015-04-08 09:36:00,2015-04-08,0.0712,0.0,0.0,0.0,0.0712,0.0712,0.0712,10000048,2015-09-23,2015-09-23,P,2.45,2015-02-10
25686,2015-04-08 09:37:00,2015-04-08,0.0712,0.0,0.0,0.0,0.0712,0.0712,0.0712,10000048,2015-09-23,2015-09-23,P,2.45,2015-02-10
25687,2015-04-08 09:38:00,2015-04-08,0.0712,0.0,0.0,0.0,0.0712,0.0712,0.0712,10000048,2015-09-23,2015-09-23,P,2.45,2015-02-10
25688,2015-04-08 09:39:00,2015-04-08,0.0712,0.0,0.0,0.0,0.0712,0.0712,0.0712,10000048,2015-09-23,2015-09-23,P,2.45,2015-02-10
25689,2015-04-08 09:40:00,2015-04-08,0.0712,0.0,0.0,0.0,0.0712,0.0712,0.0712,10000048,2015-09-23,2015-09-23,P,2.45,2015-02-10
25690,2015-04-08 09:41:00,2015-04-08,0.0712,0.0,0.0,0.0,0.0712,0.0712,0.0712,10000048,2015-09-23,2015-09-23,P,2.45,2015-02-10
25691,2015-04-08 09:42:00,2015-04-08,0.0712,0.0,0.0,0.0,0.0712,0.0712,0.0712,10000048,2015-09-23,2015-09-23,P,2.45,2015-02-10
25692,2015-04-08 09:43:00,2015-04-08,0.0712,0.0,0.0,0.0,0.0712,0.0712,0.0712,10000048,2015-09-23,2015-09-23,P,2.45,2015-02-10
25693,2015-04-08 09:44:00,2015-04-08,0.0712,0.0,0.0,0.0,0.0712,0.0712,0.0712,10000048,2015-09-23,2015-09-23,P,2.45,2015-02-10
25694,2015-04-08 09:45:00,2015-04-08,0.0712,0.0,0.0,0.0,0.0712,0.0712,0.0712,10000048,2015-09-23,2015-09-23,P,2.45,2015-02-10
25695,2015-04-08 09:46:00,2015-04-08,0.0712,0.0,0.0,0.0,0.0712,0.0712,0.0712,10000048,2015-09-23,2015-09-23,P,2.45,2015-02-10
25696,2015-04-08 09:47:00,2015-04-08,0.0712,0.0,0.0,0.0,0.0712,0.0712,0.0712,10000048,2015-09-23,2015-09-23,P,2.45,2015-02-10
25697,2015-04-08 09:48:00,2015-04-08,0.0712,0.0,0.0,0.0,0.0712,0.0712,0.0712,10000048,2015-09-23,2015-09-23,P,2.45,2015-02-10
25698,2015-04-08 09:49:00,2015-04-08,0.0712,0.0,0.0,0.0,0.0712,0.0712,0.0712,10000048,2015-09-23,2015-09-23,P,2.45,2015-02-10
25699,2015-04-08 09:50:00,2015-04-08,0.0712,0.0,0.0,0.0,0.0712,0.0712,0.0712,10000048,2015-09-23,2015-09-23,P,2.45,2015-02-10
25700,2015-04-08 09:51:00,2015-04-08,0.0712,0.0,0.0,0.0,0.0712,0.0712,0.0712,10000048,2015-09-23,2015-09-23,P,2.45,2015-02-10
25701,2015-04-08 09:52:00,2015-04-08,0.0712,0.0,0.0,0.0,0.0712,0.0712,0.0712,10000048,2015-09-23,2015-09-23,P,2.45,2015-02-10
25702,2015-04-08 09:53:00,2015-04-08,0.0712,0.0,0.0,0.0,0.0712,0.0712,0.0712,10000048,2015-09-23,2015-09-23,P,2.45,2015-02-10
25703,2015-04-08 09:54:00,2015-04-08,0.0712,0.0,0.0,0.0,0.0712,0.0712,0.0712,10000048,2015-09-23,2015-09-23,P,2.45,2015-02-10
25704,2015-04-08 09:55:00,2015-04-08,0.0712,0.0,0.0,0.0,0.0712,0.0712,0.0712,10000048,2015-09-23,2015-09-23,P,2.45,2015-02-10
25705,2015-04-08 09:56:00,2015-04-08,0.0712,0.0,0.0,0.0,0.0712,0.0712,0.0712,10000048,2015-09-23,2015-09-23,P,2.45,2015-02-10
25706,2015-04-08 09:57:00,2015-04-08,0.0712,0.0,0.0,0.0,0.0712,0.0712,0.0712,10000048,2015-09-23,2015-09-23,P,2.45,2015-02-10
25707,2015-04-08 09:58:00,2015-04-08,0.0712,0.0,0.0,0.0,0.0712,0.0712,0.0712,10000048,2015-09-23,2015-09-23,P,2.45,2015-02-10
25708,2015-04-08 09:59:00,2015-04-08,0.0712,0.0,0.0,0.0,0.0712,0.0712,0.0712,10000048,2015-09-23,2015-09-23,P,2.45,2015-02-10
25709,2015-04-08 10:00:00,2015-04-08,0.0712,0.0,0.0,0.0,0.0712,0.0712,0.0712,10000048,2015-09-23,2015-09-23,P,2.45,2015-02-10
25710,2015-04-08 10:01:00,2015-04-08,0.0712,0.0,0.0,0.0,0.0712,0.0712,0.0712,10000048,2015-09-23,2015-09-23,P,2.45,2015-02-10
25711,2015-04-08 10:02:00,2015-04-08,0.0712,0.0,0.0,0.0,0.0712,0.0712,0.0712,10000048,2015-09-23,2015-09-23,P,2.45,2015-02-10
25712,2015-04-08 10:03:00,2015-04-08,0.0712,0.0,0.0,0.0,0.0712,0.0712,0.0712,10000048,2015-09-23,2015-09-23,P,2.45,2015-02-10
25713,2015-04-08 10:04:00,2015-04-08,0.0712,0.0,0.0,0.0,0.0712,0.0712,0.0712,10000048,2015-09-23,2015-09-23,P,2.45,2015-02-10
25714,2015-04-08 10:05:00,2015-04-08,0.0712,0.0,0.0,0.0,0.0712,0.0712,0.0712,10000048,2015-09-23,2015-09-23,P,2.45,2015-02-10
25715,2015-04-08 10:06:00,2015-04-08,0.0712,0.0,0.0,0.0,0.0712,0.0712,0.0712,10000048,2015-09-23,2015-09-23,P,2.45,2015-02-10
25716,2015-04-08 10:07:00,2015-04-08,0.0712,0.0,0.0,0.0,0.0712,0.0712,0.0712,10000048,2015-09-23,2015-09-23,P,2.45,2015-02-10
25717,2015-04-08 10:08:00,2015-04-08,0.0712,0.0,0.0,0.0,0.0712,0.0712,0.0712,10000048,2015-09-23,2015-09-23,P,2.45,2015-02-10
25718,2015-04-08 10:09:00,2015-04-08,0.0712,0.0,0.0,0.0,0.0712,0.0712,0.0712,10000048,2015-09-23,2015-09-23,P,2.45,2015-02-10
25719,2015-04-08 10:10:00,2015-04-08,0.0712,0.0,0.0,0.0,0.0712,0.0712,0.0712,10000048,2015-09-23,2015-09-23,P,2.45,2015-02-10
25720,2015-04-08 10:11:00,2015-04-08,0.0712,0.0,0.0,0.0,0.0712,0.0712,0.0712,10000048,2015-09-23,2015-09-23,P,2.45,2015-02-10
25721,2015-04-08 10:12:00,2015-04-08,0.0712,0.0,0.0,0.0,0.0712,0.0712,0.0712,10000048,2015-09-23,2015-09-23,P,2.45,2015-02-10
25722,2015-04-08 10:13:00,2015-04-08,0.0712,0.0,0.0,0.0,0.0712,0.0712,0.0712,10000048,2015-09-23,2015-09-23,P,2.45,2015-02-10
25723,2015-04-08 10:14:00,2015-04-08,0.0712,0.0,0.0,0.0,0.0712,0.0712,0.0712,10000048,2015-09-23,2015-09-23,P,2.45,2015-02-10
25724,2015-04-08 10:15:00,2015-04-08,0.0712,0.0,0.0,0.0,0.0712,0.0712,0.0712,10000048,2015-09-23,2015-09-23,P,2.45,2015-02-10
25725,2015-04-08 10:16:00,2015-04-08,0.0712,0.0,0.0,0.0,0.0712,0.0712,0.0712,10000048,2015-09-23,2015-09-23,P,2.45,2015-02-10
25726,2015-04-08 10:17:00,2015-04-08,0.0712,0.0,0.0,0.0,0.0712,0.0712,0.0712,10000048,2015-09-23,2015-09-23,P,2.45,2015-02-10
25727,2015-04-08 10:18:00,2015-04-08,0.0712,0.0,0.0,0.0,0.0712,0.0712,0.0712,10000048,2015-09-23,2015-09-23,P,2.45,2015-02-10
25728,2015-04-08 10:19:00,2015-04-08,0.0712,0.0,0.0,0.0,0.0712,0.0712,0.0712,10000048,2015-09-23,2015-09-23,P,2.45,2015-02-10
25729,2015-04-08 10:20:00,2015-04-08,0.0712,0.0,0.0,0.0,0.0712,0.0712,0.0712,10000048,2015-09-23,2015-09-23,P,2.45,2015-02-10
25730,2015-04-08 10:21:00,2015-04-08,0.0712,0.0,0.0,0.0,0.0712,0.0712,0.0712,10000048,2015-09-23,2015-09-23,P,2.45,2015-02-10
25731,2015-04-08 10:22:00,2015-04-08,0.0712,0.0,0.0,0.0,0.0712,0.0712,0.0712,10000048,2015-09-23,2015-09-23,P,2.45,2015-02-10
25732,2015-04-08 10:23:00,2015-04-08,0.0712,0.0,0.0,0.0,0.0712,0.0712,0.0712,10000048,2015-09-23,2015-09-23,P,2.45,2015-02-10
25733,2015-04-08 10:24:00,2015-04-08,0.0712,0.0,0.0,0.0,0.0712,0.0712,0.0712,10000048,2015-09-23,2015-09-23,P,2.45,2015-02-10
25734,2015-04-08 10:25:00,2015-04-08,0.0712,0.0,0.0,0.0,0.0712,0.0712,0.0712,10000048,2015-09-23,2015-09-23,P,2.45,2015-02-10
25735,2015-04-08 10:26:00,2015-04-08,0.0712,0.0,0.0,0.0,0.0712,0.0712,0.0712,10000048,2015-09-23,2015-09-23,P,2.45,2015-02-10
25736,2015-04-08 10:27:00,2015-04-08,0.0712,0.0,0.0,0.0,0.0712,0.0712,0.0712,10000048,2015-09-23,2015-09-23,P,2.45,2015-02-10
25737,2015-04-08 10:28:00,2015-04-08,0.0712,0.0,0.0,0.0,0.0712,0.0712,0.0712,10000048,2015-09-23,2015-09-23,P,2.45,2015-02-10
25738,2015-04-08 10:29:00,2015-04-08,0.0712,0.0,0.0,0.0,0.0712,0.0712,0.0712,10000048,2015-09-23,2015-09-23,P,2.45,2015-02-10
25739,2015-04-08 10:30:00,2015-04-08,0.0712,0.0,0.0,0.0,0.0712,0.0712,0.0712,10000048,2015-09-23,2015-09-23,P,2.45,2015-02-10
25740,2015-04-08 10:31:00,2015-04-08,0.0712,0.0,0.0,0.0,0.0712,0.0712,0.0712,10000048,2015-09-23,2015-09-23,P,2.45,2015-02-10
25741,2015-04-08 10:32:00,2015-04-08,0.0712,0.0,0.0,0.0,0.0712,0.0712,0.0712,10000048,2015-09-23,2015-09-23,P,2.45,2015-02-10
25742,2015-04-08 10:33:00,2015-04-08,0.0712,0.0,0.0,0.0,0.0712,0.0712,0.0712,10000048,2015-09-23,2015-09-23,P,2.45,2015-02-10
25743,2015-04-08 10:34:00,2015-04-08,0.0712,0.0,0.0,0.0,0.0712,0.0712,0.0712,10000048,2015-09-23,2015-09-23,P,2.45,2015-02-10
25744,2015-04-08 10:35:00,2015-04-08,0.0712,0.0,0.0,0.0,0.0712,0.0712,0.0712,10000048,2015-09-23,2015-09-23,P,2.45,2015-02-10
25745,2015-04-08 10:36:00,2015-04-08,0.0712,0.0,0.0,0.0,0.0712,0.0712,0.0712,10000048,2015-09-23,2015-09-23,P,2.45,2015-02-10
25746,2015-04-08 10:37:00,2015-04-08,0.0712,0.0,0.0,0.0,0.0712,0.0712,0.0712,10000048,2015-09-23,2015-09-23,P,2.45,2015-02-10
25747,2015-04-08 10:38:00,2015-04-08,0.0712,0.0,0.0,0.0,0.0712,0.0712,0.0712,10000048,2015-09-23,2015-09-23,P,2.45,2015-02-10
25748,2015-04-08 10:39:00,2015-04-08,0.0712,0.0,0.0,0.0,0.0712,0.0712,0.0712,10000048,2015-09-23,2015-09-23,P,2.45,2015-02-10
25749,2015-04-08 10:40:00,2015-04-08,0.0712,0.0,0.0,0.0,0.0712,0.0712,0.0712,10000048,2015-09-23,2015-09-23,P,2.45,2015-02-10
25750,2015-04-08 10:41:00,2015-04-08,0.0712,0.0,0.0,0.0,0.0712,0.0712,0.0712,10000048,2015-09-23,2015-09-23,P,2.45,2015-02-10
25751,2015-04-08 10:42:00,2015-04-08,0.0712,0.0,0.0,0.0,0.0712,0.0712,0.0712,10000048,2015-09-23,2015-09-23,P,2.45,2015-02-10
25752,2015-04-08 10:43:00,2015-04-08,0.0712,0.0,0.0,0.0,0.0712,0.0712,0.0712,10000048,2015-09-23,2015-09-23,P,2.45,2015-02-10
25753,2015-04-08 10:44:00,2015-04-08,0.0712,0.0,0.0,0.0,0.0712,0.0712,0.0712,10000048,2015-09-23,2015-09-23,P,2.45,2015-02-10
25754,2015-04-08 10:45:00,2015-04-08,0.0712,0.0,0.0,0.0,0.0712,0.0712,0.0712,10000048,2015-09-23,2015-09-23,P,2.45,2015-02-10
25755,2015-04-08 10:46:00,2015-04-08,0.0712,0.0,0.0,0.0,0.0712,0.0712,0.0712,10000048,2015-09-23,2015-09-23,P,2.45,2015-02-10
25756,2015-04-08 10:47:00,2015-04-08,0.0712,0.0,0.0,0.0,0.0712,0.0712,0.0712,10000048,2015-09-23,2015-09-23,P,2.45,2015-02-10
25757,2015-04-08 10:48:00,2015-04-08,0.0712,0.0,0.0,0.0,0.0712,0.0712,0.0712,10000048,2015-09-23,2015-09-23,P,2.45,2015-02-10
25758,2015-04-08 10:49:00,2015-04-08,0.0712,0.0,0.0,0.0,0.0712,0.0712,0.0712,10000048,2015-09-23,2015-09-23,P,2.45,2015-02-10
25759,2015-04-08 10:50:00,2015-04-08,0.0712,0.0,0.0,0.0,0.0712,0.0712,0.0712,10000048,2015-09-23,2015-09-23,P,2.45,2015-02-10
25760,2015-04-08 10:51:00,2015-04-08,0.0712,0.0,0.0,0.0,0.0712,0.0712,0.0712,10000048,2015-09-23,2015-09-23,P,2.45,2015-02-10
25761,2015-04-08 10:52:00,2015-04-08,0.0712,0.0,0.0,0.0,0.0712,0.0712,0.0712,10000048,2015-09-23,2015-09-23,P,2.45,2015-02-10
25762,2015-04-08 10:53:00,2015-04-08,0.0712,0.0,0.0,0.0,0.0712,0.0712,0.0712,10000048,2015-09-23,2015-09-23,P,2.45,2015-02-10
25763,2015-04-08 10:54:00,2015-04-08,0.0712,0.0,0.0,0.0,0.0712,0.0712,0.0712,10000048,2015-09-23,2015-09-23,P,2.45,2015-02-10
25764,2015-04-08 10:55:00,2015-04-08,0.0712,0.0,0.0,0.0,0.0712,0.0712,0.0712,10000048,2015-09-23,2015-09-23,P,2.45,2015-02-10
25765,2015-04-08 10:56:00,2015-04-08,0.0712,0.0,0.0,0.0,0.0712,0.0712,0.0712,10000048,2015-09-23,2015-09-23,P,2.45,2015-02-10
25766,2015-04-08 10:57:00,2015-04-08,0.0712,0.0,0.0,0.0,0.0712,0.0712,0.0712,10000048,2015-09-23,2015-09-23,P,2.45,2015-02-10
25767,2015-04-08 10:58:00,2015-04-08,0.0712,0.0,0.0,0.0,0.0712,0.0712,0.0712,10000048,2015-09-23,2015-09-23,P,2.45,2015-02-10
25768,2015-04-08 10:59:00,2015-04-08,0.0712,0.0,0.0,0.0,0.0712,0.0712,0.0712,10000048,2015-09-23,2015-09-23,P,2.45,2015-02-10
25769,2015-04-08 11:00:00,2015-04-08,0.0712,0.0,0.0,0.0,0.0712,0.0712,0.0712,10000048,2015-09-23,2015-09-23,P,2.45,2015-02-10
25770,2015-04-08 11:01:00,2015-04-08,0.0712,0.0,0.0,0.0,0.0712,0.0712,0.0712,10000048,2015-09-23,2015-09-23,P,2.45,2015-02-10
25771,2015-04-08 11:02:00,2015-04-08,0.0712,0.0,0.0,0.0,0.0712,0.0712,0.0712,10000048,2015-09-23,2015-09-23,P,2.45,2015-02-10
25772,2015-04-08 11:03:00,2015-04-08,0.0712,0.0,0.0,0.0,0.0712,0.0712,0.0712,10000048,2015-09-23,2015-09-23,P,2.45,2015-02-10
25773,2015-04-08 11:04:00,2015-04-08,0.0712,0.0,0.0,0.0,0.0712,0.0712,0.0712,10000048,2015-09-23,2015-09-23,P,2.45,2015-02-10
25774,2015-04-08 11:05:00,2015-04-08,0.0712,0.0,0.0,0.0,0.0712,0.0712,0.0712,10000048,2015-09-23,2015-09-23,P,2.45,2015-02-10
25775,2015-04-08 11:06:00,2015-04-08,0.0712,0.0,0.0,0.0,0.0712,0.0712,0.0712,10000048,2015-09-23,2015-09-23,P,2.45,2015-02-10
25776,2015-04-08 11:07:00,2015-04-08,0.0712,0.0,0.0,0.0,0.0712,0.0712,0.0712,10000048,2015-09-23,2015-09-23,P,2.45,2015-02-10
25777,2015-04-08 11:08:00,2015-04-08,0.0712,0.0,0.0,0.0,0.0712,0.0712,0.0712,10000048,2015-09-23,2015-09-23,P,2.45,2015-02-10
25778,2015-04-08 11:09:00,2015-04-08,0.0712,0.0,0.0,0.0,0.0712,0.0712,0.0712,10000048,2015-09-23,2015-09-23,P,2.45,2015-02-10
25779,2015-04-08 11:10:00,2015-04-08,0.0712,0.0,0.0,0.0,0.0712,0.0712,0.0712,10000048,2015-09-23,2015-09-23,P,2.45,2015-02-10
25780,2015-04-08 11:11:00,2015-04-08,0.0712,0.0,0.0,0.0,0.0712,0.0712,0.0712,10000048,2015-09-23,2015-09-23,P,2.45,2015-02-10
25781,2015-04-08 11:12:00,2015-04-08,0.0712,0.0,0.0,0.0,0.0712,0.0712,0.0712,10000048,2015-09-23,2015-09-23,P,2.45,2015-02-10
25782,2015-04-08 11:13:00,2015-04-08,0.0712,0.0,0.0,0.0,0.0712,0.0712,0.0712,10000048,2015-09-23,2015-09-23,P,2.45,2015-02-10
25783,2015-04-08 11:14:00,2015-04-08,0.0712,0.0,0.0,0.0,0.0712,0.0712,0.0712,10000048,2015-09-23,2015-09-23,P,2.45,2015-02-10
25784,2015-04-08 11:15:00,2015-04-08,0.0712,0.0,0.0,0.0,0.0712,0.0712,0.0712,10000048,2015-09-23,2015-09-23,P,2.45,2015-02-10
25785,2015-04-08 11:16:00,2015-04-08,0.0712,0.0,0.0,0.0,0.0712,0.0712,0.0712,10000048,2015-09-23,2015-09-23,P,2.45,2015-02-10
25786,2015-04-08 11:17:00,2015-04-08,0.0712,0.0,0.0,0.0,0.0712,0.0712,0.0712,10000048,2015-09-23,2015-09-23,P,2.45,2015-02-10
25787,2015-04-08 11:18:00,2015-04-08,0.0712,0.0,0.0,0.0,0.0712,0.0712,0.0712,10000048,2015-09-23,2015-09-23,P,2.45,2015-02-10
25788,2015-04-08 11:19:00,2015-04-08,0.0712,0.0,0.0,0.0,0.0712,0.0712,0.0712,10000048,2015-09-23,2015-09-23,P,2.45,2015-02-10
25789,2015-04-08 11:20:00,2015-04-08,0.0712,0.0,0.0,0.0,0.0712,0.0712,0.0712,10000048,2015-09-23,2015-09-23,P,2.45,2015-02-10
25790,2015-04-08 11:21:00,2015-04-08,0.0712,0.0,0.0,0.0,0.0712,0.0712,0.0712,10000048,2015-09-23,2015-09-23,P,2.45,2015-02-10
25791,2015-04-08 11:22:00,2015-04-08,0.0712,0.0,0.0,0.0,0.0712,0.0712,0.0712,10000048,2015-09-23,2015-09-23,P,2.45,2015-02-10
25792,2015-04-08 11:23:00,2015-04-08,0.0712,0.0,0.0,0.0,0.0712,0.0712,0.0712,10000048,2015-09-23,2015-09-23,P,2.45,2015-02-10
25793,2015-04-08 11:24:00,2015-04-08,0.0712,0.0,0.0,0.0,0.0712,0.0712,0.0712,10000048,2015-09-23,2015-09-23,P,2.45,2015-02-10
25794,2015-04-08 11:25:00,2015-04-08,0.0712,0.0,0.0,0.0,0.0712,0.0712,0.0712,10000048,2015-09-23,2015-09-23,P,2.45,2015-02-10
25795,2015-04-08 11:26:00,2015-04-08,0.0712,0.0,0.0,0.0,0.0712,0.0712,0.0712,10000048,2015-09-23,2015-09-23,P,2.45,2015-02-10
25796,2015-04-08 11:27:00,2015-04-08,0.0712,0.0,0.0,0.0,0.0712,0.0712,0.0712,10000048,2015-09-23,2015-09-23,P,2.45,2015-02-10
25797,2015-04-08 11:28:00,2015-04-08,0.0712,0.0,0.0,0.0,0.0712,0.0712,0.0712,10000048,2015-09-23,2015-09-23,P,2.45,2015-02-10
25798,2015-04-08 11:29:00,2015-04-08,0.0712,0.0,0.0,0.0,0.0712,0.0712,0.0712,10000048,2015-09-23,2015-09-23,P,2.45,2015-02-10
25799,2015-04-08 11:30:00,2015-04-08,0.0712,0.0,0.0,0.0,0.0712,0.0712,0.0712,10000048,2015-09-23,2015-09-23,P,2.45,2015-02-10
25800,2015-04-08 13:01:00,2015-04-08,0.0712,0.0,0.0,0.0,0.0712,0.0712,0.0712,10000048,2015-09-23,2015-09-23,P,2.45,2015-02-10
25801,2015-04-08 13:02:00,2015-04-08,0.0712,0.0,0.0,0.0,0.0712,0.0712,0.0712,10000048,2015-09-23,2015-09-23,P,2.45,2015-02-10
25802,2015-04-08 13:03:00,2015-04-08,0.0712,0.0,0.0,0.0,0.0712,0.0712,0.0712,10000048,2015-09-23,2015-09-23,P,2.45,2015-02-10
25803,2015-04-08 13:04:00,2015-04-08,0.0712,0.0,0.0,0.0,0.0712,0.0712,0.0712,10000048,2015-09-23,2015-09-23,P,2.45,2015-02-10
25804,2015-04-08 13:05:00,2015-04-08,0.0712,0.0,0.0,0.0,0.0712,0.0712,0.0712,10000048,2015-09-23,2015-09-23,P,2.45,2015-02-10
25805,2015-04-08 13:06:00,2015-04-08,0.0712,0.0,0.0,0.0,0.0712,0.0712,0.0712,10000048,2015-09-23,2015-09-23,P,2.45,2015-02-10
25806,2015-04-08 13:07:00,2015-04-08,0.0712,0.0,0.0,0.0,0.0712,0.0712,0.0712,10000048,2015-09-23,2015-09-23,P,2.45,2015-02-10
25807,2015-04-08 13:08:00,2015-04-08,0.0712,0.0,0.0,0.0,0.0712,0.0712,0.0712,10000048,2015-09-23,2015-09-23,P,2.45,2015-02-10
25808,2015-04-08 13:09:00,2015-04-08,0.0712,0.0,0.0,0.0,0.0712,0.0712,0.0712,10000048,2015-09-23,2015-09-23,P,2.45,2015-02-10
25809,2015-04-08 13:10:00,2015-04-08,0.0712,0.0,0.0,0.0,0.0712,0.0712,0.0712,10000048,2015-09-23,2015-09-23,P,2.45,2015-02-10
25810,2015-04-08 13:11:00,2015-04-08,0.0712,0.0,0.0,0.0,0.0712,0.0712,0.0712,10000048,2015-09-23,2015-09-23,P,2.45,2015-02-10
25811,2015-04-08 13:12:00,2015-04-08,0.0712,0.0,0.0,0.0,0.0712,0.0712,0.0712,10000048,2015-09-23,2015-09-23,P,2.45,2015-02-10
25812,2015-04-08 13:13:00,2015-04-08,0.0712,0.0,0.0,0.0,0.0712,0.0712,0.0712,10000048,2015-09-23,2015-09-23,P,2.45,2015-02-10
25813,2015-04-08 13:14:00,2015-04-08,0.0712,0.0,0.0,0.0,0.0712,0.0712,0.0712,10000048,2015-09-23,2015-09-23,P,2.45,2015-02-10
25814,2015-04-08 13:15:00,2015-04-08,0.0712,0.0,0.0,0.0,0.0712,0.0712,0.0712,10000048,2015-09-23,2015-09-23,P,2.45,2015-02-10
25815,2015-04-08 13:16:00,2015-04-08,0.0712,0.0,0.0,0.0,0.0712,0.0712,0.0712,10000048,2015-09-23,2015-09-23,P,2.45,2015-02-10
25816,2015-04-08 13:17:00,2015-04-08,0.0712,0.0,0.0,0.0,0.0712,0.0712,0.0712,10000048,2015-09-23,2015-09-23,P,2.45,2015-02-10
25817,2015-04-08 13:18:00,2015-04-08,0.067,6030.0,9.0,803.0,0.067,0.067,0.067,10000048,2015-09-23,2015-09-23,P,2.45,2015-02-10
25818,2015-04-08 13:19:00,2015-04-08,0.0656,3280.0,5.0,798.0,0.0656,0.0656,0.0656,10000048,2015-09-23,2015-09-23,P,2.45,2015-02-10
25819,2015-04-08 13:20:00,2015-04-08,0.0656,0.0,0.0,798.0,0.0656,0.0656,0.0656,10000048,2015-09-23,2015-09-23,P,2.45,2015-02-10
25820,2015-04-08 13:21:00,2015-04-08,0.0656,0.0,0.0,798.0,0.0656,0.0656,0.0656,10000048,2015-09-23,2015-09-23,P,2.45,2015-02-10
25821,2015-04-08 13:22:00,2015-04-08,0.0656,0.0,0.0,798.0,0.0656,0.0656,0.0656,10000048,2015-09-23,2015-09-23,P,2.45,2015-02-10
25822,2015-04-08 13:23:00,2015-04-08,0.0656,0.0,0.0,798.0,0.0656,0.0656,0.0656,10000048,2015-09-23,2015-09-23,P,2.45,2015-02-10
25823,2015-04-08 13:24:00,2015-04-08,0.0656,0.0,0.0,798.0,0.0656,0.0656,0.0656,10000048,2015-09-23,2015-09-23,P,2.45,2015-02-10
25824,2015-04-08 13:25:00,2015-04-08,0.0656,0.0,0.0,798.0,0.0656,0.0656,0.0656,10000048,2015-09-23,2015-09-23,P,2.45,2015-02-10
25825,2015-04-08 13:26:00,2015-04-08,0.0656,0.0,0.0,798.0,0.0656,0.0656,0.0656,10000048,2015-09-23,2015-09-23,P,2.45,2015-02-10
25826,2015-04-08 13:27:00,2015-04-08,0.0656,0.0,0.0,798.0,0.0656,0.0656,0.0656,10000048,2015-09-23,2015-09-23,P,2.45,2015-02-10
25827,2015-04-08 13:28:00,2015-04-08,0.0656,0.0,0.0,798.0,0.0656,0.0656,0.0656,10000048,2015-09-23,2015-09-23,P,2.45,2015-02-10
25828,2015-04-08 13:29:00,2015-04-08,0.0656,0.0,0.0,798.0,0.0656,0.0656,0.0656,10000048,2015-09-23,2015-09-23,P,2.45,2015-02-10
25829,2015-04-08 13:30:00,2015-04-08,0.0656,0.0,0.0,798.0,0.0656,0.0656,0.0656,10000048,2015-09-23,2015-09-23,P,2.45,2015-02-10
25830,2015-04-08 13:31:00,2015-04-08,0.0656,0.0,0.0,798.0,0.0656,0.0656,0.0656,10000048,2015-09-23,2015-09-23,P,2.45,2015-02-10
25831,2015-04-08 13:32:00,2015-04-08,0.0656,0.0,0.0,798.0,0.0656,0.0656,0.0656,10000048,2015-09-23,2015-09-23,P,2.45,2015-02-10
25832,2015-04-08 13:33:00,2015-04-08,0.0656,0.0,0.0,798.0,0.0656,0.0656,0.0656,10000048,2015-09-23,2015-09-23,P,2.45,2015-02-10
25833,2015-04-08 13:34:00,2015-04-08,0.0656,0.0,0.0,798.0,0.0656,0.0656,0.0656,10000048,2015-09-23,2015-09-23,P,2.45,2015-02-10
25834,2015-04-08 13:35:00,2015-04-08,0.0656,0.0,0.0,798.0,0.0656,0.0656,0.0656,10000048,2015-09-23,2015-09-23,P,2.45,2015-02-10
25835,2015-04-08 13:36:00,2015-04-08,0.0656,0.0,0.0,798.0,0.0656,0.0656,0.0656,10000048,2015-09-23,2015-09-23,P,2.45,2015-02-10
25836,2015-04-08 13:37:00,2015-04-08,0.0656,0.0,0.0,798.0,0.0656,0.0656,0.0656,10000048,2015-09-23,2015-09-23,P,2.45,2015-02-10
25837,2015-04-08 13:38:00,2015-04-08,0.0656,0.0,0.0,798.0,0.0656,0.0656,0.0656,10000048,2015-09-23,2015-09-23,P,2.45,2015-02-10
25838,2015-04-08 13:39:00,2015-04-08,0.0656,0.0,0.0,798.0,0.0656,0.0656,0.0656,10000048,2015-09-23,2015-09-23,P,2.45,2015-02-10
25839,2015-04-08 13:40:00,2015-04-08,0.0656,0.0,0.0,798.0,0.0656,0.0656,0.0656,10000048,2015-09-23,2015-09-23,P,2.45,2015-02-10
25840,2015-04-08 13:41:00,2015-04-08,0.0656,0.0,0.0,798.0,0.0656,0.0656,0.0656,10000048,2015-09-23,2015-09-23,P,2.45,2015-02-10
25841,2015-04-08 13:42:00,2015-04-08,0.0656,0.0,0.0,798.0,0.0656,0.0656,0.0656,10000048,2015-09-23,2015-09-23,P,2.45,2015-02-10
25842,2015-04-08 13:43:00,2015-04-08,0.0656,0.0,0.0,798.0,0.0656,0.0656,0.0656,10000048,2015-09-23,2015-09-23,P,2.45,2015-02-10
25843,2015-04-08 13:44:00,2015-04-08,0.0656,0.0,0.0,798.0,0.0656,0.0656,0.0656,10000048,2015-09-23,2015-09-23,P,2.45,2015-02-10
25844,2015-04-08 13:45:00,2015-04-08,0.0656,0.0,0.0,798.0,0.0656,0.0656,0.0656,10000048,2015-09-23,2015-09-23,P,2.45,2015-02-10
25845,2015-04-08 13:46:00,2015-04-08,0.0656,0.0,0.0,798.0,0.0656,0.0656,0.0656,10000048,2015-09-23,2015-09-23,P,2.45,2015-02-10
25846,2015-04-08 13:47:00,2015-04-08,0.0656,0.0,0.0,798.0,0.0656,0.0656,0.0656,10000048,2015-09-23,2015-09-23,P,2.45,2015-02-10
25847,2015-04-08 13:48:00,2015-04-08,0.0656,0.0,0.0,798.0,0.0656,0.0656,0.0656,10000048,2015-09-23,2015-09-23,P,2.45,2015-02-10
25848,2015-04-08 13:49:00,2015-04-08,0.0656,0.0,0.0,798.0,0.0656,0.0656,0.0656,10000048,2015-09-23,2015-09-23,P,2.45,2015-02-10
25849,2015-04-08 13:50:00,2015-04-08,0.0656,0.0,0.0,798.0,0.0656,0.0656,0.0656,10000048,2015-09-23,2015-09-23,P,2.45,2015-02-10
25850,2015-04-08 13:51:00,2015-04-08,0.0656,0.0,0.0,798.0,0.0656,0.0656,0.0656,10000048,2015-09-23,2015-09-23,P,2.45,2015-02-10
25851,2015-04-08 13:52:00,2015-04-08,0.0656,0.0,0.0,798.0,0.0656,0.0656,0.0656,10000048,2015-09-23,2015-09-23,P,2.45,2015-02-10
25852,2015-04-08 13:53:00,2015-04-08,0.0656,0.0,0.0,798.0,0.0656,0.0656,0.0656,10000048,2015-09-23,2015-09-23,P,2.45,2015-02-10
25853,2015-04-08 13:54:00,2015-04-08,0.0656,0.0,0.0,798.0,0.0656,0.0656,0.0656,10000048,2015-09-23,2015-09-23,P,2.45,2015-02-10
25854,2015-04-08 13:55:00,2015-04-08,0.0656,0.0,0.0,798.0,0.0656,0.0656,0.0656,10000048,2015-09-23,2015-09-23,P,2.45,2015-02-10
25855,2015-04-08 13:56:00,2015-04-08,0.0656,0.0,0.0,798.0,0.0656,0.0656,0.0656,10000048,2015-09-23,2015-09-23,P,2.45,2015-02-10
25856,2015-04-08 13:57:00,2015-04-08,0.0656,0.0,0.0,798.0,0.0656,0.0656,0.0656,10000048,2015-09-23,2015-09-23,P,2.45,2015-02-10
25857,2015-04-08 13:58:00,2015-04-08,0.0656,0.0,0.0,798.0,0.0656,0.0656,0.0656,10000048,2015-09-23,2015-09-23,P,2.45,2015-02-10
25858,2015-04-08 13:59:00,2015-04-08,0.0656,0.0,0.0,798.0,0.0656,0.0656,0.0656,10000048,2015-09-23,2015-09-23,P,2.45,2015-02-10
25859,2015-04-08 14:00:00,2015-04-08,0.0656,0.0,0.0,798.0,0.0656,0.0656,0.0656,10000048,2015-09-23,2015-09-23,P,2.45,2015-02-10
25860,2015-04-08 14:01:00,2015-04-08,0.0656,0.0,0.0,798.0,0.0656,0.0656,0.0656,10000048,2015-09-23,2015-09-23,P,2.45,2015-02-10
25861,2015-04-08 14:02:00,2015-04-08,0.0656,0.0,0.0,798.0,0.0656,0.0656,0.0656,10000048,2015-09-23,2015-09-23,P,2.45,2015-02-10
25862,2015-04-08 14:03:00,2015-04-08,0.0656,0.0,0.0,798.0,0.0656,0.0656,0.0656,10000048,2015-09-23,2015-09-23,P,2.45,2015-02-10
25863,2015-04-08 14:04:00,2015-04-08,0.0656,0.0,0.0,798.0,0.0656,0.0656,0.0656,10000048,2015-09-23,2015-09-23,P,2.45,2015-02-10
25864,2015-04-08 14:05:00,2015-04-08,0.0656,0.0,0.0,798.0,0.0656,0.0656,0.0656,10000048,2015-09-23,2015-09-23,P,2.45,2015-02-10
25865,2015-04-08 14:06:00,2015-04-08,0.0656,0.0,0.0,798.0,0.0656,0.0656,0.0656,10000048,2015-09-23,2015-09-23,P,2.45,2015-02-10
25866,2015-04-08 14:07:00,2015-04-08,0.0656,0.0,0.0,798.0,0.0656,0.0656,0.0656,10000048,2015-09-23,2015-09-23,P,2.45,2015-02-10
25867,2015-04-08 14:08:00,2015-04-08,0.0656,0.0,0.0,798.0,0.0656,0.0656,0.0656,10000048,2015-09-23,2015-09-23,P,2.45,2015-02-10
25868,2015-04-08 14:09:00,2015-04-08,0.0656,0.0,0.0,798.0,0.0656,0.0656,0.0656,10000048,2015-09-23,2015-09-23,P,2.45,2015-02-10
25869,2015-04-08 14:10:00,2015-04-08,0.0656,0.0,0.0,798.0,0.0656,0.0656,0.0656,10000048,2015-09-23,2015-09-23,P,2.45,2015-02-10
25870,2015-04-08 14:11:00,2015-04-08,0.0656,0.0,0.0,798.0,0.0656,0.0656,0.0656,10000048,2015-09-23,2015-09-23,P,2.45,2015-02-10
25871,2015-04-08 14:12:00,2015-04-08,0.0656,0.0,0.0,798.0,0.0656,0.0656,0.0656,10000048,2015-09-23,2015-09-23,P,2.45,2015-02-10
25872,2015-04-08 14:13:00,2015-04-08,0.0656,0.0,0.0,798.0,0.0656,0.0656,0.0656,10000048,2015-09-23,2015-09-23,P,2.45,2015-02-10
25873,2015-04-08 14:14:00,2015-04-08,0.0656,0.0,0.0,798.0,0.0656,0.0656,0.0656,10000048,2015-09-23,2015-09-23,P,2.45,2015-02-10
25874,2015-04-08 14:15:00,2015-04-08,0.0656,0.0,0.0,798.0,0.0656,0.0656,0.0656,10000048,2015-09-23,2015-09-23,P,2.45,2015-02-10
25875,2015-04-08 14:16:00,2015-04-08,0.0656,0.0,0.0,798.0,0.0656,0.0656,0.0656,10000048,2015-09-23,2015-09-23,P,2.45,2015-02-10
25876,2015-04-08 14:17:00,2015-04-08,0.0656,0.0,0.0,798.0,0.0656,0.0656,0.0656,10000048,2015-09-23,2015-09-23,P,2.45,2015-02-10
25877,2015-04-08 14:18:00,2015-04-08,0.0656,0.0,0.0,798.0,0.0656,0.0656,0.0656,10000048,2015-09-23,2015-09-23,P,2.45,2015-02-10
25878,2015-04-08 14:19:00,2015-04-08,0.0656,0.0,0.0,798.0,0.0656,0.0656,0.0656,10000048,2015-09-23,2015-09-23,P,2.45,2015-02-10
25879,2015-04-08 14:20:00,2015-04-08,0.0656,0.0,0.0,798.0,0.0656,0.0656,0.0656,10000048,2015-09-23,2015-09-23,P,2.45,2015-02-10
25880,2015-04-08 14:21:00,2015-04-08,0.0656,0.0,0.0,798.0,0.0656,0.0656,0.0656,10000048,2015-09-23,2015-09-23,P,2.45,2015-02-10
25881,2015-04-08 14:22:00,2015-04-08,0.0656,0.0,0.0,798.0,0.0656,0.0656,0.0656,10000048,2015-09-23,2015-09-23,P,2.45,2015-02-10
25882,2015-04-08 14:23:00,2015-04-08,0.0656,0.0,0.0,798.0,0.0656,0.0656,0.0656,10000048,2015-09-23,2015-09-23,P,2.45,2015-02-10
25883,2015-04-08 14:24:00,2015-04-08,0.0656,0.0,0.0,798.0,0.0656,0.0656,0.0656,10000048,2015-09-23,2015-09-23,P,2.45,2015-02-10
25884,2015-04-08 14:25:00,2015-04-08,0.0656,0.0,0.0,798.0,0.0656,0.0656,0.0656,10000048,2015-09-23,2015-09-23,P,2.45,2015-02-10
25885,2015-04-08 14:26:00,2015-04-08,0.0656,0.0,0.0,798.0,0.0656,0.0656,0.0656,10000048,2015-09-23,2015-09-23,P,2.45,2015-02-10
25886,2015-04-08 14:27:00,2015-04-08,0.0656,0.0,0.0,798.0,0.0656,0.0656,0.0656,10000048,2015-09-23,2015-09-23,P,2.45,2015-02-10
25887,2015-04-08 14:28:00,2015-04-08,0.0656,0.0,0.0,798.0,0.0656,0.0656,0.0656,10000048,2015-09-23,2015-09-23,P,2.45,2015-02-10
25888,2015-04-08 14:29:00,2015-04-08,0.0656,0.0,0.0,798.0,0.0656,0.0656,0.0656,10000048,2015-09-23,2015-09-23,P,2.45,2015-02-10
25889,2015-04-08 14:30:00,2015-04-08,0.0656,0.0,0.0,798.0,0.0656,0.0656,0.0656,10000048,2015-09-23,2015-09-23,P,2.45,2015-02-10
25890,2015-04-08 14:31:00,2015-04-08,0.0656,0.0,0.0,798.0,0.0656,0.0656,0.0656,10000048,2015-09-23,2015-09-23,P,2.45,2015-02-10
25891,2015-04-08 14:32:00,2015-04-08,0.0656,0.0,0.0,798.0,0.0656,0.0656,0.0656,10000048,2015-09-23,2015-09-23,P,2.45,2015-02-10
25892,2015-04-08 14:33:00,2015-04-08,0.0656,0.0,0.0,798.0,0.0656,0.0656,0.0656,10000048,2015-09-23,2015-09-23,P,2.45,2015-02-10
25893,2015-04-08 14:34:00,2015-04-08,0.0656,0.0,0.0,798.0,0.0656,0.0656,0.0656,10000048,2015-09-23,2015-09-23,P,2.45,2015-02-10
25894,2015-04-08 14:35:00,2015-04-08,0.0656,0.0,0.0,798.0,0.0656,0.0656,0.0656,10000048,2015-09-23,2015-09-23,P,2.45,2015-02-10
25895,2015-04-08 14:36:00,2015-04-08,0.0656,0.0,0.0,798.0,0.0656,0.0656,0.0656,10000048,2015-09-23,2015-09-23,P,2.45,2015-02-10
25896,2015-04-08 14:37:00,2015-04-08,0.0656,0.0,0.0,798.0,0.0656,0.0656,0.0656,10000048,2015-09-23,2015-09-23,P,2.45,2015-02-10
25897,2015-04-08 14:38:00,2015-04-08,0.0656,0.0,0.0,798.0,0.0656,0.0656,0.0656,10000048,2015-09-23,2015-09-23,P,2.45,2015-02-10
25898,2015-04-08 14:39:00,2015-04-08,0.0656,0.0,0.0,798.0,0.0656,0.0656,0.0656,10000048,2015-09-23,2015-09-23,P,2.45,2015-02-10
25899,2015-04-08 14:40:00,2015-04-08,0.0656,0.0,0.0,798.0,0.0656,0.0656,0.0656,10000048,2015-09-23,2015-09-23,P,2.45,2015-02-10
25900,2015-04-08 14:41:00,2015-04-08,0.0656,0.0,0.0,798.0,0.0656,0.0656,0.0656,10000048,2015-09-23,2015-09-23,P,2.45,2015-02-10
25901,2015-04-08 14:42:00,2015-04-08,0.0656,0.0,0.0,798.0,0.0656,0.0656,0.0656,10000048,2015-09-23,2015-09-23,P,2.45,2015-02-10
25902,2015-04-08 14:43:00,2015-04-08,0.0656,0.0,0.0,798.0,0.0656,0.0656,0.0656,10000048,2015-09-23,2015-09-23,P,2.45,2015-02-10
25903,2015-04-08 14:44:00,2015-04-08,0.0656,0.0,0.0,798.0,0.0656,0.0656,0.0656,10000048,2015-09-23,2015-09-23,P,2.45,2015-02-10
25904,2015-04-08 14:45:00,2015-04-08,0.0656,0.0,0.0,798.0,0.0656,0.0656,0.0656,10000048,2015-09-23,2015-09-23,P,2.45,2015-02-10
25905,2015-04-08 14:46:00,2015-04-08,0.0656,0.0,0.0,798.0,0.0656,0.0656,0.0656,10000048,2015-09-23,2015-09-23,P,2.45,2015-02-10
25906,2015-04-08 14:47:00,2015-04-08,0.0656,0.0,0.0,798.0,0.0656,0.0656,0.0656,10000048,2015-09-23,2015-09-23,P,2.45,2015-02-10
25907,2015-04-08 14:48:00,2015-04-08,0.0656,0.0,0.0,798.0,0.0656,0.0656,0.0656,10000048,2015-09-23,2015-09-23,P,2.45,2015-02-10
25908,2015-04-08 14:49:00,2015-04-08,0.0656,0.0,0.0,798.0,0.0656,0.0656,0.0656,10000048,2015-09-23,2015-09-23,P,2.45,2015-02-10
25909,2015-04-08 14:50:00,2015-04-08,0.0656,0.0,0.0,798.0,0.0656,0.0656,0.0656,10000048,2015-09-23,2015-09-23,P,2.45,2015-02-10
25910,2015-04-08 14:51:00,2015-04-08,0.0656,0.0,0.0,798.0,0.0656,0.0656,0.0656,10000048,2015-09-23,2015-09-23,P,2.45,2015-02-10
25911,2015-04-08 14:52:00,2015-04-08,0.0656,0.0,0.0,798.0,0.0656,0.0656,0.0656,10000048,2015-09-23,2015-09-23,P,2.45,2015-02-10
25912,2015-04-08 14:53:00,2015-04-08,0.0656,0.0,0.0,798.0,0.0656,0.0656,0.0656,10000048,2015-09-23,2015-09-23,P,2.45,2015-02-10
25913,2015-04-08 14:54:00,2015-04-08,0.0656,0.0,0.0,798.0,0.0656,0.0656,0.0656,10000048,2015-09-23,2015-09-23,P,2.45,2015-02-10
25914,2015-04-08 14:55:00,2015-04-08,0.0656,0.0,0.0,798.0,0.0656,0.0656,0.0656,10000048,2015-09-23,2015-09-23,P,2.45,2015-02-10
25915,2015-04-08 14:56:00,2015-04-08,0.0656,0.0,0.0,798.0,0.0656,0.0656,0.0656,10000048,2015-09-23,2015-09-23,P,2.45,2015-02-10
25916,2015-04-08 14:57:00,2015-04-08,0.0656,0.0,0.0,798.0,0.0656,0.0656,0.0656,10000048,2015-09-23,2015-09-23,P,2.45,2015-02-10
25917,2015-04-08 14:58:00,2015-04-08,0.0656,0.0,0.0,798.0,0.0656,0.0656,0.0656,10000048,2015-09-23,2015-09-23,P,2.45,2015-02-10
25918,2015-04-08 14:59:00,2015-04-08,0.0656,0.0,0.0,798.0,0.0656,0.0656,0.0656,10000048,2015-09-23,2015-09-23,P,2.45,2015-02-10
25919,2015-04-08 15:00:00,2015-04-08,0.0656,0.0,0.0,798.0,0.0656,0.0656,0.0656,10000048,2015-09-23,2015-09-23,P,2.45,2015-02-10
25920,2015-04-08 09:31:00,2015-04-08,0.0285,9309.0,43.0,1710.0,0.0191,0.022,0.0153,10000076,2015-04-22,2015-04-22,P,2.65,2015-03-18
25921,2015-04-08 09:32:00,2015-04-08,0.0168,1672.0,10.0,1713.0,0.0168,0.0166,0.0166,10000076,2015-04-22,2015-04-22,P,2.65,2015-03-18
25922,2015-04-08 09:33:00,2015-04-08,0.0168,1006.0,6.0,1719.0,0.0166,0.0168,0.0166,10000076,2015-04-22,2015-04-22,P,2.65,2015-03-18
25923,2015-04-08 09:34:00,2015-04-08,0.0168,0.0,0.0,1719.0,0.0168,0.0168,0.0168,10000076,2015-04-22,2015-04-22,P,2.65,2015-03-18
25924,2015-04-08 09:35:00,2015-04-08,0.0173,1038.0,6.0,1720.0,0.0173,0.0173,0.0173,10000076,2015-04-22,2015-04-22,P,2.65,2015-03-18
25925,2015-04-08 09:36:00,2015-04-08,0.0184,716.0,4.0,1724.0,0.0174,0.0184,0.0174,10000076,2015-04-22,2015-04-22,P,2.65,2015-03-18
25926,2015-04-08 09:37:00,2015-04-08,0.0188,1865.0,10.0,1729.0,0.0185,0.0188,0.0185,10000076,2015-04-22,2015-04-22,P,2.65,2015-03-18
25927,2015-04-08 09:38:00,2015-04-08,0.0197,197.0,1.0,1728.0,0.0197,0.0197,0.0197,10000076,2015-04-22,2015-04-22,P,2.65,2015-03-18
25928,2015-04-08 09:39:00,2015-04-08,0.0197,0.0,0.0,1728.0,0.0197,0.0197,0.0197,10000076,2015-04-22,2015-04-22,P,2.65,2015-03-18
25929,2015-04-08 09:40:00,2015-04-08,0.0197,0.0,0.0,1728.0,0.0197,0.0197,0.0197,10000076,2015-04-22,2015-04-22,P,2.65,2015-03-18
25930,2015-04-08 09:41:00,2015-04-08,0.0188,2254.0,12.0,1737.0,0.0188,0.0187,0.0187,10000076,2015-04-22,2015-04-22,P,2.65,2015-03-18
25931,2015-04-08 09:42:00,2015-04-08,0.0187,561.0,3.0,1737.0,0.0187,0.0187,0.0187,10000076,2015-04-22,2015-04-22,P,2.65,2015-03-18
25932,2015-04-08 09:43:00,2015-04-08,0.0187,0.0,0.0,1737.0,0.0187,0.0187,0.0187,10000076,2015-04-22,2015-04-22,P,2.65,2015-03-18
25933,2015-04-08 09:44:00,2015-04-08,0.0181,362.0,2.0,1739.0,0.0181,0.0181,0.0181,10000076,2015-04-22,2015-04-22,P,2.65,2015-03-18
25934,2015-04-08 09:45:00,2015-04-08,0.0181,0.0,0.0,1739.0,0.0181,0.0181,0.0181,10000076,2015-04-22,2015-04-22,P,2.65,2015-03-18
25935,2015-04-08 09:46:00,2015-04-08,0.0181,0.0,0.0,1739.0,0.0181,0.0181,0.0181,10000076,2015-04-22,2015-04-22,P,2.65,2015-03-18
25936,2015-04-08 09:47:00,2015-04-08,0.0181,0.0,0.0,1739.0,0.0181,0.0181,0.0181,10000076,2015-04-22,2015-04-22,P,2.65,2015-03-18
25937,2015-04-08 09:48:00,2015-04-08,0.0181,0.0,0.0,1739.0,0.0181,0.0181,0.0181,10000076,2015-04-22,2015-04-22,P,2.65,2015-03-18
25938,2015-04-08 09:49:00,2015-04-08,0.0181,0.0,0.0,1739.0,0.0181,0.0181,0.0181,10000076,2015-04-22,2015-04-22,P,2.65,2015-03-18
25939,2015-04-08 09:50:00,2015-04-08,0.0181,0.0,0.0,1739.0,0.0181,0.0181,0.0181,10000076,2015-04-22,2015-04-22,P,2.65,2015-03-18
25940,2015-04-08 09:51:00,2015-04-08,0.017,170.0,1.0,1740.0,0.017,0.017,0.017,10000076,2015-04-22,2015-04-22,P,2.65,2015-03-18
25941,2015-04-08 09:52:00,2015-04-08,0.017,0.0,0.0,1740.0,0.017,0.017,0.017,10000076,2015-04-22,2015-04-22,P,2.65,2015-03-18
25942,2015-04-08 09:53:00,2015-04-08,0.0169,507.0,3.0,1743.0,0.0169,0.0169,0.0169,10000076,2015-04-22,2015-04-22,P,2.65,2015-03-18
25943,2015-04-08 09:54:00,2015-04-08,0.0169,0.0,0.0,1743.0,0.0169,0.0169,0.0169,10000076,2015-04-22,2015-04-22,P,2.65,2015-03-18
25944,2015-04-08 09:55:00,2015-04-08,0.0163,163.0,1.0,1744.0,0.0163,0.0163,0.0163,10000076,2015-04-22,2015-04-22,P,2.65,2015-03-18
25945,2015-04-08 09:56:00,2015-04-08,0.0156,2783.0,18.0,1749.0,0.0156,0.0152,0.0152,10000076,2015-04-22,2015-04-22,P,2.65,2015-03-18
25946,2015-04-08 09:57:00,2015-04-08,0.0153,1307.0,9.0,1753.0,0.0153,0.0139,0.0139,10000076,2015-04-22,2015-04-22,P,2.65,2015-03-18
25947,2015-04-08 09:58:00,2015-04-08,0.014,1885.0,14.0,1743.0,0.0132,0.014,0.0132,10000076,2015-04-22,2015-04-22,P,2.65,2015-03-18
25948,2015-04-08 09:59:00,2015-04-08,0.014,1960.0,14.0,1741.0,0.014,0.014,0.014,10000076,2015-04-22,2015-04-22,P,2.65,2015-03-18
25949,2015-04-08 10:00:00,2015-04-08,0.014,0.0,0.0,1741.0,0.014,0.014,0.014,10000076,2015-04-22,2015-04-22,P,2.65,2015-03-18
25950,2015-04-08 10:01:00,2015-04-08,0.014,0.0,0.0,1741.0,0.014,0.014,0.014,10000076,2015-04-22,2015-04-22,P,2.65,2015-03-18
25951,2015-04-08 10:02:00,2015-04-08,0.014,0.0,0.0,1741.0,0.014,0.014,0.014,10000076,2015-04-22,2015-04-22,P,2.65,2015-03-18
25952,2015-04-08 10:03:00,2015-04-08,0.0142,1664.0,12.0,1742.0,0.0142,0.0138,0.0138,10000076,2015-04-22,2015-04-22,P,2.65,2015-03-18
25953,2015-04-08 10:04:00,2015-04-08,0.0137,959.0,7.0,1739.0,0.0137,0.0137,0.0137,10000076,2015-04-22,2015-04-22,P,2.65,2015-03-18
25954,2015-04-08 10:05:00,2015-04-08,0.0142,710.0,5.0,1739.0,0.0142,0.0142,0.0142,10000076,2015-04-22,2015-04-22,P,2.65,2015-03-18
25955,2015-04-08 10:06:00,2015-04-08,0.0146,292.0,2.0,1739.0,0.0146,0.0146,0.0146,10000076,2015-04-22,2015-04-22,P,2.65,2015-03-18
25956,2015-04-08 10:07:00,2015-04-08,0.0146,0.0,0.0,1739.0,0.0146,0.0146,0.0146,10000076,2015-04-22,2015-04-22,P,2.65,2015-03-18
25957,2015-04-08 10:08:00,2015-04-08,0.0146,0.0,0.0,1739.0,0.0146,0.0146,0.0146,10000076,2015-04-22,2015-04-22,P,2.65,2015-03-18
25958,2015-04-08 10:09:00,2015-04-08,0.0146,0.0,0.0,1739.0,0.0146,0.0146,0.0146,10000076,2015-04-22,2015-04-22,P,2.65,2015-03-18
25959,2015-04-08 10:10:00,2015-04-08,0.0146,0.0,0.0,1739.0,0.0146,0.0146,0.0146,10000076,2015-04-22,2015-04-22,P,2.65,2015-03-18
25960,2015-04-08 10:11:00,2015-04-08,0.0146,0.0,0.0,1739.0,0.0146,0.0146,0.0146,10000076,2015-04-22,2015-04-22,P,2.65,2015-03-18
25961,2015-04-08 10:12:00,2015-04-08,0.0146,0.0,0.0,1739.0,0.0146,0.0146,0.0146,10000076,2015-04-22,2015-04-22,P,2.65,2015-03-18
25962,2015-04-08 10:13:00,2015-04-08,0.0146,0.0,0.0,1739.0,0.0146,0.0146,0.0146,10000076,2015-04-22,2015-04-22,P,2.65,2015-03-18
25963,2015-04-08 10:14:00,2015-04-08,0.0146,0.0,0.0,1739.0,0.0146,0.0146,0.0146,10000076,2015-04-22,2015-04-22,P,2.65,2015-03-18
25964,2015-04-08 10:15:00,2015-04-08,0.0146,0.0,0.0,1739.0,0.0146,0.0146,0.0146,10000076,2015-04-22,2015-04-22,P,2.65,2015-03-18
25965,2015-04-08 10:16:00,2015-04-08,0.0146,0.0,0.0,1739.0,0.0146,0.0146,0.0146,10000076,2015-04-22,2015-04-22,P,2.65,2015-03-18
25966,2015-04-08 10:17:00,2015-04-08,0.0179,1583.0,9.0,1739.0,0.0172,0.0179,0.0172,10000076,2015-04-22,2015-04-22,P,2.65,2015-03-18
25967,2015-04-08 10:18:00,2015-04-08,0.0179,0.0,0.0,1739.0,0.0179,0.0179,0.0179,10000076,2015-04-22,2015-04-22,P,2.65,2015-03-18
25968,2015-04-08 10:19:00,2015-04-08,0.0176,1408.0,8.0,1731.0,0.0176,0.0176,0.0176,10000076,2015-04-22,2015-04-22,P,2.65,2015-03-18
25969,2015-04-08 10:20:00,2015-04-08,0.0175,855.0,5.0,1730.0,0.0175,0.017,0.017,10000076,2015-04-22,2015-04-22,P,2.65,2015-03-18
25970,2015-04-08 10:21:00,2015-04-08,0.0175,700.0,4.0,1729.0,0.0175,0.0175,0.0175,10000076,2015-04-22,2015-04-22,P,2.65,2015-03-18
25971,2015-04-08 10:22:00,2015-04-08,0.0175,0.0,0.0,1729.0,0.0175,0.0175,0.0175,10000076,2015-04-22,2015-04-22,P,2.65,2015-03-18
25972,2015-04-08 10:23:00,2015-04-08,0.017,2191.0,13.0,1725.0,0.0167,0.017,0.0167,10000076,2015-04-22,2015-04-22,P,2.65,2015-03-18
25973,2015-04-08 10:24:00,2015-04-08,0.017,0.0,0.0,1725.0,0.017,0.017,0.017,10000076,2015-04-22,2015-04-22,P,2.65,2015-03-18
25974,2015-04-08 10:25:00,2015-04-08,0.017,0.0,0.0,1725.0,0.017,0.017,0.017,10000076,2015-04-22,2015-04-22,P,2.65,2015-03-18
25975,2015-04-08 10:26:00,2015-04-08,0.017,0.0,0.0,1725.0,0.017,0.017,0.017,10000076,2015-04-22,2015-04-22,P,2.65,2015-03-18
25976,2015-04-08 10:27:00,2015-04-08,0.017,340.0,2.0,1723.0,0.017,0.017,0.017,10000076,2015-04-22,2015-04-22,P,2.65,2015-03-18
25977,2015-04-08 10:28:00,2015-04-08,0.017,0.0,0.0,1723.0,0.017,0.017,0.017,10000076,2015-04-22,2015-04-22,P,2.65,2015-03-18
25978,2015-04-08 10:29:00,2015-04-08,0.017,0.0,0.0,1723.0,0.017,0.017,0.017,10000076,2015-04-22,2015-04-22,P,2.65,2015-03-18
25979,2015-04-08 10:30:00,2015-04-08,0.017,0.0,0.0,1723.0,0.017,0.017,0.017,10000076,2015-04-22,2015-04-22,P,2.65,2015-03-18
25980,2015-04-08 10:31:00,2015-04-08,0.017,0.0,0.0,1723.0,0.017,0.017,0.017,10000076,2015-04-22,2015-04-22,P,2.65,2015-03-18
25981,2015-04-08 10:32:00,2015-04-08,0.017,0.0,0.0,1723.0,0.017,0.017,0.017,10000076,2015-04-22,2015-04-22,P,2.65,2015-03-18
25982,2015-04-08 10:33:00,2015-04-08,0.017,0.0,0.0,1723.0,0.017,0.017,0.017,10000076,2015-04-22,2015-04-22,P,2.65,2015-03-18
25983,2015-04-08 10:34:00,2015-04-08,0.017,0.0,0.0,1723.0,0.017,0.017,0.017,10000076,2015-04-22,2015-04-22,P,2.65,2015-03-18
25984,2015-04-08 10:35:00,2015-04-08,0.0151,299.0,2.0,1723.0,0.0151,0.0148,0.0148,10000076,2015-04-22,2015-04-22,P,2.65,2015-03-18
25985,2015-04-08 10:36:00,2015-04-08,0.0148,0.0,0.0,1723.0,0.0148,0.0148,0.0148,10000076,2015-04-22,2015-04-22,P,2.65,2015-03-18
25986,2015-04-08 10:37:00,2015-04-08,0.0148,0.0,0.0,1723.0,0.0148,0.0148,0.0148,10000076,2015-04-22,2015-04-22,P,2.65,2015-03-18
25987,2015-04-08 10:38:00,2015-04-08,0.0148,0.0,0.0,1723.0,0.0148,0.0148,0.0148,10000076,2015-04-22,2015-04-22,P,2.65,2015-03-18
25988,2015-04-08 10:39:00,2015-04-08,0.0148,0.0,0.0,1723.0,0.0148,0.0148,0.0148,10000076,2015-04-22,2015-04-22,P,2.65,2015-03-18
25989,2015-04-08 10:40:00,2015-04-08,0.0141,705.0,5.0,1723.0,0.0141,0.0141,0.0141,10000076,2015-04-22,2015-04-22,P,2.65,2015-03-18
25990,2015-04-08 10:41:00,2015-04-08,0.0141,0.0,0.0,1723.0,0.0141,0.0141,0.0141,10000076,2015-04-22,2015-04-22,P,2.65,2015-03-18
25991,2015-04-08 10:42:00,2015-04-08,0.0141,0.0,0.0,1723.0,0.0141,0.0141,0.0141,10000076,2015-04-22,2015-04-22,P,2.65,2015-03-18
25992,2015-04-08 10:43:00,2015-04-08,0.0141,0.0,0.0,1723.0,0.0141,0.0141,0.0141,10000076,2015-04-22,2015-04-22,P,2.65,2015-03-18
25993,2015-04-08 10:44:00,2015-04-08,0.0141,0.0,0.0,1723.0,0.0141,0.0141,0.0141,10000076,2015-04-22,2015-04-22,P,2.65,2015-03-18
25994,2015-04-08 10:45:00,2015-04-08,0.0141,0.0,0.0,1723.0,0.0141,0.0141,0.0141,10000076,2015-04-22,2015-04-22,P,2.65,2015-03-18
25995,2015-04-08 10:46:00,2015-04-08,0.0141,0.0,0.0,1723.0,0.0141,0.0141,0.0141,10000076,2015-04-22,2015-04-22,P,2.65,2015-03-18
25996,2015-04-08 10:47:00,2015-04-08,0.0141,0.0,0.0,1723.0,0.0141,0.0141,0.0141,10000076,2015-04-22,2015-04-22,P,2.65,2015-03-18
25997,2015-04-08 10:48:00,2015-04-08,0.0141,0.0,0.0,1723.0,0.0141,0.0141,0.0141,10000076,2015-04-22,2015-04-22,P,2.65,2015-03-18
25998,2015-04-08 10:49:00,2015-04-08,0.0141,0.0,0.0,1723.0,0.0141,0.0141,0.0141,10000076,2015-04-22,2015-04-22,P,2.65,2015-03-18
25999,2015-04-08 10:50:00,2015-04-08,0.0147,147.0,1.0,1722.0,0.0147,0.0147,0.0147,10000076,2015-04-22,2015-04-22,P,2.65,2015-03-18
26000,2015-04-08 10:51:00,2015-04-08,0.0147,0.0,0.0,1722.0,0.0147,0.0147,0.0147,10000076,2015-04-22,2015-04-22,P,2.65,2015-03-18
26001,2015-04-08 10:52:00,2015-04-08,0.0161,805.0,5.0,1722.0,0.0161,0.0161,0.0161,10000076,2015-04-22,2015-04-22,P,2.65,2015-03-18
26002,2015-04-08 10:53:00,2015-04-08,0.0166,332.0,2.0,1721.0,0.0166,0.0166,0.0166,10000076,2015-04-22,2015-04-22,P,2.65,2015-03-18
26003,2015-04-08 10:54:00,2015-04-08,0.0179,358.0,2.0,1720.0,0.0179,0.0179,0.0179,10000076,2015-04-22,2015-04-22,P,2.65,2015-03-18
26004,2015-04-08 10:55:00,2015-04-08,0.0179,0.0,0.0,1720.0,0.0179,0.0179,0.0179,10000076,2015-04-22,2015-04-22,P,2.65,2015-03-18
26005,2015-04-08 10:56:00,2015-04-08,0.0179,0.0,0.0,1720.0,0.0179,0.0179,0.0179,10000076,2015-04-22,2015-04-22,P,2.65,2015-03-18
26006,2015-04-08 10:57:00,2015-04-08,0.0179,0.0,0.0,1720.0,0.0179,0.0179,0.0179,10000076,2015-04-22,2015-04-22,P,2.65,2015-03-18
26007,2015-04-08 10:58:00,2015-04-08,0.0192,2304.0,12.0,1721.0,0.0192,0.0192,0.0192,10000076,2015-04-22,2015-04-22,P,2.65,2015-03-18
26008,2015-04-08 10:59:00,2015-04-08,0.0192,0.0,0.0,1721.0,0.0192,0.0192,0.0192,10000076,2015-04-22,2015-04-22,P,2.65,2015-03-18
26009,2015-04-08 11:00:00,2015-04-08,0.0185,1840.0,10.0,1711.0,0.0185,0.0183,0.0183,10000076,2015-04-22,2015-04-22,P,2.65,2015-03-18
26010,2015-04-08 11:01:00,2015-04-08,0.0183,0.0,0.0,1711.0,0.0183,0.0183,0.0183,10000076,2015-04-22,2015-04-22,P,2.65,2015-03-18
26011,2015-04-08 11:02:00,2015-04-08,0.0183,0.0,0.0,1711.0,0.0183,0.0183,0.0183,10000076,2015-04-22,2015-04-22,P,2.65,2015-03-18
26012,2015-04-08 11:03:00,2015-04-08,0.0181,181.0,1.0,1711.0,0.0181,0.0181,0.0181,10000076,2015-04-22,2015-04-22,P,2.65,2015-03-18
26013,2015-04-08 11:04:00,2015-04-08,0.018000000000000002,180.0,1.0,1711.0,0.018000000000000002,0.018000000000000002,0.018000000000000002,10000076,2015-04-22,2015-04-22,P,2.65,2015-03-18
26014,2015-04-08 11:05:00,2015-04-08,0.018000000000000002,0.0,0.0,1711.0,0.018000000000000002,0.018000000000000002,0.018000000000000002,10000076,2015-04-22,2015-04-22,P,2.65,2015-03-18
26015,2015-04-08 11:06:00,2015-04-08,0.018000000000000002,0.0,0.0,1711.0,0.018000000000000002,0.018000000000000002,0.018000000000000002,10000076,2015-04-22,2015-04-22,P,2.65,2015-03-18
26016,2015-04-08 11:07:00,2015-04-08,0.018000000000000002,0.0,0.0,1711.0,0.018000000000000002,0.018000000000000002,0.018000000000000002,10000076,2015-04-22,2015-04-22,P,2.65,2015-03-18
26017,2015-04-08 11:08:00,2015-04-08,0.018000000000000002,0.0,0.0,1711.0,0.018000000000000002,0.018000000000000002,0.018000000000000002,10000076,2015-04-22,2015-04-22,P,2.65,2015-03-18
26018,2015-04-08 11:09:00,2015-04-08,0.018000000000000002,0.0,0.0,1711.0,0.018000000000000002,0.018000000000000002,0.018000000000000002,10000076,2015-04-22,2015-04-22,P,2.65,2015-03-18
26019,2015-04-08 11:10:00,2015-04-08,0.018000000000000002,0.0,0.0,1711.0,0.018000000000000002,0.018000000000000002,0.018000000000000002,10000076,2015-04-22,2015-04-22,P,2.65,2015-03-18
26020,2015-04-08 11:11:00,2015-04-08,0.018000000000000002,0.0,0.0,1711.0,0.018000000000000002,0.018000000000000002,0.018000000000000002,10000076,2015-04-22,2015-04-22,P,2.65,2015-03-18
26021,2015-04-08 11:12:00,2015-04-08,0.018000000000000002,0.0,0.0,1711.0,0.018000000000000002,0.018000000000000002,0.018000000000000002,10000076,2015-04-22,2015-04-22,P,2.65,2015-03-18
26022,2015-04-08 11:13:00,2015-04-08,0.018000000000000002,0.0,0.0,1711.0,0.018000000000000002,0.018000000000000002,0.018000000000000002,10000076,2015-04-22,2015-04-22,P,2.65,2015-03-18
26023,2015-04-08 11:14:00,2015-04-08,0.0183,183.0,1.0,1711.0,0.0183,0.0183,0.0183,10000076,2015-04-22,2015-04-22,P,2.65,2015-03-18
26024,2015-04-08 11:15:00,2015-04-08,0.0183,1281.0,7.0,1717.0,0.0183,0.0183,0.0183,10000076,2015-04-22,2015-04-22,P,2.65,2015-03-18
26025,2015-04-08 11:16:00,2015-04-08,0.0183,546.0,3.0,1720.0,0.0183,0.018000000000000002,0.018000000000000002,10000076,2015-04-22,2015-04-22,P,2.65,2015-03-18
26026,2015-04-08 11:17:00,2015-04-08,0.018000000000000002,0.0,0.0,1720.0,0.018000000000000002,0.018000000000000002,0.018000000000000002,10000076,2015-04-22,2015-04-22,P,2.65,2015-03-18
26027,2015-04-08 11:18:00,2015-04-08,0.018000000000000002,0.0,0.0,1720.0,0.018000000000000002,0.018000000000000002,0.018000000000000002,10000076,2015-04-22,2015-04-22,P,2.65,2015-03-18
26028,2015-04-08 11:19:00,2015-04-08,0.018000000000000002,0.0,0.0,1720.0,0.018000000000000002,0.018000000000000002,0.018000000000000002,10000076,2015-04-22,2015-04-22,P,2.65,2015-03-18
26029,2015-04-08 11:20:00,2015-04-08,0.018000000000000002,0.0,0.0,1720.0,0.018000000000000002,0.018000000000000002,0.018000000000000002,10000076,2015-04-22,2015-04-22,P,2.65,2015-03-18
26030,2015-04-08 11:21:00,2015-04-08,0.018000000000000002,0.0,0.0,1720.0,0.018000000000000002,0.018000000000000002,0.018000000000000002,10000076,2015-04-22,2015-04-22,P,2.65,2015-03-18
26031,2015-04-08 11:22:00,2015-04-08,0.018000000000000002,0.0,0.0,1720.0,0.018000000000000002,0.018000000000000002,0.018000000000000002,10000076,2015-04-22,2015-04-22,P,2.65,2015-03-18
26032,2015-04-08 11:23:00,2015-04-08,0.018000000000000002,0.0,0.0,1720.0,0.018000000000000002,0.018000000000000002,0.018000000000000002,10000076,2015-04-22,2015-04-22,P,2.65,2015-03-18
26033,2015-04-08 11:24:00,2015-04-08,0.018000000000000002,900.0,5.0,1725.0,0.018000000000000002,0.018000000000000002,0.018000000000000002,10000076,2015-04-22,2015-04-22,P,2.65,2015-03-18
26034,2015-04-08 11:25:00,2015-04-08,0.018000000000000002,0.0,0.0,1725.0,0.018000000000000002,0.018000000000000002,0.018000000000000002,10000076,2015-04-22,2015-04-22,P,2.65,2015-03-18
26035,2015-04-08 11:26:00,2015-04-08,0.018000000000000002,0.0,0.0,1725.0,0.018000000000000002,0.018000000000000002,0.018000000000000002,10000076,2015-04-22,2015-04-22,P,2.65,2015-03-18
26036,2015-04-08 11:27:00,2015-04-08,0.018000000000000002,0.0,0.0,1725.0,0.018000000000000002,0.018000000000000002,0.018000000000000002,10000076,2015-04-22,2015-04-22,P,2.65,2015-03-18
26037,2015-04-08 11:28:00,2015-04-08,0.015,1500.0,10.0,1715.0,0.015,0.015,0.015,10000076,2015-04-22,2015-04-22,P,2.65,2015-03-18
26038,2015-04-08 11:29:00,2015-04-08,0.015,0.0,0.0,1715.0,0.015,0.015,0.015,10000076,2015-04-22,2015-04-22,P,2.65,2015-03-18
26039,2015-04-08 11:30:00,2015-04-08,0.0143,143.0,1.0,1716.0,0.0143,0.0143,0.0143,10000076,2015-04-22,2015-04-22,P,2.65,2015-03-18
26040,2015-04-08 13:01:00,2015-04-08,0.0134,670.0,5.0,1716.0,0.0134,0.0134,0.0134,10000076,2015-04-22,2015-04-22,P,2.65,2015-03-18
26041,2015-04-08 13:02:00,2015-04-08,0.0134,0.0,0.0,1716.0,0.0134,0.0134,0.0134,10000076,2015-04-22,2015-04-22,P,2.65,2015-03-18
26042,2015-04-08 13:03:00,2015-04-08,0.0134,0.0,0.0,1716.0,0.0134,0.0134,0.0134,10000076,2015-04-22,2015-04-22,P,2.65,2015-03-18
26043,2015-04-08 13:04:00,2015-04-08,0.0126,630.0,5.0,1721.0,0.0126,0.0126,0.0126,10000076,2015-04-22,2015-04-22,P,2.65,2015-03-18
26044,2015-04-08 13:05:00,2015-04-08,0.0125,250.0,2.0,1723.0,0.0125,0.0125,0.0125,10000076,2015-04-22,2015-04-22,P,2.65,2015-03-18
26045,2015-04-08 13:06:00,2015-04-08,0.0123,1456.0,12.0,1714.0,0.0123,0.0121,0.0121,10000076,2015-04-22,2015-04-22,P,2.65,2015-03-18
26046,2015-04-08 13:07:00,2015-04-08,0.0121,0.0,0.0,1714.0,0.0121,0.0121,0.0121,10000076,2015-04-22,2015-04-22,P,2.65,2015-03-18
26047,2015-04-08 13:08:00,2015-04-08,0.0133,1330.0,10.0,1724.0,0.0133,0.0133,0.0133,10000076,2015-04-22,2015-04-22,P,2.65,2015-03-18
26048,2015-04-08 13:09:00,2015-04-08,0.0133,0.0,0.0,1724.0,0.0133,0.0133,0.0133,10000076,2015-04-22,2015-04-22,P,2.65,2015-03-18
26049,2015-04-08 13:10:00,2015-04-08,0.0133,0.0,0.0,1724.0,0.0133,0.0133,0.0133,10000076,2015-04-22,2015-04-22,P,2.65,2015-03-18
26050,2015-04-08 13:11:00,2015-04-08,0.0133,0.0,0.0,1724.0,0.0133,0.0133,0.0133,10000076,2015-04-22,2015-04-22,P,2.65,2015-03-18
26051,2015-04-08 13:12:00,2015-04-08,0.0133,0.0,0.0,1724.0,0.0133,0.0133,0.0133,10000076,2015-04-22,2015-04-22,P,2.65,2015-03-18
26052,2015-04-08 13:13:00,2015-04-08,0.0133,0.0,0.0,1724.0,0.0133,0.0133,0.0133,10000076,2015-04-22,2015-04-22,P,2.65,2015-03-18
26053,2015-04-08 13:14:00,2015-04-08,0.0131,262.0,2.0,1725.0,0.0131,0.0131,0.0131,10000076,2015-04-22,2015-04-22,P,2.65,2015-03-18
26054,2015-04-08 13:15:00,2015-04-08,0.0131,262.0,2.0,1727.0,0.0131,0.0131,0.0131,10000076,2015-04-22,2015-04-22,P,2.65,2015-03-18
26055,2015-04-08 13:16:00,2015-04-08,0.0131,0.0,0.0,1727.0,0.0131,0.0131,0.0131,10000076,2015-04-22,2015-04-22,P,2.65,2015-03-18
26056,2015-04-08 13:17:00,2015-04-08,0.0121,2530.0,21.0,1706.0,0.0121,0.012,0.012,10000076,2015-04-22,2015-04-22,P,2.65,2015-03-18
26057,2015-04-08 13:18:00,2015-04-08,0.012,0.0,0.0,1706.0,0.012,0.012,0.012,10000076,2015-04-22,2015-04-22,P,2.65,2015-03-18
26058,2015-04-08 13:19:00,2015-04-08,0.0112,112.0,1.0,1706.0,0.0112,0.0112,0.0112,10000076,2015-04-22,2015-04-22,P,2.65,2015-03-18
26059,2015-04-08 13:20:00,2015-04-08,0.0112,2424.0,22.0,1726.0,0.0112,0.011,0.011,10000076,2015-04-22,2015-04-22,P,2.65,2015-03-18
26060,2015-04-08 13:21:00,2015-04-08,0.0108,756.0,7.0,1726.0,0.0108,0.0108,0.0108,10000076,2015-04-22,2015-04-22,P,2.65,2015-03-18
26061,2015-04-08 13:22:00,2015-04-08,0.0108,0.0,0.0,1726.0,0.0108,0.0108,0.0108,10000076,2015-04-22,2015-04-22,P,2.65,2015-03-18
26062,2015-04-08 13:23:00,2015-04-08,0.0106,1272.0,12.0,1738.0,0.0106,0.0106,0.0106,10000076,2015-04-22,2015-04-22,P,2.65,2015-03-18
26063,2015-04-08 13:24:00,2015-04-08,0.0106,0.0,0.0,1738.0,0.0106,0.0106,0.0106,10000076,2015-04-22,2015-04-22,P,2.65,2015-03-18
26064,2015-04-08 13:25:00,2015-04-08,0.0106,0.0,0.0,1738.0,0.0106,0.0106,0.0106,10000076,2015-04-22,2015-04-22,P,2.65,2015-03-18
26065,2015-04-08 13:26:00,2015-04-08,0.011,110.0,1.0,1738.0,0.011,0.011,0.011,10000076,2015-04-22,2015-04-22,P,2.65,2015-03-18
26066,2015-04-08 13:27:00,2015-04-08,0.011,328.0,3.0,1738.0,0.011,0.0108,0.0108,10000076,2015-04-22,2015-04-22,P,2.65,2015-03-18
26067,2015-04-08 13:28:00,2015-04-08,0.0107,2670.0,25.0,1753.0,0.0107,0.0106,0.0106,10000076,2015-04-22,2015-04-22,P,2.65,2015-03-18
26068,2015-04-08 13:29:00,2015-04-08,0.0109,109.0,1.0,1754.0,0.0109,0.0109,0.0109,10000076,2015-04-22,2015-04-22,P,2.65,2015-03-18
26069,2015-04-08 13:30:00,2015-04-08,0.0099,99.0,1.0,1753.0,0.0099,0.0099,0.0099,10000076,2015-04-22,2015-04-22,P,2.65,2015-03-18
26070,2015-04-08 13:31:00,2015-04-08,0.0106,1723.0,17.0,1754.0,0.0101,0.0106,0.01,10000076,2015-04-22,2015-04-22,P,2.65,2015-03-18
26071,2015-04-08 13:32:00,2015-04-08,0.0106,0.0,0.0,1754.0,0.0106,0.0106,0.0106,10000076,2015-04-22,2015-04-22,P,2.65,2015-03-18
26072,2015-04-08 13:33:00,2015-04-08,0.0103,1030.0,10.0,1744.0,0.0103,0.0103,0.0103,10000076,2015-04-22,2015-04-22,P,2.65,2015-03-18
26073,2015-04-08 13:34:00,2015-04-08,0.0103,0.0,0.0,1744.0,0.0103,0.0103,0.0103,10000076,2015-04-22,2015-04-22,P,2.65,2015-03-18
26074,2015-04-08 13:35:00,2015-04-08,0.0103,0.0,0.0,1744.0,0.0103,0.0103,0.0103,10000076,2015-04-22,2015-04-22,P,2.65,2015-03-18
26075,2015-04-08 13:36:00,2015-04-08,0.0103,206.0,2.0,1744.0,0.0103,0.0103,0.0103,10000076,2015-04-22,2015-04-22,P,2.65,2015-03-18
26076,2015-04-08 13:37:00,2015-04-08,0.0102,1020.0,10.0,1734.0,0.0102,0.0102,0.0102,10000076,2015-04-22,2015-04-22,P,2.65,2015-03-18
26077,2015-04-08 13:38:00,2015-04-08,0.0104,5210.0,51.0,1689.0,0.0103,0.01,0.0099,10000076,2015-04-22,2015-04-22,P,2.65,2015-03-18
26078,2015-04-08 13:39:00,2015-04-08,0.01,100.0,1.0,1689.0,0.01,0.01,0.01,10000076,2015-04-22,2015-04-22,P,2.65,2015-03-18
26079,2015-04-08 13:40:00,2015-04-08,0.01,200.0,2.0,1689.0,0.01,0.01,0.01,10000076,2015-04-22,2015-04-22,P,2.65,2015-03-18
26080,2015-04-08 13:41:00,2015-04-08,0.01,100.0,1.0,1688.0,0.01,0.01,0.01,10000076,2015-04-22,2015-04-22,P,2.65,2015-03-18
26081,2015-04-08 13:42:00,2015-04-08,0.0114,114.0,1.0,1689.0,0.0114,0.0114,0.0114,10000076,2015-04-22,2015-04-22,P,2.65,2015-03-18
26082,2015-04-08 13:43:00,2015-04-08,0.0114,0.0,0.0,1689.0,0.0114,0.0114,0.0114,10000076,2015-04-22,2015-04-22,P,2.65,2015-03-18
26083,2015-04-08 13:44:00,2015-04-08,0.011,1760.0,16.0,1705.0,0.011,0.011,0.011,10000076,2015-04-22,2015-04-22,P,2.65,2015-03-18
26084,2015-04-08 13:45:00,2015-04-08,0.011,0.0,0.0,1705.0,0.011,0.011,0.011,10000076,2015-04-22,2015-04-22,P,2.65,2015-03-18
26085,2015-04-08 13:46:00,2015-04-08,0.011,0.0,0.0,1705.0,0.011,0.011,0.011,10000076,2015-04-22,2015-04-22,P,2.65,2015-03-18
26086,2015-04-08 13:47:00,2015-04-08,0.0099,990.0,10.0,1695.0,0.0099,0.0099,0.0099,10000076,2015-04-22,2015-04-22,P,2.65,2015-03-18
26087,2015-04-08 13:48:00,2015-04-08,0.0099,0.0,0.0,1695.0,0.0099,0.0099,0.0099,10000076,2015-04-22,2015-04-22,P,2.65,2015-03-18
26088,2015-04-08 13:49:00,2015-04-08,0.0099,0.0,0.0,1695.0,0.0099,0.0099,0.0099,10000076,2015-04-22,2015-04-22,P,2.65,2015-03-18
26089,2015-04-08 13:50:00,2015-04-08,0.0109,109.0,1.0,1694.0,0.0109,0.0109,0.0109,10000076,2015-04-22,2015-04-22,P,2.65,2015-03-18
26090,2015-04-08 13:51:00,2015-04-08,0.0107,1167.0,11.0,1705.0,0.0107,0.0106,0.0106,10000076,2015-04-22,2015-04-22,P,2.65,2015-03-18
26091,2015-04-08 13:52:00,2015-04-08,0.0106,0.0,0.0,1705.0,0.0106,0.0106,0.0106,10000076,2015-04-22,2015-04-22,P,2.65,2015-03-18
26092,2015-04-08 13:53:00,2015-04-08,0.0106,0.0,0.0,1705.0,0.0106,0.0106,0.0106,10000076,2015-04-22,2015-04-22,P,2.65,2015-03-18
26093,2015-04-08 13:54:00,2015-04-08,0.0106,0.0,0.0,1705.0,0.0106,0.0106,0.0106,10000076,2015-04-22,2015-04-22,P,2.65,2015-03-18
26094,2015-04-08 13:55:00,2015-04-08,0.0102,1020.0,10.0,1695.0,0.0102,0.0102,0.0102,10000076,2015-04-22,2015-04-22,P,2.65,2015-03-18
26095,2015-04-08 13:56:00,2015-04-08,0.0097,873.0,9.0,1695.0,0.0097,0.0097,0.0097,10000076,2015-04-22,2015-04-22,P,2.65,2015-03-18
26096,2015-04-08 13:57:00,2015-04-08,0.0098,98.0,1.0,1695.0,0.0098,0.0098,0.0098,10000076,2015-04-22,2015-04-22,P,2.65,2015-03-18
26097,2015-04-08 13:58:00,2015-04-08,0.0095,95.0,1.0,1694.0,0.0095,0.0095,0.0095,10000076,2015-04-22,2015-04-22,P,2.65,2015-03-18
26098,2015-04-08 13:59:00,2015-04-08,0.0095,0.0,0.0,1694.0,0.0095,0.0095,0.0095,10000076,2015-04-22,2015-04-22,P,2.65,2015-03-18
26099,2015-04-08 14:00:00,2015-04-08,0.0095,0.0,0.0,1694.0,0.0095,0.0095,0.0095,10000076,2015-04-22,2015-04-22,P,2.65,2015-03-18
26100,2015-04-08 14:01:00,2015-04-08,0.0095,0.0,0.0,1694.0,0.0095,0.0095,0.0095,10000076,2015-04-22,2015-04-22,P,2.65,2015-03-18
26101,2015-04-08 14:02:00,2015-04-08,0.0095,0.0,0.0,1694.0,0.0095,0.0095,0.0095,10000076,2015-04-22,2015-04-22,P,2.65,2015-03-18
26102,2015-04-08 14:03:00,2015-04-08,0.0095,0.0,0.0,1694.0,0.0095,0.0095,0.0095,10000076,2015-04-22,2015-04-22,P,2.65,2015-03-18
26103,2015-04-08 14:04:00,2015-04-08,0.0095,0.0,0.0,1694.0,0.0095,0.0095,0.0095,10000076,2015-04-22,2015-04-22,P,2.65,2015-03-18
26104,2015-04-08 14:05:00,2015-04-08,0.0109,1512.0,14.0,1694.0,0.0107,0.0109,0.0107,10000076,2015-04-22,2015-04-22,P,2.65,2015-03-18
26105,2015-04-08 14:06:00,2015-04-08,0.0109,0.0,0.0,1694.0,0.0109,0.0109,0.0109,10000076,2015-04-22,2015-04-22,P,2.65,2015-03-18
26106,2015-04-08 14:07:00,2015-04-08,0.0109,0.0,0.0,1694.0,0.0109,0.0109,0.0109,10000076,2015-04-22,2015-04-22,P,2.65,2015-03-18
26107,2015-04-08 14:08:00,2015-04-08,0.0109,0.0,0.0,1694.0,0.0109,0.0109,0.0109,10000076,2015-04-22,2015-04-22,P,2.65,2015-03-18
26108,2015-04-08 14:09:00,2015-04-08,0.0103,1228.0,12.0,1695.0,0.0102,0.0103,0.0102,10000076,2015-04-22,2015-04-22,P,2.65,2015-03-18
26109,2015-04-08 14:10:00,2015-04-08,0.0103,0.0,0.0,1695.0,0.0103,0.0103,0.0103,10000076,2015-04-22,2015-04-22,P,2.65,2015-03-18
26110,2015-04-08 14:11:00,2015-04-08,0.0105,315.0,3.0,1698.0,0.0105,0.0105,0.0105,10000076,2015-04-22,2015-04-22,P,2.65,2015-03-18
26111,2015-04-08 14:12:00,2015-04-08,0.0105,0.0,0.0,1698.0,0.0105,0.0105,0.0105,10000076,2015-04-22,2015-04-22,P,2.65,2015-03-18
26112,2015-04-08 14:13:00,2015-04-08,0.0106,636.0,6.0,1704.0,0.0106,0.0106,0.0106,10000076,2015-04-22,2015-04-22,P,2.65,2015-03-18
26113,2015-04-08 14:14:00,2015-04-08,0.0106,0.0,0.0,1704.0,0.0106,0.0106,0.0106,10000076,2015-04-22,2015-04-22,P,2.65,2015-03-18
26114,2015-04-08 14:15:00,2015-04-08,0.0106,0.0,0.0,1704.0,0.0106,0.0106,0.0106,10000076,2015-04-22,2015-04-22,P,2.65,2015-03-18
26115,2015-04-08 14:16:00,2015-04-08,0.0112,224.0,2.0,1706.0,0.0112,0.0112,0.0112,10000076,2015-04-22,2015-04-22,P,2.65,2015-03-18
26116,2015-04-08 14:17:00,2015-04-08,0.0112,896.0,8.0,1714.0,0.0112,0.0112,0.0112,10000076,2015-04-22,2015-04-22,P,2.65,2015-03-18
26117,2015-04-08 14:18:00,2015-04-08,0.0112,0.0,0.0,1714.0,0.0112,0.0112,0.0112,10000076,2015-04-22,2015-04-22,P,2.65,2015-03-18
26118,2015-04-08 14:19:00,2015-04-08,0.0118,708.0,6.0,1720.0,0.0118,0.0118,0.0118,10000076,2015-04-22,2015-04-22,P,2.65,2015-03-18
26119,2015-04-08 14:20:00,2015-04-08,0.0118,0.0,0.0,1720.0,0.0118,0.0118,0.0118,10000076,2015-04-22,2015-04-22,P,2.65,2015-03-18
26120,2015-04-08 14:21:00,2015-04-08,0.0118,0.0,0.0,1720.0,0.0118,0.0118,0.0118,10000076,2015-04-22,2015-04-22,P,2.65,2015-03-18
26121,2015-04-08 14:22:00,2015-04-08,0.0127,1270.0,10.0,1730.0,0.0127,0.0127,0.0127,10000076,2015-04-22,2015-04-22,P,2.65,2015-03-18
26122,2015-04-08 14:23:00,2015-04-08,0.0121,1452.0,12.0,1733.0,0.0121,0.0121,0.0121,10000076,2015-04-22,2015-04-22,P,2.65,2015-03-18
26123,2015-04-08 14:24:00,2015-04-08,0.0121,0.0,0.0,1733.0,0.0121,0.0121,0.0121,10000076,2015-04-22,2015-04-22,P,2.65,2015-03-18
26124,2015-04-08 14:25:00,2015-04-08,0.0121,0.0,0.0,1733.0,0.0121,0.0121,0.0121,10000076,2015-04-22,2015-04-22,P,2.65,2015-03-18
26125,2015-04-08 14:26:00,2015-04-08,0.0131,6341.0,49.0,1776.0,0.0124,0.0131,0.0124,10000076,2015-04-22,2015-04-22,P,2.65,2015-03-18
26126,2015-04-08 14:27:00,2015-04-08,0.0137,685.0,5.0,1776.0,0.0137,0.0137,0.0137,10000076,2015-04-22,2015-04-22,P,2.65,2015-03-18
26127,2015-04-08 14:28:00,2015-04-08,0.013,130.0,1.0,1776.0,0.013,0.013,0.013,10000076,2015-04-22,2015-04-22,P,2.65,2015-03-18
26128,2015-04-08 14:29:00,2015-04-08,0.013,0.0,0.0,1776.0,0.013,0.013,0.013,10000076,2015-04-22,2015-04-22,P,2.65,2015-03-18
26129,2015-04-08 14:30:00,2015-04-08,0.013,0.0,0.0,1776.0,0.013,0.013,0.013,10000076,2015-04-22,2015-04-22,P,2.65,2015-03-18
26130,2015-04-08 14:31:00,2015-04-08,0.013,0.0,0.0,1776.0,0.013,0.013,0.013,10000076,2015-04-22,2015-04-22,P,2.65,2015-03-18
26131,2015-04-08 14:32:00,2015-04-08,0.013,0.0,0.0,1776.0,0.013,0.013,0.013,10000076,2015-04-22,2015-04-22,P,2.65,2015-03-18
26132,2015-04-08 14:33:00,2015-04-08,0.013,0.0,0.0,1776.0,0.013,0.013,0.013,10000076,2015-04-22,2015-04-22,P,2.65,2015-03-18
26133,2015-04-08 14:34:00,2015-04-08,0.0126,1611.0,13.0,1779.0,0.0126,0.0117,0.0117,10000076,2015-04-22,2015-04-22,P,2.65,2015-03-18
26134,2015-04-08 14:35:00,2015-04-08,0.0124,744.0,6.0,1785.0,0.0124,0.0124,0.0124,10000076,2015-04-22,2015-04-22,P,2.65,2015-03-18
26135,2015-04-08 14:36:00,2015-04-08,0.0124,0.0,0.0,1785.0,0.0124,0.0124,0.0124,10000076,2015-04-22,2015-04-22,P,2.65,2015-03-18
26136,2015-04-08 14:37:00,2015-04-08,0.0115,230.0,2.0,1784.0,0.0115,0.0115,0.0115,10000076,2015-04-22,2015-04-22,P,2.65,2015-03-18
26137,2015-04-08 14:38:00,2015-04-08,0.0115,0.0,0.0,1784.0,0.0115,0.0115,0.0115,10000076,2015-04-22,2015-04-22,P,2.65,2015-03-18
26138,2015-04-08 14:39:00,2015-04-08,0.0115,0.0,0.0,1784.0,0.0115,0.0115,0.0115,10000076,2015-04-22,2015-04-22,P,2.65,2015-03-18
26139,2015-04-08 14:40:00,2015-04-08,0.0115,0.0,0.0,1784.0,0.0115,0.0115,0.0115,10000076,2015-04-22,2015-04-22,P,2.65,2015-03-18
26140,2015-04-08 14:41:00,2015-04-08,0.0115,0.0,0.0,1784.0,0.0115,0.0115,0.0115,10000076,2015-04-22,2015-04-22,P,2.65,2015-03-18
26141,2015-04-08 14:42:00,2015-04-08,0.0115,0.0,0.0,1784.0,0.0115,0.0115,0.0115,10000076,2015-04-22,2015-04-22,P,2.65,2015-03-18
26142,2015-04-08 14:43:00,2015-04-08,0.0115,0.0,0.0,1784.0,0.0115,0.0115,0.0115,10000076,2015-04-22,2015-04-22,P,2.65,2015-03-18
26143,2015-04-08 14:44:00,2015-04-08,0.0117,2052.0,18.0,1789.0,0.0117,0.0113,0.011,10000076,2015-04-22,2015-04-22,P,2.65,2015-03-18
26144,2015-04-08 14:45:00,2015-04-08,0.011,1190.0,11.0,1787.0,0.011,0.01,0.01,10000076,2015-04-22,2015-04-22,P,2.65,2015-03-18
26145,2015-04-08 14:46:00,2015-04-08,0.0107,1070.0,10.0,1797.0,0.0107,0.0107,0.0107,10000076,2015-04-22,2015-04-22,P,2.65,2015-03-18
26146,2015-04-08 14:47:00,2015-04-08,0.0107,0.0,0.0,1797.0,0.0107,0.0107,0.0107,10000076,2015-04-22,2015-04-22,P,2.65,2015-03-18
26147,2015-04-08 14:48:00,2015-04-08,0.011,330.0,3.0,1800.0,0.011,0.011,0.011,10000076,2015-04-22,2015-04-22,P,2.65,2015-03-18
26148,2015-04-08 14:49:00,2015-04-08,0.011,0.0,0.0,1800.0,0.011,0.011,0.011,10000076,2015-04-22,2015-04-22,P,2.65,2015-03-18
26149,2015-04-08 14:50:00,2015-04-08,0.011,0.0,0.0,1800.0,0.011,0.011,0.011,10000076,2015-04-22,2015-04-22,P,2.65,2015-03-18
26150,2015-04-08 14:51:00,2015-04-08,0.011,0.0,0.0,1800.0,0.011,0.011,0.011,10000076,2015-04-22,2015-04-22,P,2.65,2015-03-18
26151,2015-04-08 14:52:00,2015-04-08,0.011,0.0,0.0,1800.0,0.011,0.011,0.011,10000076,2015-04-22,2015-04-22,P,2.65,2015-03-18
26152,2015-04-08 14:53:00,2015-04-08,0.0106,106.0,1.0,1800.0,0.0106,0.0106,0.0106,10000076,2015-04-22,2015-04-22,P,2.65,2015-03-18
26153,2015-04-08 14:54:00,2015-04-08,0.0106,0.0,0.0,1800.0,0.0106,0.0106,0.0106,10000076,2015-04-22,2015-04-22,P,2.65,2015-03-18
26154,2015-04-08 14:55:00,2015-04-08,0.0106,0.0,0.0,1800.0,0.0106,0.0106,0.0106,10000076,2015-04-22,2015-04-22,P,2.65,2015-03-18
26155,2015-04-08 14:56:00,2015-04-08,0.0106,0.0,0.0,1800.0,0.0106,0.0106,0.0106,10000076,2015-04-22,2015-04-22,P,2.65,2015-03-18
26156,2015-04-08 14:57:00,2015-04-08,0.0106,0.0,0.0,1800.0,0.0106,0.0106,0.0106,10000076,2015-04-22,2015-04-22,P,2.65,2015-03-18
26157,2015-04-08 14:58:00,2015-04-08,0.0106,0.0,0.0,1800.0,0.0106,0.0106,0.0106,10000076,2015-04-22,2015-04-22,P,2.65,2015-03-18
26158,2015-04-08 14:59:00,2015-04-08,0.0106,0.0,0.0,1800.0,0.0106,0.0106,0.0106,10000076,2015-04-22,2015-04-22,P,2.65,2015-03-18
26159,2015-04-08 15:00:00,2015-04-08,0.0109,109.0,1.0,1788.0,0.0109,0.0109,0.0109,10000076,2015-04-22,2015-04-22,P,2.65,2015-03-18
26160,2015-04-08 09:31:00,2015-04-08,0.1089,0.0,0.0,0.0,0.1089,0.1089,0.1089,10000086,2015-06-24,2015-06-24,P,2.7,2015-03-20
26161,2015-04-08 09:32:00,2015-04-08,0.1089,0.0,0.0,0.0,0.1089,0.1089,0.1089,10000086,2015-06-24,2015-06-24,P,2.7,2015-03-20
26162,2015-04-08 09:33:00,2015-04-08,0.1089,0.0,0.0,0.0,0.1089,0.1089,0.1089,10000086,2015-06-24,2015-06-24,P,2.7,2015-03-20
26163,2015-04-08 09:34:00,2015-04-08,0.1089,0.0,0.0,0.0,0.1089,0.1089,0.1089,10000086,2015-06-24,2015-06-24,P,2.7,2015-03-20
26164,2015-04-08 09:35:00,2015-04-08,0.1089,0.0,0.0,0.0,0.1089,0.1089,0.1089,10000086,2015-06-24,2015-06-24,P,2.7,2015-03-20
26165,2015-04-08 09:36:00,2015-04-08,0.1089,0.0,0.0,0.0,0.1089,0.1089,0.1089,10000086,2015-06-24,2015-06-24,P,2.7,2015-03-20
26166,2015-04-08 09:37:00,2015-04-08,0.1089,0.0,0.0,0.0,0.1089,0.1089,0.1089,10000086,2015-06-24,2015-06-24,P,2.7,2015-03-20
26167,2015-04-08 09:38:00,2015-04-08,0.1089,0.0,0.0,0.0,0.1089,0.1089,0.1089,10000086,2015-06-24,2015-06-24,P,2.7,2015-03-20
26168,2015-04-08 09:39:00,2015-04-08,0.1089,0.0,0.0,0.0,0.1089,0.1089,0.1089,10000086,2015-06-24,2015-06-24,P,2.7,2015-03-20
26169,2015-04-08 09:40:00,2015-04-08,0.1089,0.0,0.0,0.0,0.1089,0.1089,0.1089,10000086,2015-06-24,2015-06-24,P,2.7,2015-03-20
26170,2015-04-08 09:41:00,2015-04-08,0.1089,0.0,0.0,0.0,0.1089,0.1089,0.1089,10000086,2015-06-24,2015-06-24,P,2.7,2015-03-20
26171,2015-04-08 09:42:00,2015-04-08,0.1089,0.0,0.0,0.0,0.1089,0.1089,0.1089,10000086,2015-06-24,2015-06-24,P,2.7,2015-03-20
26172,2015-04-08 09:43:00,2015-04-08,0.1089,0.0,0.0,0.0,0.1089,0.1089,0.1089,10000086,2015-06-24,2015-06-24,P,2.7,2015-03-20
26173,2015-04-08 09:44:00,2015-04-08,0.1089,0.0,0.0,0.0,0.1089,0.1089,0.1089,10000086,2015-06-24,2015-06-24,P,2.7,2015-03-20
26174,2015-04-08 09:45:00,2015-04-08,0.1089,0.0,0.0,0.0,0.1089,0.1089,0.1089,10000086,2015-06-24,2015-06-24,P,2.7,2015-03-20
26175,2015-04-08 09:46:00,2015-04-08,0.1089,0.0,0.0,0.0,0.1089,0.1089,0.1089,10000086,2015-06-24,2015-06-24,P,2.7,2015-03-20
26176,2015-04-08 09:47:00,2015-04-08,0.1089,0.0,0.0,0.0,0.1089,0.1089,0.1089,10000086,2015-06-24,2015-06-24,P,2.7,2015-03-20
26177,2015-04-08 09:48:00,2015-04-08,0.1089,0.0,0.0,0.0,0.1089,0.1089,0.1089,10000086,2015-06-24,2015-06-24,P,2.7,2015-03-20
26178,2015-04-08 09:49:00,2015-04-08,0.1089,0.0,0.0,0.0,0.1089,0.1089,0.1089,10000086,2015-06-24,2015-06-24,P,2.7,2015-03-20
26179,2015-04-08 09:50:00,2015-04-08,0.1089,0.0,0.0,0.0,0.1089,0.1089,0.1089,10000086,2015-06-24,2015-06-24,P,2.7,2015-03-20
26180,2015-04-08 09:51:00,2015-04-08,0.1089,0.0,0.0,0.0,0.1089,0.1089,0.1089,10000086,2015-06-24,2015-06-24,P,2.7,2015-03-20
26181,2015-04-08 09:52:00,2015-04-08,0.1089,0.0,0.0,0.0,0.1089,0.1089,0.1089,10000086,2015-06-24,2015-06-24,P,2.7,2015-03-20
26182,2015-04-08 09:53:00,2015-04-08,0.1089,0.0,0.0,0.0,0.1089,0.1089,0.1089,10000086,2015-06-24,2015-06-24,P,2.7,2015-03-20
26183,2015-04-08 09:54:00,2015-04-08,0.1089,0.0,0.0,0.0,0.1089,0.1089,0.1089,10000086,2015-06-24,2015-06-24,P,2.7,2015-03-20
26184,2015-04-08 09:55:00,2015-04-08,0.1089,0.0,0.0,0.0,0.1089,0.1089,0.1089,10000086,2015-06-24,2015-06-24,P,2.7,2015-03-20
26185,2015-04-08 09:56:00,2015-04-08,0.1089,0.0,0.0,0.0,0.1089,0.1089,0.1089,10000086,2015-06-24,2015-06-24,P,2.7,2015-03-20
26186,2015-04-08 09:57:00,2015-04-08,0.1089,0.0,0.0,0.0,0.1089,0.1089,0.1089,10000086,2015-06-24,2015-06-24,P,2.7,2015-03-20
26187,2015-04-08 09:58:00,2015-04-08,0.1089,0.0,0.0,0.0,0.1089,0.1089,0.1089,10000086,2015-06-24,2015-06-24,P,2.7,2015-03-20
26188,2015-04-08 09:59:00,2015-04-08,0.1089,0.0,0.0,0.0,0.1089,0.1089,0.1089,10000086,2015-06-24,2015-06-24,P,2.7,2015-03-20
26189,2015-04-08 10:00:00,2015-04-08,0.1089,0.0,0.0,0.0,0.1089,0.1089,0.1089,10000086,2015-06-24,2015-06-24,P,2.7,2015-03-20
26190,2015-04-08 10:01:00,2015-04-08,0.1089,0.0,0.0,0.0,0.1089,0.1089,0.1089,10000086,2015-06-24,2015-06-24,P,2.7,2015-03-20
26191,2015-04-08 10:02:00,2015-04-08,0.1089,0.0,0.0,0.0,0.1089,0.1089,0.1089,10000086,2015-06-24,2015-06-24,P,2.7,2015-03-20
26192,2015-04-08 10:03:00,2015-04-08,0.1089,0.0,0.0,0.0,0.1089,0.1089,0.1089,10000086,2015-06-24,2015-06-24,P,2.7,2015-03-20
26193,2015-04-08 10:04:00,2015-04-08,0.1089,0.0,0.0,0.0,0.1089,0.1089,0.1089,10000086,2015-06-24,2015-06-24,P,2.7,2015-03-20
26194,2015-04-08 10:05:00,2015-04-08,0.1089,0.0,0.0,0.0,0.1089,0.1089,0.1089,10000086,2015-06-24,2015-06-24,P,2.7,2015-03-20
26195,2015-04-08 10:06:00,2015-04-08,0.1089,0.0,0.0,0.0,0.1089,0.1089,0.1089,10000086,2015-06-24,2015-06-24,P,2.7,2015-03-20
26196,2015-04-08 10:07:00,2015-04-08,0.1089,0.0,0.0,0.0,0.1089,0.1089,0.1089,10000086,2015-06-24,2015-06-24,P,2.7,2015-03-20
26197,2015-04-08 10:08:00,2015-04-08,0.1089,0.0,0.0,0.0,0.1089,0.1089,0.1089,10000086,2015-06-24,2015-06-24,P,2.7,2015-03-20
26198,2015-04-08 10:09:00,2015-04-08,0.1089,0.0,0.0,0.0,0.1089,0.1089,0.1089,10000086,2015-06-24,2015-06-24,P,2.7,2015-03-20
26199,2015-04-08 10:10:00,2015-04-08,0.1089,0.0,0.0,0.0,0.1089,0.1089,0.1089,10000086,2015-06-24,2015-06-24,P,2.7,2015-03-20
26200,2015-04-08 10:11:00,2015-04-08,0.1089,0.0,0.0,0.0,0.1089,0.1089,0.1089,10000086,2015-06-24,2015-06-24,P,2.7,2015-03-20
26201,2015-04-08 10:12:00,2015-04-08,0.1089,0.0,0.0,0.0,0.1089,0.1089,0.1089,10000086,2015-06-24,2015-06-24,P,2.7,2015-03-20
26202,2015-04-08 10:13:00,2015-04-08,0.1089,0.0,0.0,0.0,0.1089,0.1089,0.1089,10000086,2015-06-24,2015-06-24,P,2.7,2015-03-20
26203,2015-04-08 10:14:00,2015-04-08,0.1089,0.0,0.0,0.0,0.1089,0.1089,0.1089,10000086,2015-06-24,2015-06-24,P,2.7,2015-03-20
26204,2015-04-08 10:15:00,2015-04-08,0.1089,0.0,0.0,0.0,0.1089,0.1089,0.1089,10000086,2015-06-24,2015-06-24,P,2.7,2015-03-20
26205,2015-04-08 10:16:00,2015-04-08,0.1089,0.0,0.0,0.0,0.1089,0.1089,0.1089,10000086,2015-06-24,2015-06-24,P,2.7,2015-03-20
26206,2015-04-08 10:17:00,2015-04-08,0.1089,0.0,0.0,0.0,0.1089,0.1089,0.1089,10000086,2015-06-24,2015-06-24,P,2.7,2015-03-20
26207,2015-04-08 10:18:00,2015-04-08,0.1089,0.0,0.0,0.0,0.1089,0.1089,0.1089,10000086,2015-06-24,2015-06-24,P,2.7,2015-03-20
26208,2015-04-08 10:19:00,2015-04-08,0.1089,0.0,0.0,0.0,0.1089,0.1089,0.1089,10000086,2015-06-24,2015-06-24,P,2.7,2015-03-20
26209,2015-04-08 10:20:00,2015-04-08,0.1089,0.0,0.0,0.0,0.1089,0.1089,0.1089,10000086,2015-06-24,2015-06-24,P,2.7,2015-03-20
26210,2015-04-08 10:21:00,2015-04-08,0.1089,0.0,0.0,0.0,0.1089,0.1089,0.1089,10000086,2015-06-24,2015-06-24,P,2.7,2015-03-20
26211,2015-04-08 10:22:00,2015-04-08,0.1089,0.0,0.0,0.0,0.1089,0.1089,0.1089,10000086,2015-06-24,2015-06-24,P,2.7,2015-03-20
26212,2015-04-08 10:23:00,2015-04-08,0.1089,0.0,0.0,0.0,0.1089,0.1089,0.1089,10000086,2015-06-24,2015-06-24,P,2.7,2015-03-20
26213,2015-04-08 10:24:00,2015-04-08,0.1089,0.0,0.0,0.0,0.1089,0.1089,0.1089,10000086,2015-06-24,2015-06-24,P,2.7,2015-03-20
26214,2015-04-08 10:25:00,2015-04-08,0.1089,0.0,0.0,0.0,0.1089,0.1089,0.1089,10000086,2015-06-24,2015-06-24,P,2.7,2015-03-20
26215,2015-04-08 10:26:00,2015-04-08,0.1089,0.0,0.0,0.0,0.1089,0.1089,0.1089,10000086,2015-06-24,2015-06-24,P,2.7,2015-03-20
26216,2015-04-08 10:27:00,2015-04-08,0.1089,0.0,0.0,0.0,0.1089,0.1089,0.1089,10000086,2015-06-24,2015-06-24,P,2.7,2015-03-20
26217,2015-04-08 10:28:00,2015-04-08,0.1089,0.0,0.0,0.0,0.1089,0.1089,0.1089,10000086,2015-06-24,2015-06-24,P,2.7,2015-03-20
26218,2015-04-08 10:29:00,2015-04-08,0.1089,0.0,0.0,0.0,0.1089,0.1089,0.1089,10000086,2015-06-24,2015-06-24,P,2.7,2015-03-20
26219,2015-04-08 10:30:00,2015-04-08,0.1089,0.0,0.0,0.0,0.1089,0.1089,0.1089,10000086,2015-06-24,2015-06-24,P,2.7,2015-03-20
26220,2015-04-08 10:31:00,2015-04-08,0.1089,0.0,0.0,0.0,0.1089,0.1089,0.1089,10000086,2015-06-24,2015-06-24,P,2.7,2015-03-20
26221,2015-04-08 10:32:00,2015-04-08,0.1089,0.0,0.0,0.0,0.1089,0.1089,0.1089,10000086,2015-06-24,2015-06-24,P,2.7,2015-03-20
26222,2015-04-08 10:33:00,2015-04-08,0.1089,0.0,0.0,0.0,0.1089,0.1089,0.1089,10000086,2015-06-24,2015-06-24,P,2.7,2015-03-20
26223,2015-04-08 10:34:00,2015-04-08,0.1089,0.0,0.0,0.0,0.1089,0.1089,0.1089,10000086,2015-06-24,2015-06-24,P,2.7,2015-03-20
26224,2015-04-08 10:35:00,2015-04-08,0.1089,0.0,0.0,0.0,0.1089,0.1089,0.1089,10000086,2015-06-24,2015-06-24,P,2.7,2015-03-20
26225,2015-04-08 10:36:00,2015-04-08,0.1089,0.0,0.0,0.0,0.1089,0.1089,0.1089,10000086,2015-06-24,2015-06-24,P,2.7,2015-03-20
26226,2015-04-08 10:37:00,2015-04-08,0.1089,0.0,0.0,0.0,0.1089,0.1089,0.1089,10000086,2015-06-24,2015-06-24,P,2.7,2015-03-20
26227,2015-04-08 10:38:00,2015-04-08,0.1089,0.0,0.0,0.0,0.1089,0.1089,0.1089,10000086,2015-06-24,2015-06-24,P,2.7,2015-03-20
26228,2015-04-08 10:39:00,2015-04-08,0.1089,0.0,0.0,0.0,0.1089,0.1089,0.1089,10000086,2015-06-24,2015-06-24,P,2.7,2015-03-20
26229,2015-04-08 10:40:00,2015-04-08,0.1089,0.0,0.0,0.0,0.1089,0.1089,0.1089,10000086,2015-06-24,2015-06-24,P,2.7,2015-03-20
26230,2015-04-08 10:41:00,2015-04-08,0.1089,0.0,0.0,0.0,0.1089,0.1089,0.1089,10000086,2015-06-24,2015-06-24,P,2.7,2015-03-20
26231,2015-04-08 10:42:00,2015-04-08,0.0964,-21005.0,-22.0,155.0,0.0964,0.0964,0.0964,10000086,2015-06-24,2015-06-24,P,2.7,2015-03-20
26232,2015-04-08 10:43:00,2015-04-08,0.0964,0.0,0.0,155.0,0.0964,0.0964,0.0964,10000086,2015-06-24,2015-06-24,P,2.7,2015-03-20
26233,2015-04-08 10:44:00,2015-04-08,0.0964,0.0,0.0,155.0,0.0964,0.0964,0.0964,10000086,2015-06-24,2015-06-24,P,2.7,2015-03-20
26234,2015-04-08 10:45:00,2015-04-08,0.0964,0.0,0.0,155.0,0.0964,0.0964,0.0964,10000086,2015-06-24,2015-06-24,P,2.7,2015-03-20
26235,2015-04-08 10:46:00,2015-04-08,0.0978,978.0,1.0,156.0,0.0978,0.0978,0.0978,10000086,2015-06-24,2015-06-24,P,2.7,2015-03-20
26236,2015-04-08 10:47:00,2015-04-08,0.0978,0.0,0.0,156.0,0.0978,0.0978,0.0978,10000086,2015-06-24,2015-06-24,P,2.7,2015-03-20
26237,2015-04-08 10:48:00,2015-04-08,0.0997,3988.0,4.0,156.0,0.0997,0.0997,0.0997,10000086,2015-06-24,2015-06-24,P,2.7,2015-03-20
26238,2015-04-08 10:49:00,2015-04-08,0.0997,0.0,0.0,156.0,0.0997,0.0997,0.0997,10000086,2015-06-24,2015-06-24,P,2.7,2015-03-20
26239,2015-04-08 10:50:00,2015-04-08,0.0997,0.0,0.0,156.0,0.0997,0.0997,0.0997,10000086,2015-06-24,2015-06-24,P,2.7,2015-03-20
26240,2015-04-08 10:51:00,2015-04-08,0.0997,0.0,0.0,156.0,0.0997,0.0997,0.0997,10000086,2015-06-24,2015-06-24,P,2.7,2015-03-20
26241,2015-04-08 10:52:00,2015-04-08,0.0997,0.0,0.0,156.0,0.0997,0.0997,0.0997,10000086,2015-06-24,2015-06-24,P,2.7,2015-03-20
26242,2015-04-08 10:53:00,2015-04-08,0.0997,997.0,1.0,155.0,0.0997,0.0997,0.0997,10000086,2015-06-24,2015-06-24,P,2.7,2015-03-20
26243,2015-04-08 10:54:00,2015-04-08,0.0997,0.0,0.0,155.0,0.0997,0.0997,0.0997,10000086,2015-06-24,2015-06-24,P,2.7,2015-03-20
26244,2015-04-08 10:55:00,2015-04-08,0.0997,0.0,0.0,155.0,0.0997,0.0997,0.0997,10000086,2015-06-24,2015-06-24,P,2.7,2015-03-20
26245,2015-04-08 10:56:00,2015-04-08,0.0997,0.0,0.0,155.0,0.0997,0.0997,0.0997,10000086,2015-06-24,2015-06-24,P,2.7,2015-03-20
26246,2015-04-08 10:57:00,2015-04-08,0.0997,0.0,0.0,155.0,0.0997,0.0997,0.0997,10000086,2015-06-24,2015-06-24,P,2.7,2015-03-20
26247,2015-04-08 10:58:00,2015-04-08,0.0997,0.0,0.0,155.0,0.0997,0.0997,0.0997,10000086,2015-06-24,2015-06-24,P,2.7,2015-03-20
26248,2015-04-08 10:59:00,2015-04-08,0.0997,0.0,0.0,155.0,0.0997,0.0997,0.0997,10000086,2015-06-24,2015-06-24,P,2.7,2015-03-20
26249,2015-04-08 11:00:00,2015-04-08,0.0997,0.0,0.0,155.0,0.0997,0.0997,0.0997,10000086,2015-06-24,2015-06-24,P,2.7,2015-03-20
26250,2015-04-08 11:01:00,2015-04-08,0.0997,0.0,0.0,155.0,0.0997,0.0997,0.0997,10000086,2015-06-24,2015-06-24,P,2.7,2015-03-20
26251,2015-04-08 11:02:00,2015-04-08,0.0997,0.0,0.0,155.0,0.0997,0.0997,0.0997,10000086,2015-06-24,2015-06-24,P,2.7,2015-03-20
26252,2015-04-08 11:03:00,2015-04-08,0.0997,0.0,0.0,155.0,0.0997,0.0997,0.0997,10000086,2015-06-24,2015-06-24,P,2.7,2015-03-20
26253,2015-04-08 11:04:00,2015-04-08,0.0997,0.0,0.0,155.0,0.0997,0.0997,0.0997,10000086,2015-06-24,2015-06-24,P,2.7,2015-03-20
26254,2015-04-08 11:05:00,2015-04-08,0.0997,0.0,0.0,155.0,0.0997,0.0997,0.0997,10000086,2015-06-24,2015-06-24,P,2.7,2015-03-20
26255,2015-04-08 11:06:00,2015-04-08,0.0997,0.0,0.0,155.0,0.0997,0.0997,0.0997,10000086,2015-06-24,2015-06-24,P,2.7,2015-03-20
26256,2015-04-08 11:07:00,2015-04-08,0.0997,0.0,0.0,155.0,0.0997,0.0997,0.0997,10000086,2015-06-24,2015-06-24,P,2.7,2015-03-20
26257,2015-04-08 11:08:00,2015-04-08,0.0997,0.0,0.0,155.0,0.0997,0.0997,0.0997,10000086,2015-06-24,2015-06-24,P,2.7,2015-03-20
26258,2015-04-08 11:09:00,2015-04-08,0.0997,0.0,0.0,155.0,0.0997,0.0997,0.0997,10000086,2015-06-24,2015-06-24,P,2.7,2015-03-20
26259,2015-04-08 11:10:00,2015-04-08,0.0997,0.0,0.0,155.0,0.0997,0.0997,0.0997,10000086,2015-06-24,2015-06-24,P,2.7,2015-03-20
26260,2015-04-08 11:11:00,2015-04-08,0.0997,0.0,0.0,155.0,0.0997,0.0997,0.0997,10000086,2015-06-24,2015-06-24,P,2.7,2015-03-20
26261,2015-04-08 11:12:00,2015-04-08,0.0997,0.0,0.0,155.0,0.0997,0.0997,0.0997,10000086,2015-06-24,2015-06-24,P,2.7,2015-03-20
26262,2015-04-08 11:13:00,2015-04-08,0.0997,0.0,0.0,155.0,0.0997,0.0997,0.0997,10000086,2015-06-24,2015-06-24,P,2.7,2015-03-20
26263,2015-04-08 11:14:00,2015-04-08,0.0997,0.0,0.0,155.0,0.0997,0.0997,0.0997,10000086,2015-06-24,2015-06-24,P,2.7,2015-03-20
26264,2015-04-08 11:15:00,2015-04-08,0.0997,0.0,0.0,155.0,0.0997,0.0997,0.0997,10000086,2015-06-24,2015-06-24,P,2.7,2015-03-20
26265,2015-04-08 11:16:00,2015-04-08,0.0997,0.0,0.0,155.0,0.0997,0.0997,0.0997,10000086,2015-06-24,2015-06-24,P,2.7,2015-03-20
26266,2015-04-08 11:17:00,2015-04-08,0.0997,0.0,0.0,155.0,0.0997,0.0997,0.0997,10000086,2015-06-24,2015-06-24,P,2.7,2015-03-20
26267,2015-04-08 11:18:00,2015-04-08,0.0997,0.0,0.0,155.0,0.0997,0.0997,0.0997,10000086,2015-06-24,2015-06-24,P,2.7,2015-03-20
26268,2015-04-08 11:19:00,2015-04-08,0.0997,0.0,0.0,155.0,0.0997,0.0997,0.0997,10000086,2015-06-24,2015-06-24,P,2.7,2015-03-20
26269,2015-04-08 11:20:00,2015-04-08,0.0997,0.0,0.0,155.0,0.0997,0.0997,0.0997,10000086,2015-06-24,2015-06-24,P,2.7,2015-03-20
26270,2015-04-08 11:21:00,2015-04-08,0.0997,0.0,0.0,155.0,0.0997,0.0997,0.0997,10000086,2015-06-24,2015-06-24,P,2.7,2015-03-20
26271,2015-04-08 11:22:00,2015-04-08,0.0997,0.0,0.0,155.0,0.0997,0.0997,0.0997,10000086,2015-06-24,2015-06-24,P,2.7,2015-03-20
26272,2015-04-08 11:23:00,2015-04-08,0.0997,0.0,0.0,155.0,0.0997,0.0997,0.0997,10000086,2015-06-24,2015-06-24,P,2.7,2015-03-20
26273,2015-04-08 11:24:00,2015-04-08,0.0997,0.0,0.0,155.0,0.0997,0.0997,0.0997,10000086,2015-06-24,2015-06-24,P,2.7,2015-03-20
26274,2015-04-08 11:25:00,2015-04-08,0.0997,0.0,0.0,155.0,0.0997,0.0997,0.0997,10000086,2015-06-24,2015-06-24,P,2.7,2015-03-20
26275,2015-04-08 11:26:00,2015-04-08,0.0997,0.0,0.0,155.0,0.0997,0.0997,0.0997,10000086,2015-06-24,2015-06-24,P,2.7,2015-03-20
26276,2015-04-08 11:27:00,2015-04-08,0.0997,0.0,0.0,155.0,0.0997,0.0997,0.0997,10000086,2015-06-24,2015-06-24,P,2.7,2015-03-20
26277,2015-04-08 11:28:00,2015-04-08,0.0997,0.0,0.0,155.0,0.0997,0.0997,0.0997,10000086,2015-06-24,2015-06-24,P,2.7,2015-03-20
26278,2015-04-08 11:29:00,2015-04-08,0.0997,0.0,0.0,155.0,0.0997,0.0997,0.0997,10000086,2015-06-24,2015-06-24,P,2.7,2015-03-20
26279,2015-04-08 11:30:00,2015-04-08,0.0997,0.0,0.0,155.0,0.0997,0.0997,0.0997,10000086,2015-06-24,2015-06-24,P,2.7,2015-03-20
26280,2015-04-08 13:01:00,2015-04-08,0.0997,0.0,0.0,155.0,0.0997,0.0997,0.0997,10000086,2015-06-24,2015-06-24,P,2.7,2015-03-20
26281,2015-04-08 13:02:00,2015-04-08,0.0997,0.0,0.0,155.0,0.0997,0.0997,0.0997,10000086,2015-06-24,2015-06-24,P,2.7,2015-03-20
26282,2015-04-08 13:03:00,2015-04-08,0.0997,0.0,0.0,155.0,0.0997,0.0997,0.0997,10000086,2015-06-24,2015-06-24,P,2.7,2015-03-20
26283,2015-04-08 13:04:00,2015-04-08,0.0997,0.0,0.0,155.0,0.0997,0.0997,0.0997,10000086,2015-06-24,2015-06-24,P,2.7,2015-03-20
26284,2015-04-08 13:05:00,2015-04-08,0.0997,0.0,0.0,155.0,0.0997,0.0997,0.0997,10000086,2015-06-24,2015-06-24,P,2.7,2015-03-20
26285,2015-04-08 13:06:00,2015-04-08,0.0997,0.0,0.0,155.0,0.0997,0.0997,0.0997,10000086,2015-06-24,2015-06-24,P,2.7,2015-03-20
26286,2015-04-08 13:07:00,2015-04-08,0.0997,0.0,0.0,155.0,0.0997,0.0997,0.0997,10000086,2015-06-24,2015-06-24,P,2.7,2015-03-20
26287,2015-04-08 13:08:00,2015-04-08,0.0997,0.0,0.0,155.0,0.0997,0.0997,0.0997,10000086,2015-06-24,2015-06-24,P,2.7,2015-03-20
26288,2015-04-08 13:09:00,2015-04-08,0.0997,0.0,0.0,155.0,0.0997,0.0997,0.0997,10000086,2015-06-24,2015-06-24,P,2.7,2015-03-20
26289,2015-04-08 13:10:00,2015-04-08,0.0997,0.0,0.0,155.0,0.0997,0.0997,0.0997,10000086,2015-06-24,2015-06-24,P,2.7,2015-03-20
26290,2015-04-08 13:11:00,2015-04-08,0.0997,0.0,0.0,155.0,0.0997,0.0997,0.0997,10000086,2015-06-24,2015-06-24,P,2.7,2015-03-20
26291,2015-04-08 13:12:00,2015-04-08,0.0997,0.0,0.0,155.0,0.0997,0.0997,0.0997,10000086,2015-06-24,2015-06-24,P,2.7,2015-03-20
26292,2015-04-08 13:13:00,2015-04-08,0.0997,0.0,0.0,155.0,0.0997,0.0997,0.0997,10000086,2015-06-24,2015-06-24,P,2.7,2015-03-20
26293,2015-04-08 13:14:00,2015-04-08,0.0997,0.0,0.0,155.0,0.0997,0.0997,0.0997,10000086,2015-06-24,2015-06-24,P,2.7,2015-03-20
26294,2015-04-08 13:15:00,2015-04-08,0.0997,0.0,0.0,155.0,0.0997,0.0997,0.0997,10000086,2015-06-24,2015-06-24,P,2.7,2015-03-20
26295,2015-04-08 13:16:00,2015-04-08,0.0997,0.0,0.0,155.0,0.0997,0.0997,0.0997,10000086,2015-06-24,2015-06-24,P,2.7,2015-03-20
26296,2015-04-08 13:17:00,2015-04-08,0.0997,0.0,0.0,155.0,0.0997,0.0997,0.0997,10000086,2015-06-24,2015-06-24,P,2.7,2015-03-20
26297,2015-04-08 13:18:00,2015-04-08,0.0997,0.0,0.0,155.0,0.0997,0.0997,0.0997,10000086,2015-06-24,2015-06-24,P,2.7,2015-03-20
26298,2015-04-08 13:19:00,2015-04-08,0.0997,0.0,0.0,155.0,0.0997,0.0997,0.0997,10000086,2015-06-24,2015-06-24,P,2.7,2015-03-20
26299,2015-04-08 13:20:00,2015-04-08,0.0997,0.0,0.0,155.0,0.0997,0.0997,0.0997,10000086,2015-06-24,2015-06-24,P,2.7,2015-03-20
26300,2015-04-08 13:21:00,2015-04-08,0.0997,0.0,0.0,155.0,0.0997,0.0997,0.0997,10000086,2015-06-24,2015-06-24,P,2.7,2015-03-20
26301,2015-04-08 13:22:00,2015-04-08,0.0997,0.0,0.0,155.0,0.0997,0.0997,0.0997,10000086,2015-06-24,2015-06-24,P,2.7,2015-03-20
26302,2015-04-08 13:23:00,2015-04-08,0.0997,0.0,0.0,155.0,0.0997,0.0997,0.0997,10000086,2015-06-24,2015-06-24,P,2.7,2015-03-20
26303,2015-04-08 13:24:00,2015-04-08,0.0997,0.0,0.0,155.0,0.0997,0.0997,0.0997,10000086,2015-06-24,2015-06-24,P,2.7,2015-03-20
26304,2015-04-08 13:25:00,2015-04-08,0.0997,0.0,0.0,155.0,0.0997,0.0997,0.0997,10000086,2015-06-24,2015-06-24,P,2.7,2015-03-20
26305,2015-04-08 13:26:00,2015-04-08,0.0997,0.0,0.0,155.0,0.0997,0.0997,0.0997,10000086,2015-06-24,2015-06-24,P,2.7,2015-03-20
26306,2015-04-08 13:27:00,2015-04-08,0.0997,0.0,0.0,155.0,0.0997,0.0997,0.0997,10000086,2015-06-24,2015-06-24,P,2.7,2015-03-20
26307,2015-04-08 13:28:00,2015-04-08,0.0997,0.0,0.0,155.0,0.0997,0.0997,0.0997,10000086,2015-06-24,2015-06-24,P,2.7,2015-03-20
26308,2015-04-08 13:29:00,2015-04-08,0.0997,0.0,0.0,155.0,0.0997,0.0997,0.0997,10000086,2015-06-24,2015-06-24,P,2.7,2015-03-20
26309,2015-04-08 13:30:00,2015-04-08,0.0997,0.0,0.0,155.0,0.0997,0.0997,0.0997,10000086,2015-06-24,2015-06-24,P,2.7,2015-03-20
26310,2015-04-08 13:31:00,2015-04-08,0.0997,0.0,0.0,155.0,0.0997,0.0997,0.0997,10000086,2015-06-24,2015-06-24,P,2.7,2015-03-20
26311,2015-04-08 13:32:00,2015-04-08,0.0997,0.0,0.0,155.0,0.0997,0.0997,0.0997,10000086,2015-06-24,2015-06-24,P,2.7,2015-03-20
26312,2015-04-08 13:33:00,2015-04-08,0.0997,0.0,0.0,155.0,0.0997,0.0997,0.0997,10000086,2015-06-24,2015-06-24,P,2.7,2015-03-20
26313,2015-04-08 13:34:00,2015-04-08,0.0997,0.0,0.0,155.0,0.0997,0.0997,0.0997,10000086,2015-06-24,2015-06-24,P,2.7,2015-03-20
26314,2015-04-08 13:35:00,2015-04-08,0.0997,0.0,0.0,155.0,0.0997,0.0997,0.0997,10000086,2015-06-24,2015-06-24,P,2.7,2015-03-20
26315,2015-04-08 13:36:00,2015-04-08,0.0997,0.0,0.0,155.0,0.0997,0.0997,0.0997,10000086,2015-06-24,2015-06-24,P,2.7,2015-03-20
26316,2015-04-08 13:37:00,2015-04-08,0.0997,0.0,0.0,155.0,0.0997,0.0997,0.0997,10000086,2015-06-24,2015-06-24,P,2.7,2015-03-20
26317,2015-04-08 13:38:00,2015-04-08,0.0997,0.0,0.0,155.0,0.0997,0.0997,0.0997,10000086,2015-06-24,2015-06-24,P,2.7,2015-03-20
26318,2015-04-08 13:39:00,2015-04-08,0.0997,0.0,0.0,155.0,0.0997,0.0997,0.0997,10000086,2015-06-24,2015-06-24,P,2.7,2015-03-20
26319,2015-04-08 13:40:00,2015-04-08,0.0997,0.0,0.0,155.0,0.0997,0.0997,0.0997,10000086,2015-06-24,2015-06-24,P,2.7,2015-03-20
26320,2015-04-08 13:41:00,2015-04-08,0.0997,0.0,0.0,155.0,0.0997,0.0997,0.0997,10000086,2015-06-24,2015-06-24,P,2.7,2015-03-20
26321,2015-04-08 13:42:00,2015-04-08,0.0997,0.0,0.0,155.0,0.0997,0.0997,0.0997,10000086,2015-06-24,2015-06-24,P,2.7,2015-03-20
26322,2015-04-08 13:43:00,2015-04-08,0.0997,0.0,0.0,155.0,0.0997,0.0997,0.0997,10000086,2015-06-24,2015-06-24,P,2.7,2015-03-20
26323,2015-04-08 13:44:00,2015-04-08,0.0997,0.0,0.0,155.0,0.0997,0.0997,0.0997,10000086,2015-06-24,2015-06-24,P,2.7,2015-03-20
26324,2015-04-08 13:45:00,2015-04-08,0.0997,0.0,0.0,155.0,0.0997,0.0997,0.0997,10000086,2015-06-24,2015-06-24,P,2.7,2015-03-20
26325,2015-04-08 13:46:00,2015-04-08,0.0997,0.0,0.0,155.0,0.0997,0.0997,0.0997,10000086,2015-06-24,2015-06-24,P,2.7,2015-03-20
26326,2015-04-08 13:47:00,2015-04-08,0.0997,0.0,0.0,155.0,0.0997,0.0997,0.0997,10000086,2015-06-24,2015-06-24,P,2.7,2015-03-20
26327,2015-04-08 13:48:00,2015-04-08,0.0997,0.0,0.0,155.0,0.0997,0.0997,0.0997,10000086,2015-06-24,2015-06-24,P,2.7,2015-03-20
26328,2015-04-08 13:49:00,2015-04-08,0.0997,0.0,0.0,155.0,0.0997,0.0997,0.0997,10000086,2015-06-24,2015-06-24,P,2.7,2015-03-20
26329,2015-04-08 13:50:00,2015-04-08,0.0997,0.0,0.0,155.0,0.0997,0.0997,0.0997,10000086,2015-06-24,2015-06-24,P,2.7,2015-03-20
26330,2015-04-08 13:51:00,2015-04-08,0.0938,4690.0,5.0,160.0,0.0938,0.0938,0.0938,10000086,2015-06-24,2015-06-24,P,2.7,2015-03-20
26331,2015-04-08 13:52:00,2015-04-08,0.0938,0.0,0.0,160.0,0.0938,0.0938,0.0938,10000086,2015-06-24,2015-06-24,P,2.7,2015-03-20
26332,2015-04-08 13:53:00,2015-04-08,0.0943,4715.0,5.0,165.0,0.0943,0.0943,0.0943,10000086,2015-06-24,2015-06-24,P,2.7,2015-03-20
26333,2015-04-08 13:54:00,2015-04-08,0.0943,0.0,0.0,165.0,0.0943,0.0943,0.0943,10000086,2015-06-24,2015-06-24,P,2.7,2015-03-20
26334,2015-04-08 13:55:00,2015-04-08,0.0943,0.0,0.0,165.0,0.0943,0.0943,0.0943,10000086,2015-06-24,2015-06-24,P,2.7,2015-03-20
26335,2015-04-08 13:56:00,2015-04-08,0.0943,0.0,0.0,165.0,0.0943,0.0943,0.0943,10000086,2015-06-24,2015-06-24,P,2.7,2015-03-20
26336,2015-04-08 13:57:00,2015-04-08,0.0943,0.0,0.0,165.0,0.0943,0.0943,0.0943,10000086,2015-06-24,2015-06-24,P,2.7,2015-03-20
26337,2015-04-08 13:58:00,2015-04-08,0.0942,942.0,1.0,166.0,0.0942,0.0942,0.0942,10000086,2015-06-24,2015-06-24,P,2.7,2015-03-20
26338,2015-04-08 13:59:00,2015-04-08,0.0939,4695.0,5.0,171.0,0.0939,0.0939,0.0939,10000086,2015-06-24,2015-06-24,P,2.7,2015-03-20
26339,2015-04-08 14:00:00,2015-04-08,0.0939,0.0,0.0,171.0,0.0939,0.0939,0.0939,10000086,2015-06-24,2015-06-24,P,2.7,2015-03-20
26340,2015-04-08 14:01:00,2015-04-08,0.0939,0.0,0.0,171.0,0.0939,0.0939,0.0939,10000086,2015-06-24,2015-06-24,P,2.7,2015-03-20
26341,2015-04-08 14:02:00,2015-04-08,0.0939,0.0,0.0,171.0,0.0939,0.0939,0.0939,10000086,2015-06-24,2015-06-24,P,2.7,2015-03-20
26342,2015-04-08 14:03:00,2015-04-08,0.0939,0.0,0.0,171.0,0.0939,0.0939,0.0939,10000086,2015-06-24,2015-06-24,P,2.7,2015-03-20
26343,2015-04-08 14:04:00,2015-04-08,0.0939,0.0,0.0,171.0,0.0939,0.0939,0.0939,10000086,2015-06-24,2015-06-24,P,2.7,2015-03-20
26344,2015-04-08 14:05:00,2015-04-08,0.0939,0.0,0.0,171.0,0.0939,0.0939,0.0939,10000086,2015-06-24,2015-06-24,P,2.7,2015-03-20
26345,2015-04-08 14:06:00,2015-04-08,0.0939,0.0,0.0,171.0,0.0939,0.0939,0.0939,10000086,2015-06-24,2015-06-24,P,2.7,2015-03-20
26346,2015-04-08 14:07:00,2015-04-08,0.0939,0.0,0.0,171.0,0.0939,0.0939,0.0939,10000086,2015-06-24,2015-06-24,P,2.7,2015-03-20
26347,2015-04-08 14:08:00,2015-04-08,0.0939,0.0,0.0,171.0,0.0939,0.0939,0.0939,10000086,2015-06-24,2015-06-24,P,2.7,2015-03-20
26348,2015-04-08 14:09:00,2015-04-08,0.0939,0.0,0.0,171.0,0.0939,0.0939,0.0939,10000086,2015-06-24,2015-06-24,P,2.7,2015-03-20
26349,2015-04-08 14:10:00,2015-04-08,0.0939,0.0,0.0,171.0,0.0939,0.0939,0.0939,10000086,2015-06-24,2015-06-24,P,2.7,2015-03-20
26350,2015-04-08 14:11:00,2015-04-08,0.0939,0.0,0.0,171.0,0.0939,0.0939,0.0939,10000086,2015-06-24,2015-06-24,P,2.7,2015-03-20
26351,2015-04-08 14:12:00,2015-04-08,0.0939,0.0,0.0,171.0,0.0939,0.0939,0.0939,10000086,2015-06-24,2015-06-24,P,2.7,2015-03-20
26352,2015-04-08 14:13:00,2015-04-08,0.0939,0.0,0.0,171.0,0.0939,0.0939,0.0939,10000086,2015-06-24,2015-06-24,P,2.7,2015-03-20
26353,2015-04-08 14:14:00,2015-04-08,0.0939,0.0,0.0,171.0,0.0939,0.0939,0.0939,10000086,2015-06-24,2015-06-24,P,2.7,2015-03-20
26354,2015-04-08 14:15:00,2015-04-08,0.0939,0.0,0.0,171.0,0.0939,0.0939,0.0939,10000086,2015-06-24,2015-06-24,P,2.7,2015-03-20
26355,2015-04-08 14:16:00,2015-04-08,0.0939,0.0,0.0,171.0,0.0939,0.0939,0.0939,10000086,2015-06-24,2015-06-24,P,2.7,2015-03-20
26356,2015-04-08 14:17:00,2015-04-08,0.0939,0.0,0.0,171.0,0.0939,0.0939,0.0939,10000086,2015-06-24,2015-06-24,P,2.7,2015-03-20
26357,2015-04-08 14:18:00,2015-04-08,0.0939,0.0,0.0,171.0,0.0939,0.0939,0.0939,10000086,2015-06-24,2015-06-24,P,2.7,2015-03-20
26358,2015-04-08 14:19:00,2015-04-08,0.0939,0.0,0.0,171.0,0.0939,0.0939,0.0939,10000086,2015-06-24,2015-06-24,P,2.7,2015-03-20
26359,2015-04-08 14:20:00,2015-04-08,0.0939,0.0,0.0,171.0,0.0939,0.0939,0.0939,10000086,2015-06-24,2015-06-24,P,2.7,2015-03-20
26360,2015-04-08 14:21:00,2015-04-08,0.0939,0.0,0.0,171.0,0.0939,0.0939,0.0939,10000086,2015-06-24,2015-06-24,P,2.7,2015-03-20
26361,2015-04-08 14:22:00,2015-04-08,0.0939,0.0,0.0,171.0,0.0939,0.0939,0.0939,10000086,2015-06-24,2015-06-24,P,2.7,2015-03-20
26362,2015-04-08 14:23:00,2015-04-08,0.0939,0.0,0.0,171.0,0.0939,0.0939,0.0939,10000086,2015-06-24,2015-06-24,P,2.7,2015-03-20
26363,2015-04-08 14:24:00,2015-04-08,0.0939,0.0,0.0,171.0,0.0939,0.0939,0.0939,10000086,2015-06-24,2015-06-24,P,2.7,2015-03-20
26364,2015-04-08 14:25:00,2015-04-08,0.0939,0.0,0.0,171.0,0.0939,0.0939,0.0939,10000086,2015-06-24,2015-06-24,P,2.7,2015-03-20
26365,2015-04-08 14:26:00,2015-04-08,0.0939,0.0,0.0,171.0,0.0939,0.0939,0.0939,10000086,2015-06-24,2015-06-24,P,2.7,2015-03-20
26366,2015-04-08 14:27:00,2015-04-08,0.0939,0.0,0.0,171.0,0.0939,0.0939,0.0939,10000086,2015-06-24,2015-06-24,P,2.7,2015-03-20
26367,2015-04-08 14:28:00,2015-04-08,0.0939,0.0,0.0,171.0,0.0939,0.0939,0.0939,10000086,2015-06-24,2015-06-24,P,2.7,2015-03-20
26368,2015-04-08 14:29:00,2015-04-08,0.0939,0.0,0.0,171.0,0.0939,0.0939,0.0939,10000086,2015-06-24,2015-06-24,P,2.7,2015-03-20
26369,2015-04-08 14:30:00,2015-04-08,0.0939,0.0,0.0,171.0,0.0939,0.0939,0.0939,10000086,2015-06-24,2015-06-24,P,2.7,2015-03-20
26370,2015-04-08 14:31:00,2015-04-08,0.0939,0.0,0.0,171.0,0.0939,0.0939,0.0939,10000086,2015-06-24,2015-06-24,P,2.7,2015-03-20
26371,2015-04-08 14:32:00,2015-04-08,0.0939,0.0,0.0,171.0,0.0939,0.0939,0.0939,10000086,2015-06-24,2015-06-24,P,2.7,2015-03-20
26372,2015-04-08 14:33:00,2015-04-08,0.0939,0.0,0.0,171.0,0.0939,0.0939,0.0939,10000086,2015-06-24,2015-06-24,P,2.7,2015-03-20
26373,2015-04-08 14:34:00,2015-04-08,0.0939,0.0,0.0,171.0,0.0939,0.0939,0.0939,10000086,2015-06-24,2015-06-24,P,2.7,2015-03-20
26374,2015-04-08 14:35:00,2015-04-08,0.0939,0.0,0.0,171.0,0.0939,0.0939,0.0939,10000086,2015-06-24,2015-06-24,P,2.7,2015-03-20
26375,2015-04-08 14:36:00,2015-04-08,0.0939,0.0,0.0,171.0,0.0939,0.0939,0.0939,10000086,2015-06-24,2015-06-24,P,2.7,2015-03-20
26376,2015-04-08 14:37:00,2015-04-08,0.0939,0.0,0.0,171.0,0.0939,0.0939,0.0939,10000086,2015-06-24,2015-06-24,P,2.7,2015-03-20
26377,2015-04-08 14:38:00,2015-04-08,0.0939,0.0,0.0,171.0,0.0939,0.0939,0.0939,10000086,2015-06-24,2015-06-24,P,2.7,2015-03-20
26378,2015-04-08 14:39:00,2015-04-08,0.0939,0.0,0.0,171.0,0.0939,0.0939,0.0939,10000086,2015-06-24,2015-06-24,P,2.7,2015-03-20
26379,2015-04-08 14:40:00,2015-04-08,0.0939,0.0,0.0,171.0,0.0939,0.0939,0.0939,10000086,2015-06-24,2015-06-24,P,2.7,2015-03-20
26380,2015-04-08 14:41:00,2015-04-08,0.0939,0.0,0.0,171.0,0.0939,0.0939,0.0939,10000086,2015-06-24,2015-06-24,P,2.7,2015-03-20
26381,2015-04-08 14:42:00,2015-04-08,0.0939,0.0,0.0,171.0,0.0939,0.0939,0.0939,10000086,2015-06-24,2015-06-24,P,2.7,2015-03-20
26382,2015-04-08 14:43:00,2015-04-08,0.0939,0.0,0.0,171.0,0.0939,0.0939,0.0939,10000086,2015-06-24,2015-06-24,P,2.7,2015-03-20
26383,2015-04-08 14:44:00,2015-04-08,0.0939,0.0,0.0,171.0,0.0939,0.0939,0.0939,10000086,2015-06-24,2015-06-24,P,2.7,2015-03-20
26384,2015-04-08 14:45:00,2015-04-08,0.0939,0.0,0.0,171.0,0.0939,0.0939,0.0939,10000086,2015-06-24,2015-06-24,P,2.7,2015-03-20
26385,2015-04-08 14:46:00,2015-04-08,0.0939,0.0,0.0,171.0,0.0939,0.0939,0.0939,10000086,2015-06-24,2015-06-24,P,2.7,2015-03-20
26386,2015-04-08 14:47:00,2015-04-08,0.0939,0.0,0.0,171.0,0.0939,0.0939,0.0939,10000086,2015-06-24,2015-06-24,P,2.7,2015-03-20
26387,2015-04-08 14:48:00,2015-04-08,0.0939,0.0,0.0,171.0,0.0939,0.0939,0.0939,10000086,2015-06-24,2015-06-24,P,2.7,2015-03-20
26388,2015-04-08 14:49:00,2015-04-08,0.0939,0.0,0.0,171.0,0.0939,0.0939,0.0939,10000086,2015-06-24,2015-06-24,P,2.7,2015-03-20
26389,2015-04-08 14:50:00,2015-04-08,0.0939,0.0,0.0,171.0,0.0939,0.0939,0.0939,10000086,2015-06-24,2015-06-24,P,2.7,2015-03-20
26390,2015-04-08 14:51:00,2015-04-08,0.0939,0.0,0.0,171.0,0.0939,0.0939,0.0939,10000086,2015-06-24,2015-06-24,P,2.7,2015-03-20
26391,2015-04-08 14:52:00,2015-04-08,0.0939,0.0,0.0,171.0,0.0939,0.0939,0.0939,10000086,2015-06-24,2015-06-24,P,2.7,2015-03-20
26392,2015-04-08 14:53:00,2015-04-08,0.0939,0.0,0.0,171.0,0.0939,0.0939,0.0939,10000086,2015-06-24,2015-06-24,P,2.7,2015-03-20
26393,2015-04-08 14:54:00,2015-04-08,0.0939,0.0,0.0,171.0,0.0939,0.0939,0.0939,10000086,2015-06-24,2015-06-24,P,2.7,2015-03-20
26394,2015-04-08 14:55:00,2015-04-08,0.0939,0.0,0.0,171.0,0.0939,0.0939,0.0939,10000086,2015-06-24,2015-06-24,P,2.7,2015-03-20
26395,2015-04-08 14:56:00,2015-04-08,0.0939,0.0,0.0,171.0,0.0939,0.0939,0.0939,10000086,2015-06-24,2015-06-24,P,2.7,2015-03-20
26396,2015-04-08 14:57:00,2015-04-08,0.0939,0.0,0.0,171.0,0.0939,0.0939,0.0939,10000086,2015-06-24,2015-06-24,P,2.7,2015-03-20
26397,2015-04-08 14:58:00,2015-04-08,0.0939,0.0,0.0,171.0,0.0939,0.0939,0.0939,10000086,2015-06-24,2015-06-24,P,2.7,2015-03-20
26398,2015-04-08 14:59:00,2015-04-08,0.0939,0.0,0.0,171.0,0.0939,0.0939,0.0939,10000086,2015-06-24,2015-06-24,P,2.7,2015-03-20
26399,2015-04-08 15:00:00,2015-04-08,0.0939,0.0,0.0,171.0,0.0939,0.0939,0.0939,10000086,2015-06-24,2015-06-24,P,2.7,2015-03-20
26400,2015-04-08 09:31:00,2015-04-08,0.2001,0.0,0.0,0.0,0.2001,0.2001,0.2001,10000096,2015-09-23,2015-09-23,P,2.75,2015-03-23
26401,2015-04-08 09:32:00,2015-04-08,0.2001,0.0,0.0,0.0,0.2001,0.2001,0.2001,10000096,2015-09-23,2015-09-23,P,2.75,2015-03-23
26402,2015-04-08 09:33:00,2015-04-08,0.2001,0.0,0.0,0.0,0.2001,0.2001,0.2001,10000096,2015-09-23,2015-09-23,P,2.75,2015-03-23
26403,2015-04-08 09:34:00,2015-04-08,0.2001,0.0,0.0,0.0,0.2001,0.2001,0.2001,10000096,2015-09-23,2015-09-23,P,2.75,2015-03-23
26404,2015-04-08 09:35:00,2015-04-08,0.2001,0.0,0.0,0.0,0.2001,0.2001,0.2001,10000096,2015-09-23,2015-09-23,P,2.75,2015-03-23
26405,2015-04-08 09:36:00,2015-04-08,0.2001,0.0,0.0,0.0,0.2001,0.2001,0.2001,10000096,2015-09-23,2015-09-23,P,2.75,2015-03-23
26406,2015-04-08 09:37:00,2015-04-08,0.2001,0.0,0.0,0.0,0.2001,0.2001,0.2001,10000096,2015-09-23,2015-09-23,P,2.75,2015-03-23
26407,2015-04-08 09:38:00,2015-04-08,0.2001,0.0,0.0,0.0,0.2001,0.2001,0.2001,10000096,2015-09-23,2015-09-23,P,2.75,2015-03-23
26408,2015-04-08 09:39:00,2015-04-08,0.2001,0.0,0.0,0.0,0.2001,0.2001,0.2001,10000096,2015-09-23,2015-09-23,P,2.75,2015-03-23
26409,2015-04-08 09:40:00,2015-04-08,0.2001,0.0,0.0,0.0,0.2001,0.2001,0.2001,10000096,2015-09-23,2015-09-23,P,2.75,2015-03-23
26410,2015-04-08 09:41:00,2015-04-08,0.2001,0.0,0.0,0.0,0.2001,0.2001,0.2001,10000096,2015-09-23,2015-09-23,P,2.75,2015-03-23
26411,2015-04-08 09:42:00,2015-04-08,0.2001,0.0,0.0,0.0,0.2001,0.2001,0.2001,10000096,2015-09-23,2015-09-23,P,2.75,2015-03-23
26412,2015-04-08 09:43:00,2015-04-08,0.2001,0.0,0.0,0.0,0.2001,0.2001,0.2001,10000096,2015-09-23,2015-09-23,P,2.75,2015-03-23
26413,2015-04-08 09:44:00,2015-04-08,0.2001,0.0,0.0,0.0,0.2001,0.2001,0.2001,10000096,2015-09-23,2015-09-23,P,2.75,2015-03-23
26414,2015-04-08 09:45:00,2015-04-08,0.2001,0.0,0.0,0.0,0.2001,0.2001,0.2001,10000096,2015-09-23,2015-09-23,P,2.75,2015-03-23
26415,2015-04-08 09:46:00,2015-04-08,0.2001,0.0,0.0,0.0,0.2001,0.2001,0.2001,10000096,2015-09-23,2015-09-23,P,2.75,2015-03-23
26416,2015-04-08 09:47:00,2015-04-08,0.2001,0.0,0.0,0.0,0.2001,0.2001,0.2001,10000096,2015-09-23,2015-09-23,P,2.75,2015-03-23
26417,2015-04-08 09:48:00,2015-04-08,0.2001,0.0,0.0,0.0,0.2001,0.2001,0.2001,10000096,2015-09-23,2015-09-23,P,2.75,2015-03-23
26418,2015-04-08 09:49:00,2015-04-08,0.2001,0.0,0.0,0.0,0.2001,0.2001,0.2001,10000096,2015-09-23,2015-09-23,P,2.75,2015-03-23
26419,2015-04-08 09:50:00,2015-04-08,0.2001,0.0,0.0,0.0,0.2001,0.2001,0.2001,10000096,2015-09-23,2015-09-23,P,2.75,2015-03-23
26420,2015-04-08 09:51:00,2015-04-08,0.2001,0.0,0.0,0.0,0.2001,0.2001,0.2001,10000096,2015-09-23,2015-09-23,P,2.75,2015-03-23
26421,2015-04-08 09:52:00,2015-04-08,0.2001,0.0,0.0,0.0,0.2001,0.2001,0.2001,10000096,2015-09-23,2015-09-23,P,2.75,2015-03-23
26422,2015-04-08 09:53:00,2015-04-08,0.2001,0.0,0.0,0.0,0.2001,0.2001,0.2001,10000096,2015-09-23,2015-09-23,P,2.75,2015-03-23
26423,2015-04-08 09:54:00,2015-04-08,0.2001,0.0,0.0,0.0,0.2001,0.2001,0.2001,10000096,2015-09-23,2015-09-23,P,2.75,2015-03-23
26424,2015-04-08 09:55:00,2015-04-08,0.2001,0.0,0.0,0.0,0.2001,0.2001,0.2001,10000096,2015-09-23,2015-09-23,P,2.75,2015-03-23
26425,2015-04-08 09:56:00,2015-04-08,0.2001,0.0,0.0,0.0,0.2001,0.2001,0.2001,10000096,2015-09-23,2015-09-23,P,2.75,2015-03-23
26426,2015-04-08 09:57:00,2015-04-08,0.2001,0.0,0.0,0.0,0.2001,0.2001,0.2001,10000096,2015-09-23,2015-09-23,P,2.75,2015-03-23
26427,2015-04-08 09:58:00,2015-04-08,0.2001,0.0,0.0,0.0,0.2001,0.2001,0.2001,10000096,2015-09-23,2015-09-23,P,2.75,2015-03-23
26428,2015-04-08 09:59:00,2015-04-08,0.2001,0.0,0.0,0.0,0.2001,0.2001,0.2001,10000096,2015-09-23,2015-09-23,P,2.75,2015-03-23
26429,2015-04-08 10:00:00,2015-04-08,0.2001,0.0,0.0,0.0,0.2001,0.2001,0.2001,10000096,2015-09-23,2015-09-23,P,2.75,2015-03-23
26430,2015-04-08 10:01:00,2015-04-08,0.2001,0.0,0.0,0.0,0.2001,0.2001,0.2001,10000096,2015-09-23,2015-09-23,P,2.75,2015-03-23
26431,2015-04-08 10:02:00,2015-04-08,0.2001,0.0,0.0,0.0,0.2001,0.2001,0.2001,10000096,2015-09-23,2015-09-23,P,2.75,2015-03-23
26432,2015-04-08 10:03:00,2015-04-08,0.2001,0.0,0.0,0.0,0.2001,0.2001,0.2001,10000096,2015-09-23,2015-09-23,P,2.75,2015-03-23
26433,2015-04-08 10:04:00,2015-04-08,0.2001,0.0,0.0,0.0,0.2001,0.2001,0.2001,10000096,2015-09-23,2015-09-23,P,2.75,2015-03-23
26434,2015-04-08 10:05:00,2015-04-08,0.2001,0.0,0.0,0.0,0.2001,0.2001,0.2001,10000096,2015-09-23,2015-09-23,P,2.75,2015-03-23
26435,2015-04-08 10:06:00,2015-04-08,0.2001,0.0,0.0,0.0,0.2001,0.2001,0.2001,10000096,2015-09-23,2015-09-23,P,2.75,2015-03-23
26436,2015-04-08 10:07:00,2015-04-08,0.2001,0.0,0.0,0.0,0.2001,0.2001,0.2001,10000096,2015-09-23,2015-09-23,P,2.75,2015-03-23
26437,2015-04-08 10:08:00,2015-04-08,0.2001,0.0,0.0,0.0,0.2001,0.2001,0.2001,10000096,2015-09-23,2015-09-23,P,2.75,2015-03-23
26438,2015-04-08 10:09:00,2015-04-08,0.2001,0.0,0.0,0.0,0.2001,0.2001,0.2001,10000096,2015-09-23,2015-09-23,P,2.75,2015-03-23
26439,2015-04-08 10:10:00,2015-04-08,0.2001,0.0,0.0,0.0,0.2001,0.2001,0.2001,10000096,2015-09-23,2015-09-23,P,2.75,2015-03-23
26440,2015-04-08 10:11:00,2015-04-08,0.2001,0.0,0.0,0.0,0.2001,0.2001,0.2001,10000096,2015-09-23,2015-09-23,P,2.75,2015-03-23
26441,2015-04-08 10:12:00,2015-04-08,0.17,-34810.0,-20.0,132.0,0.17,0.17,0.17,10000096,2015-09-23,2015-09-23,P,2.75,2015-03-23
26442,2015-04-08 10:13:00,2015-04-08,0.17,0.0,0.0,132.0,0.17,0.17,0.17,10000096,2015-09-23,2015-09-23,P,2.75,2015-03-23
26443,2015-04-08 10:14:00,2015-04-08,0.17,0.0,0.0,132.0,0.17,0.17,0.17,10000096,2015-09-23,2015-09-23,P,2.75,2015-03-23
26444,2015-04-08 10:15:00,2015-04-08,0.17,0.0,0.0,132.0,0.17,0.17,0.17,10000096,2015-09-23,2015-09-23,P,2.75,2015-03-23
26445,2015-04-08 10:16:00,2015-04-08,0.17,0.0,0.0,132.0,0.17,0.17,0.17,10000096,2015-09-23,2015-09-23,P,2.75,2015-03-23
26446,2015-04-08 10:17:00,2015-04-08,0.17,0.0,0.0,132.0,0.17,0.17,0.17,10000096,2015-09-23,2015-09-23,P,2.75,2015-03-23
26447,2015-04-08 10:18:00,2015-04-08,0.17,0.0,0.0,132.0,0.17,0.17,0.17,10000096,2015-09-23,2015-09-23,P,2.75,2015-03-23
26448,2015-04-08 10:19:00,2015-04-08,0.17,0.0,0.0,132.0,0.17,0.17,0.17,10000096,2015-09-23,2015-09-23,P,2.75,2015-03-23
26449,2015-04-08 10:20:00,2015-04-08,0.17,0.0,0.0,132.0,0.17,0.17,0.17,10000096,2015-09-23,2015-09-23,P,2.75,2015-03-23
26450,2015-04-08 10:21:00,2015-04-08,0.17,0.0,0.0,132.0,0.17,0.17,0.17,10000096,2015-09-23,2015-09-23,P,2.75,2015-03-23
26451,2015-04-08 10:22:00,2015-04-08,0.17,0.0,0.0,132.0,0.17,0.17,0.17,10000096,2015-09-23,2015-09-23,P,2.75,2015-03-23
26452,2015-04-08 10:23:00,2015-04-08,0.17,0.0,0.0,132.0,0.17,0.17,0.17,10000096,2015-09-23,2015-09-23,P,2.75,2015-03-23
26453,2015-04-08 10:24:00,2015-04-08,0.17,0.0,0.0,132.0,0.17,0.17,0.17,10000096,2015-09-23,2015-09-23,P,2.75,2015-03-23
26454,2015-04-08 10:25:00,2015-04-08,0.17,0.0,0.0,132.0,0.17,0.17,0.17,10000096,2015-09-23,2015-09-23,P,2.75,2015-03-23
26455,2015-04-08 10:26:00,2015-04-08,0.17,0.0,0.0,132.0,0.17,0.17,0.17,10000096,2015-09-23,2015-09-23,P,2.75,2015-03-23
26456,2015-04-08 10:27:00,2015-04-08,0.17,0.0,0.0,132.0,0.17,0.17,0.17,10000096,2015-09-23,2015-09-23,P,2.75,2015-03-23
26457,2015-04-08 10:28:00,2015-04-08,0.17,0.0,0.0,132.0,0.17,0.17,0.17,10000096,2015-09-23,2015-09-23,P,2.75,2015-03-23
26458,2015-04-08 10:29:00,2015-04-08,0.17,0.0,0.0,132.0,0.17,0.17,0.17,10000096,2015-09-23,2015-09-23,P,2.75,2015-03-23
26459,2015-04-08 10:30:00,2015-04-08,0.17,0.0,0.0,132.0,0.17,0.17,0.17,10000096,2015-09-23,2015-09-23,P,2.75,2015-03-23
26460,2015-04-08 10:31:00,2015-04-08,0.17,0.0,0.0,132.0,0.17,0.17,0.17,10000096,2015-09-23,2015-09-23,P,2.75,2015-03-23
26461,2015-04-08 10:32:00,2015-04-08,0.17,0.0,0.0,132.0,0.17,0.17,0.17,10000096,2015-09-23,2015-09-23,P,2.75,2015-03-23
26462,2015-04-08 10:33:00,2015-04-08,0.17,0.0,0.0,132.0,0.17,0.17,0.17,10000096,2015-09-23,2015-09-23,P,2.75,2015-03-23
26463,2015-04-08 10:34:00,2015-04-08,0.17,0.0,0.0,132.0,0.17,0.17,0.17,10000096,2015-09-23,2015-09-23,P,2.75,2015-03-23
26464,2015-04-08 10:35:00,2015-04-08,0.17,0.0,0.0,132.0,0.17,0.17,0.17,10000096,2015-09-23,2015-09-23,P,2.75,2015-03-23
26465,2015-04-08 10:36:00,2015-04-08,0.17,0.0,0.0,132.0,0.17,0.17,0.17,10000096,2015-09-23,2015-09-23,P,2.75,2015-03-23
26466,2015-04-08 10:37:00,2015-04-08,0.17,0.0,0.0,132.0,0.17,0.17,0.17,10000096,2015-09-23,2015-09-23,P,2.75,2015-03-23
26467,2015-04-08 10:38:00,2015-04-08,0.17,0.0,0.0,132.0,0.17,0.17,0.17,10000096,2015-09-23,2015-09-23,P,2.75,2015-03-23
26468,2015-04-08 10:39:00,2015-04-08,0.17,0.0,0.0,132.0,0.17,0.17,0.17,10000096,2015-09-23,2015-09-23,P,2.75,2015-03-23
26469,2015-04-08 10:40:00,2015-04-08,0.17,0.0,0.0,132.0,0.17,0.17,0.17,10000096,2015-09-23,2015-09-23,P,2.75,2015-03-23
26470,2015-04-08 10:41:00,2015-04-08,0.17,0.0,0.0,132.0,0.17,0.17,0.17,10000096,2015-09-23,2015-09-23,P,2.75,2015-03-23
26471,2015-04-08 10:42:00,2015-04-08,0.17,0.0,0.0,132.0,0.17,0.17,0.17,10000096,2015-09-23,2015-09-23,P,2.75,2015-03-23
26472,2015-04-08 10:43:00,2015-04-08,0.17,0.0,0.0,132.0,0.17,0.17,0.17,10000096,2015-09-23,2015-09-23,P,2.75,2015-03-23
26473,2015-04-08 10:44:00,2015-04-08,0.17,0.0,0.0,132.0,0.17,0.17,0.17,10000096,2015-09-23,2015-09-23,P,2.75,2015-03-23
26474,2015-04-08 10:45:00,2015-04-08,0.17,0.0,0.0,132.0,0.17,0.17,0.17,10000096,2015-09-23,2015-09-23,P,2.75,2015-03-23
26475,2015-04-08 10:46:00,2015-04-08,0.17,0.0,0.0,132.0,0.17,0.17,0.17,10000096,2015-09-23,2015-09-23,P,2.75,2015-03-23
26476,2015-04-08 10:47:00,2015-04-08,0.17,0.0,0.0,132.0,0.17,0.17,0.17,10000096,2015-09-23,2015-09-23,P,2.75,2015-03-23
26477,2015-04-08 10:48:00,2015-04-08,0.17,0.0,0.0,132.0,0.17,0.17,0.17,10000096,2015-09-23,2015-09-23,P,2.75,2015-03-23
26478,2015-04-08 10:49:00,2015-04-08,0.17,0.0,0.0,132.0,0.17,0.17,0.17,10000096,2015-09-23,2015-09-23,P,2.75,2015-03-23
26479,2015-04-08 10:50:00,2015-04-08,0.17,0.0,0.0,132.0,0.17,0.17,0.17,10000096,2015-09-23,2015-09-23,P,2.75,2015-03-23
26480,2015-04-08 10:51:00,2015-04-08,0.17,0.0,0.0,132.0,0.17,0.17,0.17,10000096,2015-09-23,2015-09-23,P,2.75,2015-03-23
26481,2015-04-08 10:52:00,2015-04-08,0.17,0.0,0.0,132.0,0.17,0.17,0.17,10000096,2015-09-23,2015-09-23,P,2.75,2015-03-23
26482,2015-04-08 10:53:00,2015-04-08,0.17,0.0,0.0,132.0,0.17,0.17,0.17,10000096,2015-09-23,2015-09-23,P,2.75,2015-03-23
26483,2015-04-08 10:54:00,2015-04-08,0.17,0.0,0.0,132.0,0.17,0.17,0.17,10000096,2015-09-23,2015-09-23,P,2.75,2015-03-23
26484,2015-04-08 10:55:00,2015-04-08,0.17,0.0,0.0,132.0,0.17,0.17,0.17,10000096,2015-09-23,2015-09-23,P,2.75,2015-03-23
26485,2015-04-08 10:56:00,2015-04-08,0.17,0.0,0.0,132.0,0.17,0.17,0.17,10000096,2015-09-23,2015-09-23,P,2.75,2015-03-23
26486,2015-04-08 10:57:00,2015-04-08,0.1792,17920.0,10.0,132.0,0.1792,0.1792,0.1792,10000096,2015-09-23,2015-09-23,P,2.75,2015-03-23
26487,2015-04-08 10:58:00,2015-04-08,0.1792,0.0,0.0,132.0,0.1792,0.1792,0.1792,10000096,2015-09-23,2015-09-23,P,2.75,2015-03-23
26488,2015-04-08 10:59:00,2015-04-08,0.1792,0.0,0.0,132.0,0.1792,0.1792,0.1792,10000096,2015-09-23,2015-09-23,P,2.75,2015-03-23
26489,2015-04-08 11:00:00,2015-04-08,0.1792,0.0,0.0,132.0,0.1792,0.1792,0.1792,10000096,2015-09-23,2015-09-23,P,2.75,2015-03-23
26490,2015-04-08 11:01:00,2015-04-08,0.1792,0.0,0.0,132.0,0.1792,0.1792,0.1792,10000096,2015-09-23,2015-09-23,P,2.75,2015-03-23
26491,2015-04-08 11:02:00,2015-04-08,0.1792,0.0,0.0,132.0,0.1792,0.1792,0.1792,10000096,2015-09-23,2015-09-23,P,2.75,2015-03-23
26492,2015-04-08 11:03:00,2015-04-08,0.1792,0.0,0.0,132.0,0.1792,0.1792,0.1792,10000096,2015-09-23,2015-09-23,P,2.75,2015-03-23
26493,2015-04-08 11:04:00,2015-04-08,0.1792,0.0,0.0,132.0,0.1792,0.1792,0.1792,10000096,2015-09-23,2015-09-23,P,2.75,2015-03-23
26494,2015-04-08 11:05:00,2015-04-08,0.1792,0.0,0.0,132.0,0.1792,0.1792,0.1792,10000096,2015-09-23,2015-09-23,P,2.75,2015-03-23
26495,2015-04-08 11:06:00,2015-04-08,0.1792,0.0,0.0,132.0,0.1792,0.1792,0.1792,10000096,2015-09-23,2015-09-23,P,2.75,2015-03-23
26496,2015-04-08 11:07:00,2015-04-08,0.1792,0.0,0.0,132.0,0.1792,0.1792,0.1792,10000096,2015-09-23,2015-09-23,P,2.75,2015-03-23
26497,2015-04-08 11:08:00,2015-04-08,0.1792,0.0,0.0,132.0,0.1792,0.1792,0.1792,10000096,2015-09-23,2015-09-23,P,2.75,2015-03-23
26498,2015-04-08 11:09:00,2015-04-08,0.1792,0.0,0.0,132.0,0.1792,0.1792,0.1792,10000096,2015-09-23,2015-09-23,P,2.75,2015-03-23
26499,2015-04-08 11:10:00,2015-04-08,0.1792,0.0,0.0,132.0,0.1792,0.1792,0.1792,10000096,2015-09-23,2015-09-23,P,2.75,2015-03-23
26500,2015-04-08 11:11:00,2015-04-08,0.1792,0.0,0.0,132.0,0.1792,0.1792,0.1792,10000096,2015-09-23,2015-09-23,P,2.75,2015-03-23
26501,2015-04-08 11:12:00,2015-04-08,0.1792,0.0,0.0,132.0,0.1792,0.1792,0.1792,10000096,2015-09-23,2015-09-23,P,2.75,2015-03-23
26502,2015-04-08 11:13:00,2015-04-08,0.1792,0.0,0.0,132.0,0.1792,0.1792,0.1792,10000096,2015-09-23,2015-09-23,P,2.75,2015-03-23
26503,2015-04-08 11:14:00,2015-04-08,0.1792,0.0,0.0,132.0,0.1792,0.1792,0.1792,10000096,2015-09-23,2015-09-23,P,2.75,2015-03-23
26504,2015-04-08 11:15:00,2015-04-08,0.1792,0.0,0.0,132.0,0.1792,0.1792,0.1792,10000096,2015-09-23,2015-09-23,P,2.75,2015-03-23
26505,2015-04-08 11:16:00,2015-04-08,0.1792,0.0,0.0,132.0,0.1792,0.1792,0.1792,10000096,2015-09-23,2015-09-23,P,2.75,2015-03-23
26506,2015-04-08 11:17:00,2015-04-08,0.1792,0.0,0.0,132.0,0.1792,0.1792,0.1792,10000096,2015-09-23,2015-09-23,P,2.75,2015-03-23
26507,2015-04-08 11:18:00,2015-04-08,0.1792,0.0,0.0,132.0,0.1792,0.1792,0.1792,10000096,2015-09-23,2015-09-23,P,2.75,2015-03-23
26508,2015-04-08 11:19:00,2015-04-08,0.1792,0.0,0.0,132.0,0.1792,0.1792,0.1792,10000096,2015-09-23,2015-09-23,P,2.75,2015-03-23
26509,2015-04-08 11:20:00,2015-04-08,0.1792,0.0,0.0,132.0,0.1792,0.1792,0.1792,10000096,2015-09-23,2015-09-23,P,2.75,2015-03-23
26510,2015-04-08 11:21:00,2015-04-08,0.1792,0.0,0.0,132.0,0.1792,0.1792,0.1792,10000096,2015-09-23,2015-09-23,P,2.75,2015-03-23
26511,2015-04-08 11:22:00,2015-04-08,0.1792,0.0,0.0,132.0,0.1792,0.1792,0.1792,10000096,2015-09-23,2015-09-23,P,2.75,2015-03-23
26512,2015-04-08 11:23:00,2015-04-08,0.1792,0.0,0.0,132.0,0.1792,0.1792,0.1792,10000096,2015-09-23,2015-09-23,P,2.75,2015-03-23
26513,2015-04-08 11:24:00,2015-04-08,0.1792,0.0,0.0,132.0,0.1792,0.1792,0.1792,10000096,2015-09-23,2015-09-23,P,2.75,2015-03-23
26514,2015-04-08 11:25:00,2015-04-08,0.1792,0.0,0.0,132.0,0.1792,0.1792,0.1792,10000096,2015-09-23,2015-09-23,P,2.75,2015-03-23
26515,2015-04-08 11:26:00,2015-04-08,0.1792,0.0,0.0,132.0,0.1792,0.1792,0.1792,10000096,2015-09-23,2015-09-23,P,2.75,2015-03-23
26516,2015-04-08 11:27:00,2015-04-08,0.1792,0.0,0.0,132.0,0.1792,0.1792,0.1792,10000096,2015-09-23,2015-09-23,P,2.75,2015-03-23
26517,2015-04-08 11:28:00,2015-04-08,0.1792,0.0,0.0,132.0,0.1792,0.1792,0.1792,10000096,2015-09-23,2015-09-23,P,2.75,2015-03-23
26518,2015-04-08 11:29:00,2015-04-08,0.1792,0.0,0.0,132.0,0.1792,0.1792,0.1792,10000096,2015-09-23,2015-09-23,P,2.75,2015-03-23
26519,2015-04-08 11:30:00,2015-04-08,0.1792,0.0,0.0,132.0,0.1792,0.1792,0.1792,10000096,2015-09-23,2015-09-23,P,2.75,2015-03-23
26520,2015-04-08 13:01:00,2015-04-08,0.1792,0.0,0.0,132.0,0.1792,0.1792,0.1792,10000096,2015-09-23,2015-09-23,P,2.75,2015-03-23
26521,2015-04-08 13:02:00,2015-04-08,0.1792,0.0,0.0,132.0,0.1792,0.1792,0.1792,10000096,2015-09-23,2015-09-23,P,2.75,2015-03-23
26522,2015-04-08 13:03:00,2015-04-08,0.1792,0.0,0.0,132.0,0.1792,0.1792,0.1792,10000096,2015-09-23,2015-09-23,P,2.75,2015-03-23
26523,2015-04-08 13:04:00,2015-04-08,0.1792,0.0,0.0,132.0,0.1792,0.1792,0.1792,10000096,2015-09-23,2015-09-23,P,2.75,2015-03-23
26524,2015-04-08 13:05:00,2015-04-08,0.1792,0.0,0.0,132.0,0.1792,0.1792,0.1792,10000096,2015-09-23,2015-09-23,P,2.75,2015-03-23
26525,2015-04-08 13:06:00,2015-04-08,0.1792,0.0,0.0,132.0,0.1792,0.1792,0.1792,10000096,2015-09-23,2015-09-23,P,2.75,2015-03-23
26526,2015-04-08 13:07:00,2015-04-08,0.1792,0.0,0.0,132.0,0.1792,0.1792,0.1792,10000096,2015-09-23,2015-09-23,P,2.75,2015-03-23
26527,2015-04-08 13:08:00,2015-04-08,0.1792,0.0,0.0,132.0,0.1792,0.1792,0.1792,10000096,2015-09-23,2015-09-23,P,2.75,2015-03-23
26528,2015-04-08 13:09:00,2015-04-08,0.1792,0.0,0.0,132.0,0.1792,0.1792,0.1792,10000096,2015-09-23,2015-09-23,P,2.75,2015-03-23
26529,2015-04-08 13:10:00,2015-04-08,0.1792,0.0,0.0,132.0,0.1792,0.1792,0.1792,10000096,2015-09-23,2015-09-23,P,2.75,2015-03-23
26530,2015-04-08 13:11:00,2015-04-08,0.1792,0.0,0.0,132.0,0.1792,0.1792,0.1792,10000096,2015-09-23,2015-09-23,P,2.75,2015-03-23
26531,2015-04-08 13:12:00,2015-04-08,0.1792,0.0,0.0,132.0,0.1792,0.1792,0.1792,10000096,2015-09-23,2015-09-23,P,2.75,2015-03-23
26532,2015-04-08 13:13:00,2015-04-08,0.1792,0.0,0.0,132.0,0.1792,0.1792,0.1792,10000096,2015-09-23,2015-09-23,P,2.75,2015-03-23
26533,2015-04-08 13:14:00,2015-04-08,0.1792,0.0,0.0,132.0,0.1792,0.1792,0.1792,10000096,2015-09-23,2015-09-23,P,2.75,2015-03-23
26534,2015-04-08 13:15:00,2015-04-08,0.1792,0.0,0.0,132.0,0.1792,0.1792,0.1792,10000096,2015-09-23,2015-09-23,P,2.75,2015-03-23
26535,2015-04-08 13:16:00,2015-04-08,0.1792,0.0,0.0,132.0,0.1792,0.1792,0.1792,10000096,2015-09-23,2015-09-23,P,2.75,2015-03-23
26536,2015-04-08 13:17:00,2015-04-08,0.1792,0.0,0.0,132.0,0.1792,0.1792,0.1792,10000096,2015-09-23,2015-09-23,P,2.75,2015-03-23
26537,2015-04-08 13:18:00,2015-04-08,0.1689,16890.0,10.0,142.0,0.1689,0.1689,0.1689,10000096,2015-09-23,2015-09-23,P,2.75,2015-03-23
26538,2015-04-08 13:19:00,2015-04-08,0.1689,0.0,0.0,142.0,0.1689,0.1689,0.1689,10000096,2015-09-23,2015-09-23,P,2.75,2015-03-23
26539,2015-04-08 13:20:00,2015-04-08,0.1689,0.0,0.0,142.0,0.1689,0.1689,0.1689,10000096,2015-09-23,2015-09-23,P,2.75,2015-03-23
26540,2015-04-08 13:21:00,2015-04-08,0.1689,0.0,0.0,142.0,0.1689,0.1689,0.1689,10000096,2015-09-23,2015-09-23,P,2.75,2015-03-23
26541,2015-04-08 13:22:00,2015-04-08,0.1689,0.0,0.0,142.0,0.1689,0.1689,0.1689,10000096,2015-09-23,2015-09-23,P,2.75,2015-03-23
26542,2015-04-08 13:23:00,2015-04-08,0.1689,0.0,0.0,142.0,0.1689,0.1689,0.1689,10000096,2015-09-23,2015-09-23,P,2.75,2015-03-23
26543,2015-04-08 13:24:00,2015-04-08,0.1689,0.0,0.0,142.0,0.1689,0.1689,0.1689,10000096,2015-09-23,2015-09-23,P,2.75,2015-03-23
26544,2015-04-08 13:25:00,2015-04-08,0.1689,0.0,0.0,142.0,0.1689,0.1689,0.1689,10000096,2015-09-23,2015-09-23,P,2.75,2015-03-23
26545,2015-04-08 13:26:00,2015-04-08,0.1689,0.0,0.0,142.0,0.1689,0.1689,0.1689,10000096,2015-09-23,2015-09-23,P,2.75,2015-03-23
26546,2015-04-08 13:27:00,2015-04-08,0.1689,0.0,0.0,142.0,0.1689,0.1689,0.1689,10000096,2015-09-23,2015-09-23,P,2.75,2015-03-23
26547,2015-04-08 13:28:00,2015-04-08,0.1689,0.0,0.0,142.0,0.1689,0.1689,0.1689,10000096,2015-09-23,2015-09-23,P,2.75,2015-03-23
26548,2015-04-08 13:29:00,2015-04-08,0.1689,0.0,0.0,142.0,0.1689,0.1689,0.1689,10000096,2015-09-23,2015-09-23,P,2.75,2015-03-23
26549,2015-04-08 13:30:00,2015-04-08,0.1689,0.0,0.0,142.0,0.1689,0.1689,0.1689,10000096,2015-09-23,2015-09-23,P,2.75,2015-03-23
26550,2015-04-08 13:31:00,2015-04-08,0.1689,0.0,0.0,142.0,0.1689,0.1689,0.1689,10000096,2015-09-23,2015-09-23,P,2.75,2015-03-23
26551,2015-04-08 13:32:00,2015-04-08,0.1689,0.0,0.0,142.0,0.1689,0.1689,0.1689,10000096,2015-09-23,2015-09-23,P,2.75,2015-03-23
26552,2015-04-08 13:33:00,2015-04-08,0.1689,0.0,0.0,142.0,0.1689,0.1689,0.1689,10000096,2015-09-23,2015-09-23,P,2.75,2015-03-23
26553,2015-04-08 13:34:00,2015-04-08,0.1689,0.0,0.0,142.0,0.1689,0.1689,0.1689,10000096,2015-09-23,2015-09-23,P,2.75,2015-03-23
26554,2015-04-08 13:35:00,2015-04-08,0.1689,0.0,0.0,142.0,0.1689,0.1689,0.1689,10000096,2015-09-23,2015-09-23,P,2.75,2015-03-23
26555,2015-04-08 13:36:00,2015-04-08,0.1689,0.0,0.0,142.0,0.1689,0.1689,0.1689,10000096,2015-09-23,2015-09-23,P,2.75,2015-03-23
26556,2015-04-08 13:37:00,2015-04-08,0.1689,0.0,0.0,142.0,0.1689,0.1689,0.1689,10000096,2015-09-23,2015-09-23,P,2.75,2015-03-23
26557,2015-04-08 13:38:00,2015-04-08,0.1689,0.0,0.0,142.0,0.1689,0.1689,0.1689,10000096,2015-09-23,2015-09-23,P,2.75,2015-03-23
26558,2015-04-08 13:39:00,2015-04-08,0.1689,0.0,0.0,142.0,0.1689,0.1689,0.1689,10000096,2015-09-23,2015-09-23,P,2.75,2015-03-23
26559,2015-04-08 13:40:00,2015-04-08,0.1689,0.0,0.0,142.0,0.1689,0.1689,0.1689,10000096,2015-09-23,2015-09-23,P,2.75,2015-03-23
26560,2015-04-08 13:41:00,2015-04-08,0.1689,0.0,0.0,142.0,0.1689,0.1689,0.1689,10000096,2015-09-23,2015-09-23,P,2.75,2015-03-23
26561,2015-04-08 13:42:00,2015-04-08,0.1689,0.0,0.0,142.0,0.1689,0.1689,0.1689,10000096,2015-09-23,2015-09-23,P,2.75,2015-03-23
26562,2015-04-08 13:43:00,2015-04-08,0.1689,0.0,0.0,142.0,0.1689,0.1689,0.1689,10000096,2015-09-23,2015-09-23,P,2.75,2015-03-23
26563,2015-04-08 13:44:00,2015-04-08,0.1689,0.0,0.0,142.0,0.1689,0.1689,0.1689,10000096,2015-09-23,2015-09-23,P,2.75,2015-03-23
26564,2015-04-08 13:45:00,2015-04-08,0.1689,0.0,0.0,142.0,0.1689,0.1689,0.1689,10000096,2015-09-23,2015-09-23,P,2.75,2015-03-23
26565,2015-04-08 13:46:00,2015-04-08,0.1689,0.0,0.0,142.0,0.1689,0.1689,0.1689,10000096,2015-09-23,2015-09-23,P,2.75,2015-03-23
26566,2015-04-08 13:47:00,2015-04-08,0.1689,0.0,0.0,142.0,0.1689,0.1689,0.1689,10000096,2015-09-23,2015-09-23,P,2.75,2015-03-23
26567,2015-04-08 13:48:00,2015-04-08,0.1689,0.0,0.0,142.0,0.1689,0.1689,0.1689,10000096,2015-09-23,2015-09-23,P,2.75,2015-03-23
26568,2015-04-08 13:49:00,2015-04-08,0.1689,0.0,0.0,142.0,0.1689,0.1689,0.1689,10000096,2015-09-23,2015-09-23,P,2.75,2015-03-23
26569,2015-04-08 13:50:00,2015-04-08,0.1689,0.0,0.0,142.0,0.1689,0.1689,0.1689,10000096,2015-09-23,2015-09-23,P,2.75,2015-03-23
26570,2015-04-08 13:51:00,2015-04-08,0.1689,0.0,0.0,142.0,0.1689,0.1689,0.1689,10000096,2015-09-23,2015-09-23,P,2.75,2015-03-23
26571,2015-04-08 13:52:00,2015-04-08,0.1689,0.0,0.0,142.0,0.1689,0.1689,0.1689,10000096,2015-09-23,2015-09-23,P,2.75,2015-03-23
26572,2015-04-08 13:53:00,2015-04-08,0.1689,0.0,0.0,142.0,0.1689,0.1689,0.1689,10000096,2015-09-23,2015-09-23,P,2.75,2015-03-23
26573,2015-04-08 13:54:00,2015-04-08,0.1689,0.0,0.0,142.0,0.1689,0.1689,0.1689,10000096,2015-09-23,2015-09-23,P,2.75,2015-03-23
26574,2015-04-08 13:55:00,2015-04-08,0.1689,0.0,0.0,142.0,0.1689,0.1689,0.1689,10000096,2015-09-23,2015-09-23,P,2.75,2015-03-23
26575,2015-04-08 13:56:00,2015-04-08,0.1689,0.0,0.0,142.0,0.1689,0.1689,0.1689,10000096,2015-09-23,2015-09-23,P,2.75,2015-03-23
26576,2015-04-08 13:57:00,2015-04-08,0.1689,0.0,0.0,142.0,0.1689,0.1689,0.1689,10000096,2015-09-23,2015-09-23,P,2.75,2015-03-23
26577,2015-04-08 13:58:00,2015-04-08,0.1689,0.0,0.0,142.0,0.1689,0.1689,0.1689,10000096,2015-09-23,2015-09-23,P,2.75,2015-03-23
26578,2015-04-08 13:59:00,2015-04-08,0.1689,0.0,0.0,142.0,0.1689,0.1689,0.1689,10000096,2015-09-23,2015-09-23,P,2.75,2015-03-23
26579,2015-04-08 14:00:00,2015-04-08,0.1689,0.0,0.0,142.0,0.1689,0.1689,0.1689,10000096,2015-09-23,2015-09-23,P,2.75,2015-03-23
26580,2015-04-08 14:01:00,2015-04-08,0.1689,0.0,0.0,142.0,0.1689,0.1689,0.1689,10000096,2015-09-23,2015-09-23,P,2.75,2015-03-23
26581,2015-04-08 14:02:00,2015-04-08,0.1689,0.0,0.0,142.0,0.1689,0.1689,0.1689,10000096,2015-09-23,2015-09-23,P,2.75,2015-03-23
26582,2015-04-08 14:03:00,2015-04-08,0.1689,0.0,0.0,142.0,0.1689,0.1689,0.1689,10000096,2015-09-23,2015-09-23,P,2.75,2015-03-23
26583,2015-04-08 14:04:00,2015-04-08,0.1689,0.0,0.0,142.0,0.1689,0.1689,0.1689,10000096,2015-09-23,2015-09-23,P,2.75,2015-03-23
26584,2015-04-08 14:05:00,2015-04-08,0.1689,0.0,0.0,142.0,0.1689,0.1689,0.1689,10000096,2015-09-23,2015-09-23,P,2.75,2015-03-23
26585,2015-04-08 14:06:00,2015-04-08,0.1689,0.0,0.0,142.0,0.1689,0.1689,0.1689,10000096,2015-09-23,2015-09-23,P,2.75,2015-03-23
26586,2015-04-08 14:07:00,2015-04-08,0.1689,0.0,0.0,142.0,0.1689,0.1689,0.1689,10000096,2015-09-23,2015-09-23,P,2.75,2015-03-23
26587,2015-04-08 14:08:00,2015-04-08,0.1689,0.0,0.0,142.0,0.1689,0.1689,0.1689,10000096,2015-09-23,2015-09-23,P,2.75,2015-03-23
26588,2015-04-08 14:09:00,2015-04-08,0.1689,0.0,0.0,142.0,0.1689,0.1689,0.1689,10000096,2015-09-23,2015-09-23,P,2.75,2015-03-23
26589,2015-04-08 14:10:00,2015-04-08,0.1689,0.0,0.0,142.0,0.1689,0.1689,0.1689,10000096,2015-09-23,2015-09-23,P,2.75,2015-03-23
26590,2015-04-08 14:11:00,2015-04-08,0.1689,0.0,0.0,142.0,0.1689,0.1689,0.1689,10000096,2015-09-23,2015-09-23,P,2.75,2015-03-23
26591,2015-04-08 14:12:00,2015-04-08,0.1689,0.0,0.0,142.0,0.1689,0.1689,0.1689,10000096,2015-09-23,2015-09-23,P,2.75,2015-03-23
26592,2015-04-08 14:13:00,2015-04-08,0.1689,0.0,0.0,142.0,0.1689,0.1689,0.1689,10000096,2015-09-23,2015-09-23,P,2.75,2015-03-23
26593,2015-04-08 14:14:00,2015-04-08,0.1689,0.0,0.0,142.0,0.1689,0.1689,0.1689,10000096,2015-09-23,2015-09-23,P,2.75,2015-03-23
26594,2015-04-08 14:15:00,2015-04-08,0.1689,0.0,0.0,142.0,0.1689,0.1689,0.1689,10000096,2015-09-23,2015-09-23,P,2.75,2015-03-23
26595,2015-04-08 14:16:00,2015-04-08,0.1689,0.0,0.0,142.0,0.1689,0.1689,0.1689,10000096,2015-09-23,2015-09-23,P,2.75,2015-03-23
26596,2015-04-08 14:17:00,2015-04-08,0.1689,0.0,0.0,142.0,0.1689,0.1689,0.1689,10000096,2015-09-23,2015-09-23,P,2.75,2015-03-23
26597,2015-04-08 14:18:00,2015-04-08,0.1689,0.0,0.0,142.0,0.1689,0.1689,0.1689,10000096,2015-09-23,2015-09-23,P,2.75,2015-03-23
26598,2015-04-08 14:19:00,2015-04-08,0.1689,0.0,0.0,142.0,0.1689,0.1689,0.1689,10000096,2015-09-23,2015-09-23,P,2.75,2015-03-23
26599,2015-04-08 14:20:00,2015-04-08,0.1689,0.0,0.0,142.0,0.1689,0.1689,0.1689,10000096,2015-09-23,2015-09-23,P,2.75,2015-03-23
26600,2015-04-08 14:21:00,2015-04-08,0.1689,0.0,0.0,142.0,0.1689,0.1689,0.1689,10000096,2015-09-23,2015-09-23,P,2.75,2015-03-23
26601,2015-04-08 14:22:00,2015-04-08,0.1689,0.0,0.0,142.0,0.1689,0.1689,0.1689,10000096,2015-09-23,2015-09-23,P,2.75,2015-03-23
26602,2015-04-08 14:23:00,2015-04-08,0.1689,0.0,0.0,142.0,0.1689,0.1689,0.1689,10000096,2015-09-23,2015-09-23,P,2.75,2015-03-23
26603,2015-04-08 14:24:00,2015-04-08,0.1689,0.0,0.0,142.0,0.1689,0.1689,0.1689,10000096,2015-09-23,2015-09-23,P,2.75,2015-03-23
26604,2015-04-08 14:25:00,2015-04-08,0.1689,0.0,0.0,142.0,0.1689,0.1689,0.1689,10000096,2015-09-23,2015-09-23,P,2.75,2015-03-23
26605,2015-04-08 14:26:00,2015-04-08,0.1689,0.0,0.0,142.0,0.1689,0.1689,0.1689,10000096,2015-09-23,2015-09-23,P,2.75,2015-03-23
26606,2015-04-08 14:27:00,2015-04-08,0.1689,0.0,0.0,142.0,0.1689,0.1689,0.1689,10000096,2015-09-23,2015-09-23,P,2.75,2015-03-23
26607,2015-04-08 14:28:00,2015-04-08,0.1689,0.0,0.0,142.0,0.1689,0.1689,0.1689,10000096,2015-09-23,2015-09-23,P,2.75,2015-03-23
26608,2015-04-08 14:29:00,2015-04-08,0.1689,0.0,0.0,142.0,0.1689,0.1689,0.1689,10000096,2015-09-23,2015-09-23,P,2.75,2015-03-23
26609,2015-04-08 14:30:00,2015-04-08,0.1689,0.0,0.0,142.0,0.1689,0.1689,0.1689,10000096,2015-09-23,2015-09-23,P,2.75,2015-03-23
26610,2015-04-08 14:31:00,2015-04-08,0.1689,0.0,0.0,142.0,0.1689,0.1689,0.1689,10000096,2015-09-23,2015-09-23,P,2.75,2015-03-23
26611,2015-04-08 14:32:00,2015-04-08,0.1689,0.0,0.0,142.0,0.1689,0.1689,0.1689,10000096,2015-09-23,2015-09-23,P,2.75,2015-03-23
26612,2015-04-08 14:33:00,2015-04-08,0.1689,0.0,0.0,142.0,0.1689,0.1689,0.1689,10000096,2015-09-23,2015-09-23,P,2.75,2015-03-23
26613,2015-04-08 14:34:00,2015-04-08,0.1689,0.0,0.0,142.0,0.1689,0.1689,0.1689,10000096,2015-09-23,2015-09-23,P,2.75,2015-03-23
26614,2015-04-08 14:35:00,2015-04-08,0.1689,0.0,0.0,142.0,0.1689,0.1689,0.1689,10000096,2015-09-23,2015-09-23,P,2.75,2015-03-23
26615,2015-04-08 14:36:00,2015-04-08,0.1689,0.0,0.0,142.0,0.1689,0.1689,0.1689,10000096,2015-09-23,2015-09-23,P,2.75,2015-03-23
26616,2015-04-08 14:37:00,2015-04-08,0.1689,0.0,0.0,142.0,0.1689,0.1689,0.1689,10000096,2015-09-23,2015-09-23,P,2.75,2015-03-23
26617,2015-04-08 14:38:00,2015-04-08,0.1689,0.0,0.0,142.0,0.1689,0.1689,0.1689,10000096,2015-09-23,2015-09-23,P,2.75,2015-03-23
26618,2015-04-08 14:39:00,2015-04-08,0.1689,0.0,0.0,142.0,0.1689,0.1689,0.1689,10000096,2015-09-23,2015-09-23,P,2.75,2015-03-23
26619,2015-04-08 14:40:00,2015-04-08,0.1689,0.0,0.0,142.0,0.1689,0.1689,0.1689,10000096,2015-09-23,2015-09-23,P,2.75,2015-03-23
26620,2015-04-08 14:41:00,2015-04-08,0.1689,0.0,0.0,142.0,0.1689,0.1689,0.1689,10000096,2015-09-23,2015-09-23,P,2.75,2015-03-23
26621,2015-04-08 14:42:00,2015-04-08,0.1689,0.0,0.0,142.0,0.1689,0.1689,0.1689,10000096,2015-09-23,2015-09-23,P,2.75,2015-03-23
26622,2015-04-08 14:43:00,2015-04-08,0.1689,0.0,0.0,142.0,0.1689,0.1689,0.1689,10000096,2015-09-23,2015-09-23,P,2.75,2015-03-23
26623,2015-04-08 14:44:00,2015-04-08,0.1689,0.0,0.0,142.0,0.1689,0.1689,0.1689,10000096,2015-09-23,2015-09-23,P,2.75,2015-03-23
26624,2015-04-08 14:45:00,2015-04-08,0.1689,0.0,0.0,142.0,0.1689,0.1689,0.1689,10000096,2015-09-23,2015-09-23,P,2.75,2015-03-23
26625,2015-04-08 14:46:00,2015-04-08,0.1689,0.0,0.0,142.0,0.1689,0.1689,0.1689,10000096,2015-09-23,2015-09-23,P,2.75,2015-03-23
26626,2015-04-08 14:47:00,2015-04-08,0.1689,0.0,0.0,142.0,0.1689,0.1689,0.1689,10000096,2015-09-23,2015-09-23,P,2.75,2015-03-23
26627,2015-04-08 14:48:00,2015-04-08,0.1689,0.0,0.0,142.0,0.1689,0.1689,0.1689,10000096,2015-09-23,2015-09-23,P,2.75,2015-03-23
26628,2015-04-08 14:49:00,2015-04-08,0.1689,0.0,0.0,142.0,0.1689,0.1689,0.1689,10000096,2015-09-23,2015-09-23,P,2.75,2015-03-23
26629,2015-04-08 14:50:00,2015-04-08,0.1689,0.0,0.0,142.0,0.1689,0.1689,0.1689,10000096,2015-09-23,2015-09-23,P,2.75,2015-03-23
26630,2015-04-08 14:51:00,2015-04-08,0.1689,0.0,0.0,142.0,0.1689,0.1689,0.1689,10000096,2015-09-23,2015-09-23,P,2.75,2015-03-23
26631,2015-04-08 14:52:00,2015-04-08,0.1689,0.0,0.0,142.0,0.1689,0.1689,0.1689,10000096,2015-09-23,2015-09-23,P,2.75,2015-03-23
26632,2015-04-08 14:53:00,2015-04-08,0.1689,0.0,0.0,142.0,0.1689,0.1689,0.1689,10000096,2015-09-23,2015-09-23,P,2.75,2015-03-23
26633,2015-04-08 14:54:00,2015-04-08,0.1689,0.0,0.0,142.0,0.1689,0.1689,0.1689,10000096,2015-09-23,2015-09-23,P,2.75,2015-03-23
26634,2015-04-08 14:55:00,2015-04-08,0.1689,0.0,0.0,142.0,0.1689,0.1689,0.1689,10000096,2015-09-23,2015-09-23,P,2.75,2015-03-23
26635,2015-04-08 14:56:00,2015-04-08,0.1689,0.0,0.0,142.0,0.1689,0.1689,0.1689,10000096,2015-09-23,2015-09-23,P,2.75,2015-03-23
26636,2015-04-08 14:57:00,2015-04-08,0.1689,0.0,0.0,142.0,0.1689,0.1689,0.1689,10000096,2015-09-23,2015-09-23,P,2.75,2015-03-23
26637,2015-04-08 14:58:00,2015-04-08,0.1689,0.0,0.0,142.0,0.1689,0.1689,0.1689,10000096,2015-09-23,2015-09-23,P,2.75,2015-03-23
26638,2015-04-08 14:59:00,2015-04-08,0.1689,0.0,0.0,142.0,0.1689,0.1689,0.1689,10000096,2015-09-23,2015-09-23,P,2.75,2015-03-23
26639,2015-04-08 15:00:00,2015-04-08,0.1689,0.0,0.0,142.0,0.1689,0.1689,0.1689,10000096,2015-09-23,2015-09-23,P,2.75,2015-03-23
26640,2015-04-08 09:31:00,2015-04-08,0.2552,5101.0,2.0,862.0,0.2549,0.2552,0.2552,10000067,2015-04-22,2015-04-22,C,2.6,2015-03-17
26641,2015-04-08 09:32:00,2015-04-08,0.2552,0.0,0.0,862.0,0.2552,0.2552,0.2552,10000067,2015-04-22,2015-04-22,C,2.6,2015-03-17
26642,2015-04-08 09:33:00,2015-04-08,0.2552,0.0,0.0,862.0,0.2552,0.2552,0.2552,10000067,2015-04-22,2015-04-22,C,2.6,2015-03-17
26643,2015-04-08 09:34:00,2015-04-08,0.2552,0.0,0.0,862.0,0.2552,0.2552,0.2552,10000067,2015-04-22,2015-04-22,C,2.6,2015-03-17
26644,2015-04-08 09:35:00,2015-04-08,0.2535,2535.0,1.0,862.0,0.2535,0.2535,0.2535,10000067,2015-04-22,2015-04-22,C,2.6,2015-03-17
26645,2015-04-08 09:36:00,2015-04-08,0.2535,0.0,0.0,862.0,0.2535,0.2535,0.2535,10000067,2015-04-22,2015-04-22,C,2.6,2015-03-17
26646,2015-04-08 09:37:00,2015-04-08,0.2455,2455.0,1.0,863.0,0.2455,0.2455,0.2455,10000067,2015-04-22,2015-04-22,C,2.6,2015-03-17
26647,2015-04-08 09:38:00,2015-04-08,0.2441,4882.0,2.0,861.0,0.2441,0.2441,0.2441,10000067,2015-04-22,2015-04-22,C,2.6,2015-03-17
26648,2015-04-08 09:39:00,2015-04-08,0.2441,0.0,0.0,861.0,0.2441,0.2441,0.2441,10000067,2015-04-22,2015-04-22,C,2.6,2015-03-17
26649,2015-04-08 09:40:00,2015-04-08,0.2441,0.0,0.0,861.0,0.2441,0.2441,0.2441,10000067,2015-04-22,2015-04-22,C,2.6,2015-03-17
26650,2015-04-08 09:41:00,2015-04-08,0.2441,0.0,0.0,861.0,0.2441,0.2441,0.2441,10000067,2015-04-22,2015-04-22,C,2.6,2015-03-17
26651,2015-04-08 09:42:00,2015-04-08,0.2441,0.0,0.0,861.0,0.2441,0.2441,0.2441,10000067,2015-04-22,2015-04-22,C,2.6,2015-03-17
26652,2015-04-08 09:43:00,2015-04-08,0.2556,15330.0,6.0,860.0,0.2556,0.2556,0.2556,10000067,2015-04-22,2015-04-22,C,2.6,2015-03-17
26653,2015-04-08 09:44:00,2015-04-08,0.2556,0.0,0.0,860.0,0.2556,0.2556,0.2556,10000067,2015-04-22,2015-04-22,C,2.6,2015-03-17
26654,2015-04-08 09:45:00,2015-04-08,0.2556,0.0,0.0,860.0,0.2556,0.2556,0.2556,10000067,2015-04-22,2015-04-22,C,2.6,2015-03-17
26655,2015-04-08 09:46:00,2015-04-08,0.2559,5118.0,2.0,860.0,0.2559,0.2559,0.2559,10000067,2015-04-22,2015-04-22,C,2.6,2015-03-17
26656,2015-04-08 09:47:00,2015-04-08,0.2559,0.0,0.0,860.0,0.2559,0.2559,0.2559,10000067,2015-04-22,2015-04-22,C,2.6,2015-03-17
26657,2015-04-08 09:48:00,2015-04-08,0.2559,0.0,0.0,860.0,0.2559,0.2559,0.2559,10000067,2015-04-22,2015-04-22,C,2.6,2015-03-17
26658,2015-04-08 09:49:00,2015-04-08,0.26,2600.0,1.0,859.0,0.26,0.26,0.26,10000067,2015-04-22,2015-04-22,C,2.6,2015-03-17
26659,2015-04-08 09:50:00,2015-04-08,0.26,0.0,0.0,859.0,0.26,0.26,0.26,10000067,2015-04-22,2015-04-22,C,2.6,2015-03-17
26660,2015-04-08 09:51:00,2015-04-08,0.26,0.0,0.0,859.0,0.26,0.26,0.26,10000067,2015-04-22,2015-04-22,C,2.6,2015-03-17
26661,2015-04-08 09:52:00,2015-04-08,0.26,0.0,0.0,859.0,0.26,0.26,0.26,10000067,2015-04-22,2015-04-22,C,2.6,2015-03-17
26662,2015-04-08 09:53:00,2015-04-08,0.26,0.0,0.0,859.0,0.26,0.26,0.26,10000067,2015-04-22,2015-04-22,C,2.6,2015-03-17
26663,2015-04-08 09:54:00,2015-04-08,0.2634,2634.0,1.0,859.0,0.2634,0.2634,0.2634,10000067,2015-04-22,2015-04-22,C,2.6,2015-03-17
26664,2015-04-08 09:55:00,2015-04-08,0.2638,36916.0,14.0,859.0,0.2638,0.2638,0.2638,10000067,2015-04-22,2015-04-22,C,2.6,2015-03-17
26665,2015-04-08 09:56:00,2015-04-08,0.2669,5338.0,2.0,859.0,0.2669,0.2669,0.2669,10000067,2015-04-22,2015-04-22,C,2.6,2015-03-17
26666,2015-04-08 09:57:00,2015-04-08,0.2748,8180.0,3.0,858.0,0.2684,0.2748,0.2684,10000067,2015-04-22,2015-04-22,C,2.6,2015-03-17
26667,2015-04-08 09:58:00,2015-04-08,0.2748,0.0,0.0,858.0,0.2748,0.2748,0.2748,10000067,2015-04-22,2015-04-22,C,2.6,2015-03-17
26668,2015-04-08 09:59:00,2015-04-08,0.2767,2767.0,1.0,859.0,0.2767,0.2767,0.2767,10000067,2015-04-22,2015-04-22,C,2.6,2015-03-17
26669,2015-04-08 10:00:00,2015-04-08,0.2767,0.0,0.0,859.0,0.2767,0.2767,0.2767,10000067,2015-04-22,2015-04-22,C,2.6,2015-03-17
26670,2015-04-08 10:01:00,2015-04-08,0.2806,8242.0,3.0,861.0,0.2726,0.2806,0.271,10000067,2015-04-22,2015-04-22,C,2.6,2015-03-17
26671,2015-04-08 10:02:00,2015-04-08,0.2806,0.0,0.0,861.0,0.2806,0.2806,0.2806,10000067,2015-04-22,2015-04-22,C,2.6,2015-03-17
26672,2015-04-08 10:03:00,2015-04-08,0.2806,0.0,0.0,861.0,0.2806,0.2806,0.2806,10000067,2015-04-22,2015-04-22,C,2.6,2015-03-17
26673,2015-04-08 10:04:00,2015-04-08,0.2806,0.0,0.0,861.0,0.2806,0.2806,0.2806,10000067,2015-04-22,2015-04-22,C,2.6,2015-03-17
26674,2015-04-08 10:05:00,2015-04-08,0.2806,0.0,0.0,861.0,0.2806,0.2806,0.2806,10000067,2015-04-22,2015-04-22,C,2.6,2015-03-17
26675,2015-04-08 10:06:00,2015-04-08,0.2806,0.0,0.0,861.0,0.2806,0.2806,0.2806,10000067,2015-04-22,2015-04-22,C,2.6,2015-03-17
26676,2015-04-08 10:07:00,2015-04-08,0.266,2660.0,1.0,861.0,0.266,0.266,0.266,10000067,2015-04-22,2015-04-22,C,2.6,2015-03-17
26677,2015-04-08 10:08:00,2015-04-08,0.266,0.0,0.0,861.0,0.266,0.266,0.266,10000067,2015-04-22,2015-04-22,C,2.6,2015-03-17
26678,2015-04-08 10:09:00,2015-04-08,0.266,0.0,0.0,861.0,0.266,0.266,0.266,10000067,2015-04-22,2015-04-22,C,2.6,2015-03-17
26679,2015-04-08 10:10:00,2015-04-08,0.266,0.0,0.0,861.0,0.266,0.266,0.266,10000067,2015-04-22,2015-04-22,C,2.6,2015-03-17
26680,2015-04-08 10:11:00,2015-04-08,0.266,53191.0,20.0,871.0,0.266,0.2651,0.2651,10000067,2015-04-22,2015-04-22,C,2.6,2015-03-17
26681,2015-04-08 10:12:00,2015-04-08,0.2651,0.0,0.0,871.0,0.2651,0.2651,0.2651,10000067,2015-04-22,2015-04-22,C,2.6,2015-03-17
26682,2015-04-08 10:13:00,2015-04-08,0.2608,15628.0,6.0,870.0,0.2608,0.2604,0.2604,10000067,2015-04-22,2015-04-22,C,2.6,2015-03-17
26683,2015-04-08 10:14:00,2015-04-08,0.2585,18035.0,7.0,869.0,0.2585,0.2552,0.2552,10000067,2015-04-22,2015-04-22,C,2.6,2015-03-17
26684,2015-04-08 10:15:00,2015-04-08,0.2531,2531.0,1.0,868.0,0.2531,0.2531,0.2531,10000067,2015-04-22,2015-04-22,C,2.6,2015-03-17
26685,2015-04-08 10:16:00,2015-04-08,0.2531,0.0,0.0,868.0,0.2531,0.2531,0.2531,10000067,2015-04-22,2015-04-22,C,2.6,2015-03-17
26686,2015-04-08 10:17:00,2015-04-08,0.2531,0.0,0.0,868.0,0.2531,0.2531,0.2531,10000067,2015-04-22,2015-04-22,C,2.6,2015-03-17
26687,2015-04-08 10:18:00,2015-04-08,0.2531,0.0,0.0,868.0,0.2531,0.2531,0.2531,10000067,2015-04-22,2015-04-22,C,2.6,2015-03-17
26688,2015-04-08 10:19:00,2015-04-08,0.2531,0.0,0.0,868.0,0.2531,0.2531,0.2531,10000067,2015-04-22,2015-04-22,C,2.6,2015-03-17
26689,2015-04-08 10:20:00,2015-04-08,0.2531,0.0,0.0,868.0,0.2531,0.2531,0.2531,10000067,2015-04-22,2015-04-22,C,2.6,2015-03-17
26690,2015-04-08 10:21:00,2015-04-08,0.2531,0.0,0.0,868.0,0.2531,0.2531,0.2531,10000067,2015-04-22,2015-04-22,C,2.6,2015-03-17
26691,2015-04-08 10:22:00,2015-04-08,0.2531,0.0,0.0,868.0,0.2531,0.2531,0.2531,10000067,2015-04-22,2015-04-22,C,2.6,2015-03-17
26692,2015-04-08 10:23:00,2015-04-08,0.2531,0.0,0.0,868.0,0.2531,0.2531,0.2531,10000067,2015-04-22,2015-04-22,C,2.6,2015-03-17
26693,2015-04-08 10:24:00,2015-04-08,0.2581,2581.0,1.0,868.0,0.2581,0.2581,0.2581,10000067,2015-04-22,2015-04-22,C,2.6,2015-03-17
26694,2015-04-08 10:25:00,2015-04-08,0.2581,0.0,0.0,868.0,0.2581,0.2581,0.2581,10000067,2015-04-22,2015-04-22,C,2.6,2015-03-17
26695,2015-04-08 10:26:00,2015-04-08,0.2558,27968.0,11.0,858.0,0.2558,0.2541,0.2541,10000067,2015-04-22,2015-04-22,C,2.6,2015-03-17
26696,2015-04-08 10:27:00,2015-04-08,0.2541,0.0,0.0,858.0,0.2541,0.2541,0.2541,10000067,2015-04-22,2015-04-22,C,2.6,2015-03-17
26697,2015-04-08 10:28:00,2015-04-08,0.2541,0.0,0.0,858.0,0.2541,0.2541,0.2541,10000067,2015-04-22,2015-04-22,C,2.6,2015-03-17
26698,2015-04-08 10:29:00,2015-04-08,0.2541,0.0,0.0,858.0,0.2541,0.2541,0.2541,10000067,2015-04-22,2015-04-22,C,2.6,2015-03-17
26699,2015-04-08 10:30:00,2015-04-08,0.2625,26230.0,10.0,860.0,0.2621,0.2625,0.2621,10000067,2015-04-22,2015-04-22,C,2.6,2015-03-17
26700,2015-04-08 10:31:00,2015-04-08,0.2625,0.0,0.0,860.0,0.2625,0.2625,0.2625,10000067,2015-04-22,2015-04-22,C,2.6,2015-03-17
26701,2015-04-08 10:32:00,2015-04-08,0.2656,119460.0,45.0,860.0,0.2651,0.2656,0.2651,10000067,2015-04-22,2015-04-22,C,2.6,2015-03-17
26702,2015-04-08 10:33:00,2015-04-08,0.2656,0.0,0.0,860.0,0.2656,0.2656,0.2656,10000067,2015-04-22,2015-04-22,C,2.6,2015-03-17
26703,2015-04-08 10:34:00,2015-04-08,0.2656,0.0,0.0,860.0,0.2656,0.2656,0.2656,10000067,2015-04-22,2015-04-22,C,2.6,2015-03-17
26704,2015-04-08 10:35:00,2015-04-08,0.2656,0.0,0.0,860.0,0.2656,0.2656,0.2656,10000067,2015-04-22,2015-04-22,C,2.6,2015-03-17
26705,2015-04-08 10:36:00,2015-04-08,0.278,11120.0,4.0,864.0,0.278,0.278,0.278,10000067,2015-04-22,2015-04-22,C,2.6,2015-03-17
26706,2015-04-08 10:37:00,2015-04-08,0.278,0.0,0.0,864.0,0.278,0.278,0.278,10000067,2015-04-22,2015-04-22,C,2.6,2015-03-17
26707,2015-04-08 10:38:00,2015-04-08,0.278,0.0,0.0,864.0,0.278,0.278,0.278,10000067,2015-04-22,2015-04-22,C,2.6,2015-03-17
26708,2015-04-08 10:39:00,2015-04-08,0.278,0.0,0.0,864.0,0.278,0.278,0.278,10000067,2015-04-22,2015-04-22,C,2.6,2015-03-17
26709,2015-04-08 10:40:00,2015-04-08,0.278,0.0,0.0,864.0,0.278,0.278,0.278,10000067,2015-04-22,2015-04-22,C,2.6,2015-03-17
26710,2015-04-08 10:41:00,2015-04-08,0.278,0.0,0.0,864.0,0.278,0.278,0.278,10000067,2015-04-22,2015-04-22,C,2.6,2015-03-17
26711,2015-04-08 10:42:00,2015-04-08,0.28,8400.0,3.0,861.0,0.28,0.28,0.28,10000067,2015-04-22,2015-04-22,C,2.6,2015-03-17
26712,2015-04-08 10:43:00,2015-04-08,0.28,0.0,0.0,861.0,0.28,0.28,0.28,10000067,2015-04-22,2015-04-22,C,2.6,2015-03-17
26713,2015-04-08 10:44:00,2015-04-08,0.28,0.0,0.0,861.0,0.28,0.28,0.28,10000067,2015-04-22,2015-04-22,C,2.6,2015-03-17
26714,2015-04-08 10:45:00,2015-04-08,0.28,0.0,0.0,861.0,0.28,0.28,0.28,10000067,2015-04-22,2015-04-22,C,2.6,2015-03-17
26715,2015-04-08 10:46:00,2015-04-08,0.2751,2751.0,1.0,860.0,0.2751,0.2751,0.2751,10000067,2015-04-22,2015-04-22,C,2.6,2015-03-17
26716,2015-04-08 10:47:00,2015-04-08,0.2751,0.0,0.0,860.0,0.2751,0.2751,0.2751,10000067,2015-04-22,2015-04-22,C,2.6,2015-03-17
26717,2015-04-08 10:48:00,2015-04-08,0.275,16308.0,6.0,857.0,0.275,0.2702,0.2702,10000067,2015-04-22,2015-04-22,C,2.6,2015-03-17
26718,2015-04-08 10:49:00,2015-04-08,0.2702,0.0,0.0,857.0,0.2702,0.2702,0.2702,10000067,2015-04-22,2015-04-22,C,2.6,2015-03-17
26719,2015-04-08 10:50:00,2015-04-08,0.2702,0.0,0.0,857.0,0.2702,0.2702,0.2702,10000067,2015-04-22,2015-04-22,C,2.6,2015-03-17
26720,2015-04-08 10:51:00,2015-04-08,0.2648,2648.0,1.0,858.0,0.2648,0.2648,0.2648,10000067,2015-04-22,2015-04-22,C,2.6,2015-03-17
26721,2015-04-08 10:52:00,2015-04-08,0.2626,13130.0,5.0,858.0,0.2626,0.2626,0.2626,10000067,2015-04-22,2015-04-22,C,2.6,2015-03-17
26722,2015-04-08 10:53:00,2015-04-08,0.2618,144763.0,56.0,892.0,0.2618,0.258,0.258,10000067,2015-04-22,2015-04-22,C,2.6,2015-03-17
26723,2015-04-08 10:54:00,2015-04-08,0.256,71612.0,28.0,901.0,0.256,0.2544,0.2544,10000067,2015-04-22,2015-04-22,C,2.6,2015-03-17
26724,2015-04-08 10:55:00,2015-04-08,0.2533,91068.0,36.0,923.0,0.2533,0.2529,0.2529,10000067,2015-04-22,2015-04-22,C,2.6,2015-03-17
26725,2015-04-08 10:56:00,2015-04-08,0.2529,0.0,0.0,923.0,0.2529,0.2529,0.2529,10000067,2015-04-22,2015-04-22,C,2.6,2015-03-17
26726,2015-04-08 10:57:00,2015-04-08,0.25,112290.0,45.0,943.0,0.25,0.2491,0.2491,10000067,2015-04-22,2015-04-22,C,2.6,2015-03-17
26727,2015-04-08 10:58:00,2015-04-08,0.2485,46523.0,19.0,935.0,0.2484,0.2413,0.2413,10000067,2015-04-22,2015-04-22,C,2.6,2015-03-17
26728,2015-04-08 10:59:00,2015-04-08,0.2413,0.0,0.0,935.0,0.2413,0.2413,0.2413,10000067,2015-04-22,2015-04-22,C,2.6,2015-03-17
26729,2015-04-08 11:00:00,2015-04-08,0.2535,12675.0,5.0,940.0,0.2535,0.2535,0.2535,10000067,2015-04-22,2015-04-22,C,2.6,2015-03-17
26730,2015-04-08 11:01:00,2015-04-08,0.2535,0.0,0.0,940.0,0.2535,0.2535,0.2535,10000067,2015-04-22,2015-04-22,C,2.6,2015-03-17
26731,2015-04-08 11:02:00,2015-04-08,0.2535,0.0,0.0,940.0,0.2535,0.2535,0.2535,10000067,2015-04-22,2015-04-22,C,2.6,2015-03-17
26732,2015-04-08 11:03:00,2015-04-08,0.2535,0.0,0.0,940.0,0.2535,0.2535,0.2535,10000067,2015-04-22,2015-04-22,C,2.6,2015-03-17
26733,2015-04-08 11:04:00,2015-04-08,0.2535,0.0,0.0,940.0,0.2535,0.2535,0.2535,10000067,2015-04-22,2015-04-22,C,2.6,2015-03-17
26734,2015-04-08 11:05:00,2015-04-08,0.2535,0.0,0.0,940.0,0.2535,0.2535,0.2535,10000067,2015-04-22,2015-04-22,C,2.6,2015-03-17
26735,2015-04-08 11:06:00,2015-04-08,0.2535,0.0,0.0,940.0,0.2535,0.2535,0.2535,10000067,2015-04-22,2015-04-22,C,2.6,2015-03-17
26736,2015-04-08 11:07:00,2015-04-08,0.2535,0.0,0.0,940.0,0.2535,0.2535,0.2535,10000067,2015-04-22,2015-04-22,C,2.6,2015-03-17
26737,2015-04-08 11:08:00,2015-04-08,0.2535,0.0,0.0,940.0,0.2535,0.2535,0.2535,10000067,2015-04-22,2015-04-22,C,2.6,2015-03-17
26738,2015-04-08 11:09:00,2015-04-08,0.2508,2508.0,1.0,941.0,0.2508,0.2508,0.2508,10000067,2015-04-22,2015-04-22,C,2.6,2015-03-17
26739,2015-04-08 11:10:00,2015-04-08,0.2508,0.0,0.0,941.0,0.2508,0.2508,0.2508,10000067,2015-04-22,2015-04-22,C,2.6,2015-03-17
26740,2015-04-08 11:11:00,2015-04-08,0.2508,0.0,0.0,941.0,0.2508,0.2508,0.2508,10000067,2015-04-22,2015-04-22,C,2.6,2015-03-17
26741,2015-04-08 11:12:00,2015-04-08,0.2508,0.0,0.0,941.0,0.2508,0.2508,0.2508,10000067,2015-04-22,2015-04-22,C,2.6,2015-03-17
26742,2015-04-08 11:13:00,2015-04-08,0.2508,0.0,0.0,941.0,0.2508,0.2508,0.2508,10000067,2015-04-22,2015-04-22,C,2.6,2015-03-17
26743,2015-04-08 11:14:00,2015-04-08,0.2508,0.0,0.0,941.0,0.2508,0.2508,0.2508,10000067,2015-04-22,2015-04-22,C,2.6,2015-03-17
26744,2015-04-08 11:15:00,2015-04-08,0.2508,0.0,0.0,941.0,0.2508,0.2508,0.2508,10000067,2015-04-22,2015-04-22,C,2.6,2015-03-17
26745,2015-04-08 11:16:00,2015-04-08,0.2516,2516.0,1.0,940.0,0.2516,0.2516,0.2516,10000067,2015-04-22,2015-04-22,C,2.6,2015-03-17
26746,2015-04-08 11:17:00,2015-04-08,0.2516,0.0,0.0,940.0,0.2516,0.2516,0.2516,10000067,2015-04-22,2015-04-22,C,2.6,2015-03-17
26747,2015-04-08 11:18:00,2015-04-08,0.2516,0.0,0.0,940.0,0.2516,0.2516,0.2516,10000067,2015-04-22,2015-04-22,C,2.6,2015-03-17
26748,2015-04-08 11:19:00,2015-04-08,0.2516,0.0,0.0,940.0,0.2516,0.2516,0.2516,10000067,2015-04-22,2015-04-22,C,2.6,2015-03-17
26749,2015-04-08 11:20:00,2015-04-08,0.2516,0.0,0.0,940.0,0.2516,0.2516,0.2516,10000067,2015-04-22,2015-04-22,C,2.6,2015-03-17
26750,2015-04-08 11:21:00,2015-04-08,0.2516,0.0,0.0,940.0,0.2516,0.2516,0.2516,10000067,2015-04-22,2015-04-22,C,2.6,2015-03-17
26751,2015-04-08 11:22:00,2015-04-08,0.2516,0.0,0.0,940.0,0.2516,0.2516,0.2516,10000067,2015-04-22,2015-04-22,C,2.6,2015-03-17
26752,2015-04-08 11:23:00,2015-04-08,0.2516,0.0,0.0,940.0,0.2516,0.2516,0.2516,10000067,2015-04-22,2015-04-22,C,2.6,2015-03-17
26753,2015-04-08 11:24:00,2015-04-08,0.2516,0.0,0.0,940.0,0.2516,0.2516,0.2516,10000067,2015-04-22,2015-04-22,C,2.6,2015-03-17
26754,2015-04-08 11:25:00,2015-04-08,0.2516,0.0,0.0,940.0,0.2516,0.2516,0.2516,10000067,2015-04-22,2015-04-22,C,2.6,2015-03-17
26755,2015-04-08 11:26:00,2015-04-08,0.2516,0.0,0.0,940.0,0.2516,0.2516,0.2516,10000067,2015-04-22,2015-04-22,C,2.6,2015-03-17
26756,2015-04-08 11:27:00,2015-04-08,0.2663,26630.0,10.0,940.0,0.2663,0.2663,0.2663,10000067,2015-04-22,2015-04-22,C,2.6,2015-03-17
26757,2015-04-08 11:28:00,2015-04-08,0.2663,0.0,0.0,940.0,0.2663,0.2663,0.2663,10000067,2015-04-22,2015-04-22,C,2.6,2015-03-17
26758,2015-04-08 11:29:00,2015-04-08,0.2663,0.0,0.0,940.0,0.2663,0.2663,0.2663,10000067,2015-04-22,2015-04-22,C,2.6,2015-03-17
26759,2015-04-08 11:30:00,2015-04-08,0.2663,0.0,0.0,940.0,0.2663,0.2663,0.2663,10000067,2015-04-22,2015-04-22,C,2.6,2015-03-17
26760,2015-04-08 13:01:00,2015-04-08,0.275,2750.0,1.0,940.0,0.275,0.275,0.275,10000067,2015-04-22,2015-04-22,C,2.6,2015-03-17
26761,2015-04-08 13:02:00,2015-04-08,0.275,0.0,0.0,940.0,0.275,0.275,0.275,10000067,2015-04-22,2015-04-22,C,2.6,2015-03-17
26762,2015-04-08 13:03:00,2015-04-08,0.2929,8787.0,3.0,943.0,0.2929,0.2929,0.2929,10000067,2015-04-22,2015-04-22,C,2.6,2015-03-17
26763,2015-04-08 13:04:00,2015-04-08,0.2929,0.0,0.0,943.0,0.2929,0.2929,0.2929,10000067,2015-04-22,2015-04-22,C,2.6,2015-03-17
26764,2015-04-08 13:05:00,2015-04-08,0.2929,0.0,0.0,943.0,0.2929,0.2929,0.2929,10000067,2015-04-22,2015-04-22,C,2.6,2015-03-17
26765,2015-04-08 13:06:00,2015-04-08,0.2929,0.0,0.0,943.0,0.2929,0.2929,0.2929,10000067,2015-04-22,2015-04-22,C,2.6,2015-03-17
26766,2015-04-08 13:07:00,2015-04-08,0.2871,5742.0,2.0,945.0,0.2871,0.2871,0.2871,10000067,2015-04-22,2015-04-22,C,2.6,2015-03-17
26767,2015-04-08 13:08:00,2015-04-08,0.2871,0.0,0.0,945.0,0.2871,0.2871,0.2871,10000067,2015-04-22,2015-04-22,C,2.6,2015-03-17
26768,2015-04-08 13:09:00,2015-04-08,0.2871,0.0,0.0,945.0,0.2871,0.2871,0.2871,10000067,2015-04-22,2015-04-22,C,2.6,2015-03-17
26769,2015-04-08 13:10:00,2015-04-08,0.2871,0.0,0.0,945.0,0.2871,0.2871,0.2871,10000067,2015-04-22,2015-04-22,C,2.6,2015-03-17
26770,2015-04-08 13:11:00,2015-04-08,0.2871,0.0,0.0,945.0,0.2871,0.2871,0.2871,10000067,2015-04-22,2015-04-22,C,2.6,2015-03-17
26771,2015-04-08 13:12:00,2015-04-08,0.2871,0.0,0.0,945.0,0.2871,0.2871,0.2871,10000067,2015-04-22,2015-04-22,C,2.6,2015-03-17
26772,2015-04-08 13:13:00,2015-04-08,0.2785,27850.0,10.0,935.0,0.2785,0.2785,0.2785,10000067,2015-04-22,2015-04-22,C,2.6,2015-03-17
26773,2015-04-08 13:14:00,2015-04-08,0.2785,0.0,0.0,935.0,0.2785,0.2785,0.2785,10000067,2015-04-22,2015-04-22,C,2.6,2015-03-17
26774,2015-04-08 13:15:00,2015-04-08,0.2785,0.0,0.0,935.0,0.2785,0.2785,0.2785,10000067,2015-04-22,2015-04-22,C,2.6,2015-03-17
26775,2015-04-08 13:16:00,2015-04-08,0.2785,0.0,0.0,935.0,0.2785,0.2785,0.2785,10000067,2015-04-22,2015-04-22,C,2.6,2015-03-17
26776,2015-04-08 13:17:00,2015-04-08,0.2785,0.0,0.0,935.0,0.2785,0.2785,0.2785,10000067,2015-04-22,2015-04-22,C,2.6,2015-03-17
26777,2015-04-08 13:18:00,2015-04-08,0.2935,2935.0,1.0,934.0,0.2935,0.2935,0.2935,10000067,2015-04-22,2015-04-22,C,2.6,2015-03-17
26778,2015-04-08 13:19:00,2015-04-08,0.299,2990.0,1.0,933.0,0.299,0.299,0.299,10000067,2015-04-22,2015-04-22,C,2.6,2015-03-17
26779,2015-04-08 13:20:00,2015-04-08,0.299,0.0,0.0,933.0,0.299,0.299,0.299,10000067,2015-04-22,2015-04-22,C,2.6,2015-03-17
26780,2015-04-08 13:21:00,2015-04-08,0.299,0.0,0.0,933.0,0.299,0.299,0.299,10000067,2015-04-22,2015-04-22,C,2.6,2015-03-17
26781,2015-04-08 13:22:00,2015-04-08,0.299,0.0,0.0,933.0,0.299,0.299,0.299,10000067,2015-04-22,2015-04-22,C,2.6,2015-03-17
26782,2015-04-08 13:23:00,2015-04-08,0.299,0.0,0.0,933.0,0.299,0.299,0.299,10000067,2015-04-22,2015-04-22,C,2.6,2015-03-17
26783,2015-04-08 13:24:00,2015-04-08,0.299,0.0,0.0,933.0,0.299,0.299,0.299,10000067,2015-04-22,2015-04-22,C,2.6,2015-03-17
26784,2015-04-08 13:25:00,2015-04-08,0.3096,12384.0,4.0,937.0,0.3096,0.3096,0.3096,10000067,2015-04-22,2015-04-22,C,2.6,2015-03-17
26785,2015-04-08 13:26:00,2015-04-08,0.2986,5972.0,2.0,935.0,0.2986,0.2986,0.2986,10000067,2015-04-22,2015-04-22,C,2.6,2015-03-17
26786,2015-04-08 13:27:00,2015-04-08,0.2986,0.0,0.0,935.0,0.2986,0.2986,0.2986,10000067,2015-04-22,2015-04-22,C,2.6,2015-03-17
26787,2015-04-08 13:28:00,2015-04-08,0.2986,0.0,0.0,935.0,0.2986,0.2986,0.2986,10000067,2015-04-22,2015-04-22,C,2.6,2015-03-17
26788,2015-04-08 13:29:00,2015-04-08,0.2986,0.0,0.0,935.0,0.2986,0.2986,0.2986,10000067,2015-04-22,2015-04-22,C,2.6,2015-03-17
26789,2015-04-08 13:30:00,2015-04-08,0.2986,0.0,0.0,935.0,0.2986,0.2986,0.2986,10000067,2015-04-22,2015-04-22,C,2.6,2015-03-17
26790,2015-04-08 13:31:00,2015-04-08,0.2986,0.0,0.0,935.0,0.2986,0.2986,0.2986,10000067,2015-04-22,2015-04-22,C,2.6,2015-03-17
26791,2015-04-08 13:32:00,2015-04-08,0.2986,0.0,0.0,935.0,0.2986,0.2986,0.2986,10000067,2015-04-22,2015-04-22,C,2.6,2015-03-17
26792,2015-04-08 13:33:00,2015-04-08,0.2986,0.0,0.0,935.0,0.2986,0.2986,0.2986,10000067,2015-04-22,2015-04-22,C,2.6,2015-03-17
26793,2015-04-08 13:34:00,2015-04-08,0.2986,0.0,0.0,935.0,0.2986,0.2986,0.2986,10000067,2015-04-22,2015-04-22,C,2.6,2015-03-17
26794,2015-04-08 13:35:00,2015-04-08,0.2986,0.0,0.0,935.0,0.2986,0.2986,0.2986,10000067,2015-04-22,2015-04-22,C,2.6,2015-03-17
26795,2015-04-08 13:36:00,2015-04-08,0.3071,30710.0,10.0,933.0,0.3071,0.3071,0.3071,10000067,2015-04-22,2015-04-22,C,2.6,2015-03-17
26796,2015-04-08 13:37:00,2015-04-08,0.307,30700.0,10.0,943.0,0.307,0.307,0.307,10000067,2015-04-22,2015-04-22,C,2.6,2015-03-17
26797,2015-04-08 13:38:00,2015-04-08,0.307,0.0,0.0,943.0,0.307,0.307,0.307,10000067,2015-04-22,2015-04-22,C,2.6,2015-03-17
26798,2015-04-08 13:39:00,2015-04-08,0.307,0.0,0.0,943.0,0.307,0.307,0.307,10000067,2015-04-22,2015-04-22,C,2.6,2015-03-17
26799,2015-04-08 13:40:00,2015-04-08,0.307,0.0,0.0,943.0,0.307,0.307,0.307,10000067,2015-04-22,2015-04-22,C,2.6,2015-03-17
26800,2015-04-08 13:41:00,2015-04-08,0.307,0.0,0.0,943.0,0.307,0.307,0.307,10000067,2015-04-22,2015-04-22,C,2.6,2015-03-17
26801,2015-04-08 13:42:00,2015-04-08,0.3005,6010.0,2.0,945.0,0.3005,0.3005,0.3005,10000067,2015-04-22,2015-04-22,C,2.6,2015-03-17
26802,2015-04-08 13:43:00,2015-04-08,0.3005,0.0,0.0,945.0,0.3005,0.3005,0.3005,10000067,2015-04-22,2015-04-22,C,2.6,2015-03-17
26803,2015-04-08 13:44:00,2015-04-08,0.3005,0.0,0.0,945.0,0.3005,0.3005,0.3005,10000067,2015-04-22,2015-04-22,C,2.6,2015-03-17
26804,2015-04-08 13:45:00,2015-04-08,0.3005,0.0,0.0,945.0,0.3005,0.3005,0.3005,10000067,2015-04-22,2015-04-22,C,2.6,2015-03-17
26805,2015-04-08 13:46:00,2015-04-08,0.3038,6076.0,2.0,943.0,0.3038,0.3038,0.3038,10000067,2015-04-22,2015-04-22,C,2.6,2015-03-17
26806,2015-04-08 13:47:00,2015-04-08,0.307,33706.0,11.0,943.0,0.307,0.307,0.3006,10000067,2015-04-22,2015-04-22,C,2.6,2015-03-17
26807,2015-04-08 13:48:00,2015-04-08,0.307,0.0,0.0,943.0,0.307,0.307,0.307,10000067,2015-04-22,2015-04-22,C,2.6,2015-03-17
26808,2015-04-08 13:49:00,2015-04-08,0.3119,3119.0,1.0,943.0,0.3119,0.3119,0.3119,10000067,2015-04-22,2015-04-22,C,2.6,2015-03-17
26809,2015-04-08 13:50:00,2015-04-08,0.3119,0.0,0.0,943.0,0.3119,0.3119,0.3119,10000067,2015-04-22,2015-04-22,C,2.6,2015-03-17
26810,2015-04-08 13:51:00,2015-04-08,0.3119,0.0,0.0,943.0,0.3119,0.3119,0.3119,10000067,2015-04-22,2015-04-22,C,2.6,2015-03-17
26811,2015-04-08 13:52:00,2015-04-08,0.3119,0.0,0.0,943.0,0.3119,0.3119,0.3119,10000067,2015-04-22,2015-04-22,C,2.6,2015-03-17
26812,2015-04-08 13:53:00,2015-04-08,0.3119,0.0,0.0,943.0,0.3119,0.3119,0.3119,10000067,2015-04-22,2015-04-22,C,2.6,2015-03-17
26813,2015-04-08 13:54:00,2015-04-08,0.3119,0.0,0.0,943.0,0.3119,0.3119,0.3119,10000067,2015-04-22,2015-04-22,C,2.6,2015-03-17
26814,2015-04-08 13:55:00,2015-04-08,0.3119,0.0,0.0,943.0,0.3119,0.3119,0.3119,10000067,2015-04-22,2015-04-22,C,2.6,2015-03-17
26815,2015-04-08 13:56:00,2015-04-08,0.3119,0.0,0.0,943.0,0.3119,0.3119,0.3119,10000067,2015-04-22,2015-04-22,C,2.6,2015-03-17
26816,2015-04-08 13:57:00,2015-04-08,0.3119,0.0,0.0,943.0,0.3119,0.3119,0.3119,10000067,2015-04-22,2015-04-22,C,2.6,2015-03-17
26817,2015-04-08 13:58:00,2015-04-08,0.3119,0.0,0.0,943.0,0.3119,0.3119,0.3119,10000067,2015-04-22,2015-04-22,C,2.6,2015-03-17
26818,2015-04-08 13:59:00,2015-04-08,0.3119,0.0,0.0,943.0,0.3119,0.3119,0.3119,10000067,2015-04-22,2015-04-22,C,2.6,2015-03-17
26819,2015-04-08 14:00:00,2015-04-08,0.3119,0.0,0.0,943.0,0.3119,0.3119,0.3119,10000067,2015-04-22,2015-04-22,C,2.6,2015-03-17
26820,2015-04-08 14:01:00,2015-04-08,0.3119,0.0,0.0,943.0,0.3119,0.3119,0.3119,10000067,2015-04-22,2015-04-22,C,2.6,2015-03-17
26821,2015-04-08 14:02:00,2015-04-08,0.3119,0.0,0.0,943.0,0.3119,0.3119,0.3119,10000067,2015-04-22,2015-04-22,C,2.6,2015-03-17
26822,2015-04-08 14:03:00,2015-04-08,0.3119,0.0,0.0,943.0,0.3119,0.3119,0.3119,10000067,2015-04-22,2015-04-22,C,2.6,2015-03-17
26823,2015-04-08 14:04:00,2015-04-08,0.3048,6084.0,2.0,944.0,0.3048,0.3036,0.3036,10000067,2015-04-22,2015-04-22,C,2.6,2015-03-17
26824,2015-04-08 14:05:00,2015-04-08,0.3036,0.0,0.0,944.0,0.3036,0.3036,0.3036,10000067,2015-04-22,2015-04-22,C,2.6,2015-03-17
26825,2015-04-08 14:06:00,2015-04-08,0.3036,0.0,0.0,944.0,0.3036,0.3036,0.3036,10000067,2015-04-22,2015-04-22,C,2.6,2015-03-17
26826,2015-04-08 14:07:00,2015-04-08,0.3002,3002.0,1.0,944.0,0.3002,0.3002,0.3002,10000067,2015-04-22,2015-04-22,C,2.6,2015-03-17
26827,2015-04-08 14:08:00,2015-04-08,0.3002,0.0,0.0,944.0,0.3002,0.3002,0.3002,10000067,2015-04-22,2015-04-22,C,2.6,2015-03-17
26828,2015-04-08 14:09:00,2015-04-08,0.3002,0.0,0.0,944.0,0.3002,0.3002,0.3002,10000067,2015-04-22,2015-04-22,C,2.6,2015-03-17
26829,2015-04-08 14:10:00,2015-04-08,0.3044,12176.0,4.0,944.0,0.3044,0.3044,0.3044,10000067,2015-04-22,2015-04-22,C,2.6,2015-03-17
26830,2015-04-08 14:11:00,2015-04-08,0.3111,27932.0,9.0,951.0,0.3111,0.3044,0.3044,10000067,2015-04-22,2015-04-22,C,2.6,2015-03-17
26831,2015-04-08 14:12:00,2015-04-08,0.3044,0.0,0.0,951.0,0.3044,0.3044,0.3044,10000067,2015-04-22,2015-04-22,C,2.6,2015-03-17
26832,2015-04-08 14:13:00,2015-04-08,0.3044,0.0,0.0,951.0,0.3044,0.3044,0.3044,10000067,2015-04-22,2015-04-22,C,2.6,2015-03-17
26833,2015-04-08 14:14:00,2015-04-08,0.3044,0.0,0.0,951.0,0.3044,0.3044,0.3044,10000067,2015-04-22,2015-04-22,C,2.6,2015-03-17
26834,2015-04-08 14:15:00,2015-04-08,0.3044,0.0,0.0,951.0,0.3044,0.3044,0.3044,10000067,2015-04-22,2015-04-22,C,2.6,2015-03-17
26835,2015-04-08 14:16:00,2015-04-08,0.3044,0.0,0.0,951.0,0.3044,0.3044,0.3044,10000067,2015-04-22,2015-04-22,C,2.6,2015-03-17
26836,2015-04-08 14:17:00,2015-04-08,0.3044,0.0,0.0,951.0,0.3044,0.3044,0.3044,10000067,2015-04-22,2015-04-22,C,2.6,2015-03-17
26837,2015-04-08 14:18:00,2015-04-08,0.3044,0.0,0.0,951.0,0.3044,0.3044,0.3044,10000067,2015-04-22,2015-04-22,C,2.6,2015-03-17
26838,2015-04-08 14:19:00,2015-04-08,0.2958,2958.0,1.0,952.0,0.2958,0.2958,0.2958,10000067,2015-04-22,2015-04-22,C,2.6,2015-03-17
26839,2015-04-08 14:20:00,2015-04-08,0.2958,0.0,0.0,952.0,0.2958,0.2958,0.2958,10000067,2015-04-22,2015-04-22,C,2.6,2015-03-17
26840,2015-04-08 14:21:00,2015-04-08,0.2958,0.0,0.0,952.0,0.2958,0.2958,0.2958,10000067,2015-04-22,2015-04-22,C,2.6,2015-03-17
26841,2015-04-08 14:22:00,2015-04-08,0.2958,0.0,0.0,952.0,0.2958,0.2958,0.2958,10000067,2015-04-22,2015-04-22,C,2.6,2015-03-17
26842,2015-04-08 14:23:00,2015-04-08,0.2958,0.0,0.0,952.0,0.2958,0.2958,0.2958,10000067,2015-04-22,2015-04-22,C,2.6,2015-03-17
26843,2015-04-08 14:24:00,2015-04-08,0.2958,0.0,0.0,952.0,0.2958,0.2958,0.2958,10000067,2015-04-22,2015-04-22,C,2.6,2015-03-17
26844,2015-04-08 14:25:00,2015-04-08,0.2958,0.0,0.0,952.0,0.2958,0.2958,0.2958,10000067,2015-04-22,2015-04-22,C,2.6,2015-03-17
26845,2015-04-08 14:26:00,2015-04-08,0.2858,2858.0,1.0,952.0,0.2858,0.2858,0.2858,10000067,2015-04-22,2015-04-22,C,2.6,2015-03-17
26846,2015-04-08 14:27:00,2015-04-08,0.2799,13995.0,5.0,952.0,0.2799,0.2799,0.2799,10000067,2015-04-22,2015-04-22,C,2.6,2015-03-17
26847,2015-04-08 14:28:00,2015-04-08,0.2799,0.0,0.0,952.0,0.2799,0.2799,0.2799,10000067,2015-04-22,2015-04-22,C,2.6,2015-03-17
26848,2015-04-08 14:29:00,2015-04-08,0.2799,0.0,0.0,952.0,0.2799,0.2799,0.2799,10000067,2015-04-22,2015-04-22,C,2.6,2015-03-17
26849,2015-04-08 14:30:00,2015-04-08,0.2799,0.0,0.0,952.0,0.2799,0.2799,0.2799,10000067,2015-04-22,2015-04-22,C,2.6,2015-03-17
26850,2015-04-08 14:31:00,2015-04-08,0.2799,0.0,0.0,952.0,0.2799,0.2799,0.2799,10000067,2015-04-22,2015-04-22,C,2.6,2015-03-17
26851,2015-04-08 14:32:00,2015-04-08,0.2799,0.0,0.0,952.0,0.2799,0.2799,0.2799,10000067,2015-04-22,2015-04-22,C,2.6,2015-03-17
26852,2015-04-08 14:33:00,2015-04-08,0.2799,0.0,0.0,952.0,0.2799,0.2799,0.2799,10000067,2015-04-22,2015-04-22,C,2.6,2015-03-17
26853,2015-04-08 14:34:00,2015-04-08,0.2799,0.0,0.0,952.0,0.2799,0.2799,0.2799,10000067,2015-04-22,2015-04-22,C,2.6,2015-03-17
26854,2015-04-08 14:35:00,2015-04-08,0.2928,2928.0,1.0,951.0,0.2928,0.2928,0.2928,10000067,2015-04-22,2015-04-22,C,2.6,2015-03-17
26855,2015-04-08 14:36:00,2015-04-08,0.295,8850.0,3.0,948.0,0.295,0.295,0.295,10000067,2015-04-22,2015-04-22,C,2.6,2015-03-17
26856,2015-04-08 14:37:00,2015-04-08,0.295,0.0,0.0,948.0,0.295,0.295,0.295,10000067,2015-04-22,2015-04-22,C,2.6,2015-03-17
26857,2015-04-08 14:38:00,2015-04-08,0.295,0.0,0.0,948.0,0.295,0.295,0.295,10000067,2015-04-22,2015-04-22,C,2.6,2015-03-17
26858,2015-04-08 14:39:00,2015-04-08,0.295,0.0,0.0,948.0,0.295,0.295,0.295,10000067,2015-04-22,2015-04-22,C,2.6,2015-03-17
26859,2015-04-08 14:40:00,2015-04-08,0.295,0.0,0.0,948.0,0.295,0.295,0.295,10000067,2015-04-22,2015-04-22,C,2.6,2015-03-17
26860,2015-04-08 14:41:00,2015-04-08,0.295,0.0,0.0,948.0,0.295,0.295,0.295,10000067,2015-04-22,2015-04-22,C,2.6,2015-03-17
26861,2015-04-08 14:42:00,2015-04-08,0.295,0.0,0.0,948.0,0.295,0.295,0.295,10000067,2015-04-22,2015-04-22,C,2.6,2015-03-17
26862,2015-04-08 14:43:00,2015-04-08,0.295,0.0,0.0,948.0,0.295,0.295,0.295,10000067,2015-04-22,2015-04-22,C,2.6,2015-03-17
26863,2015-04-08 14:44:00,2015-04-08,0.295,0.0,0.0,948.0,0.295,0.295,0.295,10000067,2015-04-22,2015-04-22,C,2.6,2015-03-17
26864,2015-04-08 14:45:00,2015-04-08,0.3064,30639.0,10.0,955.0,0.3064,0.3064,0.3064,10000067,2015-04-22,2015-04-22,C,2.6,2015-03-17
26865,2015-04-08 14:46:00,2015-04-08,0.3064,0.0,0.0,955.0,0.3064,0.3064,0.3064,10000067,2015-04-22,2015-04-22,C,2.6,2015-03-17
26866,2015-04-08 14:47:00,2015-04-08,0.3064,0.0,0.0,955.0,0.3064,0.3064,0.3064,10000067,2015-04-22,2015-04-22,C,2.6,2015-03-17
26867,2015-04-08 14:48:00,2015-04-08,0.3064,0.0,0.0,955.0,0.3064,0.3064,0.3064,10000067,2015-04-22,2015-04-22,C,2.6,2015-03-17
26868,2015-04-08 14:49:00,2015-04-08,0.3064,0.0,0.0,955.0,0.3064,0.3064,0.3064,10000067,2015-04-22,2015-04-22,C,2.6,2015-03-17
26869,2015-04-08 14:50:00,2015-04-08,0.3064,0.0,0.0,955.0,0.3064,0.3064,0.3064,10000067,2015-04-22,2015-04-22,C,2.6,2015-03-17
26870,2015-04-08 14:51:00,2015-04-08,0.3064,0.0,0.0,955.0,0.3064,0.3064,0.3064,10000067,2015-04-22,2015-04-22,C,2.6,2015-03-17
26871,2015-04-08 14:52:00,2015-04-08,0.306,3060.0,1.0,954.0,0.306,0.306,0.306,10000067,2015-04-22,2015-04-22,C,2.6,2015-03-17
26872,2015-04-08 14:53:00,2015-04-08,0.306,6120.0,2.0,952.0,0.306,0.306,0.306,10000067,2015-04-22,2015-04-22,C,2.6,2015-03-17
26873,2015-04-08 14:54:00,2015-04-08,0.306,0.0,0.0,952.0,0.306,0.306,0.306,10000067,2015-04-22,2015-04-22,C,2.6,2015-03-17
26874,2015-04-08 14:55:00,2015-04-08,0.306,0.0,0.0,952.0,0.306,0.306,0.306,10000067,2015-04-22,2015-04-22,C,2.6,2015-03-17
26875,2015-04-08 14:56:00,2015-04-08,0.306,0.0,0.0,952.0,0.306,0.306,0.306,10000067,2015-04-22,2015-04-22,C,2.6,2015-03-17
26876,2015-04-08 14:57:00,2015-04-08,0.306,0.0,0.0,952.0,0.306,0.306,0.306,10000067,2015-04-22,2015-04-22,C,2.6,2015-03-17
26877,2015-04-08 14:58:00,2015-04-08,0.306,0.0,0.0,952.0,0.306,0.306,0.306,10000067,2015-04-22,2015-04-22,C,2.6,2015-03-17
26878,2015-04-08 14:59:00,2015-04-08,0.306,0.0,0.0,952.0,0.306,0.306,0.306,10000067,2015-04-22,2015-04-22,C,2.6,2015-03-17
26879,2015-04-08 15:00:00,2015-04-08,0.306,0.0,0.0,952.0,0.306,0.306,0.306,10000067,2015-04-22,2015-04-22,C,2.6,2015-03-17
26880,2015-04-08 09:31:00,2015-04-08,0.1166,11660.0,10.0,146.0,0.1166,0.1166,0.1166,10000121,2015-05-27,2015-05-27,P,2.8,2015-03-31
26881,2015-04-08 09:32:00,2015-04-08,0.1166,0.0,0.0,146.0,0.1166,0.1166,0.1166,10000121,2015-05-27,2015-05-27,P,2.8,2015-03-31
26882,2015-04-08 09:33:00,2015-04-08,0.1166,0.0,0.0,146.0,0.1166,0.1166,0.1166,10000121,2015-05-27,2015-05-27,P,2.8,2015-03-31
26883,2015-04-08 09:34:00,2015-04-08,0.1166,0.0,0.0,146.0,0.1166,0.1166,0.1166,10000121,2015-05-27,2015-05-27,P,2.8,2015-03-31
26884,2015-04-08 09:35:00,2015-04-08,0.1166,0.0,0.0,146.0,0.1166,0.1166,0.1166,10000121,2015-05-27,2015-05-27,P,2.8,2015-03-31
26885,2015-04-08 09:36:00,2015-04-08,0.1166,0.0,0.0,146.0,0.1166,0.1166,0.1166,10000121,2015-05-27,2015-05-27,P,2.8,2015-03-31
26886,2015-04-08 09:37:00,2015-04-08,0.1166,0.0,0.0,146.0,0.1166,0.1166,0.1166,10000121,2015-05-27,2015-05-27,P,2.8,2015-03-31
26887,2015-04-08 09:38:00,2015-04-08,0.1166,0.0,0.0,146.0,0.1166,0.1166,0.1166,10000121,2015-05-27,2015-05-27,P,2.8,2015-03-31
26888,2015-04-08 09:39:00,2015-04-08,0.1166,0.0,0.0,146.0,0.1166,0.1166,0.1166,10000121,2015-05-27,2015-05-27,P,2.8,2015-03-31
26889,2015-04-08 09:40:00,2015-04-08,0.1166,0.0,0.0,146.0,0.1166,0.1166,0.1166,10000121,2015-05-27,2015-05-27,P,2.8,2015-03-31
26890,2015-04-08 09:41:00,2015-04-08,0.1166,0.0,0.0,146.0,0.1166,0.1166,0.1166,10000121,2015-05-27,2015-05-27,P,2.8,2015-03-31
26891,2015-04-08 09:42:00,2015-04-08,0.1166,0.0,0.0,146.0,0.1166,0.1166,0.1166,10000121,2015-05-27,2015-05-27,P,2.8,2015-03-31
26892,2015-04-08 09:43:00,2015-04-08,0.1166,0.0,0.0,146.0,0.1166,0.1166,0.1166,10000121,2015-05-27,2015-05-27,P,2.8,2015-03-31
26893,2015-04-08 09:44:00,2015-04-08,0.1166,0.0,0.0,146.0,0.1166,0.1166,0.1166,10000121,2015-05-27,2015-05-27,P,2.8,2015-03-31
26894,2015-04-08 09:45:00,2015-04-08,0.1166,0.0,0.0,146.0,0.1166,0.1166,0.1166,10000121,2015-05-27,2015-05-27,P,2.8,2015-03-31
26895,2015-04-08 09:46:00,2015-04-08,0.1166,0.0,0.0,146.0,0.1166,0.1166,0.1166,10000121,2015-05-27,2015-05-27,P,2.8,2015-03-31
26896,2015-04-08 09:47:00,2015-04-08,0.1166,0.0,0.0,146.0,0.1166,0.1166,0.1166,10000121,2015-05-27,2015-05-27,P,2.8,2015-03-31
26897,2015-04-08 09:48:00,2015-04-08,0.1166,0.0,0.0,146.0,0.1166,0.1166,0.1166,10000121,2015-05-27,2015-05-27,P,2.8,2015-03-31
26898,2015-04-08 09:49:00,2015-04-08,0.1166,0.0,0.0,146.0,0.1166,0.1166,0.1166,10000121,2015-05-27,2015-05-27,P,2.8,2015-03-31
26899,2015-04-08 09:50:00,2015-04-08,0.1166,0.0,0.0,146.0,0.1166,0.1166,0.1166,10000121,2015-05-27,2015-05-27,P,2.8,2015-03-31
26900,2015-04-08 09:51:00,2015-04-08,0.1166,0.0,0.0,146.0,0.1166,0.1166,0.1166,10000121,2015-05-27,2015-05-27,P,2.8,2015-03-31
26901,2015-04-08 09:52:00,2015-04-08,0.1166,0.0,0.0,146.0,0.1166,0.1166,0.1166,10000121,2015-05-27,2015-05-27,P,2.8,2015-03-31
26902,2015-04-08 09:53:00,2015-04-08,0.1166,0.0,0.0,146.0,0.1166,0.1166,0.1166,10000121,2015-05-27,2015-05-27,P,2.8,2015-03-31
26903,2015-04-08 09:54:00,2015-04-08,0.1166,0.0,0.0,146.0,0.1166,0.1166,0.1166,10000121,2015-05-27,2015-05-27,P,2.8,2015-03-31
26904,2015-04-08 09:55:00,2015-04-08,0.1166,0.0,0.0,146.0,0.1166,0.1166,0.1166,10000121,2015-05-27,2015-05-27,P,2.8,2015-03-31
26905,2015-04-08 09:56:00,2015-04-08,0.1166,0.0,0.0,146.0,0.1166,0.1166,0.1166,10000121,2015-05-27,2015-05-27,P,2.8,2015-03-31
26906,2015-04-08 09:57:00,2015-04-08,0.1166,0.0,0.0,146.0,0.1166,0.1166,0.1166,10000121,2015-05-27,2015-05-27,P,2.8,2015-03-31
26907,2015-04-08 09:58:00,2015-04-08,0.1166,0.0,0.0,146.0,0.1166,0.1166,0.1166,10000121,2015-05-27,2015-05-27,P,2.8,2015-03-31
26908,2015-04-08 09:59:00,2015-04-08,0.1044,1044.0,1.0,147.0,0.1044,0.1044,0.1044,10000121,2015-05-27,2015-05-27,P,2.8,2015-03-31
26909,2015-04-08 10:00:00,2015-04-08,0.1044,0.0,0.0,147.0,0.1044,0.1044,0.1044,10000121,2015-05-27,2015-05-27,P,2.8,2015-03-31
26910,2015-04-08 10:01:00,2015-04-08,0.1044,0.0,0.0,147.0,0.1044,0.1044,0.1044,10000121,2015-05-27,2015-05-27,P,2.8,2015-03-31
26911,2015-04-08 10:02:00,2015-04-08,0.1044,0.0,0.0,147.0,0.1044,0.1044,0.1044,10000121,2015-05-27,2015-05-27,P,2.8,2015-03-31
26912,2015-04-08 10:03:00,2015-04-08,0.1044,0.0,0.0,147.0,0.1044,0.1044,0.1044,10000121,2015-05-27,2015-05-27,P,2.8,2015-03-31
26913,2015-04-08 10:04:00,2015-04-08,0.1044,0.0,0.0,147.0,0.1044,0.1044,0.1044,10000121,2015-05-27,2015-05-27,P,2.8,2015-03-31
26914,2015-04-08 10:05:00,2015-04-08,0.1122,5610.0,5.0,152.0,0.1122,0.1122,0.1122,10000121,2015-05-27,2015-05-27,P,2.8,2015-03-31
26915,2015-04-08 10:06:00,2015-04-08,0.1146,2292.0,2.0,152.0,0.1146,0.1146,0.1146,10000121,2015-05-27,2015-05-27,P,2.8,2015-03-31
26916,2015-04-08 10:07:00,2015-04-08,0.1146,0.0,0.0,152.0,0.1146,0.1146,0.1146,10000121,2015-05-27,2015-05-27,P,2.8,2015-03-31
26917,2015-04-08 10:08:00,2015-04-08,0.1146,0.0,0.0,152.0,0.1146,0.1146,0.1146,10000121,2015-05-27,2015-05-27,P,2.8,2015-03-31
26918,2015-04-08 10:09:00,2015-04-08,0.1146,0.0,0.0,152.0,0.1146,0.1146,0.1146,10000121,2015-05-27,2015-05-27,P,2.8,2015-03-31
26919,2015-04-08 10:10:00,2015-04-08,0.1146,0.0,0.0,152.0,0.1146,0.1146,0.1146,10000121,2015-05-27,2015-05-27,P,2.8,2015-03-31
26920,2015-04-08 10:11:00,2015-04-08,0.1146,0.0,0.0,152.0,0.1146,0.1146,0.1146,10000121,2015-05-27,2015-05-27,P,2.8,2015-03-31
26921,2015-04-08 10:12:00,2015-04-08,0.119,1190.0,1.0,153.0,0.119,0.119,0.119,10000121,2015-05-27,2015-05-27,P,2.8,2015-03-31
26922,2015-04-08 10:13:00,2015-04-08,0.119,3570.0,3.0,156.0,0.119,0.119,0.119,10000121,2015-05-27,2015-05-27,P,2.8,2015-03-31
26923,2015-04-08 10:14:00,2015-04-08,0.119,0.0,0.0,156.0,0.119,0.119,0.119,10000121,2015-05-27,2015-05-27,P,2.8,2015-03-31
26924,2015-04-08 10:15:00,2015-04-08,0.119,0.0,0.0,156.0,0.119,0.119,0.119,10000121,2015-05-27,2015-05-27,P,2.8,2015-03-31
26925,2015-04-08 10:16:00,2015-04-08,0.119,0.0,0.0,156.0,0.119,0.119,0.119,10000121,2015-05-27,2015-05-27,P,2.8,2015-03-31
26926,2015-04-08 10:17:00,2015-04-08,0.119,0.0,0.0,156.0,0.119,0.119,0.119,10000121,2015-05-27,2015-05-27,P,2.8,2015-03-31
26927,2015-04-08 10:18:00,2015-04-08,0.119,0.0,0.0,156.0,0.119,0.119,0.119,10000121,2015-05-27,2015-05-27,P,2.8,2015-03-31
26928,2015-04-08 10:19:00,2015-04-08,0.119,0.0,0.0,156.0,0.119,0.119,0.119,10000121,2015-05-27,2015-05-27,P,2.8,2015-03-31
26929,2015-04-08 10:20:00,2015-04-08,0.119,0.0,0.0,156.0,0.119,0.119,0.119,10000121,2015-05-27,2015-05-27,P,2.8,2015-03-31
26930,2015-04-08 10:21:00,2015-04-08,0.119,0.0,0.0,156.0,0.119,0.119,0.119,10000121,2015-05-27,2015-05-27,P,2.8,2015-03-31
26931,2015-04-08 10:22:00,2015-04-08,0.1146,3438.0,3.0,159.0,0.1146,0.1146,0.1146,10000121,2015-05-27,2015-05-27,P,2.8,2015-03-31
26932,2015-04-08 10:23:00,2015-04-08,0.1146,0.0,0.0,159.0,0.1146,0.1146,0.1146,10000121,2015-05-27,2015-05-27,P,2.8,2015-03-31
26933,2015-04-08 10:24:00,2015-04-08,0.1146,0.0,0.0,159.0,0.1146,0.1146,0.1146,10000121,2015-05-27,2015-05-27,P,2.8,2015-03-31
26934,2015-04-08 10:25:00,2015-04-08,0.1146,0.0,0.0,159.0,0.1146,0.1146,0.1146,10000121,2015-05-27,2015-05-27,P,2.8,2015-03-31
26935,2015-04-08 10:26:00,2015-04-08,0.1146,0.0,0.0,159.0,0.1146,0.1146,0.1146,10000121,2015-05-27,2015-05-27,P,2.8,2015-03-31
26936,2015-04-08 10:27:00,2015-04-08,0.1146,0.0,0.0,159.0,0.1146,0.1146,0.1146,10000121,2015-05-27,2015-05-27,P,2.8,2015-03-31
26937,2015-04-08 10:28:00,2015-04-08,0.1146,0.0,0.0,159.0,0.1146,0.1146,0.1146,10000121,2015-05-27,2015-05-27,P,2.8,2015-03-31
26938,2015-04-08 10:29:00,2015-04-08,0.1146,0.0,0.0,159.0,0.1146,0.1146,0.1146,10000121,2015-05-27,2015-05-27,P,2.8,2015-03-31
26939,2015-04-08 10:30:00,2015-04-08,0.1146,0.0,0.0,159.0,0.1146,0.1146,0.1146,10000121,2015-05-27,2015-05-27,P,2.8,2015-03-31
26940,2015-04-08 10:31:00,2015-04-08,0.1146,0.0,0.0,159.0,0.1146,0.1146,0.1146,10000121,2015-05-27,2015-05-27,P,2.8,2015-03-31
26941,2015-04-08 10:32:00,2015-04-08,0.1146,0.0,0.0,159.0,0.1146,0.1146,0.1146,10000121,2015-05-27,2015-05-27,P,2.8,2015-03-31
26942,2015-04-08 10:33:00,2015-04-08,0.1146,0.0,0.0,159.0,0.1146,0.1146,0.1146,10000121,2015-05-27,2015-05-27,P,2.8,2015-03-31
26943,2015-04-08 10:34:00,2015-04-08,0.1146,0.0,0.0,159.0,0.1146,0.1146,0.1146,10000121,2015-05-27,2015-05-27,P,2.8,2015-03-31
26944,2015-04-08 10:35:00,2015-04-08,0.1146,0.0,0.0,159.0,0.1146,0.1146,0.1146,10000121,2015-05-27,2015-05-27,P,2.8,2015-03-31
26945,2015-04-08 10:36:00,2015-04-08,0.1146,0.0,0.0,159.0,0.1146,0.1146,0.1146,10000121,2015-05-27,2015-05-27,P,2.8,2015-03-31
26946,2015-04-08 10:37:00,2015-04-08,0.1146,0.0,0.0,159.0,0.1146,0.1146,0.1146,10000121,2015-05-27,2015-05-27,P,2.8,2015-03-31
26947,2015-04-08 10:38:00,2015-04-08,0.1146,5730.0,5.0,154.0,0.1146,0.1146,0.1146,10000121,2015-05-27,2015-05-27,P,2.8,2015-03-31
26948,2015-04-08 10:39:00,2015-04-08,0.1146,0.0,0.0,154.0,0.1146,0.1146,0.1146,10000121,2015-05-27,2015-05-27,P,2.8,2015-03-31
26949,2015-04-08 10:40:00,2015-04-08,0.1146,0.0,0.0,154.0,0.1146,0.1146,0.1146,10000121,2015-05-27,2015-05-27,P,2.8,2015-03-31
26950,2015-04-08 10:41:00,2015-04-08,0.1146,0.0,0.0,154.0,0.1146,0.1146,0.1146,10000121,2015-05-27,2015-05-27,P,2.8,2015-03-31
26951,2015-04-08 10:42:00,2015-04-08,0.1146,0.0,0.0,154.0,0.1146,0.1146,0.1146,10000121,2015-05-27,2015-05-27,P,2.8,2015-03-31
26952,2015-04-08 10:43:00,2015-04-08,0.1146,0.0,0.0,154.0,0.1146,0.1146,0.1146,10000121,2015-05-27,2015-05-27,P,2.8,2015-03-31
26953,2015-04-08 10:44:00,2015-04-08,0.1146,0.0,0.0,154.0,0.1146,0.1146,0.1146,10000121,2015-05-27,2015-05-27,P,2.8,2015-03-31
26954,2015-04-08 10:45:00,2015-04-08,0.1146,0.0,0.0,154.0,0.1146,0.1146,0.1146,10000121,2015-05-27,2015-05-27,P,2.8,2015-03-31
26955,2015-04-08 10:46:00,2015-04-08,0.1146,0.0,0.0,154.0,0.1146,0.1146,0.1146,10000121,2015-05-27,2015-05-27,P,2.8,2015-03-31
26956,2015-04-08 10:47:00,2015-04-08,0.1146,0.0,0.0,154.0,0.1146,0.1146,0.1146,10000121,2015-05-27,2015-05-27,P,2.8,2015-03-31
26957,2015-04-08 10:48:00,2015-04-08,0.1146,0.0,0.0,154.0,0.1146,0.1146,0.1146,10000121,2015-05-27,2015-05-27,P,2.8,2015-03-31
26958,2015-04-08 10:49:00,2015-04-08,0.1102,10970.0,10.0,164.0,0.1102,0.1092,0.1092,10000121,2015-05-27,2015-05-27,P,2.8,2015-03-31
26959,2015-04-08 10:50:00,2015-04-08,0.1092,0.0,0.0,164.0,0.1092,0.1092,0.1092,10000121,2015-05-27,2015-05-27,P,2.8,2015-03-31
26960,2015-04-08 10:51:00,2015-04-08,0.1092,0.0,0.0,164.0,0.1092,0.1092,0.1092,10000121,2015-05-27,2015-05-27,P,2.8,2015-03-31
26961,2015-04-08 10:52:00,2015-04-08,0.1092,0.0,0.0,164.0,0.1092,0.1092,0.1092,10000121,2015-05-27,2015-05-27,P,2.8,2015-03-31
26962,2015-04-08 10:53:00,2015-04-08,0.1092,0.0,0.0,164.0,0.1092,0.1092,0.1092,10000121,2015-05-27,2015-05-27,P,2.8,2015-03-31
26963,2015-04-08 10:54:00,2015-04-08,0.1092,0.0,0.0,164.0,0.1092,0.1092,0.1092,10000121,2015-05-27,2015-05-27,P,2.8,2015-03-31
26964,2015-04-08 10:55:00,2015-04-08,0.1092,0.0,0.0,164.0,0.1092,0.1092,0.1092,10000121,2015-05-27,2015-05-27,P,2.8,2015-03-31
26965,2015-04-08 10:56:00,2015-04-08,0.1092,0.0,0.0,164.0,0.1092,0.1092,0.1092,10000121,2015-05-27,2015-05-27,P,2.8,2015-03-31
26966,2015-04-08 10:57:00,2015-04-08,0.1092,0.0,0.0,164.0,0.1092,0.1092,0.1092,10000121,2015-05-27,2015-05-27,P,2.8,2015-03-31
26967,2015-04-08 10:58:00,2015-04-08,0.1092,0.0,0.0,164.0,0.1092,0.1092,0.1092,10000121,2015-05-27,2015-05-27,P,2.8,2015-03-31
26968,2015-04-08 10:59:00,2015-04-08,0.1278,6390.0,5.0,169.0,0.1278,0.1278,0.1278,10000121,2015-05-27,2015-05-27,P,2.8,2015-03-31
26969,2015-04-08 11:00:00,2015-04-08,0.1278,0.0,0.0,169.0,0.1278,0.1278,0.1278,10000121,2015-05-27,2015-05-27,P,2.8,2015-03-31
26970,2015-04-08 11:01:00,2015-04-08,0.1278,0.0,0.0,169.0,0.1278,0.1278,0.1278,10000121,2015-05-27,2015-05-27,P,2.8,2015-03-31
26971,2015-04-08 11:02:00,2015-04-08,0.1278,0.0,0.0,169.0,0.1278,0.1278,0.1278,10000121,2015-05-27,2015-05-27,P,2.8,2015-03-31
26972,2015-04-08 11:03:00,2015-04-08,0.1278,0.0,0.0,169.0,0.1278,0.1278,0.1278,10000121,2015-05-27,2015-05-27,P,2.8,2015-03-31
26973,2015-04-08 11:04:00,2015-04-08,0.1278,0.0,0.0,169.0,0.1278,0.1278,0.1278,10000121,2015-05-27,2015-05-27,P,2.8,2015-03-31
26974,2015-04-08 11:05:00,2015-04-08,0.1278,0.0,0.0,169.0,0.1278,0.1278,0.1278,10000121,2015-05-27,2015-05-27,P,2.8,2015-03-31
26975,2015-04-08 11:06:00,2015-04-08,0.1278,0.0,0.0,169.0,0.1278,0.1278,0.1278,10000121,2015-05-27,2015-05-27,P,2.8,2015-03-31
26976,2015-04-08 11:07:00,2015-04-08,0.1278,0.0,0.0,169.0,0.1278,0.1278,0.1278,10000121,2015-05-27,2015-05-27,P,2.8,2015-03-31
26977,2015-04-08 11:08:00,2015-04-08,0.1278,0.0,0.0,169.0,0.1278,0.1278,0.1278,10000121,2015-05-27,2015-05-27,P,2.8,2015-03-31
26978,2015-04-08 11:09:00,2015-04-08,0.1278,0.0,0.0,169.0,0.1278,0.1278,0.1278,10000121,2015-05-27,2015-05-27,P,2.8,2015-03-31
26979,2015-04-08 11:10:00,2015-04-08,0.1278,0.0,0.0,169.0,0.1278,0.1278,0.1278,10000121,2015-05-27,2015-05-27,P,2.8,2015-03-31
26980,2015-04-08 11:11:00,2015-04-08,0.1278,0.0,0.0,169.0,0.1278,0.1278,0.1278,10000121,2015-05-27,2015-05-27,P,2.8,2015-03-31
26981,2015-04-08 11:12:00,2015-04-08,0.1278,0.0,0.0,169.0,0.1278,0.1278,0.1278,10000121,2015-05-27,2015-05-27,P,2.8,2015-03-31
26982,2015-04-08 11:13:00,2015-04-08,0.1278,0.0,0.0,169.0,0.1278,0.1278,0.1278,10000121,2015-05-27,2015-05-27,P,2.8,2015-03-31
26983,2015-04-08 11:14:00,2015-04-08,0.1278,0.0,0.0,169.0,0.1278,0.1278,0.1278,10000121,2015-05-27,2015-05-27,P,2.8,2015-03-31
26984,2015-04-08 11:15:00,2015-04-08,0.1261,12610.0,10.0,169.0,0.1261,0.1261,0.1261,10000121,2015-05-27,2015-05-27,P,2.8,2015-03-31
26985,2015-04-08 11:16:00,2015-04-08,0.1261,0.0,0.0,169.0,0.1261,0.1261,0.1261,10000121,2015-05-27,2015-05-27,P,2.8,2015-03-31
26986,2015-04-08 11:17:00,2015-04-08,0.1261,0.0,0.0,169.0,0.1261,0.1261,0.1261,10000121,2015-05-27,2015-05-27,P,2.8,2015-03-31
26987,2015-04-08 11:18:00,2015-04-08,0.1246,1246.0,1.0,169.0,0.1246,0.1246,0.1246,10000121,2015-05-27,2015-05-27,P,2.8,2015-03-31
26988,2015-04-08 11:19:00,2015-04-08,0.1246,0.0,0.0,169.0,0.1246,0.1246,0.1246,10000121,2015-05-27,2015-05-27,P,2.8,2015-03-31
26989,2015-04-08 11:20:00,2015-04-08,0.1246,0.0,0.0,169.0,0.1246,0.1246,0.1246,10000121,2015-05-27,2015-05-27,P,2.8,2015-03-31
26990,2015-04-08 11:21:00,2015-04-08,0.1246,0.0,0.0,169.0,0.1246,0.1246,0.1246,10000121,2015-05-27,2015-05-27,P,2.8,2015-03-31
26991,2015-04-08 11:22:00,2015-04-08,0.1246,0.0,0.0,169.0,0.1246,0.1246,0.1246,10000121,2015-05-27,2015-05-27,P,2.8,2015-03-31
26992,2015-04-08 11:23:00,2015-04-08,0.1246,0.0,0.0,169.0,0.1246,0.1246,0.1246,10000121,2015-05-27,2015-05-27,P,2.8,2015-03-31
26993,2015-04-08 11:24:00,2015-04-08,0.1246,0.0,0.0,169.0,0.1246,0.1246,0.1246,10000121,2015-05-27,2015-05-27,P,2.8,2015-03-31
26994,2015-04-08 11:25:00,2015-04-08,0.1246,0.0,0.0,169.0,0.1246,0.1246,0.1246,10000121,2015-05-27,2015-05-27,P,2.8,2015-03-31
26995,2015-04-08 11:26:00,2015-04-08,0.1246,0.0,0.0,169.0,0.1246,0.1246,0.1246,10000121,2015-05-27,2015-05-27,P,2.8,2015-03-31
26996,2015-04-08 11:27:00,2015-04-08,0.1246,0.0,0.0,169.0,0.1246,0.1246,0.1246,10000121,2015-05-27,2015-05-27,P,2.8,2015-03-31
26997,2015-04-08 11:28:00,2015-04-08,0.1246,0.0,0.0,169.0,0.1246,0.1246,0.1246,10000121,2015-05-27,2015-05-27,P,2.8,2015-03-31
26998,2015-04-08 11:29:00,2015-04-08,0.1246,0.0,0.0,169.0,0.1246,0.1246,0.1246,10000121,2015-05-27,2015-05-27,P,2.8,2015-03-31
26999,2015-04-08 11:30:00,2015-04-08,0.1246,0.0,0.0,169.0,0.1246,0.1246,0.1246,10000121,2015-05-27,2015-05-27,P,2.8,2015-03-31
27000,2015-04-08 13:01:00,2015-04-08,0.1246,0.0,0.0,169.0,0.1246,0.1246,0.1246,10000121,2015-05-27,2015-05-27,P,2.8,2015-03-31
27001,2015-04-08 13:02:00,2015-04-08,0.1246,0.0,0.0,169.0,0.1246,0.1246,0.1246,10000121,2015-05-27,2015-05-27,P,2.8,2015-03-31
27002,2015-04-08 13:03:00,2015-04-08,0.1246,0.0,0.0,169.0,0.1246,0.1246,0.1246,10000121,2015-05-27,2015-05-27,P,2.8,2015-03-31
27003,2015-04-08 13:04:00,2015-04-08,0.1246,0.0,0.0,169.0,0.1246,0.1246,0.1246,10000121,2015-05-27,2015-05-27,P,2.8,2015-03-31
27004,2015-04-08 13:05:00,2015-04-08,0.1246,0.0,0.0,169.0,0.1246,0.1246,0.1246,10000121,2015-05-27,2015-05-27,P,2.8,2015-03-31
27005,2015-04-08 13:06:00,2015-04-08,0.1246,0.0,0.0,169.0,0.1246,0.1246,0.1246,10000121,2015-05-27,2015-05-27,P,2.8,2015-03-31
27006,2015-04-08 13:07:00,2015-04-08,0.1246,0.0,0.0,169.0,0.1246,0.1246,0.1246,10000121,2015-05-27,2015-05-27,P,2.8,2015-03-31
27007,2015-04-08 13:08:00,2015-04-08,0.1246,0.0,0.0,169.0,0.1246,0.1246,0.1246,10000121,2015-05-27,2015-05-27,P,2.8,2015-03-31
27008,2015-04-08 13:09:00,2015-04-08,0.1246,0.0,0.0,169.0,0.1246,0.1246,0.1246,10000121,2015-05-27,2015-05-27,P,2.8,2015-03-31
27009,2015-04-08 13:10:00,2015-04-08,0.1246,0.0,0.0,169.0,0.1246,0.1246,0.1246,10000121,2015-05-27,2015-05-27,P,2.8,2015-03-31
27010,2015-04-08 13:11:00,2015-04-08,0.1246,0.0,0.0,169.0,0.1246,0.1246,0.1246,10000121,2015-05-27,2015-05-27,P,2.8,2015-03-31
27011,2015-04-08 13:12:00,2015-04-08,0.1246,0.0,0.0,169.0,0.1246,0.1246,0.1246,10000121,2015-05-27,2015-05-27,P,2.8,2015-03-31
27012,2015-04-08 13:13:00,2015-04-08,0.1246,0.0,0.0,169.0,0.1246,0.1246,0.1246,10000121,2015-05-27,2015-05-27,P,2.8,2015-03-31
27013,2015-04-08 13:14:00,2015-04-08,0.1246,0.0,0.0,169.0,0.1246,0.1246,0.1246,10000121,2015-05-27,2015-05-27,P,2.8,2015-03-31
27014,2015-04-08 13:15:00,2015-04-08,0.1246,0.0,0.0,169.0,0.1246,0.1246,0.1246,10000121,2015-05-27,2015-05-27,P,2.8,2015-03-31
27015,2015-04-08 13:16:00,2015-04-08,0.1032,1032.0,1.0,170.0,0.1032,0.1032,0.1032,10000121,2015-05-27,2015-05-27,P,2.8,2015-03-31
27016,2015-04-08 13:17:00,2015-04-08,0.1032,0.0,0.0,170.0,0.1032,0.1032,0.1032,10000121,2015-05-27,2015-05-27,P,2.8,2015-03-31
27017,2015-04-08 13:18:00,2015-04-08,0.1032,0.0,0.0,170.0,0.1032,0.1032,0.1032,10000121,2015-05-27,2015-05-27,P,2.8,2015-03-31
27018,2015-04-08 13:19:00,2015-04-08,0.1032,0.0,0.0,170.0,0.1032,0.1032,0.1032,10000121,2015-05-27,2015-05-27,P,2.8,2015-03-31
27019,2015-04-08 13:20:00,2015-04-08,0.1032,0.0,0.0,170.0,0.1032,0.1032,0.1032,10000121,2015-05-27,2015-05-27,P,2.8,2015-03-31
27020,2015-04-08 13:21:00,2015-04-08,0.1032,0.0,0.0,170.0,0.1032,0.1032,0.1032,10000121,2015-05-27,2015-05-27,P,2.8,2015-03-31
27021,2015-04-08 13:22:00,2015-04-08,0.1032,0.0,0.0,170.0,0.1032,0.1032,0.1032,10000121,2015-05-27,2015-05-27,P,2.8,2015-03-31
27022,2015-04-08 13:23:00,2015-04-08,0.1032,0.0,0.0,170.0,0.1032,0.1032,0.1032,10000121,2015-05-27,2015-05-27,P,2.8,2015-03-31
27023,2015-04-08 13:24:00,2015-04-08,0.1032,0.0,0.0,170.0,0.1032,0.1032,0.1032,10000121,2015-05-27,2015-05-27,P,2.8,2015-03-31
27024,2015-04-08 13:25:00,2015-04-08,0.1032,0.0,0.0,170.0,0.1032,0.1032,0.1032,10000121,2015-05-27,2015-05-27,P,2.8,2015-03-31
27025,2015-04-08 13:26:00,2015-04-08,0.1032,0.0,0.0,170.0,0.1032,0.1032,0.1032,10000121,2015-05-27,2015-05-27,P,2.8,2015-03-31
27026,2015-04-08 13:27:00,2015-04-08,0.1032,0.0,0.0,170.0,0.1032,0.1032,0.1032,10000121,2015-05-27,2015-05-27,P,2.8,2015-03-31
27027,2015-04-08 13:28:00,2015-04-08,0.1032,0.0,0.0,170.0,0.1032,0.1032,0.1032,10000121,2015-05-27,2015-05-27,P,2.8,2015-03-31
27028,2015-04-08 13:29:00,2015-04-08,0.1032,0.0,0.0,170.0,0.1032,0.1032,0.1032,10000121,2015-05-27,2015-05-27,P,2.8,2015-03-31
27029,2015-04-08 13:30:00,2015-04-08,0.1032,0.0,0.0,170.0,0.1032,0.1032,0.1032,10000121,2015-05-27,2015-05-27,P,2.8,2015-03-31
27030,2015-04-08 13:31:00,2015-04-08,0.098,980.0,1.0,170.0,0.098,0.098,0.098,10000121,2015-05-27,2015-05-27,P,2.8,2015-03-31
27031,2015-04-08 13:32:00,2015-04-08,0.0988,4940.0,5.0,175.0,0.0988,0.0988,0.0988,10000121,2015-05-27,2015-05-27,P,2.8,2015-03-31
27032,2015-04-08 13:33:00,2015-04-08,0.0988,0.0,0.0,175.0,0.0988,0.0988,0.0988,10000121,2015-05-27,2015-05-27,P,2.8,2015-03-31
27033,2015-04-08 13:34:00,2015-04-08,0.0988,0.0,0.0,175.0,0.0988,0.0988,0.0988,10000121,2015-05-27,2015-05-27,P,2.8,2015-03-31
27034,2015-04-08 13:35:00,2015-04-08,0.0988,0.0,0.0,175.0,0.0988,0.0988,0.0988,10000121,2015-05-27,2015-05-27,P,2.8,2015-03-31
27035,2015-04-08 13:36:00,2015-04-08,0.0988,0.0,0.0,175.0,0.0988,0.0988,0.0988,10000121,2015-05-27,2015-05-27,P,2.8,2015-03-31
27036,2015-04-08 13:37:00,2015-04-08,0.0988,0.0,0.0,175.0,0.0988,0.0988,0.0988,10000121,2015-05-27,2015-05-27,P,2.8,2015-03-31
27037,2015-04-08 13:38:00,2015-04-08,0.0988,0.0,0.0,175.0,0.0988,0.0988,0.0988,10000121,2015-05-27,2015-05-27,P,2.8,2015-03-31
27038,2015-04-08 13:39:00,2015-04-08,0.0988,0.0,0.0,175.0,0.0988,0.0988,0.0988,10000121,2015-05-27,2015-05-27,P,2.8,2015-03-31
27039,2015-04-08 13:40:00,2015-04-08,0.0988,0.0,0.0,175.0,0.0988,0.0988,0.0988,10000121,2015-05-27,2015-05-27,P,2.8,2015-03-31
27040,2015-04-08 13:41:00,2015-04-08,0.1026,1026.0,1.0,176.0,0.1026,0.1026,0.1026,10000121,2015-05-27,2015-05-27,P,2.8,2015-03-31
27041,2015-04-08 13:42:00,2015-04-08,0.1026,0.0,0.0,176.0,0.1026,0.1026,0.1026,10000121,2015-05-27,2015-05-27,P,2.8,2015-03-31
27042,2015-04-08 13:43:00,2015-04-08,0.1026,0.0,0.0,176.0,0.1026,0.1026,0.1026,10000121,2015-05-27,2015-05-27,P,2.8,2015-03-31
27043,2015-04-08 13:44:00,2015-04-08,0.1026,0.0,0.0,176.0,0.1026,0.1026,0.1026,10000121,2015-05-27,2015-05-27,P,2.8,2015-03-31
27044,2015-04-08 13:45:00,2015-04-08,0.1026,0.0,0.0,176.0,0.1026,0.1026,0.1026,10000121,2015-05-27,2015-05-27,P,2.8,2015-03-31
27045,2015-04-08 13:46:00,2015-04-08,0.1026,0.0,0.0,176.0,0.1026,0.1026,0.1026,10000121,2015-05-27,2015-05-27,P,2.8,2015-03-31
27046,2015-04-08 13:47:00,2015-04-08,0.1026,0.0,0.0,176.0,0.1026,0.1026,0.1026,10000121,2015-05-27,2015-05-27,P,2.8,2015-03-31
27047,2015-04-08 13:48:00,2015-04-08,0.1026,0.0,0.0,176.0,0.1026,0.1026,0.1026,10000121,2015-05-27,2015-05-27,P,2.8,2015-03-31
27048,2015-04-08 13:49:00,2015-04-08,0.1026,0.0,0.0,176.0,0.1026,0.1026,0.1026,10000121,2015-05-27,2015-05-27,P,2.8,2015-03-31
27049,2015-04-08 13:50:00,2015-04-08,0.1026,0.0,0.0,176.0,0.1026,0.1026,0.1026,10000121,2015-05-27,2015-05-27,P,2.8,2015-03-31
27050,2015-04-08 13:51:00,2015-04-08,0.1026,0.0,0.0,176.0,0.1026,0.1026,0.1026,10000121,2015-05-27,2015-05-27,P,2.8,2015-03-31
27051,2015-04-08 13:52:00,2015-04-08,0.1026,0.0,0.0,176.0,0.1026,0.1026,0.1026,10000121,2015-05-27,2015-05-27,P,2.8,2015-03-31
27052,2015-04-08 13:53:00,2015-04-08,0.1026,0.0,0.0,176.0,0.1026,0.1026,0.1026,10000121,2015-05-27,2015-05-27,P,2.8,2015-03-31
27053,2015-04-08 13:54:00,2015-04-08,0.1026,0.0,0.0,176.0,0.1026,0.1026,0.1026,10000121,2015-05-27,2015-05-27,P,2.8,2015-03-31
27054,2015-04-08 13:55:00,2015-04-08,0.1026,0.0,0.0,176.0,0.1026,0.1026,0.1026,10000121,2015-05-27,2015-05-27,P,2.8,2015-03-31
27055,2015-04-08 13:56:00,2015-04-08,0.1026,0.0,0.0,176.0,0.1026,0.1026,0.1026,10000121,2015-05-27,2015-05-27,P,2.8,2015-03-31
27056,2015-04-08 13:57:00,2015-04-08,0.1026,0.0,0.0,176.0,0.1026,0.1026,0.1026,10000121,2015-05-27,2015-05-27,P,2.8,2015-03-31
27057,2015-04-08 13:58:00,2015-04-08,0.1026,0.0,0.0,176.0,0.1026,0.1026,0.1026,10000121,2015-05-27,2015-05-27,P,2.8,2015-03-31
27058,2015-04-08 13:59:00,2015-04-08,0.1026,0.0,0.0,176.0,0.1026,0.1026,0.1026,10000121,2015-05-27,2015-05-27,P,2.8,2015-03-31
27059,2015-04-08 14:00:00,2015-04-08,0.1026,0.0,0.0,176.0,0.1026,0.1026,0.1026,10000121,2015-05-27,2015-05-27,P,2.8,2015-03-31
27060,2015-04-08 14:01:00,2015-04-08,0.1001,1001.0,1.0,176.0,0.1001,0.1001,0.1001,10000121,2015-05-27,2015-05-27,P,2.8,2015-03-31
27061,2015-04-08 14:02:00,2015-04-08,0.1001,0.0,0.0,176.0,0.1001,0.1001,0.1001,10000121,2015-05-27,2015-05-27,P,2.8,2015-03-31
27062,2015-04-08 14:03:00,2015-04-08,0.1001,0.0,0.0,176.0,0.1001,0.1001,0.1001,10000121,2015-05-27,2015-05-27,P,2.8,2015-03-31
27063,2015-04-08 14:04:00,2015-04-08,0.1001,0.0,0.0,176.0,0.1001,0.1001,0.1001,10000121,2015-05-27,2015-05-27,P,2.8,2015-03-31
27064,2015-04-08 14:05:00,2015-04-08,0.1001,0.0,0.0,176.0,0.1001,0.1001,0.1001,10000121,2015-05-27,2015-05-27,P,2.8,2015-03-31
27065,2015-04-08 14:06:00,2015-04-08,0.1001,0.0,0.0,176.0,0.1001,0.1001,0.1001,10000121,2015-05-27,2015-05-27,P,2.8,2015-03-31
27066,2015-04-08 14:07:00,2015-04-08,0.1057,1057.0,1.0,176.0,0.1057,0.1057,0.1057,10000121,2015-05-27,2015-05-27,P,2.8,2015-03-31
27067,2015-04-08 14:08:00,2015-04-08,0.1057,0.0,0.0,176.0,0.1057,0.1057,0.1057,10000121,2015-05-27,2015-05-27,P,2.8,2015-03-31
27068,2015-04-08 14:09:00,2015-04-08,0.1057,0.0,0.0,176.0,0.1057,0.1057,0.1057,10000121,2015-05-27,2015-05-27,P,2.8,2015-03-31
27069,2015-04-08 14:10:00,2015-04-08,0.1057,0.0,0.0,176.0,0.1057,0.1057,0.1057,10000121,2015-05-27,2015-05-27,P,2.8,2015-03-31
27070,2015-04-08 14:11:00,2015-04-08,0.1057,0.0,0.0,176.0,0.1057,0.1057,0.1057,10000121,2015-05-27,2015-05-27,P,2.8,2015-03-31
27071,2015-04-08 14:12:00,2015-04-08,0.1057,0.0,0.0,176.0,0.1057,0.1057,0.1057,10000121,2015-05-27,2015-05-27,P,2.8,2015-03-31
27072,2015-04-08 14:13:00,2015-04-08,0.1057,0.0,0.0,176.0,0.1057,0.1057,0.1057,10000121,2015-05-27,2015-05-27,P,2.8,2015-03-31
27073,2015-04-08 14:14:00,2015-04-08,0.1057,0.0,0.0,176.0,0.1057,0.1057,0.1057,10000121,2015-05-27,2015-05-27,P,2.8,2015-03-31
27074,2015-04-08 14:15:00,2015-04-08,0.1057,0.0,0.0,176.0,0.1057,0.1057,0.1057,10000121,2015-05-27,2015-05-27,P,2.8,2015-03-31
27075,2015-04-08 14:16:00,2015-04-08,0.1057,0.0,0.0,176.0,0.1057,0.1057,0.1057,10000121,2015-05-27,2015-05-27,P,2.8,2015-03-31
27076,2015-04-08 14:17:00,2015-04-08,0.1057,0.0,0.0,176.0,0.1057,0.1057,0.1057,10000121,2015-05-27,2015-05-27,P,2.8,2015-03-31
27077,2015-04-08 14:18:00,2015-04-08,0.1057,0.0,0.0,176.0,0.1057,0.1057,0.1057,10000121,2015-05-27,2015-05-27,P,2.8,2015-03-31
27078,2015-04-08 14:19:00,2015-04-08,0.1057,0.0,0.0,176.0,0.1057,0.1057,0.1057,10000121,2015-05-27,2015-05-27,P,2.8,2015-03-31
27079,2015-04-08 14:20:00,2015-04-08,0.1057,0.0,0.0,176.0,0.1057,0.1057,0.1057,10000121,2015-05-27,2015-05-27,P,2.8,2015-03-31
27080,2015-04-08 14:21:00,2015-04-08,0.1057,0.0,0.0,176.0,0.1057,0.1057,0.1057,10000121,2015-05-27,2015-05-27,P,2.8,2015-03-31
27081,2015-04-08 14:22:00,2015-04-08,0.1057,0.0,0.0,176.0,0.1057,0.1057,0.1057,10000121,2015-05-27,2015-05-27,P,2.8,2015-03-31
27082,2015-04-08 14:23:00,2015-04-08,0.1057,0.0,0.0,176.0,0.1057,0.1057,0.1057,10000121,2015-05-27,2015-05-27,P,2.8,2015-03-31
27083,2015-04-08 14:24:00,2015-04-08,0.1057,0.0,0.0,176.0,0.1057,0.1057,0.1057,10000121,2015-05-27,2015-05-27,P,2.8,2015-03-31
27084,2015-04-08 14:25:00,2015-04-08,0.1057,0.0,0.0,176.0,0.1057,0.1057,0.1057,10000121,2015-05-27,2015-05-27,P,2.8,2015-03-31
27085,2015-04-08 14:26:00,2015-04-08,0.1057,0.0,0.0,176.0,0.1057,0.1057,0.1057,10000121,2015-05-27,2015-05-27,P,2.8,2015-03-31
27086,2015-04-08 14:27:00,2015-04-08,0.1057,0.0,0.0,176.0,0.1057,0.1057,0.1057,10000121,2015-05-27,2015-05-27,P,2.8,2015-03-31
27087,2015-04-08 14:28:00,2015-04-08,0.1132,3396.0,3.0,176.0,0.1132,0.1132,0.1132,10000121,2015-05-27,2015-05-27,P,2.8,2015-03-31
27088,2015-04-08 14:29:00,2015-04-08,0.1132,0.0,0.0,176.0,0.1132,0.1132,0.1132,10000121,2015-05-27,2015-05-27,P,2.8,2015-03-31
27089,2015-04-08 14:30:00,2015-04-08,0.1132,0.0,0.0,176.0,0.1132,0.1132,0.1132,10000121,2015-05-27,2015-05-27,P,2.8,2015-03-31
27090,2015-04-08 14:31:00,2015-04-08,0.1132,0.0,0.0,176.0,0.1132,0.1132,0.1132,10000121,2015-05-27,2015-05-27,P,2.8,2015-03-31
27091,2015-04-08 14:32:00,2015-04-08,0.1116,5532.0,5.0,181.0,0.1116,0.1104,0.1104,10000121,2015-05-27,2015-05-27,P,2.8,2015-03-31
27092,2015-04-08 14:33:00,2015-04-08,0.1104,0.0,0.0,181.0,0.1104,0.1104,0.1104,10000121,2015-05-27,2015-05-27,P,2.8,2015-03-31
27093,2015-04-08 14:34:00,2015-04-08,0.1104,0.0,0.0,181.0,0.1104,0.1104,0.1104,10000121,2015-05-27,2015-05-27,P,2.8,2015-03-31
27094,2015-04-08 14:35:00,2015-04-08,0.1104,0.0,0.0,181.0,0.1104,0.1104,0.1104,10000121,2015-05-27,2015-05-27,P,2.8,2015-03-31
27095,2015-04-08 14:36:00,2015-04-08,0.1104,0.0,0.0,181.0,0.1104,0.1104,0.1104,10000121,2015-05-27,2015-05-27,P,2.8,2015-03-31
27096,2015-04-08 14:37:00,2015-04-08,0.1104,0.0,0.0,181.0,0.1104,0.1104,0.1104,10000121,2015-05-27,2015-05-27,P,2.8,2015-03-31
27097,2015-04-08 14:38:00,2015-04-08,0.1104,0.0,0.0,181.0,0.1104,0.1104,0.1104,10000121,2015-05-27,2015-05-27,P,2.8,2015-03-31
27098,2015-04-08 14:39:00,2015-04-08,0.1104,0.0,0.0,181.0,0.1104,0.1104,0.1104,10000121,2015-05-27,2015-05-27,P,2.8,2015-03-31
27099,2015-04-08 14:40:00,2015-04-08,0.1104,0.0,0.0,181.0,0.1104,0.1104,0.1104,10000121,2015-05-27,2015-05-27,P,2.8,2015-03-31
27100,2015-04-08 14:41:00,2015-04-08,0.1104,0.0,0.0,181.0,0.1104,0.1104,0.1104,10000121,2015-05-27,2015-05-27,P,2.8,2015-03-31
27101,2015-04-08 14:42:00,2015-04-08,0.1104,0.0,0.0,181.0,0.1104,0.1104,0.1104,10000121,2015-05-27,2015-05-27,P,2.8,2015-03-31
27102,2015-04-08 14:43:00,2015-04-08,0.1104,0.0,0.0,181.0,0.1104,0.1104,0.1104,10000121,2015-05-27,2015-05-27,P,2.8,2015-03-31
27103,2015-04-08 14:44:00,2015-04-08,0.1104,0.0,0.0,181.0,0.1104,0.1104,0.1104,10000121,2015-05-27,2015-05-27,P,2.8,2015-03-31
27104,2015-04-08 14:45:00,2015-04-08,0.1104,0.0,0.0,181.0,0.1104,0.1104,0.1104,10000121,2015-05-27,2015-05-27,P,2.8,2015-03-31
27105,2015-04-08 14:46:00,2015-04-08,0.1104,0.0,0.0,181.0,0.1104,0.1104,0.1104,10000121,2015-05-27,2015-05-27,P,2.8,2015-03-31
27106,2015-04-08 14:47:00,2015-04-08,0.1104,0.0,0.0,181.0,0.1104,0.1104,0.1104,10000121,2015-05-27,2015-05-27,P,2.8,2015-03-31
27107,2015-04-08 14:48:00,2015-04-08,0.1104,0.0,0.0,181.0,0.1104,0.1104,0.1104,10000121,2015-05-27,2015-05-27,P,2.8,2015-03-31
27108,2015-04-08 14:49:00,2015-04-08,0.1104,0.0,0.0,181.0,0.1104,0.1104,0.1104,10000121,2015-05-27,2015-05-27,P,2.8,2015-03-31
27109,2015-04-08 14:50:00,2015-04-08,0.1104,0.0,0.0,181.0,0.1104,0.1104,0.1104,10000121,2015-05-27,2015-05-27,P,2.8,2015-03-31
27110,2015-04-08 14:51:00,2015-04-08,0.1104,0.0,0.0,181.0,0.1104,0.1104,0.1104,10000121,2015-05-27,2015-05-27,P,2.8,2015-03-31
27111,2015-04-08 14:52:00,2015-04-08,0.1104,0.0,0.0,181.0,0.1104,0.1104,0.1104,10000121,2015-05-27,2015-05-27,P,2.8,2015-03-31
27112,2015-04-08 14:53:00,2015-04-08,0.1104,0.0,0.0,181.0,0.1104,0.1104,0.1104,10000121,2015-05-27,2015-05-27,P,2.8,2015-03-31
27113,2015-04-08 14:54:00,2015-04-08,0.1047,5235.0,5.0,176.0,0.1047,0.1047,0.1047,10000121,2015-05-27,2015-05-27,P,2.8,2015-03-31
27114,2015-04-08 14:55:00,2015-04-08,0.1047,0.0,0.0,176.0,0.1047,0.1047,0.1047,10000121,2015-05-27,2015-05-27,P,2.8,2015-03-31
27115,2015-04-08 14:56:00,2015-04-08,0.1047,0.0,0.0,176.0,0.1047,0.1047,0.1047,10000121,2015-05-27,2015-05-27,P,2.8,2015-03-31
27116,2015-04-08 14:57:00,2015-04-08,0.1047,0.0,0.0,176.0,0.1047,0.1047,0.1047,10000121,2015-05-27,2015-05-27,P,2.8,2015-03-31
27117,2015-04-08 14:58:00,2015-04-08,0.1047,0.0,0.0,176.0,0.1047,0.1047,0.1047,10000121,2015-05-27,2015-05-27,P,2.8,2015-03-31
27118,2015-04-08 14:59:00,2015-04-08,0.1047,0.0,0.0,176.0,0.1047,0.1047,0.1047,10000121,2015-05-27,2015-05-27,P,2.8,2015-03-31
27119,2015-04-08 15:00:00,2015-04-08,0.1045,1045.0,1.0,164.0,0.1045,0.1045,0.1045,10000121,2015-05-27,2015-05-27,P,2.8,2015-03-31
27120,2015-04-08 09:31:00,2015-04-08,0.1086,33940.0,32.0,32.0,0.1025,0.1086,0.1084,10000132,2015-05-27,2015-05-27,C,2.95,2015-04-08
27121,2015-04-08 09:32:00,2015-04-08,0.1091,40925.0,38.0,70.0,0.1087,0.1077,0.1074,10000132,2015-05-27,2015-05-27,C,2.95,2015-04-08
27122,2015-04-08 09:33:00,2015-04-08,0.1077,0.0,0.0,70.0,0.1077,0.1077,0.1077,10000132,2015-05-27,2015-05-27,C,2.95,2015-04-08
27123,2015-04-08 09:34:00,2015-04-08,0.102,4080.0,4.0,74.0,0.102,0.102,0.102,10000132,2015-05-27,2015-05-27,C,2.95,2015-04-08
27124,2015-04-08 09:35:00,2015-04-08,0.105,3066.0,3.0,77.0,0.1008,0.105,0.1008,10000132,2015-05-27,2015-05-27,C,2.95,2015-04-08
27125,2015-04-08 09:36:00,2015-04-08,0.105,0.0,0.0,77.0,0.105,0.105,0.105,10000132,2015-05-27,2015-05-27,C,2.95,2015-04-08
27126,2015-04-08 09:37:00,2015-04-08,0.1008,28114.0,28.0,105.0,0.1008,0.1002,0.1002,10000132,2015-05-27,2015-05-27,C,2.95,2015-04-08
27127,2015-04-08 09:38:00,2015-04-08,0.1002,5010.0,5.0,110.0,0.1002,0.1002,0.1002,10000132,2015-05-27,2015-05-27,C,2.95,2015-04-08
27128,2015-04-08 09:39:00,2015-04-08,0.1002,2004.0,2.0,112.0,0.1002,0.1002,0.1002,10000132,2015-05-27,2015-05-27,C,2.95,2015-04-08
27129,2015-04-08 09:40:00,2015-04-08,0.1002,0.0,0.0,112.0,0.1002,0.1002,0.1002,10000132,2015-05-27,2015-05-27,C,2.95,2015-04-08
27130,2015-04-08 09:41:00,2015-04-08,0.1002,0.0,0.0,112.0,0.1002,0.1002,0.1002,10000132,2015-05-27,2015-05-27,C,2.95,2015-04-08
27131,2015-04-08 09:42:00,2015-04-08,0.1043,1043.0,1.0,113.0,0.1043,0.1043,0.1043,10000132,2015-05-27,2015-05-27,C,2.95,2015-04-08
27132,2015-04-08 09:43:00,2015-04-08,0.1043,0.0,0.0,113.0,0.1043,0.1043,0.1043,10000132,2015-05-27,2015-05-27,C,2.95,2015-04-08
27133,2015-04-08 09:44:00,2015-04-08,0.1062,3168.0,3.0,116.0,0.1053,0.1062,0.1053,10000132,2015-05-27,2015-05-27,C,2.95,2015-04-08
27134,2015-04-08 09:45:00,2015-04-08,0.1061,1061.0,1.0,117.0,0.1061,0.1061,0.1061,10000132,2015-05-27,2015-05-27,C,2.95,2015-04-08
27135,2015-04-08 09:46:00,2015-04-08,0.1054,2108.0,2.0,119.0,0.1054,0.1054,0.1054,10000132,2015-05-27,2015-05-27,C,2.95,2015-04-08
27136,2015-04-08 09:47:00,2015-04-08,0.1066,2132.0,2.0,121.0,0.1066,0.1066,0.1066,10000132,2015-05-27,2015-05-27,C,2.95,2015-04-08
27137,2015-04-08 09:48:00,2015-04-08,0.1066,0.0,0.0,121.0,0.1066,0.1066,0.1066,10000132,2015-05-27,2015-05-27,C,2.95,2015-04-08
27138,2015-04-08 09:49:00,2015-04-08,0.109,2180.0,2.0,123.0,0.109,0.109,0.109,10000132,2015-05-27,2015-05-27,C,2.95,2015-04-08
27139,2015-04-08 09:50:00,2015-04-08,0.109,0.0,0.0,123.0,0.109,0.109,0.109,10000132,2015-05-27,2015-05-27,C,2.95,2015-04-08
27140,2015-04-08 09:51:00,2015-04-08,0.1011,2022.0,2.0,125.0,0.1011,0.1011,0.1011,10000132,2015-05-27,2015-05-27,C,2.95,2015-04-08
27141,2015-04-08 09:52:00,2015-04-08,0.1011,0.0,0.0,125.0,0.1011,0.1011,0.1011,10000132,2015-05-27,2015-05-27,C,2.95,2015-04-08
27142,2015-04-08 09:53:00,2015-04-08,0.1011,0.0,0.0,125.0,0.1011,0.1011,0.1011,10000132,2015-05-27,2015-05-27,C,2.95,2015-04-08
27143,2015-04-08 09:54:00,2015-04-08,0.1011,0.0,0.0,125.0,0.1011,0.1011,0.1011,10000132,2015-05-27,2015-05-27,C,2.95,2015-04-08
27144,2015-04-08 09:55:00,2015-04-08,0.1011,0.0,0.0,125.0,0.1011,0.1011,0.1011,10000132,2015-05-27,2015-05-27,C,2.95,2015-04-08
27145,2015-04-08 09:56:00,2015-04-08,0.11,5500.0,5.0,125.0,0.11,0.11,0.11,10000132,2015-05-27,2015-05-27,C,2.95,2015-04-08
27146,2015-04-08 09:57:00,2015-04-08,0.113,6764.0,6.0,125.0,0.1114,0.113,0.1114,10000132,2015-05-27,2015-05-27,C,2.95,2015-04-08
27147,2015-04-08 09:58:00,2015-04-08,0.113,0.0,0.0,125.0,0.113,0.113,0.113,10000132,2015-05-27,2015-05-27,C,2.95,2015-04-08
27148,2015-04-08 09:59:00,2015-04-08,0.113,0.0,0.0,125.0,0.113,0.113,0.113,10000132,2015-05-27,2015-05-27,C,2.95,2015-04-08
27149,2015-04-08 10:00:00,2015-04-08,0.1124,2248.0,2.0,125.0,0.1124,0.1124,0.1124,10000132,2015-05-27,2015-05-27,C,2.95,2015-04-08
27150,2015-04-08 10:01:00,2015-04-08,0.1124,0.0,0.0,125.0,0.1124,0.1124,0.1124,10000132,2015-05-27,2015-05-27,C,2.95,2015-04-08
27151,2015-04-08 10:02:00,2015-04-08,0.1124,0.0,0.0,125.0,0.1124,0.1124,0.1124,10000132,2015-05-27,2015-05-27,C,2.95,2015-04-08
27152,2015-04-08 10:03:00,2015-04-08,0.1124,0.0,0.0,125.0,0.1124,0.1124,0.1124,10000132,2015-05-27,2015-05-27,C,2.95,2015-04-08
27153,2015-04-08 10:04:00,2015-04-08,0.1124,0.0,0.0,125.0,0.1124,0.1124,0.1124,10000132,2015-05-27,2015-05-27,C,2.95,2015-04-08
27154,2015-04-08 10:05:00,2015-04-08,0.1124,0.0,0.0,125.0,0.1124,0.1124,0.1124,10000132,2015-05-27,2015-05-27,C,2.95,2015-04-08
27155,2015-04-08 10:06:00,2015-04-08,0.1118,5590.0,5.0,130.0,0.1118,0.1118,0.1118,10000132,2015-05-27,2015-05-27,C,2.95,2015-04-08
27156,2015-04-08 10:07:00,2015-04-08,0.111,4362.0,4.0,134.0,0.1071,0.111,0.1071,10000132,2015-05-27,2015-05-27,C,2.95,2015-04-08
27157,2015-04-08 10:08:00,2015-04-08,0.1102,3244.0,3.0,137.0,0.1071,0.1102,0.1071,10000132,2015-05-27,2015-05-27,C,2.95,2015-04-08
27158,2015-04-08 10:09:00,2015-04-08,0.1102,0.0,0.0,137.0,0.1102,0.1102,0.1102,10000132,2015-05-27,2015-05-27,C,2.95,2015-04-08
27159,2015-04-08 10:10:00,2015-04-08,0.1102,0.0,0.0,137.0,0.1102,0.1102,0.1102,10000132,2015-05-27,2015-05-27,C,2.95,2015-04-08
27160,2015-04-08 10:11:00,2015-04-08,0.1102,0.0,0.0,137.0,0.1102,0.1102,0.1102,10000132,2015-05-27,2015-05-27,C,2.95,2015-04-08
27161,2015-04-08 10:12:00,2015-04-08,0.1071,4284.0,4.0,141.0,0.1071,0.1071,0.1071,10000132,2015-05-27,2015-05-27,C,2.95,2015-04-08
27162,2015-04-08 10:13:00,2015-04-08,0.1071,13896.0,13.0,151.0,0.1071,0.1059,0.1059,10000132,2015-05-27,2015-05-27,C,2.95,2015-04-08
27163,2015-04-08 10:14:00,2015-04-08,0.104,1040.0,1.0,152.0,0.104,0.104,0.104,10000132,2015-05-27,2015-05-27,C,2.95,2015-04-08
27164,2015-04-08 10:15:00,2015-04-08,0.104,0.0,0.0,152.0,0.104,0.104,0.104,10000132,2015-05-27,2015-05-27,C,2.95,2015-04-08
27165,2015-04-08 10:16:00,2015-04-08,0.1068,5340.0,5.0,157.0,0.1068,0.1068,0.1068,10000132,2015-05-27,2015-05-27,C,2.95,2015-04-08
27166,2015-04-08 10:17:00,2015-04-08,0.1069,15859.0,15.0,167.0,0.1069,0.104,0.104,10000132,2015-05-27,2015-05-27,C,2.95,2015-04-08
27167,2015-04-08 10:18:00,2015-04-08,0.1068,1068.0,1.0,168.0,0.1068,0.1068,0.1068,10000132,2015-05-27,2015-05-27,C,2.95,2015-04-08
27168,2015-04-08 10:19:00,2015-04-08,0.1067,2079.0,2.0,168.0,0.1012,0.1067,0.1012,10000132,2015-05-27,2015-05-27,C,2.95,2015-04-08
27169,2015-04-08 10:20:00,2015-04-08,0.1067,0.0,0.0,168.0,0.1067,0.1067,0.1067,10000132,2015-05-27,2015-05-27,C,2.95,2015-04-08
27170,2015-04-08 10:21:00,2015-04-08,0.1085,5425.0,5.0,173.0,0.1085,0.1085,0.1085,10000132,2015-05-27,2015-05-27,C,2.95,2015-04-08
27171,2015-04-08 10:22:00,2015-04-08,0.1085,0.0,0.0,173.0,0.1085,0.1085,0.1085,10000132,2015-05-27,2015-05-27,C,2.95,2015-04-08
27172,2015-04-08 10:23:00,2015-04-08,0.1085,15076.0,14.0,186.0,0.1085,0.1075,0.1075,10000132,2015-05-27,2015-05-27,C,2.95,2015-04-08
27173,2015-04-08 10:24:00,2015-04-08,0.1075,0.0,0.0,186.0,0.1075,0.1075,0.1075,10000132,2015-05-27,2015-05-27,C,2.95,2015-04-08
27174,2015-04-08 10:25:00,2015-04-08,0.1075,0.0,0.0,186.0,0.1075,0.1075,0.1075,10000132,2015-05-27,2015-05-27,C,2.95,2015-04-08
27175,2015-04-08 10:26:00,2015-04-08,0.1075,0.0,0.0,186.0,0.1075,0.1075,0.1075,10000132,2015-05-27,2015-05-27,C,2.95,2015-04-08
27176,2015-04-08 10:27:00,2015-04-08,0.1072,5360.0,5.0,186.0,0.1072,0.1072,0.1072,10000132,2015-05-27,2015-05-27,C,2.95,2015-04-08
27177,2015-04-08 10:28:00,2015-04-08,0.1072,0.0,0.0,186.0,0.1072,0.1072,0.1072,10000132,2015-05-27,2015-05-27,C,2.95,2015-04-08
27178,2015-04-08 10:29:00,2015-04-08,0.1072,0.0,0.0,186.0,0.1072,0.1072,0.1072,10000132,2015-05-27,2015-05-27,C,2.95,2015-04-08
27179,2015-04-08 10:30:00,2015-04-08,0.11,1100.0,1.0,187.0,0.11,0.11,0.11,10000132,2015-05-27,2015-05-27,C,2.95,2015-04-08
27180,2015-04-08 10:31:00,2015-04-08,0.11,0.0,0.0,187.0,0.11,0.11,0.11,10000132,2015-05-27,2015-05-27,C,2.95,2015-04-08
27181,2015-04-08 10:32:00,2015-04-08,0.108,2160.0,2.0,188.0,0.108,0.108,0.108,10000132,2015-05-27,2015-05-27,C,2.95,2015-04-08
27182,2015-04-08 10:33:00,2015-04-08,0.1081,2162.0,2.0,190.0,0.1081,0.1081,0.1081,10000132,2015-05-27,2015-05-27,C,2.95,2015-04-08
27183,2015-04-08 10:34:00,2015-04-08,0.1081,0.0,0.0,190.0,0.1081,0.1081,0.1081,10000132,2015-05-27,2015-05-27,C,2.95,2015-04-08
27184,2015-04-08 10:35:00,2015-04-08,0.1081,0.0,0.0,190.0,0.1081,0.1081,0.1081,10000132,2015-05-27,2015-05-27,C,2.95,2015-04-08
27185,2015-04-08 10:36:00,2015-04-08,0.1081,0.0,0.0,190.0,0.1081,0.1081,0.1081,10000132,2015-05-27,2015-05-27,C,2.95,2015-04-08
27186,2015-04-08 10:37:00,2015-04-08,0.1081,0.0,0.0,190.0,0.1081,0.1081,0.1081,10000132,2015-05-27,2015-05-27,C,2.95,2015-04-08
27187,2015-04-08 10:38:00,2015-04-08,0.1081,0.0,0.0,190.0,0.1081,0.1081,0.1081,10000132,2015-05-27,2015-05-27,C,2.95,2015-04-08
27188,2015-04-08 10:39:00,2015-04-08,0.114,1140.0,1.0,191.0,0.114,0.114,0.114,10000132,2015-05-27,2015-05-27,C,2.95,2015-04-08
27189,2015-04-08 10:40:00,2015-04-08,0.114,0.0,0.0,191.0,0.114,0.114,0.114,10000132,2015-05-27,2015-05-27,C,2.95,2015-04-08
27190,2015-04-08 10:41:00,2015-04-08,0.114,0.0,0.0,191.0,0.114,0.114,0.114,10000132,2015-05-27,2015-05-27,C,2.95,2015-04-08
27191,2015-04-08 10:42:00,2015-04-08,0.1155,8080.0,7.0,198.0,0.115,0.1155,0.115,10000132,2015-05-27,2015-05-27,C,2.95,2015-04-08
27192,2015-04-08 10:43:00,2015-04-08,0.1155,0.0,0.0,198.0,0.1155,0.1155,0.1155,10000132,2015-05-27,2015-05-27,C,2.95,2015-04-08
27193,2015-04-08 10:44:00,2015-04-08,0.1155,0.0,0.0,198.0,0.1155,0.1155,0.1155,10000132,2015-05-27,2015-05-27,C,2.95,2015-04-08
27194,2015-04-08 10:45:00,2015-04-08,0.1155,0.0,0.0,198.0,0.1155,0.1155,0.1155,10000132,2015-05-27,2015-05-27,C,2.95,2015-04-08
27195,2015-04-08 10:46:00,2015-04-08,0.1155,0.0,0.0,198.0,0.1155,0.1155,0.1155,10000132,2015-05-27,2015-05-27,C,2.95,2015-04-08
27196,2015-04-08 10:47:00,2015-04-08,0.1155,0.0,0.0,198.0,0.1155,0.1155,0.1155,10000132,2015-05-27,2015-05-27,C,2.95,2015-04-08
27197,2015-04-08 10:48:00,2015-04-08,0.1155,0.0,0.0,198.0,0.1155,0.1155,0.1155,10000132,2015-05-27,2015-05-27,C,2.95,2015-04-08
27198,2015-04-08 10:49:00,2015-04-08,0.1155,0.0,0.0,198.0,0.1155,0.1155,0.1155,10000132,2015-05-27,2015-05-27,C,2.95,2015-04-08
27199,2015-04-08 10:50:00,2015-04-08,0.1155,0.0,0.0,198.0,0.1155,0.1155,0.1155,10000132,2015-05-27,2015-05-27,C,2.95,2015-04-08
27200,2015-04-08 10:51:00,2015-04-08,0.1155,0.0,0.0,198.0,0.1155,0.1155,0.1155,10000132,2015-05-27,2015-05-27,C,2.95,2015-04-08
27201,2015-04-08 10:52:00,2015-04-08,0.1155,0.0,0.0,198.0,0.1155,0.1155,0.1155,10000132,2015-05-27,2015-05-27,C,2.95,2015-04-08
27202,2015-04-08 10:53:00,2015-04-08,0.1155,0.0,0.0,198.0,0.1155,0.1155,0.1155,10000132,2015-05-27,2015-05-27,C,2.95,2015-04-08
27203,2015-04-08 10:54:00,2015-04-08,0.1155,0.0,0.0,198.0,0.1155,0.1155,0.1155,10000132,2015-05-27,2015-05-27,C,2.95,2015-04-08
27204,2015-04-08 10:55:00,2015-04-08,0.1155,0.0,0.0,198.0,0.1155,0.1155,0.1155,10000132,2015-05-27,2015-05-27,C,2.95,2015-04-08
27205,2015-04-08 10:56:00,2015-04-08,0.1051,8401.0,8.0,206.0,0.1051,0.105,0.105,10000132,2015-05-27,2015-05-27,C,2.95,2015-04-08
27206,2015-04-08 10:57:00,2015-04-08,0.105,0.0,0.0,206.0,0.105,0.105,0.105,10000132,2015-05-27,2015-05-27,C,2.95,2015-04-08
27207,2015-04-08 10:58:00,2015-04-08,0.105,0.0,0.0,206.0,0.105,0.105,0.105,10000132,2015-05-27,2015-05-27,C,2.95,2015-04-08
27208,2015-04-08 10:59:00,2015-04-08,0.105,0.0,0.0,206.0,0.105,0.105,0.105,10000132,2015-05-27,2015-05-27,C,2.95,2015-04-08
27209,2015-04-08 11:00:00,2015-04-08,0.105,0.0,0.0,206.0,0.105,0.105,0.105,10000132,2015-05-27,2015-05-27,C,2.95,2015-04-08
27210,2015-04-08 11:01:00,2015-04-08,0.105,0.0,0.0,206.0,0.105,0.105,0.105,10000132,2015-05-27,2015-05-27,C,2.95,2015-04-08
27211,2015-04-08 11:02:00,2015-04-08,0.105,0.0,0.0,206.0,0.105,0.105,0.105,10000132,2015-05-27,2015-05-27,C,2.95,2015-04-08
27212,2015-04-08 11:03:00,2015-04-08,0.105,0.0,0.0,206.0,0.105,0.105,0.105,10000132,2015-05-27,2015-05-27,C,2.95,2015-04-08
27213,2015-04-08 11:04:00,2015-04-08,0.108,16160.0,15.0,221.0,0.1076,0.108,0.1076,10000132,2015-05-27,2015-05-27,C,2.95,2015-04-08
27214,2015-04-08 11:05:00,2015-04-08,0.108,0.0,0.0,221.0,0.108,0.108,0.108,10000132,2015-05-27,2015-05-27,C,2.95,2015-04-08
27215,2015-04-08 11:06:00,2015-04-08,0.1081,20486.0,19.0,240.0,0.1081,0.1076,0.1076,10000132,2015-05-27,2015-05-27,C,2.95,2015-04-08
27216,2015-04-08 11:07:00,2015-04-08,0.1077,3231.0,3.0,243.0,0.1077,0.1077,0.1077,10000132,2015-05-27,2015-05-27,C,2.95,2015-04-08
27217,2015-04-08 11:08:00,2015-04-08,0.1077,0.0,0.0,243.0,0.1077,0.1077,0.1077,10000132,2015-05-27,2015-05-27,C,2.95,2015-04-08
27218,2015-04-08 11:09:00,2015-04-08,0.1077,0.0,0.0,243.0,0.1077,0.1077,0.1077,10000132,2015-05-27,2015-05-27,C,2.95,2015-04-08
27219,2015-04-08 11:10:00,2015-04-08,0.1077,0.0,0.0,243.0,0.1077,0.1077,0.1077,10000132,2015-05-27,2015-05-27,C,2.95,2015-04-08
27220,2015-04-08 11:11:00,2015-04-08,0.1077,0.0,0.0,243.0,0.1077,0.1077,0.1077,10000132,2015-05-27,2015-05-27,C,2.95,2015-04-08
27221,2015-04-08 11:12:00,2015-04-08,0.1077,0.0,0.0,243.0,0.1077,0.1077,0.1077,10000132,2015-05-27,2015-05-27,C,2.95,2015-04-08
27222,2015-04-08 11:13:00,2015-04-08,0.1077,0.0,0.0,243.0,0.1077,0.1077,0.1077,10000132,2015-05-27,2015-05-27,C,2.95,2015-04-08
27223,2015-04-08 11:14:00,2015-04-08,0.1077,0.0,0.0,243.0,0.1077,0.1077,0.1077,10000132,2015-05-27,2015-05-27,C,2.95,2015-04-08
27224,2015-04-08 11:15:00,2015-04-08,0.1077,0.0,0.0,243.0,0.1077,0.1077,0.1077,10000132,2015-05-27,2015-05-27,C,2.95,2015-04-08
27225,2015-04-08 11:16:00,2015-04-08,0.1043,5215.0,5.0,248.0,0.1043,0.1043,0.1043,10000132,2015-05-27,2015-05-27,C,2.95,2015-04-08
27226,2015-04-08 11:17:00,2015-04-08,0.1043,0.0,0.0,248.0,0.1043,0.1043,0.1043,10000132,2015-05-27,2015-05-27,C,2.95,2015-04-08
27227,2015-04-08 11:18:00,2015-04-08,0.1043,0.0,0.0,248.0,0.1043,0.1043,0.1043,10000132,2015-05-27,2015-05-27,C,2.95,2015-04-08
27228,2015-04-08 11:19:00,2015-04-08,0.1043,0.0,0.0,248.0,0.1043,0.1043,0.1043,10000132,2015-05-27,2015-05-27,C,2.95,2015-04-08
27229,2015-04-08 11:20:00,2015-04-08,0.1043,0.0,0.0,248.0,0.1043,0.1043,0.1043,10000132,2015-05-27,2015-05-27,C,2.95,2015-04-08
27230,2015-04-08 11:21:00,2015-04-08,0.1043,0.0,0.0,248.0,0.1043,0.1043,0.1043,10000132,2015-05-27,2015-05-27,C,2.95,2015-04-08
27231,2015-04-08 11:22:00,2015-04-08,0.1043,0.0,0.0,248.0,0.1043,0.1043,0.1043,10000132,2015-05-27,2015-05-27,C,2.95,2015-04-08
27232,2015-04-08 11:23:00,2015-04-08,0.1069,5345.0,5.0,253.0,0.1069,0.1069,0.1069,10000132,2015-05-27,2015-05-27,C,2.95,2015-04-08
27233,2015-04-08 11:24:00,2015-04-08,0.1069,0.0,0.0,253.0,0.1069,0.1069,0.1069,10000132,2015-05-27,2015-05-27,C,2.95,2015-04-08
27234,2015-04-08 11:25:00,2015-04-08,0.1105,1105.0,1.0,253.0,0.1105,0.1105,0.1105,10000132,2015-05-27,2015-05-27,C,2.95,2015-04-08
27235,2015-04-08 11:26:00,2015-04-08,0.1105,0.0,0.0,253.0,0.1105,0.1105,0.1105,10000132,2015-05-27,2015-05-27,C,2.95,2015-04-08
27236,2015-04-08 11:27:00,2015-04-08,0.1105,0.0,0.0,253.0,0.1105,0.1105,0.1105,10000132,2015-05-27,2015-05-27,C,2.95,2015-04-08
27237,2015-04-08 11:28:00,2015-04-08,0.113,4520.0,4.0,249.0,0.113,0.113,0.113,10000132,2015-05-27,2015-05-27,C,2.95,2015-04-08
27238,2015-04-08 11:29:00,2015-04-08,0.113,0.0,0.0,249.0,0.113,0.113,0.113,10000132,2015-05-27,2015-05-27,C,2.95,2015-04-08
27239,2015-04-08 11:30:00,2015-04-08,0.113,0.0,0.0,249.0,0.113,0.113,0.113,10000132,2015-05-27,2015-05-27,C,2.95,2015-04-08
27240,2015-04-08 13:01:00,2015-04-08,0.1214,17880.0,15.0,259.0,0.1148,0.1214,0.1148,10000132,2015-05-27,2015-05-27,C,2.95,2015-04-08
27241,2015-04-08 13:02:00,2015-04-08,0.1214,0.0,0.0,259.0,0.1214,0.1214,0.1214,10000132,2015-05-27,2015-05-27,C,2.95,2015-04-08
27242,2015-04-08 13:03:00,2015-04-08,0.1214,0.0,0.0,259.0,0.1214,0.1214,0.1214,10000132,2015-05-27,2015-05-27,C,2.95,2015-04-08
27243,2015-04-08 13:04:00,2015-04-08,0.1214,0.0,0.0,259.0,0.1214,0.1214,0.1214,10000132,2015-05-27,2015-05-27,C,2.95,2015-04-08
27244,2015-04-08 13:05:00,2015-04-08,0.1214,0.0,0.0,259.0,0.1214,0.1214,0.1214,10000132,2015-05-27,2015-05-27,C,2.95,2015-04-08
27245,2015-04-08 13:06:00,2015-04-08,0.1214,0.0,0.0,259.0,0.1214,0.1214,0.1214,10000132,2015-05-27,2015-05-27,C,2.95,2015-04-08
27246,2015-04-08 13:07:00,2015-04-08,0.123,1230.0,1.0,260.0,0.123,0.123,0.123,10000132,2015-05-27,2015-05-27,C,2.95,2015-04-08
27247,2015-04-08 13:08:00,2015-04-08,0.123,0.0,0.0,260.0,0.123,0.123,0.123,10000132,2015-05-27,2015-05-27,C,2.95,2015-04-08
27248,2015-04-08 13:09:00,2015-04-08,0.123,0.0,0.0,260.0,0.123,0.123,0.123,10000132,2015-05-27,2015-05-27,C,2.95,2015-04-08
27249,2015-04-08 13:10:00,2015-04-08,0.123,0.0,0.0,260.0,0.123,0.123,0.123,10000132,2015-05-27,2015-05-27,C,2.95,2015-04-08
27250,2015-04-08 13:11:00,2015-04-08,0.123,0.0,0.0,260.0,0.123,0.123,0.123,10000132,2015-05-27,2015-05-27,C,2.95,2015-04-08
27251,2015-04-08 13:12:00,2015-04-08,0.123,0.0,0.0,260.0,0.123,0.123,0.123,10000132,2015-05-27,2015-05-27,C,2.95,2015-04-08
27252,2015-04-08 13:13:00,2015-04-08,0.123,0.0,0.0,260.0,0.123,0.123,0.123,10000132,2015-05-27,2015-05-27,C,2.95,2015-04-08
27253,2015-04-08 13:14:00,2015-04-08,0.1166,2332.0,2.0,258.0,0.1166,0.1166,0.1166,10000132,2015-05-27,2015-05-27,C,2.95,2015-04-08
27254,2015-04-08 13:15:00,2015-04-08,0.1166,0.0,0.0,258.0,0.1166,0.1166,0.1166,10000132,2015-05-27,2015-05-27,C,2.95,2015-04-08
27255,2015-04-08 13:16:00,2015-04-08,0.121,3630.0,3.0,258.0,0.121,0.121,0.121,10000132,2015-05-27,2015-05-27,C,2.95,2015-04-08
27256,2015-04-08 13:17:00,2015-04-08,0.121,0.0,0.0,258.0,0.121,0.121,0.121,10000132,2015-05-27,2015-05-27,C,2.95,2015-04-08
27257,2015-04-08 13:18:00,2015-04-08,0.121,0.0,0.0,258.0,0.121,0.121,0.121,10000132,2015-05-27,2015-05-27,C,2.95,2015-04-08
27258,2015-04-08 13:19:00,2015-04-08,0.121,0.0,0.0,258.0,0.121,0.121,0.121,10000132,2015-05-27,2015-05-27,C,2.95,2015-04-08
27259,2015-04-08 13:20:00,2015-04-08,0.121,0.0,0.0,258.0,0.121,0.121,0.121,10000132,2015-05-27,2015-05-27,C,2.95,2015-04-08
27260,2015-04-08 13:21:00,2015-04-08,0.13,1300.0,1.0,258.0,0.13,0.13,0.13,10000132,2015-05-27,2015-05-27,C,2.95,2015-04-08
27261,2015-04-08 13:22:00,2015-04-08,0.13,0.0,0.0,258.0,0.13,0.13,0.13,10000132,2015-05-27,2015-05-27,C,2.95,2015-04-08
27262,2015-04-08 13:23:00,2015-04-08,0.13,0.0,0.0,258.0,0.13,0.13,0.13,10000132,2015-05-27,2015-05-27,C,2.95,2015-04-08
27263,2015-04-08 13:24:00,2015-04-08,0.13,0.0,0.0,258.0,0.13,0.13,0.13,10000132,2015-05-27,2015-05-27,C,2.95,2015-04-08
27264,2015-04-08 13:25:00,2015-04-08,0.13,0.0,0.0,258.0,0.13,0.13,0.13,10000132,2015-05-27,2015-05-27,C,2.95,2015-04-08
27265,2015-04-08 13:26:00,2015-04-08,0.1282,1282.0,1.0,259.0,0.1282,0.1282,0.1282,10000132,2015-05-27,2015-05-27,C,2.95,2015-04-08
27266,2015-04-08 13:27:00,2015-04-08,0.1282,0.0,0.0,259.0,0.1282,0.1282,0.1282,10000132,2015-05-27,2015-05-27,C,2.95,2015-04-08
27267,2015-04-08 13:28:00,2015-04-08,0.1312,9184.0,7.0,266.0,0.1312,0.1312,0.1312,10000132,2015-05-27,2015-05-27,C,2.95,2015-04-08
27268,2015-04-08 13:29:00,2015-04-08,0.1312,0.0,0.0,266.0,0.1312,0.1312,0.1312,10000132,2015-05-27,2015-05-27,C,2.95,2015-04-08
27269,2015-04-08 13:30:00,2015-04-08,0.1312,0.0,0.0,266.0,0.1312,0.1312,0.1312,10000132,2015-05-27,2015-05-27,C,2.95,2015-04-08
27270,2015-04-08 13:31:00,2015-04-08,0.133,6650.0,5.0,261.0,0.133,0.133,0.133,10000132,2015-05-27,2015-05-27,C,2.95,2015-04-08
27271,2015-04-08 13:32:00,2015-04-08,0.133,0.0,0.0,261.0,0.133,0.133,0.133,10000132,2015-05-27,2015-05-27,C,2.95,2015-04-08
27272,2015-04-08 13:33:00,2015-04-08,0.133,0.0,0.0,261.0,0.133,0.133,0.133,10000132,2015-05-27,2015-05-27,C,2.95,2015-04-08
27273,2015-04-08 13:34:00,2015-04-08,0.133,0.0,0.0,261.0,0.133,0.133,0.133,10000132,2015-05-27,2015-05-27,C,2.95,2015-04-08
27274,2015-04-08 13:35:00,2015-04-08,0.133,0.0,0.0,261.0,0.133,0.133,0.133,10000132,2015-05-27,2015-05-27,C,2.95,2015-04-08
27275,2015-04-08 13:36:00,2015-04-08,0.133,0.0,0.0,261.0,0.133,0.133,0.133,10000132,2015-05-27,2015-05-27,C,2.95,2015-04-08
27276,2015-04-08 13:37:00,2015-04-08,0.133,0.0,0.0,261.0,0.133,0.133,0.133,10000132,2015-05-27,2015-05-27,C,2.95,2015-04-08
27277,2015-04-08 13:38:00,2015-04-08,0.133,0.0,0.0,261.0,0.133,0.133,0.133,10000132,2015-05-27,2015-05-27,C,2.95,2015-04-08
27278,2015-04-08 13:39:00,2015-04-08,0.1302,6510.0,5.0,266.0,0.1302,0.1302,0.1302,10000132,2015-05-27,2015-05-27,C,2.95,2015-04-08
27279,2015-04-08 13:40:00,2015-04-08,0.1302,0.0,0.0,266.0,0.1302,0.1302,0.1302,10000132,2015-05-27,2015-05-27,C,2.95,2015-04-08
27280,2015-04-08 13:41:00,2015-04-08,0.1303,61003.0,47.0,313.0,0.1303,0.1295,0.1295,10000132,2015-05-27,2015-05-27,C,2.95,2015-04-08
27281,2015-04-08 13:42:00,2015-04-08,0.1295,0.0,0.0,313.0,0.1295,0.1295,0.1295,10000132,2015-05-27,2015-05-27,C,2.95,2015-04-08
27282,2015-04-08 13:43:00,2015-04-08,0.1295,0.0,0.0,313.0,0.1295,0.1295,0.1295,10000132,2015-05-27,2015-05-27,C,2.95,2015-04-08
27283,2015-04-08 13:44:00,2015-04-08,0.1295,0.0,0.0,313.0,0.1295,0.1295,0.1295,10000132,2015-05-27,2015-05-27,C,2.95,2015-04-08
27284,2015-04-08 13:45:00,2015-04-08,0.1295,0.0,0.0,313.0,0.1295,0.1295,0.1295,10000132,2015-05-27,2015-05-27,C,2.95,2015-04-08
27285,2015-04-08 13:46:00,2015-04-08,0.1295,0.0,0.0,313.0,0.1295,0.1295,0.1295,10000132,2015-05-27,2015-05-27,C,2.95,2015-04-08
27286,2015-04-08 13:47:00,2015-04-08,0.1295,0.0,0.0,313.0,0.1295,0.1295,0.1295,10000132,2015-05-27,2015-05-27,C,2.95,2015-04-08
27287,2015-04-08 13:48:00,2015-04-08,0.1295,0.0,0.0,313.0,0.1295,0.1295,0.1295,10000132,2015-05-27,2015-05-27,C,2.95,2015-04-08
27288,2015-04-08 13:49:00,2015-04-08,0.1295,0.0,0.0,313.0,0.1295,0.1295,0.1295,10000132,2015-05-27,2015-05-27,C,2.95,2015-04-08
27289,2015-04-08 13:50:00,2015-04-08,0.1295,0.0,0.0,313.0,0.1295,0.1295,0.1295,10000132,2015-05-27,2015-05-27,C,2.95,2015-04-08
27290,2015-04-08 13:51:00,2015-04-08,0.1295,0.0,0.0,313.0,0.1295,0.1295,0.1295,10000132,2015-05-27,2015-05-27,C,2.95,2015-04-08
27291,2015-04-08 13:52:00,2015-04-08,0.1295,0.0,0.0,313.0,0.1295,0.1295,0.1295,10000132,2015-05-27,2015-05-27,C,2.95,2015-04-08
27292,2015-04-08 13:53:00,2015-04-08,0.1295,0.0,0.0,313.0,0.1295,0.1295,0.1295,10000132,2015-05-27,2015-05-27,C,2.95,2015-04-08
27293,2015-04-08 13:54:00,2015-04-08,0.1295,0.0,0.0,313.0,0.1295,0.1295,0.1295,10000132,2015-05-27,2015-05-27,C,2.95,2015-04-08
27294,2015-04-08 13:55:00,2015-04-08,0.1295,0.0,0.0,313.0,0.1295,0.1295,0.1295,10000132,2015-05-27,2015-05-27,C,2.95,2015-04-08
27295,2015-04-08 13:56:00,2015-04-08,0.1295,0.0,0.0,313.0,0.1295,0.1295,0.1295,10000132,2015-05-27,2015-05-27,C,2.95,2015-04-08
27296,2015-04-08 13:57:00,2015-04-08,0.1295,0.0,0.0,313.0,0.1295,0.1295,0.1295,10000132,2015-05-27,2015-05-27,C,2.95,2015-04-08
27297,2015-04-08 13:58:00,2015-04-08,0.1295,0.0,0.0,313.0,0.1295,0.1295,0.1295,10000132,2015-05-27,2015-05-27,C,2.95,2015-04-08
27298,2015-04-08 13:59:00,2015-04-08,0.1295,0.0,0.0,313.0,0.1295,0.1295,0.1295,10000132,2015-05-27,2015-05-27,C,2.95,2015-04-08
27299,2015-04-08 14:00:00,2015-04-08,0.1295,0.0,0.0,313.0,0.1295,0.1295,0.1295,10000132,2015-05-27,2015-05-27,C,2.95,2015-04-08
27300,2015-04-08 14:01:00,2015-04-08,0.1295,0.0,0.0,313.0,0.1295,0.1295,0.1295,10000132,2015-05-27,2015-05-27,C,2.95,2015-04-08
27301,2015-04-08 14:02:00,2015-04-08,0.1295,0.0,0.0,313.0,0.1295,0.1295,0.1295,10000132,2015-05-27,2015-05-27,C,2.95,2015-04-08
27302,2015-04-08 14:03:00,2015-04-08,0.1295,0.0,0.0,313.0,0.1295,0.1295,0.1295,10000132,2015-05-27,2015-05-27,C,2.95,2015-04-08
27303,2015-04-08 14:04:00,2015-04-08,0.1295,0.0,0.0,313.0,0.1295,0.1295,0.1295,10000132,2015-05-27,2015-05-27,C,2.95,2015-04-08
27304,2015-04-08 14:05:00,2015-04-08,0.1301,16904.0,13.0,326.0,0.1301,0.1297,0.1297,10000132,2015-05-27,2015-05-27,C,2.95,2015-04-08
27305,2015-04-08 14:06:00,2015-04-08,0.1296,2592.0,2.0,328.0,0.1296,0.1296,0.1296,10000132,2015-05-27,2015-05-27,C,2.95,2015-04-08
27306,2015-04-08 14:07:00,2015-04-08,0.1291,3873.0,3.0,331.0,0.1291,0.1291,0.1291,10000132,2015-05-27,2015-05-27,C,2.95,2015-04-08
27307,2015-04-08 14:08:00,2015-04-08,0.1291,0.0,0.0,331.0,0.1291,0.1291,0.1291,10000132,2015-05-27,2015-05-27,C,2.95,2015-04-08
27308,2015-04-08 14:09:00,2015-04-08,0.1291,0.0,0.0,331.0,0.1291,0.1291,0.1291,10000132,2015-05-27,2015-05-27,C,2.95,2015-04-08
27309,2015-04-08 14:10:00,2015-04-08,0.1291,0.0,0.0,331.0,0.1291,0.1291,0.1291,10000132,2015-05-27,2015-05-27,C,2.95,2015-04-08
27310,2015-04-08 14:11:00,2015-04-08,0.1291,0.0,0.0,331.0,0.1291,0.1291,0.1291,10000132,2015-05-27,2015-05-27,C,2.95,2015-04-08
27311,2015-04-08 14:12:00,2015-04-08,0.1291,0.0,0.0,331.0,0.1291,0.1291,0.1291,10000132,2015-05-27,2015-05-27,C,2.95,2015-04-08
27312,2015-04-08 14:13:00,2015-04-08,0.1292,1292.0,1.0,331.0,0.1292,0.1292,0.1292,10000132,2015-05-27,2015-05-27,C,2.95,2015-04-08
27313,2015-04-08 14:14:00,2015-04-08,0.1292,0.0,0.0,331.0,0.1292,0.1292,0.1292,10000132,2015-05-27,2015-05-27,C,2.95,2015-04-08
27314,2015-04-08 14:15:00,2015-04-08,0.1292,0.0,0.0,331.0,0.1292,0.1292,0.1292,10000132,2015-05-27,2015-05-27,C,2.95,2015-04-08
27315,2015-04-08 14:16:00,2015-04-08,0.1292,0.0,0.0,331.0,0.1292,0.1292,0.1292,10000132,2015-05-27,2015-05-27,C,2.95,2015-04-08
27316,2015-04-08 14:17:00,2015-04-08,0.1296,19431.0,15.0,346.0,0.1296,0.1295,0.1295,10000132,2015-05-27,2015-05-27,C,2.95,2015-04-08
27317,2015-04-08 14:18:00,2015-04-08,0.1295,0.0,0.0,346.0,0.1295,0.1295,0.1295,10000132,2015-05-27,2015-05-27,C,2.95,2015-04-08
27318,2015-04-08 14:19:00,2015-04-08,0.1262,1262.0,1.0,347.0,0.1262,0.1262,0.1262,10000132,2015-05-27,2015-05-27,C,2.95,2015-04-08
27319,2015-04-08 14:20:00,2015-04-08,0.1262,0.0,0.0,347.0,0.1262,0.1262,0.1262,10000132,2015-05-27,2015-05-27,C,2.95,2015-04-08
27320,2015-04-08 14:21:00,2015-04-08,0.1248,12480.0,10.0,357.0,0.1248,0.1248,0.1248,10000132,2015-05-27,2015-05-27,C,2.95,2015-04-08
27321,2015-04-08 14:22:00,2015-04-08,0.1248,0.0,0.0,357.0,0.1248,0.1248,0.1248,10000132,2015-05-27,2015-05-27,C,2.95,2015-04-08
27322,2015-04-08 14:23:00,2015-04-08,0.1248,0.0,0.0,357.0,0.1248,0.1248,0.1248,10000132,2015-05-27,2015-05-27,C,2.95,2015-04-08
27323,2015-04-08 14:24:00,2015-04-08,0.1248,0.0,0.0,357.0,0.1248,0.1248,0.1248,10000132,2015-05-27,2015-05-27,C,2.95,2015-04-08
27324,2015-04-08 14:25:00,2015-04-08,0.1248,0.0,0.0,357.0,0.1248,0.1248,0.1248,10000132,2015-05-27,2015-05-27,C,2.95,2015-04-08
27325,2015-04-08 14:26:00,2015-04-08,0.1224,1224.0,1.0,358.0,0.1224,0.1224,0.1224,10000132,2015-05-27,2015-05-27,C,2.95,2015-04-08
27326,2015-04-08 14:27:00,2015-04-08,0.1224,0.0,0.0,358.0,0.1224,0.1224,0.1224,10000132,2015-05-27,2015-05-27,C,2.95,2015-04-08
27327,2015-04-08 14:28:00,2015-04-08,0.1224,0.0,0.0,358.0,0.1224,0.1224,0.1224,10000132,2015-05-27,2015-05-27,C,2.95,2015-04-08
27328,2015-04-08 14:29:00,2015-04-08,0.1224,0.0,0.0,358.0,0.1224,0.1224,0.1224,10000132,2015-05-27,2015-05-27,C,2.95,2015-04-08
27329,2015-04-08 14:30:00,2015-04-08,0.1224,0.0,0.0,358.0,0.1224,0.1224,0.1224,10000132,2015-05-27,2015-05-27,C,2.95,2015-04-08
27330,2015-04-08 14:31:00,2015-04-08,0.1224,0.0,0.0,358.0,0.1224,0.1224,0.1224,10000132,2015-05-27,2015-05-27,C,2.95,2015-04-08
27331,2015-04-08 14:32:00,2015-04-08,0.1224,0.0,0.0,358.0,0.1224,0.1224,0.1224,10000132,2015-05-27,2015-05-27,C,2.95,2015-04-08
27332,2015-04-08 14:33:00,2015-04-08,0.126,2520.0,2.0,360.0,0.126,0.126,0.126,10000132,2015-05-27,2015-05-27,C,2.95,2015-04-08
27333,2015-04-08 14:34:00,2015-04-08,0.126,1260.0,1.0,361.0,0.126,0.126,0.126,10000132,2015-05-27,2015-05-27,C,2.95,2015-04-08
27334,2015-04-08 14:35:00,2015-04-08,0.126,0.0,0.0,361.0,0.126,0.126,0.126,10000132,2015-05-27,2015-05-27,C,2.95,2015-04-08
27335,2015-04-08 14:36:00,2015-04-08,0.126,0.0,0.0,361.0,0.126,0.126,0.126,10000132,2015-05-27,2015-05-27,C,2.95,2015-04-08
27336,2015-04-08 14:37:00,2015-04-08,0.1307,10326.0,8.0,369.0,0.1307,0.1307,0.1307,10000132,2015-05-27,2015-05-27,C,2.95,2015-04-08
27337,2015-04-08 14:38:00,2015-04-08,0.1307,0.0,0.0,369.0,0.1307,0.1307,0.1307,10000132,2015-05-27,2015-05-27,C,2.95,2015-04-08
27338,2015-04-08 14:39:00,2015-04-08,0.1307,0.0,0.0,369.0,0.1307,0.1307,0.1307,10000132,2015-05-27,2015-05-27,C,2.95,2015-04-08
27339,2015-04-08 14:40:00,2015-04-08,0.1307,0.0,0.0,369.0,0.1307,0.1307,0.1307,10000132,2015-05-27,2015-05-27,C,2.95,2015-04-08
27340,2015-04-08 14:41:00,2015-04-08,0.1282,12820.0,10.0,379.0,0.1282,0.1282,0.1282,10000132,2015-05-27,2015-05-27,C,2.95,2015-04-08
27341,2015-04-08 14:42:00,2015-04-08,0.1282,0.0,0.0,379.0,0.1282,0.1282,0.1282,10000132,2015-05-27,2015-05-27,C,2.95,2015-04-08
27342,2015-04-08 14:43:00,2015-04-08,0.1282,0.0,0.0,379.0,0.1282,0.1282,0.1282,10000132,2015-05-27,2015-05-27,C,2.95,2015-04-08
27343,2015-04-08 14:44:00,2015-04-08,0.1282,0.0,0.0,379.0,0.1282,0.1282,0.1282,10000132,2015-05-27,2015-05-27,C,2.95,2015-04-08
27344,2015-04-08 14:45:00,2015-04-08,0.1282,0.0,0.0,379.0,0.1282,0.1282,0.1282,10000132,2015-05-27,2015-05-27,C,2.95,2015-04-08
27345,2015-04-08 14:46:00,2015-04-08,0.1282,0.0,0.0,379.0,0.1282,0.1282,0.1282,10000132,2015-05-27,2015-05-27,C,2.95,2015-04-08
27346,2015-04-08 14:47:00,2015-04-08,0.1282,0.0,0.0,379.0,0.1282,0.1282,0.1282,10000132,2015-05-27,2015-05-27,C,2.95,2015-04-08
27347,2015-04-08 14:48:00,2015-04-08,0.1331,6647.0,5.0,384.0,0.1331,0.1327,0.1327,10000132,2015-05-27,2015-05-27,C,2.95,2015-04-08
27348,2015-04-08 14:49:00,2015-04-08,0.1335,6663.0,5.0,389.0,0.1335,0.1331,0.1331,10000132,2015-05-27,2015-05-27,C,2.95,2015-04-08
27349,2015-04-08 14:50:00,2015-04-08,0.1331,0.0,0.0,389.0,0.1331,0.1331,0.1331,10000132,2015-05-27,2015-05-27,C,2.95,2015-04-08
27350,2015-04-08 14:51:00,2015-04-08,0.1331,0.0,0.0,389.0,0.1331,0.1331,0.1331,10000132,2015-05-27,2015-05-27,C,2.95,2015-04-08
27351,2015-04-08 14:52:00,2015-04-08,0.1331,0.0,0.0,389.0,0.1331,0.1331,0.1331,10000132,2015-05-27,2015-05-27,C,2.95,2015-04-08
27352,2015-04-08 14:53:00,2015-04-08,0.1331,0.0,0.0,389.0,0.1331,0.1331,0.1331,10000132,2015-05-27,2015-05-27,C,2.95,2015-04-08
27353,2015-04-08 14:54:00,2015-04-08,0.1322,9254.0,7.0,396.0,0.1322,0.1322,0.1322,10000132,2015-05-27,2015-05-27,C,2.95,2015-04-08
27354,2015-04-08 14:55:00,2015-04-08,0.1322,0.0,0.0,396.0,0.1322,0.1322,0.1322,10000132,2015-05-27,2015-05-27,C,2.95,2015-04-08
27355,2015-04-08 14:56:00,2015-04-08,0.1322,0.0,0.0,396.0,0.1322,0.1322,0.1322,10000132,2015-05-27,2015-05-27,C,2.95,2015-04-08
27356,2015-04-08 14:57:00,2015-04-08,0.1354,1354.0,1.0,397.0,0.1354,0.1354,0.1354,10000132,2015-05-27,2015-05-27,C,2.95,2015-04-08
27357,2015-04-08 14:58:00,2015-04-08,0.1354,0.0,0.0,397.0,0.1354,0.1354,0.1354,10000132,2015-05-27,2015-05-27,C,2.95,2015-04-08
27358,2015-04-08 14:59:00,2015-04-08,0.1354,0.0,0.0,397.0,0.1354,0.1354,0.1354,10000132,2015-05-27,2015-05-27,C,2.95,2015-04-08
27359,2015-04-08 15:00:00,2015-04-08,0.1354,0.0,0.0,397.0,0.1354,0.1354,0.1354,10000132,2015-05-27,2015-05-27,C,2.95,2015-04-08
